1	12288	1	
1	12673	1	
1	15817	1	
1	13316	1	
1	5637	1	
1	15751	1	
1	22024	1	
1	18185	1	
1	13834	1	
1	1163	3	
1	17804	1	
1	20300	1	
1	11662	1	
1	7952	1	
1	5777	1	
1	4884	1	
1	10646	1	
1	4441	1	
1	5316	1	
1	7451	1	
1	11292	1	
1	13658	1	
1	15903	1	
1	20722	1	
1	17350	1	
1	19238	1	
1	20519	1	
1	6952	1	
1	11932	1	
1	22571	1	
1	1836	1	
1	3629	1	
1	7600	1	
1	19890	1	
1	4020	1	
1	13905	1	
1	5815	1	
1	9873	1	
1	20284	1	
1	7486	1	
1	21824	1	
1	4418	1	
1	20803	1	
1	10436	1	
1	6982	1	
1	1377	1	
1	22601	1	
1	9418	1	
1	12663	1	
1	17740	1	
1	8013	1	
1	14592	1	
1	10832	1	
1	4600	1	
1	2387	1	
1	17166	1	
1	625	1	
1	22232	1	
1	15705	1	
1	4314	1	
1	4831	1	
1	18853	1	
1	19553	1	
1	7937	1	
1	6630	1	
1	12561	1	
1	15464	1	
1	21692	1	
1	7915	1	
1	15982	1	
1	13937	1	
1	3058	1	
1	5876	1	
1	1342	1	
1	20343	1	
1	8568	1	
1	4217	1	
1	11723	1	
1	10876	1	
1	6782	1	
2	12288	1	
2	1280	1	
2	1283	1	
2	19460	1	
2	9733	1	
2	15494	1	
2	16367	1	
2	21405	1	
2	20695	2	
2	11662	1	
2	13357	1	
2	9876	1	
2	9875	1	
2	10644	1	
2	7144	1	
2	918	1	
2	7451	1	
2	2095	1	
2	20125	1	
2	16030	2	
2	7455	1	
2	18210	1	
2	879	1	
2	14758	1	
2	19367	1	
2	3497	1	
2	3498	1	
2	9773	1	
2	4014	1	
2	15279	1	
2	13488	1	
2	5682	2	
2	11444	1	
2	10681	1	
2	18975	1	
2	3629	2	
2	22464	1	
2	22210	1	
2	22027	1	
2	8260	1	
2	17484	1	
2	2763	1	
2	13388	1	
2	21305	2	
2	15310	1	
2	16978	1	
2	11604	1	
2	5437	1	
2	3513	2	
2	21817	1	
2	21858	1	
2	13800	1	
2	9831	1	
2	9832	1	
2	29	1	
2	21586	1	
2	21102	1	
2	19133	2	
2	14448	2	
2	20721	1	
2	1013	1	
2	16374	1	
2	12151	1	
2	15481	1	
3	12288	1	
3	8705	1	
3	15363	1	
3	19460	1	
3	7686	1	
3	9047	1	
3	22030	1	
3	22032	2	
3	22551	2	
3	13316	1	
3	4635	1	
3	1054	1	
3	773	1	
3	7203	1	
3	20519	1	
3	15404	1	
3	16435	1	
3	1076	1	
3	3641	1	
3	1089	1	
3	20547	1	
3	6213	1	
3	15713	1	
3	15432	1	
3	11851	1	
3	9293	1	
3	15439	1	
3	21586	3	
3	15971	1	
3	5716	1	
3	7095	1	
3	8797	1	
3	19131	1	
3	7780	1	
3	11771	1	
3	16489	1	
3	16490	1	
3	2407	1	
3	15980	1	
3	15985	1	
3	1650	1	
3	632	1	
3	633	2	
3	15994	1	
3	18197	1	
3	7808	1	
3	22464	1	
3	3203	1	
3	14469	1	
3	646	1	
3	6791	1	
3	10377	1	
3	13963	2	
3	19596	1	
3	14993	1	
3	9876	1	
3	11428	1	
3	4263	1	
3	9901	1	
3	13486	1	
3	20151	1	
3	20255	1	
3	4831	2	
3	6860	1	
3	7892	1	
3	22232	1	
3	11995	1	
3	10972	1	
3	15583	1	
3	10464	1	
3	17121	1	
3	19682	1	
3	10467	1	
3	19238	1	
3	3302	1	
3	10985	1	
3	20722	1	
3	5876	1	
3	15102	1	
3	15615	1	
3	14592	1	
3	16132	2	
3	2309	1	
3	18185	3	
3	4364	1	
3	5391	1	
3	19730	1	
3	4884	1	
3	16661	1	
3	5910	1	
3	797	1	
3	7455	1	
3	8993	1	
3	11555	1	
3	20774	2	
3	12585	1	
3	7303	1	
3	7471	1	
3	19248	1	
3	14985	1	
3	17209	1	
3	14139	1	
3	20284	1	
3	831	1	
3	17376	1	
3	16706	1	
3	1163	3	
3	16012	1	
3	20812	1	
3	10573	1	
3	12625	2	
3	2387	1	
3	4438	1	
3	625	1	
3	4433	1	
3	861	1	
3	22369	2	
3	7010	2	
3	4455	1	
3	20329	1	
3	8556	1	
3	10093	1	
3	8568	1	
3	5498	1	
3	14716	1	
3	12673	1	
3	1922	1	
3	12164	1	
3	15751	2	
3	10636	1	
3	13714	1	
3	15763	1	
3	10644	3	
3	10222	1	
3	13723	2	
3	17823	1	
3	4000	1	
3	17313	1	
3	2980	1	
3	15275	1	
3	16301	1	
3	4527	1	
3	15794	1	
3	7607	1	
3	11708	1	
3	14270	1	
3	6080	1	
3	4038	1	
3	15817	1	
3	4087	1	
3	6989	1	
3	14807	1	
3	15328	1	
3	14306	3	
3	19939	1	
3	3047	1	
3	15849	1	
3	8683	1	
3	16366	1	
3	7663	1	
3	11760	1	
3	7665	1	
3	13451	1	
3	5623	1	
3	18975	1	
3	14331	1	
3	15869	2	
4	10246	1	
4	22026	1	
4	11293	1	
4	18977	1	
4	22057	1	
4	8746	1	
4	19890	1	
4	13873	1	
4	1076	1	
4	12341	1	
4	1716	1	
4	11835	1	
4	7237	1	
4	22603	1	
4	21586	3	
4	8749	1	
4	22121	1	
4	18028	1	
4	14448	1	
4	11890	1	
4	11891	1	
4	7785	1	
4	15994	1	
4	14973	1	
4	13961	1	
4	12429	1	
4	3217	1	
4	20118	1	
4	13986	1	
4	16035	1	
4	11429	1	
4	10408	1	
4	16049	1	
4	4723	1	
4	19124	1	
4	19133	1	
4	6335	1	
4	11471	1	
4	15582	1	
4	11771	1	
4	1766	1	
4	15593	1	
4	4844	1	
4	12013	1	
4	6897	1	
4	773	1	
4	19718	1	
4	3339	1	
4	4364	1	
4	20237	1	
4	20239	1	
4	11024	1	
4	2835	1	
4	19238	1	
4	3881	1	
4	15671	1	
4	21305	1	
4	11067	1	
4	20803	1	
4	21324	1	
4	12110	1	
4	12625	2	
4	9047	1	
4	18267	2	
4	3935	1	
4	22368	2	
4	1380	1	
4	9069	1	
4	13681	1	
4	12663	1	
4	1918	1	
4	12673	1	
4	1410	1	
4	15751	1	
4	1261	1	
4	4497	1	
4	10653	1	
4	7582	1	
4	17312	1	
4	10145	2	
4	19367	1	
4	15794	1	
4	13755	1	
4	11708	1	
4	3629	1	
4	22464	2	
4	15809	1	
4	13763	1	
4	4038	1	
4	11724	1	
4	5625	1	
4	18911	1	
4	4576	1	
4	19939	1	
4	11760	2	
4	11762	1	
4	13813	1	
4	4601	1	
4	6651	1	
4	5629	1	
5	1408	1	
5	8449	1	
5	15874	1	
5	4868	1	
5	3845	1	
5	13961	1	
5	1546	1	
5	10763	1	
5	9424	1	
5	11522	1	
5	7694	1	
5	3856	1	
5	15128	1	
5	4116	1	
5	7455	1	
5	14488	1	
5	16772	1	
5	3610	1	
5	18287	1	
5	20638	1	
5	13957	1	
5	14448	1	
5	10920	1	
5	10644	1	
5	8749	1	
5	15534	1	
5	14387	1	
5	19124	1	
5	10974	1	
5	7865	1	
5	6331	1	
5	13884	1	
5	4797	1	
5	7870	1	
5	14016	2	
5	16705	1	
5	11787	1	
5	13129	1	
5	13388	1	
5	13389	1	
5	17231	1	
5	16848	1	
5	721	1	
5	21586	1	
5	4691	1	
5	13689	1	
5	13528	1	
5	11855	1	
5	10205	1	
5	6622	2	
5	7392	1	
5	4496	1	
5	7398	1	
5	8892	1	
5	6511	2	
5	11760	1	
5	15218	1	
5	4275	1	
5	8568	1	
5	17017	1	
5	17788	1	
5	4221	1	
6	12288	2	
6	8449	1	
6	1410	1	
6	19460	1	
6	15751	1	
6	395	1	
6	20237	1	
6	8334	1	
6	10641	1	
6	8771	1	
6	18197	1	
6	1046	2	
6	1180	1	
6	7582	1	
6	15903	1	
6	16547	1	
6	3621	1	
6	4316	1	
6	18224	1	
6	19124	1	
6	5301	1	
6	5304	1	
6	8927	1	
6	11964	2	
6	1333	1	
6	4032	1	
6	16193	1	
6	11714	2	
6	1163	1	
6	12103	2	
6	12360	1	
6	13772	1	
6	3339	1	
6	13516	1	
6	20303	1	
6	9684	1	
6	9887	1	
6	602	1	
6	10972	2	
6	3421	2	
6	6622	1	
6	11999	1	
6	18528	1	
6	4960	1	
6	6925	1	
6	3217	1	
6	5994	1	
6	13937	2	
6	1266	2	
6	6771	1	
6	502	1	
6	14583	1	
6	17016	1	
6	13887	1	
6	15869	2	
7	5760	1	
7	12288	2	
7	19589	1	
7	588	1	
7	16519	1	
7	7660	1	
7	1844	1	
7	7821	1	
7	18185	1	
7	17424	1	
7	17810	1	
7	21305	1	
7	22551	1	
7	12100	1	
7	17066	1	
7	5551	1	
7	15903	2	
7	17072	1	
7	7842	1	
7	7203	1	
7	5119	1	
7	8746	1	
7	14469	1	
7	18013	1	
7	7216	1	
7	19124	1	
7	5301	1	
7	1590	1	
7	16695	1	
7	2105	1	
7	19258	1	
7	6075	1	
7	8892	1	
7	19901	1	
7	12610	1	
7	19396	1	
7	7109	1	
7	6854	1	
7	10401	1	
7	22344	1	
7	13388	1	
7	7223	1	
7	21842	1	
7	13389	1	
7	12625	1	
7	21586	1	
7	6511	1	
7	17108	1	
7	16727	1	
7	22232	1	
7	11098	1	
7	10205	1	
7	11999	1	
7	18144	1	
7	7010	1	
7	9831	1	
7	21692	1	
7	15980	1	
7	9069	1	
7	19133	1	
7	502	1	
7	6687	1	
7	6777	1	
7	8187	1	
7	15869	2	
7	12670	1	
7	1466	1	
8	14469	1	
8	14472	1	
8	1163	1	
8	19596	1	
8	18197	1	
8	7706	1	
8	9887	1	
8	13682	1	
8	1844	1	
8	8927	1	
8	18108	1	
8	16703	1	
8	8512	1	
8	4033	1	
8	8898	1	
8	20547	1	
8	15432	2	
8	13772	1	
8	10963	1	
8	4571	1	
8	16349	1	
8	21727	1	
8	10464	1	
8	20722	1	
8	12787	1	
8	17016	1	
8	11771	1	
8	20095	1	
9	15618	1	
9	9733	1	
9	19591	1	
9	5514	1	
9	4491	1	
9	20109	1	
9	4496	1	
9	17681	1	
9	6419	1	
9	19348	1	
9	16661	1	
9	1816	1	
9	4229	1	
9	15268	1	
9	19238	1	
9	13681	1	
9	7081	1	
9	12588	1	
9	21295	1	
9	20914	1	
9	4019	1	
9	15903	1	
9	22082	1	
9	20803	1	
9	5089	1	
9	9033	1	
9	10571	1	
9	17229	1	
9	9424	1	
9	21586	1	
9	4314	1	
9	15709	1	
9	6622	1	
9	3937	1	
9	18784	1	
9	20112	1	
9	4836	1	
9	18022	1	
9	3175	1	
9	19050	1	
9	748	1	
9	9069	1	
9	15857	1	
9	9458	1	
9	6644	1	
9	5629	1	
