1	12673	1	
1	13444	1	
1	13445	3	
1	18055	2	
1	18185	1	
1	4364	2	
1	11714	1	
1	11662	1	
1	15119	1	
1	4496	1	
1	11832	1	
1	13459	1	
1	10644	1	
1	18197	3	
1	15279	1	
1	6813	1	
1	15903	3	
1	20384	5	
1	15216	1	
1	11429	1	
1	8746	1	
1	19599	1	
1	11821	1	
1	18222	1	
1	21295	1	
1	16435	1	
1	19124	1	
1	5816	1	
1	20255	1	
1	12604	1	
1	4031	1	
1	9536	1	
1	7584	1	
1	12354	1	
1	15432	1	
1	11851	1	
1	588	1	
1	462	1	
1	12625	1	
1	21586	1	
1	4309	1	
1	4438	1	
1	5625	1	
1	18267	2	
1	10972	1	
1	8927	1	
1	5264	1	
1	16272	1	
1	8035	1	
1	9831	1	
1	8892	1	
1	17004	1	
1	7664	1	
1	21140	1	
1	4115	1	
1	12009	1	
1	4601	1	
1	6652	1	
2	12673	1	
2	21250	1	
2	16121	1	
2	13445	1	
2	18055	1	
2	8236	2	
2	13834	1	
2	11714	1	
2	12625	1	
2	1069	1	
2	5264	1	
2	18197	1	
2	3991	1	
2	4868	1	
2	6686	1	
2	15903	1	
2	4000	2	
2	18209	1	
2	19238	1	
2	5883	1	
2	16936	1	
2	11049	1	
2	10155	1	
2	15660	1	
2	685	1	
2	16430	1	
2	5935	1	
2	16434	1	
2	12471	1	
2	4280	1	
2	20282	1	
2	14495	1	
2	18108	1	
2	2442	1	
2	14016	1	
2	16705	1	
2	16834	1	
2	20931	1	
2	1990	1	
2	15278	1	
2	15432	1	
2	6090	1	
2	15724	1	
2	21727	1	
2	9167	1	
2	592	3	
2	21841	1	
2	7634	1	
2	4438	1	
2	4601	1	
2	5210	1	
2	20572	1	
2	3758	1	
2	7120	1	
2	7011	1	
2	12132	1	
2	7633	1	
2	9887	1	
2	21586	1	
2	10096	1	
2	15216	1	
2	10225	1	
2	4496	1	
2	7155	1	
2	6917	1	
2	501	1	
2	16374	1	
2	12663	1	
2	17016	1	
2	14969	1	
2	12026	1	
2	6651	1	
2	15869	1	
3	2179	1	
3	7684	1	
3	13445	1	
3	16902	1	
3	13960	1	
3	8585	1	
3	7690	1	
3	11479	1	
3	1420	1	
3	12625	1	
3	6801	3	
3	22418	2	
3	3991	1	
3	9884	3	
3	4000	1	
3	20260	1	
3	7717	1	
3	10407	2	
3	11049	2	
3	12716	1	
3	685	1	
3	16249	1	
3	605	1	
3	8655	1	
3	11835	1	
3	6090	1	
3	16193	1	
3	7110	1	
3	7880	1	
3	4364	1	
3	12746	2	
3	6987	1	
3	17996	1	
3	6989	1	
3	17229	1	
3	6736	1	
3	721	2	
3	4438	1	
3	633	1	
3	15448	1	
3	2596	1	
3	603	1	
3	20573	1	
3	21984	1	
3	1467	1	
3	999	2	
3	7400	1	
3	13799	1	
3	13894	1	
3	18686	1	
3	20649	2	
3	16121	2	
3	16123	2	
3	5246	3	
3	1919	1	
4	12816	1	
4	4116	1	
4	15903	1	
4	3621	1	
4	4647	1	
4	8749	1	
4	16432	1	
4	13881	1	
4	11835	1	
4	13891	1	
4	15432	1	
4	17996	1	
4	590	1	
4	592	1	
4	21586	2	
4	20569	2	
4	10851	1	
4	16998	1	
4	15976	1	
4	21617	2	
4	1138	1	
4	631	1	
4	15185	1	
4	5246	1	
4	6787	1	
4	13957	1	
4	4230	1	
4	6281	1	
4	13451	1	
4	13453	1	
4	18574	1	
4	19599	1	
4	3217	2	
4	13979	1	
4	9884	1	
4	17066	1	
4	17067	1	
4	685	1	
4	9398	1	
4	19133	1	
4	7888	1	
4	19155	1	
4	7397	1	
4	17534	1	
4	16124	1	
4	7637	1	
4	4868	1	
4	17671	1	
4	18185	2	
4	4364	1	
4	4653	1	
4	5392	1	
4	2179	1	
4	20260	1	
4	1834	1	
4	7471	1	
4	21305	1	
4	19263	1	
4	1504	1	
4	17229	1	
4	12625	2	
4	4438	1	
4	18267	1	
4	12126	1	
4	6801	1	
4	12136	1	
4	487	1	
4	10097	2	
4	4981	1	
4	1918	1	
4	15232	1	
4	12673	1	
4	1922	1	
4	6531	1	
4	5509	1	
4	8043	1	
4	1420	1	
4	22418	1	
4	11156	1	
4	12694	1	
4	7584	1	
4	15266	1	
4	15276	1	
4	19375	1	
4	4000	1	
4	12791	1	
4	12878	4	
4	8153	1	
4	21984	1	
4	19938	1	
4	13799	1	
4	15856	1	
4	11763	1	
4	15863	1	
4	15869	1	
5	12604	2	
5	8193	1	
5	18051	1	
5	13445	2	
5	15233	1	
5	8585	1	
5	12426	1	
5	9227	1	
5	4364	1	
5	10545	1	
5	5390	1	
5	16911	2	
5	22032	1	
5	12433	1	
5	18194	1	
5	11156	1	
5	16661	1	
5	3991	2	
5	6809	1	
5	6554	1	
5	15869	1	
5	13957	1	
5	15903	2	
5	4000	3	
5	9121	2	
5	15266	2	
5	9435	1	
5	7575	1	
5	10407	2	
5	11049	2	
5	16301	1	
5	16431	2	
5	16049	1	
5	9152	1	
5	7584	1	
5	12852	1	
5	10505	1	
5	7256	1	
5	6652	1	
5	12602	1	
5	7867	1	
5	1724	1	
5	17674	1	
5	12735	1	
5	22464	1	
5	16193	1	
5	6283	1	
5	21586	2	
5	11850	1	
5	588	1	
5	11471	1	
5	16592	1	
5	4647	1	
5	15459	1	
5	7892	1	
5	11992	1	
5	19599	1	
5	8749	1	
5	17184	1	
5	592	1	
5	20384	1	
5	2309	1	
5	21364	1	
5	6695	1	
5	17899	1	
5	10348	1	
5	21613	1	
5	6511	1	
5	13451	2	
5	3702	1	
5	6651	1	
5	16124	1	
5	14717	1	
5	1918	1	
6	6786	2	
6	5765	1	
6	15494	1	
6	15496	1	
6	15532	1	
6	4364	1	
6	19598	1	
6	15404	1	
6	3217	1	
6	22418	1	
6	13459	1	
6	16661	1	
6	3991	1	
6	4249	1	
6	17818	1	
6	14492	1	
6	9887	1	
6	4000	1	
6	9122	1	
6	10407	1	
6	11049	1	
6	11307	1	
6	15660	1	
6	685	1	
6	16430	1	
6	1074	1	
6	18746	1	
6	19131	1	
6	18108	1	
6	9662	2	
6	22464	3	
6	16705	1	
6	12354	1	
6	718	1	
6	11464	1	
6	13516	1	
6	588	1	
6	6989	1	
6	590	1	
6	592	1	
6	21586	1	
6	13781	1	
6	8410	1	
6	11100	1	
6	5216	1	
6	19938	1	
6	1467	1	
6	22431	1	
6	12390	1	
6	13841	1	
6	12778	1	
6	11760	2	
6	13937	1	
6	10510	1	
6	16372	1	
6	11817	2	
6	17016	1	
6	4601	1	
6	1535	1	
7	14978	1	
7	4868	1	
7	13445	1	
7	4230	1	
7	11969	1	
7	13961	1	
7	17674	1	
7	17931	1	
7	10128	1	
7	13969	2	
7	11156	1	
7	16661	1	
7	14743	1	
7	22188	1	
7	15771	1	
7	11292	1	
7	15773	1	
7	15903	1	
7	11040	1	
7	14753	1	
7	2594	2	
7	13979	2	
7	15268	1	
7	10545	1	
7	5929	1	
7	11434	1	
7	15275	1	
7	15532	2	
7	8749	1	
7	4218	1	
7	16049	1	
7	562	1	
7	8502	1	
7	21321	1	
7	18746	2	
7	19131	1	
7	21330	1	
7	16190	1	
7	20384	1	
7	12354	1	
7	6981	1	
7	21318	1	
7	15777	1	
7	6985	1	
7	12746	2	
7	12663	1	
7	13388	3	
7	592	2	
7	21586	2	
7	14037	1	
7	19286	1	
7	6489	2	
7	19290	1	
7	18267	5	
7	1500	1	
7	1501	1	
7	10975	2	
7	1504	1	
7	15585	2	
7	10851	1	
7	3217	1	
7	22252	1	
7	11474	1	
7	4432	1	
7	13681	2	
7	2166	1	
7	12791	2	
7	11945	1	
7	18042	1	
7	16124	1	
7	4223	2	
8	1537	1	
8	13316	1	
8	11273	2	
8	7690	1	
8	17435	1	
8	12317	1	
8	21426	1	
8	1074	1	
8	7219	2	
8	11835	1	
8	7741	1	
8	20547	1	
8	3937	1	
8	15432	2	
8	15436	1	
8	21586	1	
8	11870	1	
8	7777	1	
8	21613	1	
8	21103	1	
8	1139	1	
8	10869	1	
8	3702	1	
8	4219	1	
8	5759	1	
8	2179	1	
8	13445	1	
8	6790	1	
8	1163	1	
8	4240	1	
8	21141	1	
8	10436	1	
8	13979	1	
8	21152	1	
8	9380	1	
8	11952	1	
8	10943	1	
8	15556	1	
8	15558	1	
8	7370	1	
8	9423	1	
8	14032	1	
8	721	1	
8	22232	1	
8	1757	1	
8	1758	1	
8	4831	1	
8	7392	2	
8	4223	1	
8	2812	1	
8	14088	1	
8	5391	1	
8	16661	1	
8	7451	1	
8	8988	1	
8	20254	1	
8	14469	1	
8	8993	1	
8	646	1	
8	14649	1	
8	12602	1	
8	16704	1	
8	22344	1	
8	4941	1	
8	4942	2	
8	12625	1	
8	15187	1	
8	14677	2	
8	6489	1	
8	18267	2	
8	22369	1	
8	2914	1	
8	19812	1	
8	9068	1	
8	6511	2	
8	10097	1	
8	6514	1	
8	5498	1	
8	12670	1	
8	17791	1	
8	21392	1	
8	15774	1	
8	17823	1	
8	14754	1	
8	15794	1	
8	9662	1	
8	22464	1	
8	8641	1	
8	8650	1	
8	2003	1	
8	11771	2	
8	7659	1	
8	11760	2	
8	13809	1	
8	16890	1	
8	17403	1	
8	1533	1	
9	12604	1	
9	20254	1	
9	2179	1	
9	4868	4	
9	13445	1	
9	5638	1	
9	2442	1	
9	4364	2	
9	5005	1	
9	18200	1	
9	14993	1	
9	20882	1	
9	916	1	
9	18197	1	
9	10135	1	
9	21912	1	
9	14488	1	
9	13467	1	
9	19740	1	
9	22557	1	
9	798	1	
9	14495	1	
9	8568	1	
9	9892	1	
9	689	1	
9	15400	1	
9	21930	1	
9	15275	1	
9	14493	1	
9	10545	2	
9	1074	1	
9	20277	1	
9	14649	1	
9	12602	1	
9	6687	2	
9	18108	1	
9	6489	1	
9	20286	1	
9	11714	1	
9	4550	1	
9	1991	1	
9	4290	1	
9	11850	1	
9	15863	1	
9	6732	1	
9	8013	1	
9	906	1	
9	9167	1	
9	592	1	
9	12625	1	
9	21586	2	
9	19939	1	
9	4438	1	
9	18904	1	
9	22119	1	
9	9887	1	
9	10205	1	
9	10975	1	
9	15714	1	
9	1467	1	
9	21605	1	
9	9169	1	
9	6760	1	
9	11708	1	
9	7018	1	
9	5867	1	
9	22252	1	
9	21613	1	
9	6511	1	
9	11760	1	
9	10097	1	
9	741	1	
9	19060	1	
9	22262	1	
9	12151	1	
9	17016	1	
9	18042	1	
9	4219	1	
9	4221	1	
9	12670	1	
10	12673	1	
10	4868	1	
10	13958	1	
10	8585	1	
10	13834	1	
10	4364	1	
10	6338	1	
10	15119	1	
10	18577	1	
10	17818	1	
10	4122	1	
10	4511	1	
10	4358	1	
10	18188	1	
10	7183	1	
10	11946	1	
10	16180	1	
10	12471	1	
10	15033	1	
10	14751	1	
10	11714	1	
10	15556	1	
10	3784	1	
10	10313	1	
10	11851	1	
10	15567	1	
10	21586	1	
10	16468	1	
10	4053	1	
10	1242	1	
10	18267	1	
10	8927	1	
10	8929	1	
10	19938	1	
10	9831	1	
10	11632	1	
10	17788	1	
10	637	1	
