1	4364	2	
1	16399	1	
1	21392	1	
1	6290	1	
1	4115	1	
1	18222	1	
1	12604	1	
1	9887	1	
1	12064	1	
1	19238	1	
1	6695	1	
1	22442	1	
1	12588	1	
1	9901	1	
1	2990	2	
1	11832	1	
1	12476	1	
1	15808	2	
1	20384	1	
1	11714	1	
1	15432	1	
1	13388	1	
1	15566	1	
1	11858	1	
1	9047	1	
1	6489	1	
1	21211	1	
1	10205	1	
1	12816	1	
1	9831	1	
1	18108	1	
1	7147	1	
1	22418	1	
1	14448	1	
1	659	1	
1	17016	1	
1	4601	1	
1	18940	1	
1	18197	1	
2	12288	1	
2	3075	1	
2	5638	1	
2	7687	1	
2	8202	1	
2	3636	1	
2	10254	3	
2	17424	3	
2	19589	1	
2	10605	1	
2	17156	1	
2	4635	1	
2	13853	1	
2	4638	1	
2	18175	1	
2	4640	1	
2	8198	1	
2	16422	1	
2	21032	1	
2	8236	1	
2	11821	1	
2	16430	1	
2	13873	2	
2	1074	2	
2	1076	1	
2	22581	1	
2	13883	1	
2	12352	1	
2	15939	1	
2	19126	1	
2	15432	1	
2	588	1	
2	13901	1	
2	592	1	
2	21586	4	
2	4692	1	
2	602	2	
2	19553	1	
2	19554	1	
2	15971	1	
2	13412	1	
2	21605	1	
2	22119	2	
2	21609	1	
2	18540	1	
2	21613	1	
2	21103	1	
2	14448	1	
2	7016	2	
2	6770	2	
2	6773	1	
2	6774	1	
2	21097	1	
2	22136	1	
2	11898	2	
2	5759	1	
2	6786	1	
2	15491	1	
2	5764	1	
2	13445	1	
2	6790	2	
2	18055	1	
2	14475	1	
2	13452	1	
2	9069	8	
2	3217	2	
2	3220	5	
2	21142	1	
2	19737	1	
2	14489	1	
2	14492	1	
2	14493	3	
2	9887	2	
2	9376	1	
2	11632	1	
2	11428	4	
2	4774	3	
2	13937	3	
2	10408	2	
2	11434	2	
2	10411	1	
2	22188	1	
2	14509	2	
2	15128	1	
2	16049	4	
2	690	1	
2	16054	1	
2	12471	2	
2	18042	1	
2	3258	1	
2	15903	3	
2	19133	1	
2	7870	1	
2	2243	1	
2	11461	1	
2	4294	1	
2	22218	1	
2	13516	1	
2	11471	3	
2	16592	1	
2	11474	1	
2	19155	1	
2	7892	1	
2	7893	1	
2	5846	2	
2	5335	1	
2	22232	1	
2	5337	3	
2	17627	1	
2	10973	1	
2	18142	1	
2	11771	1	
2	4326	3	
2	6375	5	
2	21227	1	
2	10479	1	
2	10480	1	
2	5331	1	
2	8379	1	
2	11510	1	
2	7380	1	
2	16123	1	
2	10495	1	
2	1280	2	
2	21764	1	
2	7638	2	
2	3339	3	
2	4364	4	
2	15119	1	
2	10515	2	
2	4884	3	
2	9774	1	
2	4886	6	
2	18200	1	
2	1668	1	
2	7451	1	
2	2332	1	
2	4894	1	
2	14469	1	
2	4385	1	
2	11555	1	
2	3876	1	
2	6449	1	
2	5416	1	
2	11049	1	
2	7979	1	
2	12076	1	
2	7471	1	
2	11568	1	
2	7560	2	
2	5426	2	
2	5427	1	
2	15582	2	
2	14646	2	
2	15673	1	
2	3386	1	
2	15675	1	
2	20284	1	
2	14645	1	
2	20803	1	
2	20691	1	
2	6984	1	
2	17225	1	
2	3919	1	
2	12625	3	
2	5460	2	
2	7481	1	
2	18776	1	
2	1369	1	
2	1371	2	
2	18234	1	
2	22369	2	
2	7483	1	
2	2278	1	
2	13969	1	
2	19816	2	
2	7017	1	
2	18282	1	
2	5351	1	
2	364	1	
2	18797	1	
2	9583	1	
2	6000	1	
2	21874	1	
2	4472	1	
2	4475	2	
2	4989	3	
2	16260	3	
2	10630	1	
2	15751	1	
2	10098	1	
2	2442	4	
2	3991	1	
2	1002	1	
2	20882	2	
2	22423	1	
2	15774	1	
2	14751	1	
2	5618	1	
2	16302	1	
2	431	1	
2	12360	1	
2	7101	1	
2	10631	2	
2	13255	2	
2	16329	2	
2	9167	1	
2	16848	1	
2	5587	1	
2	9686	1	
2	14807	1	
2	21980	1	
2	10205	2	
2	4579	1	
2	22500	1	
2	21841	1	
2	18922	1	
2	493	1	
2	11760	7	
2	19401	1	
2	2547	1	
2	3060	1	
2	16373	2	
2	16374	1	
2	12791	1	
2	8184	1	
2	13819	2	
2	13821	1	
2	13822	1	
3	12288	1	
3	4096	2	
3	4610	1	
3	19286	1	
3	5638	1	
3	8199	2	
3	1544	1	
3	7690	1	
3	9326	1	
3	4111	1	
3	10257	1	
3	14354	1	
3	12395	1	
3	19478	1	
3	6489	1	
3	19993	2	
3	14875	1	
3	15388	1	
3	22557	1	
3	15903	2	
3	1092	1	
3	21026	1	
3	18267	1	
3	3621	1	
3	1068	1	
3	3629	3	
3	3633	1	
3	13875	1	
3	12852	2	
3	22581	1	
3	12342	1	
3	4663	1	
3	12345	1	
3	6715	1	
3	8764	1	
3	8202	2	
3	19519	1	
3	4689	2	
3	7520	1	
3	15939	1	
3	3652	1	
3	8261	1	
3	20039	1	
3	12360	2	
3	16969	1	
3	11850	1	
3	588	2	
3	8270	2	
3	20560	1	
3	18001	1	
3	21586	3	
3	9299	1	
3	10605	1	
3	10837	1	
3	3676	1	
3	18528	1	
3	18420	1	
3	13412	3	
3	15463	1	
3	6760	1	
3	13159	4	
3	18030	1	
3	873	1	
3	5232	1	
3	20593	1	
3	6770	2	
3	19571	1	
3	3702	2	
3	5993	1	
3	14969	1	
3	15994	1	
3	3197	2	
3	11902	1	
3	13440	1	
3	3201	1	
3	20098	1	
3	2179	1	
3	1668	1	
3	14469	1	
3	18571	4	
3	21133	1	
3	4238	1	
3	1167	1	
3	4240	1	
3	3217	9	
3	1170	1	
3	3943	1	
3	3220	3	
3	21102	1	
3	6809	1	
3	19098	1	
3	14448	2	
3	6816	1	
3	20592	2	
3	19619	4	
3	14501	1	
3	4774	1	
3	13937	5	
3	17064	1	
3	20649	1	
3	11434	1	
3	11435	1	
3	22188	1	
3	14509	2	
3	7880	1	
3	19124	2	
3	22198	1	
3	21692	1	
3	9162	1	
3	7870	1	
3	15558	1	
3	14024	1	
3	16544	1	
3	13516	1	
3	20687	1	
3	7892	1	
3	5335	1	
3	11992	2	
3	21608	1	
3	11471	1	
3	10972	1	
3	18141	1	
3	5855	1	
3	7392	1	
3	590	1	
3	7396	1	
3	8422	1	
3	2279	1	
3	4988	2	
3	11049	1	
3	3313	1	
3	126	1	
3	22262	1	
3	14583	1	
3	16120	4	
3	16121	1	
3	1281	1	
3	4868	4	
3	1918	1	
3	21633	1	
3	17228	1	
3	8236	1	
3	4364	1	
3	409	1	
3	15119	1	
3	17484	1	
3	2834	1	
3	10801	1	
3	4886	3	
3	18200	1	
3	13876	1	
3	18205	1	
3	4894	2	
3	20256	1	
3	4385	1	
3	11555	1	
3	7463	4	
3	1169	3	
3	5929	2	
3	5934	1	
3	15151	1	
3	5936	1	
3	5426	3	
3	5427	1	
3	1844	1	
3	7477	1	
3	14646	2	
3	2873	4	
3	16037	1	
3	7483	1	
3	10044	1	
3	16190	3	
3	8511	1	
3	7217	1	
3	1833	1	
3	21318	1	
3	17225	1	
3	22346	1	
3	8012	1	
3	4433	2	
3	854	1	
3	6713	1	
3	3417	1	
3	3419	1	
3	12602	1	
3	8544	1	
3	22369	2	
3	500	1	
3	7014	1	
3	13969	3	
3	13161	1	
3	745	1	
3	9069	1	
3	5489	1	
3	21874	1	
3	15735	3	
3	18808	1	
3	4986	3	
3	9596	1	
3	4989	2	
3	14718	1	
3	897	1	
3	5509	1	
3	4486	1	
3	15754	1	
3	17291	1	
3	20877	1	
3	3984	1	
3	3473	1	
3	20882	1	
3	3991	1	
3	7064	1	
3	7236	1	
3	17818	1	
3	3321	1	
3	20384	2	
3	9121	1	
3	9124	1	
3	9908	1	
3	4011	2	
3	2990	6	
3	6561	1	
3	15794	1	
3	4019	2	
3	6985	1	
3	18361	1	
3	13755	1	
3	11708	5	
3	9149	1	
3	22464	4	
3	6593	1	
3	4038	1	
3	13255	2	
3	16328	1	
3	16329	3	
3	12746	1	
3	21454	1	
3	9167	2	
3	13776	1	
3	21971	1	
3	4053	2	
3	9687	1	
3	8153	1	
3	4773	2	
3	12768	1	
3	999	1	
3	10219	1	
3	7660	1	
3	16367	1	
3	11760	4	
3	15528	1	
3	3058	1	
3	20468	1	
3	13822	1	
3	16374	1	
3	12791	1	
3	15864	1	
3	13819	1	
3	6652	1	
3	6142	1	
3	6143	1	
4	12288	1	
4	19460	2	
4	22188	1	
4	9227	1	
4	22028	1	
4	17424	1	
4	10259	1	
4	10260	1	
4	15856	1	
4	22551	1	
4	15384	2	
4	13316	4	
4	11291	1	
4	22557	2	
4	11815	1	
4	14595	1	
4	22571	1	
4	2608	1	
4	3636	1	
4	21557	1	
4	8250	1	
4	13884	1	
4	4107	1	
4	7236	1	
4	7237	1	
4	1094	2	
4	22369	1	
4	7180	1	
4	11850	1	
4	11340	1	
4	21581	1	
4	8270	1	
4	592	1	
4	4695	1	
4	698	1	
4	17936	1	
4	3171	1	
4	9333	1	
4	22119	1	
4	22121	1	
4	8568	1	
4	22123	1	
4	7635	1	
4	11887	1	
4	21617	4	
4	21618	1	
4	6773	1	
4	3177	1	
4	21627	1	
4	2410	1	
4	18046	1	
4	9152	1	
4	3203	1	
4	1668	1	
4	13445	2	
4	646	1	
4	7361	2	
4	6281	1	
4	14475	1	
4	19596	1	
4	9666	1	
4	4239	1	
4	5264	1	
4	13969	2	
4	5267	1	
4	3220	3	
4	19093	1	
4	21142	1	
4	20119	1	
4	16026	1	
4	4255	1	
4	15216	2	
4	17435	1	
4	11428	3	
4	4773	1	
4	4774	1	
4	11431	3	
4	5800	1	
4	12970	1	
4	13995	1	
4	11436	1	
4	11438	1	
4	15026	1	
4	9398	3	
4	12471	1	
4	3258	2	
4	12989	1	
4	1141	1	
4	11969	1	
4	2243	1	
4	11638	1	
4	801	2	
4	14024	1	
4	13515	1	
4	13516	1	
4	11469	1	
4	11471	1	
4	20177	1	
4	7891	1	
4	7380	1	
4	22232	2	
4	15577	1	
4	1757	1	
4	14047	1	
4	12811	1	
4	8417	1	
4	8571	1	
4	19392	1	
4	13548	1	
4	20717	1	
4	6269	1	
4	22258	1	
4	2003	1	
4	18302	1	
4	4992	1	
4	17154	1	
4	13059	1	
4	2309	1	
4	19718	1	
4	20234	2	
4	7952	1	
4	786	1	
4	15491	1	
4	4884	3	
4	4886	1	
4	18200	1	
4	7451	2	
4	4894	2	
4	18207	1	
4	20256	1	
4	4385	2	
4	7463	1	
4	816	1	
4	1844	1	
4	7477	1	
4	15673	1	
4	12602	5	
4	11999	1	
4	10556	1	
4	8512	1	
4	15584	2	
4	11074	1	
4	6283	1	
4	20298	1	
4	17227	1	
4	12625	3	
4	21330	1	
4	14677	1	
4	7514	1	
4	18267	2	
4	1375	1	
4	22368	1	
4	865	1	
4	3217	2	
4	12604	2	
4	7018	1	
4	15215	1	
4	11632	4	
4	6514	1	
4	10099	1	
4	373	1	
4	21878	2	
4	375	1	
4	16760	1	
4	377	1	
4	4475	1	
4	4989	2	
4	13182	1	
4	7829	1	
4	1408	1	
4	2435	1	
4	1413	1	
4	15751	1	
4	1918	1	
4	15754	1	
4	10123	1	
4	12135	1	
4	19348	1	
4	917	1	
4	1092	1	
4	14751	1	
4	6561	1	
4	9122	3	
4	9124	1	
4	10225	1	
4	4011	1	
4	19886	1	
4	5551	1	
4	7601	1	
4	435	3	
4	436	1	
4	19389	1	
4	22464	3	
4	11714	3	
4	19396	1	
4	17861	1	
4	13255	2	
4	6220	1	
4	12746	3	
4	15266	6	
4	13901	2	
4	10194	1	
4	16851	1	
4	10717	4	
4	10718	5	
4	10719	2	
4	15735	1	
4	22500	2	
4	11238	1	
4	7143	1	
4	12779	1	
4	22508	1	
4	11760	5	
4	19624	1	
4	11762	1	
4	11434	1	
4	12799	1	
5	12288	3	
5	15362	1	
5	16901	1	
5	17424	1	
5	15276	1	
5	22232	1	
5	9232	1	
5	4399	1	
5	17427	1	
5	20142	1	
5	19033	1	
5	5337	1	
5	3099	1	
5	22557	1	
5	15903	6	
5	11808	1	
5	6690	1	
5	2596	1	
5	6694	1	
5	15913	1	
5	798	1	
5	17968	1	
5	5764	1	
5	11827	1	
5	1076	1	
5	21557	1	
5	9873	1	
5	3130	1	
5	11835	2	
5	4668	1	
5	12355	1	
5	12357	1	
5	6755	1	
5	2119	1	
5	1611	1	
5	6220	1	
5	13901	1	
5	8270	1	
5	592	1	
5	21586	4	
5	611	1	
5	15630	2	
5	9816	2	
5	6233	1	
5	602	1	
5	7772	1	
5	14431	1	
5	18528	1	
5	17936	1	
5	2747	1	
5	18022	1	
5	12390	1	
5	3175	1	
5	20882	1	
5	9322	1	
5	1132	1	
5	11887	1	
5	14448	1	
5	5746	1	
5	3603	1	
5	2166	2	
5	5993	1	
5	11898	1	
5	21627	1	
5	10876	1	
5	13592	1	
5	5248	1	
5	22464	1	
5	1668	1	
5	134	1	
5	1677	1	
5	4238	2	
5	7823	1	
5	13969	3	
5	6290	2	
5	3220	1	
5	19093	1	
5	20119	1	
5	19396	1	
5	13979	1	
5	17569	1	
5	7451	1	
5	11428	11	
5	11431	6	
5	20137	1	
5	11946	2	
5	11436	4	
5	15534	1	
5	15023	1	
5	15026	1	
5	21619	2	
5	13493	1	
5	9398	1	
5	12471	1	
5	3258	2	
5	9247	1	
5	19133	1	
5	10735	1	
5	6847	1	
5	11969	2	
5	10436	1	
5	6853	1	
5	12663	1	
5	16588	1	
5	5325	1	
5	21727	1	
5	11471	1	
5	18128	1	
5	10867	1	
5	10452	1	
5	8026	1	
5	21267	1	
5	7897	1	
5	5339	3	
5	10972	1	
5	1337	1	
5	7902	1	
5	8415	1	
5	18144	2	
5	20195	1	
5	13541	1	
5	21735	1	
5	20724	1	
5	11511	1	
5	19461	1	
5	16307	1	
5	17688	1	
5	16302	1	
5	1280	1	
5	14081	1	
5	5419	1	
5	4868	1	
5	18181	1	
5	8454	1	
5	18183	1	
5	18185	1	
5	20234	2	
5	15831	1	
5	18200	1	
5	7952	1	
5	4881	2	
5	10515	1	
5	15127	1	
5	15128	1	
5	18564	1	
5	1818	2	
5	7471	1	
5	2332	1	
5	8989	2	
5	4894	1	
5	5509	1	
5	16223	2	
5	15652	1	
5	7477	1	
5	7463	1	
5	2344	1	
5	7979	1	
5	10205	2	
5	7101	1	
5	13223	1	
5	4406	1	
5	13113	1	
5	20794	1	
5	18911	1	
5	3388	1	
5	14565	1	
5	12341	1	
5	2881	1	
5	22340	1	
5	21318	1	
5	10922	1	
5	10206	1	
5	10636	1	
5	22346	1	
5	21305	1	
5	7391	1	
5	11600	1	
5	12625	3	
5	11603	1	
5	8532	1	
5	14677	2	
5	9558	1	
5	9047	1	
5	2394	1	
5	18267	1	
5	18781	1	
5	8031	1	
5	16224	1	
5	22369	1	
5	489	1	
5	3712	1	
5	3217	2	
5	17163	1	
5	18544	1	
5	7911	1	
5	9069	2	
5	13681	1	
5	15763	1	
5	13174	1	
5	20343	2	
5	8568	1	
5	20346	1	
5	4019	1	
5	14718	1	
5	3985	3	
5	897	1	
5	10114	2	
5	11807	1	
5	20357	1	
5	20284	1	
5	4492	1	
5	17806	1	
5	8079	1	
5	10128	1	
5	5009	6	
5	12178	1	
5	5011	1	
5	5013	1	
5	3990	1	
5	18841	1	
5	20080	1	
5	20891	1	
5	14751	1	
5	7584	1	
5	15266	3	
5	1947	1	
5	15780	1	
5	9125	1	
5	20391	1	
5	15431	1	
5	15971	1	
5	430	1	
5	7601	1	
5	5554	1	
5	17331	2	
5	7604	1	
5	17334	1	
5	17225	1	
5	8636	1	
5	7498	1	
5	1470	1	
5	9152	1	
5	11851	1	
5	6084	1	
5	14277	1	
5	8647	2	
5	588	1	
5	12746	3	
5	9167	2	
5	9169	1	
5	7124	1	
5	1959	1	
5	19926	1	
5	9687	2	
5	21976	1	
5	9691	1	
5	10717	1	
5	22494	1	
5	4517	1	
5	3408	1	
5	18403	1	
5	22500	1	
5	10728	1	
5	8188	1	
5	9755	1	
5	12779	1	
5	1002	1	
5	13840	1	
5	6141	1	
5	11760	3	
5	14324	1	
5	12791	1	
5	18426	1	
5	6652	1	
5	11434	2	
6	1280	2	
6	13316	3	
6	12805	1	
6	5804	1	
6	9227	1	
6	20493	1	
6	17424	2	
6	15378	1	
6	18179	1	
6	17070	1	
6	18948	1	
6	3930	1	
6	19486	1	
6	15903	2	
6	2395	2	
6	3621	1	
6	13214	1	
6	20520	1	
6	11817	1	
6	3629	1	
6	435	1	
6	8758	1	
6	6713	1	
6	21563	1	
6	13658	1	
6	17163	1	
6	2119	1	
6	11850	1	
6	13388	1	
6	19023	1	
6	21586	1	
6	7764	1	
6	463	1	
6	5207	1	
6	9817	1	
6	18013	3	
6	10846	1	
6	18960	1	
6	12390	2	
6	4989	1	
6	21613	1	
6	14448	1	
6	13937	2	
6	10259	1	
6	20084	1	
6	1141	3	
6	7293	1	
6	3201	1	
6	13445	3	
6	22209	1	
6	1163	2	
6	20109	1	
6	4239	1	
6	5264	2	
6	17041	1	
6	13970	1	
6	21656	1	
6	22339	1	
6	5276	1	
6	16546	1	
6	7451	2	
6	9380	1	
6	625	1	
6	11434	2	
6	11436	1	
6	10926	2	
6	14621	1	
6	3252	1	
6	22198	1	
6	12471	1	
6	3258	1	
6	1823	1	
6	12746	3	
6	2239	1	
6	11969	1	
6	12994	1	
6	4385	1	
6	4810	1	
6	11474	1	
6	7380	1	
6	11478	1	
6	5337	1	
6	5339	1	
6	4986	5	
6	22245	1	
6	22252	3	
6	21230	1	
6	1133	1	
6	19702	1	
6	22272	1	
6	1283	1	
6	4868	1	
6	1287	1	
6	17672	1	
6	13066	1	
6	3339	1	
6	5388	1	
6	15629	1	
6	3342	1	
6	11909	1	
6	2327	1	
6	4399	1	
6	19741	1	
6	4894	2	
6	7455	1	
6	20257	1	
6	17188	1	
6	15653	1	
6	6441	1	
6	7979	1	
6	16174	1	
6	7471	1	
6	1844	2	
6	15489	1	
6	5433	1	
6	12602	1	
6	12604	1	
6	20803	1	
6	21318	1	
6	8007	2	
6	4492	1	
6	4944	1	
6	21841	1	
6	20818	1	
6	12259	1	
6	14677	7	
6	4438	1	
6	9047	1	
6	9679	1	
6	2394	2	
6	18267	2	
6	15199	1	
6	5992	1	
6	21865	1	
6	20851	1	
6	11438	1	
6	21878	1	
6	20343	1	
6	7546	1	
6	4988	1	
6	5501	1	
6	896	1	
6	5509	1	
6	15751	1	
6	378	1	
6	10636	1	
6	10639	1	
6	5009	5	
6	19347	1	
6	5013	1	
6	5527	1	
6	18841	2	
6	7582	1	
6	20384	1	
6	15777	1	
6	1955	1	
6	18853	1	
6	14759	1	
6	4014	1	
6	2480	2	
6	22450	1	
6	20915	1	
6	2997	1	
6	10682	1	
6	11708	1	
6	22464	1	
6	4000	1	
6	13765	1	
6	1953	1	
6	1994	1	
6	12747	1	
6	460	1	
6	9167	2	
6	464	1	
6	9170	1	
6	7637	1	
6	3065	1	
6	11428	2	
6	8666	1	
6	8668	1	
6	18398	1	
6	19938	1	
6	19939	1	
6	12261	3	
6	11346	1	
6	13295	1	
6	11760	2	
6	3058	1	
6	4087	1	
6	13059	1	
6	505	1	
7	13824	1	
7	12288	2	
7	15876	2	
7	8961	1	
7	18952	1	
7	15881	1	
7	13834	1	
7	9047	4	
7	18055	1	
7	17424	1	
7	21823	1	
7	18965	1	
7	15869	1	
7	13316	2	
7	11969	2	
7	20687	2	
7	22557	1	
7	9246	1	
7	18975	1	
7	3104	1	
7	545	1	
7	18267	1	
7	11815	2	
7	6696	1	
7	6565	1	
7	22571	1	
7	3629	1	
7	1582	1	
7	18991	1	
7	13872	1	
7	8200	1	
7	13875	2	
7	13876	1	
7	3641	1	
7	20234	1	
7	3134	1	
7	13887	2	
7	15937	1	
7	12354	2	
7	9227	1	
7	582	1	
7	11766	1	
7	1099	1	
7	18274	1	
7	9809	1	
7	21586	2	
7	7523	1	
7	9300	1	
7	11351	1	
7	11865	1	
7	10938	1	
7	7776	1	
7	12390	7	
7	21097	1	
7	2407	1	
7	18028	1	
7	15982	1	
7	14448	1	
7	13937	4	
7	15986	1	
7	2835	1	
7	1140	1	
7	12734	1	
7	11894	1	
7	8824	1	
7	9850	1	
7	6847	1	
7	8375	1	
7	10097	1	
7	21633	1	
7	8989	1	
7	14469	1	
7	9351	1	
7	7306	1	
7	13963	1	
7	13452	1	
7	16016	1	
7	17041	1	
7	13459	1	
7	9326	1	
7	5276	1	
7	1696	1	
7	10915	1	
7	9380	1	
7	9383	1	
7	13481	4	
7	13482	1	
7	22188	1	
7	19741	2	
7	12791	1	
7	16049	2	
7	13490	1	
7	11806	1	
7	19126	1	
7	12471	1	
7	3258	1	
7	8379	1	
7	13514	1	
7	20159	1	
7	22209	3	
7	14019	1	
7	22601	1	
7	11974	1	
7	8993	1	
7	17608	4	
7	6346	1	
7	16075	1	
7	14542	1	
7	1743	1	
7	1744	1	
7	22028	1	
7	20691	1	
7	19156	1	
7	9432	1	
7	11995	1	
7	16092	10	
7	19578	2	
7	2271	1	
7	11193	1	
7	13026	1	
7	3943	1	
7	22245	4	
7	9961	1	
7	15911	1	
7	22252	3	
7	20717	2	
7	4846	1	
7	8943	1	
7	12244	1	
7	7419	1	
7	1280	1	
7	4992	3	
7	13059	5	
7	4868	1	
7	1797	1	
7	17671	2	
7	13066	1	
7	9687	3	
7	21772	1	
7	17165	1	
7	10510	3	
7	11946	1	
7	1809	1	
7	10515	2	
7	4886	2	
7	17688	1	
7	7451	2	
7	11549	1	
7	5919	1	
7	18736	2	
7	20187	1	
7	20262	1	
7	17372	1	
7	7979	1	
7	12076	1	
7	16174	6	
7	7471	3	
7	11568	1	
7	4006	1	
7	9527	1	
7	15160	1	
7	12089	1	
7	12602	1	
7	19771	1	
7	3217	1	
7	831	1	
7	1345	1	
7	22339	1	
7	5445	2	
7	4989	3	
7	17225	1	
7	3914	3	
7	20300	1	
7	6477	1	
7	5818	1	
7	10575	1	
7	4433	1	
7	12625	1	
7	14677	5	
7	9558	1	
7	2873	1	
7	13796	1	
7	19802	1	
7	3419	1	
7	7888	1	
7	10589	1	
7	19523	1	
7	15199	1	
7	22368	1	
7	7010	1	
7	16093	2	
7	20692	1	
7	358	2	
7	13159	1	
7	1819	1	
7	4969	1	
7	9069	1	
7	15216	2	
7	5489	2	
7	9074	2	
7	5267	2	
7	10612	1	
7	9591	1	
7	4986	8	
7	15935	1	
7	4988	1	
7	8061	1	
7	13182	2	
7	8063	1	
7	6528	1	
7	897	1	
7	1410	1	
7	16260	1	
7	9606	1	
7	3627	1	
7	9424	1	
7	15938	1	
7	17807	1	
7	16272	1	
7	20882	2	
7	15763	1	
7	10478	1	
7	8086	1	
7	17818	1	
7	16795	1	
7	1954	1	
7	7055	1	
7	12197	1	
7	2470	1	
7	8104	1	
7	4009	1	
7	4011	1	
7	21933	1	
7	11471	2	
7	2480	1	
7	7089	1	
7	4019	1	
7	22455	1	
7	22457	1	
7	954	1	
7	11434	1	
7	12733	2	
7	11710	1	
7	4277	1	
7	11714	1	
7	7039	1	
7	3574	1	
7	13255	1	
7	3916	8	
7	12746	5	
7	14283	1	
7	14798	1	
7	6136	1	
7	15939	1	
7	9684	1	
7	15831	1	
7	7483	1	
7	8668	1	
7	18853	1	
7	12258	3	
7	12259	1	
7	12260	1	
7	12261	1	
7	12262	1	
7	999	1	
7	13295	1	
7	11760	4	
7	17395	1	
7	10740	5	
7	16374	1	
7	5745	1	
7	2040	2	
7	18426	1	
7	10553	1	
8	2731	1	
8	20491	1	
8	11793	1	
8	13435	1	
8	1044	1	
8	9241	1	
8	20570	1	
8	18975	1	
8	11815	1	
8	20520	1	
8	3627	1	
8	3629	1	
8	20014	1	
8	2096	1	
8	1076	1	
8	17463	1	
8	3641	1	
8	5691	1	
8	22282	1	
8	12352	2	
8	2747	1	
8	22369	2	
8	12360	1	
8	15945	2	
8	8781	1	
8	10832	1	
8	21586	1	
8	9817	1	
8	3674	2	
8	12386	1	
8	11963	1	
8	13412	1	
8	12390	9	
8	21094	1	
8	22119	1	
8	6760	8	
8	2407	1	
8	14448	1	
8	13937	2	
8	21619	1	
8	6846	1	
8	633	1	
8	19578	1	
8	1147	1	
8	15996	1	
8	7867	1	
8	15491	1	
8	21878	1	
8	12422	1	
8	18569	1	
8	1163	1	
8	13452	1	
8	6790	1	
8	15128	1	
8	3220	1	
8	8985	1	
8	6809	1	
8	4293	1	
8	9379	1	
8	9380	1	
8	2727	1	
8	13481	3	
8	13482	1	
8	15162	1	
8	22188	3	
8	13485	2	
8	2224	1	
8	16049	1	
8	16051	1	
8	15903	3	
8	13514	1	
8	9918	1	
8	11969	1	
8	2243	1	
8	20677	1	
8	11975	1	
8	14024	1	
8	8906	1	
8	5835	1	
8	11471	2	
8	17621	1	
8	8569	1	
8	11992	2	
8	13532	2	
8	11898	2	
8	9442	1	
8	17019	1	
8	22245	5	
8	19174	1	
8	22248	1	
8	5355	1	
8	22252	4	
8	12089	1	
8	20862	1	
8	22262	1	
8	1280	3	
8	8961	1	
8	13059	1	
8	4868	1	
8	21633	1	
8	20232	1	
8	7945	1	
8	20234	1	
8	17163	1	
8	20236	1	
8	12558	1	
8	15119	1	
8	22232	1	
8	4884	1	
8	8567	1	
8	15641	1	
8	8986	1	
8	7451	1	
8	19740	1	
8	22303	1	
8	9606	1	
8	12081	1	
8	10972	1	
8	16775	1	
8	20780	1	
8	16174	1	
8	7471	5	
8	1067	1	
8	7475	1	
8	8502	1	
8	10551	1	
8	13113	1	
8	12602	3	
8	7483	1	
8	20284	1	
8	2883	4	
8	22340	1	
8	13129	1	
8	3916	6	
8	12258	1	
8	10574	1	
8	12076	2	
8	15184	1	
8	12625	1	
8	11603	1	
8	15700	1	
8	14677	3	
8	2348	2	
8	9047	3	
8	4953	1	
8	2394	1	
8	20794	2	
8	3386	1	
8	10081	1	
8	8081	1	
8	5993	1	
8	20333	1	
8	22383	1	
8	22384	1	
8	22385	1	
8	20851	1	
8	22585	2	
8	13174	2	
8	12151	1	
8	18809	1	
8	4986	2	
8	11133	1	
8	4990	2	
8	4992	2	
8	576	1	
8	12663	1	
8	9094	2	
8	9607	1	
8	9096	1	
8	15754	1	
8	17803	1	
8	19852	1	
8	9614	1	
8	12175	1	
8	14744	2	
8	20882	1	
8	7575	1	
8	5016	1	
8	15769	1	
8	13723	1	
8	21410	1	
8	20891	1	
8	20389	1	
8	4006	1	
8	11182	1	
8	12213	1	
8	12216	1	
8	8636	1	
8	12734	1	
8	22464	1	
8	16092	2	
8	4038	2	
8	13255	4	
8	3528	1	
8	12746	3	
8	9167	4	
8	17872	3	
8	7635	1	
8	17881	6	
8	6699	1	
8	19938	1	
8	19939	1	
8	12261	4	
8	19942	1	
8	18408	1	
8	12778	1	
8	12779	1	
8	16367	1	
8	11760	2	
8	14324	1	
8	3064	1	
8	8532	1	
8	13821	1	
8	6655	1	
9	12295	2	
9	12300	1	
9	22551	1	
9	18467	1	
9	14375	1	
9	2096	1	
9	4146	1	
9	12354	1	
9	20551	1	
9	20555	1	
9	20559	1	
9	10327	1	
9	22423	1	
9	20571	1	
9	12390	7	
9	2407	2	
9	14448	2	
9	18546	2	
9	2164	3	
9	2170	1	
9	22209	1	
9	6290	2	
9	12441	1	
9	10407	1	
9	14504	2	
9	4267	1	
9	2220	2	
9	14509	1	
9	10611	1	
9	18617	2	
9	8378	1	
9	8380	1	
9	14530	1	
9	2243	1	
9	8393	1	
9	21880	3	
9	12503	1	
9	16616	1	
9	20519	1	
9	20717	2	
9	16622	1	
9	16623	1	
9	10490	1	
9	20740	1	
9	16649	1	
9	4364	1	
9	12557	1	
9	10515	1	
9	16661	1	
9	20762	2	
9	4382	1	
9	6442	1	
9	10539	1	
9	18736	2	
9	12602	1	
9	8518	1	
9	12625	2	
9	14677	5	
9	6489	1	
9	8551	1	
9	20851	2	
9	18809	2	
9	378	1	
9	10621	1	
9	12680	1	
9	20882	1	
9	18838	1	
9	14744	1	
9	18841	1	
9	16794	1	
9	20891	1	
9	14751	3	
9	16804	1	
9	2475	1	
9	437	2	
9	18870	1	
9	8636	1	
9	12746	9	
9	16850	2	
9	16851	1	
9	12757	1	
9	12773	1	
9	12778	2	
9	12779	1	
9	2559	1	
9	18947	2	
9	522	1	
9	12816	1	
9	6678	1	
9	18975	3	
9	547	1	
9	2596	2	
9	4647	1	
9	10793	1	
9	6700	1	
9	8749	1	
9	8767	1	
9	588	2	
9	13113	1	
9	9997	1	
9	592	1	
9	16978	1	
9	16981	1	
9	8790	1	
9	19037	1	
9	10849	1	
9	8804	1	
9	4712	1	
9	21103	1	
9	625	1	
9	632	1	
9	14978	1	
9	6790	1	
9	17042	1	
9	21139	2	
9	21142	1	
9	6809	4	
9	15005	1	
9	19102	1	
9	4774	2	
9	6823	1	
9	12975	1	
9	12985	1	
9	17185	1	
9	4810	2	
9	4811	2	
9	13005	1	
9	13007	1	
9	15064	2	
9	6875	3	
9	8314	1	
9	8929	1	
9	740	1	
9	15078	1	
9	17146	1	
9	13059	5	
9	4868	2	
9	13066	1	
9	19212	1	
9	785	1	
9	2834	1	
9	4884	1	
9	15127	1	
9	15128	1	
9	8988	2	
9	8989	1	
9	801	1	
9	21298	1	
9	17202	1	
9	15160	1	
9	4921	1	
9	15166	3	
9	2883	2	
9	17225	2	
9	9047	1	
9	4952	2	
9	7313	1	
9	9069	3	
9	9071	2	
9	13174	1	
9	13176	1	
9	4986	2	
9	893	1	
9	13182	2	
9	895	5	
9	11137	1	
9	4994	1	
9	2947	2	
9	7055	2	
9	11075	1	
9	5017	1	
9	925	2	
9	7081	1	
9	7088	2	
9	13244	2	
9	13245	1	
9	15299	1	
9	15300	1	
9	7110	1	
9	13255	2	
9	15304	1	
9	17355	1	
9	9171	1	
9	9175	2	
9	999	1	
9	3058	1	
9	17395	4	
9	3063	1	
9	3075	3	
9	13316	1	
9	17416	1	
9	15532	1	
9	17435	2	
9	11292	1	
9	9247	1	
9	1069	1	
9	1885	1	
9	1074	1	
9	1076	2	
9	21563	2	
9	3134	1	
9	1099	1	
9	21580	1	
9	13389	1	
9	5200	1	
9	5207	2	
9	13404	1	
9	19553	2	
9	13414	1	
9	19568	1	
9	1140	1	
9	1141	2	
9	1147	2	
9	11392	1	
9	3201	1	
9	7306	1	
9	19598	1	
9	5264	1	
9	3217	1	
9	5267	2	
9	5272	1	
9	9380	3	
9	11434	1	
9	5292	2	
9	1199	1	
9	13490	1	
9	9398	1	
9	3258	2	
9	7371	1	
9	13514	1	
9	20343	2	
9	13516	1	
9	5326	1	
9	11471	1	
9	17621	1	
9	11479	1	
9	13529	1	
9	11482	1	
9	9435	1	
9	9449	1	
9	4989	1	
9	4990	1	
9	15610	1	
9	1280	1	
9	15624	1	
9	3339	1	
9	5388	1	
9	7725	1	
9	11139	1	
9	19735	1	
9	9496	4	
9	15641	1	
9	7451	2	
9	19740	1	
9	11555	1	
9	7463	1	
9	7471	2	
9	9527	1	
9	9529	1	
9	7483	5	
9	7498	1	
9	15700	1	
9	15707	1	
9	17756	1	
9	1374	1	
9	21870	1	
9	11632	1	
9	13681	5	
9	21878	2	
9	11640	1	
9	19833	1	
9	13694	1	
9	10617	2	
9	7558	5	
9	15751	2	
9	7560	1	
9	21899	1	
9	19852	1	
9	1436	1	
9	5544	4	
9	5546	1	
9	5550	2	
9	15792	1	
9	5565	1	
9	11714	1	
9	13767	1	
9	9679	1	
9	9684	1	
9	19023	1	
9	19938	1	
9	3562	1	
9	11760	2	
9	13819	1	
9	13827	1	
9	15879	1	
9	11789	1	
9	15903	2	
9	5670	1	
9	7723	1	
9	1581	2	
9	1582	1	
9	13884	2	
9	15939	1	
9	13901	1	
9	9809	4	
9	3674	2	
9	3676	1	
9	22119	1	
9	9831	1	
9	20080	1	
9	13937	5	
9	15988	1	
9	22133	3	
9	14717	2	
9	22136	2	
9	11898	1	
9	18046	4	
9	20095	1	
9	18050	2	
9	20109	4	
9	9883	1	
9	18080	1	
9	13985	1	
9	13986	1	
9	15302	1	
9	22186	1	
9	5806	1	
9	16054	1	
9	9912	1	
9	11963	1	
9	14016	3	
9	11969	1	
9	14019	1	
9	22220	1	
9	18125	1	
9	18126	1	
9	7888	1	
9	1750	1	
9	22232	2	
9	7897	1	
9	11994	1	
9	16092	4	
9	14047	1	
9	7911	1	
9	7920	2	
9	7921	1	
9	6099	1	
9	22262	1	
9	14081	4	
9	18179	1	
9	16132	1	
9	9991	1	
9	9996	1	
9	14093	1	
9	18200	2	
9	7964	1	
9	20254	1	
9	20256	1	
9	12084	1	
9	12089	1	
9	12091	1	
9	20290	1	
9	22340	1	
9	8026	1	
9	18267	1	
9	20794	1	
9	8031	1	
9	8032	1	
9	16229	1	
9	16230	1	
9	16231	1	
9	18287	1	
9	12151	1	
9	8063	1	
9	18315	1	
9	16269	1	
9	12174	1	
9	8079	1	
9	8081	2	
9	22418	1	
9	12183	1	
9	22426	1	
9	1950	1	
9	20384	1	
9	4006	1	
9	12202	1	
9	4014	1	
9	4019	1	
9	22455	2	
9	12216	1	
9	22463	1	
9	22464	2	
9	4037	2	
9	18081	1	
9	14283	1	
9	2040	1	
9	2003	1	
9	10206	1	
9	22497	2	
9	12259	1	
9	12261	1	
9	20817	1	
9	22510	1	
9	18420	1	
9	14328	1	
9	8188	1	
10	19589	1	
10	18746	1	
10	13316	1	
10	8961	1	
10	18952	1	
10	10728	1	
10	7180	2	
10	10727	1	
10	14509	1	
10	625	1	
10	7536	1	
10	4382	1	
10	11779	1	
10	16302	1	
10	7451	1	
10	19460	1	
10	9244	1	
10	17438	1	
10	18975	1	
10	16416	1	
10	14369	1	
10	22562	1	
10	9764	1	
10	9765	1	
10	20519	1	
10	11992	1	
10	14154	1	
10	15915	1	
10	1584	1	
10	9777	1	
10	3634	1	
10	15310	1	
10	22585	1	
10	17467	2	
10	11902	1	
10	17470	1	
10	13493	1	
10	13889	1	
10	13891	1	
10	7236	3	
10	16054	2	
10	12897	1	
10	4017	1	
10	11850	1	
10	13388	1	
10	13389	1	
10	10832	1	
10	3702	1	
10	11858	2	
10	22542	1	
10	10573	2	
10	1721	1	
10	2648	2	
10	603	1	
10	14324	1	
10	10337	1	
10	15971	1	
10	21605	1	
10	22119	3	
10	1639	1	
10	18028	2	
10	11887	1	
10	3184	1	
10	13937	2	
10	13428	1	
10	10357	1	
10	10870	1	
10	14969	1	
10	4218	1	
10	20882	1	
10	7601	1	
10	5246	3	
10	12927	1	
10	5760	1	
10	13760	1	
10	15723	1	
10	2692	1	
10	13445	1	
10	9351	1	
10	18568	1	
10	4204	1	
10	1163	1	
10	13452	3	
10	1167	1	
10	1617	1	
10	6801	4	
10	13459	1	
10	11926	3	
10	11547	1	
10	18372	1	
10	9884	4	
10	9886	3	
10	16543	1	
10	16544	2	
10	11632	8	
10	1187	1	
10	14500	1	
10	4038	1	
10	10097	1	
10	19626	1	
10	4267	3	
10	2220	1	
10	9901	2	
10	16049	2	
10	3252	1	
10	16414	1	
10	9398	1	
10	364	1	
10	2847	1	
10	8892	2	
10	19133	2	
10	7870	1	
10	11969	2	
10	14530	1	
10	10436	1	
10	7877	1	
10	6127	1	
10	14970	1	
10	16588	2	
10	11298	2	
10	22222	1	
10	6865	1	
10	4818	2	
10	19155	2	
10	7892	1	
10	740	2	
10	7397	1	
10	22232	2	
10	9167	1	
10	18042	1	
10	18981	1	
10	13440	1	
10	19172	1	
10	22245	1	
10	6375	2	
10	12011	1	
10	22252	1	
10	3197	2	
10	12018	2	
10	12670	1	
10	22262	1	
10	16120	1	
10	17659	2	
10	4117	1	
10	18174	1	
10	15616	1	
10	14081	1	
10	7938	1	
10	19204	2	
10	20234	1	
10	12503	2	
10	4364	3	
10	12625	2	
10	20239	2	
10	7952	6	
10	13073	1	
10	4884	1	
10	18197	2	
10	4886	1	
10	15641	1	
10	4399	1	
10	798	1	
10	18207	1	
10	3641	1	
10	17702	1	
10	12677	1	
10	5929	1	
10	20778	1	
10	2348	1	
10	7471	2	
10	18736	2	
10	10545	2	
10	20786	1	
10	1844	1	
10	20277	2	
10	10552	1	
10	21305	2	
10	12602	3	
10	10555	4	
10	17229	1	
10	6974	1	
10	21311	1	
10	1345	1	
10	16194	1	
10	22341	1	
10	6982	1	
10	6983	1	
10	6984	3	
10	9033	1	
10	9034	1	
10	6989	2	
10	3919	2	
10	15184	1	
10	20280	2	
10	14677	1	
10	9047	1	
10	6489	1	
10	18267	1	
10	20794	1	
10	741	1	
10	11104	1	
10	16226	1	
10	7014	1	
10	3943	1	
10	7016	2	
10	3946	1	
10	8043	3	
10	5996	1	
10	9069	2	
10	15216	1	
10	22385	1	
10	19124	3	
10	592	1	
10	21823	2	
10	9086	1	
10	2944	1	
10	20971	1	
10	2949	1	
10	9606	1	
10	15752	2	
10	2442	1	
10	6986	4	
10	22416	1	
10	15768	1	
10	22418	2	
10	20547	3	
10	11156	3	
10	10646	1	
10	6551	1	
10	15903	1	
10	17818	1	
10	13723	2	
10	925	1	
10	6014	1	
10	15856	1	
10	15266	1	
10	19100	2	
10	17836	1	
10	430	2	
10	2480	1	
10	11898	1	
10	20915	1	
10	5278	2	
10	4534	1	
10	6985	2	
10	11193	1	
10	13244	1	
10	11709	1	
10	7103	1	
10	22464	2	
10	11714	2	
10	13763	1	
10	3524	2	
10	4037	1	
10	13766	1	
10	3528	2	
10	12746	2	
10	20167	1	
10	20431	1	
10	9171	1	
10	9684	1	
10	12757	1	
10	988	2	
10	10205	1	
10	6622	1	
10	13793	1	
10	21986	2	
10	11771	2	
10	5267	1	
10	2990	1	
10	999	1	
10	13800	1	
10	4073	1	
10	12779	2	
10	21586	3	
10	15855	1	
10	11760	8	
10	4081	1	
10	3058	1	
10	3060	1	
10	16374	1	
10	477	2	
10	2557	1	
10	6652	1	
10	9854	1	
11	15874	1	
11	8196	1	
11	10758	1	
11	1544	1	
11	20494	1	
11	15448	1	
11	1228	1	
11	13849	1	
11	17435	1	
11	18460	1	
11	22557	1	
11	15903	2	
11	2596	2	
11	8013	1	
11	13863	1	
11	1579	1	
11	4653	1	
11	4654	2	
11	19293	2	
11	6193	1	
11	1074	1	
11	1375	1	
11	14664	1	
11	4941	1	
11	11334	1	
11	15431	1	
11	15432	1	
11	13388	1	
11	10833	1	
11	21586	2	
11	4180	1	
11	16470	1	
11	7768	1	
11	7772	1	
11	20155	1	
11	16998	1	
11	19132	1	
11	13937	1	
11	5746	1	
11	12915	1	
11	120	1	
11	633	1	
11	17018	2	
11	19580	1	
11	22378	1	
11	19582	1	
11	13440	1	
11	8043	2	
11	4230	2	
11	7303	1	
11	6281	3	
11	14475	3	
11	140	1	
11	20109	1	
11	142	1	
11	13967	1	
11	3217	1	
11	3220	1	
11	6809	1	
11	13979	1	
11	14492	1	
11	10397	1	
11	13984	1	
11	9072	1	
11	17062	1	
11	10407	1	
11	17067	1	
11	11436	1	
11	6770	1	
11	7854	2	
11	19124	2	
11	16054	1	
11	12471	2	
11	18975	1	
11	3260	1	
11	801	1	
11	5321	1	
11	3788	1	
11	15567	1	
11	4818	1	
11	11471	1	
11	7401	2	
11	5866	1	
11	14574	1	
11	13040	1	
11	7409	1	
11	22262	1	
11	8993	1	
11	3060	1	
11	18174	1	
11	10495	1	
11	2307	2	
11	15621	1	
11	1800	1	
11	4364	1	
11	15491	1	
11	1301	2	
11	14810	1	
11	4385	1	
11	8753	1	
11	16682	1	
11	21554	1	
11	20794	1	
11	12604	1	
11	6283	1	
11	6984	4	
11	13129	1	
11	6986	3	
11	6989	2	
11	4432	1	
11	12625	1	
11	14677	1	
11	4438	1	
11	11101	1	
11	12126	1	
11	12127	4	
11	7010	1	
11	868	1	
11	3943	1	
11	7018	1	
11	20331	1	
11	20332	1	
11	9069	1	
11	6000	1	
11	10728	1	
11	6516	1	
11	8568	1	
11	12670	1	
11	14725	1	
11	1415	1	
11	2442	1	
11	20877	1	
11	7055	1	
11	22418	1	
11	21395	1	
11	11156	1	
11	14489	1	
11	12188	4	
11	4000	3	
11	15856	1	
11	6054	1	
11	7085	1	
11	2990	1	
11	19375	2	
11	7600	1	
11	19377	4	
11	16308	1	
11	11193	1	
11	11196	1	
11	22464	6	
11	3528	1	
11	460	1	
11	1997	1	
11	9167	2	
11	4570	1	
11	4573	1	
11	6622	1	
11	1504	1	
11	12888	1	
11	8682	1	
11	15855	1	
11	11760	1	
11	18420	1	
11	12279	1	
12	17899	1	
12	21993	1	
12	13316	2	
12	9733	1	
12	7686	1	
12	16903	1	
12	16544	1	
12	7178	1	
12	7180	1	
12	17424	1	
12	17427	1	
12	4117	1	
12	2251	1	
12	19994	2	
12	16414	1	
12	15903	5	
12	21536	1	
12	18267	1	
12	3621	1	
12	4647	3	
12	22571	2	
12	8749	1	
12	11714	1	
12	1074	1	
12	16367	1	
12	1076	1	
12	4663	1	
12	11832	1	
12	22196	1	
12	11835	1	
12	10814	2	
12	1717	2	
12	12352	1	
12	18528	1	
12	3652	1	
12	15432	1	
12	11850	3	
12	13388	1	
12	13389	2	
12	10832	2	
12	15954	1	
12	7258	1	
12	603	1	
12	11870	1	
12	7776	1	
12	6416	1	
12	22119	1	
12	15548	1	
12	12906	1	
12	18028	2	
12	11887	1	
12	5232	1	
12	13937	1	
12	6770	3	
12	6773	1	
12	6263	1	
12	8468	1	
12	18042	1	
12	20882	1	
12	15997	1	
12	20094	1	
12	3199	2	
12	5248	1	
12	13445	1	
12	7303	1	
12	6281	1	
12	14475	1	
12	13453	1	
12	9069	2	
12	13969	1	
12	6291	1	
12	15508	1	
12	14489	1	
12	13979	1	
12	11049	3	
12	9887	1	
12	1184	1	
12	1186	1	
12	4772	1	
12	4774	2	
12	10407	1	
12	20648	1	
12	11434	2	
12	4267	1	
12	22188	1	
12	9901	2	
12	16049	2	
12	17587	1	
12	4276	1	
12	13493	1	
12	7956	1	
12	12471	2	
12	8376	1	
12	8892	1	
12	19133	1	
12	7870	1	
12	3265	1	
12	17602	1	
12	8387	1	
12	4385	1	
12	14024	1	
12	13516	1	
12	13514	1	
12	12151	1	
12	3788	4	
12	15565	1	
12	20689	1	
12	4818	1	
12	7379	1	
12	11477	1	
12	12502	1	
12	17017	1	
12	11992	2	
12	5339	1	
12	20188	1	
12	15994	1	
12	740	2	
12	10469	1	
12	8938	1	
12	19691	1	
12	22252	1	
12	19694	2	
12	13681	1	
12	12018	2	
12	8574	1	
12	7926	1	
12	1833	1	
12	16121	3	
12	11514	1	
12	16123	1	
12	15615	1	
12	1280	1	
12	6699	1	
12	19204	2	
12	773	1	
12	21255	1	
12	3339	1	
12	4364	1	
12	17678	1	
12	15119	2	
12	7952	1	
12	17170	1	
12	10515	1	
12	4884	1	
12	18197	1	
12	16664	1	
12	8474	1	
12	8988	2	
12	19741	1	
12	11629	1	
12	18208	1	
12	18209	2	
12	11555	1	
12	10972	2	
12	17706	1	
12	7979	1	
12	2348	1	
12	5934	1	
12	10206	1	
12	10410	1	
12	21305	1	
12	3386	1	
12	10555	1	
12	2442	2	
12	16190	1	
12	16193	3	
12	16194	1	
12	16548	2	
12	22340	1	
12	22341	1	
12	19782	1	
12	6984	1	
12	9033	1	
12	6986	1	
12	8012	1	
12	17229	1	
12	5455	1	
12	12625	1	
12	22355	2	
12	22357	1	
12	22358	1	
12	855	1	
12	4441	1	
12	2394	1	
12	3419	3	
12	3422	1	
12	3935	1	
12	15499	1	
12	1895	1	
12	5996	2	
12	7018	1	
12	19943	1	
12	11116	1	
12	22418	1	
12	11632	1	
12	5489	1	
12	18579	1	
12	1342	1	
12	13686	1	
12	20343	2	
12	8421	1	
12	18398	1	
12	7548	1	
12	12778	1	
12	12670	1	
12	14721	1	
12	14315	2	
12	14725	1	
12	15751	3	
12	15752	1	
12	15754	1	
12	4492	1	
12	17806	1	
12	7055	1	
12	21392	1	
12	2450	1	
12	20291	1	
12	22421	1	
12	3991	1	
12	7064	1	
12	8260	2	
12	13723	2	
12	15774	2	
12	14751	2	
12	4000	3	
12	11684	5	
12	18154	1	
12	19372	1	
12	2990	2	
12	14493	2	
12	1069	1	
12	19377	1	
12	4019	2	
12	7604	1	
12	4534	1	
12	13161	2	
12	19900	1	
12	21949	1	
12	16831	1	
12	22464	9	
12	20384	1	
12	16834	1	
12	4548	2	
12	19397	1	
12	7110	2	
12	13255	1	
12	13961	2	
12	5067	1	
12	16844	1	
12	9167	1	
12	8658	1	
12	14291	1	
12	18393	1	
12	15610	1	
12	990	1	
12	19939	2	
12	7505	1	
12	12777	1	
12	14314	1	
12	12779	1	
12	493	1	
12	15855	2	
12	11760	4	
12	10408	1	
12	18420	1	
12	15350	1	
12	12791	1	
12	18424	1	
12	11771	2	
12	15869	1	
12	4095	1	
13	4096	1	
13	10754	1	
13	13316	2	
13	7686	2	
13	14081	1	
13	7690	1	
13	12815	1	
13	12816	1	
13	4115	1	
13	19483	1	
13	11292	1	
13	2394	1	
13	6687	1	
13	21653	1	
13	15393	1	
13	547	1	
13	13453	1	
13	4647	8	
13	1069	2	
13	19504	1	
13	1074	1	
13	4019	2	
13	17463	2	
13	7829	1	
13	1716	1	
13	3130	1	
13	3134	1	
13	20256	1	
13	7520	1	
13	21771	1	
13	16968	1	
13	11850	2	
13	7095	1	
13	13388	2	
13	13389	2	
13	11856	1	
13	593	1	
13	21586	2	
13	3171	1	
13	10510	7	
13	5208	3	
13	605	1	
13	5254	1	
13	4464	1	
13	2834	1	
13	18022	5	
13	22119	2	
13	18028	2	
13	8466	1	
13	5232	1	
13	13937	2	
13	6770	1	
13	10515	1	
13	22133	3	
13	15994	2	
13	3199	1	
13	13440	1	
13	21121	1	
13	14978	1	
13	6787	2	
13	11396	1	
13	13957	1	
13	6790	4	
13	9351	1	
13	18540	1	
13	10890	1	
13	1163	1	
13	13452	1	
13	20109	1	
13	21613	1	
13	5264	1	
13	4241	1	
13	5267	1	
13	1685	1	
13	7833	2	
13	13979	1	
13	14448	1	
13	14493	1	
13	16545	1	
13	19890	1	
13	15216	1	
13	9755	1	
13	4773	2	
13	4774	3	
13	21617	2	
13	10410	2	
13	22188	1	
13	9901	1	
13	5806	1	
13	10927	1	
13	11952	1	
13	19124	2	
13	4277	1	
13	9398	1	
13	10832	1	
13	15903	1	
13	8892	1	
13	7870	4	
13	2717	1	
13	6778	1	
13	7106	1	
13	545	1	
13	11992	1	
13	5325	1	
13	7888	1	
13	17466	1	
13	7892	1	
13	9435	1	
13	22232	3	
13	9945	1	
13	9167	4	
13	10972	1	
13	18042	1	
13	16848	1	
13	19174	1	
13	2279	1	
13	16616	1	
13	9449	1	
13	19691	1	
13	22252	1	
13	12013	1	
13	19694	1	
13	3313	2	
13	12018	1	
13	13043	1	
13	11049	3	
13	16121	2	
13	12026	1	
13	7039	1	
13	16124	1	
13	2003	2	
13	3840	1	
13	1969	1	
13	19204	1	
13	17569	1	
13	14807	1	
13	4364	1	
13	9997	1	
13	19726	1	
13	7952	2	
13	13073	1	
13	1311	1	
13	15491	2	
13	7306	2	
13	20519	1	
13	21900	1	
13	8988	2	
13	11398	1	
13	20255	1	
13	15648	1	
13	4385	1	
13	19093	1	
13	646	2	
13	808	1	
13	5929	2	
13	7979	2	
13	18738	2	
13	18222	1	
13	22344	1	
13	12144	1	
13	15666	1	
13	18740	1	
13	8502	1	
13	14985	1	
13	12602	3	
13	7483	1	
13	10556	1	
13	7485	3	
13	1342	2	
13	8512	1	
13	16705	1	
13	4418	1	
13	22464	4	
13	19269	2	
13	3400	1	
13	9033	1	
13	17229	3	
13	1358	1	
13	8015	1	
13	3408	2	
13	12625	1	
13	14677	3	
13	19286	2	
13	3044	1	
13	14682	2	
13	14173	1	
13	15199	2	
13	22368	1	
13	16230	3	
13	16231	2	
13	7017	1	
13	4960	1	
13	9069	5	
13	10606	1	
13	9071	1	
13	6000	1	
13	21880	1	
13	377	1	
13	7548	1	
13	893	5	
13	6099	1	
13	8063	1	
13	2944	1	
13	2435	1	
13	16260	1	
13	15751	2	
13	15753	1	
13	15244	1	
13	16194	2	
13	21426	1	
13	3473	1	
13	7571	1	
13	7062	1	
13	3991	2	
13	22426	2	
13	925	1	
13	4000	1	
13	10224	1	
13	15266	1	
13	4276	1	
13	18546	1	
13	15273	1	
13	22258	1	
13	2990	3	
13	1967	1	
13	7600	4	
13	15432	3	
13	8641	1	
13	20915	1	
13	437	1	
13	20918	1	
13	20919	1	
13	18420	1	
13	13242	1	
13	19900	3	
13	11710	1	
13	9152	1	
13	7584	1	
13	4034	1	
13	15299	1	
13	7380	1	
13	13255	1	
13	12746	4	
13	6093	1	
13	13901	1	
13	14288	1	
13	5488	1	
13	14291	2	
13	10709	2	
13	22265	1	
13	18904	1	
13	17146	1	
13	10206	1	
13	592	2	
13	21986	1	
13	13819	1	
13	22500	1	
13	18784	1	
13	4073	1	
13	15954	1	
13	11760	1	
13	16882	1	
13	18128	1	
13	7158	1	
13	18424	1	
13	4090	2	
13	11771	1	
13	6653	1	
13	10238	1	
14	8193	1	
14	19460	1	
14	13958	1	
14	7686	1	
14	10728	2	
14	9227	1	
14	11793	1	
14	4115	2	
14	14475	1	
14	4117	1	
14	13828	1	
14	5337	1	
14	16414	1	
14	15903	5	
14	16416	1	
14	17441	1	
14	1757	1	
14	2596	1	
14	3621	1	
14	4647	2	
14	14684	1	
14	20010	6	
14	15915	1	
14	20012	6	
14	8749	3	
14	15567	1	
14	1076	1	
14	13077	1	
14	12343	1	
14	19124	8	
14	15160	1	
14	3134	1	
14	22368	1	
14	12354	3	
14	5565	1	
14	7236	1	
14	22369	2	
14	15432	3	
14	20041	1	
14	5197	1	
14	10319	1	
14	10832	1	
14	21586	4	
14	13907	1	
14	10837	2	
14	5718	1	
14	17337	1	
14	2648	1	
14	603	1	
14	18528	1	
14	10096	1	
14	15971	1	
14	15460	1	
14	12390	5	
14	18022	1	
14	18023	1	
14	15465	1	
14	7556	1	
14	22119	4	
14	20588	1	
14	1133	1	
14	21103	1	
14	6090	1	
14	13937	6	
14	6770	2	
14	10259	1	
14	1163	1	
14	22133	1	
14	18911	1	
14	22121	1	
14	632	1	
14	15856	1	
14	18042	2	
14	3175	1	
14	10365	1	
14	4223	1	
14	5760	1	
14	7104	2	
14	15491	3	
14	19596	1	
14	13445	3	
14	6790	1	
14	15495	1	
14	15496	1	
14	19593	1	
14	12938	1	
14	22295	1	
14	13452	1	
14	18963	1	
14	3217	2	
14	19094	1	
14	20119	2	
14	6596	1	
14	7313	1	
14	7324	1	
14	11555	2	
14	4255	1	
14	15216	3	
14	9380	2	
14	4773	1	
14	4774	1	
14	11431	1	
14	5800	1	
14	4267	1	
14	14469	1	
14	6367	1	
14	3758	1	
14	10927	1	
14	21680	1	
14	16049	1	
14	625	1	
14	4277	1	
14	12471	2	
14	6687	1	
14	6844	1	
14	19133	1	
14	7870	3	
14	13129	1	
14	11969	2	
14	11459	1	
14	2244	1	
14	4293	1	
14	2990	2	
14	20343	1	
14	22220	1	
14	5325	2	
14	20687	1	
14	11471	2	
14	8568	1	
14	2770	1	
14	19155	1	
14	2772	1	
14	11477	1	
14	18505	1	
14	11992	2	
14	1753	2	
14	1754	3	
14	5339	1	
14	10972	2	
14	15994	1	
14	8415	1	
14	8416	1	
14	13027	1	
14	7633	1	
14	9449	1	
14	7402	2	
14	21227	1	
14	748	2	
14	19694	1	
14	21305	1	
14	22258	1	
14	19345	1	
14	759	1	
14	16120	1	
14	16121	4	
14	15610	1	
14	16123	2	
14	16124	1	
14	14589	1	
14	18686	2	
14	10709	1	
14	2944	2	
14	21250	1	
14	4868	4	
14	14088	1	
14	6700	1	
14	17163	1	
14	1833	1	
14	10510	1	
14	1069	1	
14	22289	2	
14	2179	1	
14	16661	2	
14	4886	2	
14	15127	1	
14	408	1	
14	4135	1	
14	14618	1	
14	8988	1	
14	14621	1	
14	11398	2	
14	11909	1	
14	800	1	
14	8892	3	
14	646	1	
14	17229	2	
14	11049	4	
14	15751	1	
14	12076	1	
14	5934	3	
14	7471	2	
14	11568	1	
14	10545	1	
14	12183	1	
14	13316	1	
14	8502	1	
14	2416	1	
14	15673	1	
14	20794	1	
14	7483	3	
14	10556	1	
14	7306	1	
14	11007	1	
14	8512	1	
14	833	1	
14	13963	1	
14	13389	2	
14	20809	1	
14	20298	1	
14	12151	1	
14	17741	1	
14	10574	1	
14	8015	1	
14	12112	2	
14	20817	1	
14	13532	1	
14	14677	1	
14	4438	1	
14	9047	2	
14	2705	1	
14	2394	1	
14	10684	1	
14	19737	2	
14	3934	8	
14	3935	4	
14	3936	1	
14	16272	1	
14	19993	1	
14	10214	1	
14	9167	1	
14	13969	1	
14	7988	1	
14	5207	1	
14	20330	1	
14	16430	1	
14	9069	6	
14	21870	1	
14	18287	1	
14	11632	1	
14	16872	1	
14	20851	1	
14	13957	1	
14	21877	1	
14	12663	1	
14	592	1	
14	18809	2	
14	4053	1	
14	11708	1	
14	19721	1	
14	10218	2	
14	18302	1	
14	6423	1	
14	2435	3	
14	16260	2	
14	3702	2	
14	9095	2	
14	6536	1	
14	2284	1	
14	16417	1	
14	907	2	
14	13708	1	
14	5186	1	
14	17806	1	
14	7055	1	
14	22416	2	
14	21905	1	
14	20882	1	
14	11156	2	
14	3989	1	
14	3991	3	
14	18975	1	
14	21617	1	
14	22426	1	
14	17818	1	
14	14751	2	
14	4000	3	
14	14753	1	
14	13730	1	
14	18222	1	
14	4516	1	
14	11761	1	
14	15276	1	
14	16301	1	
14	15278	1	
14	925	1	
14	14574	1	
14	17395	1	
14	16308	1	
14	17845	1	
14	17225	2	
14	18361	2	
14	18362	2	
14	4831	3	
14	19900	5	
14	3517	1	
14	8043	1	
14	22464	4	
14	17312	1	
14	4547	1	
14	7380	1	
14	15393	1	
14	16075	1	
14	8609	1	
14	20424	1	
14	16329	1	
14	12746	2	
14	15820	1	
14	14285	1	
14	21957	1	
14	13901	3	
14	13776	2	
14	2040	1	
14	7635	1	
14	7637	1	
14	15609	1	
14	11737	1	
14	20014	2	
14	12026	1	
14	6622	2	
14	6375	2	
14	20560	2	
14	11916	2	
14	10724	1	
14	22501	1	
14	22502	1	
14	10727	1	
14	13288	1	
14	12778	2	
14	12779	1	
14	11858	1	
14	11760	8	
14	10225	1	
14	10323	1	
14	18420	1	
14	8992	1	
14	18424	3	
14	11771	2	
14	6141	1	
14	5717	1	
15	12288	1	
15	6145	1	
15	4267	1	
15	19460	1	
15	9733	1	
15	7178	1	
15	22032	3	
15	364	1	
15	6149	1	
15	35	1	
15	11817	1	
15	20010	17	
15	8236	2	
15	12852	1	
15	11832	4	
15	21684	1	
15	19519	1	
15	12354	2	
15	1092	1	
15	10337	1	
15	12360	1	
15	18505	1	
15	588	4	
15	13389	3	
15	11854	2	
15	21586	2	
15	20570	1	
15	8797	1	
15	1118	2	
15	19557	1	
15	8976	3	
15	20384	1	
15	101	1	
15	3175	1	
15	12905	1	
15	7556	1	
15	8039	1	
15	14448	1	
15	13937	2	
15	6770	1	
15	20343	1	
15	7785	1	
15	15994	2	
15	13435	1	
15	20094	1	
15	3711	1	
15	5760	1	
15	21696	1	
15	5764	1	
15	13445	2	
15	20103	1	
15	137	2	
15	13451	1	
15	13452	1	
15	1167	4	
15	3217	1	
15	1170	2	
15	13459	1	
15	6809	1	
15	6812	1	
15	20638	1	
15	18080	1	
15	19816	1	
15	15523	1	
15	4773	1	
15	10407	3	
15	10408	1	
15	11434	1	
15	18042	1	
15	22188	3	
15	7538	1	
15	3758	1	
15	16049	2	
15	11444	2	
15	5815	1	
15	11449	1	
15	21693	1	
15	14016	1	
15	2243	1	
15	2245	1	
15	15563	1	
15	11471	1	
15	2768	1	
15	5843	1	
15	15581	1	
15	19172	1	
15	22245	1	
15	12011	1	
15	5276	1	
15	5875	2	
15	15096	1	
15	12927	1	
15	7933	1	
15	18686	2	
15	7424	1	
15	9600	1	
15	4868	1	
15	20012	1	
15	3339	2	
15	3340	1	
15	10510	4	
15	5993	1	
15	7952	2	
15	13073	1	
15	4886	2	
15	22295	1	
15	19737	1	
15	797	1	
15	7455	1	
15	4364	1	
15	11554	4	
15	1827	1	
15	5529	1	
15	4547	1	
15	2348	1	
15	2349	1	
15	15666	1	
15	11842	1	
15	9527	1	
15	3636	1	
15	12602	1	
15	17211	1	
15	16188	1	
15	9098	1	
15	16190	3	
15	7529	1	
15	15681	1	
15	2370	1	
15	22339	1	
15	22340	1	
15	9033	1	
15	13131	1	
15	7504	1	
15	12625	4	
15	14677	1	
15	6489	1	
15	16224	1	
15	6459	2	
15	7014	1	
15	13969	1	
15	8552	2	
15	20284	1	
15	7530	1	
15	5996	1	
15	9069	2	
15	9582	1	
15	9583	1	
15	3954	1	
15	12151	1	
15	7544	1	
15	10218	1	
15	8062	1	
15	7039	1	
15	2944	1	
15	9092	1	
15	4486	1	
15	9095	2	
15	15754	2	
15	15244	1	
15	12356	1	
15	4496	1	
15	4497	1	
15	22418	1	
15	15763	1	
15	14743	1	
15	19865	1	
15	15774	1	
15	17312	2	
15	15856	1	
15	18851	1	
15	15784	1	
15	15273	1	
15	14763	1	
15	10226	1	
15	4498	1	
15	15432	1	
15	20915	1	
15	500	2	
15	10684	7	
15	22464	1	
15	1473	1	
15	13763	2	
15	13252	1	
15	16374	1	
15	3528	1	
15	14800	1	
15	2001	1	
15	19619	2	
15	20291	2	
15	19424	1	
15	18920	1	
15	1002	1	
15	10219	4	
15	16367	1	
15	11760	1	
15	16882	1	
15	16884	2	
15	15671	1	
15	502	1	
15	15864	1	
15	6651	1	
15	6652	1	
15	10410	3	
15	20309	2	
16	8705	1	
16	13316	12	
16	15365	1	
16	22273	1	
16	9687	1	
16	11815	1	
16	17424	1	
16	20227	1	
16	10264	1	
16	11524	1	
16	3674	1	
16	9247	2	
16	16417	1	
16	6695	1	
16	15903	1	
16	3626	1	
16	11066	1	
16	1068	1	
16	3629	2	
16	14894	1	
16	3631	1	
16	1076	2	
16	18485	1	
16	17463	1	
16	22585	1	
16	3130	1	
16	20038	2	
16	19527	1	
16	22088	1	
16	15945	1	
16	11850	1	
16	11851	1	
16	588	1	
16	13389	1	
16	11855	1	
16	7504	1	
16	21586	2	
16	2645	2	
16	13912	1	
16	20569	1	
16	20570	1	
16	20571	2	
16	15097	1	
16	19553	1	
16	13412	1	
16	6758	1	
16	12390	1	
16	22119	1	
16	3688	2	
16	22121	1	
16	12394	1	
16	9831	2	
16	5309	1	
16	14448	1	
16	13937	2	
16	11887	1	
16	22133	1	
16	7017	1	
16	632	1	
16	17019	1	
16	13950	1	
16	3712	1	
16	13445	3	
16	4289	1	
16	1163	1	
16	7960	1	
16	14482	2	
16	19098	1	
16	4719	1	
16	14492	1	
16	12446	1	
16	18080	1	
16	15216	3	
16	7451	1	
16	19424	1	
16	4263	1	
16	10410	2	
16	4267	1	
16	11436	1	
16	9901	1	
16	14621	2	
16	7780	1	
16	2738	1	
16	19124	1	
16	9398	1	
16	12471	1	
16	10936	1	
16	2747	2	
16	20891	2	
16	19133	3	
16	7870	1	
16	1141	2	
16	11969	2	
16	2243	2	
16	20854	1	
16	7878	1	
16	7879	1	
16	7880	1	
16	12151	1	
16	21710	1	
16	18128	2	
16	14033	2	
16	19667	1	
16	7892	1	
16	15575	1	
16	9945	1	
16	9167	1	
16	7380	1	
16	22188	1	
16	741	1	
16	6375	1	
16	745	1	
16	5866	1	
16	5867	2	
16	22252	1	
16	7917	1	
16	19420	2	
16	2855	1	
16	13182	1	
16	22262	1	
16	12585	1	
16	13524	1	
16	11515	1	
16	22268	1	
16	18046	2	
16	20223	1	
16	13440	1	
16	5089	1	
16	4868	2	
16	6760	7	
16	3339	2	
16	1805	1	
16	10510	1	
16	1753	1	
16	18200	1	
16	7963	5	
16	7964	5	
16	7965	2	
16	20254	1	
16	9606	2	
16	7463	2	
16	11049	1	
16	12076	1	
16	18222	1	
16	7471	1	
16	18736	1	
16	10545	2	
16	18229	1	
16	21305	1	
16	12602	2	
16	18747	1	
16	20796	1	
16	5951	1	
16	14145	1	
16	15170	1	
16	22341	1	
16	8518	1	
16	18759	1	
16	3127	1	
16	4941	1	
16	3919	1	
16	3408	1	
16	21841	1	
16	14677	1	
16	9047	5	
16	14895	1	
16	20794	2	
16	3386	3	
16	2351	1	
16	7520	1	
16	16272	2	
16	11434	1	
16	2407	1	
16	7016	1	
16	5993	1	
16	5863	1	
16	9069	1	
16	13331	1	
16	11632	3	
16	5489	1	
16	10611	1	
16	15629	1	
16	6732	1	
16	13174	1	
16	12663	1	
16	12153	1	
16	8571	1	
16	13802	1	
16	12670	1	
16	16260	1	
16	4486	1	
16	16776	1	
16	13548	1	
16	16194	1	
16	17806	1	
16	4496	3	
16	22418	2	
16	3991	1	
16	21912	1	
16	17818	1	
16	20379	1	
16	14752	1	
16	929	1	
16	4515	1	
16	13969	1	
16	15273	1	
16	22442	2	
16	13244	2	
16	15276	2	
16	16301	1	
16	2990	4	
16	20914	1	
16	18420	1	
16	19900	1	
16	15808	1	
16	7584	1	
16	11714	1	
16	3524	1	
16	7110	1	
16	13255	1	
16	13388	1	
16	12746	1	
16	17868	1	
16	20429	1	
16	20431	1	
16	4725	1	
16	20434	1	
16	9684	2	
16	12757	1	
16	14807	1	
16	15403	1	
16	13723	1	
16	10205	1	
16	17866	1	
16	21985	2	
16	21986	1	
16	9120	1	
16	17892	2	
16	12625	1	
16	12778	1	
16	12779	2	
16	11858	1	
16	494	1	
16	15609	2	
16	4087	1	
16	18975	1	
16	11771	1	
16	22186	4	
16	5717	1	
17	12288	1	
17	13316	2	
17	8197	1	
17	9227	1	
17	12816	1	
17	8722	1	
17	10262	1	
17	22551	2	
17	9243	1	
17	22571	1	
17	3633	1	
17	1074	1	
17	1076	3	
17	2613	1	
17	22585	2	
17	20028	1	
17	5189	1	
17	12360	1	
17	3255	1	
17	13389	2	
17	15439	1	
17	592	1	
17	21586	1	
17	603	1	
17	10852	1	
17	18022	1	
17	22119	1	
17	6760	2	
17	6761	3	
17	4719	2	
17	17521	1	
17	21621	1	
17	2166	1	
17	10857	1	
17	4728	2	
17	6782	1	
17	6787	1	
17	13444	1	
17	6790	1	
17	6791	1	
17	1163	1	
17	9069	5	
17	22169	1	
17	15521	1	
17	7333	1	
17	8988	1	
17	4267	1	
17	12471	1	
17	11960	1	
17	8892	1	
17	19133	4	
17	6773	1	
17	13516	1	
17	1744	2	
17	17016	1	
17	11566	1	
17	14036	2	
17	17621	1	
17	11992	1	
17	1754	5	
17	740	1	
17	22245	1	
17	2790	1	
17	5863	1	
17	6377	1	
17	5867	1	
17	11007	1	
17	4868	2	
17	4364	1	
17	10510	1	
17	15119	2	
17	7952	1	
17	8468	1	
17	4885	1	
17	9860	1	
17	8474	1	
17	7964	7	
17	4826	1	
17	4385	1	
17	16682	1	
17	14983	1	
17	2860	1	
17	18222	1	
17	12081	1	
17	15666	1	
17	21330	1	
17	16194	1	
17	22341	1	
17	22344	1	
17	20299	1	
17	4945	1	
17	9047	1	
17	1363	1	
17	14677	3	
17	13881	1	
17	6489	2	
17	21850	1	
17	7520	1	
17	2410	1	
17	5997	1	
17	9071	1	
17	12151	1	
17	1917	1	
17	13182	1	
17	20352	1	
17	16770	1	
17	4484	1	
17	9606	1	
17	909	4	
17	910	1	
17	22418	5	
17	917	1	
17	18853	1	
17	18857	2	
17	13229	2	
17	19378	1	
17	21949	1	
17	8127	1	
17	19392	1	
17	13255	2	
17	12747	1	
17	9167	2	
17	8669	1	
17	17891	1	
17	18916	1	
17	15849	1	
17	15442	1	
17	19439	1	
17	5623	3	
17	18424	1	
17	5625	1	
17	11259	1	
18	12288	1	
18	19460	1	
18	22032	1	
18	1559	1	
18	15384	1	
18	2595	1	
18	7345	1	
18	11817	1	
18	1578	1	
18	3627	1	
18	1580	1	
18	9777	2	
18	6706	1	
18	13493	1	
18	8257	1	
18	15431	1	
18	15432	1	
18	13388	3	
18	13389	4	
18	6788	1	
18	9300	1	
18	18005	1	
18	22457	1	
18	3676	1	
18	3258	1	
18	18526	3	
18	12390	1	
18	21606	1	
18	13937	1	
18	1138	1	
18	18042	1	
18	5246	1	
18	16661	1	
18	5248	1	
18	5252	1	
18	13445	1	
18	11969	4	
18	13452	1	
18	17241	1	
18	9069	1	
18	5264	2	
18	17041	1	
18	1172	2	
18	5270	2	
18	4247	1	
18	22383	1	
18	14492	1	
18	18080	1	
18	15522	1	
18	9380	1	
18	22385	2	
18	22186	1	
18	22188	3	
18	16049	2	
18	19124	1	
18	2334	1	
18	12471	1	
18	15033	1	
18	19642	1	
18	17183	1	
18	19133	2	
18	9918	1	
18	4289	1	
18	4293	1	
18	13515	1	
18	3277	1	
18	9425	1	
18	22232	2	
18	16092	2	
18	2271	1	
18	7392	1	
18	12521	2	
18	22252	1	
18	7408	1	
18	5276	3	
18	22266	1	
18	7938	1	
18	17671	1	
18	17672	1	
18	19210	1	
18	17163	1	
18	4364	4	
18	20237	1	
18	1806	1	
18	22289	1	
18	17172	1	
18	18222	1	
18	6425	2	
18	19741	2	
18	17694	1	
18	14469	1	
18	17700	1	
18	8753	1	
18	5928	1	
18	5929	1	
18	16682	1	
18	15149	2	
18	5934	1	
18	7471	2	
18	12082	1	
18	1844	1	
18	14646	1	
18	2873	1	
18	12602	1	
18	12091	1	
18	16190	2	
18	7999	1	
18	3392	1	
18	15170	1	
18	17225	1	
18	8013	1	
18	9550	1	
18	18767	1	
18	7504	1	
18	12174	1	
18	4438	1	
18	9047	2	
18	6489	1	
18	2394	1	
18	9566	1	
18	7010	1	
18	7483	1	
18	20330	1	
18	13164	1	
18	2962	1	
18	7023	1	
18	13681	2	
18	16105	1	
18	9791	1	
18	14716	1	
18	1918	1	
18	15751	2	
18	3978	1	
18	20366	1	
18	4497	1	
18	22418	1	
18	15763	1	
18	9108	1	
18	16791	1	
18	11672	1	
18	21914	1	
18	4509	1	
18	2464	1	
18	15266	2	
18	17829	1	
18	1959	1	
18	19100	3	
18	12202	1	
18	11180	1	
18	437	1	
18	4023	1	
18	1465	1	
18	22463	1	
18	22464	4	
18	18370	1	
18	12739	2	
18	3528	1	
18	12746	2	
18	5580	1	
18	13218	1	
18	3408	1	
18	2001	1	
18	12757	1	
18	6565	1	
18	13793	1	
18	6651	2	
18	18420	1	
18	15273	1	
18	11771	1	
18	11434	1	
19	12288	2	
19	19460	2	
19	19286	1	
19	20999	1	
19	19464	1	
19	22025	1	
19	7178	1	
19	525	1	
19	9901	1	
19	7700	1	
19	17945	1	
19	3610	1	
19	17435	1	
19	11292	4	
19	22557	3	
19	13316	3	
19	4130	1	
19	2596	1	
19	12325	1	
19	11815	1	
19	11817	1	
19	20010	1	
19	20013	1	
19	12334	1	
19	1076	1	
19	22581	1	
19	17975	1	
19	2105	1	
19	2107	2	
19	19516	1	
19	3133	1	
19	12350	1	
19	4160	1	
19	4960	1	
19	22082	1	
19	20547	1	
19	15994	1	
19	1163	1	
19	15432	3	
19	3340	1	
19	11850	1	
19	17996	1	
19	13389	2	
19	592	1	
19	17339	1	
19	18005	2	
19	3134	1	
19	7772	1	
19	18528	1	
19	15971	1	
19	18022	1	
19	16998	1	
19	21613	1	
19	1469	1	
19	14448	2	
19	17521	1	
19	1140	2	
19	1141	3	
19	13161	1	
19	16504	1	
19	633	2	
19	11898	1	
19	4219	1	
19	18282	2	
19	13440	1	
19	22464	3	
19	19587	1	
19	18055	1	
19	14985	4	
19	18571	1	
19	13452	1	
19	13453	1	
19	18942	1	
19	14993	2	
19	658	1	
19	15434	1	
19	11926	1	
19	367	1	
19	9887	1	
19	15521	1	
19	3611	1	
19	4438	2	
19	13937	1	
19	10408	1	
19	4267	1	
19	22188	1	
19	14509	1	
19	8989	1	
19	16049	1	
19	13679	2	
19	12716	1	
19	19578	1	
19	22198	1	
19	12471	2	
19	10426	1	
19	19131	1	
19	15036	1	
19	19133	3	
19	21696	1	
19	8898	1	
19	14970	1	
19	13516	1	
19	2679	1	
19	16588	1	
19	20686	3	
19	7379	1	
19	7380	1	
19	19204	1	
19	10972	2	
19	10407	1	
19	10975	2	
19	7392	1	
19	21627	1	
19	740	1	
19	8422	1	
19	9169	1	
19	10985	1	
19	5866	1	
19	5867	1	
19	22252	1	
19	14574	1	
19	18557	1	
19	19184	1	
19	3313	3	
19	14072	1	
19	12026	2	
19	2025	1	
19	18175	1	
19	14082	1	
19	4868	3	
19	18182	1	
19	7041	2	
19	7432	1	
19	6921	1	
19	4364	1	
19	4884	1	
19	18197	1	
19	8473	1	
19	6938	1	
19	7451	3	
19	8988	1	
19	14621	1	
19	15648	1	
19	11555	1	
19	15456	1	
19	20103	1	
19	2348	2	
19	5421	1	
19	7982	1	
19	2351	2	
19	5424	1	
19	1844	3	
19	7477	1	
19	21305	1	
19	6971	1	
19	16190	1	
19	8512	1	
19	16193	4	
19	20803	1	
19	22340	1	
19	13129	3	
19	20109	1	
19	6592	1	
19	21845	2	
19	15190	1	
19	2873	1	
19	14682	4	
19	3421	1	
19	22368	1	
19	4961	1	
19	8035	1	
19	7014	1	
19	2407	1	
19	8040	1	
19	5993	1	
19	13674	1	
19	7911	1	
19	9069	1	
19	366	1	
19	8765	1	
19	11858	1	
19	15217	1	
19	15701	1	
19	6718	1	
19	12663	1	
19	21880	1	
19	21369	1	
19	7548	1	
19	11645	1	
19	12670	1	
19	12673	1	
19	18818	1	
19	14725	2	
19	1857	1	
19	10120	1	
19	21228	1	
19	3991	1	
19	11662	1	
19	7055	1	
19	6380	1	
19	20882	1	
19	3395	1	
19	16276	1	
19	917	1	
19	8086	1	
19	919	1	
19	3992	4	
19	5017	2	
19	7637	1	
19	1947	1	
19	17608	1	
19	15763	1	
19	15774	4	
19	14751	1	
19	12588	1	
19	14753	1	
19	18222	1	
19	6052	1	
19	18853	3	
19	12200	1	
19	13227	1	
19	8351	3	
19	4013	1	
19	2990	5	
19	22450	1	
19	3392	1	
19	19381	1	
19	16969	1	
19	17609	1	
19	18363	3	
19	19900	1	
19	3517	1	
19	4030	1	
19	4032	2	
19	11714	1	
19	502	1	
19	13767	1	
19	588	1	
19	12746	1	
19	21727	1	
19	9167	2	
19	8144	1	
19	2001	1	
19	9684	2	
19	15317	1	
19	4058	1	
19	8668	1	
19	20389	1	
19	6017	1	
19	2640	1	
19	5642	1	
19	11771	2	
19	2113	3	
19	15849	1	
19	12778	1	
19	4263	1	
19	18924	1	
19	4589	1	
19	16366	1	
19	6127	1	
19	11760	2	
19	3058	4	
19	5118	2	
19	16374	1	
19	18426	1	
19	11259	1	
19	15869	1	
19	10238	1	
19	14677	3	
20	12288	1	
20	13316	3	
20	22061	1	
20	11274	1	
20	11275	4	
20	3084	1	
20	22119	2	
20	526	1	
20	17424	1	
20	15856	1	
20	22551	2	
20	4868	1	
20	3610	1	
20	5149	1	
20	14881	2	
20	14882	3	
20	1589	1	
20	8355	1	
20	6695	1	
20	8236	1	
20	12333	1	
20	12336	1	
20	3633	1	
20	1076	1	
20	22581	3	
20	3127	1	
20	6713	1	
20	2106	2	
20	9275	1	
20	7471	1	
20	17983	2	
20	2113	2	
20	10818	1	
20	8771	2	
20	20188	1	
20	15432	2	
20	18023	1	
20	13388	2	
20	592	1	
20	3512	1	
20	21608	1	
20	5717	1	
20	17494	1	
20	11865	1	
20	9818	1	
20	12891	1	
20	6652	2	
20	11477	1	
20	15971	1	
20	11771	1	
20	3176	1	
20	11708	2	
20	9831	1	
20	21613	2	
20	11887	1	
20	1136	1	
20	15976	1	
20	626	1	
20	1141	2	
20	15994	1	
20	4221	1	
20	13950	1	
20	20095	1	
20	15491	1	
20	6788	1	
20	13445	1	
20	20102	1	
20	14985	2	
20	13452	2	
20	20109	1	
20	1167	1	
20	3943	3	
20	15897	1	
20	19993	1	
20	12441	1	
20	12399	1	
20	19101	2	
20	18080	3	
20	15521	1	
20	7451	1	
20	10407	2	
20	10408	1	
20	22186	1	
20	4267	1	
20	2220	2	
20	1710	1	
20	797	1	
20	19632	1	
20	16049	1	
20	6142	1	
20	22198	2	
20	22200	1	
20	7357	1	
20	4799	1	
20	14016	1	
20	8898	1	
20	2243	1	
20	10436	1	
20	13514	1	
20	16075	1	
20	13516	3	
20	22222	2	
20	11471	1	
20	5840	1	
20	721	1	
20	7380	1	
20	20686	1	
20	20694	1	
20	22232	1	
20	12505	1	
20	6875	1	
20	10972	1	
20	15581	1	
20	12510	1	
20	10975	2	
20	740	1	
20	8421	1	
20	20689	1	
20	9449	1	
20	7463	1	
20	3313	2	
20	20722	1	
20	467	1	
20	12670	2	
20	17142	1	
20	9513	1	
20	16121	1	
20	20177	1	
20	18686	2	
20	11007	1	
20	11008	1	
20	14285	1	
20	2307	1	
20	19716	1	
20	15621	1	
20	15113	1	
20	22282	1	
20	3339	2	
20	11946	2	
20	7952	1	
20	6787	1	
20	4884	1	
20	745	1	
20	11790	1	
20	7963	1	
20	7964	1	
20	8989	3	
20	18208	1	
20	5927	2	
20	12585	1	
20	2348	3	
20	10154	1	
20	16177	1	
20	8500	1	
20	10410	1	
20	6969	1	
20	20794	1	
20	10555	1	
20	9269	1	
20	16193	2	
20	17218	1	
20	19272	1	
20	13129	1	
20	12855	1	
20	19938	1	
20	20303	1	
20	12625	1	
20	15187	1	
20	8020	1	
20	14677	4	
20	11851	1	
20	9047	1	
20	18042	1	
20	19172	1	
20	14682	2	
20	18267	2	
20	3130	1	
20	11103	1	
20	2914	2	
20	2107	4	
20	13159	1	
20	5996	1	
20	17259	1	
20	8556	1	
20	9069	4	
20	10094	1	
20	15215	1	
20	5489	1	
20	10098	1	
20	11923	1	
20	13532	1	
20	20343	1	
20	5951	1	
20	1918	1	
20	19687	1	
20	2947	1	
20	16260	1	
20	4486	1	
20	11655	1	
20	2442	1	
20	1932	1	
20	12354	1	
20	2446	1	
20	17403	1	
20	8636	2	
20	20547	1	
20	408	1	
20	18841	1	
20	17818	1	
20	5019	1	
20	14748	1	
20	7481	1	
20	17312	1	
20	6561	1	
20	15266	1	
20	9124	1	
20	20389	1	
20	18857	1	
20	19370	1	
20	13227	1	
20	16813	1	
20	2990	2	
20	12209	1	
20	434	1	
20	12212	1	
20	1976	1	
20	13243	1	
20	19900	2	
20	11709	1	
20	11710	1	
20	501	1	
20	22464	1	
20	19019	1	
20	11898	1	
20	13255	2	
20	8268	2	
20	12746	2	
20	9122	1	
20	17729	1	
20	9167	1	
20	19093	1	
20	9169	1	
20	7909	1	
20	9684	1	
20	18902	1	
20	5597	1	
20	12770	1	
20	6651	1	
20	4433	1	
20	15868	1	
20	18922	1	
20	8172	1	
20	8173	1	
20	15855	2	
20	11760	2	
20	5365	1	
20	5118	2	
20	18423	1	
20	11604	1	
20	13819	1	
20	18940	1	
20	13821	1	
20	18942	1	
20	18005	1	
21	7680	1	
21	20994	1	
21	13316	2	
21	12805	2	
21	7687	1	
21	11275	2	
21	22573	1	
21	11790	1	
21	22032	1	
21	4115	1	
21	10263	1	
21	10265	1	
21	9755	1	
21	9244	1	
21	13854	2	
21	15365	1	
21	14882	1	
21	1371	1	
21	16936	1	
21	15976	1	
21	12842	2	
21	3629	3	
21	3631	3	
21	22064	1	
21	8241	1	
21	1592	1	
21	8250	1	
21	2445	1	
21	3134	1	
21	19519	1	
21	21568	1	
21	22593	1	
21	20547	2	
21	17988	1	
21	5867	1	
21	12360	1	
21	7755	2	
21	21586	2	
21	11672	1	
21	3674	1	
21	12891	3	
21	8749	1	
21	18528	1	
21	18022	1	
21	22119	2	
21	19900	1	
21	6761	1	
21	4714	1	
21	2663	1	
21	21102	1	
21	13937	1	
21	1141	4	
21	15991	1	
21	1144	1	
21	14459	1	
21	18557	1	
21	10878	1	
21	11392	1	
21	17312	1	
21	8043	2	
21	1668	1	
21	1669	1	
21	6790	1	
21	6791	1	
21	18568	1	
21	14473	1	
21	2701	1	
21	5264	1	
21	1170	1	
21	13459	2	
21	14998	1	
21	18287	1	
21	11422	1	
21	6853	1	
21	683	2	
21	797	1	
21	12464	1	
21	19124	1	
21	19133	4	
21	10357	1	
21	14016	1	
21	2243	1	
21	4293	1	
21	20167	2	
21	20168	1	
21	22220	1	
21	20686	1	
21	20687	2	
21	20691	1	
21	718	1	
21	11478	1	
21	15575	1	
21	11992	1	
21	9945	2	
21	4826	1	
21	1757	1	
21	21727	1	
21	7901	1	
21	18659	2	
21	10469	1	
21	7911	1	
21	5864	1	
21	7403	1	
21	1266	1	
21	7379	1	
21	12026	1	
21	15612	1	
21	18686	2	
21	11007	1	
21	13440	1	
21	4867	3	
21	4868	1	
21	7432	1	
21	20236	1	
21	1069	1	
21	9432	1	
21	2947	1	
21	4884	1	
21	12565	1	
21	4886	1	
21	14618	1	
21	10011	1	
21	8989	1	
21	18215	1	
21	9513	3	
21	5931	1	
21	8449	1	
21	5994	1	
21	7471	1	
21	10545	1	
21	1844	1	
21	10552	2	
21	21305	2	
21	6459	4	
21	8961	1	
21	19775	1	
21	16194	1	
21	17737	1	
21	20303	2	
21	15184	1	
21	3409	1	
21	15187	4	
21	9044	1	
21	14677	2	
21	20281	1	
21	2394	1	
21	8079	1	
21	9566	1	
21	1375	1	
21	15210	1	
21	5863	2	
21	9069	1	
21	9071	1	
21	10096	1	
21	5489	2	
21	967	4	
21	10103	1	
21	8568	1	
21	15919	1	
21	9791	1	
21	10219	1	
21	15752	1	
21	3991	2	
21	17293	1	
21	7055	1	
21	3992	1	
21	917	1	
21	14742	1	
21	18841	1	
21	7064	1	
21	20377	1	
21	15170	1	
21	2349	1	
21	7584	1	
21	17313	1	
21	13730	1	
21	18205	1	
21	6573	1	
21	12446	1	
21	7095	1	
21	11708	3	
21	17899	1	
21	22464	1	
21	15809	1	
21	8644	1	
21	4038	3	
21	929	2	
21	20429	1	
21	9167	1	
21	2351	1	
21	9171	1	
21	18391	1	
21	15610	1	
21	18911	1	
21	14306	6	
21	17403	4	
21	4587	1	
21	19050	1	
21	8786	1	
21	18174	1	
21	5623	3	
21	8184	1	
21	6651	2	
21	6655	1	
22	3073	1	
22	13316	1	
22	8709	2	
22	11777	1	
22	18952	1	
22	11273	5	
22	9360	1	
22	4107	1	
22	7180	1	
22	20817	1	
22	9901	1	
22	17424	1	
22	22616	1	
22	8451	1	
22	4117	1	
22	1048	1	
22	18948	1	
22	17435	2	
22	9244	1	
22	3674	1	
22	13854	1	
22	6917	1	
22	14369	1	
22	11298	1	
22	3107	1	
22	2596	2	
22	19718	1	
22	11302	1	
22	6695	2	
22	1576	1	
22	1578	1	
22	16982	1	
22	3629	3	
22	16430	2	
22	3633	3	
22	13874	2	
22	10151	1	
22	1076	1	
22	12341	1	
22	13912	2	
22	11832	1	
22	3641	1	
22	17170	1	
22	10300	1	
22	7471	1	
22	13887	1	
22	12354	1	
22	9227	1	
22	7236	1	
22	7237	1	
22	3088	1	
22	11336	3	
22	16969	1	
22	18023	1	
22	588	4	
22	13389	2	
22	12878	1	
22	591	2	
22	1706	1	
22	21586	3	
22	1895	1	
22	10510	1	
22	21590	1	
22	15448	3	
22	602	2	
22	6235	1	
22	13405	1	
22	7776	1	
22	22032	3	
22	15971	1	
22	18022	1	
22	9831	1	
22	18364	1	
22	11771	1	
22	3943	3	
22	18540	1	
22	21613	1	
22	11887	1	
22	14448	1	
22	13937	1	
22	626	1	
22	13428	3	
22	1141	1	
22	21097	1	
22	17016	1	
22	16081	1	
22	9074	2	
22	1664	1	
22	3201	1	
22	12930	1	
22	15723	1	
22	1669	5	
22	21520	1	
22	15495	1	
22	18569	2	
22	17203	1	
22	3636	2	
22	5264	2	
22	9194	1	
22	19593	1	
22	5268	1	
22	1174	1	
22	20242	1	
22	6060	1	
22	12447	1	
22	1136	1	
22	15013	1	
22	21617	1	
22	1564	1	
22	16042	1	
22	6791	1	
22	14509	1	
22	10928	1	
22	16049	1	
22	10930	1	
22	4276	1	
22	9127	1	
22	9398	1	
22	15817	3	
22	13611	1	
22	11963	1	
22	19133	8	
22	7870	1	
22	14016	4	
22	7873	1	
22	18114	1	
22	2243	1	
22	9924	1	
22	2245	1	
22	17185	1	
22	11059	1	
22	13514	1	
22	13516	2	
22	15565	1	
22	11471	1	
22	7888	1	
22	1745	1	
22	20690	2	
22	20692	3	
22	10453	1	
22	13689	1	
22	14040	1	
22	7897	2	
22	6875	1	
22	15068	1	
22	4986	2	
22	21727	1	
22	15590	1	
22	17639	1	
22	14806	1	
22	8425	1	
22	12010	1	
22	20519	2	
22	22252	2	
22	12089	1	
22	17134	1	
22	17135	1	
22	20209	1	
22	3060	1	
22	17790	1	
22	6902	1	
22	18005	3	
22	8953	1	
22	21757	1	
22	18686	2	
22	11008	3	
22	8449	1	
22	17154	1	
22	13059	1	
22	7126	1	
22	1798	1	
22	14088	1	
22	7433	1	
22	20234	1	
22	4364	2	
22	6786	1	
22	12558	1	
22	15119	1	
22	7952	1	
22	2834	1	
22	14467	1	
22	14592	1	
22	5337	1	
22	17041	1	
22	1697	1	
22	7451	1	
22	8988	1	
22	8989	1	
22	4894	1	
22	19589	1	
22	20257	1	
22	15579	1	
22	8996	1	
22	1670	1	
22	20774	2	
22	18140	1	
22	1152	1	
22	2859	1	
22	8790	1	
22	17202	1	
22	18222	1	
22	11055	1	
22	15752	1	
22	1842	1	
22	7475	1	
22	19156	2	
22	5431	1	
22	21305	7	
22	12602	1	
22	4831	1	
22	15754	1	
22	4414	1	
22	12318	1	
22	11672	1	
22	6979	1	
22	15491	1	
22	22341	1	
22	6982	1	
22	20585	1	
22	22344	2	
22	1865	1	
22	19208	1	
22	3197	1	
22	12112	1	
22	12625	4	
22	21330	1	
22	19939	1	
22	18773	1	
22	9047	2	
22	6489	2	
22	5433	1	
22	10896	1	
22	18273	1	
22	7010	1	
22	8081	1	
22	13161	1	
22	7889	2	
22	8043	2	
22	364	1	
22	9069	19	
22	5509	1	
22	6511	1	
22	9072	1	
22	10097	3	
22	4496	1	
22	19124	1	
22	9478	1	
22	21003	1	
22	21878	1	
22	20343	2	
22	18808	1	
22	14713	3	
22	14714	2	
22	4989	1	
22	12670	1	
22	9600	1	
22	5867	2	
22	1412	1	
22	10900	1	
22	4486	1	
22	16775	1	
22	904	1	
22	17290	1	
22	4418	1	
22	3520	1	
22	7055	1	
22	4497	1	
22	3992	1	
22	6826	1	
22	9393	1	
22	14744	1	
22	5017	2	
22	1138	1	
22	7481	2	
22	21918	1	
22	14751	1	
22	20384	1	
22	15266	8	
22	906	2	
22	4006	1	
22	15271	3	
22	4011	1	
22	15009	1	
22	679	1	
22	12852	2	
22	3400	1	
22	500	1	
22	13398	3	
22	7101	2	
22	12734	1	
22	11253	1	
22	22464	6	
22	4000	1	
22	11714	2	
22	13252	1	
22	4038	1	
22	8647	1	
22	13388	3	
22	12746	1	
22	11723	1	
22	5069	5	
22	5070	2	
22	9167	5	
22	8184	2	
22	13778	2	
22	10318	1	
22	7637	1	
22	8662	1	
22	22503	1	
22	17137	1	
22	4570	1	
22	6622	2	
22	19621	1	
22	18207	1	
22	9836	1	
22	14306	1	
22	995	2	
22	16806	1	
22	22502	1	
22	7655	1	
22	6652	1	
22	18922	1	
22	8683	1	
22	13093	1	
22	16366	1	
22	11760	2	
22	15405	1	
22	11763	1	
22	10740	1	
22	11765	1	
22	7670	1	
22	15864	1	
22	4601	1	
22	15871	4	
22	2044	1	
22	801	1	
22	14677	1	
23	6149	2	
23	6151	1	
23	19464	2	
23	11273	3	
23	9047	1	
23	16998	1	
23	11563	1	
23	17424	1	
23	2578	2	
23	4867	1	
23	13844	1	
23	12718	1	
23	11662	1	
23	12825	2	
23	22557	2	
23	4438	1	
23	9759	1	
23	11808	1	
23	2594	1	
23	6694	1	
23	6695	1	
23	7863	1	
23	17451	3	
23	8236	1	
23	7520	1	
23	4146	1	
23	1591	1	
23	19000	1	
23	3643	1	
23	4670	1	
23	19519	2	
23	16224	3	
23	22082	2	
23	20547	1	
23	8260	1	
23	19114	1	
23	8264	1	
23	1099	1	
23	13388	1	
23	15714	2	
23	10318	1	
23	15441	2	
23	21586	4	
23	1895	1	
23	15444	1	
23	13398	4	
23	7767	1	
23	7618	1	
23	6234	1	
23	4116	1	
23	10407	1	
23	16302	1	
23	3171	1	
23	7780	1	
23	3173	1	
23	18022	1	
23	17681	1	
23	12393	1	
23	2154	1	
23	9831	1	
23	1042	1	
23	9326	1	
23	13937	1	
23	1141	8	
23	6774	1	
23	21097	1	
23	17016	3	
23	14969	1	
23	18042	2	
23	19559	1	
23	18709	1	
23	128	1	
23	4032	1	
23	5251	2	
23	9864	1	
23	9068	1	
23	20429	1	
23	1163	1	
23	13452	1	
23	4290	10	
23	4239	3	
23	14019	2	
23	21652	1	
23	10901	2	
23	17046	2	
23	22167	1	
23	2244	1	
23	13979	1	
23	668	1	
23	18080	1	
23	9380	1	
23	13681	2	
23	6826	1	
23	6828	1	
23	16049	1	
23	11444	1	
23	16054	1	
23	2761	2	
23	7868	1	
23	19133	3	
23	14016	2	
23	11969	1	
23	14530	2	
23	2243	1	
23	20676	1	
23	2990	1	
23	14537	1	
23	16075	1	
23	13516	2	
23	11471	1	
23	8913	1	
23	10963	1	
23	10452	1	
23	10453	1	
23	12503	1	
23	9435	1	
23	10972	2	
23	4317	1	
23	1758	1	
23	14049	1	
23	2279	1	
23	11332	2	
23	9453	2	
23	6382	1	
23	11178	1	
23	20209	1	
23	20692	1	
23	11514	1	
23	12471	3	
23	17621	1	
23	11008	2	
23	5504	2	
23	14595	1	
23	4868	1	
23	6917	1	
23	9167	1	
23	20234	1	
23	271	1	
23	7953	1	
23	18708	1	
23	16661	1	
23	278	1	
23	18199	1	
23	4888	1	
23	11055	1	
23	17183	1	
23	20769	1	
23	20260	2	
23	5929	2	
23	7979	2	
23	12588	1	
23	5934	1	
23	7471	1	
23	10974	1	
23	21305	3	
23	12604	1	
23	18571	1	
23	8143	1	
23	1351	1	
23	22087	1	
23	22346	2	
23	141	2	
23	4546	1	
23	7224	1	
23	11603	1	
23	14677	3	
23	3414	1	
23	18775	1	
23	18776	1	
23	18267	3	
23	4604	1	
23	22368	2	
23	3426	1	
23	4291	1	
23	3943	1	
23	14725	1	
23	13161	1	
23	364	1	
23	9069	6	
23	8724	1	
23	15216	1	
23	7537	1	
23	3954	1	
23	17017	1	
23	18921	1	
23	13177	1	
23	9600	4	
23	2949	1	
23	15754	1	
23	5515	1	
23	17806	1	
23	7055	1	
23	16272	1	
23	22418	2	
23	14743	1	
23	409	1	
23	16367	1	
23	15774	1	
23	11641	1	
23	20384	2	
23	22171	1	
23	16773	1	
23	22442	1	
23	4011	1	
23	15276	1	
23	19886	1	
23	7600	1	
23	21426	1	
23	4019	3	
23	21696	2	
23	6076	1	
23	15805	1	
23	22464	1	
23	8641	1	
23	11714	1	
23	17149	1	
23	13255	2	
23	17996	2	
23	7114	1	
23	5069	3	
23	5071	2	
23	8636	1	
23	2003	1	
23	8270	1	
23	5590	1	
23	20952	1	
23	14081	1	
23	10205	1	
23	6622	1	
23	19938	1	
23	13799	1	
23	14332	1	
23	10219	1	
23	18173	1	
23	15856	1	
23	2407	1	
23	4435	1	
23	8180	1	
23	4601	1	
23	6652	1	
23	10154	1	
23	15871	1	
24	12288	2	
24	22272	1	
24	10246	3	
24	17424	1	
24	9816	1	
24	13331	1	
24	17945	1	
24	9755	1	
24	11807	1	
24	14369	1	
24	20520	1	
24	17451	2	
24	3633	1	
24	2611	1	
24	12852	1	
24	11444	1	
24	14397	1	
24	3134	1	
24	16224	1	
24	12354	1	
24	20547	1	
24	3140	1	
24	9289	1	
24	1719	1	
24	10339	1	
24	7764	1	
24	18005	3	
24	6742	1	
24	15448	1	
24	7769	1	
24	9819	1	
24	19550	1	
24	6239	1	
24	15456	1	
24	10939	1	
24	7780	1	
24	21608	1	
24	21097	2	
24	21612	1	
24	14448	1	
24	15976	1	
24	1140	2	
24	1141	3	
24	6263	1	
24	17017	1	
24	3197	2	
24	13440	1	
24	15490	1	
24	5251	1	
24	5764	1	
24	17547	1	
24	18114	1	
24	13677	1	
24	17688	1	
24	4756	1	
24	17046	2	
24	2153	1	
24	14488	1	
24	14024	1	
24	19124	1	
24	12471	1	
24	8376	1	
24	6329	1	
24	3258	2	
24	18975	1	
24	19133	1	
24	637	2	
24	4290	3	
24	2243	1	
24	20168	1	
24	2761	1	
24	10963	1	
24	20260	1	
24	9167	1	
24	19676	1	
24	13022	1	
24	4831	2	
24	1761	1	
24	1258	1	
24	21230	1	
24	18557	1	
24	13040	1	
24	16629	1	
24	22262	1	
24	18174	1	
24	14592	1	
24	4867	2	
24	4868	1	
24	2309	1	
24	17163	1	
24	5391	1	
24	15632	1	
24	1411	1	
24	12565	1	
24	10006	1	
24	4888	1	
24	282	1	
24	17181	1	
24	11555	1	
24	7972	1	
24	6441	2	
24	7476	2	
24	21305	2	
24	3900	1	
24	6973	1	
24	20813	1	
24	14677	1	
24	9047	2	
24	1370	1	
24	13148	1	
24	11104	1	
24	1852	1	
24	9069	1	
24	9072	1	
24	13681	1	
24	12663	1	
24	14827	1	
24	16260	1	
24	9609	1	
24	21902	2	
24	8685	2	
24	21905	2	
24	21906	1	
24	11332	1	
24	20384	1	
24	18853	2	
24	18857	1	
24	11179	2	
24	12717	1	
24	2990	1	
24	7600	1	
24	1461	1	
24	12734	1	
24	19396	1	
24	13255	1	
24	3529	1	
24	12746	1	
24	20429	1	
24	463	1	
24	22571	1	
24	10194	1	
24	15827	1	
24	8683	2	
24	4589	1	
24	16367	2	
24	503	1	
24	4602	1	
24	1531	1	
24	10238	1	
24	12799	3	
25	11008	2	
25	8706	1	
25	19460	1	
25	14081	1	
25	18946	1	
25	22032	1	
25	9241	1	
25	1562	1	
25	17435	3	
25	18460	1	
25	18975	1	
25	11808	1	
25	16417	1	
25	4647	1	
25	555	1	
25	8236	1	
25	8749	1	
25	18990	1	
25	15922	1	
25	9268	1	
25	12343	1	
25	3647	1	
25	13376	1	
25	20547	2	
25	22369	1	
25	12360	1	
25	7241	1	
25	1639	1	
25	20556	1	
25	15441	1	
25	21586	1	
25	4691	1	
25	13398	2	
25	14017	1	
25	15119	1	
25	7776	1	
25	15035	1	
25	4198	1	
25	9831	1	
25	22122	1	
25	22119	1	
25	21613	5	
25	18030	1	
25	12733	1	
25	14448	3	
25	1140	1	
25	22133	2	
25	4214	1	
25	17017	1	
25	11898	3	
25	9339	1	
25	18557	1	
25	18049	1	
25	12930	1	
25	15491	1	
25	5764	1	
25	7303	3	
25	17547	1	
25	6773	1	
25	17041	1	
25	17046	1	
25	13252	1	
25	22128	2	
25	5796	1	
25	10407	1	
25	13992	2	
25	11946	2	
25	13255	1	
25	4786	1	
25	14707	1	
25	4276	1	
25	13493	1	
25	1719	1	
25	13969	1	
25	17012	1	
25	9247	1	
25	3260	1	
25	19133	3	
25	1141	5	
25	12481	1	
25	17602	1	
25	2243	1	
25	9924	1	
25	15558	1	
25	20168	1	
25	6345	1	
25	8397	1	
25	11471	1	
25	9424	1	
25	10452	1	
25	9167	2	
25	19676	1	
25	16093	1	
25	5347	2	
25	18148	1	
25	21227	1	
25	22252	1	
25	13437	1	
25	2289	1	
25	22262	1	
25	14592	2	
25	18689	1	
25	7938	1	
25	19204	1	
25	7432	2	
25	17163	2	
25	4364	1	
25	5390	2	
25	5391	1	
25	2834	1	
25	12564	1	
25	15641	1	
25	19740	1	
25	797	1	
25	8479	1	
25	6437	1	
25	7463	1	
25	6441	1	
25	8449	1	
25	15410	1	
25	7471	3	
25	8503	1	
25	21304	1	
25	21305	2	
25	20794	2	
25	1852	1	
25	6976	1	
25	22339	1	
25	21828	1	
25	3909	1	
25	18759	1	
25	22344	2	
25	4944	1	
25	12625	2	
25	3412	1	
25	14677	1	
25	2905	1	
25	18267	2	
25	13148	1	
25	1375	1	
25	22368	1	
25	22416	2	
25	9571	1	
25	8549	1	
25	3943	2	
25	13161	1	
25	15212	1	
25	7537	2	
25	11635	1	
25	8566	1	
25	14714	1	
25	2944	1	
25	8512	1	
25	9606	2	
25	6539	1	
25	10636	1	
25	20880	1	
25	917	1	
25	15903	1	
25	16367	1	
25	20384	2	
25	15266	1	
25	11684	1	
25	18853	1	
25	15273	2	
25	22442	3	
25	18862	1	
25	18865	2	
25	4019	2	
25	18420	1	
25	1467	1	
25	8636	1	
25	3517	1	
25	15808	3	
25	19396	1	
25	19397	2	
25	8647	1	
25	12746	1	
25	459	1	
25	20429	1	
25	463	1	
25	464	1	
25	9169	1	
25	9170	1	
25	10195	1	
25	478	1	
25	13793	1	
25	2018	1	
25	22500	2	
25	4257	1	
25	22183	1	
25	8684	1	
25	493	1	
25	15616	1	
25	4591	2	
25	2407	1	
25	8180	1	
25	1531	1	
25	6652	1	
26	4610	1	
26	14342	1	
26	4618	1	
26	17424	1	
26	13841	1	
26	16414	1	
26	1576	2	
26	8236	1	
26	13357	1	
26	7261	1	
26	13360	2	
26	3633	1	
26	1076	1	
26	11329	1	
26	22082	1	
26	1719	1	
26	13388	1	
26	8272	1	
26	21586	1	
26	11348	1	
26	18005	1	
26	13398	1	
26	5207	1	
26	9816	1	
26	3258	1	
26	3259	1	
26	615	1	
26	3690	1	
26	7101	1	
26	21618	1	
26	1141	3	
26	17015	1	
26	11388	1	
26	9864	1	
26	145	1	
26	17046	1	
26	19124	1	
26	2761	1	
26	5304	1	
26	15033	1	
26	19130	1	
26	2235	1	
26	4290	1	
26	2243	1	
26	16069	1	
26	20168	1	
26	5321	1	
26	8913	1	
26	7379	1	
26	10452	1	
26	17632	1	
26	8421	1	
26	2279	1	
26	12532	1	
26	6901	1	
26	3060	1	
26	8449	2	
26	6914	1	
26	4867	1	
26	4868	1	
26	16651	1	
26	18191	1	
26	17688	1	
26	4891	2	
26	8989	1	
26	292	1	
26	3877	1	
26	561	1	
26	3880	1	
26	3881	1	
26	1844	1	
26	12852	2	
26	15584	1	
26	17225	1	
26	2018	1	
26	22351	1	
26	11600	1	
26	21841	1	
26	14677	1	
26	2905	1	
26	1371	1	
26	13148	2	
26	2914	1	
26	9069	3	
26	9072	2	
26	9081	1	
26	20118	1	
26	21905	1	
26	19346	1	
26	14743	1	
26	9626	1	
26	1441	1	
26	18853	1	
26	12717	1	
26	9139	1	
26	9145	1	
26	3629	2	
26	22464	1	
26	1099	1	
26	18884	1	
26	13255	1	
26	9167	1	
26	13778	1	
26	6622	2	
26	19938	2	
26	1512	1	
26	8685	1	
26	17396	1	
26	16375	1	
26	18424	1	
26	4180	1	
26	1532	1	
26	12799	1	
27	11008	2	
27	4610	2	
27	19460	2	
27	22041	1	
27	1564	1	
27	15903	2	
27	3621	1	
27	17451	1	
27	3629	1	
27	16435	1	
27	3641	1	
27	13883	1	
27	17996	1	
27	6221	1	
27	18510	1	
27	21586	3	
27	15955	1	
27	4180	1	
27	13398	4	
27	3674	1	
27	15971	1	
27	15548	1	
27	22122	2	
27	21613	1	
27	10862	1	
27	21617	3	
27	6770	1	
27	17016	1	
27	17017	1	
27	18042	1	
27	9339	1	
27	20098	1	
27	1671	1	
27	1163	1	
27	13970	1	
27	3220	2	
27	20118	1	
27	13937	1	
27	13992	2	
27	22186	1	
27	15532	1	
27	16049	1	
27	5304	4	
27	6516	1	
27	8378	1	
27	8892	2	
27	19133	3	
27	4290	3	
27	14024	1	
27	12663	2	
27	719	1	
27	18128	1	
27	20690	1	
27	8995	1	
27	10453	1	
27	11479	1	
27	11471	1	
27	14046	1	
27	10975	1	
27	8421	3	
27	8425	1	
27	5867	1	
27	7405	1	
27	22262	2	
27	5929	1	
27	17148	3	
27	14592	1	
27	7938	1	
27	14595	1	
27	772	1	
27	2309	1	
27	19719	1	
27	14088	1	
27	17163	1	
27	12625	1	
27	15119	1	
27	17170	1	
27	13592	1	
27	14622	1	
27	9691	1	
27	3877	1	
27	3881	2	
27	18055	1	
27	16691	1	
27	10206	1	
27	21305	2	
27	20794	1	
27	20284	1	
27	13634	1	
27	21319	1	
27	8012	1	
27	4432	1	
27	5969	1	
27	4438	2	
27	4441	1	
27	18267	1	
27	7516	1	
27	7397	1	
27	4451	1	
27	22503	1	
27	9069	1	
27	9072	2	
27	21874	1	
27	21364	1	
27	2933	1	
27	12151	1	
27	7040	1	
27	16775	1	
27	16799	1	
27	14753	1	
27	20389	1	
27	15273	1	
27	18865	1	
27	8626	1	
27	15283	1	
27	16825	1	
27	3517	1	
27	12734	1	
27	22464	1	
27	19396	1	
27	14583	1	
27	15820	1	
27	14798	1	
27	11737	1	
27	8666	1	
27	4329	1	
27	6138	1	
27	6622	1	
27	19939	1	
27	10725	1	
27	21841	1	
27	489	1	
27	11760	1	
27	500	1	
27	20474	1	
28	14592	2	
28	19460	1	
28	9733	1	
28	18952	1	
28	3088	1	
28	7536	1	
28	15378	1	
28	17435	2	
28	22557	1	
28	15903	1	
28	14369	2	
28	20519	1	
28	7208	1	
28	1068	1	
28	4653	1	
28	1280	1	
28	8236	1	
28	18483	2	
28	12852	1	
28	16649	1	
28	11832	1	
28	4668	2	
28	16650	1	
28	1076	1	
28	12352	1	
28	20547	1	
28	19527	1	
28	16968	1	
28	592	5	
28	21586	2	
28	10837	1	
28	13398	1	
28	11870	1	
28	16998	1	
28	22119	2	
28	4712	1	
28	21611	1	
28	20076	1	
28	21613	2	
28	13937	2	
28	1141	3	
28	119	1	
28	4222	1	
28	18049	1	
28	7303	1	
28	18540	1	
28	1163	2	
28	13969	1	
28	10901	1	
28	17046	2	
28	19096	1	
28	12441	1	
28	9072	1	
28	22188	1	
28	12656	1	
28	13490	1	
28	12471	2	
28	22200	1	
28	18975	1	
28	8892	1	
28	19133	3	
28	6848	1	
28	4295	1	
28	9247	1	
28	13516	1	
28	11471	1	
28	18128	1	
28	20692	1	
28	20695	2	
28	9945	1	
28	12510	1	
28	7888	1	
28	19684	1	
28	5867	1	
28	22252	1	
28	11008	4	
28	4867	1	
28	7432	1	
28	7433	2	
28	20234	1	
28	20751	1	
28	2322	1	
28	1812	1	
28	7455	1	
28	8482	1	
28	11555	2	
28	14121	1	
28	2348	1	
28	18222	1	
28	7476	1	
28	21305	4	
28	835	1	
28	16197	1	
28	16199	1	
28	9831	1	
28	8012	2	
28	22369	1	
28	12625	1	
28	4435	1	
28	14680	1	
28	18267	1	
28	15709	1	
28	7520	1	
28	7521	1	
28	19811	1	
28	15499	1	
28	6695	1	
28	15216	1	
28	21878	1	
28	13190	2	
28	7559	1	
28	15752	1	
28	17291	1	
28	10636	2	
28	20877	1	
28	9617	1	
28	19348	1	
28	3992	3	
28	20384	2	
28	15268	1	
28	15273	2	
28	16302	1	
28	7600	1	
28	7601	1	
28	8636	1	
28	22464	3	
28	13763	1	
28	11726	1	
28	9167	1	
28	13776	1	
28	981	1	
28	19939	2	
28	12779	1	
28	9710	1	
28	545	1	
28	6652	1	
29	12288	1	
29	7690	1	
29	11275	3	
29	3086	2	
29	17424	1	
29	3758	1	
29	5142	1	
29	17943	4	
29	15944	2	
29	22557	1	
29	17951	2	
29	17956	5	
29	17957	8	
29	21546	1	
29	1580	1	
29	21841	1	
29	17968	1	
29	1076	3	
29	17975	1	
29	11832	1	
29	22585	2	
29	10300	1	
29	13834	1	
29	12867	1	
29	3652	1	
29	12870	1	
29	8776	4	
29	13898	1	
29	6732	1	
29	5197	1	
29	14926	1	
29	2127	1	
29	21586	2	
29	22100	1	
29	15374	1	
29	14427	2	
29	22108	2	
29	18528	1	
29	21601	1	
29	17339	1	
29	18022	1	
29	3176	1	
29	113	1	
29	1141	1	
29	130	1	
29	5252	1	
29	19478	1	
29	135	1	
29	136	1	
29	1168	1	
29	15507	3	
29	2374	3	
29	19100	2	
29	4255	1	
29	16544	1	
29	18597	1	
29	5801	1	
29	22188	1	
29	14509	1	
29	5806	2	
29	21679	1	
29	19120	2	
29	19121	1	
29	11444	1	
29	19133	1	
29	9333	1	
29	22209	1	
29	8387	1	
29	9924	1	
29	11461	1	
29	10439	1	
29	17608	2	
29	15820	3	
29	11979	1	
29	13516	1	
29	1997	1	
29	5841	2	
29	5332	1	
29	22232	1	
29	2265	1	
29	10973	1	
29	735	1	
29	7397	1	
29	12007	1	
29	7409	1	
29	1266	1	
29	20723	4	
29	248	1	
29	4441	1	
29	17156	1	
29	3339	1	
29	4364	1	
29	20237	1	
29	21782	1	
29	2839	1	
29	132	1	
29	282	1	
29	11547	2	
29	11549	3	
29	14981	1	
29	5920	1	
29	17185	1	
29	19238	1	
29	22088	1	
29	14635	4	
29	7471	1	
29	2873	1	
29	7483	1	
29	16702	1	
29	14145	1	
29	16706	5	
29	19782	1	
29	17225	2	
29	19787	1	
29	21305	1	
29	20303	2	
29	4432	1	
29	12625	1	
29	20818	1	
29	18772	1	
29	12089	1	
29	6489	1	
29	7514	1	
29	13088	2	
29	22368	1	
29	7010	1	
29	5996	1	
29	9069	1	
29	9072	1	
29	13459	1	
29	12151	1	
29	8568	1	
29	17785	1	
29	15751	1	
29	15754	1	
29	7565	1	
29	8088	3	
29	7570	1	
29	11672	2	
29	8260	1	
29	13724	1	
29	13216	1	
29	9633	2	
29	4003	1	
29	18853	1	
29	5276	1	
29	15432	1	
29	15283	1	
29	11195	1	
29	20384	1	
29	13763	1	
29	4555	1	
29	5580	1	
29	17357	1	
29	9167	1	
29	15439	3	
29	19588	1	
29	19939	1	
29	999	1	
29	15850	1	
29	493	1	
29	15856	2	
29	502	2	
29	13737	1	
29	20986	1	
29	4603	1	
30	12288	2	
30	19460	1	
30	1545	1	
30	11275	5	
30	9292	1	
30	12306	1	
30	1454	1	
30	15382	1	
30	22551	1	
30	17951	1	
30	17956	1	
30	17957	3	
30	17958	1	
30	16049	2	
30	8236	1	
30	3629	1	
30	16430	1	
30	13875	1	
30	1076	1	
30	12341	1	
30	1590	1	
30	1591	1	
30	15431	1	
30	12360	1	
30	14409	1	
30	11850	1	
30	17996	1	
30	7248	1	
30	21586	2	
30	22100	1	
30	18522	1	
30	12602	1	
30	22108	1	
30	3258	1	
30	10337	1	
30	15971	1	
30	16998	1	
30	9831	1	
30	15976	1	
30	22119	1	
30	7792	1	
30	19048	2	
30	1138	1	
30	1141	1	
30	10358	2	
30	15994	1	
30	9339	1	
30	11392	1	
30	22147	1	
30	13444	1	
30	646	1	
30	13452	1	
30	13453	1	
30	3217	2	
30	3220	1	
30	17046	1	
30	18072	1	
30	15519	1	
30	9072	1	
30	22188	1	
30	14509	1	
30	7081	1	
30	7861	1	
30	10938	2	
30	20155	1	
30	19133	1	
30	9919	1	
30	4290	3	
30	11461	1	
30	15669	1	
30	17105	1	
30	22232	1	
30	9167	1	
30	14560	1	
30	17637	2	
30	8940	1	
30	18174	1	
30	14592	1	
30	15216	1	
30	4867	1	
30	775	1	
30	7952	1	
30	2835	1	
30	21781	2	
30	21782	1	
30	8989	1	
30	8484	1	
30	14635	1	
30	7471	1	
30	6965	1	
30	15666	1	
30	1844	1	
30	14645	1	
30	21305	1	
30	15674	1	
30	16702	1	
30	7477	1	
30	19776	1	
30	328	1	
30	17225	1	
30	19939	1	
30	4438	1	
30	860	1	
30	861	1	
30	22368	1	
30	22369	1	
30	2407	1	
30	9069	2	
30	11632	2	
30	7537	1	
30	7538	1	
30	17788	1	
30	4989	1	
30	1918	2	
30	18668	1	
30	3978	1	
30	7055	2	
30	20165	1	
30	3991	2	
30	11672	1	
30	11675	1	
30	15774	1	
30	14751	1	
30	20384	1	
30	9633	2	
30	19355	1	
30	15273	1	
30	11181	1	
30	4014	1	
30	15279	1	
30	4529	1	
30	15283	1	
30	5047	1	
30	17339	1	
30	3517	1	
30	11714	1	
30	13252	1	
30	15817	1	
30	15820	1	
30	14286	1	
30	9679	1	
30	10709	1	
30	13723	1	
30	19938	1	
30	995	1	
30	19943	1	
30	4074	1	
30	493	1	
30	7154	1	
30	5623	2	
30	4601	1	
30	11771	1	
30	4604	1	
30	12799	1	
31	12288	1	
31	1280	1	
31	13316	2	
31	13654	2	
31	17424	2	
31	19464	3	
31	22032	5	
31	17427	2	
31	4116	1	
31	1369	1	
31	7451	1	
31	6172	2	
31	15903	1	
31	15400	1	
31	17451	1	
31	8200	1	
31	18483	1	
31	569	1	
31	4668	1	
31	2229	1	
31	11332	1	
31	21067	1	
31	13388	9	
31	13389	2	
31	21586	2	
31	4691	1	
31	9817	2	
31	7264	1	
31	12897	1	
31	13411	1	
31	12390	1	
31	3175	1	
31	3943	2	
31	11887	1	
31	5232	1	
31	1141	2	
31	9339	3	
31	16508	3	
31	5246	2	
31	5760	1	
31	5251	1	
31	1668	1	
31	19596	1	
31	18371	1	
31	17046	1	
31	1136	1	
31	20131	1	
31	22186	1	
31	19626	1	
31	22188	1	
31	3758	1	
31	11444	1	
31	13493	2	
31	18108	1	
31	7370	1	
31	13504	1	
31	4290	8	
31	8906	1	
31	8908	1	
31	11474	1	
31	17621	1	
31	8919	1	
31	22232	1	
31	10972	2	
31	10975	1	
31	18147	1	
31	17637	2	
31	4326	1	
31	5415	2	
31	15403	1	
31	10483	1	
31	16628	1	
31	11514	1	
31	17659	2	
31	14592	4	
31	5504	1	
31	22571	2	
31	11524	1	
31	3852	1	
31	10510	2	
31	7952	2	
31	10515	1	
31	17688	1	
31	13444	1	
31	4891	1	
31	5919	2	
31	4385	1	
31	293	1	
31	7463	1	
31	5929	1	
31	15660	1	
31	4399	3	
31	5425	1	
31	4402	1	
31	19770	1	
31	20284	1	
31	20285	1	
31	4418	1	
31	3408	1	
31	12625	2	
31	4438	1	
31	9047	1	
31	4441	1	
31	7514	1	
31	1895	1	
31	15723	1	
31	9069	1	
31	2450	2	
31	9072	1	
31	8566	1	
31	12151	1	
31	11641	1	
31	4989	1	
31	13182	1	
31	9600	1	
31	11662	2	
31	22418	1	
31	18838	1	
31	21912	1	
31	7066	1	
31	15771	1	
31	5020	3	
31	1437	1	
31	15774	1	
31	20384	1	
31	6565	1	
31	15273	1	
31	10154	1	
31	12717	1	
31	17337	1	
31	2407	2	
31	22464	2	
31	15809	1	
31	11714	1	
31	1099	1	
31	18081	1	
31	12746	2	
31	20429	1	
31	9167	1	
31	13776	1	
31	16851	1	
31	9691	1	
31	18911	1	
31	19939	1	
31	22500	1	
31	19943	1	
31	10728	1	
31	18409	1	
31	12779	1	
31	7245	1	
31	3058	1	
31	13821	2	
32	1280	1	
32	20994	1	
32	5803	1	
32	13316	1	
32	16901	1	
32	5638	1	
32	9729	1	
32	13912	2	
32	1545	1	
32	18955	1	
32	9351	1	
32	11790	2	
32	2063	1	
32	17424	1	
32	19473	1	
32	17427	1	
32	21525	1	
32	22551	3	
32	4868	3	
32	17435	2	
32	1564	2	
32	22557	4	
32	11807	1	
32	12321	1	
32	4130	1	
32	19035	1	
32	1572	1	
32	3621	2	
32	20519	1	
32	15401	1	
32	1578	2	
32	1067	2	
32	16982	1	
32	11821	1	
32	6702	1	
32	8236	1	
32	12336	1	
32	9266	1	
32	51	1	
32	1076	1	
32	8961	1	
32	12342	1	
32	11815	1	
32	5690	1	
32	20029	1	
32	13887	2	
32	22368	1	
32	12354	2	
32	16651	1	
32	8260	1	
32	22086	1	
32	15432	2	
32	7180	1	
32	15751	1	
32	13388	5	
32	5197	1	
32	18688	1	
32	3151	1	
32	10832	2	
32	21586	6	
32	3171	1	
32	7950	1	
32	13398	2	
32	12888	2	
32	9817	1	
32	3674	1	
32	12602	1	
32	5306	1	
32	21621	1	
32	19553	1	
32	15971	2	
32	9316	3	
32	22119	1	
32	18364	4	
32	22122	1	
32	15463	1	
32	18540	1	
32	8301	1	
32	11887	1	
32	13937	5	
32	6770	1	
32	13428	9	
32	6773	1	
32	6774	1	
32	20841	1	
32	369	1	
32	21622	1	
32	5246	1	
32	6786	1	
32	6787	1	
32	19588	1	
32	1669	2	
32	7303	1	
32	2125	1	
32	18543	1	
32	1163	1	
32	18393	1	
32	5051	1	
32	5264	1	
32	10837	1	
32	7314	1	
32	18579	1	
32	3220	1	
32	19093	2	
32	22032	7	
32	1561	1	
32	7833	1	
32	22339	1	
32	10863	1	
32	1818	1	
32	9374	1	
32	5791	1	
32	15216	2	
32	8556	1	
32	10407	2	
32	2588	1	
32	14023	1	
32	22188	2	
32	18981	1	
32	13389	1	
32	2589	1	
32	20766	1	
32	7121	1	
32	12471	1	
32	8376	1	
32	364	1	
32	3258	3	
32	3260	1	
32	19133	1	
32	13941	1	
32	22209	2	
32	2166	1	
32	10439	1	
32	8393	1	
32	13514	1	
32	13515	1	
32	13516	1	
32	18948	1	
32	11471	2	
32	20177	1	
32	7893	1	
32	18646	1	
32	7383	1	
32	11994	1	
32	15283	1	
32	4831	2	
32	2196	3	
32	12515	2	
32	14158	2	
32	13030	1	
32	7399	1	
32	17943	1	
32	745	1	
32	6695	1	
32	4267	1	
32	20194	1	
32	19582	1	
32	758	1	
32	11511	1	
32	22265	1	
32	5873	1	
32	11714	1	
32	10357	1	
32	14592	5	
32	14081	2	
32	22571	1	
32	14596	1	
32	15864	1	
32	18185	2	
32	9483	1	
32	2873	1	
32	10510	1	
32	16972	1	
32	8989	1	
32	4884	2	
32	13078	2	
32	16663	1	
32	15641	1	
32	20762	2	
32	7451	2	
32	20485	3	
32	9946	1	
32	20254	1	
32	19743	1	
32	18208	1	
32	18209	1	
32	11555	2	
32	5414	1	
32	1835	1	
32	12076	1	
32	4910	1	
32	7471	3	
32	10263	1	
32	7475	2	
32	3892	1	
32	8158	1	
32	14646	1	
32	5517	1	
32	21305	1	
32	3386	2	
32	7483	1	
32	20284	1	
32	12682	1	
32	5438	1	
32	5390	1	
32	19424	3	
32	8514	1	
32	6283	1	
32	22340	1	
32	13129	2	
32	20299	1	
32	16205	1	
32	10574	1	
32	16719	1	
32	9041	1	
32	13138	2	
32	14677	3	
32	19286	1	
32	9047	3	
32	14680	1	
32	6489	2	
32	2394	1	
32	18267	1	
32	15709	1	
32	11008	1	
32	2911	1	
32	4448	1	
32	2914	3	
32	6459	1	
32	2918	2	
32	15207	1	
32	15209	1	
32	6506	1	
32	5996	1	
32	20882	1	
32	9583	2	
32	12656	1	
32	13681	4	
32	11708	1	
32	7542	1	
32	20343	2	
32	13177	1	
32	20859	2	
32	897	1	
32	12663	1	
32	16260	1	
32	2710	1	
32	5511	1	
32	20874	2	
32	16779	2	
32	3468	1	
32	16269	1	
32	20878	1	
32	17807	2	
32	18832	1	
32	8081	1	
32	22418	1	
32	19347	3	
32	7600	2	
32	6809	1	
32	409	1	
32	7066	1	
32	13723	1	
32	17818	1	
32	20384	5	
32	6561	1	
32	15266	4	
32	6052	1	
32	4006	1	
32	15271	1	
32	11113	1	
32	18352	4	
32	22450	1	
32	19162	1	
32	841	1	
32	14324	1	
32	1979	1	
32	8636	2	
32	19389	1	
32	22464	10	
32	4277	1	
32	20303	1	
32	17227	1	
32	19396	3	
32	14277	1	
32	9158	1	
32	13255	2	
32	15817	1	
32	12746	4	
32	10700	1	
32	20429	1	
32	9167	1	
32	15660	1	
32	16851	2	
32	15317	1	
32	15268	1	
32	20442	1	
32	22351	1	
32	20570	1	
32	18398	1	
32	1504	1	
32	8161	1	
32	19938	1	
32	21987	1	
32	22500	3	
32	19429	1	
32	22503	1	
32	7313	1	
32	2025	1	
32	12778	1	
32	12779	3	
32	3052	1	
32	493	2	
32	13807	1	
32	15856	2	
32	17067	1	
32	13451	3	
32	4598	1	
32	7160	1	
32	4601	1	
32	1824	1	
32	16981	1	
33	12288	1	
33	16901	1	
33	8201	1	
33	9047	1	
33	4623	1	
33	17424	1	
33	13912	1	
33	19480	1	
33	11524	1	
33	6685	1	
33	18975	1	
33	18467	1	
33	2596	1	
33	1578	3	
33	1074	1	
33	12341	1	
33	22585	1	
33	3130	1	
33	13885	2	
33	13887	2	
33	15201	3	
33	9686	1	
33	13388	1	
33	13901	1	
33	9816	1	
33	12390	2	
33	6760	1	
33	14448	1	
33	21608	2	
33	13428	5	
33	1141	1	
33	10360	1	
33	15994	2	
33	5764	1	
33	13445	1	
33	13452	3	
33	19094	2	
33	1176	1	
33	6809	1	
33	22171	1	
33	18077	2	
33	15216	2	
33	21617	2	
33	4776	1	
33	18119	2	
33	15532	2	
33	2348	1	
33	4274	1	
33	22198	1	
33	11453	2	
33	7870	1	
33	3266	1	
33	4295	1	
33	13514	1	
33	12151	1	
33	15567	1	
33	6864	1	
33	7380	1	
33	6875	1	
33	10972	2	
33	22188	2	
33	741	2	
33	7400	1	
33	14574	1	
33	15096	1	
33	7040	1	
33	14082	1	
33	4868	1	
33	2309	1	
33	18185	2	
33	3339	1	
33	15630	1	
33	18191	1	
33	7952	2	
33	2834	1	
33	16665	1	
33	8989	1	
33	14469	1	
33	17184	1	
33	1243	1	
33	1828	1	
33	16169	2	
33	12076	1	
33	7475	3	
33	1862	1	
33	16062	2	
33	3408	1	
33	4438	1	
33	855	4	
33	6489	2	
33	2394	1	
33	18267	1	
33	15710	2	
33	10593	1	
33	9167	1	
33	3943	1	
33	360	1	
33	3946	1	
33	7536	1	
33	20851	2	
33	3958	1	
33	13175	1	
33	14714	2	
33	8255	2	
33	9600	1	
33	7041	1	
33	9090	3	
33	16260	2	
33	12595	1	
33	17290	1	
33	12183	1	
33	20891	1	
33	925	1	
33	12708	1	
33	19366	1	
33	15275	1	
33	15432	1	
33	5554	1	
33	12212	1	
33	6075	1	
33	8131	1	
33	13764	1	
33	13255	1	
33	12746	9	
33	12495	1	
33	17871	1	
33	17872	1	
33	9684	1	
33	14806	1	
33	9687	1	
33	17881	2	
33	18911	1	
33	8161	1	
33	999	1	
33	7164	3	
33	12778	1	
33	8174	1	
33	4087	1	
33	6652	3	
34	3171	1	
34	8198	1	
34	12716	1	
34	17418	2	
34	7180	1	
34	22032	8	
34	7536	2	
34	2578	3	
34	4117	1	
34	17943	1	
34	1048	1	
34	13849	1	
34	6171	1	
34	22557	1	
34	15903	1	
34	18352	2	
34	2596	1	
34	1573	1	
34	15400	1	
34	1578	8	
34	1067	1	
34	8236	1	
34	8797	1	
34	12336	1	
34	1074	2	
34	12341	1	
34	1460	1	
34	17467	1	
34	3889	1	
34	13887	4	
34	11708	2	
34	13891	1	
34	3655	1	
34	18507	1	
34	13388	1	
34	13389	2	
34	12878	2	
34	10321	2	
34	13062	1	
34	14751	1	
34	18004	1	
34	6741	4	
34	11193	1	
34	14424	1	
34	14716	1	
34	20570	2	
34	12602	1	
34	605	1	
34	17424	1	
34	15971	1	
34	8292	1	
34	22119	1	
34	8892	4	
34	12394	1	
34	8301	1	
34	11887	1	
34	14448	1	
34	13937	1	
34	19058	2	
34	19571	1	
34	13428	6	
34	8818	1	
34	21622	1	
34	14969	1	
34	20927	1	
34	13950	1	
34	19582	1	
34	12565	1	
34	6786	7	
34	12419	2	
34	14469	1	
34	11969	1	
34	14473	1	
34	12076	1	
34	16834	1	
34	7533	1	
34	4240	1	
34	17041	1	
34	7826	1	
34	8899	1	
34	2196	2	
34	12604	1	
34	14488	2	
34	7321	1	
34	13466	1	
34	4719	1	
34	15521	1	
34	16034	1	
34	8867	2	
34	2914	1	
34	6822	1	
34	10407	2	
34	4776	1	
34	19626	1	
34	4267	1	
34	2220	1	
34	14509	1	
34	841	1	
34	9393	1	
34	9394	1	
34	15539	1	
34	4276	1	
34	5814	1	
34	364	1	
34	10426	1	
34	16373	1	
34	12988	2	
34	7870	2	
34	4799	1	
34	21696	3	
34	22209	1	
34	12994	1	
34	12483	1	
34	12484	1	
34	17185	1	
34	9506	1	
34	12495	1	
34	13009	2	
34	4818	1	
34	14035	1	
34	7380	2	
34	5070	1	
34	19162	1	
34	18140	1	
34	21213	1	
34	3621	1	
34	7392	1	
34	18384	1	
34	9442	1	
34	12515	1	
34	7396	1	
34	20774	4	
34	745	1	
34	5867	1	
34	19989	1	
34	13549	1	
34	14574	1	
34	12018	1	
34	1662	1	
34	13255	1	
34	15096	1	
34	3796	2	
34	18421	1	
34	18686	2	
34	14592	1	
34	2818	1	
34	10499	1	
34	4868	2	
34	8454	1	
34	18185	5	
34	20234	1	
34	3339	2	
34	4364	1	
34	9090	1	
34	18191	1	
34	7952	1	
34	6787	1	
34	12564	1	
34	6421	1	
34	7471	1	
34	8989	1	
34	4382	1	
34	7455	1	
34	4385	1	
34	16674	1	
34	16163	1	
34	16166	1	
34	7463	1	
34	5929	1	
34	2348	1	
34	18222	2	
34	10205	1	
34	5000	2	
34	13883	1	
34	16181	1	
34	16695	1	
34	3778	1	
34	20794	1	
34	5435	1	
34	8508	1	
34	17229	1	
34	3390	1	
34	10560	1	
34	20803	1	
34	22341	1	
34	13129	2	
34	20299	1	
34	845	1	
34	18767	1	
34	11600	1	
34	10065	1	
34	18770	1	
34	9043	1	
34	6234	1	
34	14677	1	
34	18404	1	
34	3386	1	
34	7520	1	
34	15714	1	
34	1379	1	
34	6746	1	
34	3943	1	
34	360	1	
34	20329	2	
34	17260	1	
34	9069	1	
34	21613	1	
34	6000	2	
34	13682	1	
34	19315	1	
34	3958	2	
34	12663	1	
34	14714	1	
34	16243	2	
34	16252	1	
34	11645	1	
34	18988	1	
34	14144	1	
34	18818	1	
34	16260	1	
34	15237	3	
34	4486	1	
34	15751	1	
34	15752	1	
34	3627	1	
34	15767	1	
34	19853	1	
34	17806	1	
34	19864	1	
34	20882	1	
34	11668	1	
34	1633	1	
34	11672	1	
34	11673	1	
34	13723	1	
34	12188	2	
34	3999	1	
34	11760	1	
34	20891	1	
34	6052	1	
34	12700	1	
34	10096	1	
34	9033	1	
34	7600	3	
34	7601	1	
34	15283	3	
34	15284	2	
34	17846	1	
34	17225	1	
34	15289	2	
34	5051	1	
34	18364	1	
34	3519	1	
34	22464	1	
34	21953	2	
34	18882	2	
34	7039	1	
34	18593	1	
34	12746	3	
34	5580	1	
34	5069	2	
34	14286	1	
34	9167	2	
34	8425	1	
34	18385	1	
34	7635	1	
34	9684	2	
34	4053	1	
34	9686	1	
34	6104	1	
34	17881	1	
34	17373	1	
34	6622	1	
34	5600	1	
34	8161	1	
34	19938	1	
34	5267	1	
34	21617	1	
34	13800	1	
34	15849	1	
34	10834	1	
34	494	1	
34	17903	1	
34	15856	1	
34	4597	1	
34	7670	1	
34	15855	1	
34	5625	2	
34	6651	1	
34	10410	1	
