1	683	1	
1	18113	1	
1	4488	1	
1	1257	1	
1	4595	1	
1	17424	1	
1	12306	1	
1	18862	1	
1	15128	1	
1	15534	1	
1	9887	1	
1	7717	1	
1	10225	1	
1	6826	1	
1	4011	1	
1	21933	1	
1	18222	1	
1	21295	2	
1	22259	1	
1	19124	1	
1	21305	2	
1	17170	1	
1	12959	1	
1	19900	1	
1	3517	1	
1	12734	1	
1	3058	1	
1	15170	1	
1	8518	1	
1	588	1	
1	17741	1	
1	5838	1	
1	9167	1	
1	592	1	
1	18771	1	
1	9684	1	
1	15445	1	
1	14807	1	
1	15448	1	
1	1371	1	
1	873	1	
1	9069	1	
1	19133	4	
1	11760	1	
1	18773	1	
1	15218	1	
1	15731	1	
1	17012	1	
1	16373	1	
1	20343	1	
1	17016	1	
1	17019	1	
1	1918	1	
1	14677	2	
2	8193	1	
2	18946	1	
2	6149	1	
2	10497	1	
2	19464	1	
2	3074	1	
2	12816	1	
2	13331	1	
2	7854	2	
2	19204	1	
2	17435	2	
2	1564	1	
2	4263	1	
2	18975	2	
2	20000	1	
2	7088	1	
2	4130	1	
2	16385	1	
2	20519	1	
2	15976	1	
2	13866	1	
2	15403	1	
2	5676	1	
2	3629	6	
2	4654	1	
2	14895	1	
2	7432	1	
2	3636	2	
2	12342	1	
2	6713	1	
2	5690	1	
2	14399	1	
2	9072	1	
2	3651	1	
2	17476	1	
2	19526	1	
2	14993	1	
2	19016	1	
2	12746	1	
2	591	1	
2	10321	1	
2	21586	2	
2	21076	1	
2	8797	1	
2	18014	2	
2	10335	1	
2	18016	1	
2	12897	1	
2	13412	1	
2	10854	1	
2	22119	1	
2	6175	1	
2	10857	2	
2	18023	1	
2	14448	1	
2	9832	1	
2	15474	1	
2	6771	1	
2	10574	1	
2	3189	1	
2	10870	1	
2	14969	1	
2	18046	2	
2	20095	1	
2	1664	1	
2	15808	1	
2	15491	1	
2	5764	1	
2	14469	1	
2	20614	1	
2	18625	1	
2	7306	2	
2	14475	1	
2	20622	1	
2	19599	1	
2	9873	2	
2	1685	1	
2	22032	2	
2	14488	1	
2	6809	1	
2	6300	1	
2	19102	1	
2	18629	1	
2	4257	1	
2	10915	1	
2	15012	1	
2	14501	1	
2	13937	1	
2	10920	1	
2	11946	4	
2	4267	1	
2	22188	2	
2	15128	1	
2	12975	1	
2	18632	1	
2	19124	1	
2	1717	1	
2	22198	1	
2	15903	2	
2	3260	1	
2	19133	11	
2	20159	1	
2	22209	1	
2	14530	1	
2	4293	1	
2	15558	1	
2	14024	1	
2	4303	1	
2	18128	1	
2	14033	1	
2	22229	1	
2	14038	1	
2	1751	1	
2	11992	1	
2	1753	1	
2	1754	1	
2	19675	1	
2	10972	1	
2	16093	1	
2	4831	1	
2	17123	1	
2	8421	1	
2	15590	1	
2	8935	1	
2	8426	1	
2	6759	1	
2	4846	1	
2	12531	1	
2	14462	1	
2	22262	1	
2	1833	1	
2	5885	1	
2	5374	1	
2	14592	1	
2	22273	1	
2	14595	2	
2	4868	5	
2	19718	1	
2	11137	1	
2	17672	1	
2	8236	1	
2	10510	1	
2	6927	1	
2	18192	1	
2	10514	1	
2	10515	1	
2	9729	1	
2	10006	1	
2	10519	1	
2	1816	1	
2	1818	1	
2	2686	1	
2	2846	1	
2	10531	1	
2	5929	2	
2	8449	2	
2	8415	1	
2	21295	6	
2	817	1	
2	7475	1	
2	2870	1	
2	21305	3	
2	7391	1	
2	8074	1	
2	6974	1	
2	8511	1	
2	3392	2	
2	13122	1	
2	15171	1	
2	8006	1	
2	12110	1	
2	3408	1	
2	11601	1	
2	4435	1	
2	16212	1	
2	14677	4	
2	13174	1	
2	1593	1	
2	1699	1	
2	13658	1	
2	1167	1	
2	15709	1	
2	1374	1	
2	22245	1	
2	1376	1	
2	3626	1	
2	19174	1	
2	17041	1	
2	20329	1	
2	9069	3	
2	14703	1	
2	2416	1	
2	5489	1	
2	6593	1	
2	14709	1	
2	16758	1	
2	12663	1	
2	16276	1	
2	10618	1	
2	7999	1	
2	1918	2	
2	19093	1	
2	6464	1	
2	8145	1	
2	21733	1	
2	7559	1	
2	8684	1	
2	16778	1	
2	14743	1	
2	10636	1	
2	4418	1	
2	8079	1	
2	4496	4	
2	4497	3	
2	5861	1	
2	18324	1	
2	7062	1	
2	8625	1	
2	2968	1	
2	8603	2	
2	2464	1	
2	15266	1	
2	17315	1	
2	11173	1	
2	16812	1	
2	7635	1	
2	2480	1	
2	15432	1	
2	9139	1	
2	8630	1	
2	7848	1	
2	16194	1	
2	22464	1	
2	20384	1	
2	13763	2	
2	17861	1	
2	15376	1	
2	3528	1	
2	21616	1	
2	15818	1	
2	13772	3	
2	20429	1	
2	9167	1	
2	17360	1	
2	2001	1	
2	20947	1	
2	9172	1	
2	7637	1	
2	719	1	
2	18393	1	
2	14081	1	
2	2525	1	
2	18853	1	
2	22496	1	
2	11600	1	
2	12778	1	
2	17899	1	
2	18412	2	
2	493	1	
2	16367	1	
2	497	1	
2	11762	1	
2	11771	3	
2	3068	1	
2	9496	1	
3	8197	1	
3	22032	2	
3	11793	1	
3	15278	1	
3	10778	1	
3	17435	1	
3	858	1	
3	11294	1	
3	9247	1	
3	2596	1	
3	21542	1	
3	20519	1	
3	21032	1	
3	1067	1	
3	8236	1	
3	3629	3	
3	7217	1	
3	3636	2	
3	18014	1	
3	22368	1	
3	588	2	
3	17997	1	
3	592	1	
3	21586	1	
3	595	1	
3	6741	1	
3	602	1	
3	11870	1	
3	18530	1	
3	10854	1	
3	19559	1	
3	10857	1	
3	13937	3	
3	19061	1	
3	12905	1	
3	9853	1	
3	20095	1	
3	13440	1	
3	22464	2	
3	21634	1	
3	9351	1	
3	7313	1	
3	9876	1	
3	7831	2	
3	14492	1	
3	4255	1	
3	6000	1	
3	14501	1	
3	14502	1	
3	4404	1	
3	13481	1	
3	11946	1	
3	10925	1	
3	16049	2	
3	12471	1	
3	18975	1	
3	19133	7	
3	19136	1	
3	14530	1	
3	1227	1	
3	20687	1	
3	14033	1	
3	4306	1	
3	4310	1	
3	15575	1	
3	2266	1	
3	15580	1	
3	16605	1	
3	10978	1	
3	7911	1	
3	4647	1	
3	12013	1	
3	6389	2	
3	15098	1	
3	10492	1	
3	18173	2	
3	10495	1	
3	8449	1	
3	14082	1	
3	14595	1	
3	19204	1	
3	2309	1	
3	15625	1	
3	4364	1	
3	5390	1	
3	7952	1	
3	1813	2	
3	22295	1	
3	15128	1	
3	1818	1	
3	7451	1	
3	1824	1	
3	7457	1	
3	14120	1	
3	1833	1	
3	1834	1	
3	20269	1	
3	5934	1	
3	21295	1	
3	18736	1	
3	15666	2	
3	7988	1	
3	21305	1	
3	7483	1	
3	20285	1	
3	6464	2	
3	4417	2	
3	5445	1	
3	10573	1	
3	4432	1	
3	21330	1	
3	14677	1	
3	19286	1	
3	9047	1	
3	13658	1	
3	13663	1	
3	16224	1	
3	4449	1	
3	868	1	
3	6887	1	
3	5996	1	
3	9069	1	
3	879	1	
3	15216	1	
3	882	1	
3	12151	1	
3	21878	1	
3	20343	3	
3	21880	1	
3	10388	1	
3	10618	1	
3	893	1	
3	1412	1	
3	5513	1	
3	13707	1	
3	8079	1	
3	4496	2	
3	4497	2	
3	8082	1	
3	19353	1	
3	18853	1	
3	424	1	
3	18857	2	
3	13244	1	
3	11692	1	
3	21933	1	
3	21422	1	
3	7088	1	
3	4540	1	
3	1984	1	
3	12746	1	
3	11723	1	
3	13772	1	
3	20942	1	
3	9167	2	
3	16848	1	
3	16344	1	
3	15184	1	
3	494	1	
3	1522	1	
3	20468	1	
3	8184	1	
3	18428	1	
4	3073	1	
4	15874	1	
4	17424	1	
4	4440	1	
4	13331	1	
4	16407	1	
4	4868	1	
4	17435	2	
4	22557	1	
4	6687	1	
4	7771	1	
4	8742	1	
4	3629	1	
4	9262	1	
4	8935	1	
4	1076	1	
4	12342	2	
4	12345	1	
4	19515	1	
4	13887	3	
4	14596	1	
4	15434	1	
4	11851	1	
4	588	2	
4	10833	1	
4	21586	2	
4	7764	1	
4	602	2	
4	15119	1	
4	18014	1	
4	10113	1	
4	19556	1	
4	22119	1	
4	10857	1	
4	2154	1	
4	18030	1	
4	13937	1	
4	4723	1	
4	19060	1	
4	15774	1	
4	17016	1	
4	6265	1	
4	4219	1	
4	14462	1	
4	15491	1	
4	12933	1	
4	7817	2	
4	7306	1	
4	17041	1	
4	16835	1	
4	9876	1	
4	19610	1	
4	14703	1	
4	14492	1	
4	20165	2	
4	10401	1	
4	21251	1	
4	4263	3	
4	5801	1	
4	11946	2	
4	4267	1	
4	22188	1	
4	15534	1	
4	16049	2	
4	19124	3	
4	7862	1	
4	12471	1	
4	8376	1	
4	698	2	
4	15903	1	
4	700	1	
4	19133	14	
4	703	1	
4	14016	1	
4	22209	1	
4	14530	1	
4	11461	1	
4	20168	4	
4	7370	1	
4	20343	1	
4	13516	3	
4	719	1	
4	14033	1	
4	3284	1	
4	3285	3	
4	14047	1	
4	8417	1	
4	13027	1	
4	721	1	
4	12008	1	
4	4329	1	
4	18267	2	
4	12334	1	
4	17132	1	
4	9453	1	
4	18159	1	
4	12018	1	
4	17142	1	
4	15096	1	
4	15216	1	
4	17151	1	
4	8449	1	
4	16131	1	
4	19204	1	
4	18181	1	
4	19718	1	
4	1921	1	
4	15624	1	
4	18185	2	
4	4364	4	
4	12559	1	
4	17171	1	
4	17684	1	
4	4654	1	
4	8636	2	
4	1823	1	
4	4385	2	
4	7970	1	
4	20260	1	
4	5414	1	
4	18222	2	
4	21295	3	
4	8500	1	
4	14645	1	
4	18231	1	
4	21305	6	
4	7483	1	
4	8511	1	
4	16194	1	
4	15184	1	
4	21330	1	
4	14677	1	
4	5433	1	
4	18776	1	
4	3419	1	
4	15709	1	
4	13663	1	
4	14469	1	
4	4449	1	
4	16229	1	
4	7016	1	
4	21865	1	
4	7019	1	
4	879	1	
4	9072	3	
4	12663	1	
4	8568	1	
4	12665	1	
4	1917	1	
4	9600	1	
4	21889	1	
4	18818	1	
4	14725	1	
4	748	1	
4	15754	2	
4	8043	1	
4	1420	1	
4	4493	1	
4	8079	1	
4	4496	5	
4	7150	3	
4	13719	1	
4	17818	1	
4	926	1	
4	8607	3	
4	20384	1	
4	15266	1	
4	12200	1	
4	18857	1	
4	16812	1	
4	4019	2	
4	7582	2	
4	10679	2	
4	8401	1	
4	19900	1	
4	12307	1	
4	13763	1	
4	13764	1	
4	7110	1	
4	17996	1	
4	15818	2	
4	15820	1	
4	464	1	
4	7634	1	
4	2003	1	
4	7637	1	
4	470	1	
4	14807	1	
4	11737	2	
4	8666	1	
4	17218	1	
4	19938	1	
4	4074	1	
4	10221	1	
4	10222	1	
4	11760	1	
4	499	1	
4	502	2	
4	11771	1	
4	21845	1	
5	1537	1	
5	1544	1	
5	13834	1	
5	10763	1	
5	12825	2	
5	17435	1	
5	22557	1	
5	15903	2	
5	10799	1	
5	567	1	
5	568	2	
5	573	1	
5	22082	1	
5	16964	1	
5	1607	1	
5	15432	1	
5	4169	1	
5	11851	1	
5	21586	2	
5	2645	1	
5	8797	1	
5	11870	1	
5	19556	1	
5	20242	1	
5	14448	1	
5	7471	1	
5	6770	1	
5	17016	1	
5	3711	1	
5	13442	1	
5	18056	1	
5	21642	1	
5	13425	1	
5	15532	1	
5	9901	1	
5	16049	2	
5	19124	4	
5	16565	1	
5	16054	1	
5	698	1	
5	15548	1	
5	19133	5	
5	8898	1	
5	20167	2	
5	20168	2	
5	13516	2	
5	3278	1	
5	18128	1	
5	20689	1	
5	19155	2	
5	22232	3	
5	5339	1	
5	4831	1	
5	16608	1	
5	20194	1	
5	7397	1	
5	14033	2	
5	11496	1	
5	12018	2	
5	17142	1	
5	15096	1	
5	18173	1	
5	20232	1	
5	4364	1	
5	17170	1	
5	18195	1	
5	17172	1	
5	4886	1	
5	16664	1	
5	19737	1	
5	8751	1	
5	5509	1	
5	801	1	
5	21295	2	
5	15666	1	
5	8502	1	
5	21305	2	
5	5841	1	
5	6461	1	
5	17216	1	
5	16194	1	
5	17219	1	
5	3408	1	
5	14677	1	
5	4438	1	
5	13658	3	
5	13663	1	
5	15205	1	
5	3943	1	
5	7018	2	
5	8935	1	
5	21873	1	
5	12151	1	
5	1408	1	
5	21889	1	
5	1410	1	
5	1413	1	
5	17218	1	
5	4497	2	
5	2451	1	
5	13723	1	
5	15774	1	
5	20384	1	
5	15777	1	
5	15266	1	
5	18853	2	
5	16812	1	
5	1469	1	
5	14795	1	
5	4046	2	
5	12255	1	
5	10218	1	
5	3055	1	
5	8184	1	
5	19285	1	
6	12288	1	
6	16385	1	
6	19460	2	
6	13834	1	
6	9047	1	
6	17424	2	
6	19726	1	
6	13331	1	
6	13316	1	
6	15903	1	
6	22057	1	
6	13866	1	
6	3627	1	
6	3629	1	
6	12334	1	
6	4655	1	
6	7217	1	
6	1074	1	
6	21684	1	
6	7690	1	
6	16961	4	
6	11152	2	
6	16963	1	
6	7241	1	
6	11850	1	
6	11851	1	
6	588	3	
6	11853	1	
6	6464	2	
6	21586	1	
6	2645	1	
6	5208	1	
6	7780	1	
6	19549	1	
6	18016	1	
6	13412	1	
6	3175	1	
6	3688	2	
6	13779	1	
6	19390	1	
6	4884	1	
6	10131	1	
6	18282	1	
6	11902	1	
6	13442	1	
6	5252	1	
6	6337	1	
6	17041	1	
6	13970	1	
6	21142	1	
6	6809	1	
6	21146	1	
6	19347	1	
6	11479	1	
6	14495	1	
6	16969	1	
6	2215	1	
6	11434	2	
6	20167	1	
6	15532	1	
6	16049	1	
6	19124	2	
6	1717	1	
6	5815	1	
6	3770	1	
6	20155	2	
6	7303	1	
6	19133	2	
6	19134	1	
6	21696	1	
6	7361	1	
6	4295	1	
6	9418	1	
6	2763	1	
6	18128	2	
6	19155	2	
6	19156	1	
6	14038	1	
6	20695	1	
6	11992	1	
6	4314	1	
6	18420	1	
6	7903	1	
6	4048	1	
6	13027	1	
6	18148	1	
6	8421	2	
6	11496	1	
6	3817	1	
6	18154	1	
6	21232	1	
6	20691	1	
6	7412	1	
6	22262	1	
6	15096	1	
6	7380	1	
6	22272	1	
6	17163	1	
6	4364	5	
6	13582	1	
6	1812	1	
6	10372	1	
6	14618	1	
6	4399	2	
6	8988	1	
6	17183	1	
6	801	1	
6	19238	1	
6	13611	1	
6	18222	1	
6	21295	2	
6	4401	1	
6	19258	1	
6	14047	1	
6	15676	1	
6	3392	1	
6	16706	1	
6	12354	1	
6	18505	1	
6	21841	1	
6	18773	1	
6	8761	1	
6	16651	1	
6	7396	1	
6	13658	2	
6	12602	1	
6	3936	1	
6	22369	1	
6	1380	1	
6	7018	2	
6	13164	1	
6	9069	1	
6	4328	1	
6	15730	1	
6	2451	1	
6	13174	2	
6	20343	2	
6	893	1	
6	1918	3	
6	17216	1	
6	16774	1	
6	4493	1	
6	4496	1	
6	2450	1	
6	4499	1	
6	11156	1	
6	13722	1	
6	21487	1	
6	14748	1	
6	7582	1	
6	15775	1	
6	15266	1	
6	18853	1	
6	14761	2	
6	16301	1	
6	10158	1	
6	10159	1	
6	14769	1	
6	4169	1	
6	11764	1	
6	4831	1	
6	21436	2	
6	12734	1	
6	11714	1	
6	16835	3	
6	22604	1	
6	12746	1	
6	4046	4	
6	13776	2	
6	2003	1	
6	4570	1	
6	592	1	
6	19942	1	
6	12625	3	
6	15849	1	
6	12778	2	
6	12779	1	
6	16367	1	
6	11760	4	
6	8180	1	
6	1013	1	
6	15273	1	
6	16890	1	
6	6652	1	
6	17066	1	
6	10238	1	
7	12288	1	
7	1537	2	
7	20994	1	
7	19460	1	
7	3073	1	
7	22188	1	
7	9227	1	
7	7180	1	
7	6400	1	
7	17424	2	
7	17435	1	
7	15903	2	
7	21032	1	
7	21033	1	
7	3629	1	
7	9262	1	
7	10289	1	
7	1074	2	
7	1076	1	
7	5690	1	
7	15199	1	
7	8766	1	
7	16961	6	
7	16963	2	
7	15432	1	
7	4169	1	
7	11851	1	
7	588	1	
7	10832	1	
7	21586	2	
7	4692	1	
7	2645	1	
7	602	2	
7	13404	1	
7	7778	1	
7	10854	1	
7	15548	1	
7	18545	1	
7	1138	2	
7	13429	1	
7	4214	1	
7	2167	1	
7	5753	1	
7	13950	3	
7	13951	2	
7	13954	1	
7	7303	1	
7	15500	1	
7	16017	1	
7	13970	1	
7	6291	1	
7	11496	1	
7	14495	1	
7	1696	1	
7	4257	1	
7	5798	1	
7	11436	1	
7	6770	3	
7	3759	1	
7	10928	1	
7	16049	1	
7	21173	1	
7	20155	3	
7	700	1	
7	19133	6	
7	7870	2	
7	703	1	
7	18628	1	
7	1733	1	
7	15558	1	
7	20167	1	
7	20343	1	
7	13516	1	
7	3278	1	
7	13663	1	
7	19155	4	
7	14038	1	
7	22232	1	
7	10972	1	
7	1758	2	
7	4831	1	
7	1762	1	
7	14051	1	
7	4328	1	
7	12009	1	
7	12013	1	
7	12018	2	
7	12670	1	
7	4349	1	
7	1280	1	
7	16651	1	
7	4364	3	
7	13442	1	
7	15119	1	
7	15128	2	
7	19737	1	
7	21295	4	
7	18209	1	
7	11555	1	
7	18212	1	
7	7471	1	
7	18736	1	
7	12852	1	
7	20284	1	
7	6461	1	
7	15166	1	
7	8512	1	
7	20813	2	
7	3408	1	
7	12625	1	
7	18773	1	
7	15709	1	
7	16223	1	
7	22368	1	
7	22369	1	
7	15202	1	
7	11835	2	
7	7014	1	
7	7313	1	
7	7018	2	
7	999	3	
7	9069	1	
7	11632	1	
7	2416	1	
7	11708	1	
7	13174	1	
7	12663	1	
7	8568	2	
7	8569	1	
7	19323	1	
7	1918	1	
7	15744	1	
7	17216	1	
7	15425	1	
7	10636	1	
7	8079	1	
7	4496	3	
7	4497	1	
7	13716	1	
7	18837	1	
7	6464	1	
7	11672	1	
7	15773	1	
7	7584	1	
7	15266	1	
7	9637	1	
7	16806	1	
7	10857	1	
7	16301	1	
7	18862	1	
7	10682	1	
7	13755	1	
7	8636	2	
7	22464	1	
7	13767	1	
7	4046	2	
7	8144	3	
7	13779	1	
7	7637	1	
7	10718	1	
7	15184	3	
7	10725	1	
7	21841	1	
7	489	1	
7	7150	1	
7	13807	1	
7	11760	1	
7	13813	1	
7	6136	2	
7	5625	1	
7	4090	2	
7	11771	1	
7	21845	1	
8	8705	1	
8	15874	2	
8	19460	2	
8	6150	1	
8	13834	2	
8	10242	1	
8	17424	1	
8	15889	2	
8	13849	1	
8	13853	1	
8	6694	1	
8	8233	1	
8	4654	1	
8	13359	1	
8	13887	1	
8	11847	2	
8	15432	1	
8	11850	1	
8	8781	1	
8	12878	2	
8	21072	1	
8	21586	1	
8	10573	1	
8	16473	1	
8	8797	1	
8	13412	1	
8	20585	2	
8	14448	2	
8	13937	1	
8	10857	2	
8	15481	1	
8	4219	1	
8	13445	1	
8	15494	1	
8	7306	1	
8	13451	1	
8	10900	1	
8	4263	1	
8	15532	2	
8	8365	1	
8	3258	1	
8	20155	1	
8	19133	3	
8	9918	1	
8	21696	1	
8	20168	2	
8	12663	3	
8	14032	1	
8	7380	1	
8	9167	1	
8	2394	1	
8	4831	2	
8	8421	2	
8	11496	2	
8	8425	1	
8	1280	1	
8	8449	1	
8	14082	1	
8	14595	1	
8	4868	1	
8	4364	2	
8	19725	1	
8	19734	1	
8	20255	2	
8	7457	1	
8	1829	2	
8	10024	1	
8	18311	1	
8	18222	1	
8	17200	1	
8	17203	1	
8	8502	1	
8	5431	1	
8	21305	2	
8	12602	1	
8	15166	1	
8	6464	2	
8	6979	1	
8	17229	2	
8	22355	1	
8	4438	1	
8	21847	1	
8	6489	1	
8	4442	1	
8	14686	1	
8	18783	1	
8	14469	1	
8	22369	2	
8	21352	1	
8	9069	2	
8	1256	1	
8	4469	1	
8	21878	1	
8	20343	1	
8	17788	2	
8	893	2	
8	15751	1	
8	17804	1	
8	7055	1	
8	22339	2	
8	1439	1	
8	7584	1	
8	10154	1	
8	18865	1	
8	7095	1	
8	10682	1	
8	6598	1	
8	7629	1	
8	6989	1	
8	9171	1	
8	4055	1	
8	3066	1	
8	7138	1	
8	13803	1	
8	11760	1	
8	497	1	
8	2552	1	
8	835	1	
8	6652	2	
9	1537	1	
9	19460	2	
9	7690	1	
9	4619	1	
9	17424	1	
9	10259	1	
9	4120	1	
9	13849	2	
9	17435	2	
9	10313	1	
9	15903	1	
9	3119	1	
9	1076	2	
9	21557	2	
9	17975	1	
9	9272	1	
9	11835	1	
9	11837	1	
9	19520	1	
9	13835	1	
9	11020	1	
9	11850	1	
9	16973	1	
9	6223	2	
9	21586	3	
9	15448	2	
9	602	1	
9	18014	1	
9	15717	1	
9	12897	1	
9	10340	2	
9	19559	1	
9	10857	2	
9	4199	1	
9	3517	1	
9	14448	1	
9	20499	1	
9	13941	1	
9	14969	2	
9	18042	2	
9	6782	1	
9	13442	1	
9	21635	1	
9	19588	1	
9	13961	1	
9	3636	1	
9	3217	1	
9	17042	1	
9	13459	1	
9	10901	2	
9	11927	1	
9	14488	1	
9	14489	1	
9	16539	1	
9	14492	1	
9	18080	3	
9	21104	1	
9	14504	1	
9	6826	1	
9	6828	4	
9	15534	1	
9	19124	1	
9	9398	1	
9	3258	1	
9	19133	6	
9	7870	2	
9	20167	3	
9	20168	3	
9	3278	1	
9	719	1	
9	14032	1	
9	14033	1	
9	17620	1	
9	22229	1	
9	11992	1	
9	11482	1	
9	17359	1	
9	1758	1	
9	10975	1	
9	15584	1	
9	1761	1	
9	10978	2	
9	11496	5	
9	6382	1	
9	7920	1	
9	13013	1	
9	17154	1	
9	4868	1	
9	20234	1	
9	3339	1	
9	4364	2	
9	19725	2	
9	19731	1	
9	19732	1	
9	15128	1	
9	7451	1	
9	1833	1	
9	13611	1	
9	12076	1	
9	8502	2	
9	17719	1	
9	16696	1	
9	21305	5	
9	17212	1	
9	6974	1	
9	831	1	
9	8512	1	
9	4417	1	
9	13125	1	
9	21318	1	
9	17223	1	
9	3127	1	
9	21324	1	
9	12110	1	
9	3408	1	
9	14677	2	
9	3417	1	
9	2394	1	
9	14686	1	
9	7568	1	
9	11109	1	
9	7313	1	
9	9069	4	
9	21874	1	
9	15166	1	
9	21878	1	
9	12663	2	
9	10618	1	
9	7560	1	
9	10121	1	
9	14730	1	
9	10638	1	
9	4496	2	
9	5273	1	
9	10144	1	
9	15266	3	
9	420	1	
9	16301	1	
9	12852	1	
9	7600	1	
9	8626	1	
9	7584	2	
9	10679	1	
9	13245	1	
9	22464	2	
9	8641	4	
9	7618	1	
9	21961	2	
9	5578	1	
9	8652	1	
9	9167	2	
9	16848	2	
9	9170	1	
9	7637	1	
9	7638	1	
9	14807	1	
9	11737	1	
9	6622	1	
9	11233	1	
9	22500	1	
9	10221	1	
9	11760	1	
9	11762	1	
9	18420	1	
9	13816	1	
9	11771	2	
9	6652	1	
9	5118	1	
10	10113	1	
10	15874	1	
10	14595	1	
10	13445	1	
10	16774	1	
10	19208	1	
10	18185	1	
10	394	1	
10	4364	1	
10	8749	1	
10	4496	1	
10	4497	1	
10	835	1	
10	10644	2	
10	6446	1	
10	22032	1	
10	15903	1	
10	6809	1	
10	13979	1	
10	4382	1	
10	14469	1	
10	7457	1	
10	17435	1	
10	4263	2	
10	3629	1	
10	1710	1	
10	19124	1	
10	10679	1	
10	16586	1	
10	21305	1	
10	21727	1	
10	14013	1	
10	4030	1	
10	16831	1	
10	20803	1	
10	22340	1	
10	15558	1	
10	20168	3	
10	13772	1	
10	11850	1	
10	11851	1	
10	588	1	
10	20686	2	
10	9167	1	
10	14032	1	
10	8568	1	
10	4306	1	
10	19155	1	
10	2645	1	
10	5625	1	
10	19544	1	
10	18267	1	
10	4555	1	
10	1765	1	
10	16608	1	
10	22369	1	
10	19938	1	
10	2747	1	
10	7397	1	
10	16998	1	
10	9645	1	
10	11496	1	
10	9069	1	
10	7150	1	
10	19133	1	
10	11760	1	
10	21876	1	
10	16373	1	
10	5623	1	
10	13816	1	
10	3065	1	
10	18042	1	
10	4219	1	
10	8188	1	
10	18005	1	
11	12288	1	
11	8705	1	
11	7683	1	
11	7684	2	
11	13834	1	
11	20494	2	
11	2063	1	
11	22551	3	
11	13848	1	
11	12825	2	
11	5149	2	
11	15903	4	
11	15393	1	
11	7203	1	
11	19493	1	
11	22571	1	
11	8236	1	
11	8238	1	
11	12852	1	
11	5385	1	
11	8260	2	
11	22369	1	
11	12360	1	
11	6733	1	
11	21586	1	
11	12888	1	
11	602	1	
11	92	1	
11	94	1	
11	15457	1	
11	7780	1	
11	21605	1	
11	10360	3	
11	16512	1	
11	18056	1	
11	7823	1	
11	1168	2	
11	6801	1	
11	2715	1	
11	16546	1	
11	19619	2	
11	9380	1	
11	10407	2	
11	683	1	
11	9757	1	
11	14001	1	
11	19634	1	
11	11444	1	
11	5301	5	
11	3258	1	
11	12481	1	
11	18210	1	
11	15567	1	
11	20695	2	
11	20194	1	
11	22557	2	
11	6900	1	
11	14583	2	
11	248	1	
11	2310	1	
11	18185	1	
11	17162	1	
11	11479	1	
11	4364	1	
11	11737	1	
11	20256	1	
11	290	1	
11	6459	1	
11	21330	1	
11	4438	1	
11	4440	1	
11	1167	2	
11	7519	1	
11	22368	1	
11	1889	1	
11	11684	2	
11	7527	2	
11	8553	1	
11	9069	2	
11	18818	1	
11	7567	1	
11	7579	1	
11	7582	1	
11	20384	1	
11	18851	1	
11	18852	1	
11	1959	2	
11	10154	1	
11	5551	1	
11	6076	1	
11	17312	1	
11	11714	2	
11	7629	1	
11	14584	1	
11	16547	2	
11	9124	1	
11	8156	1	
11	6622	1	
11	16363	2	
11	14324	3	
11	505	3	
11	4602	1	
12	12288	1	
12	8705	1	
12	15874	1	
12	9733	1	
12	13832	1	
12	9644	1	
12	22551	2	
12	5660	2	
12	15903	4	
12	5664	1	
12	1578	1	
12	20012	1	
12	16434	1	
12	14387	2	
12	1076	1	
12	4666	1	
12	11835	1	
12	13885	1	
12	13887	1	
12	13889	1	
12	22082	1	
12	11850	1	
12	10679	1	
12	21586	2	
12	18005	1	
12	2648	2	
12	3676	1	
12	8797	1	
12	7776	1	
12	19555	1	
12	18022	1	
12	7782	1	
12	9831	1	
12	19561	1	
12	18030	1	
12	13937	1	
12	6772	1	
12	15491	1	
12	13963	2	
12	1167	1	
12	7313	1	
12	12910	1	
12	13466	1	
12	13979	1	
12	12446	1	
12	16547	1	
12	22188	2	
12	14509	1	
12	17071	2	
12	4277	1	
12	16054	2	
12	8892	1	
12	1216	1	
12	2243	1	
12	20167	2	
12	14028	1	
12	20686	3	
12	11471	1	
12	7380	1	
12	13526	1	
12	10972	1	
12	10975	1	
12	7392	1	
12	10467	2	
12	5861	1	
12	19174	1	
12	7400	1	
12	21737	1	
12	5867	1	
12	14574	1	
12	469	1	
12	14592	1	
12	14082	1	
12	4868	2	
12	15404	1	
12	16650	1	
12	5909	1	
12	17688	1	
12	14108	1	
12	801	1	
12	18210	1	
12	17188	1	
12	14640	1	
12	10545	1	
12	15666	1	
12	7219	1	
12	1844	1	
12	21727	1	
12	8511	1	
12	1163	1	
12	6982	1	
12	13129	2	
12	17162	1	
12	20299	1	
12	909	1	
12	15184	1	
12	12625	1	
12	4438	1	
12	18267	1	
12	3935	2	
12	15206	1	
12	9873	2	
12	7018	1	
12	5996	1	
12	9069	1	
12	15216	1	
12	20854	1	
12	18016	1	
12	15935	1	
12	14716	1	
12	17789	1	
12	2944	1	
12	4486	1	
12	15754	1	
12	12354	1	
12	10644	1	
12	11692	1	
12	17312	1	
12	14753	1	
12	15784	1	
12	427	1	
12	11180	1	
12	16301	1	
12	2990	1	
12	5551	1	
12	17840	1	
12	7090	1	
12	6067	1	
12	17225	1	
12	17339	1	
12	15808	1	
12	20384	1	
12	13772	1	
12	9167	1	
12	9169	1	
12	16035	1	
12	7637	1	
12	14807	1	
12	6622	1	
12	18911	1	
12	6651	1	
12	7655	1	
12	8169	1	
12	7148	1	
12	11760	3	
12	16882	1	
12	16373	1	
12	5623	1	
12	11771	1	
13	12288	1	
13	4961	1	
13	9733	1	
13	8013	1	
13	19464	1	
13	13838	1	
13	22032	1	
13	4115	1	
13	7704	1	
13	1561	1	
13	22557	2	
13	15903	1	
13	4870	1	
13	17961	2	
13	1578	2	
13	16434	1	
13	4665	1	
13	3130	1	
13	13887	1	
13	22369	1	
13	22601	1	
13	11850	1	
13	13389	1	
13	12878	1	
13	592	1	
13	4691	1	
13	18005	3	
13	2745	1	
13	9817	1	
13	20570	1	
13	16570	1	
13	94	1	
13	12897	1	
13	16998	1	
13	19900	2	
13	13418	2	
13	18030	1	
13	11709	1	
13	625	1	
13	1163	1	
13	1141	1	
13	13161	1	
13	632	1	
13	16661	1	
13	6786	2	
13	6787	1	
13	13445	1	
13	15499	1	
13	19599	1	
13	16016	1	
13	10264	1	
13	2195	1	
13	4263	1	
13	4247	1	
13	10400	1	
13	5795	1	
13	10407	3	
13	10408	1	
13	2731	1	
13	22188	1	
13	13428	4	
13	5818	1	
13	14026	2	
13	6847	1	
13	14017	1	
13	16586	1	
13	13516	1	
13	719	1	
13	14033	1	
13	5332	1	
13	9945	1	
13	4314	1	
13	19675	1	
13	21727	1	
13	7904	1	
13	6372	1	
13	19238	1	
13	10472	1	
13	746	1	
13	14574	1	
13	15600	1	
13	11817	1	
13	18686	1	
13	4868	1	
13	18182	1	
13	18185	3	
13	4364	3	
13	15119	1	
13	13072	1	
13	18222	1	
13	21782	1	
13	3351	1	
13	14725	1	
13	20774	1	
13	2344	1	
13	5934	1	
13	16175	1	
13	5424	1	
13	1841	1	
13	15666	2	
13	1844	1	
13	7479	1	
13	7482	1	
13	3978	1	
13	3392	1	
13	8514	1	
13	13451	1	
13	841	1	
13	17719	1	
13	8012	1	
13	17229	1	
13	20303	1	
13	3408	1	
13	21845	2	
13	21849	1	
13	15709	1	
13	8421	1	
13	22368	1	
13	15713	1	
13	8041	1	
13	15216	1	
13	8568	1	
13	11708	1	
13	17790	1	
13	12673	1	
13	16773	1	
13	15751	1	
13	17290	1	
13	10636	1	
13	20882	1	
13	19347	2	
13	405	1	
13	13723	1	
13	16797	1	
13	7582	1	
13	8688	1	
13	14754	1	
13	9124	1	
13	1448	1	
13	11180	1	
13	5048	1	
13	9145	2	
13	6075	1	
13	18364	1	
13	7101	1	
13	6080	2	
13	11714	1	
13	16374	1	
13	7623	1	
13	12746	2	
13	9167	1	
13	7637	1	
13	4056	1	
13	9691	1	
13	10206	1	
13	13796	1	
13	12779	1	
13	1517	1	
13	11760	2	
13	595	1	
13	5110	1	
13	5623	2	
13	15864	1	
13	7166	1	
13	7765	2	
14	12288	1	
14	14725	1	
14	16774	2	
14	19900	1	
14	2955	1	
14	3981	1	
14	20494	1	
14	1167	1	
14	15763	1	
14	16661	1	
14	22551	1	
14	11672	1	
14	281	1	
14	797	1	
14	15903	1	
14	16432	1	
14	19619	1	
14	11684	1	
14	21845	1	
14	5929	1	
14	17707	1	
14	20722	1	
14	8238	1	
14	22064	1	
14	12360	1	
14	10265	1	
14	15671	1	
14	14668	1	
14	12878	1	
14	11714	2	
14	19787	1	
14	3909	1	
14	13255	1	
14	7880	1	
14	585	4	
14	5623	2	
14	17925	1	
14	15438	1	
14	3919	1	
14	4131	1	
14	7380	1	
14	18005	1	
14	4438	1	
14	12119	1	
14	12505	1	
14	19599	1	
14	10972	1	
14	10205	1	
14	21727	1	
14	10464	1	
14	7650	1	
14	7779	1	
14	16998	2	
14	6375	1	
14	15976	1	
14	10985	1	
14	2990	1	
14	19694	1	
14	16367	1	
14	18162	1	
14	20343	1	
14	873	2	
14	11708	1	
14	16252	1	
14	11007	1	
15	7683	1	
15	7684	2	
15	9223	1	
15	4617	1	
15	5635	1	
15	22551	2	
15	1048	1	
15	13316	1	
15	6687	1	
15	14369	1	
15	12325	3	
15	12329	1	
15	8238	1	
15	16432	1	
15	8753	1	
15	1076	2	
15	13884	1	
15	13885	1	
15	12354	1	
15	12870	1	
15	12360	1	
15	588	1	
15	15438	1	
15	21586	3	
15	20059	1	
15	92	1	
15	93	1	
15	19131	1	
15	16998	1	
15	7785	1	
15	5742	1	
15	14448	1	
15	626	1	
15	632	1	
15	633	1	
15	10365	1	
15	1152	1	
15	19599	1	
15	1169	1	
15	10386	1	
15	16544	1	
15	4263	1	
15	10408	1	
15	20649	3	
15	10410	1	
15	19634	1	
15	11449	2	
15	7867	1	
15	8892	3	
15	19133	1	
15	15556	1	
15	13516	1	
15	20686	1	
15	4818	1	
15	13537	1	
15	7400	1	
15	19186	1	
15	16120	2	
15	12026	1	
15	8449	1	
15	4868	1	
15	19718	1	
15	18185	1	
15	4364	3	
15	17169	1	
15	7471	1	
15	1844	1	
15	21305	1	
15	16193	1	
15	5448	2	
15	1866	1	
15	8013	1	
15	21845	1	
15	4438	2	
15	1887	1	
15	9069	1	
15	15218	1	
15	15220	1	
15	20343	1	
15	377	1	
15	7546	1	
15	15227	3	
15	15229	1	
15	14725	1	
15	16774	2	
15	16775	1	
15	3978	1	
15	7069	1	
15	15273	1	
15	8618	1	
15	15432	1	
15	11708	1	
15	11709	1	
15	11714	1	
15	13255	1	
15	9169	1	
15	4053	1	
15	4601	1	
15	17576	1	
15	18911	1	
15	16363	2	
15	7150	1	
15	4081	1	
15	3058	1	
15	14324	1	
15	5623	3	
15	17577	1	
16	11264	1	
16	12288	1	
16	16385	1	
16	19464	2	
16	13834	1	
16	17424	1	
16	19478	1	
16	22551	3	
16	14369	1	
16	11298	1	
16	19494	1	
16	4647	1	
16	18473	1	
16	12333	1	
16	4654	2	
16	8753	1	
16	12852	1	
16	1590	1	
16	4668	2	
16	20547	1	
16	7749	1	
16	587	1	
16	13389	1	
16	9807	1	
16	21586	2	
16	7764	1	
16	13398	1	
16	12888	2	
16	89	1	
16	3674	1	
16	1627	1	
16	93	1	
16	94	1	
16	18022	1	
16	22119	2	
16	21097	1	
16	18028	1	
16	21617	1	
16	15986	1	
16	3260	1	
16	1140	3	
16	6773	1	
16	15479	1	
16	633	1	
16	15994	1	
16	13435	1	
16	13951	1	
16	13440	1	
16	15808	1	
16	12930	1	
16	10372	1	
16	7303	1	
16	13961	1	
16	4235	1	
16	1168	2	
16	20625	1	
16	10386	1	
16	18571	1	
16	4248	1	
16	13981	1	
16	673	1	
16	20642	1	
16	13937	2	
16	17577	1	
16	6770	1	
16	16049	1	
16	22196	1	
16	1717	1	
16	20151	1	
16	11449	1	
16	18108	1	
16	19133	6	
16	1141	1	
16	13508	1	
16	20167	1	
16	3796	1	
16	20695	4	
16	10407	1	
16	14047	1	
16	13537	1	
16	6380	1	
16	12013	1	
16	1266	1	
16	246	1	
16	19703	1	
16	15096	1	
16	3321	2	
16	8449	1	
16	4867	1	
16	4868	1	
16	11015	1	
16	18185	1	
16	20235	1	
16	4364	1	
16	5391	1	
16	15499	1	
16	2839	4	
16	2841	3	
16	7451	1	
16	4382	1	
16	14725	1	
16	800	1	
16	1827	1	
16	292	1	
16	2348	1	
16	2351	1	
16	15666	1	
16	21305	6	
16	19258	1	
16	10975	1	
16	8512	1	
16	14475	1	
16	8246	1	
16	20299	1	
16	8013	1	
16	18769	1	
16	6483	1	
16	4438	1	
16	9047	1	
16	13658	1	
16	22368	1	
16	7529	1	
16	10097	1	
16	12147	1	
16	17790	1	
16	6464	1	
16	16773	1	
16	748	1	
16	20877	1	
16	7055	1	
16	20882	3	
16	19347	1	
16	10646	1	
16	15774	1	
16	20384	1	
16	4019	1	
16	11708	1	
16	3629	1	
16	4032	1	
16	8641	1	
16	11714	2	
16	13763	2	
16	7110	1	
16	1482	1	
16	4555	1	
16	13772	1	
16	9167	4	
16	15317	1	
16	10214	1	
16	12779	1	
16	7148	1	
16	5489	1	
16	2387	1	
16	15866	3	
16	16891	1	
16	15869	1	
16	7166	1	
16	12799	1	
17	12288	2	
17	19460	3	
17	14	2	
17	17424	1	
17	10263	1	
17	2083	1	
17	22571	1	
17	8236	1	
17	22063	1	
17	12336	1	
17	1076	1	
17	8246	1	
17	17983	1	
17	7776	1	
17	20547	1	
17	17484	1	
17	17485	2	
17	592	1	
17	10833	1	
17	21586	1	
17	11449	2	
17	1626	1	
17	8797	1	
17	18528	1	
17	19553	1	
17	10851	1	
17	3182	1	
17	14448	2	
17	5749	1	
17	12852	1	
17	20095	1	
17	6791	1	
17	4235	2	
17	13969	1	
17	13763	1	
17	12446	2	
17	10096	1	
17	13477	1	
17	13478	1	
17	4263	2	
17	683	1	
17	9901	1	
17	16049	1	
17	19634	1	
17	20147	1	
17	20148	1	
17	12471	1	
17	2745	1	
17	19133	3	
17	15777	1	
17	3796	1	
17	12501	1	
17	20695	3	
17	11992	1	
17	13532	1	
17	10973	1	
17	4831	1	
17	6901	1	
17	15096	1	
17	673	2	
17	18174	1	
17	17154	1	
17	2309	2	
17	7432	1	
17	7433	2	
17	21782	1	
17	2327	1	
17	2841	1	
17	10531	1	
17	3878	1	
17	5927	1	
17	5935	1	
17	1841	1	
17	15666	1	
17	21305	3	
17	4417	1	
17	1590	3	
17	6982	1	
17	1864	1	
17	17225	1	
17	7502	1	
17	17231	1	
17	12625	2	
17	5459	1	
17	4438	1	
17	14649	1	
17	4441	1	
17	1371	1	
17	12773	1	
17	14176	1	
17	22369	1	
17	9069	1	
17	9072	1	
17	20343	1	
17	17790	2	
17	18818	2	
17	3975	1	
17	4494	1	
17	20882	1	
17	18837	1	
17	3991	2	
17	18841	1	
17	15773	1	
17	4000	2	
17	496	1	
17	4003	1	
17	16804	1	
17	16806	1	
17	15273	2	
17	16301	1	
17	15791	1	
17	19808	1	
17	4019	1	
17	13240	1	
17	20922	1	
17	449	1	
17	11714	1	
17	14787	1	
17	19396	1	
17	13255	1	
17	15831	1	
17	12760	1	
17	5593	3	
17	6623	1	
17	15328	1	
17	17062	1	
17	16367	1	
17	15856	1	
17	14324	1	
17	15866	1	
17	13819	1	
17	15869	1	
18	12288	1	
18	4608	2	
18	19460	1	
18	5462	2	
18	14969	1	
18	1545	1	
18	13834	1	
18	18955	1	
18	12663	1	
18	22032	3	
18	2578	1	
18	15532	2	
18	15893	1	
18	19478	2	
18	13316	1	
18	17435	1	
18	9244	1	
18	22557	1	
18	16414	1	
18	15903	1	
18	21168	1	
18	14427	5	
18	15777	2	
18	15793	1	
18	22571	2	
18	3629	1	
18	1280	2	
18	21618	1	
18	7217	1	
18	4146	1	
18	16367	1	
18	12852	1	
18	12342	1	
18	11273	1	
18	11832	2	
18	22358	1	
18	10300	2	
18	360	1	
18	3650	1	
18	3651	1	
18	1092	1	
18	15432	1	
18	15434	2	
18	1099	2	
18	8268	1	
18	21586	3	
18	3157	1	
18	13398	1	
18	1626	1	
18	1627	2	
18	8749	1	
18	17424	1	
18	1653	1	
18	15971	2	
18	15548	3	
18	13418	1	
18	8579	1	
18	18030	1	
18	13937	4	
18	6770	2	
18	13331	1	
18	1140	1	
18	13941	1	
18	5682	1	
18	631	1	
18	17016	1	
18	17017	2	
18	15994	1	
18	15551	1	
18	2325	1	
18	13440	1	
18	22464	7	
18	15491	1	
18	18052	1	
18	13961	1	
18	14475	1	
18	16834	1	
18	13763	1	
18	6773	1	
18	9875	1	
18	1305	1	
18	13979	1	
18	4255	1	
18	16544	1	
18	673	1	
18	13478	1	
18	881	1	
18	15528	1	
18	14876	1	
18	1706	1	
18	22188	1	
18	21874	1	
18	15534	2	
18	1711	2	
18	10928	1	
18	16049	1	
18	19124	1	
18	13854	2	
18	6516	1	
18	8378	1	
18	20155	1	
18	8892	1	
18	19133	5	
18	15550	3	
18	703	1	
18	14016	1	
18	8898	1	
18	13507	4	
18	5051	1	
18	13512	1	
18	13516	2	
18	6775	1	
18	17612	1	
18	719	1	
18	10449	1	
18	10963	2	
18	3796	1	
18	12501	5	
18	633	1	
18	15064	1	
18	9167	5	
18	8414	1	
18	4831	1	
18	7392	1	
18	5347	3	
18	373	2	
18	17637	2	
18	2279	1	
18	15102	1	
18	11008	1	
18	14081	1	
18	3674	2	
18	6777	1	
18	7432	3	
18	3340	2	
18	13069	2	
18	20239	1	
18	7952	1	
18	2322	1	
18	2323	3	
18	16661	1	
18	21782	1	
18	2839	4	
18	19588	1	
18	8988	1	
18	18209	1	
18	4899	1	
18	19238	1	
18	1833	1	
18	12076	1	
18	1074	1	
18	18222	1	
18	5935	1	
18	816	1	
18	1841	1	
18	15666	1	
18	14649	1	
18	20794	1	
18	19770	1	
18	20284	2	
18	5437	1	
18	4415	1	
18	3392	1	
18	6283	1	
18	14088	1	
18	4290	3	
18	6988	1	
18	8013	1	
18	12110	1	
18	5456	1	
18	16819	1	
18	8532	1	
18	21845	1	
18	4438	3	
18	21305	3	
18	9050	1	
18	18267	1	
18	3130	1	
18	15199	1	
18	1889	1	
18	7752	1	
18	15723	1	
18	9069	4	
18	20232	1	
18	20847	2	
18	7537	2	
18	1906	1	
18	7540	1	
18	16757	1	
18	17782	1	
18	20343	2	
18	1564	1	
18	12666	1	
18	16252	1	
18	12670	2	
18	18818	1	
18	2947	1	
18	16774	1	
18	3975	1	
18	15754	4	
18	4492	1	
18	20882	6	
18	2451	1	
18	16276	1	
18	16366	1	
18	3991	2	
18	3992	1	
18	11161	1	
18	17818	1	
18	8603	1	
18	17608	2	
18	12189	1	
18	15774	4	
18	8607	3	
18	21409	1	
18	15778	3	
18	11931	1	
18	497	1	
18	7592	1	
18	15273	6	
18	16810	1	
18	15276	2	
18	11181	1	
18	7088	1	
18	7089	1	
18	4019	1	
18	11710	1	
18	1467	1	
18	18876	1	
18	14270	1	
18	448	1	
18	449	1	
18	11714	1	
18	16835	2	
18	4548	1	
18	13766	1	
18	13255	1	
18	588	1	
18	11723	1	
18	5069	1	
18	17229	1	
18	467	1	
18	10199	1	
18	4569	1	
18	10205	1	
18	12770	1	
18	8421	1	
18	10725	1	
18	13799	1	
18	12779	1	
18	2542	1	
18	2543	2	
18	11760	2	
18	10408	1	
18	21696	1	
18	20468	1	
18	7593	1	
18	15864	1	
18	13822	1	
19	4608	1	
19	12288	1	
19	10114	1	
19	4032	1	
19	16773	1	
19	1670	1	
19	19464	1	
19	15754	2	
19	3629	1	
19	7952	1	
19	9873	1	
19	2322	2	
19	13763	2	
19	21782	1	
19	18071	1	
19	1711	1	
19	1564	1	
19	13854	1	
19	15903	1	
19	1136	1	
19	18267	1	
19	625	1	
19	7592	1	
19	15273	1	
19	1138	2	
19	15534	1	
19	7537	1	
19	10928	1	
19	15774	1	
19	7224	1	
19	8378	1	
19	15548	2	
19	19133	1	
19	15550	3	
19	17973	1	
19	448	1	
19	4290	1	
19	4547	1	
19	12501	1	
19	15434	1	
19	331	1	
19	8014	1	
19	20343	1	
19	9684	1	
19	7765	1	
19	14427	1	
19	5347	3	
19	16997	1	
19	14448	1	
19	9069	1	
19	16835	1	
19	15856	1	
19	13937	1	
19	6770	2	
19	16243	1	
19	372	1	
19	373	1	
19	16758	1	
19	15465	1	
19	3157	1	
20	12288	1	
20	19460	3	
20	13836	1	
20	16301	1	
20	1050	1	
20	15903	1	
20	8229	1	
20	7718	1	
20	4530	1	
20	8753	1	
20	7237	1	
20	15432	1	
20	18505	1	
20	592	1	
20	21586	1	
20	10323	1	
20	18005	1	
20	13398	2	
20	14427	1	
20	15967	1	
20	15971	1	
20	16997	1	
20	9831	1	
20	21613	1	
20	4719	1	
20	1140	1	
20	19578	1	
20	6269	1	
20	4032	1	
20	7303	1	
20	1673	1	
20	4746	1	
20	14475	1	
20	20110	1	
20	16539	1	
20	10401	1	
20	20642	1	
20	4263	1	
20	683	1	
20	15532	1	
20	9901	1	
20	1711	1	
20	19124	1	
20	9398	1	
20	19133	3	
20	9919	1	
20	4290	1	
20	19139	1	
20	6355	1	
20	7380	1	
20	12501	1	
20	11992	1	
20	10972	1	
20	7392	1	
20	3812	1	
20	17637	1	
20	18668	1	
20	6897	1	
20	10963	1	
20	1764	1	
20	10453	1	
20	11008	1	
20	14081	1	
20	7938	1	
20	4868	1	
20	7433	1	
20	3629	1	
20	16662	1	
20	16663	1	
20	18200	1	
20	13088	1	
20	18222	1	
20	6965	2	
20	13961	1	
20	21305	2	
20	11007	1	
20	8513	1	
20	3907	1	
20	16695	1	
20	8012	1	
20	3408	1	
20	8532	1	
20	21845	1	
20	5464	1	
20	18148	1	
20	9069	2	
20	9072	1	
20	4469	1	
20	3958	1	
20	20343	2	
20	5499	1	
20	17788	1	
20	14725	1	
20	16774	1	
20	7064	1	
20	3992	1	
20	8607	1	
20	15777	1	
20	3492	1	
20	20389	1	
20	15273	2	
20	22442	1	
20	9645	1	
20	1458	1	
20	1469	1	
20	12734	1	
20	15808	1	
20	4033	1	
20	9167	1	
20	8660	1	
20	17366	1	
20	8666	1	
20	10206	1	
20	21473	1	
20	8683	1	
20	22508	1	
20	16367	1	
20	11760	1	
20	7160	1	
20	13819	1	
21	17067	1	
21	19460	1	
21	15190	3	
21	16902	1	
21	20999	1	
21	4111	1	
21	17424	2	
21	17155	1	
21	22551	2	
21	12825	1	
21	17435	1	
21	14682	1	
21	6687	1	
21	14369	2	
21	11298	1	
21	22363	1	
21	20230	1	
21	6695	1	
21	22571	2	
21	3629	2	
21	12341	1	
21	16952	1	
21	1092	2	
21	15432	1	
21	7241	1	
21	587	1	
21	590	1	
21	21586	2	
21	4623	1	
21	18528	1	
21	15971	2	
21	13412	1	
21	21606	1	
21	21097	1	
21	14448	3	
21	13937	1	
21	626	1	
21	1140	1	
21	21110	1	
21	17016	1	
21	15994	1	
21	703	1	
21	21116	1	
21	14649	1	
21	13951	1	
21	12930	1	
21	5251	1	
21	5764	1	
21	21782	3	
21	6791	1	
21	14475	1	
21	3329	1	
21	1678	1	
21	1167	1	
21	17041	4	
21	17046	1	
21	6809	1	
21	16539	1	
21	14500	1	
21	17350	1	
21	4263	2	
21	15528	1	
21	20651	1	
21	14509	1	
21	19124	2	
21	1717	1	
21	16054	1	
21	19133	4	
21	2239	1	
21	7875	1	
21	4293	1	
21	20168	1	
21	13516	2	
21	21202	1	
21	5331	1	
21	20695	1	
21	1753	1	
21	3803	1	
21	8412	1	
21	13537	2	
21	21733	1	
21	21228	1	
21	5869	1	
21	15600	1	
21	17142	1	
21	16120	1	
21	4347	1	
21	18174	1	
21	4053	1	
21	14081	1	
21	10499	1	
21	4868	1	
21	1798	1	
21	16648	1	
21	16651	1	
21	16662	1	
21	15128	2	
21	14618	1	
21	797	2	
21	4384	1	
21	17185	1	
21	19238	1	
21	18140	1	
21	8449	1	
21	1844	1	
21	20279	1	
21	21305	4	
21	19258	1	
21	3392	1	
21	12625	1	
21	4438	1	
21	9047	1	
21	13658	1	
21	18267	1	
21	8421	1	
21	5988	2	
21	15206	1	
21	7018	1	
21	3435	1	
21	9069	8	
21	15216	1	
21	20458	1	
21	9901	1	
21	18818	1	
21	16775	1	
21	15754	1	
21	9105	2	
21	20882	2	
21	10644	1	
21	13727	1	
21	20384	3	
21	13730	1	
21	18853	1	
21	7592	1	
21	10158	1	
21	5551	1	
21	11193	1	
21	8636	1	
21	7101	1	
21	16833	1	
21	1990	1	
21	13255	1	
21	15820	1	
21	15266	1	
21	21906	1	
21	9167	1	
21	7637	2	
21	18393	1	
21	4570	1	
21	10206	1	
21	18911	1	
21	14306	1	
21	10723	1	
21	7655	1	
21	10218	1	
21	8683	1	
21	22508	1	
21	16366	1	
21	16367	2	
21	11760	2	
21	20465	3	
21	16374	2	
21	503	2	
21	4601	1	
21	4602	1	
21	6651	1	
21	6652	2	
22	12288	2	
22	4610	3	
22	17067	1	
22	19460	2	
22	7937	1	
22	13833	1	
22	13834	1	
22	12	1	
22	4623	1	
22	4115	1	
22	4628	1	
22	19478	1	
22	22551	1	
22	13849	1	
22	17435	1	
22	15392	1	
22	14369	4	
22	11298	2	
22	19803	1	
22	12325	1	
22	12329	1	
22	20010	2	
22	22571	1	
22	3629	3	
22	17456	1	
22	4146	1	
22	1076	1	
22	15937	1	
22	17789	1	
22	587	1	
22	14928	1	
22	14929	1	
22	3259	1	
22	11196	1	
22	10862	1	
22	6770	1	
22	1141	1	
22	632	1	
22	13435	1	
22	5246	1	
22	3711	1	
22	13440	1	
22	14138	1	
22	11917	1	
22	1167	2	
22	17041	3	
22	9156	1	
22	5276	1	
22	14497	1	
22	19619	2	
22	1704	1	
22	5801	1	
22	20651	1	
22	9901	1	
22	5806	1	
22	16049	1	
22	12471	1	
22	20155	1	
22	19133	5	
22	13516	4	
22	5838	1	
22	10449	1	
22	20695	2	
22	4831	1	
22	14575	1	
22	18162	1	
22	17140	1	
22	1269	1	
22	248	1	
22	4053	5	
22	14081	1	
22	775	1	
22	20234	1	
22	4364	1	
22	8749	2	
22	1814	1	
22	2327	1	
22	1818	1	
22	11547	1	
22	7455	1	
22	17184	1	
22	10531	1	
22	19238	1	
22	18222	1	
22	7471	1	
22	16691	1	
22	1844	1	
22	21305	5	
22	12602	1	
22	17225	1	
22	12110	1	
22	3408	1	
22	7823	1	
22	19258	1	
22	7016	1	
22	7530	1	
22	9069	4	
22	20343	1	
22	21880	1	
22	1917	1	
22	12670	1	
22	16775	1	
22	15754	2	
22	9105	4	
22	11156	1	
22	15257	1	
22	13213	1	
22	7582	2	
22	10657	1	
22	14760	1	
22	4011	1	
22	11180	1	
22	5552	1	
22	10679	1	
22	11708	2	
22	22464	2	
22	11714	3	
22	1988	1	
22	13766	1	
22	14792	1	
22	1482	1	
22	16120	5	
22	7502	1	
22	7638	1	
22	14807	1	
22	7641	1	
22	10204	1	
22	19938	1	
22	22508	1	
22	10222	1	
22	11760	2	
22	14324	1	
22	15864	1	
22	18426	1	
22	6652	1	
22	15869	1	
23	12288	1	
23	4438	1	
23	9227	1	
23	15903	2	
23	14369	4	
23	11298	4	
23	11015	1	
23	12333	1	
23	9265	1	
23	12341	1	
23	1590	1	
23	19001	1	
23	12354	1	
23	15432	1	
23	587	2	
23	592	1	
23	5207	1	
23	12888	1	
23	5391	1	
23	8749	1	
23	10851	1	
23	10340	1	
23	13418	2	
23	18030	5	
23	14448	1	
23	1140	1	
23	16504	1	
23	4032	1	
23	646	2	
23	10890	1	
23	20109	1	
23	1678	1	
23	1167	1	
23	17041	1	
23	6809	1	
23	14493	1	
23	16030	1	
23	14500	2	
23	13478	1	
23	4263	1	
23	17576	1	
23	11434	1	
23	17070	1	
23	19124	1	
23	8892	2	
23	19133	6	
23	14016	1	
23	2243	1	
23	19140	1	
23	13516	3	
23	10449	1	
23	12501	1	
23	20695	1	
23	9434	1	
23	10975	1	
23	8421	2	
23	748	1	
23	12018	1	
23	10484	1	
23	16120	1	
23	18174	1	
23	14592	1	
23	14082	1	
23	1798	1	
23	17671	1	
23	7432	1	
23	3629	4	
23	7952	1	
23	16665	1	
23	14118	1	
23	18222	1	
23	21305	5	
23	6459	1	
23	21557	1	
23	12110	1	
23	15184	1	
23	22354	1	
23	19939	1	
23	15190	2	
23	18267	1	
23	21733	1	
23	22369	1	
23	14139	1	
23	19816	1	
23	15210	1	
23	9069	2	
23	21878	1	
23	12663	1	
23	10105	1	
23	12666	1	
23	1917	1	
23	17790	1	
23	12673	1	
23	4486	1	
23	15754	4	
23	9105	3	
23	4507	1	
23	20384	1	
23	16803	1	
23	1445	1	
23	12711	1	
23	10679	1	
23	11193	1	
23	17851	1	
23	16373	1	
23	22464	1	
23	4000	1	
23	15817	1	
23	15820	3	
23	14807	3	
23	10206	1	
23	18911	1	
23	14306	1	
23	13283	1	
23	10723	1	
23	10225	1	
23	18420	1	
23	11765	1	
23	4599	1	
23	13819	1	
23	6652	1	
24	12288	2	
24	9729	1	
24	13834	1	
24	17424	1	
24	17943	1	
24	18460	1	
24	5210	1	
24	15903	1	
24	20000	1	
24	547	1	
24	3621	1	
24	13745	1	
24	10281	1	
24	3626	1	
24	15403	1	
24	3118	1	
24	9777	1	
24	7219	1	
24	3636	1	
24	9269	1	
24	3127	1	
24	11835	1	
24	7690	1	
24	12497	1	
24	5935	1	
24	7237	1	
24	12360	1	
24	12471	1	
24	13388	1	
24	13389	1	
24	12878	1	
24	592	1	
24	7764	1	
24	13398	1	
24	15432	1	
24	20570	1	
24	17167	1	
24	9425	1	
24	605	1	
24	11870	1	
24	1119	1	
24	7778	1	
24	10340	1	
24	3173	1	
24	10857	1	
24	20803	1	
24	4205	1	
24	11887	2	
24	13404	1	
24	13937	1	
24	22130	1	
24	20595	1	
24	19060	1	
24	22135	1	
24	6776	1	
24	14457	1	
24	13947	1	
24	6977	1	
24	2686	1	
24	640	1	
24	19585	1	
24	12422	1	
24	18055	1	
24	13961	1	
24	21613	1	
24	17041	2	
24	14036	1	
24	17046	1	
24	7838	1	
24	18080	1	
24	10915	1	
24	14500	1	
24	4263	2	
24	10920	1	
24	22186	1	
24	683	1	
24	685	1	
24	19124	1	
24	19561	1	
24	22200	1	
24	1140	1	
24	2747	1	
24	8892	1	
24	19133	4	
24	14016	2	
24	11969	1	
24	6851	1	
24	12484	1	
24	8906	2	
24	20329	1	
24	15057	1	
24	15651	1	
24	10452	1	
24	14969	1	
24	17359	1	
24	9436	1	
24	10975	2	
24	19172	1	
24	22247	1	
24	4328	1	
24	22252	1	
24	20718	1	
24	1832	1	
24	1266	1	
24	18148	1	
24	9976	1	
24	5881	1	
24	8443	1	
24	6101	1	
24	14592	2	
24	8449	2	
24	13570	1	
24	4868	4	
24	3201	1	
24	4360	1	
24	18185	1	
24	20234	1	
24	22287	1	
24	4881	1	
24	4882	1	
24	1813	1	
24	15128	1	
24	21295	2	
24	1827	1	
24	1319	1	
24	2344	1	
24	13532	1	
24	1152	1	
24	4396	1	
24	17197	1	
24	7471	1	
24	10545	1	
24	4404	1	
24	21305	3	
24	19770	1	
24	21727	1	
24	19775	1	
24	6464	2	
24	3905	1	
24	395	1	
24	15172	1	
24	12343	1	
24	17229	1	
24	21841	1	
24	14677	2	
24	9047	1	
24	10468	1	
24	18267	1	
24	16224	1	
24	22369	1	
24	7012	1	
24	15205	1	
24	13969	1	
24	20585	1	
24	17259	1	
24	4460	1	
24	9069	1	
24	9072	1	
24	7400	1	
24	7026	1	
24	19347	1	
24	20343	2	
24	18809	1	
24	5951	1	
24	7036	1	
24	14724	1	
24	14725	1	
24	16775	3	
24	15615	1	
24	8075	1	
24	10638	1	
24	4497	2	
24	22418	1	
24	22339	1	
24	5527	1	
24	17818	1	
24	16799	1	
24	7584	1	
24	15266	2	
24	22442	1	
24	15276	1	
24	10161	1	
24	1459	1	
24	7095	1	
24	7608	1	
24	9146	1	
24	22464	2	
24	15809	1	
24	11714	1	
24	16835	1	
24	18374	1	
24	4554	1	
24	21966	1	
24	9167	2	
24	17360	1	
24	15096	1	
24	9170	1	
24	9172	1	
24	19022	1	
24	18904	1	
24	7432	1	
24	11232	1	
24	4945	1	
24	7147	1	
24	4589	1	
24	14832	1	
24	15857	1	
24	15548	1	
24	18932	1	
24	18975	1	
24	5625	1	
24	2554	1	
24	3067	1	
24	12799	1	
