1	4364	1	
1	18190	1	
1	8079	1	
1	22032	1	
1	5650	1	
1	2835	1	
1	13516	1	
1	20292	1	
1	5532	1	
1	7453	1	
1	17183	1	
1	14496	1	
1	3489	1	
1	8866	1	
1	3803	1	
1	13989	1	
1	1191	1	
1	10920	1	
1	937	1	
1	22442	1	
1	12716	1	
1	3629	1	
1	11471	1	
1	12061	1	
1	21814	1	
1	20169	1	
1	1140	3	
1	17466	1	
1	20539	1	
1	12746	1	
1	12734	1	
1	13887	1	
1	7104	1	
1	20171	1	
1	13252	1	
1	9782	1	
1	15819	1	
1	12360	1	
1	6345	1	
1	9290	1	
1	587	1	
1	13388	1	
1	20302	1	
1	9167	1	
1	5623	1	
1	14806	1	
1	21847	1	
1	15448	1	
1	18905	1	
1	9947	1	
1	7519	1	
1	18022	1	
1	9831	1	
1	2666	1	
1	18030	1	
1	20463	1	
1	11760	1	
1	22385	2	
1	3060	1	
1	1141	1	
1	1399	2	
1	21880	1	
1	5246	1	
1	14549	1	
2	18174	1	
2	16135	1	
2	6760	1	
2	4364	1	
2	15117	1	
2	3373	1	
2	13912	2	
2	6423	1	
2	19096	1	
2	15514	1	
2	18587	1	
2	9244	1	
2	22426	2	
2	12702	2	
2	14495	1	
2	8993	1	
2	14114	1	
2	16804	1	
2	22437	1	
2	16678	1	
2	16625	1	
2	22442	1	
2	3629	1	
2	7854	1	
2	7855	1	
2	20297	1	
2	15055	1	
2	15903	1	
2	20285	1	
2	12734	1	
2	6732	1	
2	19397	1	
2	10061	1	
2	18119	1	
2	9247	1	
2	9033	1	
2	20172	1	
2	20429	1	
2	6606	1	
2	9167	1	
2	6741	1	
2	4900	1	
2	5208	1	
2	17881	1	
2	4303	1	
2	16220	1	
2	9438	1	
2	15456	1	
2	3553	1	
2	19938	1	
2	4067	1	
2	16616	1	
2	2025	2	
2	8556	1	
2	21613	1	
2	20463	1	
2	10225	1	
2	20851	2	
2	1141	1	
2	17150	1	
2	1399	2	
2	1147	1	
2	15868	1	
2	20010	1	
2	15429	1	
2	14677	1	
3	9729	1	
3	2050	1	
3	13316	1	
3	20561	1	
3	7	1	
3	9047	1	
3	15874	1	
3	22032	2	
3	2070	1	
3	1050	1	
3	22557	2	
3	11296	1	
3	20002	1	
3	11817	1	
3	7219	1	
3	9782	1	
3	20537	1	
3	17466	1	
3	3643	1	
3	11324	1	
3	18505	1	
3	588	1	
3	17489	1	
3	595	1	
3	20564	1	
3	5207	2	
3	18528	1	
3	12816	1	
3	11362	1	
3	2407	1	
3	9831	1	
3	22119	1	
3	21613	3	
3	18030	1	
3	13937	1	
3	21618	1	
3	1140	1	
3	1141	3	
3	1147	1	
3	20101	1	
3	6791	1	
3	13452	1	
3	3216	1	
3	6801	1	
3	18067	1	
3	6297	1	
3	14495	1	
3	7451	1	
3	21095	1	
3	3246	1	
3	19124	1	
3	19133	1	
3	1728	1	
3	20172	3	
3	15052	1	
3	10786	1	
3	14542	1	
3	4304	1	
3	2265	1	
3	21211	1	
3	7392	1	
3	3299	1	
3	9961	2	
3	21739	1	
3	20717	1	
3	7920	1	
3	2289	1	
3	18162	1	
3	7928	1	
3	250	1	
3	6909	1	
3	2309	1	
3	4881	1	
3	1818	1	
3	21295	1	
3	8988	1	
3	11549	1	
3	17184	1	
3	5415	1	
3	7471	1	
3	5425	1	
3	13112	1	
3	5433	1	
3	18759	1	
3	3408	1	
3	14677	2	
3	21305	1	
3	22369	1	
3	3943	1	
3	13161	1	
3	8043	1	
3	20882	1	
3	18287	1	
3	3952	1	
3	1399	3	
3	4992	1	
3	20877	1	
3	22418	1	
3	10644	1	
3	22442	1	
3	7104	2	
3	19396	1	
3	6606	1	
3	9170	1	
3	14806	1	
3	10206	1	
3	7655	1	
3	11760	2	
3	20469	1	
3	20470	1	
3	18423	1	
3	4601	2	
3	4602	1	
4	8193	1	
4	15874	1	
4	14339	1	
4	7	2	
4	1032	1	
4	11790	1	
4	16911	1	
4	22032	1	
4	5141	1	
4	22551	1	
4	7706	2	
4	3626	1	
4	1580	1	
4	3629	1	
4	1076	1	
4	13877	2	
4	20539	1	
4	11850	1	
4	588	2	
4	12878	1	
4	3157	1	
4	3158	1	
4	5207	1	
4	14448	1	
4	13937	2	
4	1140	1	
4	22140	1	
4	13440	1	
4	16001	1	
4	12424	1	
4	13452	1	
4	16834	1	
4	13459	1	
4	9365	1	
4	18593	1	
4	11547	2	
4	15015	1	
4	19114	1	
4	19133	1	
4	12481	1	
4	3269	1	
4	20169	1	
4	20171	2	
4	20172	3	
4	14542	2	
4	11471	1	
4	5841	2	
4	9432	1	
4	13532	1	
4	4831	1	
4	16678	1	
4	18162	1	
4	4342	1	
4	19716	1	
4	19718	1	
4	11528	2	
4	16650	1	
4	11533	1	
4	2834	1	
4	18200	1	
4	1818	1	
4	10523	1	
4	11548	1	
4	12574	1	
4	20262	1	
4	13095	1	
4	12081	1	
4	2873	1	
4	20292	1	
4	20297	1	
4	18252	1	
4	9043	1	
4	11604	1	
4	14677	1	
4	21305	1	
4	16220	1	
4	1895	1	
4	1399	5	
4	1917	1	
4	13710	1	
4	20882	1	
4	2455	1	
4	21912	1	
4	3484	1	
4	20905	1	
4	22442	1	
4	20914	1	
4	953	1	
4	17854	1	
4	7104	1	
4	11714	2	
4	15817	1	
4	9678	1	
4	14806	1	
4	2010	1	
4	11760	1	
4	18261	1	
5	12288	1	
5	12805	1	
5	11792	2	
5	4867	1	
5	9762	1	
5	1578	1	
5	22571	1	
5	8236	1	
5	8749	1	
5	9263	1	
5	13877	1	
5	13891	1	
5	12360	1	
5	13388	1	
5	13398	1	
5	5207	1	
5	20571	1	
5	9820	1	
5	18528	1	
5	3171	1	
5	20172	1	
5	6249	1	
5	1140	1	
5	18042	1	
5	3158	1	
5	5246	1	
5	13952	1	
5	16001	2	
5	14466	1	
5	18564	1	
5	22163	1	
5	2196	1	
5	5270	1	
5	1818	1	
5	15522	1	
5	22385	2	
5	2731	1	
5	6828	1	
5	7854	1	
5	4278	1	
5	15543	1	
5	2164	1	
5	19133	1	
5	17608	1	
5	20169	1	
5	17610	1	
5	13516	2	
5	5838	1	
5	20337	1	
5	3792	1	
5	8568	1	
5	14550	1	
5	3298	1	
5	7397	1	
5	8425	2	
5	16118	2	
5	9980	2	
5	18174	1	
5	8449	1	
5	17667	3	
5	4868	1	
5	15109	1	
5	19720	1	
5	11394	1	
5	16150	1	
5	2839	1	
5	8986	1	
5	11547	1	
5	11548	2	
5	19741	1	
5	16672	3	
5	20774	1	
5	2860	1	
5	3375	1	
5	15666	1	
5	21305	2	
5	7483	1	
5	12746	2	
5	838	1	
5	9543	1	
5	18255	1	
5	19794	1	
5	14677	1	
5	3927	1	
5	16220	1	
5	2914	1	
5	2022	1	
5	13159	1	
5	1904	1	
5	881	1	
5	5267	1	
5	1399	4	
5	21880	1	
5	8512	1	
5	9606	1	
5	4496	1	
5	7066	1	
5	15268	1	
5	1959	1	
5	839	3	
5	2991	1	
5	5554	1	
5	953	2	
5	8636	3	
5	12734	1	
5	7103	1	
5	11714	1	
5	3318	1	
5	11210	3	
5	9167	1	
5	17872	1	
5	2003	1	
5	8161	1	
5	15845	1	
5	16870	1	
5	8679	1	
5	2025	1	
5	19954	2	
5	20471	1	
5	4604	1	
6	6531	1	
6	4868	1	
6	18262	1	
6	11073	1	
6	8684	1	
6	2442	1	
6	17166	1	
6	7055	1	
6	17424	2	
6	15448	1	
6	22418	1	
6	2883	1	
6	22295	1	
6	22426	2	
6	17435	1	
6	11548	1	
6	1695	1	
6	17184	1	
6	15266	1	
6	9435	1	
6	22181	1	
6	20337	1	
6	9820	1	
6	15403	1	
6	8749	1	
6	11211	4	
6	7088	1	
6	18865	1	
6	12081	1	
6	20463	1	
6	21305	2	
6	5565	1	
6	8641	2	
6	11714	1	
6	20427	1	
6	11334	1	
6	11790	1	
6	19016	1	
6	11212	2	
6	11210	4	
6	1099	1	
6	13516	1	
6	4834	2	
6	3792	1	
6	20818	1	
6	14677	1	
6	13398	1	
6	11449	1	
6	13514	1	
6	8026	1	
6	22235	1	
6	16220	1	
6	8797	1	
6	9755	1	
6	7888	1	
6	2914	1	
6	12390	1	
6	19942	2	
6	13159	2	
6	714	1	
6	9068	2	
6	20626	1	
6	18030	1	
6	19133	1	
6	11760	2	
6	13937	2	
6	1760	1	
6	1140	2	
6	21878	1	
6	1399	2	
6	14305	1	
6	2173	1	
6	5119	1	
7	3073	1	
7	2050	1	
7	1032	1	
7	22032	1	
7	9816	1	
7	4115	1	
7	11524	1	
7	20000	1	
7	1573	1	
7	11612	1	
7	12844	1	
7	1069	1	
7	10803	1	
7	13885	1	
7	22093	1	
7	12878	1	
7	13398	1	
7	5208	2	
7	18028	1	
7	13937	2	
7	1140	3	
7	1141	1	
7	1147	1	
7	22140	2	
7	3198	1	
7	18056	2	
7	9355	1	
7	17558	1	
7	11418	1	
7	3227	1	
7	9886	1	
7	18592	1	
7	18593	1	
7	10920	1	
7	17066	1	
7	8878	1	
7	3764	1	
7	9398	1	
7	12471	2	
7	15035	1	
7	6864	1	
7	9438	1	
7	5343	1	
7	7904	1	
7	5863	1	
7	21739	2	
7	12089	1	
7	18162	1	
7	16118	1	
7	21545	1	
7	250	1	
7	11008	1	
7	4868	1	
7	15113	1	
7	17162	1	
7	267	1	
7	4364	1	
7	18190	1	
7	4881	1	
7	8989	1	
7	16678	1	
7	16679	1	
7	5416	1	
7	5929	2	
7	15660	1	
7	5934	1	
7	5433	1	
7	20302	1	
7	2873	1	
7	13658	1	
7	16220	1	
7	3421	1	
7	5991	1	
7	22385	2	
7	12150	1	
7	1399	1	
7	7915	1	
7	15237	1	
7	19335	1	
7	17290	1	
7	18828	1	
7	13710	2	
7	7055	1	
7	8086	1	
7	7066	1	
7	12190	1	
7	18341	1	
7	4007	1	
7	4008	1	
7	22442	1	
7	4011	1	
7	12716	1	
7	12717	1	
7	7088	1	
7	5553	1	
7	20408	1	
7	4038	1	
7	11207	1	
7	21961	1	
7	12746	1	
7	14592	1	
7	14806	1	
7	16856	1	
7	11514	1	
7	14306	1	
7	19939	1	
7	15856	1	
7	6652	1	
7	12798	1	
8	598	1	
8	7	1	
8	22024	1	
8	20491	1	
8	7180	1	
8	22032	5	
8	17667	2	
8	3099	1	
8	8236	1	
8	11821	1	
8	12336	1	
8	1074	1	
8	14387	1	
8	18486	1	
8	11835	1	
8	20547	1	
8	15543	1	
8	588	2	
8	13901	1	
8	4689	1	
8	9300	1	
8	13398	3	
8	20571	1	
8	1120	1	
8	4194	1	
8	16998	1	
8	2407	1	
8	21613	1	
8	18030	1	
8	1140	2	
8	3189	1	
8	14969	1	
8	11898	1	
8	22140	2	
8	5246	1	
8	18049	1	
8	13452	1	
8	22125	1	
8	14993	1	
8	1170	1	
8	7319	1	
8	5915	1	
8	11941	1	
8	11548	1	
8	683	1	
8	15533	1	
8	5806	2	
8	16049	1	
8	12471	1	
8	19133	1	
8	10016	1	
8	20162	1	
8	7880	1	
8	20169	1	
8	20170	1	
8	20172	2	
8	21710	1	
8	15055	1	
8	7889	2	
8	15574	1	
8	9947	1	
8	18140	1	
8	4834	1	
8	19238	3	
8	5352	1	
8	238	1	
8	10479	1	
8	11504	1	
8	10481	1	
8	18162	1	
8	3315	1	
8	9980	2	
8	17149	1	
8	14592	1	
8	7937	1	
8	20739	1	
8	4868	1	
8	18181	1	
8	19718	1	
8	19720	1	
8	1580	1	
8	17162	1	
8	4364	1	
8	12558	2	
8	17679	1	
8	5908	1	
8	12058	1	
8	1819	1	
8	8988	1	
8	11549	1	
8	22303	1	
8	18208	1	
8	3376	1	
8	20774	1	
8	15660	1	
8	3375	1	
8	15664	1	
8	21305	3	
8	12602	1	
8	21824	1	
8	4418	1	
8	22464	4	
8	5445	1	
8	3400	1	
8	20302	1	
8	11600	2	
8	21841	1	
8	11604	1	
8	14677	1	
8	17752	1	
8	7003	1	
8	16220	1	
8	22369	1	
8	9061	1	
8	3943	1	
8	18797	1	
8	22385	1	
8	1399	3	
8	4986	1	
8	6529	1	
8	12746	1	
8	16771	1	
8	7044	1	
8	16276	1	
8	17303	1	
8	20292	1	
8	8175	1	
8	6559	1	
8	15266	1	
8	13223	1	
8	22442	3	
8	7088	1	
8	7104	1	
8	8641	1	
8	13768	1	
8	11210	5	
8	16672	1	
8	8145	1	
8	8158	1	
8	3528	1	
8	15845	1	
8	20463	1	
8	11760	1	
8	10740	1	
8	4601	1	
8	12202	1	
9	13316	2	
9	11792	1	
9	4867	1	
9	19479	1	
9	7710	1	
9	2309	1	
9	4640	1	
9	14882	1	
9	11303	1	
9	12842	1	
9	22571	1	
9	9777	1	
9	1076	1	
9	17463	1	
9	6713	1	
9	6213	1	
9	11335	1	
9	13398	1	
9	8804	1	
9	18030	1	
9	839	1	
9	1140	2	
9	18046	1	
9	17538	1	
9	10372	1	
9	14469	1	
9	13963	1	
9	14484	2	
9	6811	1	
9	18080	1	
9	5285	1	
9	11946	1	
9	9901	1	
9	12471	1	
9	5309	1	
9	9918	1	
9	13504	1	
9	13514	2	
9	3792	1	
9	18648	1	
9	9435	1	
9	1757	1	
9	2273	1	
9	13031	1	
9	20202	1	
9	22252	1	
9	17661	1	
9	11008	2	
9	11011	1	
9	4868	1	
9	15109	1	
9	19718	2	
9	2839	1	
9	17688	1	
9	5764	2	
9	7451	1	
9	20774	1	
9	5927	1	
9	7471	1	
9	5425	1	
9	16180	1	
9	10036	1	
9	17723	1	
9	12081	1	
9	9953	1	
9	9034	1	
9	9038	1	
9	9554	1	
9	9558	1	
9	11612	1	
9	13669	1	
9	2920	1	
9	9069	1	
9	1904	1	
9	6517	1	
9	1399	4	
9	14996	1	
9	18837	1	
9	16265	1	
9	5009	1	
9	5013	1	
9	21912	1	
9	14748	1	
9	20900	1	
9	18853	1	
9	4011	1	
9	16813	1	
9	20910	1	
9	18876	1	
9	5565	1	
9	8641	2	
9	5059	1	
9	13255	1	
9	13768	1	
9	11210	3	
9	9167	1	
9	9169	1	
9	5593	1	
9	4261	1	
9	5094	1	
9	6651	1	
10	20998	1	
10	1032	2	
10	11787	1	
10	8208	1	
10	17435	1	
10	18460	1	
10	22557	1	
10	5150	1	
10	12842	3	
10	22571	1	
10	1076	1	
10	6713	3	
10	8766	1	
10	587	1	
10	13388	1	
10	13389	1	
10	590	1	
10	21586	1	
10	6741	3	
10	13398	1	
10	602	1	
10	1119	1	
10	15456	1	
10	22032	1	
10	21094	1	
10	12390	1	
10	22119	1	
10	2154	1	
10	20075	1	
10	5565	2	
10	14448	1	
10	15985	1	
10	1140	5	
10	1141	1	
10	14969	1	
10	6506	1	
10	20610	1	
10	5764	1	
10	5776	1	
10	17041	1	
10	19094	1	
10	4772	1	
10	8360	1	
10	9244	1	
10	6828	1	
10	3258	2	
10	11210	1	
10	18114	1	
10	20171	1	
10	1220	1	
10	20169	1	
10	11979	1	
10	13516	2	
10	13528	1	
10	13022	2	
10	2271	1	
10	16616	1	
10	5867	1	
10	2173	1	
10	4339	1	
10	15609	1	
10	20010	1	
10	14592	2	
10	14081	1	
10	2308	1	
10	18185	1	
10	18191	1	
10	17681	1	
10	9493	1	
10	1818	1	
10	7471	1	
10	2847	1	
10	16679	1	
10	3369	1	
10	19243	1	
10	20781	1	
10	15663	1	
10	21298	1	
10	12510	1	
10	5951	1	
10	6976	1	
10	839	1	
10	6473	1	
10	20298	1	
10	20303	1	
10	2899	1	
10	3943	1	
10	3946	1	
10	8679	1	
10	8556	1	
10	22383	1	
10	11632	1	
10	12151	1	
10	1399	3	
10	15738	1	
10	8571	1	
10	18818	1	
10	9606	1	
10	19336	1	
10	22418	2	
10	10644	1	
10	17303	1	
10	19352	1	
10	15771	1	
10	925	1	
10	16798	1	
10	20900	1	
10	17829	1	
10	7079	1	
10	22442	1	
10	21933	1	
10	7088	1	
10	8636	4	
10	13245	1	
10	5567	1	
10	8641	2	
10	11714	1	
10	16835	1	
10	19396	1	
10	19397	1	
10	14790	1	
10	12746	1	
10	9167	1	
10	9169	1	
10	1491	1	
10	9686	1	
10	761	1	
10	16804	1	
10	7646	1	
10	18911	1	
10	7655	1	
10	8684	2	
10	3061	1	
10	15864	1	
10	4601	1	
10	16379	1	
10	9726	1	
11	13440	1	
11	10625	1	
11	15620	1	
11	16030	1	
11	16193	2	
11	17290	1	
11	599	1	
11	6416	1	
11	22418	1	
11	14868	1	
11	6596	1	
11	7471	1	
11	5276	1	
11	22557	2	
11	5150	1	
11	9247	1	
11	16544	2	
11	20260	1	
11	7463	1	
11	9244	1	
11	20010	2	
11	1067	1	
11	12466	1	
11	20014	4	
11	2991	1	
11	17424	1	
11	9777	2	
11	7986	1	
11	12213	1	
11	14646	1	
11	10410	1	
11	6459	1	
11	3134	1	
11	19263	1	
11	22464	1	
11	14304	1	
11	3524	1	
11	7749	1	
11	13516	1	
11	17463	1	
11	6732	1	
11	21629	1	
11	12209	2	
11	14291	1	
11	9684	1	
11	6741	1	
11	9687	2	
11	4314	1	
11	10972	1	
11	4960	1	
11	7952	1	
11	2278	1	
11	2407	1	
11	13727	1	
11	12521	1	
11	8810	1	
11	6507	1	
11	8556	1	
11	9069	1	
11	10365	1	
11	13129	1	
11	20468	1	
11	1141	2	
11	1399	2	
11	4509	1	
11	11385	1	
11	15994	1	
11	1147	1	
11	252	1	
11	14589	1	
11	18686	1	
11	14677	1	
12	12288	1	
12	8193	1	
12	13316	1	
12	18439	1	
12	22024	1	
12	9244	1	
12	9247	1	
12	11808	1	
12	20519	1	
12	22571	2	
12	1069	1	
12	1076	1	
12	11832	3	
12	8768	1	
12	8770	1	
12	22369	1	
12	12360	2	
12	1099	1	
12	588	3	
12	20047	1	
12	3171	1	
12	21076	1	
12	6741	3	
12	18521	1	
12	14426	1	
12	18528	1	
12	8803	1	
12	22119	2	
12	17003	1	
12	22125	1	
12	1140	4	
12	11381	2	
12	6687	1	
12	11385	1	
12	1147	1	
12	2175	2	
12	5248	1	
12	11909	1	
12	20615	1	
12	13452	1	
12	19096	2	
12	13979	1	
12	18593	1	
12	14500	1	
12	10407	1	
12	8988	1	
12	17066	1	
12	17071	1	
12	14003	1	
12	12471	1	
12	11807	1	
12	2244	1	
12	13514	1	
12	12151	1	
12	13516	2	
12	16080	1	
12	19154	1	
12	11992	1	
12	20188	2	
12	2271	1	
12	18128	1	
12	7917	1	
12	2289	4	
12	250	1	
12	13952	1	
12	15618	1	
12	1067	1	
12	4868	1	
12	16650	1	
12	19726	1	
12	17176	1	
12	12571	1	
12	19740	1	
12	12062	1	
12	10017	1	
12	20260	2	
12	1671	1	
12	12594	2	
12	7471	3	
12	15666	1	
12	5430	1	
12	12602	1	
12	16699	1	
12	3396	1	
12	9543	1	
12	9033	1	
12	17229	2	
12	9047	1	
12	6489	1	
12	16220	2	
12	6494	1	
12	14689	1	
12	2407	1	
12	7533	1	
12	16238	1	
12	16244	1	
12	1399	2	
12	8568	1	
12	14717	1	
12	9086	3	
12	9089	1	
12	9090	1	
12	18596	4	
12	9606	1	
12	9610	1	
12	16276	1	
12	22423	1	
12	2458	1	
12	4019	1	
12	3524	6	
12	13255	2	
12	3528	3	
12	13388	1	
12	8145	1	
12	9684	1	
12	9686	1	
12	17881	3	
12	19420	1	
12	7655	1	
12	2025	1	
12	7658	1	
12	11760	1	
12	15864	1	
12	507	1	
13	8193	1	
13	13316	3	
13	8198	1	
13	13843	1	
13	4868	1	
13	7706	1	
13	9244	2	
13	9247	3	
13	12891	1	
13	7204	1	
13	12209	1	
13	15400	1	
13	12842	1	
13	15403	1	
13	20014	3	
13	20024	1	
13	4364	3	
13	6732	1	
13	593	1	
13	20569	1	
13	13914	1	
13	20571	2	
13	18017	1	
13	8803	1	
13	15981	1	
13	14448	1	
13	1140	1	
13	11381	3	
13	11385	3	
13	1147	2	
13	14972	1	
13	10365	1	
13	11392	1	
13	7812	1	
13	11909	1	
13	13452	1	
13	13457	1	
13	3524	1	
13	5276	1	
13	14495	2	
13	18596	1	
13	10407	1	
13	11292	1	
13	10410	1	
13	7854	1	
13	12471	1	
13	15548	1	
13	11454	1	
13	11969	1	
13	21195	1	
13	15563	1	
13	13516	1	
13	5155	1	
13	17700	1	
13	21211	1	
13	739	1	
13	741	1	
13	7911	1	
13	12521	1	
13	14574	1	
13	2289	1	
13	18173	1	
13	18686	2	
13	7937	1	
13	3332	1	
13	19718	1	
13	14636	1	
13	268	1	
13	15631	1	
13	4885	1	
13	18200	1	
13	3419	1	
13	11773	1	
13	8989	1	
13	15664	1	
13	7460	1	
13	19420	3	
13	15660	1	
13	12594	3	
13	7471	1	
13	3888	1	
13	3889	1	
13	7986	1	
13	10552	1	
13	12093	1	
13	16705	1	
13	16548	1	
13	6984	1	
13	9033	1	
13	19938	1	
13	4944	1	
13	4945	1	
13	21330	7	
13	859	2	
13	20010	5	
13	3943	1	
13	8043	2	
13	2416	1	
13	881	1	
13	16244	1	
13	1399	6	
13	12673	1	
13	15817	1	
13	9606	3	
13	14743	1	
13	22418	1	
13	22423	1	
13	20463	1	
13	15773	3	
13	20384	2	
13	16804	1	
13	9125	1	
13	11180	1	
13	2990	2	
13	2991	1	
13	5553	1	
13	11710	1	
13	15808	1	
13	19396	1	
13	4038	1	
13	588	7	
13	17872	3	
13	14290	1	
13	2003	1	
13	9684	4	
13	9686	1	
13	17881	2	
13	7644	1	
13	10206	1	
13	17890	2	
13	2025	2	
13	15855	1	
13	3060	1	
13	4601	1	
13	8700	1	
13	17066	1	
14	8193	1	
14	13316	1	
14	9047	1	
14	1049	1	
14	10269	1	
14	4647	1	
14	3631	1	
14	1076	2	
14	9782	1	
14	17466	1	
14	13388	1	
14	13389	1	
14	20046	1	
14	9809	1	
14	6741	3	
14	1111	1	
14	12891	1	
14	7776	1	
14	3171	2	
14	2661	1	
14	18030	1	
14	1141	1	
14	1147	1	
14	20095	3	
14	22464	1	
14	1669	1	
14	10889	1	
14	1162	1	
14	13453	1	
14	21699	1	
14	13980	1	
14	8360	1	
14	11381	1	
14	11969	1	
14	14530	1	
14	14019	1	
14	13516	1	
14	10103	2	
14	21196	1	
14	2770	1	
14	14547	1	
14	4823	2	
14	11992	1	
14	16605	1	
14	9445	1	
14	16616	2	
14	8449	1	
14	4868	1	
14	2348	1	
14	17163	1	
14	4364	1	
14	2835	1	
14	13078	1	
14	22295	2	
14	12580	1	
14	3369	1	
14	15660	3	
14	2351	1	
14	15666	1	
14	2873	1	
14	20794	1	
14	10044	1	
14	3392	1	
14	9543	2	
14	6986	2	
14	20302	1	
14	18255	1	
14	12089	1	
14	20329	1	
14	6546	1	
14	22385	1	
14	1399	2	
14	8568	1	
14	7039	1	
14	9606	2	
14	17810	1	
14	22422	3	
14	22423	2	
14	12700	2	
14	15773	1	
14	20384	1	
14	19900	2	
14	12734	1	
14	7104	1	
14	12704	1	
14	15817	1	
14	12746	1	
14	20429	1	
14	17372	1	
14	22418	1	
14	15441	1	
14	8174	1	
14	20463	1	
14	11760	2	
14	11771	2	
15	17923	1	
15	7687	1	
15	6153	1	
15	22551	3	
15	5150	1	
15	15393	1	
15	20010	1	
15	3629	1	
15	7218	1	
15	8254	1	
15	15429	3	
15	11334	1	
15	12891	2	
15	3166	1	
15	22119	1	
15	5742	1	
15	12734	1	
15	631	1	
15	633	1	
15	18042	1	
15	1147	1	
15	10365	1	
15	6790	1	
15	9351	1	
15	10889	1	
15	13459	1	
15	15508	1	
15	17566	1	
15	14495	1	
15	19116	2	
15	17070	1	
15	22192	1	
15	18119	1	
15	18121	7	
15	13516	1	
15	13532	1	
15	2273	1	
15	16616	1	
15	2173	1	
15	11511	1	
15	254	1	
15	8961	2	
15	11524	1	
15	5896	1	
15	4364	1	
15	13078	1	
15	8993	1	
15	4900	3	
15	2348	1	
15	15497	1	
15	9543	1	
15	13129	1	
15	9035	1	
15	2446	1	
15	9558	1	
15	17240	1	
15	2394	1	
15	14689	1	
15	7522	1	
15	13160	1	
15	13161	1	
15	364	2	
15	17810	1	
15	1399	2	
15	897	1	
15	17806	1	
15	20882	1	
15	17811	1	
15	19350	1	
15	2460	1	
15	12702	5	
15	12704	2	
15	4007	1	
15	12700	1	
15	12717	1	
15	12719	1	
15	12209	1	
15	8636	1	
15	3006	1	
15	20427	1	
15	6606	4	
15	6609	1	
15	6108	1	
15	7655	1	
15	14985	2	
15	3562	3	
15	16366	2	
15	11760	1	
15	18421	1	
15	505	1	
16	512	1	
16	13316	2	
16	1044	1	
16	10262	1	
16	1048	1	
16	11292	1	
16	15394	1	
16	7204	1	
16	2089	1	
16	20010	1	
16	20014	1	
16	18483	1	
16	17466	1	
16	8254	1	
16	12354	1	
16	15429	1	
16	22088	1	
16	588	1	
16	16470	1	
16	5208	1	
16	4186	1	
16	12891	1	
16	3171	5	
16	21605	1	
16	14448	1	
16	1147	2	
16	2173	1	
16	1669	1	
16	10889	4	
16	14993	1	
16	13459	1	
16	14492	1	
16	16543	1	
16	13474	1	
16	3245	1	
16	15548	1	
16	637	1	
16	18121	1	
16	14538	1	
16	13516	1	
16	6864	1	
16	4823	2	
16	1753	1	
16	6437	1	
16	12007	1	
16	13033	1	
16	10365	1	
16	11511	1	
16	18686	1	
16	16644	1	
16	5381	1	
16	4364	1	
16	10510	1	
16	10515	1	
16	8988	1	
16	4899	1	
16	4900	3	
16	21797	1	
16	6438	1	
16	1833	1	
16	16177	1	
16	831	1	
16	832	1	
16	16193	1	
16	9543	9	
16	9034	1	
16	3554	1	
16	9047	2	
16	2394	1	
16	4960	1	
16	14689	1	
16	364	1	
16	1399	5	
16	12670	1	
16	16776	1	
16	5005	1	
16	22418	1	
16	17811	1	
16	22423	1	
16	12700	2	
16	15773	1	
16	12702	1	
16	12716	1	
16	2991	1	
16	12212	2	
16	1976	1	
16	3006	2	
16	22464	1	
16	15817	1	
16	20429	1	
16	6606	1	
16	2003	1	
16	19938	1	
16	15847	1	
16	3562	1	
16	20463	1	
16	8700	1	
16	11773	1	
17	13316	2	
17	22024	2	
17	20882	1	
17	17424	1	
17	22551	1	
17	22557	1	
17	4647	1	
17	22571	1	
17	3641	1	
17	8766	1	
17	15935	1	
17	12354	2	
17	4363	1	
17	12357	1	
17	15441	1	
17	14930	1	
17	6741	1	
17	12888	1	
17	14426	1	
17	10845	1	
17	8798	1	
17	3171	2	
17	6760	1	
17	10857	2	
17	21613	2	
17	14448	1	
17	13937	1	
17	1140	2	
17	6773	1	
17	2166	1	
17	633	1	
17	8827	1	
17	21629	1	
17	6790	1	
17	19093	1	
17	16543	1	
17	10915	1	
17	21617	2	
17	15548	1	
17	18114	1	
17	21699	1	
17	13514	1	
17	13516	1	
17	20692	1	
17	17621	1	
17	15574	1	
17	4823	1	
17	9945	1	
17	5339	1	
17	16092	1	
17	7903	1	
17	1147	1	
17	5356	1	
17	4339	1	
17	11514	1	
17	7937	2	
17	16131	1	
17	17163	1	
17	4881	1	
17	20255	1	
17	17185	1	
17	4900	1	
17	12081	1	
17	5928	1	
17	20188	2	
17	5425	1	
17	12089	2	
17	12091	1	
17	10044	2	
17	831	1	
17	3392	2	
17	20291	1	
17	9543	2	
17	17890	1	
17	9550	1	
17	20817	1	
17	2899	1	
17	14677	1	
17	22585	1	
17	2394	1	
17	14689	1	
17	3946	1	
17	9069	2	
17	881	2	
17	1399	4	
17	8579	1	
17	9606	1	
17	19336	1	
17	9610	3	
17	8770	1	
17	17806	1	
17	22418	1	
17	12183	1	
17	925	1	
17	15774	2	
17	15429	1	
17	12704	2	
17	17315	1	
17	22442	2	
17	7084	1	
17	16814	1	
17	5551	1	
17	22455	1	
17	19900	2	
17	16831	1	
17	7104	1	
17	20384	1	
17	11714	1	
17	8131	1	
17	19396	1	
17	4038	1	
17	3528	5	
17	6606	3	
17	9167	1	
17	17872	1	
17	6609	3	
17	467	1	
17	9684	1	
17	17881	3	
17	21467	1	
17	250	1	
17	7646	1	
17	3554	1	
17	4067	1	
17	22500	1	
17	15851	1	
17	20463	1	
17	11760	1	
17	20469	1	
17	4601	1	
17	12202	1	
17	12799	1	
18	12800	1	
18	4610	1	
18	3075	1	
18	13316	2	
18	7937	1	
18	11787	1	
18	17424	4	
18	12888	1	
18	22551	1	
18	20507	1	
18	5210	1	
18	18473	1	
18	20024	1	
18	22585	2	
18	17470	1	
18	8770	1	
18	6155	2	
18	20055	1	
18	5208	1	
18	14426	2	
18	22119	1	
18	21613	1	
18	21617	1	
18	2165	1	
18	17016	1	
18	17530	1	
18	15491	1	
18	13452	1	
18	13462	1	
18	2245	1	
18	20642	2	
18	15013	1	
18	15016	1	
18	7854	1	
18	7870	1	
18	11969	1	
18	18114	2	
18	18117	1	
18	3786	1	
18	8398	1	
18	11992	1	
18	5339	1	
18	9449	1	
18	21228	1	
18	4850	1	
18	4339	1	
18	8961	2	
18	1794	1	
18	3339	1	
18	15630	1	
18	19216	2	
18	22295	1	
18	11546	1	
18	7451	1	
18	18205	1	
18	798	1	
18	17188	1	
18	7463	1	
18	5934	1	
18	21295	1	
18	15664	1	
18	12089	1	
18	18746	1	
18	18243	2	
18	9543	1	
18	3554	2	
18	3408	2	
18	2899	1	
18	14677	2	
18	9047	1	
18	5092	1	
18	16220	1	
18	7520	1	
18	7521	1	
18	6506	1	
18	8043	1	
18	9069	1	
18	20030	1	
18	1399	2	
18	14714	2	
18	7039	1	
18	9606	2	
18	10636	1	
18	12354	2	
18	10641	1	
18	22418	1	
18	19006	2	
18	12700	1	
18	15773	1	
18	423	2	
18	9138	1	
18	1976	1	
18	13255	1	
18	3528	3	
18	20429	1	
18	6609	1	
18	14290	1	
18	17881	2	
18	10206	2	
18	18399	1	
18	19938	1	
18	22500	1	
18	7141	1	
18	20463	1	
18	497	1	
18	3058	1	
18	19956	1	
18	17404	1	
18	12799	1	
19	14016	1	
19	13316	3	
19	2309	1	
19	4417	1	
19	17163	1	
19	4364	1	
19	10510	1	
19	9901	1	
19	14096	1	
19	4497	1	
19	10515	1	
19	19093	2	
19	4886	1	
19	16516	1	
19	21295	1	
19	11292	2	
19	5457	1	
19	16517	1	
19	3746	1	
19	4276	1	
19	14500	1	
19	5285	1	
19	241	1	
19	6824	1	
19	15533	1	
19	10798	1	
19	7087	1	
19	5425	1	
19	1074	1	
19	18483	1	
19	1076	2	
19	15584	1	
19	11832	1	
19	3641	1	
19	20027	1	
19	19133	1	
19	8766	1	
19	5951	1	
19	21696	2	
19	2278	1	
19	20555	1	
19	19396	1	
19	14677	4	
19	13388	1	
19	1399	2	
19	588	1	
19	9038	1	
19	9167	1	
19	17744	1	
19	12625	1	
19	21586	1	
19	19155	1	
19	597	1	
19	15830	1	
19	5433	1	
19	15448	1	
19	18467	1	
19	1501	1	
19	10206	1	
19	1089	1	
19	22369	1	
19	19938	1	
19	19939	1	
19	12390	1	
19	10854	1	
19	22119	1	
19	12521	7	
19	9555	1	
19	8043	1	
19	8428	1	
19	22383	1	
19	11760	1	
19	13937	2	
19	19124	1	
19	1140	1	
19	13174	1	
19	10857	1	
19	17016	1	
19	21933	1	
19	5353	1	
19	22464	1	
19	11431	2	
19	16661	1	
20	11273	1	
20	17424	1	
20	22557	1	
20	20511	1	
20	22568	1	
20	1068	1	
20	3629	1	
20	7219	1	
20	22587	1	
20	5183	1	
20	13388	1	
20	4686	1	
20	9297	1	
20	5207	1	
20	21094	1	
20	12390	1	
20	15976	1	
20	3943	1	
20	20076	1	
20	21613	2	
20	14448	1	
20	13937	1	
20	626	1	
20	1140	2	
20	18042	1	
20	1661	4	
20	11902	3	
20	19167	1	
20	13452	1	
20	14484	1	
20	5272	1	
20	12441	1	
20	15030	2	
20	3258	2	
20	18114	2	
20	12151	1	
20	4303	1	
20	2265	1	
20	9435	1	
20	18140	1	
20	15994	1	
20	7903	1	
20	21221	1	
20	20203	1	
20	8940	1	
20	3197	1	
20	12016	1	
20	11511	1	
20	1280	1	
20	4868	1	
20	18181	1	
20	17671	1	
20	2313	1	
20	21264	1	
20	14610	2	
20	12055	1	
20	8985	1	
20	7451	1	
20	9501	1	
20	17188	1	
20	20774	2	
20	3375	1	
20	13111	1	
20	20794	1	
20	12091	1	
20	1340	1	
20	1342	1	
20	20803	1	
20	3408	1	
20	14677	1	
20	855	1	
20	2394	1	
20	22373	1	
20	13159	1	
20	21353	1	
20	8556	2	
20	22383	1	
20	13118	1	
20	18806	1	
20	1399	3	
20	21739	1	
20	9606	2	
20	17806	1	
20	8079	1	
20	17818	1	
20	15266	2	
20	20389	2	
20	2986	1	
20	13242	1	
20	8636	1	
20	8641	1	
20	11714	1	
20	19396	1	
20	9167	2	
20	17872	1	
20	9169	1	
20	21976	1	
20	14301	1	
20	19424	1	
20	11600	2	
20	4067	1	
20	17385	1	
20	8684	1	
20	20463	1	
20	18424	1	
20	3065	1	
20	6651	1	
20	22442	1	
20	9726	1	
20	12799	1	
21	9038	1	
21	12625	1	
21	1140	1	
21	1399	1	
21	4601	1	
21	2522	1	
