1	12288	1	
1	19460	1	
1	1030	1	
1	15618	1	
1	13334	1	
1	10264	1	
1	11524	1	
1	17435	1	
1	6686	1	
1	8229	1	
1	1062	1	
1	16425	1	
1	1068	1	
1	3629	3	
1	1071	1	
1	19513	1	
1	15199	1	
1	573	1	
1	12354	1	
1	16011	1	
1	1719	1	
1	13388	3	
1	9809	1	
1	15443	1	
1	13398	1	
1	16132	1	
1	8636	1	
1	19562	1	
1	21613	2	
1	11887	1	
1	13937	1	
1	6770	1	
1	16502	1	
1	10857	1	
1	4221	1	
1	638	1	
1	650	1	
1	14475	1	
1	14476	1	
1	7313	1	
1	673	1	
1	4260	1	
1	21617	1	
1	19124	2	
1	16054	1	
1	10423	1	
1	13507	2	
1	12065	1	
1	6345	1	
1	10963	1	
1	15225	1	
1	4831	1	
1	7904	1	
1	4844	1	
1	15610	1	
1	17688	1	
1	14592	1	
1	770	1	
1	4867	1	
1	4868	1	
1	7433	1	
1	15119	1	
1	15128	3	
1	7215	1	
1	9093	1	
1	7457	1	
1	2344	1	
1	13611	1	
1	1844	1	
1	7996	1	
1	13120	1	
1	1760	1	
1	1163	1	
1	22340	1	
1	12620	1	
1	3408	1	
1	12625	2	
1	4438	1	
1	15704	1	
1	10591	1	
1	20322	1	
1	9069	1	
1	889	1	
1	14714	1	
1	16891	1	
1	14725	1	
1	8070	1	
1	16775	1	
1	21228	1	
1	14743	1	
1	3991	2	
1	3992	1	
1	3652	1	
1	17314	1	
1	5540	1	
1	22442	1	
1	16301	1	
1	14772	1	
1	17851	1	
1	16828	1	
1	16831	1	
1	15808	1	
1	11714	2	
1	12228	1	
1	1478	1	
1	11723	1	
1	14800	1	
1	7635	1	
1	9684	1	
1	17366	1	
1	19364	1	
1	5085	1	
1	4579	1	
1	17892	1	
1	8679	1	
1	8683	2	
1	8685	1	
1	13808	1	
1	6646	1	
1	2552	1	
1	6651	1	
2	12288	4	
2	16388	1	
2	9733	1	
2	1281	1	
2	9644	1	
2	13838	1	
2	17424	2	
2	16913	1	
2	18862	2	
2	10262	1	
2	15705	1	
2	19460	2	
2	17435	1	
2	7514	1	
2	1054	1	
2	7711	1	
2	2596	1	
2	3621	2	
2	1201	1	
2	22571	1	
2	8236	1	
2	3629	1	
2	10798	1	
2	12852	2	
2	6713	1	
2	3130	1	
2	13884	1	
2	12349	1	
2	1076	1	
2	18108	1	
2	3652	2	
2	1718	1	
2	633	1	
2	15434	1	
2	12363	1	
2	13389	1	
2	15441	2	
2	21586	2	
2	13398	1	
2	18876	1	
2	17253	1	
2	15456	1	
2	19553	1	
2	18530	1	
2	19555	1	
2	19473	1	
2	9832	1	
2	10857	1	
2	21613	1	
2	10862	1	
2	9839	1	
2	14448	3	
2	13937	1	
2	9331	1	
2	17015	1	
2	6265	1	
2	6269	1	
2	13950	1	
2	3711	1	
2	1152	1	
2	14016	1	
2	12930	1	
2	13445	1	
2	15494	2	
2	1671	1	
2	18569	1	
2	14475	1	
2	8332	1	
2	15981	1	
2	13969	1	
2	2706	1	
2	16835	1	
2	12446	1	
2	12447	1	
2	17350	1	
2	13478	1	
2	13681	1	
2	15532	1	
2	9901	2	
2	17584	1	
2	16049	4	
2	3762	1	
2	16054	1	
2	12471	1	
2	6687	1	
2	21692	1	
2	19133	1	
2	21184	1	
2	8898	1	
2	21187	1	
2	5840	1	
2	4306	1	
2	9507	1	
2	14969	1	
2	22232	1	
2	10972	1	
2	10974	2	
2	4831	2	
2	7904	1	
2	10978	1	
2	1764	1	
2	3301	1	
2	21097	1	
2	21227	1	
2	21228	1	
2	3197	1	
2	15600	1	
2	1266	1	
2	15603	1	
2	15610	1	
2	13477	1	
2	555	1	
2	774	1	
2	775	1	
2	6924	1	
2	2873	1	
2	2839	1	
2	5400	1	
2	2841	2	
2	21295	1	
2	8989	1	
2	18209	2	
2	13091	1	
2	6790	1	
2	19238	1	
2	18140	1	
2	2860	1	
2	6446	1	
2	7471	1	
2	18736	1	
2	1844	2	
2	8502	1	
2	14473	1	
2	824	1	
2	21305	1	
2	12604	1	
2	20285	1	
2	6464	1	
2	10573	1	
2	3408	1	
2	854	1	
2	9047	1	
2	4441	1	
2	13658	1	
2	7011	1	
2	1380	1	
2	6501	1	
2	20284	1	
2	5994	1	
2	15723	1	
2	9069	4	
2	10097	1	
2	3954	1	
2	7582	1	
2	8568	1	
2	5498	1	
2	17788	2	
2	17790	1	
2	1408	2	
2	12673	2	
2	3974	1	
2	15751	1	
2	7056	1	
2	10641	2	
2	11156	1	
2	1518	1	
2	5534	2	
2	7584	1	
2	15777	1	
2	19364	1	
2	11176	1	
2	11692	1	
2	2990	1	
2	5554	2	
2	17331	1	
2	7326	1	
2	19900	1	
2	14269	1	
2	12734	1	
2	3254	1	
2	22464	2	
2	20384	1	
2	11714	1	
2	13763	1	
2	19396	1	
2	4038	1	
2	13255	1	
2	13961	1	
2	14283	1	
2	1997	1	
2	9167	2	
2	13778	1	
2	13779	1	
2	9684	1	
2	1497	1	
2	11738	1	
2	16347	1	
2	7132	1	
2	18911	1	
2	21473	1	
2	19939	2	
2	6121	1	
2	15338	1	
2	16366	1	
2	3568	1	
2	502	1	
2	12791	1	
2	4601	1	
2	11771	1	
2	6652	1	
2	12799	2	
3	512	1	
3	12288	2	
3	12296	1	
3	9	1	
3	22032	1	
3	2578	1	
3	1048	1	
3	4135	1	
3	8236	1	
3	8749	1	
3	3636	1	
3	19124	1	
3	4668	1	
3	15933	1	
3	3649	2	
3	1092	1	
3	71	2	
3	15434	1	
3	17996	1	
3	13389	1	
3	10831	1	
3	18005	1	
3	3159	1	
3	16998	1	
3	18364	1	
3	5232	1	
3	1141	1	
3	12930	1	
3	18565	1	
3	1163	1	
3	11916	2	
3	1167	2	
3	13388	1	
3	14495	1	
3	14448	1	
3	16547	2	
3	4263	1	
3	4264	1	
3	20139	1	
3	11444	1	
3	11449	1	
3	19133	1	
3	6372	1	
3	16252	1	
3	14574	1	
3	6902	1	
3	14583	1	
3	14584	1	
3	771	1	
3	274	1	
3	21782	1	
3	19254	1	
3	21305	1	
3	10044	1	
3	4419	1	
3	20303	1	
3	15190	2	
3	15192	1	
3	15705	1	
3	18267	1	
3	8764	1	
3	14716	1	
3	18818	1	
3	10641	1	
3	10646	1	
3	17788	1	
3	5554	1	
3	18363	1	
3	18876	2	
3	4030	1	
3	11714	1	
3	7110	1	
3	588	1	
3	14286	1	
3	9686	1	
3	5593	1	
3	6622	1	
3	6651	2	
3	2541	1	
3	4590	1	
3	16367	1	
3	20465	1	
3	14324	1	
3	1013	1	
3	8187	1	
3	13821	1	
4	22358	1	
4	10759	1	
4	21003	1	
4	19468	1	
4	17943	1	
4	18975	1	
4	2480	1	
4	3629	1	
4	13367	1	
4	12349	1	
4	5182	2	
4	13887	1	
4	20547	1	
4	13398	1	
4	6237	1	
4	7782	1	
4	18364	1	
4	21613	1	
4	10862	1	
4	5232	1	
4	13937	1	
4	6770	1	
4	17013	1	
4	6776	1	
4	15994	1	
4	3197	1	
4	13952	1	
4	2179	1	
4	7306	1	
4	4235	1	
4	10392	1	
4	11931	1	
4	9885	1	
4	13478	1	
4	13425	1	
4	4780	1	
4	13516	1	
4	18645	1	
4	20695	3	
4	15581	1	
4	12510	1	
4	7903	1	
4	17637	1	
4	20218	1	
4	15614	1	
4	1664	1	
4	771	1	
4	7432	1	
4	4886	1	
4	2327	1	
4	15128	1	
4	796	2	
4	16159	1	
4	17188	1	
4	19238	1	
4	8449	1	
4	16691	1	
4	6976	2	
4	17225	1	
4	15180	1	
4	6989	1	
4	9043	1	
4	11604	1	
4	15190	2	
4	9047	1	
4	3417	2	
4	860	1	
4	1887	1	
4	22369	1	
4	5988	1	
4	15723	1	
4	9069	1	
4	14703	2	
4	20848	1	
4	1906	1	
4	5498	1	
4	5499	1	
4	17788	1	
4	7147	1	
4	16775	1	
4	3991	3	
4	14743	1	
4	3992	1	
4	7579	1	
4	4520	1	
4	4016	1	
4	10162	1	
4	19900	1	
4	4030	1	
4	16831	1	
4	11714	2	
4	14803	1	
4	6622	1	
4	10727	1	
4	10219	1	
4	7660	2	
4	19446	1	
4	6651	1	
5	12288	3	
5	5888	1	
5	515	1	
5	11815	1	
5	13834	1	
5	13838	2	
5	4111	1	
5	22032	1	
5	22551	1	
5	12825	2	
5	3621	1	
5	20519	2	
5	15976	1	
5	22571	1	
5	3629	2	
5	13358	1	
5	3636	1	
5	17463	1	
5	7224	1	
5	3130	1	
5	13888	1	
5	5935	1	
5	5186	1	
5	20547	1	
5	3652	2	
5	18505	1	
5	8779	1	
5	17996	1	
5	5765	1	
5	21586	1	
5	13411	1	
5	13398	1	
5	3164	1	
5	18528	1	
5	15971	1	
5	13412	1	
5	21606	1	
5	18022	1	
5	19048	1	
5	20585	2	
5	10859	1	
5	21613	5	
5	18030	1	
5	4719	1	
5	14448	2	
5	13937	2	
5	6770	2	
5	11887	1	
5	1140	2	
5	5749	1	
5	13435	1	
5	6269	2	
5	15486	1	
5	21632	1	
5	12930	2	
5	13445	1	
5	5768	1	
5	14475	2	
5	2704	1	
5	2705	1	
5	14489	1	
5	9839	1	
5	5276	1	
5	10407	1	
5	10408	1	
5	10410	1	
5	17067	1	
5	19124	1	
5	6326	1	
5	20151	1	
5	3258	1	
5	3259	1	
5	7868	1	
5	19133	3	
5	7870	1	
5	20167	1	
5	20168	1	
5	6345	1	
5	13516	3	
5	11471	1	
5	7378	1	
5	10963	4	
5	10452	1	
5	12501	1	
5	20695	2	
5	21608	1	
5	10974	1	
5	4831	1	
5	1763	1	
5	7396	1	
5	7397	1	
5	7400	1	
5	745	2	
5	18154	1	
5	6695	1	
5	18156	1	
5	1261	1	
5	3197	2	
5	16114	1	
5	6901	1	
5	22262	1	
5	3321	2	
5	11007	2	
5	14592	2	
5	8449	3	
5	3627	1	
5	4868	1	
5	2310	1	
5	15624	1	
5	15642	1	
5	7451	1	
5	8989	1	
5	20255	1	
5	7463	1	
5	1833	1	
5	15751	2	
5	21295	2	
5	21202	1	
5	3900	1	
5	7485	1	
5	7487	1	
5	6464	1	
5	13963	1	
5	3041	1	
5	22344	1	
5	22345	1	
5	8013	1	
5	4942	1	
5	20303	1	
5	4432	1	
5	12625	1	
5	16719	1	
5	4438	2	
5	9047	1	
5	8024	1	
5	18267	1	
5	19804	1	
5	861	1	
5	10592	1	
5	17761	1	
5	5988	1	
5	17253	1	
5	17041	1	
5	9832	2	
5	17770	1	
5	8043	1	
5	14700	1	
5	9069	3	
5	8050	1	
5	8564	1	
5	1257	1	
5	8511	2	
5	894	1	
5	12673	1	
5	12162	1	
5	4587	1	
5	6976	1	
5	1415	1	
5	1420	1	
5	17295	1	
5	3991	4	
5	3992	2	
5	6383	1	
5	7582	1	
5	491	1	
5	20384	1	
5	15266	1	
5	13467	1	
5	18853	1	
5	12199	1	
5	5554	1	
5	9652	1	
5	22464	2	
5	1839	1	
5	8079	1	
5	13255	2	
5	4599	1	
5	15820	1	
5	9167	1	
5	19408	1	
5	15609	1	
5	2523	1	
5	10206	1	
5	3408	1	
5	4579	1	
5	3046	1	
5	21617	1	
5	9192	1	
5	6652	1	
5	2761	1	
5	8683	1	
5	8685	1	
5	15856	1	
5	12791	1	
5	4603	1	
5	7676	1	
6	14592	1	
6	22464	1	
6	771	1	
6	19460	1	
6	16901	1	
6	9733	1	
6	18055	1	
6	1160	1	
6	11916	1	
6	11662	1	
6	8079	1	
6	17041	1	
6	14723	1	
6	8724	1	
6	13938	1	
6	3991	2	
6	3992	1	
6	7065	1	
6	15642	1	
6	797	1	
6	17157	1	
6	4668	1	
6	15600	1	
6	15907	1	
6	13477	1	
6	19238	1	
6	15528	1	
6	22571	1	
6	3629	1	
6	2990	1	
6	13488	1	
6	13490	1	
6	8243	1	
6	19124	2	
6	5355	1	
6	1080	1	
6	14649	1	
6	5818	1	
6	18108	1	
6	1469	1	
6	4030	1	
6	8511	1	
6	4032	1	
6	11714	2	
6	20547	1	
6	6982	1	
6	12360	1	
6	1420	1	
6	3532	1	
6	8013	1	
6	14286	1	
6	9167	1	
6	2611	1	
6	10963	1	
6	10580	1	
6	15190	1	
6	20695	1	
6	12288	1	
6	2905	1	
6	9691	1	
6	860	1	
6	10206	1	
6	2018	1	
6	15971	1	
6	5988	1	
6	7397	1	
6	4583	1	
6	14725	1	
6	18364	1	
6	15850	1	
6	14827	2	
6	1627	1	
6	9069	1	
6	7741	1	
6	5232	1	
6	1266	1	
6	5438	1	
6	16628	1	
6	4597	1	
6	745	1	
6	6651	1	
6	7110	1	
6	3197	1	
6	12799	1	
7	12288	2	
7	11008	1	
7	7684	1	
7	14081	1	
7	5831	1	
7	4623	1	
7	17424	1	
7	22551	1	
7	5149	1	
7	15903	1	
7	1061	1	
7	8744	1	
7	2089	1	
7	8753	1	
7	7219	1	
7	17973	1	
7	3127	1	
7	5301	1	
7	13888	1	
7	13889	1	
7	15432	1	
7	20554	1	
7	1099	1	
7	8268	1	
7	13389	1	
7	13838	1	
7	13398	2	
7	7768	1	
7	6235	1	
7	19553	1	
7	16998	1	
7	14950	1	
7	14952	1	
7	20585	1	
7	18030	1	
7	13937	1	
7	6770	1	
7	633	1	
7	21632	1	
7	646	1	
7	15809	1	
7	13961	1	
7	13969	1	
7	3220	1	
7	19620	1	
7	6309	1	
7	10408	2	
7	17067	1	
7	15534	1	
7	797	1	
7	19124	1	
7	13493	1	
7	22198	1	
7	6331	1	
7	14020	1	
7	4385	1	
7	7457	1	
7	20686	2	
7	10963	1	
7	3796	1	
7	11992	1	
7	10976	1	
7	6382	1	
7	7408	1	
7	14583	1	
7	14592	1	
7	8449	4	
7	16512	1	
7	17163	1	
7	4364	1	
7	19726	1	
7	15119	2	
7	1809	1	
7	18197	1	
7	15128	1	
7	7451	1	
7	8989	1	
7	798	1	
7	18209	1	
7	15751	1	
7	11059	1	
7	16695	1	
7	6464	2	
7	833	1	
7	22346	1	
7	22071	1	
7	17228	1	
7	21841	1	
7	18772	1	
7	9047	1	
7	6489	2	
7	2394	1	
7	15709	1	
7	7011	1	
7	7527	1	
7	10727	1	
7	9069	2	
7	880	1	
7	12663	1	
7	8568	1	
7	3450	1	
7	11708	1	
7	17788	1	
7	10630	1	
7	16775	2	
7	11777	1	
7	3991	2	
7	3992	1	
7	15855	1	
7	20384	1	
7	15273	1	
7	4011	2	
7	12716	1	
7	5551	1	
7	10679	1	
7	1466	1	
7	1979	1	
7	18364	1	
7	15434	1	
7	12734	1	
7	22464	1	
7	7617	1	
7	11714	2	
7	7112	1	
7	588	1	
7	14286	1	
7	17366	1	
7	9691	1	
7	6622	1	
7	12773	1	
7	12625	1	
7	15849	1	
7	15850	1	
7	16363	1	
7	8687	1	
7	13799	1	
7	18420	1	
7	11765	1	
7	12343	1	
7	4602	1	
7	8187	1	
7	18005	1	
8	12288	1	
8	7684	2	
8	22030	1	
8	17424	1	
8	15890	1	
8	22551	4	
8	4868	1	
8	8815	1	
8	5149	2	
8	15903	9	
8	22572	1	
8	8749	1	
8	11931	2	
8	8769	1	
8	8771	1	
8	7236	1	
8	11334	3	
8	22369	1	
8	72	4	
8	73	1	
8	74	1	
8	15948	2	
8	13389	1	
8	12878	1	
8	15439	1	
8	21586	1	
8	6741	1	
8	15119	1	
8	21601	1	
8	9832	1	
8	11887	2	
8	6770	1	
8	18548	1	
8	7797	1	
8	7799	1	
8	13435	1	
8	16512	1	
8	12736	1	
8	19588	1	
8	16519	1	
8	18056	1	
8	1167	1	
8	4756	1	
8	8341	1	
8	1174	1	
8	10265	1	
8	1179	1	
8	16544	2	
8	19619	1	
8	10407	1	
8	15528	1	
8	683	1	
8	9901	3	
8	22557	1	
8	5301	7	
8	11721	1	
8	19133	1	
8	12481	1	
8	13514	1	
8	20686	3	
8	14543	1	
8	9425	1	
8	4302	1	
8	12503	1	
8	12505	1	
8	17359	1	
8	10972	1	
8	7904	1	
8	10467	1	
8	16593	1	
8	22252	1	
8	7917	1	
8	7409	3	
8	21237	1	
8	14583	1	
8	248	2	
8	5885	1	
8	12501	1	
8	19712	1	
8	15618	1	
8	4356	1	
8	19718	1	
8	18185	1	
8	4364	1	
8	3629	1	
8	279	1	
8	1305	1	
8	7451	1	
8	284	1	
8	7455	1	
8	21794	1	
8	19238	1	
8	15751	1	
8	19250	1	
8	21305	1	
8	16193	1	
8	22340	1	
8	3408	1	
8	12625	1	
8	14677	1	
8	5433	1	
8	3417	1	
8	22368	3	
8	11152	1	
8	7527	1	
8	12663	3	
8	15508	1	
8	1918	1	
8	1410	2	
8	8579	1	
8	14725	1	
8	4417	1	
8	8079	1	
8	8592	1	
8	10644	1	
8	3991	1	
8	17823	1	
8	17312	1	
8	15266	1	
8	4003	1	
8	11684	1	
8	1454	1	
8	15432	3	
8	8636	1	
8	11850	1	
8	11710	1	
8	16832	1	
8	7584	1	
8	13763	1	
8	13255	1	
8	13388	1	
8	13772	2	
8	9167	1	
8	21923	1	
8	19938	1	
8	4433	1	
8	15850	1	
8	7660	1	
8	15442	1	
8	494	1	
8	15855	1	
8	502	1	
8	16888	1	
8	11007	1	
8	6652	1	
8	15869	1	
9	12288	1	
9	17067	1	
9	19460	2	
9	13834	2	
9	22032	1	
9	7683	2	
9	22551	1	
9	10500	1	
9	15903	3	
9	6695	1	
9	18022	1	
9	16430	2	
9	16434	1	
9	1076	1	
9	3134	1	
9	11152	1	
9	15432	2	
9	11851	1	
9	6733	1	
9	15438	1	
9	11855	1	
9	18513	1	
9	21586	4	
9	18005	1	
9	13398	1	
9	1627	1	
9	21605	1	
9	16998	1	
9	9831	1	
9	10857	1	
9	620	1	
9	6772	2	
9	7785	1	
9	17016	1	
9	6787	1	
9	13445	2	
9	18056	1	
9	13970	1	
9	17859	1	
9	19094	1	
9	16544	1	
9	673	1	
9	16547	1	
9	16548	1	
9	17066	1	
9	683	1	
9	12461	1	
9	13389	2	
9	17072	1	
9	21171	1	
9	2747	1	
9	8892	1	
9	19133	1	
9	15820	2	
9	14538	1	
9	12663	2	
9	20686	1	
9	11471	1	
9	10452	1	
9	10972	1	
9	10975	2	
9	16608	1	
9	7911	1	
9	7401	1	
9	12010	1	
9	22252	1	
9	5875	1	
9	8449	1	
9	19716	1	
9	2310	1	
9	18185	1	
9	17162	1	
9	4364	2	
9	5390	1	
9	15119	1	
9	7952	1	
9	17681	1	
9	16661	1	
9	7451	1	
9	7903	1	
9	14469	1	
9	5929	1	
9	7392	1	
9	21295	1	
9	1844	1	
9	17042	1	
9	17719	1	
9	5433	1	
9	10555	2	
9	6464	1	
9	833	1	
9	16706	1	
9	22339	1	
9	12623	1	
9	12625	6	
9	5970	1	
9	14677	1	
9	4438	1	
9	18267	4	
9	15709	1	
9	3937	1	
9	4451	2	
9	7527	1	
9	9069	2	
9	12151	1	
9	8568	2	
9	8571	1	
9	18818	1	
9	1923	1	
9	9093	1	
9	15751	1	
9	4496	1	
9	835	1	
9	11156	1	
9	19349	1	
9	18843	1	
9	14751	1	
9	17312	3	
9	2977	1	
9	9122	1	
9	2980	1	
9	9644	1	
9	4851	1	
9	11708	1	
9	20384	1	
9	13763	1	
9	4038	1	
9	13772	3	
9	9167	2	
9	9169	1	
9	7637	1	
9	15439	2	
9	6622	1	
9	6651	1	
9	4433	1	
9	15869	1	
9	8180	1	
9	15531	1	
9	16888	1	
9	16890	1	
9	11771	1	
9	6652	1	
9	22186	1	
9	7765	1	
10	12288	1	
10	19460	1	
10	7687	1	
10	10763	1	
10	22032	1	
10	7519	1	
10	2394	1	
10	9758	1	
10	7711	1	
10	5666	1	
10	5667	1	
10	8229	1	
10	13863	1	
10	16430	1	
10	3421	1	
10	562	1	
10	22581	1	
10	1590	2	
10	2105	3	
10	5691	1	
10	10300	1	
10	8765	1	
10	22368	1	
10	8771	1	
10	7237	1	
10	22086	1	
10	72	1	
10	18005	2	
10	12559	1	
10	18014	1	
10	2747	1	
10	10854	2	
10	22119	1	
10	15976	1	
10	20593	1	
10	1141	1	
10	3190	1	
10	6264	1	
10	21627	1	
10	1670	1	
10	18055	1	
10	14473	1	
10	1163	1	
10	21664	1	
10	11428	1	
10	21617	1	
10	15528	1	
10	22188	1	
10	4273	1	
10	5301	1	
10	12471	1	
10	16049	1	
10	15903	4	
10	8892	2	
10	19133	5	
10	16064	1	
10	13516	1	
10	20686	2	
10	719	1	
10	7892	1	
10	3285	1	
10	14713	1	
10	22232	1	
10	11482	1	
10	10972	1	
10	10973	1	
10	10975	1	
10	13937	2	
10	12010	1	
10	22252	1	
10	8943	1	
10	9458	2	
10	14583	1	
10	18174	2	
10	8064	1	
10	2307	1	
10	4868	2	
10	17671	2	
10	4364	4	
10	6927	1	
10	3344	1	
10	16662	2	
10	1305	1	
10	16431	1	
10	8989	1	
10	5929	1	
10	16434	1	
10	1844	1	
10	21305	3	
10	19770	1	
10	8508	1	
10	19263	2	
10	15499	1	
10	18759	1	
10	13129	1	
10	12110	1	
10	15184	2	
10	12625	6	
10	14677	3	
10	4438	1	
10	4441	1	
10	13658	1	
10	20794	1	
10	16223	1	
10	4960	1	
10	7010	1	
10	20329	1	
10	999	1	
10	9069	1	
10	20343	1	
10	12153	2	
10	21883	1	
10	15232	1	
10	12673	1	
10	7558	1	
10	14730	1	
10	4496	1	
10	11156	1	
10	10140	1	
10	20384	1	
10	15266	1	
10	11684	3	
10	1445	1	
10	16807	1	
10	12716	1	
10	15432	1	
10	4019	1	
10	6069	1	
10	22463	1	
10	15808	1	
10	13763	1	
10	15035	1	
10	9122	1	
10	14288	1	
10	10206	1	
10	18853	1	
10	3408	1	
10	19939	1	
10	21841	1	
10	15849	1	
10	12787	1	
10	3060	1	
10	6136	1	
10	4602	1	
10	6651	1	
10	6652	1	
11	10244	1	
11	9733	1	
11	18952	1	
11	1545	1	
11	13834	1	
11	18955	2	
11	9241	1	
11	17435	1	
11	15903	2	
11	22571	1	
11	8749	1	
11	1074	1	
11	1590	1	
11	7236	1	
11	13389	1	
11	11855	1	
11	592	1	
11	21586	1	
11	5207	1	
11	5208	1	
11	8797	1	
11	18014	1	
11	21605	1	
11	9831	1	
11	14448	2	
11	22133	1	
11	6263	1	
11	632	1	
11	2179	1	
11	19596	1	
11	17041	1	
11	13849	1	
11	11931	1	
11	6512	1	
11	4635	1	
11	11946	1	
11	16054	2	
11	3258	1	
11	8892	1	
11	19133	2	
11	8898	1	
11	13516	1	
11	719	1	
11	10453	1	
11	1743	1	
11	10972	2	
11	1757	1	
11	19460	1	
11	21727	1	
11	16609	1	
11	9458	1	
11	4851	1	
11	14081	1	
11	4868	1	
11	8458	1	
11	5390	1	
11	15119	2	
11	16661	1	
11	5400	1	
11	1305	1	
11	21295	1	
11	7964	1	
11	18209	1	
11	13611	1	
11	7471	1	
11	2873	1	
11	20794	2	
11	15170	2	
11	22339	1	
11	18759	1	
11	12625	3	
11	21330	1	
11	4438	1	
11	4440	1	
11	2394	1	
11	18746	1	
11	9069	1	
11	15216	1	
11	8568	1	
11	17790	1	
11	8684	1	
11	5514	1	
11	10636	1	
11	4494	1	
11	19347	1	
11	7062	1	
11	18841	1	
11	15774	1	
11	15778	1	
11	11684	3	
11	9637	1	
11	15273	1	
11	9644	1	
11	1456	1	
11	1458	1	
11	11192	1	
11	17861	1	
11	9167	1	
11	6099	1	
11	10205	2	
11	5090	1	
11	7660	1	
11	16367	1	
11	6652	1	
12	7680	1	
12	12800	1	
12	19460	3	
12	4438	1	
12	7686	1	
12	1547	3	
12	15583	1	
12	17424	1	
12	529	1	
12	13846	1	
12	10264	1	
12	4638	1	
12	15903	3	
12	11817	1	
12	3627	1	
12	1068	1	
12	22061	1	
12	7219	1	
12	4665	1	
12	3647	1	
12	17163	1	
12	19524	1	
12	8262	1	
12	15432	4	
12	11850	2	
12	13389	1	
12	15951	1	
12	21586	1	
12	4691	1	
12	7765	1	
12	2134	1	
12	15963	1	
12	8797	2	
12	15456	1	
12	22252	1	
12	21606	1	
12	18023	1	
12	11708	1	
12	18028	1	
12	14448	1	
12	625	1	
12	1141	1	
12	14456	1	
12	16831	1	
12	6269	1	
12	5760	1	
12	18051	1	
12	19588	1	
12	13848	1	
12	18055	2	
12	18569	1	
12	1163	2	
12	21137	1	
12	13763	1	
12	15508	1	
12	21141	1	
12	13979	1	
12	16546	1	
12	5800	1	
12	9901	1	
12	5301	1	
12	22198	1	
12	3258	1	
12	11963	1	
12	8892	1	
12	19133	5	
12	21696	1	
12	17608	1	
12	13514	1	
12	13516	1	
12	3277	1	
12	20686	1	
12	11471	1	
12	4818	1	
12	10453	1	
12	12153	1	
12	2264	1	
12	10973	1	
12	8415	1	
12	10464	1	
12	14049	1	
12	9446	1	
12	12010	1	
12	748	1	
12	15997	1	
12	14721	1	
12	8771	1	
12	756	1	
12	14583	1	
12	18686	1	
12	11007	1	
12	13611	1	
12	16135	1	
12	20012	1	
12	20234	1	
12	20235	1	
12	15119	2	
12	17171	1	
12	4884	1	
12	10006	1	
12	8992	1	
12	18212	1	
12	7463	1	
12	17706	2	
12	7303	1	
12	6958	1	
12	7471	1	
12	15666	1	
12	1844	1	
12	21305	1	
12	19771	1	
12	831	1	
12	8512	1	
12	6368	1	
12	15170	1	
12	13451	1	
12	18759	1	
12	328	1	
12	19787	1	
12	18766	1	
12	3408	1	
12	12625	1	
12	2387	1	
12	16725	1	
12	22358	1	
12	2394	1	
12	18267	1	
12	9069	3	
12	18287	1	
12	11632	1	
12	14709	1	
12	12663	1	
12	377	1	
12	15902	1	
12	10975	1	
12	1408	1	
12	6017	1	
12	18818	1	
12	16260	1	
12	14725	1	
12	7660	1	
12	4418	1	
12	7055	2	
12	4496	1	
12	15762	1	
12	15763	1	
12	17312	3	
12	18851	1	
12	11684	5	
12	7081	1	
12	15275	1	
12	1967	1	
12	3339	1	
12	19900	3	
12	3519	1	
12	20384	1	
12	8643	1	
12	20420	1	
12	13772	1	
12	4048	1	
12	1443	1	
12	14415	1	
12	4572	1	
12	10206	1	
12	3047	1	
12	7148	1	
12	493	1	
12	16367	1	
12	497	1	
12	10226	1	
12	14324	1	
12	12279	1	
13	12288	1	
13	13316	2	
13	13832	1	
13	22188	1	
13	14082	1	
13	2063	1	
13	10264	1	
13	10244	1	
13	3101	1	
13	9759	1	
13	700	1	
13	3479	1	
13	16422	1	
13	6695	1	
13	18985	1	
13	8236	1	
13	16430	1	
13	7537	1	
13	21552	1	
13	1074	1	
13	567	1	
13	18783	1	
13	6496	1	
13	12354	4	
13	16651	1	
13	12360	1	
13	7753	1	
13	11850	1	
13	13388	1	
13	6733	1	
13	18510	1	
13	21586	2	
13	4691	1	
13	5717	1	
13	5207	1	
13	19544	1	
13	15963	1	
13	7952	1	
13	19039	1	
13	19553	1	
13	7780	1	
13	9831	1	
13	19900	1	
13	13421	1	
13	13937	1	
13	1138	2	
13	10867	1	
13	3711	1	
13	19589	1	
13	10375	1	
13	19596	1	
13	20111	1	
13	3220	1	
13	2710	1	
13	10265	3	
13	16030	1	
13	2416	1	
13	9072	3	
13	10407	1	
13	6828	1	
13	15534	1	
13	1711	1	
13	13488	1	
13	12977	1	
13	1651	1	
13	19124	1	
13	4809	1	
13	15903	2	
13	8892	3	
13	19133	5	
13	21696	1	
13	20681	1	
13	13514	1	
13	12663	1	
13	15565	1	
13	14552	1	
13	5337	1	
13	10972	1	
13	1757	1	
13	1758	1	
13	4831	1	
13	1761	1	
13	2278	1	
13	12007	1	
13	7913	1	
13	748	1	
13	1133	1	
13	15600	1	
13	9458	1	
13	5876	1	
13	1918	1	
13	11007	2	
13	15618	1	
13	4868	2	
13	14088	1	
13	20234	1	
13	3339	1	
13	4364	2	
13	13069	1	
13	5391	1	
13	9488	1	
13	2834	1	
13	15128	1	
13	4484	1	
13	7451	1	
13	20256	1	
13	3878	1	
13	7463	1	
13	18222	1	
13	21295	1	
13	15712	1	
13	10035	1	
13	7988	1	
13	10975	1	
13	833	1	
13	22344	1	
13	13129	2	
13	12110	1	
13	5455	1	
13	3408	2	
13	12625	2	
13	21330	1	
13	2387	1	
13	14677	6	
13	625	1	
13	18776	1	
13	1369	1	
13	2394	2	
13	18267	2	
13	3935	1	
13	22368	1	
13	22369	1	
13	2407	1	
13	4971	1	
13	9069	4	
13	15216	1	
13	13681	1	
13	6514	3	
13	3958	1	
13	20343	1	
13	8568	1	
13	8571	1	
13	7081	1	
13	17790	1	
13	1408	1	
13	1410	2	
13	1412	1	
13	16774	1	
13	15425	1	
13	15754	1	
13	7575	1	
13	10636	1	
13	4496	3	
13	4497	1	
13	4499	1	
13	3991	1	
13	15774	1	
13	21410	1	
13	20384	1	
13	9121	3	
13	15266	5	
13	22437	1	
13	15784	1	
13	15273	1	
13	16301	1	
13	7600	3	
13	16628	1	
13	1466	1	
13	8636	1	
13	9662	1	
13	22463	1	
13	8062	1	
13	17484	1	
13	12746	1	
13	4087	1	
13	13772	3	
13	9122	1	
13	6101	1	
13	8668	1	
13	5456	1	
13	13282	1	
13	4070	1	
13	4945	1	
13	17679	1	
13	7155	1	
13	15863	1	
13	12280	1	
13	8021	1	
14	3075	1	
14	13444	1	
14	6021	1	
14	16902	1	
14	5801	1	
14	13963	1	
14	8589	1	
14	7095	1	
14	22032	2	
14	9873	1	
14	10051	1	
14	4868	1	
14	22041	1	
14	1796	1	
14	21405	1	
14	13445	1	
14	14743	1	
14	10246	1	
14	20774	2	
14	5415	1	
14	2089	1	
14	1578	1	
14	13244	1	
14	18222	1	
14	18227	1	
14	5936	1	
14	11827	1	
14	19124	1	
14	14033	1	
14	18185	2	
14	5816	1	
14	3060	1	
14	19514	1	
14	8764	1	
14	7487	1	
14	10432	1	
14	8899	1	
14	7237	1	
14	7110	1	
14	4961	1	
14	17225	1	
14	16586	1	
14	17719	1	
14	8892	1	
14	15184	1	
14	21841	1	
14	595	1	
14	9428	1	
14	18005	1	
14	13412	1	
14	6234	1	
14	9691	1	
14	3130	1	
14	15603	1	
14	11024	1	
14	10467	3	
14	8144	1	
14	15717	1	
14	16998	1	
14	15697	1	
14	9832	1	
14	6249	1	
14	492	1	
14	9069	1	
14	880	1	
14	6787	1	
14	17651	1	
14	17908	1	
14	11894	1	
14	5623	1	
14	12880	1	
14	5625	1	
14	14716	1	
14	17790	2	
15	5632	1	
15	9729	1	
15	8706	1	
15	13316	1	
15	7686	2	
15	13832	2	
15	13321	1	
15	11787	1	
15	22032	2	
15	19478	2	
15	10264	1	
15	19460	3	
15	17435	1	
15	18460	1	
15	15903	3	
15	2596	1	
15	3621	1	
15	22054	1	
15	16049	1	
15	1578	1	
15	1580	1	
15	3629	2	
15	16430	1	
15	16904	1	
15	12852	1	
15	1590	2	
15	22071	1	
15	12345	1	
15	13883	1	
15	9227	1	
15	22087	1	
15	15432	2	
15	1099	1	
15	8781	1	
15	16974	1	
15	12880	3	
15	21586	6	
15	4691	2	
15	18005	1	
15	5207	3	
15	15119	1	
15	3677	1	
15	18528	1	
15	10851	1	
15	8804	1	
15	16998	1	
15	9831	1	
15	15976	1	
15	7785	1	
15	8810	1	
15	3943	1	
15	21613	3	
15	18030	1	
15	13937	2	
15	21619	1	
15	10857	1	
15	14969	1	
15	18042	1	
15	20608	1	
15	6787	1	
15	18569	1	
15	1163	1	
15	10861	1	
15	20112	1	
15	20113	1	
15	15982	1	
15	16828	1	
15	4540	1	
15	9884	3	
15	14618	1	
15	1733	1	
15	10408	1	
15	17066	1	
15	17070	2	
15	6833	1	
15	19124	1	
15	13493	1	
15	1718	1	
15	12471	1	
15	22200	1	
15	7540	1	
15	20155	1	
15	10428	1	
15	19133	1	
15	9919	1	
15	11461	1	
15	14024	1	
15	15820	2	
15	11895	1	
15	16588	1	
15	719	1	
15	14033	1	
15	10453	1	
15	6265	1	
15	22232	1	
15	3468	1	
15	9423	1	
15	4831	1	
15	7392	2	
15	13026	1	
15	379	1	
15	19172	1	
15	8421	3	
15	721	1	
15	7400	1	
15	22252	1	
15	20722	1	
15	1918	1	
15	18686	1	
15	4868	2	
15	6917	1	
15	1560	1	
15	19719	1	
15	4364	1	
15	18191	1	
15	17681	1	
15	18197	1	
15	21784	1	
15	6938	1	
15	4382	1	
15	5936	1	
15	8892	1	
15	16888	1	
15	12076	1	
15	6446	1	
15	7471	1	
15	5424	1	
15	15666	1	
15	1843	1	
15	7988	1	
15	20277	1	
15	16695	2	
15	5433	2	
15	7482	2	
15	21727	1	
15	12604	1	
15	4414	1	
15	8511	1	
15	10464	1	
15	20803	2	
15	22340	1	
15	17225	1	
15	11603	1	
15	4438	2	
15	21305	1	
15	7514	1	
15	12602	1	
15	7397	1	
15	4496	1	
15	6715	1	
15	17041	1	
15	11196	1	
15	9069	2	
15	9072	1	
15	4328	1	
15	21364	2	
15	20343	1	
15	11708	1	
15	16252	1	
15	12670	1	
15	12288	1	
15	16775	1	
15	15754	1	
15	4492	1	
15	10467	1	
15	8079	1	
15	13712	1	
15	10641	1	
15	6979	1	
15	15765	1	
15	14743	1	
15	12190	1	
15	14751	1	
15	20384	1	
15	17123	1	
15	9425	1	
15	10158	1	
15	1457	1	
15	20914	2	
15	1844	1	
15	6587	1	
15	19900	4	
15	15808	1	
15	11714	1	
15	7109	1	
15	13255	3	
15	13772	1	
15	9167	1	
15	16849	1	
15	7638	1	
15	10206	1	
15	592	1	
15	16871	1	
15	14985	1	
15	22508	1	
15	15528	2	
15	15864	1	
15	11946	1	
16	12288	1	
16	14081	1	
16	9644	1	
16	13834	1	
16	21003	1	
16	4110	1	
16	9232	1	
16	16913	1	
16	10499	1	
16	19478	1	
16	22551	1	
16	10264	3	
16	17435	1	
16	22557	1	
16	22571	1	
16	8749	1	
16	16946	1	
16	17973	1	
16	13881	1	
16	13883	1	
16	12354	1	
16	3652	1	
16	70	1	
16	15432	3	
16	15434	1	
16	5815	1	
16	15439	1	
16	18005	1	
16	1465	1	
16	8726	1	
16	8797	2	
16	3171	1	
16	16998	2	
16	18108	1	
16	21611	1	
16	18030	1	
16	14448	1	
16	20593	1	
16	13428	3	
16	5994	1	
16	15486	1	
16	6786	1	
16	13445	1	
16	18056	1	
16	13963	1	
16	19599	1	
16	5264	1	
16	13969	1	
16	18067	1	
16	1174	1	
16	19607	1	
16	11931	2	
16	11932	1	
16	673	1	
16	21845	1	
16	21617	1	
16	10408	1	
16	7623	1	
16	22188	1	
16	9901	2	
16	20142	1	
16	19124	2	
16	20151	1	
16	2745	2	
16	6331	1	
16	15548	1	
16	16586	1	
16	13516	1	
16	15567	1	
16	10449	1	
16	11482	1	
16	21727	1	
16	1248	1	
16	10467	1	
16	8421	1	
16	5927	1	
16	8943	1	
16	1266	1	
16	1280	1	
16	8449	1	
16	6937	1	
16	19718	1	
16	18185	2	
16	4364	1	
16	269	1	
16	3629	1	
16	17169	3	
16	2834	1	
16	21782	1	
16	15128	1	
16	4484	1	
16	14622	1	
16	8892	2	
16	7463	1	
16	3881	1	
16	13611	2	
16	12076	1	
16	12589	1	
16	6446	1	
16	5935	1	
16	15666	1	
16	1844	1	
16	7477	1	
16	1335	1	
16	12091	1	
16	833	1	
16	18571	1	
16	15184	1	
16	12625	1	
16	2387	1	
16	14677	1	
16	21847	1	
16	15199	1	
16	22368	1	
16	22369	1	
16	1887	1	
16	2915	1	
16	8041	1	
16	15210	1	
16	9069	1	
16	4547	1	
16	6269	1	
16	10096	1	
16	13682	1	
16	16758	1	
16	20343	1	
16	8568	1	
16	17790	1	
16	9092	2	
16	16775	1	
16	3991	1	
16	4509	1	
16	4000	1	
16	15778	2	
16	3498	1	
16	11180	1	
16	9645	1	
16	11193	1	
16	4030	1	
16	22463	1	
16	16835	1	
16	19398	1	
16	11937	1	
16	16842	1	
16	15820	1	
16	463	1	
16	19939	1	
16	21841	1	
16	490	1	
16	491	1	
16	7663	1	
16	4221	1	
16	16890	1	
16	15869	1	
16	10238	1	
16	12799	2	
17	10244	1	
17	19464	1	
17	4635	1	
17	22557	2	
17	15903	1	
17	12325	1	
17	6695	1	
17	11817	1	
17	1067	1	
17	15794	1	
17	16430	1	
17	1074	1	
17	1076	1	
17	13884	2	
17	13887	1	
17	13889	1	
17	15938	1	
17	15939	1	
17	7765	1	
17	15448	2	
17	7776	1	
17	2147	1	
17	18022	1	
17	16998	1	
17	15548	1	
17	11891	1	
17	21621	1	
17	22464	1	
17	18051	1	
17	19596	1	
17	20649	1	
17	9901	1	
17	8892	1	
17	19133	1	
17	8898	1	
17	9417	1	
17	9418	1	
17	719	1	
17	7380	1	
17	2264	1	
17	5337	1	
17	17626	1	
17	11483	1	
17	6375	2	
17	12008	1	
17	22252	1	
17	9458	1	
17	15097	1	
17	2307	1	
17	4868	1	
17	14088	1	
17	17162	1	
17	4364	1	
17	13069	1	
17	3629	1	
17	17169	1	
17	2834	1	
17	4886	1	
17	12570	1	
17	13089	1	
17	19238	1	
17	16175	1	
17	5424	1	
17	1844	1	
17	21814	1	
17	7479	1	
17	21305	1	
17	835	1	
17	9033	1	
17	8012	1	
17	3919	1	
17	12625	3	
17	21845	2	
17	4438	1	
17	14686	1	
17	22368	1	
17	22369	1	
17	15209	1	
17	15218	1	
17	8568	1	
17	13695	1	
17	3973	1	
17	16774	2	
17	15751	1	
17	492	1	
17	10122	1	
17	20882	2	
17	20384	1	
17	4011	1	
17	9644	2	
17	8626	2	
17	8627	1	
17	11703	1	
17	15808	1	
17	5623	1	
17	5082	1	
17	5083	1	
17	488	1	
17	3564	1	
17	11760	1	
17	10225	1	
17	3058	1	
17	502	1	
17	20137	1	
17	4603	1	
18	3073	1	
18	9729	1	
18	13832	1	
18	15369	1	
18	7690	2	
18	3603	1	
18	15534	1	
18	17435	1	
18	18975	1	
18	1757	1	
18	20519	1	
18	7209	1	
18	22571	1	
18	861	1	
18	9265	1	
18	3636	1	
18	22071	1	
18	8764	1	
18	13834	1	
18	2220	1	
18	15427	1	
18	8261	1	
18	12897	1	
18	15432	1	
18	9294	1	
18	13905	1	
18	21586	3	
18	6741	1	
18	8797	1	
18	1118	1	
18	7777	1	
18	3173	1	
18	3176	1	
18	10857	2	
18	18028	1	
18	21613	1	
18	13937	2	
18	4115	1	
18	14969	1	
18	19580	1	
18	4221	1	
18	6786	1	
18	2179	1	
18	1668	1	
18	7303	1	
18	13467	1	
18	20125	1	
18	14495	1	
18	18081	1	
18	680	1	
18	11946	1	
18	683	1	
18	19116	1	
18	11438	1	
18	6771	1	
18	7862	1	
18	12471	1	
18	22200	2	
18	8892	4	
18	19133	4	
18	7870	1	
18	14016	1	
18	1732	1	
18	15558	1	
18	2990	1	
18	13516	1	
18	11471	1	
18	9424	1	
18	8401	1	
18	17108	1	
18	11477	1	
18	4217	1	
18	8921	1	
18	719	1	
18	16605	1	
18	10974	1	
18	10975	1	
18	10465	1	
18	13026	1	
18	13027	1	
18	13030	1	
18	6375	1	
18	16616	1	
18	6902	1	
18	5888	1	
18	11522	1	
18	4868	1	
18	19208	1	
18	20234	1	
18	6925	1	
18	12558	1	
18	15119	1	
18	16661	1	
18	4886	1	
18	2351	1	
18	4894	1	
18	21281	1	
18	10531	1	
18	4486	1	
18	8753	1	
18	21295	1	
18	15666	1	
18	1844	1	
18	17719	1	
18	1336	1	
18	21305	1	
18	16701	1	
18	10051	1	
18	12110	1	
18	20303	1	
18	4432	1	
18	12625	3	
18	3411	1	
18	14677	3	
18	19464	1	
18	9047	1	
18	4440	2	
18	15705	1	
18	2394	1	
18	7516	1	
18	15709	1	
18	2399	1	
18	15713	1	
18	15441	1	
18	20329	1	
18	12140	1	
18	9069	3	
18	6512	1	
18	13681	1	
18	12153	1	
18	8571	1	
18	16774	1	
18	22364	1	
18	4496	3	
18	20803	1	
18	11777	1	
18	14743	1	
18	8604	1	
18	925	1	
18	7582	1	
18	15266	1	
18	18851	1	
18	18853	1	
18	12200	1	
18	15273	1	
18	22442	1	
18	11181	1	
18	10158	1	
18	9141	1	
18	954	1	
18	10171	1	
18	19900	3	
18	4032	1	
18	8641	1	
18	16835	1	
18	18513	1	
18	13772	1	
18	19405	1	
18	9167	3	
18	13776	1	
18	7633	1	
18	7637	1	
18	10206	1	
18	3047	1	
18	7147	1	
18	8684	1	
18	7150	1	
18	2040	1	
18	6652	2	
19	14592	1	
19	8193	1	
19	14978	1	
19	8086	1	
19	19464	1	
19	15293	1	
19	5514	1	
19	395	1	
19	5993	1	
19	22032	1	
19	16273	1	
19	22418	1	
19	19347	1	
19	918	1	
19	6489	1	
19	5272	1	
19	10265	1	
19	17435	1	
19	17608	1	
19	602	1	
19	17840	1	
19	15266	1	
19	18341	1	
19	6694	1	
19	16807	1	
19	13992	1	
19	11946	1	
19	3629	1	
19	18864	1	
19	9777	1	
19	7219	1	
19	19124	1	
19	12341	1	
19	12279	1	
19	6075	1	
19	8892	2	
19	7101	1	
19	9918	2	
19	9023	1	
19	15425	1	
19	12354	1	
19	21315	1	
19	21613	1	
19	5576	1	
19	17225	1	
19	17610	1	
19	15819	1	
19	20813	1	
19	18510	2	
19	9167	1	
19	7888	1	
19	12625	1	
19	14677	1	
19	19673	1	
19	8026	1	
19	10972	1	
19	6733	1	
19	1445	1	
19	7904	1	
19	18529	1	
19	6651	1	
19	3047	1	
19	8636	1	
19	12010	1	
19	1063	1	
19	18028	1	
19	9069	2	
19	17213	1	
19	7520	1	
19	10868	1	
19	9065	1	
19	12441	1	
19	11771	1	
19	1130	1	
