1	14592	3	
1	22464	1	
1	2690	2	
1	9918	1	
1	18055	1	
1	8585	1	
1	395	1	
1	18818	1	
1	15432	1	
1	8079	1	
1	22032	1	
1	11992	1	
1	12995	1	
1	8214	1	
1	22551	3	
1	8636	1	
1	6685	1	
1	8990	1	
1	9887	1	
1	14241	1	
1	20643	1	
1	6052	1	
1	3621	1	
1	3633	2	
1	11434	1	
1	14509	1	
1	6702	1	
1	8797	1	
1	9777	1	
1	19849	1	
1	3512	1	
1	9145	1	
1	3258	1	
1	8892	1	
1	3629	2	
1	14782	1	
1	22133	1	
1	15808	2	
1	14176	1	
1	12891	1	
1	523	1	
1	16139	1	
1	18505	1	
1	20298	1	
1	7095	1	
1	13388	1	
1	13901	1	
1	21966	1	
1	2256	1	
1	15800	1	
1	16468	1	
1	13398	1	
1	9047	1	
1	14680	1	
1	3044	1	
1	2523	1	
1	2781	1	
1	7952	1	
1	22368	1	
1	3041	1	
1	18420	1	
1	5860	1	
1	14257	1	
1	7633	1	
1	18108	1	
1	13677	1	
1	20206	1	
1	14653	1	
1	13809	1	
1	1266	1	
1	7540	1	
1	16373	1	
1	17016	1	
1	14082	1	
1	14846	1	
1	12799	1	
2	12288	1	
2	21251	1	
2	16132	1	
2	12805	1	
2	16775	1	
2	10	1	
2	20695	3	
2	4364	1	
2	22082	1	
2	15119	1	
2	19864	1	
2	658	1	
2	18197	1	
2	21305	1	
2	2839	2	
2	2840	1	
2	1948	1	
2	8989	1	
2	12446	1	
2	20384	1	
2	18209	1	
2	15266	1	
2	19619	2	
2	4438	1	
2	20519	1	
2	5928	1	
2	9223	1	
2	9901	1	
2	20882	1	
2	16049	2	
2	22223	1	
2	4661	1	
2	12342	1	
2	10168	1	
2	11449	1	
2	12349	1	
2	9152	1	
2	11714	2	
2	4235	1	
2	3652	1	
2	7237	1	
2	5321	1	
2	20299	1	
2	1997	1	
2	8919	2	
2	9167	2	
2	16592	2	
2	11192	1	
2	9044	1	
2	21845	1	
2	13398	1	
2	14649	1	
2	5337	1	
2	6137	1	
2	11355	1	
2	14324	1	
2	1504	2	
2	1507	1	
2	10449	1	
2	1998	1	
2	8683	1	
2	22252	1	
2	9069	2	
2	19133	1	
2	18162	1	
2	20723	2	
2	500	1	
2	5246	2	
2	11639	1	
2	6265	1	
2	17788	1	
2	17790	1	
2	18175	1	
3	1280	1	
3	12288	3	
3	1538	1	
3	1420	1	
3	11398	1	
3	16775	1	
3	8764	1	
3	8919	1	
3	9069	1	
3	9645	1	
3	7313	1	
3	20882	2	
3	17171	1	
3	21012	1	
3	13358	1	
3	14799	1	
3	4135	1	
3	19098	1	
3	8989	1	
3	8479	1	
3	1440	1	
3	4385	1	
3	20642	1	
3	9167	1	
3	17062	1	
3	5927	1	
3	15273	1	
3	1415	1	
3	11820	1	
3	1837	1	
3	18222	1	
3	1076	1	
3	6965	1	
3	14537	1	
3	21305	1	
3	3259	1	
3	6076	1	
3	19133	1	
3	4030	1	
3	16831	1	
3	9536	1	
3	18529	1	
3	16588	1	
3	10129	1	
3	18252	1	
3	1997	2	
3	9423	1	
3	12625	1	
3	21586	1	
3	6950	1	
3	9684	1	
3	20695	2	
3	5951	1	
3	5337	1	
3	20303	1	
3	860	1	
3	15582	1	
3	15839	1	
3	22369	1	
3	1507	3	
3	4837	1	
3	16998	1	
3	9831	1	
3	360	1	
3	489	1	
3	8683	2	
3	13970	1	
3	9072	3	
3	20209	2	
3	20723	2	
3	1524	1	
3	8950	1	
3	12151	1	
3	6267	1	
4	4011	1	
4	773	1	
4	6150	1	
4	15751	1	
4	4945	1	
4	10761	1	
4	1163	1	
4	4364	1	
4	5517	1	
4	5391	1	
4	15889	1	
4	17170	1	
4	15971	1	
4	4756	1	
4	19952	1	
4	22551	1	
4	1092	1	
4	14575	1	
4	15855	1	
4	18128	1	
4	4003	1	
4	12190	1	
4	11807	1	
4	1440	3	
4	17185	1	
4	15865	1	
4	1829	1	
4	6950	1	
4	21547	1	
4	2220	1	
4	13358	1	
4	1841	1	
4	1076	1	
4	4277	1	
4	17225	1	
4	21304	1	
4	21305	1	
4	10555	1	
4	12349	3	
4	4030	1	
4	13129	1	
4	5232	1	
4	3220	1	
4	22339	1	
4	13252	1	
4	10437	1	
4	18222	1	
4	12360	1	
4	14537	1	
4	10444	1	
4	1997	1	
4	1998	1	
4	9423	1	
4	7764	1	
4	12625	2	
4	19619	1	
4	16468	1	
4	2873	1	
4	4421	1	
4	12503	1	
4	7514	1	
4	860	1	
4	6622	3	
4	16224	1	
4	15841	1	
4	1506	1	
4	20384	1	
4	6372	1	
4	4837	1	
4	615	1	
4	360	2	
4	16430	1	
4	9069	3	
4	19133	1	
4	14448	2	
4	6257	1	
4	2578	1	
4	20723	3	
4	14324	1	
4	18293	1	
4	7241	1	
4	6136	1	
4	9684	1	
4	6651	1	
5	6149	1	
5	12	2	
5	19473	1	
5	19478	1	
5	15903	1	
5	6694	1	
5	13863	1	
5	2088	1	
5	15404	1	
5	18483	1	
5	17463	1	
5	12345	1	
5	12349	6	
5	3647	2	
5	22082	1	
5	3652	2	
5	15432	1	
5	22601	1	
5	3171	1	
5	85	3	
5	7768	1	
5	1626	1	
5	19553	1	
5	19131	1	
5	21103	1	
5	14448	1	
5	19060	1	
5	17015	2	
5	5246	1	
5	12930	1	
5	14870	1	
5	4235	1	
5	12429	1	
5	3217	3	
5	2706	2	
5	14489	1	
5	5232	1	
5	14509	1	
5	16049	1	
5	4277	1	
5	9398	1	
5	15031	1	
5	11449	2	
5	3259	1	
5	19132	1	
5	19133	7	
5	20167	2	
5	14538	1	
5	14543	1	
5	5331	1	
5	11477	1	
5	1751	1	
5	9167	2	
5	11632	1	
5	741	1	
5	21230	1	
5	20209	2	
5	12018	2	
5	9463	1	
5	8954	2	
5	5885	1	
5	8236	1	
5	20695	5	
5	268	1	
5	18191	1	
5	17170	2	
5	11027	2	
5	2839	2	
5	2840	2	
5	8989	1	
5	5927	1	
5	20269	1	
5	7471	1	
5	1841	1	
5	6965	3	
5	14649	1	
5	20794	2	
5	22496	1	
5	3397	1	
5	2375	1	
5	5458	1	
5	14677	1	
5	4438	1	
5	21305	7	
5	860	1	
5	4960	1	
5	360	1	
5	9069	4	
5	9072	2	
5	15731	1	
5	12151	1	
5	6696	1	
5	8585	1	
5	20882	1	
5	11156	1	
5	4509	2	
5	6561	1	
5	7241	1	
5	12733	1	
5	4030	1	
5	11714	1	
5	13252	1	
5	13255	1	
5	1997	3	
5	3023	1	
5	5370	1	
5	1504	2	
5	7661	1	
5	16366	1	
5	500	2	
5	14331	1	
6	9729	1	
6	20774	2	
6	8989	1	
6	4741	1	
6	11398	1	
6	11273	1	
6	6282	2	
6	11275	2	
6	20877	1	
6	7570	2	
6	9069	3	
6	3217	1	
6	2706	1	
6	16195	1	
6	10862	1	
6	2839	2	
6	20635	1	
6	1308	1	
6	22557	1	
6	11422	1	
6	20384	1	
6	8993	1	
6	20642	1	
6	7579	1	
6	3351	1	
6	17062	1	
6	7463	1	
6	11817	1	
6	554	1	
6	11820	1	
6	9645	1	
6	8236	1	
6	7600	1	
6	16049	1	
6	9139	1	
6	13841	1	
6	6965	1	
6	9142	1	
6	17737	1	
6	21305	5	
6	4319	1	
6	19133	5	
6	3647	2	
6	18483	1	
6	18571	1	
6	14020	1	
6	11461	1	
6	19142	1	
6	15717	1	
6	20168	2	
6	21705	1	
6	15434	1	
6	13388	1	
6	1997	4	
6	12878	1	
6	9167	2	
6	592	1	
6	3278	1	
6	20695	1	
6	11724	1	
6	19001	1	
6	10206	1	
6	12255	1	
6	18528	1	
6	22369	1	
6	19131	1	
6	16997	1	
6	2279	1	
6	1256	1	
6	1513	1	
6	15210	1	
6	4581	1	
6	364	1	
6	4589	2	
6	12349	2	
6	21613	1	
6	6770	1	
6	16375	1	
6	16888	2	
6	15209	2	
6	6652	1	
7	7690	1	
7	13841	1	
7	4115	1	
7	13844	1	
7	13846	1	
7	20505	1	
7	1627	1	
7	20519	1	
7	13358	1	
7	7216	1	
7	16434	1	
7	8243	1	
7	1593	1	
7	12349	2	
7	22082	1	
7	11850	2	
7	588	2	
7	21586	1	
7	603	2	
7	13404	1	
7	15971	1	
7	2834	1	
7	110	1	
7	14448	4	
7	13937	2	
7	1141	1	
7	13445	2	
7	11399	2	
7	13961	1	
7	13964	1	
7	11714	1	
7	656	1	
7	2706	2	
7	13167	1	
7	13490	1	
7	19133	2	
7	703	1	
7	2243	1	
7	2244	1	
7	11461	1	
7	20168	4	
7	5838	2	
7	5840	1	
7	5841	1	
7	20695	1	
7	11995	1	
7	10975	1	
7	10976	1	
7	17637	1	
7	7399	1	
7	4328	1	
7	1266	1	
7	6901	1	
7	9463	1	
7	15102	1	
7	1287	1	
7	20234	1	
7	17170	1	
7	10515	1	
7	16430	2	
7	2839	3	
7	2840	1	
7	2841	1	
7	20767	1	
7	18209	1	
7	16679	1	
7	16775	1	
7	5935	1	
7	1842	1	
7	21305	2	
7	12604	1	
7	15170	1	
7	5443	1	
7	3397	1	
7	19782	1	
7	15184	1	
7	12625	4	
7	12121	1	
7	13658	1	
7	18267	1	
7	15210	4	
7	573	1	
7	9072	2	
7	5498	1	
7	18818	1	
7	901	1	
7	1415	1	
7	1420	2	
7	20882	1	
7	4000	3	
7	16773	1	
7	12018	6	
7	20927	1	
7	16834	1	
7	15751	1	
7	967	1	
7	15948	1	
7	13772	1	
7	14286	1	
7	9167	3	
7	18898	1	
7	10205	1	
7	4578	1	
7	4579	1	
7	1019	1	
7	12799	1	
8	12288	1	
8	15874	1	
8	4122	1	
8	6686	1	
8	6687	1	
8	1062	1	
8	16430	2	
8	7217	1	
8	12342	1	
8	11850	2	
8	592	1	
8	21586	1	
8	18528	1	
8	14437	1	
8	14448	2	
8	17521	1	
8	6265	1	
8	5760	1	
8	3201	1	
8	19588	1	
8	13445	1	
8	11398	1	
8	13961	1	
8	2706	1	
8	14495	1	
8	10408	1	
8	16049	2	
8	12471	2	
8	20155	1	
8	3260	1	
8	19133	2	
8	14016	1	
8	2243	1	
8	5838	1	
8	16592	1	
8	721	1	
8	5843	1	
8	14037	1	
8	20695	1	
8	22232	1	
8	17637	1	
8	19174	1	
8	15867	1	
8	12018	2	
8	22262	1	
8	8954	1	
8	16132	2	
8	7432	1	
8	20234	1	
8	4364	2	
8	18197	1	
8	2839	1	
8	2841	1	
8	1827	1	
8	21305	2	
8	12604	1	
8	19782	1	
8	12625	1	
8	14677	1	
8	10469	1	
8	15210	2	
8	5996	2	
8	9069	2	
8	6511	1	
8	9072	1	
8	13682	1	
8	18819	1	
8	4484	1	
8	22406	1	
8	16775	1	
8	7055	1	
8	11664	1	
8	22418	1	
8	8607	1	
8	20384	1	
8	19881	1	
8	13229	1	
8	10162	1	
8	4019	1	
8	1465	1	
8	22464	1	
8	4000	1	
8	9167	1	
8	10206	1	
8	11856	1	
8	8421	1	
8	8679	1	
8	8683	1	
8	8685	1	
8	16367	1	
8	15273	1	
8	11771	1	
9	12288	1	
9	19460	1	
9	13834	1	
9	12823	1	
9	1798	1	
9	3626	1	
9	3629	1	
9	16430	2	
9	11832	1	
9	4665	1	
9	8250	1	
9	13883	1	
9	7755	2	
9	18005	1	
9	5207	1	
9	15448	1	
9	1627	1	
9	18528	1	
9	15971	1	
9	19561	1	
9	13418	1	
9	14448	1	
9	13937	1	
9	13428	1	
9	1141	1	
9	632	1	
9	20095	1	
9	5760	1	
9	646	1	
9	14473	1	
9	17041	2	
9	21140	1	
9	6809	1	
9	13681	1	
9	6824	1	
9	683	1	
9	13490	1	
9	17012	1	
9	19133	1	
9	6345	1	
9	15735	1	
9	4303	1	
9	14545	1	
9	9167	1	
9	4317	1	
9	4868	1	
9	20741	1	
9	2310	1	
9	4364	1	
9	18191	1	
9	18197	2	
9	21782	1	
9	8989	2	
9	5920	1	
9	2351	1	
9	21305	1	
9	22339	1	
9	15177	1	
9	17229	1	
9	3408	1	
9	14677	1	
9	4438	1	
9	861	1	
9	9069	2	
9	5489	1	
9	20343	1	
9	1918	2	
9	405	1	
9	1922	1	
9	16775	1	
9	3978	1	
9	1420	1	
9	20882	1	
9	19348	1	
9	917	1	
9	12190	1	
9	7601	1	
9	13129	1	
9	1465	3	
9	11708	1	
9	22464	1	
9	11714	2	
9	7620	1	
9	7622	1	
9	19401	1	
9	21837	2	
9	9684	1	
9	20952	1	
9	10206	1	
9	2025	1	
9	8684	1	
9	20648	1	
10	12288	5	
10	8705	1	
10	19460	2	
10	10758	1	
10	4110	1	
10	4111	1	
10	12825	3	
10	4636	1	
10	6686	1	
10	3629	1	
10	16430	1	
10	8751	1	
10	5682	1	
10	4668	1	
10	13890	1	
10	3652	1	
10	15432	1	
10	18505	1	
10	21586	1	
10	1465	2	
10	602	2	
10	15456	1	
10	19555	1	
10	2661	1	
10	16998	1	
10	9832	1	
10	107	1	
10	15980	1	
10	22508	1	
10	14448	2	
10	4723	1	
10	1141	1	
10	4218	1	
10	5246	1	
10	16064	1	
10	13444	1	
10	5765	1	
10	11398	1	
10	10377	1	
10	14475	1	
10	17041	2	
10	14482	1	
10	14488	1	
10	16030	1	
10	4263	1	
10	13488	1	
10	20168	1	
10	11444	1	
10	12471	1	
10	19133	2	
10	14016	1	
10	17095	1	
10	17608	1	
10	18210	1	
10	3277	1	
10	15582	1	
10	21727	1	
10	20192	1	
10	1257	1	
10	12010	1	
10	6380	1	
10	6381	1	
10	18022	1	
10	17148	1	
10	4868	2	
10	2310	1	
10	20234	1	
10	4364	2	
10	18208	1	
10	290	1	
10	299	1	
10	16694	1	
10	21305	1	
10	14139	1	
10	5960	1	
10	12625	2	
10	22369	1	
10	7010	1	
10	9069	2	
10	9072	1	
10	5489	1	
10	12151	1	
10	11641	1	
10	5498	1	
10	12673	1	
10	1415	2	
10	21228	1	
10	17290	1	
10	3469	1	
10	7055	1	
10	11153	1	
10	20882	1	
10	11156	1	
10	11157	1	
10	4000	2	
10	4003	2	
10	15275	1	
10	11181	1	
10	11193	1	
10	4030	1	
10	11714	1	
10	13255	1	
10	17360	1	
10	4601	1	
10	18911	1	
10	19939	1	
10	15849	1	
10	7660	1	
10	13808	1	
10	11765	1	
10	16888	1	
10	505	1	
11	12288	1	
11	11273	1	
11	14509	1	
11	13844	1	
11	22551	1	
11	13848	1	
11	22557	1	
11	20519	1	
11	12852	2	
11	12345	1	
11	1092	1	
11	15432	1	
11	8804	1	
11	18876	2	
11	13404	1	
11	19550	1	
11	19553	1	
11	10340	1	
11	9832	1	
11	21948	1	
11	14448	1	
11	20159	2	
11	17024	1	
11	14475	1	
11	10900	1	
11	19093	1	
11	11931	1	
11	9380	1	
11	11718	1	
11	4263	1	
11	683	1	
11	9901	1	
11	13486	1	
11	12471	1	
11	6329	1	
11	3258	1	
11	6847	1	
11	14016	1	
11	9924	1	
11	18632	2	
11	718	1	
11	7888	1	
11	22229	1	
11	4831	2	
11	740	2	
11	1256	1	
11	748	1	
11	6383	1	
11	16625	1	
11	9171	1	
11	10484	1	
11	14592	1	
11	10533	1	
11	17200	1	
11	16691	1	
11	7483	1	
11	1852	1	
11	15170	1	
11	1163	1	
11	17225	1	
11	21841	1	
11	14307	1	
11	1370	1	
11	6494	1	
11	11104	1	
11	9069	2	
11	21359	1	
11	12151	1	
11	377	1	
11	897	1	
11	8579	1	
11	16778	1	
11	20384	1	
11	15266	1	
11	19373	1	
11	20914	1	
11	17849	1	
11	15804	1	
11	7618	1	
11	19398	1	
11	7623	1	
11	5069	3	
11	6511	1	
11	6100	1	
11	4579	1	
11	22500	1	
11	4599	2	
11	4602	1	
12	10244	1	
12	17424	1	
12	18456	1	
12	19460	1	
12	4638	1	
12	22557	1	
12	16414	1	
12	18975	1	
12	20519	1	
12	3629	2	
12	16430	1	
12	3643	1	
12	3650	1	
12	3651	1	
12	15432	1	
12	11850	1	
12	595	1	
12	21605	1	
12	18528	1	
12	18532	1	
12	2661	1	
12	11708	1	
12	4202	1	
12	109	1	
12	13937	1	
12	6770	1	
12	6773	1	
12	19900	1	
12	9343	1	
12	3201	1	
12	3203	1	
12	11714	1	
12	5267	1	
12	22167	1	
12	14495	1	
12	13990	1	
12	4263	1	
12	22188	1	
12	14509	1	
12	3758	1	
12	5808	1	
12	16051	1	
12	9758	1	
12	10939	1	
12	3260	1	
12	19133	2	
12	1141	1	
12	21185	1	
12	9924	1	
12	18632	1	
12	18633	1	
12	11471	3	
12	16592	1	
12	7889	1	
12	9759	1	
12	16092	1	
12	6365	1	
12	11771	2	
12	8416	1	
12	18148	1	
12	6887	3	
12	1257	1	
12	11815	1	
12	16625	1	
12	9458	1	
12	21251	1	
12	19204	1	
12	2309	1	
12	15119	1	
12	15491	1	
12	5400	1	
12	8993	1	
12	16691	1	
12	7477	1	
12	21305	2	
12	7483	1	
12	16706	2	
12	22339	1	
12	5445	1	
12	6113	1	
12	12625	1	
12	4438	1	
12	22368	1	
12	9069	1	
12	8054	1	
12	20343	1	
12	377	1	
12	15751	1	
12	15754	1	
12	20882	1	
12	405	1	
12	15784	1	
12	15273	1	
12	22442	1	
12	1266	1	
12	19886	1	
12	18876	1	
12	7104	1	
12	16833	1	
12	7618	1	
12	5069	2	
12	9167	1	
12	5600	1	
12	5601	1	
12	4579	2	
12	7663	1	
12	11760	3	
12	4691	1	
12	3574	1	
12	4599	3	
12	4603	1	
12	2556	1	
12	12799	1	
13	7552	1	
13	14592	2	
13	8683	1	
13	17046	2	
13	1031	1	
13	4746	1	
13	4235	1	
13	17041	1	
13	19478	1	
13	14743	1	
13	4668	1	
13	20384	1	
13	673	1	
13	1571	1	
13	18853	1	
13	5928	1	
13	16775	1	
13	9645	1	
13	12341	1	
13	8376	1	
13	9145	1	
13	18876	1	
13	19133	1	
13	14475	1	
13	16196	1	
13	2761	1	
13	20299	1	
13	12625	1	
13	4601	1	
13	12345	1	
13	14306	1	
13	22119	1	
13	1256	1	
13	9832	2	
13	1899	1	
13	9069	1	
13	14448	1	
13	13937	2	
13	10867	1	
13	1140	1	
13	15864	1	
13	3321	1	
13	1532	1	
13	17790	1	
14	12288	1	
14	4611	1	
14	19460	1	
14	15365	1	
14	21003	1	
14	2063	1	
14	13331	1	
14	22551	2	
14	555	1	
14	3629	1	
14	16431	1	
14	16434	1	
14	11827	1	
14	18491	1	
14	4668	2	
14	11335	1	
14	13388	1	
14	592	1	
14	13398	1	
14	16911	1	
14	20584	1	
14	105	1	
14	15980	1	
14	5742	1	
14	21104	1	
14	9832	2	
14	14969	1	
14	18051	1	
14	1163	1	
14	4238	1	
14	17041	1	
14	13970	1	
14	21102	1	
14	12446	1	
14	14500	1	
14	13937	1	
14	9901	2	
14	5301	1	
14	5304	1	
14	19133	1	
14	10953	1	
14	16075	1	
14	20695	3	
14	19162	1	
14	14046	1	
14	10975	1	
14	14051	1	
14	1256	1	
14	21750	1	
14	21751	1	
14	6904	1	
14	1067	1	
14	4868	3	
14	20234	1	
14	4364	1	
14	5391	1	
14	274	1	
14	4385	1	
14	5929	2	
14	16775	1	
14	16691	1	
14	1844	1	
14	10974	1	
14	8502	1	
14	15671	1	
14	21305	1	
14	12625	2	
14	11604	1	
14	18773	1	
14	18267	1	
14	15710	1	
14	16224	1	
14	5996	1	
14	9069	1	
14	1917	1	
14	897	1	
14	21381	1	
14	15751	1	
14	21905	1	
14	12183	1	
14	21404	1	
14	20384	1	
14	15273	1	
14	17339	1	
14	16831	1	
14	22464	1	
14	1440	1	
14	1482	1	
14	2000	1	
14	14584	1	
14	7637	1	
14	10723	1	
14	10221	1	
14	20468	1	
14	15864	1	
14	505	1	
15	3201	1	
15	1670	1	
15	4364	1	
15	22551	1	
15	7066	1	
15	111	1	
15	5149	1	
15	9122	1	
15	4901	1	
15	2342	1	
15	8238	1	
15	11449	1	
15	21562	1	
15	13131	1	
15	20686	2	
15	19939	1	
15	1465	1	
15	18267	1	
15	2399	1	
15	3171	1	
15	16367	1	
15	6770	1	
15	21363	1	
15	1918	1	
16	17312	1	
16	11684	1	
16	20010	1	
16	17707	1	
16	13389	1	
16	2105	1	
16	3610	1	
16	15903	1	
16	7418	1	
16	11007	1	
17	14306	1	
17	11684	1	
17	4521	1	
17	8202	1	
17	8066	1	
17	4049	1	
17	14522	1	
17	7418	2	
17	16123	1	
17	5149	1	
18	12973	1	
