1	16385	1	
1	15874	1	
1	12805	1	
1	13832	1	
1	16396	1	
1	19476	1	
1	4128	2	
1	19803	2	
1	8236	1	
1	3633	1	
1	1076	1	
1	7224	1	
1	4668	3	
1	20547	1	
1	7241	1	
1	588	9	
1	4691	1	
1	15448	1	
1	15119	1	
1	18013	2	
1	18528	1	
1	15971	1	
1	14437	3	
1	15976	1	
1	7785	1	
1	5232	2	
1	13425	2	
1	1141	1	
1	4219	1	
1	13951	3	
1	2179	1	
1	12933	1	
1	7303	2	
1	13961	1	
1	12426	1	
1	4235	1	
1	7313	1	
1	14448	1	
1	4267	1	
1	22188	2	
1	2224	2	
1	22198	2	
1	11449	2	
1	10939	1	
1	18108	1	
1	19133	6	
1	4799	1	
1	13516	1	
1	10963	1	
1	22232	1	
1	13532	2	
1	11999	2	
1	7394	1	
1	5351	1	
1	12008	1	
1	745	1	
1	10482	2	
1	1918	1	
1	20220	1	
1	770	1	
1	773	1	
1	4364	5	
1	1410	1	
1	19726	1	
1	5391	2	
1	273	3	
1	643	1	
1	18197	5	
1	21782	5	
1	2839	1	
1	21784	1	
1	2841	3	
1	8988	1	
1	8989	1	
1	293	1	
1	17194	1	
1	7477	1	
1	21305	6	
1	19258	1	
1	15676	1	
1	20285	1	
1	4414	1	
1	16195	1	
1	6982	1	
1	17740	1	
1	12625	1	
1	15190	2	
1	8536	1	
1	9050	2	
1	18267	1	
1	21783	1	
1	1895	1	
1	7528	1	
1	19943	1	
1	6511	1	
1	15593	3	
1	17790	1	
1	1922	1	
1	15751	1	
1	7055	2	
1	20236	1	
1	3907	3	
1	3991	2	
1	4509	1	
1	7582	1	
1	8607	1	
1	7584	2	
1	18505	1	
1	18364	1	
1	11714	6	
1	17996	1	
1	9167	1	
1	8660	2	
1	10210	2	
1	16891	1	
1	6630	1	
1	21841	1	
1	10218	1	
1	10219	1	
1	18924	2	
1	4589	2	
1	20465	1	
1	6136	1	
1	6651	2	
1	6652	2	
1	15869	1	
2	16385	1	
2	15874	2	
2	19460	1	
2	19464	1	
2	19476	1	
2	19478	1	
2	13851	1	
2	18975	1	
2	8236	1	
2	8753	1	
2	1590	1	
2	7224	1	
2	4668	3	
2	12349	2	
2	15425	1	
2	11851	1	
2	11855	2	
2	595	1	
2	1626	2	
2	18528	1	
2	9831	1	
2	15982	1	
2	13425	1	
2	6770	2	
2	19902	1	
2	6778	1	
2	4219	1	
2	3197	1	
2	13951	1	
2	3201	1	
2	2179	1	
2	13445	1	
2	7303	1	
2	14475	2	
2	7313	1	
2	11931	1	
2	671	1	
2	20593	1	
2	17066	1	
2	4267	1	
2	16049	2	
2	18108	2	
2	19133	2	
2	11979	1	
2	4304	1	
2	10963	2	
2	4235	1	
2	20695	1	
2	5337	2	
2	10972	1	
2	11999	1	
2	7394	1	
2	8421	1	
2	745	1	
2	746	1	
2	4335	1	
2	770	1	
2	4868	1	
2	8967	1	
2	20232	1	
2	2314	1	
2	4364	1	
2	13069	1	
2	5391	1	
2	11024	1	
2	17169	1	
2	2834	1	
2	4884	1	
2	2839	2	
2	2841	1	
2	8989	1	
2	5928	1	
2	17195	1	
2	7471	1	
2	6965	1	
2	21305	2	
2	4414	1	
2	3907	1	
2	17740	1	
2	12625	2	
2	6484	1	
2	21845	1	
2	18267	3	
2	15710	1	
2	17637	1	
2	18784	1	
2	15209	1	
2	10097	1	
2	20343	1	
2	8569	1	
2	3974	1	
2	15751	1	
2	14743	1	
2	11662	1	
2	4497	1	
2	16195	2	
2	12694	1	
2	3991	1	
2	4509	1	
2	8607	2	
2	7584	2	
2	15778	1	
2	19364	1	
2	15273	1	
2	12716	1	
2	10162	2	
2	4030	1	
2	22464	1	
2	20384	1	
2	13763	1	
2	11723	1	
2	9167	2	
2	6622	1	
2	15849	1	
2	16367	1	
2	499	1	
2	4601	1	
2	13821	1	
3	12288	3	
3	19478	1	
3	22551	2	
3	17435	1	
3	4128	1	
3	22571	1	
3	8236	2	
3	8749	1	
3	8238	1	
3	13887	1	
3	15426	1	
3	11334	1	
3	588	2	
3	15971	1	
3	1626	1	
3	12891	3	
3	19555	1	
3	18023	1	
3	3688	1	
3	18876	1	
3	6770	1	
3	10360	1	
3	19580	1	
3	5246	2	
3	3201	1	
3	14466	1	
3	7303	1	
3	13963	2	
3	8332	2	
3	11714	4	
3	281	1	
3	19619	2	
3	11945	1	
3	4267	1	
3	15534	1	
3	698	1	
3	19133	2	
3	20165	1	
3	20167	1	
3	20168	1	
3	20686	4	
3	3285	1	
3	20695	1	
3	22232	1	
3	14047	1	
3	15584	1	
3	7397	2	
3	6375	1	
3	18162	1	
3	20723	1	
3	14584	1	
3	14037	1	
3	4364	2	
3	10510	1	
3	11821	1	
3	18197	2	
3	4886	1	
3	21783	1	
3	1305	1	
3	20774	1	
3	15751	1	
3	21295	1	
3	19254	1	
3	21305	1	
3	320	1	
3	14667	1	
3	20303	1	
3	4438	1	
3	19257	1	
3	18267	2	
3	7528	2	
3	7529	1	
3	9069	2	
3	17788	1	
3	14725	1	
3	3975	1	
3	15266	1	
3	9644	1	
3	10679	2	
3	19900	1	
3	18882	2	
3	11723	1	
3	16035	1	
3	10723	1	
3	18917	1	
3	16363	1	
3	7150	1	
3	11760	1	
3	4087	1	
3	15869	1	
4	12288	1	
4	7687	1	
4	22032	1	
4	22551	2	
4	15903	1	
4	34	1	
4	12891	4	
4	1574	1	
4	1578	1	
4	9223	1	
4	8236	2	
4	1069	1	
4	12852	1	
4	4149	1	
4	59	1	
4	13887	1	
4	11334	2	
4	15432	2	
4	13389	1	
4	12878	1	
4	1617	1	
4	18005	1	
4	603	1	
4	16998	1	
4	18023	1	
4	7785	1	
4	17004	1	
4	6078	1	
4	10360	1	
4	13440	1	
4	16513	1	
4	16514	1	
4	3203	1	
4	18056	1	
4	1167	2	
4	3217	1	
4	16030	1	
4	4263	1	
4	4776	2	
4	19124	1	
4	5301	1	
4	22198	1	
4	700	1	
4	6337	1	
4	19142	1	
4	4030	1	
4	11979	1	
4	13516	1	
4	20686	1	
4	15567	1	
4	14033	1	
4	3796	1	
4	11992	1	
4	13532	1	
4	8421	1	
4	7911	1	
4	7400	1	
4	22252	1	
4	7409	2	
4	18162	1	
4	15096	1	
4	18185	2	
4	10006	1	
4	281	1	
4	6938	1	
4	8988	1	
4	10972	1	
4	18222	1	
4	15666	1	
4	19263	2	
4	2387	1	
4	16727	1	
4	8539	1	
4	5475	1	
4	15205	1	
4	1169	1	
4	7528	1	
4	15218	1	
4	15237	1	
4	1415	1	
4	5554	1	
4	446	1	
4	16831	1	
4	11714	1	
4	9167	1	
4	18393	1	
4	7650	1	
4	6651	1	
4	5119	2	
5	12288	1	
5	8193	1	
5	18628	1	
5	665	1	
5	9047	1	
5	17424	1	
5	13331	1	
5	13848	1	
5	17435	1	
5	10780	1	
5	8781	1	
5	18975	1	
5	1569	1	
5	18467	1	
5	3621	1	
5	4647	1	
5	1578	1	
5	17159	1	
5	1069	1	
5	3633	1	
5	1076	2	
5	12341	1	
5	12342	1	
5	17975	1	
5	22589	1	
5	22590	1	
5	22591	1	
5	3650	1	
5	20547	2	
5	15431	1	
5	20554	1	
5	1099	2	
5	13901	1	
5	12878	5	
5	12880	3	
5	15442	1	
5	6741	1	
5	20569	1	
5	20570	1	
5	603	1	
5	19036	1	
5	5818	1	
5	12897	1	
5	7778	1	
5	15459	1	
5	4723	1	
5	16998	2	
5	10854	3	
5	18023	2	
5	15976	1	
5	16828	1	
5	22464	1	
5	10859	1	
5	10861	2	
5	4029	1	
5	625	1	
5	19058	2	
5	4211	1	
5	13428	1	
5	15991	1	
5	7785	1	
5	19900	1	
5	21632	1	
5	6848	1	
5	6786	1	
5	2179	1	
5	13445	2	
5	12422	1	
5	7303	1	
5	15505	1	
5	6083	1	
5	21652	1	
5	22032	1	
5	14488	1	
5	19140	1	
5	18077	1	
5	12446	1	
5	15387	1	
5	4776	1	
5	11945	1	
5	17259	1	
5	22188	3	
5	8989	1	
5	700	1	
5	21619	1	
5	19124	1	
5	22198	1	
5	12471	1	
5	2745	1	
5	3258	1	
5	6687	1	
5	15548	1	
5	19133	1	
5	14016	1	
5	11969	1	
5	14020	2	
5	15820	1	
5	7888	1	
5	14033	1	
5	17108	1	
5	14037	1	
5	14038	1	
5	10974	1	
5	7394	1	
5	8421	1	
5	7400	1	
5	745	1	
5	9453	1	
5	10482	1	
5	1269	1	
5	11511	2	
5	3796	2	
5	18686	1	
5	22271	1	
5	14081	1	
5	19734	1	
5	4868	1	
5	1798	1	
5	3201	1	
5	17163	1	
5	4364	1	
5	15629	1	
5	6414	1	
5	7952	1	
5	17169	1	
5	2834	1	
5	4884	1	
5	16661	1	
5	21782	2	
5	21784	1	
5	21295	1	
5	8988	1	
5	797	1	
5	4382	1	
5	1829	2	
5	1830	1	
5	18055	1	
5	5934	1	
5	7471	4	
5	15666	1	
5	16695	1	
5	17211	1	
5	16706	1	
5	22340	1	
5	8518	1	
5	17223	1	
5	17225	1	
5	14306	1	
5	846	1	
5	21841	1	
5	11603	1	
5	855	2	
5	7514	1	
5	5052	1	
5	15709	1	
5	22368	1	
5	7010	1	
5	15722	1	
5	5995	1	
5	5996	1	
5	9069	1	
5	9072	1	
5	18067	1	
5	20343	1	
5	8568	2	
5	18809	1	
5	3962	1	
5	13887	1	
5	9086	1	
5	17791	1	
5	20270	1	
5	1414	1	
5	15751	1	
5	18364	1	
5	834	1	
5	19483	1	
5	20882	1	
5	15763	1	
5	8174	1	
5	10646	1	
5	3991	2	
5	15903	1	
5	4509	1	
5	7582	2	
5	14751	1	
5	20384	1	
5	15266	2	
5	18222	2	
5	3492	1	
5	3493	1	
5	12712	1	
5	15276	1	
5	7092	1	
5	12190	1	
5	5048	1	
5	13755	1	
5	444	1	
5	3517	2	
5	446	2	
5	6080	1	
5	6081	1	
5	13763	4	
5	7114	1	
5	13772	1	
5	14950	1	
5	9167	6	
5	8144	1	
5	9170	2	
5	9687	1	
5	11737	1	
5	6622	2	
5	19424	1	
5	17890	2	
5	19939	1	
5	12625	1	
5	1002	1	
5	494	1	
5	5629	1	
5	1523	2	
5	5623	2	
5	15864	1	
5	21662	1	
5	13821	1	
5	18005	1	
6	512	1	
6	19460	1	
6	9227	1	
6	13846	1	
6	7710	1	
6	9247	1	
6	4128	1	
6	12842	1	
6	22571	1	
6	3629	1	
6	21841	1	
6	8753	1	
6	12852	1	
6	1591	1	
6	5691	1	
6	21053	1	
6	15426	1	
6	20547	1	
6	3652	2	
6	2355	1	
6	20554	2	
6	12363	2	
6	588	4	
6	15442	1	
6	18005	1	
6	13398	1	
6	7777	1	
6	14950	1	
6	16998	1	
6	19048	1	
6	10859	1	
6	21613	1	
6	10862	1	
6	5232	1	
6	6770	3	
6	4211	1	
6	633	1	
6	3201	1	
6	13445	1	
6	15494	1	
6	6791	1	
6	18056	1	
6	1163	1	
6	20109	1	
6	2705	1	
6	14488	1	
6	6809	1	
6	9892	1	
6	15530	1	
6	22188	1	
6	3758	1	
6	19124	1	
6	22198	1	
6	12471	1	
6	22200	1	
6	3258	1	
6	11039	1	
6	21692	1	
6	19133	2	
6	10679	1	
6	7878	2	
6	20168	4	
6	20686	1	
6	7888	1	
6	10963	1	
6	18134	1	
6	6365	1	
6	15582	2	
6	10975	1	
6	10464	1	
6	16592	1	
6	7394	1	
6	10467	3	
6	10984	1	
6	7401	1	
6	12010	1	
6	7782	1	
6	20722	2	
6	19478	1	
6	18174	1	
6	14592	1	
6	17163	1	
6	20236	1	
6	13069	2	
6	5391	1	
6	7952	1	
6	19731	1	
6	17172	1	
6	18197	1	
6	8989	1	
6	18207	1	
6	18208	1	
6	15751	1	
6	6446	1	
6	21295	1	
6	15666	1	
6	16691	1	
6	17719	1	
6	21305	2	
6	7392	1	
6	14667	2	
6	12625	2	
6	4438	1	
6	18267	1	
6	19804	1	
6	861	1	
6	15199	2	
6	22368	1	
6	3937	1	
6	6715	1	
6	13378	1	
6	4453	1	
6	1897	1	
6	16871	1	
6	5996	1	
6	10097	1	
6	9074	1	
6	372	1	
6	12663	1	
6	18818	1	
6	1415	1	
6	3469	1	
6	12013	1	
6	8771	1	
6	8086	1	
6	3991	1	
6	1092	1	
6	7578	1	
6	1437	1	
6	7584	1	
6	15266	1	
6	18222	1	
6	15273	2	
6	15275	1	
6	10482	1	
6	2990	1	
6	10677	1	
6	7241	1	
6	4030	2	
6	15808	1	
6	11714	1	
6	13763	1	
6	7110	1	
6	15820	1	
6	4046	1	
6	9167	1	
6	10717	1	
6	10206	1	
6	18911	1	
6	6630	1	
6	999	1	
6	493	1	
6	16367	1	
6	19443	1	
6	8180	1	
6	16373	1	
6	4364	2	
6	4087	1	
6	16891	1	
6	15869	3	
7	8197	1	
7	7686	1	
7	22024	1	
7	11787	1	
7	16913	1	
7	10499	1	
7	19478	1	
7	7706	1	
7	15903	2	
7	1578	1	
7	4142	1	
7	1074	1	
7	1076	1	
7	16951	1	
7	57	1	
7	13884	1	
7	6718	1	
7	17984	1	
7	12357	1	
7	7241	1	
7	588	2	
7	12878	1	
7	15439	1	
7	10321	1	
7	17490	2	
7	9816	1	
7	22108	1	
7	3171	1	
7	12393	1	
7	21102	1	
7	12913	1	
7	19058	1	
7	12916	1	
7	19580	1	
7	13961	1	
7	13963	1	
7	19596	1	
7	21647	1	
7	7835	1	
7	14495	1	
7	18593	1	
7	7348	1	
7	22200	1	
7	7865	1	
7	7868	1	
7	19133	1	
7	15566	1	
7	19666	1	
7	10963	1	
7	19668	1	
7	22232	1	
7	10972	1	
7	11999	1	
7	13026	1	
7	745	1	
7	22252	1	
7	14062	1	
7	7409	1	
7	20218	1	
7	15619	1	
7	4868	1	
7	1798	2	
7	20234	1	
7	14618	1	
7	4382	1	
7	12585	1	
7	16695	1	
7	5433	1	
7	7487	1	
7	16704	1	
7	835	1	
7	21841	1	
7	4438	1	
7	7003	1	
7	860	1	
7	13663	1	
7	1379	1	
7	5993	1	
7	5996	1	
7	9069	1	
7	15218	1	
7	13532	1	
7	16772	1	
7	15751	1	
7	1420	1	
7	11664	1	
7	22418	2	
7	3992	1	
7	4507	1	
7	3998	1	
7	7664	1	
7	15784	1	
7	15276	1	
7	4032	1	
7	13255	1	
7	13388	1	
7	1482	2	
7	9167	3	
7	9691	1	
7	10205	1	
7	19939	1	
7	5095	1	
7	15855	1	
7	11760	1	
7	5623	3	
8	19460	1	
8	13834	1	
8	17424	4	
8	10259	1	
8	10264	1	
8	15903	1	
8	1068	1	
8	16430	1	
8	18481	1	
8	16434	1	
8	16951	1	
8	12354	1	
8	15434	1	
8	13389	1	
8	15441	1	
8	17490	3	
8	5390	1	
8	5207	1	
8	15976	1	
8	6770	1	
8	22464	1	
8	13445	1	
8	13462	1	
8	11434	1	
8	9901	1	
8	3258	1	
8	8892	1	
8	19133	1	
8	17602	1	
8	19140	1	
8	16586	1	
8	718	2	
8	9425	1	
8	19668	1	
8	4309	1	
8	4310	1	
8	10972	1	
8	1758	1	
8	7904	1	
8	18148	1	
8	12009	1	
8	22252	1	
8	12013	1	
8	12018	1	
8	11511	1	
8	11007	1	
8	15618	1	
8	773	1	
8	2314	1	
8	4364	2	
8	19726	1	
8	17171	1	
8	18197	1	
8	7471	1	
8	19741	1	
8	17185	1	
8	6950	1	
8	16946	1	
8	18222	1	
8	21295	1	
8	1844	1	
8	20285	2	
8	8511	1	
8	12609	1	
8	13129	2	
8	21841	1	
8	18771	1	
8	18772	1	
8	14677	2	
8	4438	1	
8	14052	1	
8	861	1	
8	22368	1	
8	9069	2	
8	6511	1	
8	745	1	
8	8576	1	
8	16772	1	
8	1138	2	
8	15751	3	
8	2442	1	
8	4491	1	
8	4496	1	
8	4497	2	
8	7570	1	
8	7578	2	
8	15266	4	
8	1443	1	
8	19364	1	
8	15273	1	
8	7600	1	
8	1459	2	
8	1464	1	
8	6075	1	
8	19900	3	
8	4029	1	
8	4032	1	
8	11714	1	
8	9122	1	
8	9167	2	
8	19939	1	
8	12625	1	
8	4074	1	
8	12787	1	
8	502	1	
8	4087	1	
8	15864	1	
8	6651	2	
8	21845	1	
9	12288	2	
9	19460	3	
9	17424	2	
9	10259	1	
9	20503	1	
9	19993	1	
9	21295	1	
9	19493	1	
9	12465	3	
9	8749	1	
9	8753	1	
9	5684	1	
9	55	1	
9	6651	1	
9	13398	1	
9	1627	1	
9	22032	1	
9	21613	1	
9	14448	1	
9	6770	1	
9	6337	1	
9	18569	1	
9	4247	1	
9	13849	1	
9	10408	1	
9	10410	1	
9	9901	2	
9	17070	1	
9	16049	1	
9	5818	1	
9	16586	1	
9	3262	1	
9	22209	1	
9	11461	1	
9	20168	1	
9	13514	1	
9	16592	1	
9	18646	1	
9	10972	2	
9	11999	1	
9	18148	1	
9	15610	1	
9	14592	1	
9	8449	1	
9	4867	1	
9	3339	1	
9	4364	2	
9	5390	1	
9	17169	1	
9	18197	2	
9	7451	1	
9	8989	1	
9	11040	1	
9	801	1	
9	19238	1	
9	6441	1	
9	6443	1	
9	7471	1	
9	2352	1	
9	20284	1	
9	3392	1	
9	8012	2	
9	12625	2	
9	4434	1	
9	11603	1	
9	4438	1	
9	2394	1	
9	1887	1	
9	22369	1	
9	1380	1	
9	19814	1	
9	364	1	
9	10097	1	
9	1405	1	
9	17791	2	
9	7041	1	
9	16775	2	
9	11927	1	
9	5005	1	
9	10644	1	
9	3991	1	
9	3492	1	
9	424	1	
9	18865	1	
9	16308	1	
9	1465	1	
9	4030	1	
9	22464	1	
9	4033	1	
9	11714	2	
9	19396	1	
9	21446	1	
9	13776	1	
9	9170	1	
9	14811	1	
9	15328	1	
9	13819	1	
9	10726	1	
9	10218	1	
9	7660	1	
9	15856	1	
9	7153	1	
9	11771	1	
10	12288	1	
10	20994	1	
10	13316	1	
10	17424	2	
10	11832	1	
10	22032	3	
10	7512	1	
10	10262	1	
10	1049	1	
10	17435	2	
10	9245	1	
10	15903	1	
10	17440	1	
10	16426	1	
10	1579	1	
10	18477	1	
10	6702	1	
10	1583	1	
10	15192	1	
10	6193	1	
10	17973	1	
10	7224	1	
10	863	1	
10	3647	1	
10	1092	1	
10	22601	1	
10	13388	1	
10	592	1	
10	7764	1	
10	10510	1	
10	13398	3	
10	7768	1	
10	16474	1	
10	13404	1	
10	12897	1	
10	13412	1	
10	7782	1	
10	1639	1	
10	14953	1	
10	9831	1	
10	8817	1	
10	4723	1	
10	12905	2	
10	18042	1	
10	2687	1	
10	1153	1	
10	6790	1	
10	7303	3	
10	1163	1	
10	7823	1	
10	7313	1	
10	10265	1	
10	14489	1	
10	671	1	
10	18592	1	
10	5797	1	
10	6257	1	
10	13993	1	
10	11946	1	
10	22188	1	
10	14509	1	
10	14088	1	
10	4277	1	
10	1206	1	
10	10423	1	
10	3258	1	
10	19133	2	
10	22209	1	
10	13507	1	
10	19140	1	
10	13515	1	
10	20329	1	
10	9424	1	
10	14545	1	
10	10452	1	
10	4309	1	
10	18646	1	
10	1751	1	
10	11992	1	
10	19675	1	
10	2394	1	
10	14047	1	
10	7904	1	
10	18148	2	
10	17637	1	
10	8913	1	
10	22252	1	
10	15609	1	
10	18686	1	
10	10453	1	
10	5888	1	
10	4868	2	
10	16598	1	
10	7432	1	
10	20234	2	
10	3342	1	
10	17169	1	
10	5394	1	
10	13077	1	
10	19734	1	
10	5400	1	
10	2328	1	
10	800	1	
10	3803	1	
10	17188	1	
10	19238	1	
10	5928	2	
10	10539	1	
10	2860	1	
10	7471	2	
10	16691	1	
10	21305	2	
10	9018	1	
10	6982	1	
10	13793	1	
10	22344	1	
10	8012	3	
10	17230	1	
10	3408	1	
10	12625	2	
10	11604	1	
10	14677	5	
10	19800	1	
10	4442	1	
10	17657	1	
10	19396	1	
10	15709	1	
10	15199	1	
10	22369	1	
10	19814	1	
10	19817	1	
10	9069	2	
10	20847	1	
10	2355	1	
10	4466	1	
10	12151	2	
10	8569	1	
10	7231	1	
10	8064	2	
10	12162	1	
10	16772	1	
10	7560	1	
10	7571	1	
10	16283	1	
10	1521	1	
10	15273	1	
10	22442	1	
10	19886	1	
10	15279	1	
10	9652	1	
10	5791	1	
10	18876	1	
10	14276	1	
10	12620	1	
10	12748	1	
10	9677	1	
10	9167	2	
10	14800	1	
10	9174	2	
10	12759	1	
10	4570	1	
10	21473	1	
10	8421	1	
10	4263	1	
10	7660	1	
10	2543	1	
10	11760	1	
10	10225	1	
10	8178	1	
10	502	1	
10	11945	1	
10	4603	1	
11	9729	1	
11	22032	2	
11	4115	1	
11	19479	1	
11	17435	1	
11	15401	1	
11	8236	1	
11	6702	1	
11	14088	1	
11	12852	2	
11	22071	2	
11	15199	1	
11	12354	1	
11	19016	1	
11	1099	1	
11	13901	1	
11	4708	1	
11	18022	1	
11	22119	1	
11	15464	1	
11	7785	1	
11	13937	1	
11	20585	1	
11	14969	1	
11	3197	1	
11	13445	1	
11	18569	1	
11	12426	1	
11	5775	1	
11	21142	1	
11	14489	1	
11	4779	1	
11	15532	1	
11	9901	2	
11	15534	1	
11	4276	1	
11	3258	2	
11	6331	1	
11	3260	2	
11	19133	2	
11	14016	1	
11	13507	1	
11	6345	1	
11	2770	1	
11	7379	1	
11	22232	1	
11	15579	1	
11	7904	1	
11	22262	1	
11	17661	1	
11	11007	1	
11	14592	1	
11	14081	1	
11	4867	2	
11	7432	2	
11	15404	2	
11	3339	1	
11	16661	1	
11	22295	1	
11	2328	1	
11	14618	1	
11	7451	1	
11	8476	1	
11	19743	1	
11	20781	1	
11	19760	1	
11	5425	1	
11	13110	1	
11	5434	1	
11	21323	1	
11	12625	2	
11	14677	3	
11	1375	1	
11	19817	1	
11	10727	1	
11	879	1	
11	10631	1	
11	7560	1	
11	8075	1	
11	7571	1	
11	21657	1	
11	21405	1	
11	2980	1	
11	20389	1	
11	7592	1	
11	15273	2	
11	12202	1	
11	11179	1	
11	12716	1	
11	16301	1	
11	16304	1	
11	18865	1	
11	19890	1	
11	1976	1	
11	17849	1	
11	19900	1	
11	15817	1	
11	11723	2	
11	5580	1	
11	12750	1	
11	8781	1	
11	7635	1	
11	2523	1	
11	19938	1	
11	10723	1	
11	3047	1	
11	6652	1	
12	8193	1	
12	7688	1	
12	21847	1	
12	22032	4	
12	17943	1	
12	9755	1	
12	10268	1	
12	15903	1	
12	22058	1	
12	8749	1	
12	3636	1	
12	17973	1	
12	12342	1	
12	17975	1	
12	18783	1	
12	572	1	
12	6210	1	
12	7752	1	
12	1099	1	
12	13901	1	
12	19550	1	
12	14950	1	
12	7785	1	
12	3260	1	
12	10857	1	
12	15993	1	
12	18042	1	
12	19900	1	
12	2179	1	
12	7303	1	
12	6291	1	
12	21652	1	
12	14488	1	
12	21657	1	
12	5798	1	
12	17066	1	
12	15532	1	
12	13488	1	
12	13493	1	
12	3258	2	
12	8892	1	
12	19133	2	
12	20159	1	
12	22209	1	
12	2243	1	
12	9924	1	
12	2761	1	
12	12151	1	
12	13516	1	
12	4303	1	
12	8913	1	
12	2770	1	
12	10453	1	
12	5337	1	
12	730	1	
12	15581	1	
12	3417	1	
12	11999	1	
12	8421	1	
12	22252	1	
12	20717	1	
12	16113	1	
12	15096	1	
12	17657	1	
12	14592	1	
12	4868	1	
12	19718	2	
12	21889	1	
12	20237	1	
12	7952	2	
12	8466	1	
12	19731	1	
12	4884	1	
12	16661	1	
12	6937	1	
12	8636	1	
12	19238	1	
12	1833	1	
12	7471	1	
12	8500	1	
12	5433	1	
12	1852	1	
12	11723	1	
12	8512	1	
12	4417	1	
12	17223	1	
12	20813	1	
12	3408	1	
12	12625	3	
12	21305	2	
12	15192	1	
12	21849	1	
12	3419	1	
12	1375	2	
12	7520	1	
12	360	1	
12	19817	1	
12	8556	1	
12	6511	1	
12	9072	2	
12	16702	1	
12	12663	1	
12	8571	1	
12	17788	1	
12	12673	1	
12	18818	1	
12	21891	1	
12	16772	1	
12	15751	1	
12	17293	1	
12	9617	1	
12	21396	1	
12	18339	1	
12	22442	1	
12	13244	1	
12	16301	1	
12	2480	1	
12	19890	1	
12	16308	1	
12	18876	1	
12	19396	1	
12	14283	1	
12	12748	1	
12	9167	4	
12	11737	1	
12	3041	1	
12	15855	1	
12	8693	1	
12	6646	1	
12	7160	1	
12	15866	1	
12	4603	1	
12	11946	1	
