1	12288	1	
1	3201	1	
1	22024	1	
1	4364	2	
1	18574	1	
1	8079	1	
1	15448	2	
1	13979	1	
1	8988	1	
1	20384	1	
1	545	1	
1	11555	1	
1	4008	1	
1	3369	1	
1	21295	1	
1	19124	1	
1	12089	1	
1	3386	1	
1	1724	1	
1	12734	1	
1	11714	1	
1	13252	2	
1	15432	1	
1	20429	1	
1	9167	1	
1	18904	1	
1	18905	1	
1	2394	1	
1	18267	1	
1	18746	1	
1	4831	1	
1	21613	1	
1	20463	1	
1	7471	1	
1	1140	1	
1	1147	1	
2	19873	1	
2	8311	1	
2	1357	1	
2	9167	1	
2	18128	1	
2	7729	1	
2	20468	1	
2	6741	1	
2	16374	1	
2	22389	1	
2	15514	1	
2	1147	1	
2	19900	1	
2	5567	1	
3	13316	1	
3	19718	1	
3	6791	1	
3	9047	1	
3	6809	1	
3	19352	2	
3	14489	1	
3	1947	1	
3	14235	1	
3	11434	1	
3	9777	1	
3	10036	2	
3	13493	1	
3	4022	1	
3	15671	1	
3	18841	1	
3	11471	1	
3	14677	1	
3	15575	1	
3	15448	1	
3	7392	1	
3	19814	1	
3	1141	1	
3	12202	1	
4	8747	1	
4	13316	1	
4	6790	1	
4	19207	1	
4	7055	1	
4	8209	1	
4	16276	1	
4	12350	1	
4	22551	2	
4	22557	2	
4	12190	1	
4	20256	1	
4	14448	1	
4	859	1	
4	20389	1	
4	11815	1	
4	683	2	
4	12716	1	
4	14509	3	
4	7855	1	
4	13232	1	
4	15671	1	
4	13118	1	
4	3392	1	
4	20384	1	
4	9035	1	
4	1092	1	
4	9033	1	
4	12471	1	
4	13516	2	
4	20429	1	
4	19408	1	
4	2770	1	
4	8532	1	
4	15575	2	
4	13912	1	
4	13915	1	
4	22109	1	
4	16224	1	
4	21228	1	
4	7278	1	
4	9839	1	
4	12656	1	
4	18046	1	
4	5627	1	
4	4606	1	
5	4868	1	
5	9351	1	
5	18391	1	
5	16269	1	
5	18200	2	
5	14744	1	
5	1668	2	
5	8474	1	
5	15903	1	
5	20256	1	
5	19113	1	
5	683	1	
5	2348	1	
5	13229	1	
5	6702	1	
5	15664	1	
5	3889	1	
5	1074	1	
5	9527	1	
5	12472	1	
5	16372	1	
5	15423	1	
5	21316	1	
5	3528	1	
5	9033	1	
5	4939	1	
5	17872	1	
5	14677	1	
5	9047	1	
5	12888	1	
5	17881	2	
5	19162	1	
5	1141	2	
5	1744	1	
5	14435	1	
5	5732	1	
5	6760	1	
5	8043	2	
5	20463	2	
5	14448	1	
5	9704	1	
5	1140	1	
5	22585	1	
5	7081	1	
5	11514	1	
6	20227	1	
6	4868	1	
6	3629	1	
6	16272	1	
6	4116	1	
6	10006	1	
6	11887	1	
6	22557	3	
6	20256	1	
6	13723	1	
6	549	1	
6	21161	2	
6	1067	1	
6	8749	2	
6	3758	1	
6	9245	1	
6	15664	1	
6	5163	1	
6	12089	1	
6	7870	1	
6	20384	1	
6	11714	1	
6	8260	1	
6	13516	1	
6	587	1	
6	13388	1	
6	6989	1	
6	15317	1	
6	14969	1	
6	12888	2	
6	20570	1	
6	10206	1	
6	14689	1	
6	7018	1	
6	8043	1	
6	20463	2	
6	16190	1	
6	8184	1	
6	11385	2	
6	1147	1	
7	19968	1	
7	12288	2	
7	22509	1	
7	4011	1	
7	14725	1	
7	3201	1	
7	3339	1	
7	4364	3	
7	16271	1	
7	5264	1	
7	3473	1	
7	9234	1	
7	13459	1	
7	4116	1	
7	19630	1	
7	11672	1	
7	17818	1	
7	602	1	
7	7584	2	
7	11760	1	
7	547	1	
7	549	1	
7	16305	1	
7	4008	3	
7	683	1	
7	1068	1	
7	15128	1	
7	5163	1	
7	1074	1	
7	7475	1	
7	2745	2	
7	19900	1	
7	22464	1	
7	8770	1	
7	2243	1	
7	13255	1	
7	22344	1	
7	12746	1	
7	13388	1	
7	20429	1	
7	9167	1	
7	22571	1	
7	7635	1	
7	7892	1	
7	14677	1	
7	15706	1	
7	20564	1	
7	8421	1	
7	12390	1	
7	2065	1	
7	9069	1	
7	15216	1	
7	13937	2	
7	1141	2	
7	13174	1	
7	8184	1	
7	633	1	
8	12673	1	
8	4364	1	
8	22416	1	
8	3220	1	
8	14495	1	
8	545	1	
8	4008	1	
8	11692	1	
8	18990	1	
8	8753	1	
8	1074	1	
8	4019	1	
8	13113	1	
8	9035	1	
8	5838	1	
8	592	2	
8	9043	2	
8	7764	1	
8	16085	1	
8	10199	1	
8	18904	2	
8	4116	1	
8	2278	1	
8	1140	1	
8	4884	1	
8	11898	1	
9	3392	1	
9	7938	1	
9	13316	1	
9	19718	1	
9	7937	1	
9	11692	1	
9	9895	1	
9	4364	1	
9	5005	1	
9	13070	1	
9	15404	1	
9	16017	1	
9	20882	1	
9	13460	1	
9	15660	1	
9	22557	2	
9	14495	1	
9	545	1	
9	20389	2	
9	9777	1	
9	4008	1	
9	3626	2	
9	1067	1	
9	10269	1	
9	14509	1	
9	8238	1	
9	7471	1	
9	817	1	
9	1074	2	
9	2569	1	
9	21305	1	
9	12716	1	
9	7869	1	
9	16190	1	
9	9791	1	
9	6464	1	
9	11969	1	
9	8771	1	
9	13516	1	
9	9034	1	
9	9035	1	
9	588	1	
9	5325	1	
9	11726	1	
9	207	1	
9	209	1	
9	2899	1	
9	1959	1	
9	15574	1	
9	2271	1	
9	21604	1	
9	5352	1	
9	10407	1	
9	19133	1	
9	15856	1	
9	3954	1	
9	1141	2	
9	22551	2	
9	9726	1	
10	9543	1	
10	2309	2	
10	646	3	
10	17162	2	
10	9867	1	
10	4364	3	
10	22416	1	
10	13459	1	
10	17881	1	
10	11672	1	
10	11291	1	
10	9244	1	
10	15903	2	
10	16544	1	
10	176	1	
10	22186	1	
10	3626	1	
10	20011	1	
10	12716	1	
10	20526	1	
10	12591	1	
10	18736	2	
10	16435	1	
10	2105	2	
10	15171	1	
10	7867	1	
10	20256	1	
10	16193	1	
10	12354	2	
10	8771	1	
10	3524	1	
10	4037	1	
10	16417	1	
10	588	1	
10	4942	1	
10	2640	1	
10	2351	1	
10	14807	1	
10	856	1	
10	11865	1	
10	10407	1	
10	4831	2	
10	18528	1	
10	15457	1	
10	14435	1	
10	21604	1	
10	3943	1	
10	7016	1	
10	20329	1	
10	5867	1	
10	18030	2	
10	20463	1	
10	20384	1	
10	13451	1	
10	2025	1	
10	13819	1	
10	15869	1	
11	8961	1	
11	4868	1	
11	11969	1	
11	1163	1	
11	12	1	
11	19597	1	
11	17429	1	
11	22551	1	
11	7471	1	
11	12700	2	
11	20256	1	
11	11815	1	
11	16169	1	
11	22442	1	
11	8236	1	
11	2351	1	
11	21305	1	
11	19133	1	
11	16190	1	
11	13216	1	
11	13195	1	
11	3528	1	
11	13388	1	
11	5325	1	
11	14161	1	
11	16850	1	
11	13398	1	
11	1765	1	
11	10592	1	
11	14689	1	
11	3171	1	
11	15845	1	
11	13159	1	
11	7657	1	
11	10407	1	
11	743	1	
11	16366	1	
11	1140	1	
11	12927	1	
12	12288	1	
12	7937	1	
12	13316	1	
12	15660	1	
12	15575	1	
12	4364	3	
12	7055	1	
12	8908	1	
12	17688	1	
12	4996	1	
12	14492	1	
12	22557	1	
12	15262	2	
12	20256	3	
12	549	1	
12	4007	1	
12	1320	1	
12	22442	1	
12	22188	1	
12	3245	1	
12	12848	1	
12	1076	1	
12	12471	1	
12	21305	1	
12	14394	1	
12	19133	1	
12	9918	1	
12	12704	1	
12	1163	1	
12	15045	1	
12	10054	1	
12	3528	1	
12	15817	1	
12	13388	2	
12	205	1	
12	6864	1	
12	20818	1	
12	7765	1	
12	4823	1	
12	15119	1	
12	2914	1	
12	18796	1	
12	21613	2	
12	13681	1	
12	17400	1	
12	3706	1	
12	7893	1	
13	588	3	
13	1280	1	
13	15874	1	
13	2309	1	
13	9	1	
13	10	1	
13	12	1	
13	7952	1	
13	21912	1	
13	19349	1	
13	22551	1	
13	11672	1	
13	7897	1	
13	17435	3	
13	22557	2	
13	14495	1	
13	15269	1	
13	4007	1	
13	14509	1	
13	3636	2	
13	1076	1	
13	15676	1	
13	9791	1	
13	7776	1	
13	22339	1	
13	7103	1	
13	11334	1	
13	1352	1	
13	4364	1	
13	21962	1	
13	13388	1	
13	20303	1	
13	8144	1	
13	209	1	
13	16851	1	
13	10452	1	
13	12888	1	
13	2265	1	
13	21851	1	
13	16094	1	
13	4901	1	
13	22368	1	
13	7777	1	
13	16226	1	
13	5347	1	
13	20329	1	
13	7018	1	
13	9895	1	
13	1139	1	
13	1141	1	
13	11771	1	
13	6142	1	
14	12288	2	
14	22464	1	
14	4868	1	
14	2309	2	
14	6790	1	
14	10336	1	
14	8215	1	
14	4364	1	
14	20494	1	
14	11760	1	
14	6039	1	
14	15903	1	
14	13316	1	
14	14493	1	
14	16543	2	
14	20256	2	
14	9072	1	
14	9125	1	
14	11817	1	
14	8620	1	
14	16687	1	
14	11955	1	
14	6331	1	
14	21305	1	
14	4639	1	
14	13884	1	
14	19133	2	
14	16190	1	
14	3519	1	
14	14016	1	
14	16544	1	
14	588	2	
14	13388	1	
14	12110	1	
14	11471	1	
14	9170	1	
14	7892	1	
14	718	1	
14	15447	1	
14	5849	1	
14	7392	1	
14	20451	1	
14	18022	1	
14	9831	2	
14	20329	1	
14	7655	1	
14	14495	1	
14	14448	1	
14	13937	1	
14	21618	1	
14	5232	1	
14	6774	1	
14	4986	3	
14	18686	1	
15	6787	1	
15	4868	1	
15	2309	1	
15	22024	1	
15	11436	1	
15	15903	1	
15	19098	1	
15	901	1	
15	4000	1	
15	3366	1	
15	4007	1	
15	16938	1	
15	21419	1	
15	12716	1	
15	1069	1	
15	18185	1	
15	8635	1	
15	19900	1	
15	12746	1	
15	14016	1	
15	7584	1	
15	12354	1	
15	13514	1	
15	11851	1	
15	8403	1	
15	18181	1	
15	16088	1	
15	16998	1	
15	9831	1	
15	11497	2	
15	10218	1	
15	17703	1	
15	364	1	
15	9069	1	
15	15216	1	
15	22385	1	
15	15222	1	
15	12151	1	
15	12026	1	
15	17659	1	
15	8188	1	
16	21633	1	
16	770	1	
16	17067	1	
16	2309	1	
16	13889	2	
16	19595	1	
16	4364	4	
16	12354	1	
16	4366	1	
16	11791	2	
16	22163	1	
16	19476	1	
16	2990	1	
16	1046	1	
16	18841	1	
16	15771	1	
16	7453	1	
16	798	1	
16	16543	1	
16	4000	4	
16	13090	1	
16	16548	1	
16	17703	2	
16	17704	1	
16	7687	1	
16	11436	1	
16	16301	1	
16	16430	1	
16	16431	3	
16	16432	2	
16	4529	1	
16	16434	1	
16	1459	1	
16	17332	1	
16	5918	1	
16	9033	1	
16	12604	1	
16	12734	3	
16	19519	1	
16	22464	2	
16	7584	1	
16	8898	1	
16	11851	1	
16	4548	1	
16	6345	1	
16	16544	1	
16	460	1	
16	11726	1	
16	4441	1	
16	20954	1	
16	18267	2	
16	18911	1	
16	7392	1	
16	16998	1	
16	21617	1	
16	7785	1	
16	10407	1	
16	7660	1	
16	1069	1	
16	16367	1	
16	4081	1	
16	7537	1	
16	11497	2	
16	633	1	
16	19478	1	
16	18175	1	
16	2173	1	
16	18686	1	
16	12799	1	
17	13697	1	
17	6531	1	
17	4868	1	
17	19718	1	
17	17162	1	
17	2443	2	
17	4364	1	
17	17167	1	
17	10128	1	
17	1074	1	
17	13452	1	
17	19476	1	
17	22551	1	
17	1092	1	
17	18077	1	
17	16158	1	
17	20255	2	
17	16416	1	
17	15664	1	
17	12191	1	
17	10407	2	
17	4008	3	
17	12716	2	
17	14509	1	
17	8238	1	
17	22557	3	
17	18736	1	
17	9777	1	
17	16434	1	
17	12341	1	
17	9247	1	
17	19900	1	
17	16190	1	
17	20256	1	
17	11714	1	
17	19396	1	
17	8902	1	
17	9543	1	
17	13129	1	
17	205	1	
17	21839	2	
17	11600	1	
17	4818	1	
17	9555	1	
17	4438	1	
17	7897	1	
17	18267	1	
17	208	1	
17	17041	1	
17	6760	1	
17	6506	1	
17	7463	1	
17	364	3	
17	21613	1	
17	20463	1	
17	10408	1	
17	3954	1	
17	1342	1	
17	19956	1	
17	12350	1	
17	8702	1	
18	12288	1	
18	22464	1	
18	11444	1	
18	13316	1	
18	22024	1	
18	17162	1	
18	2443	3	
18	4364	1	
18	18962	1	
18	6547	1	
18	19348	1	
18	22551	3	
18	3176	1	
18	15855	1	
18	7069	1	
18	16544	1	
18	17313	1	
18	17186	1	
18	8995	1	
18	7516	1	
18	5248	1	
18	17067	1	
18	22188	1	
18	8238	2	
18	19764	2	
18	11449	2	
18	6458	1	
18	14910	1	
18	15808	1	
18	3393	1	
18	11714	2	
18	20384	1	
18	11334	1	
18	5450	2	
18	9169	1	
18	16850	1	
18	2899	4	
18	2900	1	
18	13532	1	
18	18528	1	
18	2275	1	
18	16998	1	
18	15441	1	
18	22119	1	
18	20456	1	
18	8043	1	
18	210	1	
18	16366	1	
18	20463	1	
18	7409	1	
18	7410	1	
18	9043	2	
18	4601	1	
18	916	1	
19	14592	1	
19	12288	1	
19	18818	1	
19	7684	1	
19	2309	1	
19	19718	1	
19	22024	2	
19	4235	1	
19	4364	3	
19	2446	1	
19	15119	1	
19	22032	1	
19	16273	1	
19	2834	1	
19	17811	1	
19	22551	1	
19	1306	1	
19	7706	1	
19	14751	1	
19	20384	1	
19	4385	1	
19	14754	1	
19	3621	1	
19	6823	2	
19	11305	1	
19	683	1	
19	16431	1	
19	1465	1	
19	5760	1	
19	6687	2	
19	4030	1	
19	19519	1	
19	16544	2	
19	11714	1	
19	19779	4	
19	13252	2	
19	18209	1	
19	7880	1	
19	21305	1	
19	12878	1	
19	21839	1	
19	5840	1	
19	12625	1	
19	2899	2	
19	11479	1	
19	15448	2	
19	20442	1	
19	14427	1	
19	7516	1	
19	4602	1	
19	1147	1	
19	7780	1	
19	9831	1	
19	7016	1	
19	20076	1	
19	21613	1	
19	9839	1	
19	1648	1	
19	15976	1	
19	21618	1	
19	19959	1	
19	18042	1	
19	16891	1	
19	4604	1	
19	13567	2	
20	10625	1	
20	14082	1	
20	14725	1	
20	9729	2	
20	18528	1	
20	2063	1	
20	5394	1	
20	19764	1	
20	16661	1	
20	22551	3	
20	10650	1	
20	9245	1	
20	2846	1	
20	7455	1	
20	20256	3	
20	17186	1	
20	8995	1	
20	10154	1	
20	9223	1	
20	22557	2	
20	1076	1	
20	15262	1	
20	12343	1	
20	2873	1	
20	7870	1	
20	15808	3	
20	15648	2	
20	11714	2	
20	22464	1	
20	197	1	
20	7370	1	
20	13388	1	
20	13389	1	
20	20686	1	
20	11600	1	
20	209	1	
20	9554	1	
20	547	1	
20	16468	2	
20	18005	1	
20	9687	2	
20	6489	2	
20	2394	1	
20	12891	1	
20	21984	2	
20	7011	1	
20	1380	1	
20	2407	1	
20	20463	1	
20	17140	1	
20	14584	1	
20	1147	1	
20	15615	1	
21	18688	1	
21	17067	1	
21	11787	1	
21	22032	1	
21	22551	1	
21	6686	1	
21	2085	1	
21	1576	2	
21	3113	1	
21	1074	1	
21	13877	1	
21	5181	1	
21	19016	1	
21	13398	1	
21	8797	1	
21	18528	2	
21	22119	1	
21	21613	1	
21	5232	1	
21	1140	2	
21	22140	1	
21	18046	1	
21	11394	1	
21	11909	1	
21	1163	3	
21	13969	1	
21	12441	1	
21	13476	1	
21	6826	1	
21	683	1	
21	22188	1	
21	16048	1	
21	11444	1	
21	3258	1	
21	18108	1	
21	204	1	
21	208	1	
21	20177	1	
21	20695	5	
21	13019	1	
21	16093	1	
21	19681	2	
21	209	1	
21	12008	1	
21	12011	1	
21	14592	2	
21	2309	1	
21	19208	1	
21	14102	1	
21	7471	1	
21	20256	2	
21	21295	1	
21	10040	1	
21	14649	2	
21	5437	1	
21	13637	1	
21	16200	1	
21	17230	1	
21	17231	1	
21	21841	1	
21	9043	1	
21	8026	1	
21	22369	1	
21	15216	1	
21	7537	1	
21	8568	1	
21	5498	1	
21	9608	1	
21	906	1	
21	13710	1	
21	7055	1	
21	414	1	
21	17823	1	
21	1445	1	
21	22442	1	
21	18866	1	
21	18872	1	
21	6644	1	
21	1469	1	
21	22464	1	
21	11714	1	
21	19907	1	
21	9167	1	
21	11737	1	
21	19938	1	
21	20468	1	
21	19959	1	
22	12288	1	
22	897	1	
22	13316	1	
22	646	1	
22	1671	1	
22	22024	1	
22	14473	1	
22	1163	1	
22	18060	1	
22	6036	1	
22	917	1	
22	22551	2	
22	22557	2	
22	20256	1	
22	19718	1	
22	16680	1	
22	22442	1	
22	6791	2	
22	15660	2	
22	6702	1	
22	4399	1	
22	12081	1	
22	14969	1	
22	4723	1	
22	4217	1	
22	22200	1	
22	1466	1	
22	18911	1	
22	10300	1	
22	20285	1	
22	12993	1	
22	11714	1	
22	8771	1	
22	1092	1	
22	11590	1	
22	6732	1	
22	14592	1	
22	9167	1	
22	1744	1	
22	20818	1	
22	13398	1	
22	9047	1	
22	7432	1	
22	4831	1	
22	9954	1	
22	743	1	
22	20329	1	
22	5866	1	
22	9831	1	
22	22380	1	
22	6895	1	
22	17395	1	
22	1140	1	
22	7029	1	
22	4601	1	
23	14592	1	
23	2179	1	
23	2309	1	
23	9607	1	
23	7432	2	
23	7306	1	
23	15117	1	
23	11792	1	
23	22418	2	
23	14483	1	
23	4884	1	
23	11931	1	
23	14751	2	
23	20256	1	
23	15013	1	
23	2243	1	
23	22442	2	
23	17070	1	
23	16048	1	
23	12341	1	
23	21305	1	
23	17162	1	
23	21311	1	
23	16835	1	
23	9033	1	
23	13388	1	
23	9167	1	
23	9043	1	
23	8797	1	
23	20547	2	
23	8556	1	
23	21613	1	
23	1140	1	
23	17530	1	
23	16252	1	
24	11008	1	
24	14592	1	
24	18182	1	
24	16776	1	
24	906	1	
24	11792	1	
24	20498	1	
24	2883	1	
24	19348	1	
24	7066	1	
24	16545	1	
24	15266	1	
24	22442	4	
24	3243	1	
24	21295	1	
24	15752	1	
24	18866	1	
24	16223	1	
24	19900	1	
24	5181	1	
24	15808	1	
24	4035	1	
24	13128	1	
24	11979	1	
24	7380	1	
24	13398	1	
24	5207	1	
24	10975	2	
24	487	1	
24	364	1	
24	21613	2	
24	11887	1	
24	10867	1	
24	19316	1	
24	11134	1	
24	1526	1	
24	13866	1	
24	18046	1	
25	14592	3	
25	6406	1	
25	10510	1	
25	2834	1	
25	20463	1	
25	20384	1	
25	18853	1	
25	6695	1	
25	22442	1	
25	16048	1	
25	17202	1	
25	16691	1	
25	8641	1	
25	844	1	
25	21839	2	
25	11600	1	
25	14427	1	
25	10972	1	
25	17637	1	
25	9831	1	
25	11887	1	
25	15216	1	
25	19959	1	
25	4603	1	
26	14592	1	
26	1664	2	
26	897	1	
26	1765	1	
26	21912	1	
26	19740	1	
26	22557	1	
26	20256	1	
26	545	1	
26	18209	1	
26	3113	1	
26	22572	1	
26	8641	1	
26	1076	1	
26	16695	1	
26	3258	1	
26	8636	1	
26	20384	2	
26	4035	1	
26	8161	1	
26	21832	1	
26	20427	1	
26	21839	1	
26	11600	2	
26	12625	1	
26	16224	1	
26	13398	1	
26	2265	1	
26	13658	2	
26	9435	1	
26	10975	1	
26	18528	1	
26	21840	1	
26	14306	1	
26	8421	1	
26	2407	1	
26	15976	1	
26	8425	1	
26	3180	2	
26	881	1	
26	1140	2	
26	20329	1	
26	15804	1	
26	11134	1	
27	14592	1	
27	22442	2	
27	13316	1	
27	19718	1	
27	22024	1	
27	18185	1	
27	4234	1	
27	19723	1	
27	4364	1	
27	22416	1	
27	9876	1	
27	2196	2	
27	20953	1	
27	11287	1	
27	7236	1	
27	7471	1	
27	1564	1	
27	13345	1	
27	16679	1	
27	3113	1	
27	12842	1	
27	22188	1	
27	7087	1	
27	16048	1	
27	8753	1	
27	12471	1	
27	6713	1	
27	9146	1	
27	3517	1	
27	3140	1	
27	18209	1	
27	20297	2	
27	12746	1	
27	20427	1	
27	13388	1	
27	14285	1	
27	21839	1	
27	14800	2	
27	8184	1	
27	7638	1	
27	18904	1	
27	6489	1	
27	9820	1	
27	19133	1	
27	22369	1	
27	4834	1	
27	1488	1	
27	9041	1	
27	22119	1	
27	8684	1	
27	21613	2	
27	18030	1	
27	20463	2	
27	19056	1	
27	13937	1	
27	14579	1	
27	1140	1	
27	20727	1	
27	21496	1	
27	3961	1	
27	20905	1	
27	4603	1	
27	17148	1	
27	3197	1	
27	15102	1	
28	13889	1	
28	22025	1	
28	4366	1	
28	11791	1	
28	20882	1	
28	18964	1	
28	7957	1	
28	17814	1	
28	8988	1	
28	22557	1	
28	11294	1	
28	15903	1	
28	14884	1	
28	11817	1	
28	11178	1	
28	22188	1	
28	16308	1	
28	9887	1	
28	11969	1	
28	12746	1	
28	13388	1	
28	14798	1	
28	464	1	
28	21841	1	
28	15954	1	
28	11604	2	
28	9358	1	
28	18904	1	
28	17016	1	
28	6495	1	
28	18528	1	
28	18145	1	
28	2914	1	
28	3943	1	
28	20463	1	
28	13937	1	
28	8819	1	
28	16758	2	
28	22007	1	
28	8184	1	
28	15484	1	
28	11434	1	
28	22421	1	
29	18181	1	
29	8236	1	
29	20142	1	
29	10011	1	
29	22442	1	
29	7084	1	
29	3373	1	
29	7854	1	
29	9777	1	
29	16054	1	
29	11832	1	
29	21305	1	
29	13884	1	
29	19133	1	
29	2243	2	
29	21814	1	
29	13113	1	
29	11600	3	
29	20564	1	
29	12503	1	
29	15448	2	
29	4329	1	
29	20329	1	
29	18173	1	
29	18046	1	
30	14081	1	
30	2309	1	
30	9729	1	
30	3373	1	
30	4368	1	
30	9491	1	
30	5400	1	
30	8989	1	
30	11807	1	
30	20384	1	
30	22385	1	
30	6824	1	
30	12717	2	
30	20914	1	
30	3629	1	
30	15671	1	
30	5565	1	
30	18111	1	
30	11969	1	
30	3141	1	
30	11590	1	
30	6983	1	
30	13516	1	
30	12746	1	
30	13388	2	
30	4303	1	
30	18181	1	
30	8026	1	
30	8079	1	
30	7903	2	
30	5729	1	
30	2914	1	
30	19816	1	
30	20329	1	
30	20842	1	
30	6511	1	
30	15976	1	
30	4496	1	
30	6917	1	
30	20086	1	
30	17015	1	
30	8568	1	
30	11771	1	
31	11521	1	
31	19204	1	
31	6661	1	
31	19719	1	
31	12352	1	
31	5186	1	
31	2797	1	
31	5208	1	
31	20882	1	
31	19349	1	
31	13078	1	
31	6807	1	
31	2329	1	
31	19740	1	
31	22557	1	
31	9887	1	
31	18111	2	
31	12454	1	
31	7847	1	
31	2349	1	
31	3758	1	
31	7471	1	
31	9904	1	
31	5553	1	
31	9139	1	
31	15028	1	
31	21814	1	
31	12471	1	
31	1979	1	
31	12220	1	
31	20799	1	
31	8512	1	
31	18905	2	
31	22339	1	
31	4022	1	
31	12743	1	
31	970	1	
31	15563	1	
31	11853	1	
31	9294	1	
31	9167	1	
31	9170	1	
31	1747	1	
31	9941	1	
31	9047	1	
31	15448	2	
31	1753	1	
31	15451	1	
31	22245	1	
31	12641	1	
31	17636	1	
31	4837	2	
31	8679	1	
31	18108	1	
31	12863	1	
31	22119	1	
31	14957	1	
31	16217	1	
31	20079	1	
31	4723	1	
31	17396	1	
31	11789	1	
31	5241	1	
31	17727	1	
31	11388	1	
31	9471	1	
32	5248	1	
32	2947	2	
32	1669	1	
32	12940	1	
32	11789	1	
32	11790	1	
32	21613	2	
32	4368	1	
32	17042	1	
32	916	1	
32	14489	1	
32	2523	1	
32	17700	1	
32	7463	1	
32	12733	1	
32	2220	1	
32	7471	1	
32	16850	1	
32	7241	1	
32	21305	1	
32	19133	1	
32	18111	1	
32	13376	1	
32	1092	1	
32	13255	1	
32	20817	1	
32	4364	1	
32	14477	1	
32	14800	1	
32	8913	1	
32	21586	1	
32	9043	1	
32	13838	1	
32	15448	3	
32	15451	1	
32	10407	1	
32	9831	1	
32	13452	1	
32	21097	1	
32	6823	1	
32	8429	1	
32	16367	1	
32	2674	1	
32	4723	1	
32	8948	1	
32	745	1	
32	6008	1	
32	13567	1	
33	20739	1	
33	4868	1	
33	2309	1	
33	9607	1	
33	10890	1	
33	17688	2	
33	22426	1	
33	22557	1	
33	20384	1	
33	11815	1	
33	11817	1	
33	11946	1	
33	22188	1	
33	9261	1	
33	12354	1	
33	20429	1	
33	12625	1	
33	14677	1	
33	9945	1	
33	2525	1	
33	9831	2	
33	15225	1	
