1	9600	1	
1	897	1	
1	16775	1	
1	14081	2	
1	4364	2	
1	14680	1	
1	16275	1	
1	14229	1	
1	7236	1	
1	22557	1	
1	18215	1	
1	3113	1	
1	17159	1	
1	1068	1	
1	7217	1	
1	306	1	
1	7476	1	
1	21305	1	
1	3258	1	
1	15199	1	
1	13884	1	
1	19133	1	
1	12734	1	
1	16831	1	
1	2243	1	
1	13252	2	
1	15432	1	
1	15244	1	
1	20427	1	
1	14592	2	
1	5841	1	
1	5838	1	
1	15448	1	
1	18905	1	
1	18267	1	
1	10436	1	
1	15971	1	
1	6145	1	
1	8040	1	
1	7463	1	
1	13937	1	
1	1140	1	
1	9777	1	
1	12151	1	
1	1147	1	
1	17150	1	
1	18289	1	
2	12288	1	
2	5378	1	
2	16260	1	
2	646	1	
2	14985	1	
2	17162	1	
2	13451	1	
2	6414	2	
2	7314	1	
2	13331	1	
2	7317	1	
2	12441	1	
2	17818	1	
2	15215	1	
2	18460	1	
2	18463	1	
2	18080	1	
2	21153	1	
2	5552	1	
2	1456	1	
2	22442	3	
2	4011	1	
2	8236	1	
2	5808	1	
2	12081	1	
2	7475	1	
2	19124	1	
2	20255	1	
2	7870	2	
2	22209	1	
2	2244	1	
2	20427	1	
2	15820	1	
2	3917	1	
2	5838	1	
2	15184	1	
2	5459	1	
2	7380	1	
2	5846	1	
2	21847	1	
2	7514	1	
2	10205	1	
2	15855	1	
2	1253	1	
2	15209	1	
2	21613	2	
2	18030	1	
2	879	2	
2	1266	1	
2	20983	1	
2	15096	1	
2	22140	1	
3	14592	1	
3	13952	1	
3	14725	1	
3	16777	1	
3	17162	1	
3	19595	1	
3	2828	1	
3	14509	1	
3	15704	1	
3	16835	1	
3	19350	1	
3	5658	1	
3	18978	1	
3	7460	1	
3	10918	1	
3	20519	1	
3	22442	2	
3	18866	2	
3	21295	1	
3	17480	1	
3	15666	1	
3	10935	1	
3	6969	1	
3	8636	2	
3	5437	1	
3	15733	2	
3	19392	1	
3	12354	1	
3	2243	1	
3	19526	1	
3	11719	1	
3	7880	1	
3	17996	1	
3	9034	1	
3	6732	1	
3	4303	1	
3	593	1	
3	5972	1	
3	22232	1	
3	7332	1	
3	10332	1	
3	10205	1	
3	14814	1	
3	8929	1	
3	9831	1	
3	13677	1	
3	3822	1	
3	11887	1	
3	15216	1	
3	19316	1	
3	16373	1	
3	20180	1	
3	18810	1	
4	14592	1	
4	12673	1	
4	14722	1	
4	22571	1	
4	13316	1	
4	7303	1	
4	11913	1	
4	22551	1	
4	13710	1	
4	21007	1	
4	22032	1	
4	10770	1	
4	21652	1	
4	19093	1	
4	21785	1	
4	5785	1	
4	13979	1	
4	18972	1	
4	19741	1	
4	15262	1	
4	16543	1	
4	1824	1	
4	8731	1	
4	20260	1	
4	4831	1	
4	22442	1	
4	6791	2	
4	22188	1	
4	14509	1	
4	5806	1	
4	21295	1	
4	5163	1	
4	18866	1	
4	4019	1	
4	15028	1	
4	13493	1	
4	21433	1	
4	3130	2	
4	14751	1	
4	8636	1	
4	19389	1	
4	9918	3	
4	20914	1	
4	12993	1	
4	12354	1	
4	2243	1	
4	22341	1	
4	18176	1	
4	13388	1	
4	13516	2	
4	20045	1	
4	11471	1	
4	4944	1	
4	2770	1	
4	20180	1	
4	3413	1	
4	855	2	
4	6052	1	
4	15706	1	
4	13007	1	
4	10972	1	
4	17466	1	
4	2271	1	
4	19553	1	
4	3042	1	
4	21733	1	
4	1370	1	
4	5994	1	
4	13807	1	
4	13937	1	
4	4999	1	
4	1454	1	
4	14714	1	
4	14461	1	
4	5630	1	
4	7765	1	
5	8193	1	
5	13316	1	
5	12805	1	
5	10246	1	
5	13832	1	
5	4866	1	
5	13331	1	
5	11294	1	
5	18463	2	
5	2085	2	
5	16935	1	
5	4649	1	
5	22571	1	
5	1280	1	
5	12354	1	
5	11334	1	
5	9294	1	
5	17490	1	
5	13398	1	
5	21097	1	
5	21613	1	
5	13937	1	
5	21619	1	
5	1141	1	
5	3702	1	
5	9833	1	
5	17016	1	
5	14969	1	
5	22140	1	
5	2179	1	
5	6790	1	
5	6283	1	
5	13452	1	
5	4239	1	
5	13969	1	
5	2841	1	
5	13978	1	
5	13478	2	
5	19113	1	
5	22188	1	
5	19571	1	
5	3765	1	
5	19131	1	
5	11979	1	
5	13516	1	
5	20177	1	
5	8919	1	
5	20188	1	
5	2271	2	
5	8144	1	
5	8421	1	
5	5863	1	
5	5866	1	
5	21228	1	
5	3113	1	
5	22270	1	
5	14592	1	
5	17154	1	
5	10510	1	
5	6418	1	
5	22295	1	
5	15128	1	
5	15129	1	
5	8992	1	
5	18214	1	
5	3883	1	
5	20794	1	
5	20284	1	
5	8511	1	
5	17229	1	
5	12625	1	
5	11604	1	
5	14680	1	
5	1369	1	
5	1765	1	
5	17895	2	
5	13975	1	
5	8569	1	
5	12164	1	
5	904	1	
5	20873	1	
5	5514	1	
5	907	1	
5	13710	1	
5	20882	1	
5	1956	1	
5	18866	1	
5	4032	1	
5	8647	1	
5	12746	1	
5	20813	1	
5	17360	1	
5	17892	1	
5	7655	1	
5	9298	1	
5	21499	1	
5	5630	1	
6	1280	1	
6	12288	1	
6	14595	1	
6	19460	1	
6	4438	1	
6	21767	1	
6	19464	1	
6	15625	1	
6	906	1	
6	11787	1	
6	14462	1	
6	1294	1	
6	20639	1	
6	14993	1	
6	13331	1	
6	18174	1	
6	21617	1	
6	21295	1	
6	6045	2	
6	17093	1	
6	13474	1	
6	8892	1	
6	1956	1	
6	19238	1	
6	4263	1	
6	7571	1	
6	9901	1	
6	11471	1	
6	742	1	
6	16252	1	
6	18867	1	
6	18486	1	
6	7737	1	
6	4639	1	
6	19900	1	
6	19133	1	
6	10814	2	
6	15680	1	
6	18483	1	
6	11714	1	
6	18108	1	
6	16374	1	
6	4723	1	
6	1099	1	
6	21305	1	
6	14592	3	
6	11727	1	
6	8144	1	
6	12625	3	
6	13266	1	
6	20195	1	
6	18866	1	
6	10709	1	
6	13710	1	
6	20695	2	
6	18267	1	
6	6149	1	
6	8797	1	
6	11008	2	
6	7392	1	
6	10832	1	
6	17890	1	
6	19555	1	
6	17892	1	
6	1766	1	
6	7782	1	
6	13159	1	
6	8636	1	
6	20519	1	
6	4589	1	
6	13937	1	
6	16243	1	
6	4725	1	
6	3702	1	
6	15863	2	
6	8568	1	
6	13435	1	
6	1467	1	
6	14649	1	
6	12670	1	
6	18175	1	
7	12288	1	
7	11008	1	
7	4867	1	
7	5764	1	
7	13445	1	
7	9606	1	
7	7432	1	
7	15241	1	
7	17162	1	
7	15117	1	
7	1170	1	
7	19347	1	
7	14484	1	
7	4868	1	
7	8728	1	
7	11161	1	
7	10011	1	
7	22557	2	
7	13316	1	
7	6687	1	
7	3495	1	
7	5929	1	
7	1068	1	
7	19378	1	
7	7471	1	
7	13453	1	
7	10545	1	
7	15666	1	
7	1076	1	
7	3127	1	
7	22200	1	
7	21305	1	
7	19133	1	
7	12350	1	
7	19519	1	
7	13526	2	
7	11969	1	
7	20038	1	
7	11335	1	
7	200	1	
7	6732	3	
7	13388	1	
7	9167	1	
7	1744	1	
7	15864	1	
7	6741	1	
7	15574	1	
7	12504	1	
7	6873	1	
7	20187	1	
7	13404	1	
7	22366	1	
7	15199	1	
7	19553	1	
7	2407	1	
7	21609	1	
7	5866	1	
7	8684	1	
7	18797	1	
7	15982	1	
7	15855	1	
7	4723	1	
7	1140	2	
7	16373	1	
7	8568	1	
7	12153	1	
8	19072	1	
8	7170	1	
8	14595	1	
8	13316	1	
8	8342	1	
8	6706	1	
8	9167	1	
8	3948	1	
8	650	1	
8	22463	1	
8	3629	1	
8	16016	1	
8	2834	1	
8	4723	1	
8	4884	1	
8	15534	1	
8	12950	1	
8	17049	1	
8	20384	1	
8	18978	1	
8	11555	1	
8	6052	1	
8	549	1	
8	14886	1	
8	12585	2	
8	11283	1	
8	10541	2	
8	20142	1	
8	14895	1	
8	15666	2	
8	17395	1	
8	18746	1	
8	12734	1	
8	16831	1	
8	15809	2	
8	2243	1	
8	10820	1	
8	18757	2	
8	12360	1	
8	19519	1	
8	9034	1	
8	7115	1	
8	13388	1	
8	5197	1	
8	4303	1	
8	13398	2	
8	12151	1	
8	5723	1	
8	10426	1	
8	7952	1	
8	7776	1	
8	22369	1	
8	16814	1	
8	8549	1	
8	18022	1	
8	9831	1	
8	12816	1	
8	18540	1	
8	15981	1	
8	11887	1	
8	13683	1	
8	1140	1	
8	4469	1	
8	13174	1	
8	20343	1	
8	22136	1	
8	18080	2	
8	11007	1	
9	17659	1	
9	3260	1	
9	12716	1	
9	15666	1	
9	7471	1	
9	4881	1	
9	22418	1	
9	16243	1	
9	3369	1	
9	9435	1	
9	17788	1	
9	22462	1	
10	14592	1	
10	4867	2	
10	13445	1	
10	6791	1	
10	16016	1	
10	2309	1	
10	16416	1	
10	545	1	
10	10918	1	
10	22442	1	
10	7471	1	
10	10545	1	
10	15666	1	
10	15160	1	
10	3130	1	
10	8636	1	
10	15808	1	
10	12481	1	
10	14530	1	
10	13514	1	
10	20427	1	
10	13388	1	
10	20429	1	
10	9169	1	
10	9811	1	
10	596	1	
10	2394	1	
10	20794	1	
10	10975	1	
10	19708	1	
10	5866	1	
10	21613	1	
10	18030	1	
10	17395	1	
10	16252	1	
10	14462	1	
11	11008	1	
11	8449	1	
11	7684	1	
11	9606	1	
11	10120	1	
11	8556	1	
11	395	1	
11	13452	1	
11	2063	2	
11	8636	2	
11	22418	1	
11	20547	2	
11	13516	1	
11	7062	1	
11	11161	1	
11	15642	1	
11	14235	1	
11	22557	1	
11	13316	2	
11	9247	1	
11	20384	1	
11	10530	1	
11	11555	1	
11	19238	1	
11	22442	3	
11	12716	1	
11	2990	1	
11	1455	1	
11	15666	1	
11	19315	1	
11	19764	1	
11	12341	1	
11	18569	1	
11	21945	1	
11	17466	1	
11	15548	1	
11	1342	1	
11	10549	1	
11	19520	1	
11	12354	1	
11	2443	1	
11	22464	1	
11	7749	1	
11	11974	1	
11	199	1	
11	3468	1	
11	5450	1	
11	5451	1	
11	6732	1	
11	20429	1	
11	12878	1	
11	4725	1	
11	1744	1	
11	13398	3	
11	11992	1	
11	18393	1	
11	21088	1	
11	15713	1	
11	2944	1	
11	8549	1	
11	15262	1	
11	2407	1	
11	5864	1	
11	7401	1	
11	7915	1	
11	12317	1	
11	15855	2	
11	10096	1	
11	20593	1	
11	4723	1	
11	16373	1	
11	17910	1	
11	18295	1	
11	14584	2	
11	8185	1	
11	11887	2	
11	4604	1	
12	14081	2	
12	20611	1	
12	12350	1	
12	9093	1	
12	9606	1	
12	1665	1	
12	7432	1	
12	17162	1	
12	8151	1	
12	13452	1	
12	20877	1	
12	5800	1	
12	17169	1	
12	20882	1	
12	16131	1	
12	22551	1	
12	15128	1	
12	11161	1	
12	22426	2	
12	6940	1	
12	6685	1	
12	15102	1	
12	19718	1	
12	6691	1	
12	5797	1	
12	8358	1	
12	13937	1	
12	8744	1	
12	3113	1	
12	22442	1	
12	1067	1	
12	1068	1	
12	6578	1	
12	22557	2	
12	19016	1	
12	15666	3	
12	10022	1	
12	16679	1	
12	16055	1	
12	3130	1	
12	8636	1	
12	14986	1	
12	6718	1	
12	22464	1	
12	8641	1	
12	11714	1	
12	8260	1	
12	2934	1	
12	20038	1	
12	5576	1	
12	8375	1	
12	13516	2	
12	13389	1	
12	5838	1	
12	1744	1	
12	19411	1	
12	10452	1	
12	14677	1	
12	13398	4	
12	15575	1	
12	14296	1	
12	9945	1	
12	9435	1	
12	19396	1	
12	7903	2	
12	18853	1	
12	22369	1	
12	8804	1	
12	15205	1	
12	11366	1	
12	22119	1	
12	12888	1	
12	12604	1	
12	5867	1	
12	22380	1	
12	5742	1	
12	21617	1	
12	3134	1	
12	6774	1	
12	4217	1	
12	19096	1	
12	12354	1	
12	11946	1	
12	13182	1	
12	11647	1	
13	13316	3	
13	18957	1	
13	4867	1	
13	7854	1	
13	22551	1	
13	10264	1	
13	14874	1	
13	22557	1	
13	545	1	
13	3113	1	
13	15584	3	
13	2105	1	
13	5694	1	
13	12354	1	
13	13388	1	
13	13389	1	
13	592	1	
13	11858	1	
13	4691	1	
13	7764	1	
13	7765	1	
13	13398	2	
13	1119	1	
13	19042	1	
13	21605	1	
13	21613	1	
13	18030	1	
13	4719	1	
13	14448	2	
13	15808	1	
13	1141	1	
13	6080	1	
13	13444	1	
13	13445	1	
13	18568	1	
13	14473	1	
13	16016	1	
13	14993	1	
13	1179	1	
13	19740	1	
13	17067	1	
13	22188	1	
13	20142	1	
13	12471	1	
13	6844	1	
13	7870	1	
13	10869	1	
13	5838	2	
13	1744	1	
13	13526	1	
13	5339	1	
13	10975	2	
13	7392	1	
13	5867	3	
13	5929	1	
13	14592	1	
13	14081	1	
13	10499	1	
13	19719	1	
13	10510	1	
13	4884	1	
13	7451	1	
13	6940	1	
13	5927	1	
13	3369	1	
13	15666	1	
13	7471	1	
13	7474	1	
13	12602	2	
13	14145	1	
13	16194	1	
13	8014	1	
13	12625	1	
13	14677	2	
13	18267	1	
13	15199	1	
13	19816	1	
13	11639	1	
13	13182	1	
13	9092	1	
13	14725	1	
13	9606	2	
13	15681	1	
13	16272	1	
13	3479	1	
13	6052	1	
13	22442	5	
13	7600	1	
13	8636	2	
13	20416	1	
13	8641	2	
13	19396	1	
13	9167	1	
13	17360	1	
13	2001	1	
13	13266	1	
13	18393	1	
13	8188	1	
13	12778	1	
13	4601	1	
13	4604	1	
13	13822	1	
14	14592	1	
14	9729	1	
14	15618	1	
14	13316	1	
14	9606	1	
14	2828	1	
14	14082	1	
14	15981	1	
14	4624	1	
14	19347	1	
14	7189	1	
14	15199	1	
14	13979	1	
14	19613	1	
14	547	1	
14	2856	1	
14	9129	1	
14	22442	1	
14	19117	1	
14	7854	1	
14	14127	2	
14	1074	1	
14	19124	1	
14	4831	2	
14	19900	1	
14	7231	1	
14	14016	1	
14	8641	2	
14	12354	2	
14	2115	1	
14	10436	1	
14	588	1	
14	13771	1	
14	6732	1	
14	12625	1	
14	21586	1	
14	9684	1	
14	13398	2	
14	855	1	
14	19556	1	
14	5341	1	
14	13388	1	
14	2911	1	
14	10081	1	
14	7778	1	
14	5220	1	
14	8549	1	
14	742	1	
14	9831	1	
14	15096	1	
14	18030	1	
14	11887	1	
14	15216	1	
14	2166	2	
14	20856	1	
14	17787	1	
14	14485	1	
15	19968	1	
15	13316	1	
15	7178	1	
15	20494	1	
15	22032	1	
15	3601	1	
15	19989	1	
15	13334	1	
15	22551	1	
15	11292	1	
15	2077	2	
15	16048	1	
15	6694	1	
15	1576	2	
15	9262	1	
15	7217	1	
15	12852	2	
15	12341	1	
15	17467	1	
15	2628	1	
15	12870	2	
15	13388	2	
15	12878	1	
15	20047	1	
15	4691	1	
15	13398	1	
15	11870	1	
15	11366	1	
15	10857	1	
15	20074	1	
15	22123	1	
15	21613	1	
15	11887	1	
15	1140	2	
15	1141	1	
15	6775	1	
15	19578	1	
15	20100	1	
15	13962	1	
15	13466	1	
15	12445	1	
15	16547	2	
15	13476	1	
15	5489	1	
15	22188	1	
15	14509	2	
15	5806	2	
15	22557	1	
15	5808	1	
15	8892	1	
15	19133	2	
15	20159	1	
15	8393	1	
15	13514	1	
15	12151	2	
15	13516	1	
15	20177	1	
15	10962	1	
15	13019	1	
15	17628	1	
15	1765	1	
15	5863	1	
15	8425	1	
15	20727	1	
15	22266	1	
15	14592	1	
15	4868	1	
15	19718	1	
15	1799	2	
15	1818	1	
15	7451	1	
15	16159	2	
15	16163	1	
15	7463	1	
15	13020	1	
15	13611	1	
15	5431	1	
15	5433	3	
15	12602	1	
15	20284	1	
15	17895	1	
15	21330	1	
15	11603	1	
15	21305	2	
15	14680	1	
15	22368	2	
15	21347	1	
15	19814	1	
15	15207	1	
15	15723	1	
15	7537	1	
15	20851	1	
15	12663	1	
15	14714	1	
15	12673	1	
15	8583	1	
15	12171	1	
15	11149	1	
15	20882	1	
15	19347	1	
15	22421	1	
15	8260	1	
15	12189	1	
15	20384	2	
15	15266	3	
15	15269	1	
15	1959	1	
15	22442	1	
15	19378	2	
15	7102	1	
15	22464	1	
15	7110	1	
15	20427	2	
15	9167	2	
15	7120	1	
15	9684	1	
15	19421	1	
15	19939	1	
15	11751	1	
15	16373	1	
16	1032	2	
16	19470	1	
16	22032	1	
16	529	1	
16	5652	1	
16	8214	1	
16	22551	1	
16	19992	1	
16	1564	1	
16	13858	1	
16	1578	1	
16	4141	1	
16	6702	1	
16	7216	1	
16	12341	1	
16	3638	1	
16	3127	1	
16	1099	1	
16	12878	1	
16	595	1	
16	19900	1	
16	18030	1	
16	11887	1	
16	13937	1	
16	6773	1	
16	22140	1	
16	3198	1	
16	2179	1	
16	13445	2	
16	18570	1	
16	13079	1	
16	19093	1	
16	625	1	
16	5800	1	
16	9244	1	
16	12471	1	
16	8892	1	
16	2243	1	
16	5838	1	
16	12495	1	
16	1744	1	
16	4822	1	
16	13020	1	
16	15584	1	
16	19172	1	
16	18150	1	
16	17943	1	
16	8425	5	
16	14592	1	
16	15111	1	
16	19208	1	
16	18185	1	
16	6423	1	
16	1818	1	
16	16159	1	
16	16164	1	
16	3883	2	
16	15660	1	
16	19766	1	
16	5433	1	
16	21310	1	
16	1345	1	
16	9033	1	
16	15184	1	
16	5994	1	
16	8556	1	
16	2416	1	
16	16190	1	
16	12153	1	
16	16252	1	
16	13182	2	
16	21888	1	
16	19332	1	
16	395	1	
16	13710	2	
16	19347	1	
16	11672	1	
16	18842	1	
16	13727	1	
16	15267	1	
16	10225	1	
16	12716	1	
16	18364	1	
16	17855	1	
16	16838	1	
16	5580	1	
16	18391	1	
16	14815	1	
16	19939	1	
16	18412	2	
16	4776	1	
16	4601	1	
16	4604	1	
17	12288	1	
17	13020	1	
17	17515	1	
17	13445	1	
17	6790	1	
17	2348	1	
17	7702	1	
17	19726	1	
17	17069	1	
17	20882	1	
17	14102	1	
17	15660	1	
17	12441	1	
17	22557	1	
17	10910	1	
17	4640	1	
17	646	1	
17	8753	1	
17	10972	1	
17	22442	1	
17	8236	1	
17	14509	1	
17	7729	3	
17	20914	1	
17	18872	4	
17	5433	2	
17	6331	1	
17	11708	1	
17	8765	1	
17	3519	1	
17	17093	1	
17	4038	1	
17	15432	3	
17	16586	1	
17	17996	1	
17	13901	1	
17	12878	1	
17	9167	1	
17	7121	1	
17	11603	1	
17	19556	1	
17	9043	1	
17	13019	1	
17	13532	1	
17	10206	1	
17	17890	1	
17	17892	1	
17	1766	1	
17	7782	1	
17	13032	1	
17	6122	1	
17	5867	1	
17	8556	1	
17	20334	1	
17	14448	1	
17	19283	1	
17	1140	1	
17	1783	1	
17	8569	1	
17	19578	1	
17	11645	1	
18	1409	1	
18	17515	1	
18	13445	1	
18	8585	1	
18	7690	1	
18	22551	1	
18	19596	1	
18	3339	1	
18	529	1	
18	16786	1	
18	22147	1	
18	4116	1	
18	19478	1	
18	8153	1	
18	920	1	
18	10265	1	
18	1947	1	
18	8988	1	
18	17915	1	
18	11760	1	
18	20260	1	
18	3877	1	
18	13425	1	
18	13516	1	
18	22442	1	
18	6702	1	
18	2225	1	
18	7729	1	
18	7862	1	
18	9015	1	
18	18872	3	
18	8556	1	
18	20639	1	
18	11708	1	
18	19133	1	
18	5449	1	
18	12665	1	
18	19776	1	
18	4033	1	
18	19907	1	
18	13255	1	
18	19145	1	
18	15436	1	
18	20047	1	
18	15704	1	
18	7121	1	
18	15570	1	
18	2309	1	
18	21305	1	
18	9759	1	
18	932	1	
18	7776	1	
18	15459	1	
18	11748	1	
18	18406	1	
18	2278	1	
18	15976	1	
18	18364	1	
18	5866	1	
18	5867	1	
18	9580	1	
18	16850	1	
18	7278	1	
18	5231	1	
18	21744	1	
18	10097	1	
18	14706	1	
18	21619	1	
18	1525	1	
18	14474	1	
18	10871	1	
18	6687	1	
18	14969	1	
18	17786	1	
18	17787	1	
18	21629	1	
18	18046	1	
19	897	1	
19	19755	1	
19	13316	1	
19	12805	1	
19	8641	1	
19	8971	1	
19	10510	1	
19	5264	1	
19	4881	1	
19	15809	1	
19	19347	1	
19	19350	1	
19	22551	2	
19	1369	1	
19	7451	1	
19	6940	1	
19	1054	1	
19	19589	1	
19	20002	1	
19	13349	1	
19	10918	1	
19	7463	1	
19	4651	1	
19	17070	1	
19	7471	1	
19	2608	1	
19	7474	1	
19	11294	1	
19	12471	1	
19	824	1	
19	18746	1	
19	20284	1	
19	15808	1	
19	11969	1	
19	17219	1	
19	200	1	
19	13388	1	
19	20427	1	
19	6732	2	
19	18978	1	
19	9038	1	
19	11471	1	
19	22571	1	
19	1108	1	
19	974	1	
19	4601	1	
19	4696	1	
19	22361	1	
19	15706	1	
19	6223	1	
19	1765	1	
19	15971	1	
19	19174	1	
19	18534	1	
19	9729	1	
19	3177	1	
19	5246	1	
19	6525	1	
19	497	1	
19	6514	1	
19	18492	1	
19	1141	1	
19	17236	1	
19	11645	1	
19	4606	1	
20	4610	1	
20	13316	2	
20	12805	1	
20	6150	1	
20	22032	1	
20	13331	1	
20	15903	1	
20	16416	1	
20	545	1	
20	547	1	
20	6695	1	
20	1067	1	
20	1076	1	
20	12345	1	
20	12350	1	
20	12354	1	
20	7236	1	
20	13388	1	
20	13389	1	
20	21586	1	
20	13398	1	
20	5207	1	
20	2136	1	
20	18528	1	
20	12394	2	
20	13937	1	
20	4723	2	
20	11895	1	
20	19050	1	
20	18046	1	
20	6786	1	
20	6790	1	
20	18055	1	
20	10890	1	
20	1163	2	
20	13452	1	
20	18062	1	
20	11632	2	
20	15508	2	
20	19310	1	
20	15512	1	
20	5785	1	
20	15521	1	
20	10407	4	
20	10409	1	
20	22188	1	
20	12461	1	
20	15539	1	
20	10939	1	
20	19133	1	
20	17185	1	
20	9247	1	
20	13516	1	
20	4823	1	
20	10972	3	
20	1766	1	
20	9169	1	
20	1257	1	
20	19190	4	
20	15612	1	
20	14592	2	
20	15620	1	
20	10515	1	
20	4884	1	
20	2351	1	
20	18209	3	
20	18222	1	
20	7471	1	
20	10545	2	
20	16695	1	
20	10040	1	
20	21305	1	
20	18746	1	
20	10555	1	
20	14145	1	
20	6989	1	
20	4432	1	
20	21330	1	
20	9047	1	
20	14692	1	
20	358	1	
20	13677	1	
20	15214	1	
20	15216	1	
20	12153	1	
20	7039	1	
20	14725	1	
20	15246	1	
20	20384	1	
20	16807	1	
20	22442	1	
20	430	1	
20	19377	1	
20	5554	1	
20	12212	1	
20	4022	1	
20	9145	1	
20	1979	1	
20	8636	1	
20	21949	1	
20	6732	1	
20	11714	1	
20	19913	1	
20	4049	1	
20	21980	1	
20	10206	1	
20	21984	1	
20	5629	1	
20	5630	1	
21	15616	1	
21	897	1	
21	20482	1	
21	6790	1	
21	19723	1	
21	13453	1	
21	910	1	
21	22032	2	
21	7960	1	
21	6938	1	
21	16539	1	
21	22557	1	
21	11294	1	
21	8229	1	
21	22442	3	
21	7854	1	
21	10933	1	
21	5687	1	
21	10040	1	
21	3258	1	
21	3259	1	
21	8636	1	
21	14016	1	
21	8641	1	
21	8387	1	
21	16586	1	
21	6732	1	
21	6352	1	
21	9443	1	
21	7892	1	
21	10329	1	
21	18746	1	
21	4602	1	
21	22499	1	
21	19814	1	
21	12394	1	
21	15855	1	
21	11632	1	
21	13937	1	
21	19317	1	
21	1526	2	
21	22266	1	
21	11771	1	
21	2173	2	
21	18174	1	
22	14592	1	
22	15616	1	
22	9046	1	
22	8641	1	
22	7688	1	
22	8585	1	
22	13963	1	
22	4364	1	
22	10366	1	
22	22032	1	
22	20499	1	
22	22211	1	
22	7960	7	
22	9884	1	
22	22557	1	
22	672	1	
22	5232	1	
22	10408	1	
22	5929	1	
22	18732	1	
22	3760	1	
22	14130	1	
22	1076	1	
22	19765	2	
22	11832	1	
22	8884	1	
22	3259	1	
22	10556	1	
22	13502	1	
22	7968	1	
22	12354	1	
22	3395	1	
22	13255	1	
22	15432	1	
22	15817	1	
22	11850	2	
22	20427	1	
22	20300	1	
22	17359	1	
22	7889	1	
22	15574	1	
22	19172	1	
22	12510	1	
22	14047	1	
22	22499	1	
22	17892	1	
22	21605	1	
22	7014	1	
22	9169	1	
22	12392	1	
22	19900	1	
22	22380	1	
22	15855	1	
22	11632	1	
22	13937	1	
22	545	1	
22	1140	1	
22	4822	1	
22	6774	1	
22	12151	1	
22	15610	2	
22	11771	1	
22	10365	1	
22	15614	1	
23	1280	1	
23	10625	2	
23	15491	2	
23	13316	2	
23	4998	1	
23	4823	1	
23	13452	2	
23	7438	1	
23	9234	1	
23	7683	1	
23	13972	1	
23	5934	1	
23	15512	2	
23	4484	1	
23	11292	1	
23	16416	1	
23	20010	1	
23	3627	1	
23	12716	1	
23	17070	1	
23	7471	2	
23	3633	1	
23	15540	1	
23	12471	1	
23	12345	1	
23	17466	1	
23	17211	1	
23	8892	1	
23	16317	1	
23	831	1	
23	6080	1	
23	18080	1	
23	15508	1	
23	19212	1	
23	14798	1	
23	13776	1	
23	17465	1	
23	19286	1	
23	9303	1	
23	1141	1	
23	22368	1	
23	19042	1	
23	12091	1	
23	19172	1	
23	21613	1	
23	19056	1	
23	19124	1	
23	17140	1	
23	8062	1	
23	3702	1	
23	12663	1	
23	3064	1	
23	18809	1	
23	18042	1	
23	14589	1	
23	4606	1	
23	14037	1	
24	512	1	
24	13316	2	
24	12815	1	
24	8214	1	
24	22551	1	
24	7684	1	
24	9247	2	
24	1068	1	
24	9777	1	
24	20019	1	
24	17466	1	
24	12350	1	
24	13388	2	
24	5200	1	
24	22100	1	
24	6741	1	
24	12888	1	
24	6746	1	
24	2063	1	
24	18024	1	
24	21613	1	
24	18030	1	
24	13937	1	
24	3702	1	
24	22464	1	
24	15491	1	
24	10889	1	
24	10890	1	
24	17549	1	
24	15512	3	
24	5785	1	
24	18086	1	
24	10408	1	
24	10409	1	
24	5804	1	
24	5301	2	
24	11449	1	
24	12490	1	
24	8995	1	
24	4821	1	
24	4823	1	
24	22232	1	
24	10972	1	
24	12510	1	
24	7408	1	
24	4850	1	
24	4341	1	
24	19190	1	
24	18175	1	
24	15620	1	
24	15641	1	
24	13603	1	
24	17703	1	
24	6459	1	
24	14142	1	
24	6464	1	
24	2443	1	
24	9031	1	
24	17225	2	
24	20298	1	
24	8013	1	
24	9550	1	
24	11600	1	
24	14673	1	
24	16213	1	
24	19286	1	
24	9050	1	
24	3421	1	
24	8043	1	
24	9069	1	
24	11632	1	
24	10625	3	
24	395	1	
24	2445	1	
24	10638	1	
24	7055	1	
24	17811	1	
24	17313	1	
24	19375	1	
24	5554	1	
24	8180	1	
24	10170	1	
24	8636	1	
24	6592	1	
24	1475	1	
24	2003	1	
24	9684	2	
24	8158	1	
24	21474	1	
24	18420	1	
24	16373	1	
25	14592	1	
25	7683	1	
25	7684	3	
25	7303	1	
25	11913	1	
25	4364	1	
25	4818	1	
25	2064	1	
25	1170	1	
25	15278	1	
25	22551	1	
25	15128	1	
25	22557	1	
25	20384	1	
25	15500	1	
25	11850	1	
25	17181	1	
25	10408	1	
25	10409	1	
25	22186	1	
25	18222	1	
25	7471	1	
25	10800	1	
25	3252	1	
25	11017	1	
25	18872	1	
25	5433	1	
25	14396	1	
25	9034	1	
25	12350	1	
25	2734	1	
25	11714	2	
25	9543	1	
25	15432	1	
25	13452	1	
25	202	1	
25	13389	1	
25	12110	1	
25	9169	1	
25	9298	1	
25	2899	2	
25	16468	1	
25	18424	1	
25	15448	1	
25	18267	1	
25	10469	1	
25	6760	1	
25	18921	1	
25	6507	1	
25	18540	1	
25	9234	1	
25	11709	1	
25	7016	1	
25	8403	1	
25	7540	1	
25	1525	1	
25	15096	1	
25	4601	1	
25	20882	1	
25	510	1	
26	22442	1	
26	1410	1	
26	2947	1	
26	7684	1	
26	9606	1	
26	15752	1	
26	3883	1	
26	2443	2	
26	15362	1	
26	17806	1	
26	1167	2	
26	2064	1	
26	19347	1	
26	13200	1	
26	15643	1	
26	10265	1	
26	14107	1	
26	16543	1	
26	20256	1	
26	17185	1	
26	16547	2	
26	11305	1	
26	20010	1	
26	3134	1	
26	20012	1	
26	15279	1	
26	8240	1	
26	20232	1	
26	6706	1	
26	20019	1	
26	19764	2	
26	5301	2	
26	7455	1	
26	10686	1	
26	12354	1	
26	1475	1	
26	16966	1	
26	7137	1	
26	3528	1	
26	13388	1	
26	13389	1	
26	19405	1	
26	13650	1	
26	14803	1	
26	14677	1	
26	4823	1	
26	12888	3	
26	9945	3	
26	4303	1	
26	10972	1	
26	22551	1	
26	12510	1	
26	15461	1	
26	4960	1	
26	5729	1	
26	6459	1	
26	7397	1	
26	360	1	
26	5118	1	
26	9583	1	
26	13937	2	
26	10510	1	
26	2899	3	
26	3060	1	
26	20798	1	
26	12151	1	
26	14584	1	
26	10365	1	
26	8062	1	
26	6741	1	
27	19392	1	
27	3392	1	
27	9606	1	
27	5119	1	
27	9513	1	
27	7306	1	
27	1163	1	
27	4364	1	
27	20882	2	
27	18197	2	
27	22551	1	
27	19133	1	
27	17435	2	
27	4511	1	
27	4000	1	
27	15651	1	
27	19112	1	
27	18473	1	
27	22442	1	
27	14509	1	
27	18222	1	
27	21295	1	
27	16432	1	
27	15281	1	
27	16434	1	
27	3636	1	
27	12471	1	
27	13161	1	
27	6687	1	
27	12604	1	
27	21066	1	
27	22464	1	
27	9343	1	
27	11714	1	
27	20803	1	
27	967	1	
27	9247	1	
27	11850	1	
27	22200	1	
27	13388	1	
27	6864	1	
27	17720	1	
27	14677	1	
27	4441	1	
27	7258	1	
27	4603	1	
27	9831	1	
27	5864	1	
27	22121	1	
27	15847	1	
27	9069	1	
27	6141	1	
27	11760	1	
27	20343	1	
27	633	1	
27	1147	1	
27	2173	1	
27	18175	1	
28	13440	1	
28	4737	1	
28	13801	1	
28	13316	2	
28	20878	1	
28	18191	1	
28	5524	1	
28	17557	1	
28	13846	1	
28	21913	1	
28	22368	1	
28	21850	1	
28	9247	1	
28	672	1	
28	9072	1	
28	931	1	
28	22181	1	
28	18472	1	
28	15273	1	
28	20010	1	
28	4267	1	
28	5804	1	
28	12717	1	
28	22421	1	
28	18461	1	
28	18736	1	
28	19124	1	
28	21301	1	
28	12471	1	
28	11192	1	
28	21305	1	
28	7738	1	
28	19900	2	
28	19133	1	
28	21696	1	
28	7392	1	
28	8642	1	
28	19907	1	
28	6774	1	
28	9543	1	
28	20168	1	
28	20427	1	
28	20556	1	
28	13389	1	
28	12110	1	
28	15864	1	
28	22100	1	
28	6414	1	
28	15575	1	
28	218	1	
28	3232	1	
28	7520	1	
28	8605	1	
28	7650	1	
28	5091	1	
28	21604	1	
28	2789	1	
28	19716	1	
28	12625	1	
28	22376	1	
28	6761	1	
28	8043	1	
28	3696	1	
28	4337	1	
28	22557	1	
28	1526	2	
28	11511	1	
28	19064	1	
28	4986	1	
28	9726	1	
28	12821	2	
29	5122	1	
29	13316	1	
29	4102	1	
29	647	1	
29	2059	1	
29	16012	1	
29	12815	1	
29	16272	1	
29	21912	1	
29	16276	1	
29	13078	1	
29	18200	1	
29	4079	1	
29	16416	1	
29	13219	1	
29	3113	1	
29	20010	1	
29	22188	1	
29	22574	1	
29	14772	1	
29	6458	1	
29	19900	1	
29	22589	1	
29	6718	1	
29	13451	1	
29	17605	1	
29	20044	1	
29	20556	1	
29	17872	1	
29	5330	1	
29	15575	1	
29	2394	1	
29	20111	1	
29	20026	1	
29	7520	1	
29	15000	1	
29	21604	1	
29	6759	1	
29	6761	1	
29	8043	1	
29	18797	2	
29	6511	1	
29	15216	1	
29	13681	1	
29	1141	1	
29	15863	1	
29	16252	1	
29	21629	1	
29	20028	1	
30	12288	2	
30	19460	1	
30	6150	1	
30	16911	1	
30	11802	1	
30	4647	1	
30	3113	1	
30	16431	1	
30	8771	1	
30	11334	1	
30	19527	1	
30	20556	1	
30	592	2	
30	21586	1	
30	16981	1	
30	13398	2	
30	4695	1	
30	10329	1	
30	20570	1	
30	7776	1	
30	15971	2	
30	3684	1	
30	21605	1	
30	22119	1	
30	3176	1	
30	12905	1	
30	13937	1	
30	1141	2	
30	6761	2	
30	4219	1	
30	6791	2	
30	20616	1	
30	1163	1	
30	17576	1	
30	683	2	
30	19124	3	
30	10934	1	
30	12471	1	
30	17608	1	
30	6864	1	
30	10973	1	
30	15584	1	
30	7394	1	
30	5755	1	
30	8421	1	
30	742	1	
30	22267	1	
30	3324	1	
30	775	1	
30	9992	1	
30	4364	2	
30	5400	1	
30	7471	1	
30	17184	1	
30	19243	1	
30	15660	1	
30	21295	1	
30	6459	1	
30	4929	1	
30	5447	1	
30	6477	1	
30	12110	3	
30	14680	1	
30	1371	1	
30	2407	1	
30	19816	1	
30	8043	3	
30	9071	1	
30	18289	1	
30	16761	1	
30	13692	1	
30	7039	1	
30	9610	1	
30	395	1	
30	19852	1	
30	22419	1	
30	916	1	
30	4509	1	
30	15774	1	
30	22442	1	
30	1454	1	
30	16305	1	
30	19900	1	
30	11714	1	
30	14800	1	
30	19938	1	
30	11760	1	
30	5119	1	
30	8188	1	
30	12799	1	
31	11008	2	
31	6464	1	
31	9139	1	
31	19460	1	
31	1157	1	
31	16774	1	
31	6791	1	
31	16777	2	
31	6283	1	
31	4364	2	
31	22414	1	
31	14509	1	
31	17424	1	
31	15448	2	
31	20882	1	
31	17171	1	
31	916	1	
31	22421	1	
31	4886	4	
31	22551	1	
31	21273	1	
31	17818	1	
31	7471	1	
31	14493	1	
31	16581	1	
31	18080	1	
31	13986	1	
31	19718	1	
31	7463	1	
31	11433	1	
31	5248	1	
31	22571	1	
31	22557	1	
31	13889	1	
31	10927	1	
31	17012	1	
31	22148	1	
31	21299	1	
31	14800	1	
31	19126	1	
31	14489	1	
31	21305	2	
31	186	1	
31	11835	1	
31	18108	1	
31	12733	1	
31	12734	1	
31	22464	2	
31	16961	1	
31	8260	1	
31	11461	3	
31	15717	1	
31	15432	1	
31	18505	1	
31	16075	1	
31	11471	1	
31	464	1	
31	17105	2	
31	5331	1	
31	13398	3	
31	14649	1	
31	22232	1	
31	6489	1	
31	463	1	
31	2747	1	
31	12602	1	
31	21605	2	
31	22368	1	
31	5840	1	
31	7394	1	
31	11963	1	
31	7397	1	
31	13884	1	
31	19308	1	
31	14721	1	
31	7537	1	
31	12659	1	
31	8180	1	
31	10357	1	
31	10857	1	
31	12151	1	
31	17148	2	
31	4649	1	
31	12799	1	
32	11008	1	
32	8449	1	
32	12162	1	
32	2308	1	
32	11398	1	
32	20874	1	
32	4364	2	
32	15117	1	
32	4366	1	
32	12944	1	
32	5394	1	
32	18964	1	
32	4484	1	
32	721	1	
32	15322	1	
32	11294	1	
32	16543	1	
32	7584	1	
32	20002	1	
32	9380	1	
32	6150	1	
32	13478	1	
32	22442	1	
32	8749	1	
32	3758	1	
32	7471	1	
32	15666	1	
32	7092	1	
32	20662	1	
32	11192	1	
32	4511	1	
32	13884	1	
32	6464	1	
32	4033	1	
32	13771	1	
32	10948	1	
32	22471	1	
32	20427	1	
32	13389	1	
32	591	1	
32	9169	1	
32	21586	1	
32	19939	1	
32	7765	1	
32	13398	1	
32	22232	1	
32	1753	1	
32	6106	1	
32	18267	2	
32	13532	1	
32	6652	1	
32	15713	1	
32	20384	1	
32	11237	1	
32	19942	1	
32	21097	1	
32	19561	1	
32	8556	1	
32	15986	1	
32	10707	1	
32	1141	1	
32	19789	1	
32	13161	1	
32	4217	1	
32	3840	1	
32	5884	1	
32	10922	1	
32	5374	1	
32	14677	1	
33	14592	1	
33	9901	1	
33	8579	1	
33	5766	1	
33	8641	1	
33	19464	1	
33	395	1	
33	2828	1	
33	11790	1	
33	9069	1	
33	16272	1	
33	8979	1	
33	17047	1	
33	19480	1	
33	13979	1	
33	18975	1	
33	20123	1	
33	10022	1	
33	3369	1	
33	22442	1	
33	3629	1	
33	20914	1	
33	4019	1	
33	14800	1	
33	10165	1	
33	5309	1	
33	20801	1	
33	4034	1	
33	8518	1	
33	13255	1	
33	21832	1	
33	9034	1	
33	11471	1	
33	592	1	
33	21720	1	
33	8797	1	
33	7219	1	
33	15971	1	
33	9832	1	
33	8809	1	
33	745	1	
33	8684	1	
33	21613	1	
33	15982	1	
33	4073	1	
33	9209	1	
33	17019	1	
33	18046	1	
34	14081	1	
34	7218	1	
34	9606	1	
34	21383	1	
34	9687	1	
34	4034	1	
34	11791	1	
34	22032	1	
34	17810	1	
34	21014	1	
34	22557	1	
34	15575	1	
34	17823	1	
34	17185	1	
34	10452	1	
34	497	1	
34	12585	2	
34	22442	4	
34	8236	1	
34	14509	1	
34	9729	1	
34	8989	1	
34	15560	1	
34	9394	1	
34	9012	1	
34	8885	1	
34	12471	4	
34	13880	1	
34	1593	1	
34	3130	1	
34	8636	2	
34	6773	1	
34	15808	1	
34	8641	2	
34	8514	1	
34	21699	1	
34	4036	1	
34	15432	1	
34	13516	1	
34	13514	1	
34	20299	1	
34	13388	2	
34	13389	1	
34	16462	1	
34	2445	2	
34	10040	1	
34	7635	1	
34	16468	1	
34	22478	1	
34	6477	1	
34	8151	1	
34	14680	1	
34	7332	1	
34	15706	1	
34	6735	1	
34	11869	1	
34	19550	1	
34	15199	1	
34	14817	1	
34	22499	1	
34	14145	1	
34	15205	1	
34	1767	1	
34	5867	1	
34	22252	1	
34	15855	1	
34	7920	1	
34	13937	1	
34	498	1	
34	5885	1	
34	1140	1	
34	4213	1	
34	14969	1	
34	4090	1	
34	2173	1	
35	10923	1	
35	13316	1	
35	14988	1	
35	6417	1	
35	5394	1	
35	17943	1	
35	15128	1	
35	18091	1	
35	12081	1	
35	8249	1	
35	3130	1	
35	6220	1	
35	14800	1	
35	20409	1	
35	13912	1	
35	16664	1	
35	5728	1	
35	7905	1	
35	11631	1	
35	21617	1	
35	12153	1	
35	22266	1	
35	17659	1	
35	13182	1	
36	18656	1	
36	12354	1	
36	2308	1	
36	11941	1	
36	7880	1	
36	15113	1	
36	4396	1	
36	20794	1	
36	5934	1	
36	3060	2	
36	14677	2	
36	15574	1	
36	7903	1	
36	18650	1	
36	8636	1	
36	5564	1	
36	19133	1	
36	1564	1	
36	4031	1	
37	1280	1	
37	14595	1	
37	13316	3	
37	21902	1	
37	2677	1	
37	4496	1	
37	1681	1	
37	6678	1	
37	18200	1	
37	17818	1	
37	10011	1	
37	11684	1	
37	13937	1	
37	22442	1	
37	11692	1	
37	12081	1	
37	6331	1	
37	19134	1	
37	10943	1	
37	12354	1	
37	20813	1	
37	6350	1	
37	8532	1	
37	10458	1	
37	19421	1	
37	1141	1	
37	12897	1	
37	5347	1	
37	2407	1	
37	20076	1	
37	9069	1	
37	21617	1	
37	10867	1	
37	16373	1	
37	3702	1	
37	7159	1	
37	8568	1	
37	10452	1	
37	6847	1	
37	10748	1	
38	8577	1	
38	13316	1	
38	9093	1	
38	18054	1	
38	8961	1	
38	12938	1	
38	526	1	
38	21613	1	
38	4497	1	
38	15514	1	
38	10011	1	
38	20000	1	
38	18267	1	
38	7463	1	
38	7848	1	
38	7471	1	
38	18746	1	
38	19900	1	
38	19389	1	
38	22463	1	
38	8641	2	
38	12354	1	
38	20803	1	
38	7236	1	
38	13388	1	
38	7050	1	
38	592	1	
38	21842	1	
38	14811	1	
38	4831	1	
38	19938	1	
38	12901	1	
38	19814	1	
38	8636	1	
38	21586	1	
38	12151	1	
38	2770	1	
39	8327	1	
39	4366	1	
39	1683	1	
39	20384	1	
39	545	1	
39	1063	1	
39	21937	1	
39	21311	1	
39	8641	1	
39	9924	1	
39	11334	1	
39	200	1	
39	12746	1	
39	16468	1	
39	18267	1	
39	14301	1	
39	7903	1	
39	1380	1	
39	17000	1	
39	13937	1	
39	5244	1	
39	637	1	
39	5246	1	
39	5375	1	
