1	8193	1	
1	4868	1	
1	18569	1	
1	8079	1	
1	7952	1	
1	16915	1	
1	18197	1	
1	1174	1	
1	602	1	
1	9887	1	
1	3621	1	
1	17067	1	
1	3629	1	
1	1591	1	
1	15033	1	
1	9146	1	
1	18108	1	
1	15808	1	
1	11714	2	
1	21315	1	
1	22464	1	
1	13961	1	
1	16301	1	
1	17610	1	
1	13901	1	
1	3197	1	
1	8532	1	
1	7768	1	
1	11482	1	
1	16506	1	
1	18911	1	
1	18528	1	
1	700	1	
1	18173	1	
1	3060	1	
1	17016	1	
1	4602	1	
1	637	1	
1	11007	1	
2	12288	1	
2	15361	1	
2	19460	1	
2	8705	1	
2	13834	1	
2	3084	1	
2	10263	1	
2	17435	1	
2	12829	1	
2	12836	1	
2	1069	1	
2	9269	1	
2	1591	1	
2	3643	1	
2	12349	1	
2	4158	1	
2	5699	1	
2	10820	1	
2	12360	1	
2	20554	1	
2	13388	2	
2	14414	1	
2	15441	1	
2	3171	1	
2	18023	2	
2	7785	1	
2	10859	1	
2	5232	1	
2	13937	1	
2	6770	1	
2	4215	1	
2	6778	1	
2	15723	1	
2	13437	1	
2	638	1	
2	3203	1	
2	13444	1	
2	1160	1	
2	10890	1	
2	15499	1	
2	635	1	
2	2706	1	
2	4756	1	
2	14495	1	
2	9380	2	
2	13425	1	
2	15528	2	
2	4779	1	
2	22188	1	
2	9901	2	
2	19124	3	
2	7455	1	
2	8892	2	
2	19133	3	
2	10432	1	
2	14017	1	
2	1733	1	
2	13516	1	
2	719	1	
2	20695	3	
2	4314	1	
2	11471	1	
2	4831	1	
2	15948	1	
2	10467	2	
2	741	1	
2	7400	1	
2	10985	1	
2	15596	1	
2	8943	1	
2	20722	1	
2	16375	1	
2	14079	1	
2	14592	2	
2	10499	1	
2	7437	1	
2	10515	1	
2	18197	1	
2	3862	1	
2	2842	1	
2	13819	1	
2	18210	1	
2	17706	1	
2	2859	1	
2	19254	1	
2	17208	1	
2	5945	1	
2	5855	1	
2	4414	1	
2	13536	1	
2	4235	1	
2	16951	1	
2	12625	1	
2	8531	1	
2	21305	3	
2	22368	1	
2	22369	1	
2	1378	1	
2	14725	1	
2	15209	1	
2	4971	1	
2	4972	1	
2	9069	1	
2	2416	1	
2	9074	1	
2	12663	1	
2	12673	1	
2	18818	1	
2	15237	2	
2	3991	1	
2	11672	1	
2	5529	1	
2	6554	1	
2	8606	1	
2	15266	1	
2	15784	1	
2	12717	1	
2	1465	1	
2	13763	1	
2	7112	1	
2	15817	1	
2	21450	1	
2	11723	1	
2	12878	1	
2	9892	1	
2	19939	1	
2	3047	1	
2	15337	1	
2	8685	2	
2	494	1	
2	20468	1	
2	4599	1	
2	5627	1	
3	12288	1	
3	16901	1	
3	7690	1	
3	1547	1	
3	13837	1	
3	9232	1	
3	4014	1	
3	10774	1	
3	17943	1	
3	7451	1	
3	17435	1	
3	2394	1	
3	6694	1	
3	11817	1	
3	8746	1	
3	22571	1	
3	8236	1	
3	3629	2	
3	8753	1	
3	5682	1	
3	9269	1	
3	1591	1	
3	20547	1	
3	19553	1	
3	15432	1	
3	20151	1	
3	588	1	
3	595	1	
3	13398	1	
3	603	1	
3	22032	4	
3	18022	1	
3	13418	2	
3	15979	1	
3	20593	1	
3	1650	1	
3	6772	1	
3	1141	1	
3	6776	1	
3	16661	1	
3	10881	1	
3	12930	1	
3	15491	1	
3	19588	1	
3	13445	1	
3	13961	1	
3	12426	1	
3	13451	1	
3	14489	2	
3	14495	1	
3	5795	1	
3	11941	1	
3	13937	1	
3	7794	1	
3	17070	1	
3	14001	1	
3	21875	1	
3	19124	1	
3	22198	2	
3	12471	1	
3	15545	1	
3	19133	1	
3	13507	2	
3	13508	1	
3	460	1	
3	13516	1	
3	20690	1	
3	14037	1	
3	17121	2	
3	8421	3	
3	22252	1	
3	5358	1	
3	10482	2	
3	12670	1	
3	5881	1	
3	10499	1	
3	2309	1	
3	5895	1	
3	7433	1	
3	17163	1	
3	4364	1	
3	2322	1	
3	18051	1	
3	20756	1	
3	18197	1	
3	2839	2	
3	16666	1	
3	16667	1	
3	14622	1	
3	2344	1	
3	7471	1	
3	1844	1	
3	21305	1	
3	20284	1	
3	831	1	
3	4421	1	
3	22071	1	
3	10573	1	
3	12625	2	
3	2387	1	
3	9558	1	
3	858	1	
3	18267	1	
3	860	2	
3	861	1	
3	1376	1	
3	22369	1	
3	21861	1	
3	20838	1	
3	364	1	
3	879	1	
3	12147	1	
3	3958	1	
3	16252	1	
3	5501	1	
3	17790	1	
3	8063	1	
3	12673	1	
3	6020	1	
3	1415	2	
3	3991	1	
3	1420	1	
3	10644	1	
3	6039	1	
3	13727	1	
3	16804	1	
3	18529	1	
3	12712	1	
3	15273	1	
3	5034	1	
3	2990	1	
3	7752	1	
3	9143	1	
3	4030	1	
3	22464	1	
3	11714	2	
3	1099	1	
3	7112	1	
3	8268	1	
3	12746	1	
3	15819	1	
3	15820	2	
3	9167	3	
3	984	2	
3	13477	1	
3	3041	1	
3	6118	1	
3	16807	1	
3	9043	1	
3	8180	1	
3	13819	1	
3	15869	1	
4	11777	1	
4	5635	1	
4	16901	1	
4	8193	1	
4	1547	1	
4	22032	3	
4	17943	1	
4	19716	2	
4	15903	4	
4	11820	1	
4	14088	1	
4	16434	1	
4	15432	1	
4	16969	1	
4	13389	1	
4	8782	1	
4	1626	1	
4	8797	1	
4	11870	1	
4	19553	1	
4	2747	1	
4	13412	1	
4	22119	1	
4	7785	1	
4	13418	1	
4	9831	1	
4	18030	1	
4	13425	1	
4	21107	1	
4	13428	1	
4	14469	1	
4	6791	1	
4	18569	1	
4	10890	1	
4	3220	1	
4	1174	1	
4	11927	1	
4	7322	2	
4	10397	1	
4	22175	1	
4	10410	1	
4	12461	1	
4	17072	1	
4	12465	2	
4	19124	2	
4	9398	1	
4	6331	1	
4	8892	2	
4	19133	1	
4	17608	2	
4	6860	1	
4	4818	1	
4	10452	1	
4	15579	1	
4	11999	1	
4	7392	1	
4	8421	2	
4	7401	1	
4	15603	1	
4	20218	1	
4	14592	1	
4	8449	1	
4	4868	2	
4	773	1	
4	7432	1	
4	18185	1	
4	17162	1	
4	3339	1	
4	4364	1	
4	13069	1	
4	15119	1	
4	13073	1	
4	17172	1	
4	18200	1	
4	8988	1	
4	20255	1	
4	11040	1	
4	12076	1	
4	12589	1	
4	7471	1	
4	15666	1	
4	1844	1	
4	8502	1	
4	21305	1	
4	2271	1	
4	13445	1	
4	4417	1	
4	8012	1	
4	4945	1	
4	10580	1	
4	4440	2	
4	15706	1	
4	18267	2	
4	1375	1	
4	22369	3	
4	2914	1	
4	5994	1	
4	5490	1	
4	7540	1	
4	12663	2	
4	8568	1	
4	5498	1	
4	7041	2	
4	12162	1	
4	9092	1	
4	14725	1	
4	10636	1	
4	22418	1	
4	15763	1	
4	3991	1	
4	21403	1	
4	20384	3	
4	15275	1	
4	11180	1	
4	5551	1	
4	18364	1	
4	16831	1	
4	13763	1	
4	19396	1	
4	13255	1	
4	12746	1	
4	15307	1	
4	9167	1	
4	12625	1	
4	14024	1	
4	15855	1	
4	4081	1	
4	4599	1	
4	505	2	
4	13819	1	
5	12288	1	
5	16904	1	
5	7690	1	
5	7694	1	
5	22032	1	
5	2582	1	
5	10264	2	
5	9241	1	
5	4637	1	
5	15903	3	
5	15394	1	
5	3621	1	
5	22572	1	
5	3629	1	
5	1074	1	
5	7219	1	
5	6711	1	
5	20547	1	
5	7777	1	
5	19017	1	
5	13388	1	
5	13389	2	
5	13398	1	
5	5207	1	
5	19553	1	
5	15977	1	
5	15987	1	
5	10857	1	
5	1743	1	
5	14985	1	
5	1163	1	
5	6809	1	
5	18592	1	
5	15522	1	
5	10407	1	
5	22186	1	
5	2747	1	
5	14016	1	
5	15555	1	
5	2244	1	
5	10871	1	
5	16588	1	
5	719	1	
5	14552	1	
5	11995	1	
5	10978	1	
5	740	1	
5	7397	1	
5	7400	2	
5	7401	1	
5	22252	1	
5	3315	1	
5	13046	1	
5	20218	1	
5	3455	1	
5	18686	1	
5	5375	1	
5	14592	1	
5	19716	1	
5	19719	1	
5	14088	1	
5	18185	1	
5	10510	3	
5	4868	1	
5	7451	1	
5	14622	1	
5	11042	1	
5	3880	1	
5	13611	1	
5	4146	1	
5	19246	1	
5	2351	1	
5	1841	1	
5	18832	1	
5	19764	1	
5	5941	1	
5	7476	1	
5	10555	1	
5	15170	1	
5	6982	1	
5	18759	1	
5	12616	1	
5	20813	1	
5	12625	2	
5	3416	1	
5	1369	1	
5	3419	1	
5	15713	1	
5	7011	1	
5	9069	1	
5	6510	1	
5	6512	1	
5	10098	1	
5	12663	1	
5	7039	1	
5	14721	1	
5	18818	1	
5	15751	1	
5	7564	1	
5	910	1	
5	7055	1	
5	3984	1	
5	15763	2	
5	10644	1	
5	920	1	
5	6559	1	
5	20384	2	
5	18339	1	
5	15784	1	
5	4019	1	
5	11708	1	
5	13763	2	
5	7628	1	
5	17229	1	
5	9169	2	
5	10205	1	
5	5089	1	
5	13796	1	
5	18920	1	
5	18975	1	
5	6125	1	
5	503	1	
5	3064	1	
6	5761	1	
6	19460	1	
6	4486	1	
6	4364	1	
6	15633	1	
6	13376	1	
6	8341	1	
6	1943	1	
6	4868	1	
6	13979	1	
6	4637	1	
6	15774	1	
6	11808	1	
6	11931	1	
6	17060	1	
6	10408	1	
6	5929	1	
6	11603	1	
6	16967	1	
6	9644	1	
6	1710	1	
6	7471	1	
6	8753	1	
6	21619	1	
6	1076	1	
6	18101	1	
6	12471	1	
6	1844	1	
6	20794	1	
6	20284	1	
6	446	1	
6	15808	1	
6	8771	1	
6	22464	1	
6	21317	1	
6	4550	1	
6	13255	2	
6	4555	1	
6	13516	1	
6	13389	2	
6	12878	1	
6	21841	1	
6	21586	1	
6	17891	1	
6	18133	1	
6	4438	1	
6	9816	1	
6	17188	1	
6	9691	1	
6	16349	1	
6	19939	1	
6	10854	1	
6	7399	1	
6	10857	1	
6	1639	1	
6	13932	1	
6	365	1	
6	7663	1	
6	7536	1	
6	19124	1	
6	3958	1	
6	7160	1	
6	5625	1	
6	637	1	
7	12288	1	
7	4610	1	
7	14081	1	
7	10499	1	
7	18965	1	
7	13849	1	
7	17435	1	
7	15903	2	
7	3106	1	
7	3621	1	
7	6694	1	
7	8744	1	
7	21549	1	
7	12341	1	
7	6711	1	
7	13884	1	
7	13887	1	
7	22368	1	
7	20547	1	
7	19553	1	
7	11851	1	
7	13388	1	
7	10833	1	
7	21589	1	
7	5207	1	
7	9816	1	
7	18529	1	
7	17339	1	
7	13412	1	
7	7782	1	
7	21097	1	
7	14448	1	
7	7794	1	
7	22133	2	
7	7785	1	
7	19580	1	
7	19582	1	
7	12930	1	
7	10890	1	
7	17041	3	
7	4754	1	
7	21652	1	
7	18077	1	
7	10398	1	
7	22188	1	
7	11890	1	
7	15534	1	
7	22198	1	
7	18975	1	
7	15548	1	
7	19133	1	
7	19145	1	
7	15565	1	
7	3277	1	
7	11471	1	
7	21727	1	
7	10468	1	
7	6381	1	
7	4335	1	
7	10482	1	
7	6902	1	
7	18174	2	
7	21888	1	
7	13611	1	
7	19716	1	
7	17163	1	
7	7952	1	
7	5394	1	
7	17172	1	
7	16661	1	
7	4868	1	
7	7460	1	
7	5419	1	
7	5421	1	
7	16691	1	
7	21305	1	
7	4418	1	
7	22344	2	
7	20809	1	
7	3408	1	
7	5969	1	
7	21330	1	
7	2387	1	
7	18267	2	
7	861	1	
7	1375	1	
7	14176	1	
7	4451	1	
7	364	1	
7	9069	2	
7	14709	1	
7	1918	1	
7	17280	1	
7	21889	1	
7	4484	1	
7	7062	1	
7	902	1	
7	16775	1	
7	7564	1	
7	15766	1	
7	3991	1	
7	21912	1	
7	3492	1	
7	9458	1	
7	17053	1	
7	5051	1	
7	20925	1	
7	14783	1	
7	4033	1	
7	16835	1	
7	13255	1	
7	12746	1	
7	11724	1	
7	9171	1	
7	8660	1	
7	12759	1	
7	10204	1	
7	10206	1	
7	3553	1	
7	10723	1	
7	489	1	
7	7658	1	
7	8683	1	
7	8685	1	
7	16367	1	
7	19952	1	
7	4081	1	
7	3058	1	
7	14325	1	
7	15869	1	
8	4868	1	
8	14469	1	
8	17163	1	
8	8749	1	
8	4884	1	
8	19460	1	
8	9887	1	
8	18080	1	
8	8490	1	
8	9901	1	
8	10974	1	
8	8543	1	
8	8927	1	
8	4032	1	
8	7236	1	
8	12746	1	
8	13388	1	
8	4303	1	
8	18128	1	
8	14545	1	
8	17107	1	
8	9047	1	
8	6622	1	
8	18911	1	
8	3408	1	
8	9069	1	
8	15985	1	
8	17016	1	
8	12799	1	
9	13952	1	
9	12673	1	
9	15874	1	
9	15800	1	
9	7684	1	
9	13445	1	
9	15751	1	
9	19208	1	
9	18185	1	
9	1844	1	
9	4247	1	
9	12625	1	
9	15225	1	
9	10641	1	
9	18197	1	
9	19478	1	
9	22551	1	
9	10264	1	
9	4868	1	
9	14725	1	
9	21280	1	
9	17313	1	
9	7203	1	
9	454	1	
9	13222	1	
9	20519	1	
9	15404	1	
9	11054	1	
9	11832	1	
9	16691	1	
9	19124	1	
9	5301	2	
9	15384	1	
9	15671	1	
9	16568	1	
9	21305	1	
9	1466	1	
9	15903	2	
9	21692	1	
9	19133	1	
9	6078	1	
9	831	1	
9	11714	1	
9	18955	1	
9	7109	1	
9	12614	1	
9	15432	1	
9	22603	1	
9	21841	1	
9	7637	1	
9	9558	1	
9	4601	1	
9	12760	1	
9	1648	1	
9	7055	1	
9	3258	1	
9	19939	1	
9	11729	1	
9	20585	1	
9	5994	1	
9	16363	1	
9	364	1	
9	6511	1	
9	7408	1	
9	625	1	
9	8086	1	
9	5623	1	
9	7801	1	
9	505	1	
9	17788	2	
9	637	1	
10	21889	1	
10	6787	1	
10	19460	1	
10	19589	1	
10	3974	1	
10	18569	1	
10	13834	2	
10	10763	1	
10	9424	1	
10	7694	1	
10	19476	1	
10	19093	1	
10	4868	1	
10	14725	1	
10	4356	1	
10	9887	1	
10	20384	2	
10	12625	3	
10	16347	1	
10	683	1	
10	19238	1	
10	11945	1	
10	22571	1	
10	18862	1	
10	12848	1	
10	8115	1	
10	8502	1	
10	21305	3	
10	13398	1	
10	18783	1	
10	18108	1	
10	19133	3	
10	10851	1	
10	11714	1	
10	21315	1	
10	16966	1	
10	7777	1	
10	15432	2	
10	17610	1	
10	15820	1	
10	13901	1	
10	12880	1	
10	21841	1	
10	15442	1	
10	3171	1	
10	7765	1	
10	2134	1	
10	22232	1	
10	1497	1	
10	9434	1	
10	18267	2	
10	19737	1	
10	18042	1	
10	16350	1	
10	8927	1	
10	19553	1	
10	13411	1	
10	18023	1	
10	7400	1	
10	13932	1	
10	9069	2	
10	1522	1	
10	15859	1	
10	14761	1	
10	17016	2	
10	14970	1	
10	19711	1	
10	14677	2	
11	9033	1	
11	22082	1	
