1	11777	1	
1	15376	1	
1	22551	1	
1	28	1	
1	7088	1	
1	8236	1	
1	3629	2	
1	17454	1	
1	2102	1	
1	3127	1	
1	12352	1	
1	11851	1	
1	13388	1	
1	1629	1	
1	12897	1	
1	18108	1	
1	19050	1	
1	4205	1	
1	1141	1	
1	17016	1	
1	18055	1	
1	1645	1	
1	10900	1	
1	9887	1	
1	5795	1	
1	966	1	
1	14504	1	
1	9901	1	
1	11635	1	
1	22200	1	
1	8892	1	
1	19133	3	
1	2239	1	
1	14016	1	
1	10436	1	
1	9424	1	
1	14545	1	
1	17840	1	
1	21219	1	
1	1256	1	
1	15610	1	
1	4864	1	
1	14081	1	
1	4868	1	
1	20012	1	
1	13069	1	
1	4884	1	
1	18197	1	
1	5399	1	
1	7455	1	
1	3877	1	
1	10541	1	
1	16691	1	
1	21305	2	
1	19782	1	
1	14664	1	
1	3408	1	
1	9555	1	
1	14677	1	
1	18263	1	
1	10085	1	
1	9577	1	
1	8556	1	
1	9069	1	
1	8563	1	
1	21878	1	
1	8568	1	
1	9082	1	
1	12162	1	
1	8579	1	
1	7557	1	
1	8079	1	
1	4496	1	
1	15266	2	
1	16301	1	
1	7600	1	
1	19890	1	
1	15808	1	
1	13766	1	
1	8647	1	
1	9292	1	
1	12746	1	
1	9122	1	
1	6622	1	
1	7664	1	
1	3058	1	
1	17399	1	
1	16377	1	
2	12288	1	
2	9733	1	
2	10246	1	
2	11436	1	
2	4111	1	
2	8214	1	
2	8727	1	
2	8216	1	
2	1564	1	
2	7805	1	
2	2596	1	
2	1576	1	
2	3935	1	
2	17455	1	
2	14387	1	
2	12852	1	
2	4663	1	
2	5696	1	
2	11835	1	
2	13884	1	
2	13887	2	
2	10816	3	
2	16961	1	
2	22082	1	
2	16969	1	
2	15434	1	
2	21586	2	
2	602	1	
2	11359	1	
2	15456	1	
2	1639	1	
2	8296	1	
2	5820	1	
2	21611	1	
2	15982	1	
2	5743	1	
2	14448	1	
2	4884	1	
2	5757	1	
2	4222	1	
2	16661	1	
2	1984	1	
2	4886	1	
2	6791	1	
2	13961	1	
2	16919	1	
2	13969	1	
2	20116	1	
2	21102	1	
2	13981	1	
2	4255	1	
2	18080	1	
2	18460	1	
2	13781	1	
2	22188	1	
2	14024	1	
2	4276	1	
2	22198	1	
2	15544	1	
2	4793	1	
2	8892	1	
2	19133	3	
2	6336	1	
2	11969	1	
2	22210	1	
2	7880	1	
2	13003	1	
2	11471	2	
2	4310	1	
2	13689	1	
2	2265	1	
2	1754	1	
2	20187	1	
2	8412	1	
2	1758	1	
2	4831	1	
2	15584	2	
2	8421	1	
2	6375	1	
2	4334	1	
2	17135	1	
2	12529	3	
2	21752	1	
2	17151	1	
2	4864	2	
2	2307	1	
2	1750	1	
2	18182	1	
2	20232	1	
2	18185	1	
2	20234	1	
2	3339	1	
2	4364	1	
2	20237	1	
2	7952	1	
2	17681	1	
2	10515	1	
2	19732	1	
2	13077	1	
2	5910	1	
2	21784	1	
2	19737	1	
2	1819	1	
2	5415	1	
2	18140	1	
2	7471	1	
2	15582	1	
2	8503	1	
2	18745	1	
2	19770	1	
2	14139	1	
2	6982	1	
2	14664	2	
2	4941	1	
2	20302	1	
2	1080	1	
2	11604	1	
2	854	1	
2	21305	3	
2	8026	1	
2	7516	1	
2	14687	1	
2	22370	1	
2	2915	1	
2	9069	3	
2	4073	1	
2	12153	1	
2	5498	1	
2	1918	1	
2	5525	1	
2	1600	1	
2	18819	1	
2	7556	2	
2	15754	1	
2	18068	1	
2	9621	1	
2	5529	1	
2	7582	2	
2	14751	1	
2	17312	1	
2	13730	1	
2	15268	1	
2	5541	1	
2	16806	1	
2	13223	1	
2	15273	1	
2	13227	1	
2	5551	1	
2	15795	1	
2	926	1	
2	17984	1	
2	9887	1	
2	9662	1	
2	22464	1	
2	20384	1	
2	4547	1	
2	7110	1	
2	12746	2	
2	14798	2	
2	9169	1	
2	6100	1	
2	4942	1	
2	5600	1	
2	20969	1	
2	7658	1	
2	20459	1	
2	11247	1	
2	10229	1	
2	13814	1	
2	5801	1	
2	8184	1	
2	1018	2	
2	11771	3	
2	6652	1	
3	13316	1	
3	20999	1	
3	13834	1	
3	530	1	
3	19486	1	
3	20000	1	
3	8233	1	
3	1578	1	
3	16903	1	
3	22061	1	
3	16430	1	
3	6706	1	
3	12852	1	
3	12865	1	
3	1092	1	
3	12880	3	
3	6741	1	
3	11361	1	
3	16998	1	
3	7785	1	
3	18689	1	
3	1648	1	
3	1653	1	
3	15994	1	
3	6787	1	
3	19589	1	
3	4230	1	
3	14017	1	
3	18056	1	
3	4240	1	
3	10897	1	
3	10900	1	
3	10473	1	
3	20080	1	
3	13986	1	
3	16044	1	
3	17074	1	
3	13493	1	
3	13969	1	
3	8892	1	
3	19133	2	
3	9918	1	
3	12481	2	
3	10436	1	
3	1733	1	
3	710	1	
3	12663	1	
3	13516	1	
3	16083	1	
3	5332	1	
3	11477	1	
3	4831	1	
3	12514	1	
3	8421	1	
3	5352	1	
3	15593	1	
3	7408	1	
3	18162	1	
3	17141	1	
3	14593	1	
3	12549	1	
3	20234	1	
3	17163	1	
3	1806	1	
3	3629	1	
3	274	1	
3	15491	1	
3	2327	1	
3	10532	1	
3	646	1	
3	5934	1	
3	7471	1	
3	6792	1	
3	8502	1	
3	21304	1	
3	20291	1	
3	14664	2	
3	21841	1	
3	347	1	
3	19808	1	
3	20834	1	
3	15717	1	
3	359	1	
3	5489	1	
3	9074	1	
3	20343	1	
3	5780	1	
3	21883	1	
3	14721	1	
3	21891	1	
3	1089	1	
3	8079	1	
3	15774	1	
3	13727	1	
3	18338	1	
3	4003	1	
3	4011	1	
3	6069	1	
3	9142	1	
3	12216	1	
3	16825	1	
3	7611	1	
3	22464	3	
3	11714	1	
3	13255	1	
3	12746	2	
3	4087	1	
3	13219	1	
3	8151	1	
3	10205	1	
3	15330	1	
3	3048	1	
3	493	1	
3	502	1	
3	14327	1	
3	2552	1	
4	4864	1	
4	19460	1	
4	6150	1	
4	14081	1	
4	1544	1	
4	16905	1	
4	12306	1	
4	13844	1	
4	19478	1	
4	11292	1	
4	18975	1	
4	1578	1	
4	11821	1	
4	15119	2	
4	16944	1	
4	13873	1	
4	1076	1	
4	3636	1	
4	16437	1	
4	19124	1	
4	8250	1	
4	11835	1	
4	8764	1	
4	9791	1	
4	17984	1	
4	1376	1	
4	1163	1	
4	15431	1	
4	15432	1	
4	1099	1	
4	5197	1	
4	12880	3	
4	12373	1	
4	9817	1	
4	603	1	
4	8797	1	
4	19551	1	
4	609	1	
4	18022	1	
4	15976	1	
4	10351	1	
4	19816	1	
4	15476	1	
4	10358	1	
4	6687	1	
4	19580	1	
4	14973	1	
4	18197	1	
4	5248	1	
4	1668	1	
4	14469	1	
4	17544	1	
4	14985	1	
4	1162	1	
4	13451	1	
4	13452	1	
4	20110	1	
4	1167	1	
4	10897	1	
4	6937	1	
4	16537	1	
4	13979	1	
4	11932	1	
4	17060	1	
4	11429	1	
4	13832	1	
4	10920	1	
4	9901	1	
4	12975	1	
4	4276	1	
4	3629	1	
4	12471	1	
4	22200	1	
4	3257	1	
4	20155	1	
4	8892	1	
4	19133	3	
4	10430	1	
4	13884	1	
4	14016	1	
4	22210	1	
4	19143	1	
4	4297	1	
4	7370	1	
4	15566	1	
4	11471	1	
4	8913	1	
4	5433	1	
4	11992	1	
4	10447	1	
4	8421	1	
4	12008	1	
4	1769	1	
4	4846	1	
4	15097	1	
4	13245	1	
4	18686	1	
4	14592	1	
4	7937	1	
4	10499	1	
4	14088	1	
4	18185	1	
4	3339	1	
4	4364	2	
4	6925	1	
4	5391	1	
4	22232	2	
4	2834	1	
4	15637	1	
4	1816	1	
4	13887	1	
4	7451	1	
4	797	1	
4	4382	1	
4	20255	1	
4	8193	1	
4	19238	1	
4	7463	1	
4	12585	1	
4	3975	1	
4	20269	1	
4	6446	1	
4	7471	1	
4	1844	1	
4	17206	1	
4	18569	1	
4	21305	3	
4	21818	1	
4	10043	1	
4	20284	1	
4	12426	1	
4	833	1	
4	6651	1	
4	20803	1	
4	14664	2	
4	7498	1	
4	6989	1	
4	17230	1	
4	12625	7	
4	7507	1	
4	20366	1	
4	9047	1	
4	6489	1	
4	18267	1	
4	22365	1	
4	7520	2	
4	9167	1	
4	7752	1	
4	5993	1	
4	1673	1	
4	20843	1	
4	364	1	
4	9069	3	
4	9074	1	
4	3958	1	
4	3961	1	
4	21883	1	
4	17280	1	
4	10816	1	
4	8579	1	
4	14725	1	
4	15751	1	
4	15754	1	
4	10636	1	
4	11662	1	
4	4496	1	
4	21905	1	
4	19347	1	
4	10644	1	
4	917	1	
4	12188	1	
4	17309	1	
4	7582	1	
4	17312	1	
4	1179	1	
4	16301	1	
4	21581	1	
4	20913	1	
4	1974	1	
4	7608	1	
4	4025	1	
4	6075	1	
4	3517	2	
4	22464	3	
4	19396	1	
4	10697	1	
4	4554	1	
4	13772	1	
4	8143	1	
4	13776	1	
4	5081	1	
4	14814	1	
4	10721	1	
4	13819	1	
4	13796	1	
4	12779	1	
4	8684	1	
4	16366	2	
4	10723	1	
4	11760	1	
4	7153	1	
4	12787	1	
4	3060	1	
4	4599	1	
4	13816	1	
4	11771	3	
4	15869	1	
5	6658	1	
5	22026	1	
5	7691	1	
5	12307	1	
5	533	1	
5	13851	1	
5	6172	1	
5	15903	1	
5	5666	1	
5	11815	1	
5	8745	1	
5	554	1	
5	13357	1	
5	14088	1	
5	3636	1	
5	12341	1	
5	17975	1	
5	13884	1	
5	19519	1	
5	5186	1	
5	12870	1	
5	1099	1	
5	11341	1	
5	8782	1	
5	4708	1	
5	5732	1	
5	13412	1	
5	21094	1	
5	20585	1	
5	10347	1	
5	13932	1	
5	14448	1	
5	360	1	
5	21618	1	
5	4723	1	
5	1141	1	
5	3177	1	
5	22136	1	
5	633	1	
5	11898	4	
5	6782	1	
5	18049	1	
5	21635	1	
5	21125	1	
5	17042	1	
5	10900	1	
5	3737	1	
5	19098	1	
5	6305	1	
5	17435	1	
5	17572	1	
5	10780	1	
5	11946	1	
5	6258	1	
5	15534	1	
5	6292	1	
5	17075	1	
5	11956	1	
5	21174	1	
5	15817	1	
5	3258	1	
5	15548	1	
5	19133	3	
5	8382	1	
5	17600	1	
5	12481	1	
5	12994	1	
5	7880	1	
5	6345	1	
5	20343	1	
5	13516	1	
5	14543	1	
5	9424	1	
5	22232	1	
5	10972	1	
5	638	1	
5	14046	1	
5	8927	1	
5	16608	1	
5	5840	1	
5	745	1	
5	22252	1	
5	5874	1	
5	2291	1	
5	8062	1	
5	1578	1	
5	19718	1	
5	6408	1	
5	17162	1	
5	3629	3	
5	7471	2	
5	8989	1	
5	11040	1	
5	803	1	
5	17700	1	
5	7217	1	
5	16169	1	
5	10034	1	
5	21295	1	
5	5425	2	
5	15666	1	
5	21305	2	
5	20794	1	
5	13117	1	
5	4418	1	
5	17223	1	
5	20813	1	
5	15184	1	
5	18769	1	
5	14677	1	
5	21847	1	
5	2394	1	
5	18267	1	
5	3935	1	
5	18784	1	
5	19811	1	
5	1381	1	
5	4456	1	
5	9069	3	
5	17267	1	
5	15735	1	
5	19833	1	
5	8570	1	
5	16252	1	
5	1918	1	
5	11135	1	
5	1408	1	
5	13697	1	
5	16260	1	
5	5698	1	
5	8079	1	
5	4496	3	
5	11667	1	
5	11672	1	
5	3492	1	
5	20468	1	
5	13229	1	
5	1454	1	
5	15288	1	
5	14836	1	
5	16828	1	
5	3517	1	
5	14783	1	
5	15808	1	
5	4038	1	
5	7111	1	
5	5577	1	
5	12746	1	
5	9687	1	
5	15322	1	
5	6115	1	
5	15441	1	
5	18932	1	
5	3065	1	
5	11771	1	
5	6652	1	
5	15357	1	
6	19712	1	
6	3203	1	
6	7686	1	
6	14088	1	
6	11692	1	
6	20234	1	
6	4364	1	
6	20418	1	
6	7823	1	
6	4496	1	
6	16972	1	
6	1944	1	
6	19731	1	
6	18197	1	
6	10904	1	
6	6554	1	
6	6511	1	
6	14492	1	
6	7578	1	
6	15903	1	
6	1569	1	
6	15266	1	
6	18851	1	
6	10758	1	
6	11815	1	
6	11953	1	
6	8539	1	
6	22188	1	
6	3629	1	
6	14703	1	
6	7471	1	
6	5424	2	
6	1841	1	
6	19378	1	
6	1844	1	
6	1590	1	
6	22601	1	
6	8500	1	
6	9146	1	
6	16702	1	
6	3061	1	
6	22464	1	
6	7618	1	
6	6083	1	
6	16502	1	
6	22086	1	
6	8929	1	
6	15432	1	
6	18505	1	
6	13514	1	
6	11851	1	
6	21295	1	
6	12880	3	
6	22232	1	
6	2387	1	
6	8532	1	
6	7095	1	
6	14038	1	
6	5433	1	
6	9816	1	
6	7223	1	
6	1371	1	
6	8668	1	
6	8749	1	
6	4831	1	
6	19553	1	
6	3984	1	
6	13411	1	
6	7399	1	
6	1074	1	
6	9831	1	
6	13932	1	
6	15215	1	
6	11760	1	
6	4593	1	
6	19124	1	
6	5877	1	
6	22369	1	
6	20343	1	
6	15864	1	
6	11771	3	
6	7628	1	
6	11135	1	
7	12288	1	
7	13316	1	
7	11276	1	
7	22032	1	
7	15534	1	
7	10264	1	
7	3106	1	
7	20519	1	
7	19804	1	
7	1578	1	
7	22571	1	
7	21552	1	
7	16434	1	
7	16051	1	
7	1076	1	
7	15420	1	
7	15935	1	
7	8264	1	
7	20554	1	
7	12878	1	
7	13905	1	
7	21586	3	
7	5203	1	
7	7765	1	
7	13398	1	
7	15455	1	
7	15459	1	
7	22120	1	
7	22124	1	
7	16496	1	
7	17016	1	
7	5764	1	
7	14469	1	
7	14985	1	
7	13963	1	
7	8557	1	
7	9873	1	
7	9884	1	
7	7326	1	
7	9887	1	
7	9892	1	
7	10920	1	
7	11719	1	
7	13486	1	
7	12979	1	
7	7348	1	
7	4278	1	
7	20155	1	
7	8892	2	
7	19133	1	
7	9425	1	
7	8927	1	
7	10464	1	
7	10467	2	
7	3300	1	
7	7915	1	
7	12013	1	
7	8943	1	
7	20722	1	
7	16628	1	
7	14592	1	
7	771	1	
7	18197	1	
7	7451	1	
7	18209	1	
7	4901	1	
7	13611	1	
7	21305	1	
7	18571	1	
7	12625	1	
7	9047	1	
7	740	1	
7	13658	1	
7	18267	1	
7	860	1	
7	22368	1	
7	4972	1	
7	9069	1	
7	3958	1	
7	7049	1	
7	5514	1	
7	17804	1	
7	11664	1	
7	12692	1	
7	7064	1	
7	15266	1	
7	9458	1	
7	14270	1	
7	11714	1	
7	18887	1	
7	11723	1	
7	6101	1	
7	21987	1	
7	8685	1	
7	10222	1	
7	13810	1	
7	1523	1	
7	16890	1	
8	12808	1	
8	4433	1	
8	17424	1	
8	17435	1	
8	7710	1	
8	19493	1	
8	10798	1	
8	9775	1	
8	7217	1	
8	1074	1	
8	573	1	
8	577	1	
8	19016	1	
8	13388	1	
8	15954	1	
8	13398	2	
8	10854	1	
8	21613	2	
8	18031	1	
8	20593	1	
8	8311	1	
8	11898	1	
8	5246	1	
8	17547	1	
8	12942	1	
8	21647	1	
8	12960	1	
8	20642	1	
8	4779	1	
8	9901	1	
8	19634	1	
8	15032	1	
8	19133	2	
8	9918	1	
8	4293	1	
8	17610	1	
8	3621	1	
8	11471	1	
8	20690	1	
8	10963	1	
8	15994	1	
8	4318	1	
8	7903	1	
8	14049	1	
8	1256	1	
8	5872	1	
8	12018	1	
8	22265	1	
8	11007	1	
8	14592	1	
8	8449	2	
8	4868	1	
8	3845	1	
8	17672	1	
8	21769	1	
8	20234	1	
8	3339	1	
8	4364	1	
8	15119	1	
8	3856	1	
8	10515	1	
8	19737	1	
8	1309	1	
8	5421	1	
8	7471	1	
8	21304	1	
8	21305	2	
8	8511	1	
8	12625	3	
8	9048	1	
8	6489	1	
8	4496	1	
8	7010	1	
8	12135	1	
8	360	1	
8	9069	1	
8	6002	1	
8	20851	1	
8	2932	1	
8	20343	1	
8	11134	1	
8	3468	1	
8	16272	1	
8	10129	1	
8	12183	1	
8	408	1	
8	20384	1	
8	20389	1	
8	22442	1	
8	14763	1	
8	15800	1	
8	15808	1	
8	4033	1	
8	15820	1	
8	21461	1	
8	10198	1	
8	15322	1	
8	5085	1	
8	10725	1	
8	13799	1	
8	7658	1	
8	21586	2	
8	16882	1	
8	12276	1	
9	9033	1	
9	22082	1	
