1	14592	1	
1	12673	1	
1	13445	1	
1	4230	1	
1	8449	1	
1	16778	1	
1	4364	1	
1	4496	1	
1	19347	1	
1	10644	1	
1	16430	1	
1	22551	1	
1	9241	1	
1	16775	1	
1	8988	1	
1	9887	1	
1	20384	2	
1	18978	1	
1	11428	1	
1	11434	1	
1	4139	1	
1	17068	1	
1	14509	1	
1	17070	1	
1	21295	1	
1	19016	1	
1	15666	1	
1	4019	1	
1	19124	1	
1	7880	2	
1	12342	1	
1	6969	1	
1	9247	1	
1	18108	1	
1	22589	1	
1	2243	1	
1	1733	1	
1	22344	1	
1	8521	1	
1	13388	1	
1	5840	1	
1	21586	1	
1	11603	1	
1	14677	1	
1	4438	1	
1	15575	2	
1	15448	1	
1	18267	2	
1	10205	1	
1	16272	1	
1	8804	1	
1	741	1	
1	1766	1	
1	5863	1	
1	6760	1	
1	8425	1	
1	18794	1	
1	18975	1	
1	3948	1	
1	7664	1	
1	4341	1	
1	13174	1	
1	18793	1	
1	17016	1	
1	4602	1	
1	22267	1	
2	11008	3	
2	1546	1	
2	22032	1	
2	11795	1	
2	19476	1	
2	4117	1	
2	16919	1	
2	4868	1	
2	9755	1	
2	20519	1	
2	1576	1	
2	4653	1	
2	4654	1	
2	18480	1	
2	18481	1	
2	1076	1	
2	4665	1	
2	19520	1	
2	19204	1	
2	12354	1	
2	3652	1	
2	11334	2	
2	11335	1	
2	6732	1	
2	10318	1	
2	10320	1	
2	13398	5	
2	5208	1	
2	7258	1	
2	783	1	
2	8797	1	
2	18528	1	
2	19553	1	
2	9831	1	
2	13418	2	
2	9839	1	
2	1136	1	
2	3702	2	
2	11394	1	
2	5764	1	
2	6790	1	
2	6791	1	
2	650	3	
2	6283	1	
2	1164	1	
2	5264	1	
2	13970	1	
2	19094	1	
2	1561	1	
2	14495	1	
2	16546	1	
2	16547	1	
2	166	1	
2	16543	1	
2	8878	1	
2	16049	2	
2	18108	3	
2	800	1	
2	4290	1	
2	12151	1	
2	13516	2	
2	11471	2	
2	6864	1	
2	14033	1	
2	17106	3	
2	19155	1	
2	18646	1	
2	10972	1	
2	7397	1	
2	7399	1	
2	12008	1	
2	8425	1	
2	11303	1	
2	2801	1	
2	18162	1	
2	15609	1	
2	11517	1	
2	14592	4	
2	8449	1	
2	16132	1	
2	2309	1	
2	17673	1	
2	3339	1	
2	15117	1	
2	15119	1	
2	2947	1	
2	4886	6	
2	2839	1	
2	7451	1	
2	18207	1	
2	4896	1	
2	15653	1	
2	1837	1	
2	14127	1	
2	7474	1	
2	821	1	
2	20794	1	
2	4414	2	
2	9033	1	
2	4432	1	
2	12625	2	
2	18267	2	
2	15709	1	
2	10469	1	
2	22369	1	
2	5993	1	
2	6511	1	
2	2416	1	
2	12147	1	
2	13174	1	
2	12663	1	
2	22551	1	
2	8570	1	
2	9600	1	
2	8579	1	
2	4493	1	
2	19349	1	
2	8607	1	
2	20384	2	
2	22442	4	
2	12716	1	
2	1467	1	
2	9167	3	
2	10705	1	
2	9684	1	
2	8156	1	
2	15838	1	
2	18911	1	
2	592	1	
2	14306	1	
2	8676	1	
2	14316	1	
2	12279	1	
2	12799	1	
3	1541	1	
3	10763	1	
3	22032	2	
3	14595	1	
3	12823	2	
3	12825	2	
3	22557	1	
3	1576	2	
3	2611	1	
3	12342	1	
3	20148	1	
3	14397	1	
3	4670	1	
3	3652	1	
3	1094	1	
3	15432	1	
3	5197	1	
3	21586	1	
3	18528	1	
3	10337	1	
3	19556	2	
3	14448	1	
3	1140	1	
3	17015	1	
3	14463	1	
3	18052	1	
3	4230	1	
3	6281	1	
3	4235	1	
3	19596	1	
3	9069	4	
3	10900	2	
3	19098	1	
3	13979	1	
3	17062	1	
3	683	1	
3	13488	1	
3	16049	1	
3	19124	1	
3	8892	1	
3	11969	1	
3	13507	1	
3	11975	1	
3	6263	1	
3	18645	1	
3	2273	1	
3	6889	2	
3	5867	1	
3	15600	1	
3	19715	1	
3	4868	1	
3	19208	1	
3	8989	1	
3	18209	2	
3	19238	1	
3	5928	1	
3	19764	1	
3	14985	1	
3	18911	1	
3	6464	1	
3	20298	1	
3	19276	1	
3	15698	1	
3	4438	1	
3	2394	1	
3	15709	1	
3	22372	1	
3	8550	1	
3	18796	1	
3	22418	1	
3	9072	2	
3	12151	1	
3	14827	1	
3	14725	1	
3	16777	1	
3	4493	1	
3	20882	2	
3	19347	1	
3	15774	1	
3	4000	1	
3	14753	1	
3	4005	1	
3	18357	2	
3	3529	1	
3	19920	1	
3	18853	1	
3	19939	1	
3	15845	1	
3	6630	1	
3	8683	1	
3	8180	1	
4	8449	1	
4	4482	1	
4	4867	1	
4	9831	1	
4	6791	1	
4	18185	1	
4	13650	1	
4	13537	2	
4	4364	1	
4	11790	1	
4	15119	1	
4	2706	1	
4	9347	3	
4	14475	1	
4	7062	1	
4	12695	1	
4	13789	1	
4	18128	1	
4	12446	1	
4	16543	1	
4	16544	1	
4	15651	1	
4	12325	1	
4	19238	2	
4	13255	1	
4	12588	1	
4	11843	1	
4	5934	1	
4	5935	1	
4	22064	1	
4	15432	1	
4	1074	1	
4	17331	1	
4	1076	1	
4	9269	1	
4	16695	1	
4	1336	1	
4	21305	1	
4	12602	1	
4	11708	1	
4	19133	1	
4	9278	1	
4	16831	1	
4	6464	1	
4	4000	1	
4	395	1	
4	1606	1	
4	18759	1	
4	22344	1	
4	4492	1	
4	12746	1	
4	3127	1	
4	588	1	
4	9807	1	
4	10320	1	
4	12498	3	
4	931	1	
4	3536	2	
4	1470	1	
4	15574	1	
4	9047	1	
4	18569	1	
4	6234	1	
4	20571	1	
4	22354	1	
4	10205	1	
4	18853	1	
4	19424	1	
4	10832	1	
4	17062	1	
4	7399	1	
4	21608	1	
4	8425	2	
4	18267	1	
4	20583	1	
4	9069	2	
4	3183	1	
4	5459	1	
4	17017	1	
4	1141	2	
4	10898	1	
4	18793	1	
4	3321	1	
4	4602	1	
4	14649	1	
5	12288	1	
5	8449	2	
5	4867	3	
5	5764	1	
5	4276	1	
5	9169	1	
5	16775	1	
5	16777	1	
5	17290	1	
5	7691	1	
5	4364	2	
5	14509	1	
5	18904	1	
5	22418	1	
5	515	1	
5	13589	1	
5	19350	1	
5	19607	1	
5	7683	1	
5	11931	2	
5	11600	1	
5	22557	1	
5	6687	1	
5	17185	1	
5	13730	1	
5	16035	1	
5	8764	1	
5	8232	1	
5	5929	1	
5	11693	1	
5	18222	1	
5	19059	1	
5	19124	1	
5	18185	1	
5	1769	1	
5	14016	1	
5	15903	1	
5	18108	1	
5	19133	1	
5	17013	1	
5	3520	1	
5	13129	1	
5	18114	1	
5	395	1	
5	22340	1	
5	6732	1	
5	16430	1	
5	12746	2	
5	5623	1	
5	9901	1	
5	13389	1	
5	3408	1	
5	12625	1	
5	6773	2	
5	9171	1	
5	11732	1	
5	5433	1	
5	14680	1	
5	5988	3	
5	602	1	
5	18267	2	
5	1466	1	
5	13025	2	
5	3943	1	
5	7396	1	
5	8421	1	
5	18022	1	
5	9831	1	
5	7400	1	
5	21097	1	
5	5863	1	
5	9069	1	
5	21613	1	
5	5232	1	
5	13937	1	
5	8467	1	
5	1141	1	
5	13174	1	
5	12151	1	
5	15869	1	
5	19349	1	
6	16897	1	
6	7683	3	
6	7684	2	
6	7686	1	
6	20494	2	
6	22032	1	
6	4116	1	
6	22551	1	
6	9244	1	
6	22557	2	
6	1576	1	
6	1578	1	
6	22571	1	
6	8236	1	
6	8238	1	
6	12342	1	
6	17463	1	
6	19514	1	
6	1375	1	
6	13887	1	
6	12354	1	
6	15432	1	
6	22601	1	
6	12876	1	
6	13389	1	
6	21583	1	
6	15441	1	
6	21586	1	
6	15971	2	
6	13398	1	
6	8797	1	
6	21601	1	
6	13411	1	
6	15976	1	
6	7785	1	
6	13418	2	
6	21103	1	
6	13428	1	
6	4218	1	
6	3201	1	
6	6787	1	
6	13445	2	
6	18571	1	
6	17554	1	
6	1174	1	
6	7319	1	
6	154	1	
6	164	1	
6	10407	1	
6	10920	1	
6	22188	2	
6	9901	1	
6	19124	1	
6	14016	1	
6	4290	1	
6	4818	1	
6	20695	1	
6	2265	1	
6	11482	1	
6	13532	1	
6	1266	1	
6	11007	1	
6	11008	1	
6	4868	1	
6	4823	1	
6	18191	1	
6	13077	1	
6	5400	1	
6	17696	1	
6	19238	1	
6	15664	1	
6	5433	1	
6	16190	1	
6	3638	1	
6	18769	1	
6	2387	1	
6	18267	2	
6	16223	1	
6	8166	1	
6	9069	1	
6	12147	1	
6	7546	1	
6	9600	1	
6	1922	2	
6	7049	1	
6	906	1	
6	22082	1	
6	7567	1	
6	4509	3	
6	13727	1	
6	22442	2	
6	4011	1	
6	11710	1	
6	22464	1	
6	8641	1	
6	9167	1	
6	10194	1	
6	9684	1	
6	9686	2	
6	9691	1	
6	7650	1	
6	18406	1	
6	16359	1	
6	4074	1	
6	14324	1	
6	5625	1	
6	5629	1	
6	5119	1	
7	16903	1	
7	7178	1	
7	22032	2	
7	20500	1	
7	10264	1	
7	9247	1	
7	1578	4	
7	3629	1	
7	1076	1	
7	9269	2	
7	12343	1	
7	3130	1	
7	13887	1	
7	13389	5	
7	12897	1	
7	15976	1	
7	7785	1	
7	18030	2	
7	21104	2	
7	21617	2	
7	2674	1	
7	10867	1	
7	13428	2	
7	6773	1	
7	6775	1	
7	632	1	
7	5246	1	
7	641	1	
7	13444	1	
7	13452	1	
7	7320	1	
7	154	3	
7	160	1	
7	164	3	
7	10407	1	
7	10408	1	
7	169	2	
7	9901	1	
7	12466	1	
7	13514	2	
7	10360	1	
7	17109	2	
7	2265	1	
7	21727	1	
7	740	1	
7	2278	1	
7	8425	3	
7	15096	2	
7	11517	1	
7	14592	1	
7	19718	1	
7	20234	2	
7	2828	1	
7	15119	1	
7	7952	1	
7	4895	1	
7	13090	1	
7	7463	1	
7	15660	1	
7	10545	1	
7	16695	1	
7	5433	2	
7	5437	1	
7	8518	1	
7	21841	1	
7	18772	1	
7	8043	1	
7	11708	1	
7	7055	1	
7	19349	1	
7	3992	1	
7	15769	1	
7	931	2	
7	9644	1	
7	12209	1	
7	1972	2	
7	15804	1	
7	12746	1	
7	9167	1	
7	9171	1	
7	14806	1	
7	7645	1	
7	20958	1	
7	7650	1	
7	16359	1	
7	14316	1	
7	15856	1	
7	4596	1	
7	5460	1	
8	21632	1	
8	7684	1	
8	172	2	
8	4364	1	
8	20494	1	
8	15890	1	
8	19476	1	
8	8238	3	
8	19478	1	
8	22551	4	
8	7960	1	
8	18841	1	
8	8988	2	
8	15903	1	
8	16544	1	
8	16804	1	
8	6694	1	
8	4263	1	
8	5841	1	
8	22571	1	
8	159	1	
8	9901	2	
8	16430	1	
8	16432	1	
8	13233	1	
8	16434	1	
8	5301	1	
8	7479	1	
8	5816	1	
8	11449	2	
8	1466	1	
8	15199	1	
8	15432	2	
8	10359	1	
8	592	1	
8	12625	1	
8	2899	2	
8	19285	1	
8	4438	1	
8	4058	2	
8	18267	1	
8	18911	1	
8	18528	1	
8	12624	1	
8	19622	1	
8	1895	1	
8	8043	1	
8	9069	2	
8	15214	1	
8	7408	1	
8	2578	1	
8	12799	1	
8	8187	2	
8	4607	1	
9	2944	1	
9	8193	1	
9	2947	1	
9	7684	1	
9	13445	1	
9	19718	1	
9	172	1	
9	3850	1	
9	15499	1	
9	4364	1	
9	7830	1	
9	9069	2	
9	20010	2	
9	13459	1	
9	7829	1	
9	2710	1	
9	22551	5	
9	13316	1	
9	20686	1	
9	22557	1	
9	15903	1	
9	16416	1	
9	14753	1	
9	18759	1	
9	16547	2	
9	16804	1	
9	20133	1	
9	14119	1	
9	17066	1	
9	3313	1	
9	2220	1	
9	8238	4	
9	7471	1	
9	5936	1	
9	8113	1	
9	19764	2	
9	5934	1	
9	12471	2	
9	6458	1	
9	11708	1	
9	19389	1	
9	13502	1	
9	15808	1	
9	21536	1	
9	17291	1	
9	12897	1	
9	15432	2	
9	17225	1	
9	3621	1	
9	14286	2	
9	6736	1	
9	13778	1	
9	2899	1	
9	170	1	
9	18005	1	
9	14682	1	
9	18267	1	
9	13532	1	
9	8797	1	
9	1758	1	
9	3758	1	
9	22368	1	
9	7888	1	
9	15459	1	
9	10470	1	
9	487	1	
9	20014	1	
9	10407	1	
9	364	1	
9	5997	1	
9	17313	1	
9	7408	2	
9	13937	1	
9	6002	1	
9	528	1	
9	11511	1	
9	18424	1	
9	19478	1	
9	22186	1	
10	12288	1	
10	8449	1	
10	15660	1	
10	2309	1	
10	20999	1	
10	14473	1	
10	17163	1	
10	4364	1	
10	6414	1	
10	12670	1	
10	7313	1	
10	18579	1	
10	20014	1	
10	1174	1	
10	22551	3	
10	13723	1	
10	12188	1	
10	22557	2	
10	16544	2	
10	8993	1	
10	16547	2	
10	16804	2	
10	4774	1	
10	7409	1	
10	169	2	
10	20010	4	
10	172	2	
10	9901	1	
10	16430	1	
10	2351	2	
10	8753	1	
10	20019	3	
10	19764	1	
10	5301	2	
10	8502	2	
10	5304	1	
10	15801	1	
10	17339	1	
10	11710	1	
10	19765	1	
10	16193	2	
10	3878	1	
10	17313	2	
10	14024	1	
10	17225	1	
10	12624	1	
10	21841	1	
10	13650	1	
10	11477	1	
10	1405	1	
10	4056	1	
10	14682	3	
10	16779	1	
10	8797	1	
10	19938	1	
10	17312	1	
10	10469	1	
10	8988	1	
10	13073	1	
10	1475	1	
10	3050	3	
10	8238	1	
10	17262	1	
10	10365	3	
10	3313	3	
10	10515	1	
10	10366	2	
10	170	2	
10	15869	1	
10	18686	2	
10	15871	1	
11	8449	1	
11	1922	2	
11	906	5	
11	4235	2	
11	4364	3	
11	14509	1	
11	22551	1	
11	4122	1	
11	18406	1	
11	7582	1	
11	8607	1	
11	18208	1	
11	18209	3	
11	18210	1	
11	16804	2	
11	169	4	
11	22571	1	
11	1069	1	
11	16430	1	
11	1711	1	
11	11444	1	
11	8502	1	
11	21305	1	
11	20155	2	
11	19133	1	
11	10434	1	
11	16197	1	
11	1991	1	
11	18505	1	
11	588	2	
11	12625	1	
11	9174	1	
11	2873	1	
11	1467	1	
11	13881	2	
11	4966	2	
11	9069	6	
11	8041	2	
11	18028	1	
11	21613	2	
11	1469	2	
11	9072	1	
11	1906	2	
11	12026	1	
11	13435	1	
12	12288	1	
12	8449	1	
12	14466	1	
12	8195	1	
12	12164	1	
12	19478	2	
12	1544	1	
12	14985	1	
12	906	2	
12	4823	1	
12	12354	1	
12	11791	1	
12	22032	1	
12	13841	1	
12	1170	1	
12	2179	1	
12	19476	1	
12	7702	2	
12	22551	1	
12	15199	1	
12	7579	1	
12	1565	1	
12	13445	1	
12	4000	1	
12	18209	2	
12	17062	1	
12	7782	1	
12	1578	1	
12	4012	2	
12	14509	1	
12	12189	1	
12	19124	1	
12	3629	1	
12	4639	1	
12	21305	3	
12	17339	1	
12	8892	1	
12	19133	3	
12	17337	1	
12	20384	1	
12	10434	1	
12	7397	1	
12	3652	4	
12	16953	1	
12	673	1	
12	6345	1	
12	20686	1	
12	8086	1	
12	2000	1	
12	14584	1	
12	4438	1	
12	5591	1	
12	4056	1	
12	1167	1	
12	4218	1	
12	21727	1	
12	21473	1	
12	6531	1	
12	4227	1	
12	17637	1	
12	18406	1	
12	15548	1	
12	19131	1	
12	9069	1	
12	18287	1	
12	9072	3	
12	15763	1	
12	1141	1	
12	8950	1	
12	15864	1	
12	5625	1	
12	8954	2	
12	13053	1	
12	18686	1	
13	8193	1	
13	4867	1	
13	21697	1	
13	15754	3	
13	17291	2	
13	20494	3	
13	9069	2	
13	22032	1	
13	18068	2	
13	3221	1	
13	22551	1	
13	13532	1	
13	11292	1	
13	1437	1	
13	15856	1	
13	18210	1	
13	19619	1	
13	15528	2	
13	632	1	
13	170	1	
13	172	1	
13	173	1	
13	16176	1	
13	7089	1	
13	19634	1	
13	20019	1	
13	15580	1	
13	21305	3	
13	14047	1	
13	19133	3	
13	7870	1	
13	1269	1	
13	16832	1	
13	8769	1	
13	10434	1	
13	22340	1	
13	4169	1	
13	2677	1	
13	2640	1	
13	12625	1	
13	21586	1	
13	14677	1	
13	6265	1	
13	1167	1	
13	10972	2	
13	21727	2	
13	5838	1	
13	4433	1	
13	15976	1	
13	988	1	
13	21613	1	
13	14290	1	
13	9072	1	
13	7409	1	
13	6770	1	
13	3060	1	
13	1141	1	
13	14584	1	
13	505	1	
13	12670	1	
13	16511	1	
14	12805	1	
14	526	1	
14	9901	1	
14	12816	1	
14	14509	1	
14	8878	1	
14	22551	1	
14	10264	1	
14	6404	1	
14	12317	1	
14	9733	1	
14	11816	1	
14	21036	1	
14	17463	1	
14	8766	1	
14	2113	1	
14	20547	1	
14	6732	1	
14	21586	2	
14	599	1	
14	13404	1	
14	21601	1	
14	22115	1	
14	15976	1	
14	19900	2	
14	18029	1	
14	3197	1	
14	5246	1	
14	22464	1	
14	18569	1	
14	1163	1	
14	5270	1	
14	19096	1	
14	20633	1	
14	21146	1	
14	16547	1	
14	18093	1	
14	13998	1	
14	21168	1	
14	8892	1	
14	15648	1	
14	3788	1	
14	2770	1	
14	17107	1	
14	19886	1	
14	12505	2	
14	9167	1	
14	12510	1	
14	20706	1	
14	6372	1	
14	20197	1	
14	742	1	
14	19175	1	
14	22252	1	
14	2289	1	
14	20094	1	
14	15616	1	
14	8449	1	
14	4868	1	
14	15621	1	
14	10625	1	
14	4884	1	
14	800	1	
14	19238	1	
14	15666	3	
14	13449	1	
14	10552	1	
14	12091	1	
14	19263	3	
14	4929	2	
14	4418	1	
14	4419	1	
14	3398	1	
14	12103	1	
14	10636	1	
14	17228	1	
14	10573	1	
14	13650	1	
14	9050	1	
14	15199	2	
14	4960	1	
14	22369	1	
14	10555	1	
14	19174	1	
14	8550	1	
14	8043	1	
14	20332	1	
14	5489	1	
14	3134	2	
14	12151	1	
14	12673	1	
14	5000	1	
14	11658	1	
14	10123	1	
14	17292	1	
14	909	1	
14	15512	2	
14	19348	1	
14	18841	1	
14	13723	1	
14	12189	1	
14	414	1	
14	2990	2	
14	4016	1	
14	7609	1	
14	11708	1	
14	4541	1	
14	15808	1	
14	19396	1	
14	12232	1	
14	20429	1	
14	6989	2	
14	14807	1	
14	12250	1	
14	7645	1	
14	19939	1	
14	7148	1	
14	18940	2	
14	18942	1	
15	12288	1	
15	11779	1	
15	13316	1	
15	21007	1	
15	15890	1	
15	13849	1	
15	9245	1	
15	6687	1	
15	21851	1	
15	21544	1	
15	16425	1	
15	3120	1	
15	5687	1	
15	8766	1	
15	12354	2	
15	18505	1	
15	6732	1	
15	21586	1	
15	4695	1	
15	13404	1	
15	10851	2	
15	7780	1	
15	18023	1	
15	10857	1	
15	15982	1	
15	19901	1	
15	19056	1	
15	4723	2	
15	19582	2	
15	21632	1	
15	6790	1	
15	15499	1	
15	7311	1	
15	20112	1	
15	14993	1	
15	15512	1	
15	11887	1	
15	16544	1	
15	16547	1	
15	21161	3	
15	4267	1	
15	14509	2	
15	22557	1	
15	19571	1	
15	19124	1	
15	10934	1	
15	14016	1	
15	16577	1	
15	1743	1	
15	18128	1	
15	7380	1	
15	4303	2	
15	16606	1	
15	4831	1	
15	14565	1	
15	17277	1	
15	5929	1	
15	22272	1	
15	14082	1	
15	4868	2	
15	20234	2	
15	3339	1	
15	4364	1	
15	17181	1	
15	17184	1	
15	16432	1	
15	15494	1	
15	16348	1	
15	10545	1	
15	17203	1	
15	4930	1	
15	17225	1	
15	17227	1	
15	6989	1	
15	4942	1	
15	909	1	
15	3408	1	
15	13650	1	
15	857	1	
15	8026	1	
15	18267	3	
15	20329	1	
15	8043	1	
15	19308	1	
15	9069	1	
15	5489	1	
15	11708	1	
15	1917	1	
15	17790	1	
15	12673	4	
15	9608	1	
15	17292	1	
15	4418	1	
15	22418	2	
15	22423	1	
15	15772	1	
15	4509	2	
15	15266	1	
15	22442	1	
15	2990	3	
15	2991	2	
15	20297	1	
15	4536	1	
15	19900	1	
15	21949	1	
15	16831	1	
15	22464	1	
15	9666	1	
15	5451	1	
15	16838	1	
15	13255	1	
15	14840	1	
15	5625	1	
15	7644	1	
15	6622	1	
15	18911	1	
15	21984	3	
15	7650	1	
15	19939	1	
15	13287	1	
15	7154	1	
15	4600	1	
15	4601	1	
15	8188	1	
16	12288	1	
16	5632	1	
16	15874	1	
16	10411	1	
16	16904	1	
16	7691	1	
16	14082	1	
16	2578	5	
16	6403	1	
16	19993	5	
16	4123	1	
16	18182	1	
16	20519	3	
16	4649	1	
16	4650	1	
16	22571	1	
16	1069	1	
16	1076	2	
16	18997	1	
16	22586	1	
16	7741	1	
16	19519	1	
16	21568	1	
16	7749	1	
16	22086	1	
16	588	2	
16	10318	1	
16	592	2	
16	21586	3	
16	598	1	
16	11449	1	
16	2136	1	
16	13404	1	
16	15971	1	
16	7782	1	
16	10857	1	
16	11892	1	
16	4725	2	
16	2173	1	
16	6787	2	
16	1669	1	
16	13958	1	
16	15495	1	
16	13452	1	
16	5000	1	
16	21142	1	
16	9241	1	
16	19096	1	
16	14489	1	
16	10410	1	
16	4267	1	
16	9388	1	
16	15534	1	
16	19126	1	
16	7865	1	
16	15035	1	
16	15037	1	
16	6773	1	
16	20343	1	
16	467	1	
16	14033	4	
16	14035	4	
16	6868	1	
16	15575	1	
16	12505	4	
16	4826	1	
16	12508	4	
16	12510	2	
16	4831	1	
16	7397	1	
16	19174	1	
16	3197	1	
16	9171	1	
16	4867	1	
16	3321	1	
16	12026	2	
16	22267	1	
16	18174	1	
16	15616	2	
16	8449	4	
16	2310	1	
16	8747	1	
16	4868	1	
16	15621	2	
16	19718	1	
16	19208	1	
16	13065	1	
16	20234	1	
16	17163	1	
16	4364	1	
16	18197	1	
16	7960	4	
16	7963	5	
16	7964	3	
16	7463	1	
16	5928	1	
16	18055	1	
16	19245	1	
16	19248	1	
16	16177	1	
16	19765	1	
16	15830	1	
16	12090	1	
16	10555	2	
16	16702	1	
16	6464	2	
16	9538	1	
16	4945	1	
16	5459	1	
16	11662	1	
16	1141	1	
16	12091	1	
16	8043	1	
16	9069	1	
16	8049	1	
16	12151	1	
16	8579	1	
16	14725	1	
16	19943	1	
16	22408	1	
16	395	1	
16	9100	1	
16	909	3	
16	910	5	
16	19350	1	
16	18841	1	
16	18842	1	
16	5019	1	
16	20384	1	
16	15266	2	
16	16804	2	
16	4166	1	
16	10154	1	
16	4016	1	
16	13249	1	
16	11714	1	
16	6732	1	
16	12746	1	
16	4823	2	
16	9167	2	
16	14288	1	
16	7635	1	
16	9686	2	
16	15609	1	
16	12760	1	
16	18393	1	
16	6619	1	
16	7646	1	
16	18911	1	
16	7650	1	
16	19939	3	
16	21841	1	
16	4078	1	
16	7666	1	
16	3060	1	
16	16373	1	
16	505	1	
16	4090	2	
17	8193	1	
17	13316	1	
17	20998	1	
17	1545	1	
17	7690	1	
17	22030	1	
17	14509	1	
17	16248	1	
17	19993	5	
17	22557	3	
17	6687	1	
17	8232	1	
17	12333	2	
17	12342	1	
17	19519	2	
17	20547	1	
17	7749	1	
17	6732	2	
17	592	1	
17	599	1	
17	8797	1	
17	18528	1	
17	3689	1	
17	4722	1	
17	10357	1	
17	14969	1	
17	14970	1	
17	12924	1	
17	13952	1	
17	22464	2	
17	18051	1	
17	13448	1	
17	11913	1	
17	13451	2	
17	13452	1	
17	13969	1	
17	10899	1	
17	22339	1	
17	162	2	
17	4263	1	
17	10408	1	
17	22188	1	
17	685	1	
17	15534	1	
17	12466	1	
17	19126	1	
17	22209	1	
17	13515	1	
17	13516	2	
17	7888	1	
17	20177	1	
17	5843	1	
17	7380	1	
17	22232	1	
17	11771	1	
17	19172	1	
17	12010	1	
17	22252	2	
17	5364	1	
17	4867	1	
17	4868	2	
17	15621	2	
17	897	1	
17	3339	1	
17	4364	1	
17	2179	1	
17	18197	1	
17	8988	1	
17	18205	1	
17	2846	1	
17	11555	1	
17	18215	2	
17	10552	3	
17	14649	1	
17	10555	2	
17	6464	1	
17	16193	1	
17	3395	3	
17	17227	1	
17	4941	1	
17	11600	1	
17	12625	1	
17	19939	2	
17	13113	1	
17	4442	1	
17	3943	1	
17	7016	1	
17	7018	1	
17	13459	1	
17	7544	1	
17	12670	1	
17	1408	1	
17	6017	1	
17	10975	2	
17	16775	1	
17	9608	1	
17	2442	1	
17	910	2	
17	4419	1	
17	22421	1	
17	12188	1	
17	20384	3	
17	11760	1	
17	18347	2	
17	2990	1	
17	17339	2	
17	17856	2	
17	15809	1	
17	5577	1	
17	6989	2	
17	16848	1	
17	15825	1	
17	9684	1	
17	18610	1	
17	6622	1	
17	18911	1	
17	21984	1	
17	19938	1	
17	22499	1	
17	10214	1	
17	21841	1	
17	3392	1	
17	505	1	
17	4090	1	
17	6651	1	
18	7680	2	
18	1920	1	
18	15874	1	
18	4868	4	
18	16931	1	
18	7688	1	
18	12076	1	
18	20234	1	
18	3723	1	
18	4364	1	
18	1922	1	
18	7567	1	
18	22032	1	
18	6801	1	
18	7826	1	
18	13459	1	
18	20142	1	
18	22551	2	
18	11672	2	
18	8892	1	
18	4506	1	
18	7451	2	
18	4122	1	
18	15903	2	
18	9889	1	
18	9608	1	
18	19619	1	
18	8753	1	
18	12288	1	
18	15660	2	
18	16430	1	
18	8989	1	
18	11714	2	
18	3633	1	
18	3251	1	
18	18569	1	
18	9071	1	
18	11449	1	
18	7867	1	
18	11708	3	
18	22464	2	
18	14145	1	
18	578	1	
18	1475	1	
18	8260	1	
18	19782	1	
18	16929	1	
18	15688	1	
18	13452	1	
18	11850	1	
18	6732	1	
18	7010	1	
18	20686	1	
18	3919	4	
18	8913	1	
18	21586	1	
18	15459	1	
18	6687	1	
18	6741	1	
18	4438	1	
18	15432	1	
18	602	1	
18	18267	1	
18	19939	1	
18	4509	1	
18	21727	1	
18	6368	1	
18	2914	1	
18	2915	2	
18	7780	1	
18	6375	6	
18	10300	1	
18	22418	1	
18	20719	1	
18	22557	1	
18	3060	1	
18	13558	1	
18	15863	1	
18	18005	1	
18	12153	1	
18	15227	1	
18	10876	1	
18	15869	1	
18	19208	1	
18	20095	1	
19	12288	1	
19	18562	1	
19	17067	1	
19	8198	1	
19	4617	1	
19	13452	1	
19	19598	1	
19	16911	1	
19	11992	1	
19	2834	1	
19	4122	1	
19	4635	1	
19	14492	1	
19	4509	1	
19	15774	1	
19	15903	1	
19	2464	1	
19	11632	1	
19	6790	1	
19	3633	1	
19	4647	1	
19	555	1	
19	15660	2	
19	173	1	
19	6685	1	
19	7345	1	
19	12343	1	
19	2234	1	
19	20155	1	
19	15548	1	
19	7869	1	
19	5950	1	
19	5951	1	
19	22464	2	
19	4000	1	
19	22082	1	
19	13255	2	
19	15688	1	
19	4364	1	
19	16695	1	
19	13389	1	
19	6736	1	
19	21586	2	
19	14435	1	
19	4438	1	
19	15448	1	
19	9948	1	
19	3293	1	
19	8421	1	
19	22369	1	
19	2915	3	
19	7013	1	
19	6375	1	
19	5993	1	
19	746	1	
19	1255	1	
19	20882	1	
19	19056	1	
19	625	1	
19	7155	1	
19	18164	1	
19	3134	2	
19	7670	1	
19	1639	1	
19	12925	1	
20	8320	2	
20	5867	2	
20	8326	1	
20	1545	1	
20	20429	1	
20	4364	1	
20	18062	1	
20	21264	1	
20	3089	1	
20	2834	1	
20	16788	1	
20	22551	3	
20	12825	1	
20	4122	3	
20	1947	1	
20	14682	3	
20	15774	1	
20	6687	1	
20	19619	1	
20	22437	1	
20	4647	2	
20	10280	1	
20	13532	1	
20	8238	1	
20	21807	1	
20	16434	1	
20	16435	1	
20	17332	1	
20	14985	1	
20	13969	1	
20	1466	2	
20	19900	2	
20	5694	1	
20	15681	1	
20	12354	1	
20	7120	1	
20	15432	1	
20	17484	3	
20	13516	1	
20	8397	1	
20	17485	1	
20	15184	1	
20	13905	2	
20	4509	1	
20	9432	1	
20	9305	1	
20	9434	1	
20	21851	1	
20	22364	1	
20	10407	2	
20	15185	1	
20	4831	1	
20	22113	2	
20	13026	3	
20	16431	1	
20	4326	1	
20	21841	1	
20	10731	1	
20	21586	1	
20	16367	1	
20	11827	1	
20	7667	1	
20	15791	1	
20	20343	1	
20	15864	1	
20	1556	1	
20	1275	3	
20	1788	1	
21	11841	1	
21	4873	1	
21	3084	1	
21	10263	2	
21	20891	1	
21	19747	1	
21	19748	1	
21	1990	1	
21	22188	1	
21	22062	1	
21	19124	3	
21	21305	1	
21	19133	1	
21	5695	1	
21	16832	1	
21	15681	1	
21	19907	3	
21	12870	3	
21	9697	2	
21	4168	2	
21	11083	1	
21	12110	3	
21	592	1	
21	21586	1	
21	17494	4	
21	2137	1	
21	14682	5	
21	9435	1	
21	9695	3	
21	22112	1	
21	22113	1	
21	7650	1	
21	7397	1	
21	19048	1	
21	3313	5	
21	6773	1	
21	10358	1	
21	11770	1	
22	13316	2	
22	4438	1	
22	15751	1	
22	14473	2	
22	22551	1	
22	909	1	
22	20494	2	
22	14992	1	
22	7960	1	
22	4639	1	
22	917	1	
22	12054	1	
22	15660	1	
22	10264	2	
22	7684	1	
22	6377	1	
22	20892	2	
22	4509	3	
22	15903	1	
22	10407	1	
22	2344	1	
22	8988	1	
22	12588	1	
22	19246	2	
22	20915	1	
22	15666	1	
22	20851	1	
22	19124	1	
22	9912	1	
22	7481	1	
22	16543	1	
22	13884	1	
22	19133	1	
22	11714	1	
22	19907	2	
22	12868	1	
22	12870	2	
22	12110	1	
22	21841	1	
22	17490	1	
22	17494	3	
22	12345	1	
22	12505	1	
22	14682	1	
22	1758	1	
22	9695	1	
22	15976	1	
22	2025	1	
22	15850	1	
22	8043	2	
22	9072	1	
22	15218	1	
22	21619	1	
22	6644	1	
22	12151	1	
22	4602	1	
22	1275	1	
22	4377	1	
23	4612	1	
23	4617	1	
23	22551	1	
23	1049	1	
23	22557	1	
23	13854	1	
23	11810	2	
23	12325	3	
23	16430	1	
23	16431	1	
23	8753	1	
23	1076	1	
23	1591	1	
23	13884	3	
23	3134	1	
23	12360	1	
23	15434	1	
23	21586	1	
23	19901	1	
23	14448	2	
23	1141	1	
23	10358	1	
23	15994	1	
23	5759	1	
23	2179	1	
23	13445	2	
23	646	1	
23	1165	1	
23	16035	2	
23	10408	1	
23	17067	1	
23	20142	1	
23	9245	1	
23	16926	3	
23	12471	2	
23	8401	1	
23	4818	1	
23	10972	1	
23	19460	2	
23	4831	1	
23	3313	1	
23	4509	1	
23	775	1	
23	17163	1	
23	4364	3	
23	18191	1	
23	7451	1	
23	21727	1	
23	16190	1	
23	16193	1	
23	8518	1	
23	5450	2	
23	4432	1	
23	21841	1	
23	13650	1	
23	14682	1	
23	2915	1	
23	8040	1	
23	8043	1	
23	9069	1	
23	15218	3	
23	12151	1	
23	12665	1	
23	14721	1	
23	1924	1	
23	907	1	
23	17807	1	
23	14743	1	
23	18841	1	
23	12189	1	
23	931	2	
23	18852	1	
23	18853	1	
23	15279	1	
23	15281	1	
23	17339	1	
23	11850	1	
23	7614	1	
23	13767	1	
23	11813	1	
23	11726	1	
23	6622	1	
23	19424	2	
23	7650	1	
23	15849	1	
23	15856	1	
23	15528	1	
23	16373	1	
23	5623	1	
23	15869	1	
24	4617	1	
24	3084	1	
24	20500	1	
24	22551	2	
24	12825	1	
24	6687	1	
24	12325	2	
24	3626	1	
24	7219	1	
24	3636	1	
24	17464	1	
24	12345	1	
24	3130	1	
24	13884	1	
24	12870	3	
24	13388	1	
24	10318	1	
24	595	1	
24	14932	1	
24	7782	1	
24	21617	1	
24	1140	2	
24	1141	1	
24	633	1	
24	5246	1	
24	13958	1	
24	13961	1	
24	14987	2	
24	7830	1	
24	7321	1	
24	8347	1	
24	14496	1	
24	8357	1	
24	13937	1	
24	10408	1	
24	20649	2	
24	14509	1	
24	3758	1	
24	11953	1	
24	12466	1	
24	15548	1	
24	19133	1	
24	11980	1	
24	1744	2	
24	7400	1	
24	5867	1	
24	13549	2	
24	3321	1	
24	12026	1	
24	1275	1	
24	14081	1	
24	4867	1	
24	18191	2	
24	793	1	
24	4381	1	
24	15666	1	
24	10206	1	
24	16695	1	
24	13963	1	
24	22340	1	
24	4433	1	
24	15187	1	
24	14682	2	
24	16223	1	
24	2914	1	
24	7527	1	
24	8043	1	
24	9069	3	
24	5489	1	
24	15218	1	
24	10105	1	
24	8585	1	
24	3991	1	
24	3992	3	
24	18841	1	
24	4509	1	
24	15774	1	
24	931	2	
24	18853	1	
24	943	1	
24	944	1	
24	1972	3	
24	949	2	
24	19900	1	
24	16838	1	
24	5069	1	
24	4049	1	
24	10205	1	
24	6622	1	
24	13287	1	
24	15528	1	
24	5623	2	
24	10263	1	
24	7764	1	
24	17403	1	
24	5119	1	
25	588	1	
25	6785	1	
25	6786	1	
25	4868	2	
25	16124	1	
25	18182	1	
25	15903	1	
25	18540	1	
25	21264	1	
25	4364	1	
25	14082	1	
25	12816	2	
25	20114	1	
25	7451	1	
25	18948	1	
25	15817	1	
25	7323	1	
25	7666	1	
25	11909	1	
25	19056	1	
25	1827	2	
25	11850	1	
25	646	1	
25	2064	1	
25	4263	1	
25	2407	2	
25	20649	3	
25	22442	1	
25	22571	1	
25	22188	2	
25	9901	1	
25	14895	1	
25	20915	1	
25	12212	1	
25	1763	1	
25	18185	1	
25	21945	1	
25	18362	1	
25	9503	1	
25	19900	1	
25	3517	1	
25	16190	1	
25	7103	1	
25	22464	1	
25	16193	2	
25	19907	1	
25	13769	1	
25	13514	3	
25	17227	1	
25	13516	1	
25	19405	2	
25	8655	3	
25	20560	2	
25	9169	1	
25	9170	1	
25	16547	1	
25	10837	1	
25	18518	1	
25	9047	1	
25	13273	1	
25	10972	1	
25	8797	1	
25	5726	1	
25	22032	1	
25	15971	1	
25	6372	1	
25	18022	1	
25	1766	1	
25	22119	1	
25	7016	1	
25	8188	2	
25	7463	1	
25	22252	1	
25	4818	1	
25	4464	2	
25	4465	1	
25	12018	3	
25	18420	1	
25	17790	1	
25	15864	1	
25	16121	1	
25	17788	1	
25	3197	1	
25	4606	1	
26	12288	2	
26	13316	1	
26	22542	1	
26	2578	1	
26	22551	1	
26	19480	1	
26	7684	1	
26	15903	1	
26	10280	1	
26	8238	1	
26	7219	1	
26	12852	1	
26	8758	1	
26	10300	1	
26	8765	1	
26	13891	1	
26	15457	1	
26	8779	1	
26	588	1	
26	21586	1	
26	19553	1	
26	11887	1	
26	13937	1	
26	11710	1	
26	2166	1	
26	18793	1	
26	633	1	
26	20604	1	
26	13959	1	
26	12938	2	
26	13451	1	
26	1167	1	
26	10385	1	
26	15522	1	
26	16547	1	
26	168	1	
26	10410	1	
26	22188	1	
26	16054	1	
26	12471	1	
26	5816	1	
26	15548	1	
26	1141	2	
26	12495	2	
26	10972	1	
26	14049	1	
26	7397	1	
26	7408	1	
26	19186	1	
26	4509	1	
26	12026	3	
26	4364	1	
26	14800	1	
26	21782	1	
26	8989	1	
26	17184	1	
26	9351	2	
26	19244	1	
26	1844	1	
26	1076	1	
26	12604	3	
26	20384	1	
26	12103	1	
26	9043	1	
26	4438	3	
26	2914	1	
26	5993	1	
26	8556	1	
26	9069	2	
26	3954	1	
26	12151	1	
26	5503	1	
26	1922	1	
26	11156	1	
26	917	1	
26	13723	1	
26	12189	1	
26	4000	3	
26	16804	1	
26	4011	1	
26	21932	1	
26	15279	1	
26	18363	2	
26	12734	2	
26	17343	1	
26	7584	1	
26	1475	2	
26	14288	1	
26	7637	1	
26	4056	1	
26	17369	1	
26	12770	2	
26	16366	1	
26	11760	1	
26	5625	1	
27	4267	1	
27	10758	1	
27	4617	5	
27	20494	1	
27	2578	1	
27	22551	1	
27	12325	2	
27	8749	1	
27	1074	2	
27	12354	1	
27	20547	1	
27	8260	1	
27	15432	1	
27	13388	1	
27	10320	1	
27	16981	1	
27	15119	1	
27	604	1	
27	15971	1	
27	15976	2	
27	18028	1	
27	15982	1	
27	13428	1	
27	1141	1	
27	4729	1	
27	11898	1	
27	18052	1	
27	14469	1	
27	6790	1	
27	5768	1	
27	20633	1	
27	168	1	
27	20649	1	
27	683	2	
27	17069	1	
27	8892	2	
27	19133	1	
27	21699	1	
27	13516	1	
27	12495	3	
27	5840	1	
27	10964	1	
27	2000	1	
27	1765	2	
27	5863	3	
27	18154	1	
27	7765	1	
27	1275	1	
27	8449	1	
27	774	1	
27	17163	1	
27	15117	1	
27	18191	1	
27	21782	2	
27	13445	1	
27	3366	2	
27	12076	1	
27	21305	1	
27	19782	1	
27	17225	1	
27	12625	1	
27	14682	1	
27	4453	1	
27	3943	1	
27	874	1	
27	876	1	
27	9071	1	
27	8568	1	
27	15227	2	
27	17789	1	
27	22421	1	
27	18818	1	
27	14725	1	
27	1415	1	
27	14741	1	
27	3991	1	
27	22429	1	
27	4012	1	
27	4509	1	
27	17331	1	
27	18363	1	
27	22464	1	
27	588	4	
27	1998	1	
27	9167	1	
27	13776	1	
27	7644	1	
27	12770	3	
27	10219	1	
27	10221	1	
27	20466	1	
27	15869	1	
27	18005	2	
28	5760	1	
28	8768	1	
28	2179	1	
28	19460	1	
28	9221	1	
28	19718	1	
28	2113	2	
28	15903	1	
28	1546	1	
28	14807	1	
28	4364	1	
28	17339	1	
28	12816	1	
28	13969	1	
28	9234	2	
28	18579	1	
28	12821	1	
28	1048	1	
28	4868	1	
28	6377	1	
28	12189	1	
28	7455	1	
28	4624	1	
28	4208	1	
28	3363	2	
28	10972	1	
28	4647	1	
28	909	1	
28	4649	1	
28	13244	1	
28	9901	1	
28	16049	1	
28	10857	1	
28	12471	2	
28	17211	1	
28	2108	4	
28	8778	1	
28	12503	1	
28	22464	2	
28	22368	1	
28	1526	2	
28	4038	1	
28	9247	1	
28	20298	1	
28	13516	1	
28	15438	1	
28	10219	1	
28	4432	1	
28	15185	1	
28	21586	2	
28	5667	2	
28	17212	1	
28	12110	1	
28	15575	1	
28	22232	2	
28	5209	1	
28	7644	1	
28	4960	3	
28	22369	1	
28	20706	1	
28	13411	1	
28	18022	1	
28	19900	1	
28	19050	1	
28	5867	1	
28	5489	1	
28	11760	1	
28	13937	1	
28	7893	2	
28	1141	1	
28	2166	1	
28	20343	1	
28	19397	1	
28	18175	1	
29	16901	1	
29	11398	1	
29	19464	1	
29	746	1	
29	4364	1	
29	6927	1	
29	13891	1	
29	11156	1	
29	3992	1	
29	14748	1	
29	15774	1	
29	17184	1	
29	4000	1	
29	9122	1	
29	19493	1	
29	17229	1	
29	4647	1	
29	16682	1	
29	4267	1	
29	9901	1	
29	12852	1	
29	16819	1	
29	19124	2	
29	2745	1	
29	19900	1	
29	19774	1	
29	20927	1	
29	22464	1	
29	2113	4	
29	4941	1	
29	7109	1	
29	8012	1	
29	13389	4	
29	12110	1	
29	9167	1	
29	15441	1	
29	22355	1	
29	22368	1	
29	4960	1	
29	1459	1	
29	13412	1	
29	16998	1	
29	10470	1	
29	3175	1	
29	2108	2	
29	12010	1	
29	8043	1	
29	22125	1	
29	3438	2	
29	4084	1	
29	12734	1	
29	3318	1	
29	10857	1	
29	8568	1	
29	17066	1	
30	5760	2	
30	12288	1	
30	13596	1	
30	7046	1	
30	16193	1	
30	15752	1	
30	7049	1	
30	3344	1	
30	3339	1	
30	1420	1	
30	21646	2	
30	9901	1	
30	7952	1	
30	3217	1	
30	19907	1	
30	3220	2	
30	22421	1	
30	14870	1	
30	13887	1	
30	17435	1	
30	9244	1	
30	8989	1	
30	11398	1	
30	17183	2	
30	4000	4	
30	15266	5	
30	4003	1	
30	16710	1	
30	11049	1	
30	12716	1	
30	8749	1	
30	15648	1	
30	16434	1	
30	6835	1	
30	4276	1	
30	6834	1	
30	1844	1	
30	10555	1	
30	1076	1	
30	13219	1	
30	831	1	
30	22464	2	
30	16705	2	
30	13891	1	
30	11461	1	
30	4166	1	
30	8906	1	
30	4663	1	
30	588	1	
30	10701	1	
30	11086	1	
30	20303	1	
30	3408	2	
30	12625	1	
30	21586	2	
30	19939	1	
30	16981	1	
30	11193	1	
30	12815	1	
30	6372	1	
30	14682	1	
30	3023	1	
30	4005	1	
30	10206	1	
30	4831	1	
30	7777	1	
30	20384	2	
30	13412	1	
30	7527	1	
30	5864	1	
30	8043	2	
30	6026	1	
30	19133	5	
30	2416	1	
30	3313	1	
30	17107	1	
30	6773	1	
30	22262	1	
30	4087	1	
30	592	2	
30	6651	2	
30	1917	1	
30	1918	2	
31	12288	1	
31	4868	1	
31	6790	1	
31	1415	2	
31	18185	1	
31	15117	1	
31	857	1	
31	12815	1	
31	21652	1	
31	19694	1	
31	14743	1	
31	14488	1	
31	5785	1	
31	3419	1	
31	7323	1	
31	18077	1	
31	15903	1	
31	4000	2	
31	4003	3	
31	2596	1	
31	16936	1	
31	5929	1	
31	17068	1	
31	16430	1	
31	797	1	
31	10800	1	
31	15281	1	
31	3130	1	
31	8892	1	
31	20111	1	
31	1824	1	
31	4419	1	
31	8260	1	
31	18373	1	
31	15432	3	
31	17225	1	
31	22252	1	
31	13389	1	
31	19154	1	
31	7892	1	
31	14677	1	
31	5207	1	
31	22616	1	
31	22617	1	
31	18267	1	
31	21730	2	
31	18917	1	
31	19900	2	
31	16106	3	
31	18924	1	
31	5870	1	
31	11760	1	
31	16680	1	
31	373	1	
31	5481	1	
31	13304	1	
31	4092	1	
31	15869	1	
31	20095	1	
32	5760	1	
32	16832	1	
32	14082	1	
32	2307	1	
32	13961	1	
32	13452	1	
32	909	2	
32	14488	1	
32	11156	1	
32	15000	2	
32	6809	1	
32	7964	1	
32	20125	1	
32	15903	2	
32	20384	1	
32	17313	1	
32	15266	1	
32	7537	1	
32	3484	1	
32	4267	1	
32	8749	1	
32	2990	1	
32	2351	1	
32	20971	1	
32	16049	1	
32	12466	1	
32	10365	1	
32	21687	1	
32	21305	1	
32	17823	1	
32	19133	1	
32	19902	1	
32	22464	1	
32	15432	1	
32	8012	1	
32	744	1	
32	3992	1	
32	15971	1	
32	7380	1	
32	4831	2	
32	17890	1	
32	10555	1	
32	1766	1	
32	18023	1	
32	3487	1	
32	6122	1	
32	5867	1	
32	18028	1	
32	9069	1	
32	1410	1	
32	11887	1	
32	21617	1	
32	21619	1	
32	7697	1	
32	12350	1	
32	12663	1	
32	6265	1	
32	15615	1	
32	13821	1	
32	5375	1	
33	4610	2	
33	19460	1	
33	15621	1	
33	15681	2	
33	1918	1	
33	4617	6	
33	17290	1	
33	11787	1	
33	4364	3	
33	909	1	
33	12625	1	
33	12461	1	
33	18832	1	
33	14488	1	
33	22418	1	
33	5267	1	
33	4884	1	
33	7830	1	
33	15000	2	
33	6809	1	
33	16175	1	
33	3484	1	
33	3992	1	
33	13445	1	
33	21536	1	
33	18209	1	
33	11810	1	
33	4123	1	
33	13316	1	
33	13477	1	
33	13474	1	
33	17706	1	
33	17067	1	
33	15666	2	
33	16430	1	
33	5935	1	
33	14119	1	
33	16049	1	
33	7218	1	
33	6835	1	
33	7220	1	
33	19253	1	
33	8502	1	
33	19896	1	
33	11193	1	
33	7867	1	
33	8892	1	
33	19776	1	
33	4000	1	
33	3395	1	
33	9398	1	
33	20038	1	
33	8903	1	
33	12360	1	
33	1460	1	
33	5196	1	
33	15266	2	
33	4941	1	
33	8771	1	
33	17105	1	
33	21586	2	
33	10707	1	
33	2702	1	
33	10199	1	
33	18818	1	
33	17790	1	
33	18911	2	
33	17069	1	
33	13412	1	
33	1765	1	
33	16998	1	
33	11153	1	
33	15976	1	
33	10985	1	
33	2279	1	
33	22252	1	
33	9069	2	
33	626	1	
33	4115	1	
33	14509	1	
33	19595	1	
33	10365	1	
33	13566	1	
33	18005	1	
34	19460	2	
34	13445	1	
34	17162	3	
34	13451	1	
34	13452	1	
34	15119	1	
34	8857	2	
34	22426	1	
34	11291	1	
34	17331	2	
34	9758	1	
34	14751	1	
34	14752	2	
34	19803	1	
34	11684	1	
34	7055	1	
34	2224	1	
34	435	2	
34	16054	1	
34	15903	2	
34	19900	1	
34	6461	1	
34	4128	1	
34	2243	1	
34	14148	1	
34	8262	1	
34	4423	4	
34	13389	2	
34	20303	1	
34	21586	1	
34	13907	3	
34	4441	1	
34	9167	1	
34	8797	1	
34	10206	1	
34	15199	1	
34	7236	1	
34	15971	1	
34	21608	1	
34	5993	1	
34	5867	1	
34	9069	2	
34	11760	1	
34	14969	1	
35	648	1	
35	18185	2	
35	7690	1	
35	10510	1	
35	5997	2	
35	21264	1	
35	742	1	
35	10644	1	
35	2846	1	
35	15903	1	
35	17184	1	
35	6307	1	
35	19505	1	
35	15660	1	
35	15279	1	
35	18736	2	
35	9777	1	
35	12471	1	
35	4511	1	
35	21692	1	
35	19133	1	
35	14016	1	
35	17093	1	
35	9543	1	
35	3528	1	
35	15820	1	
35	6989	1	
35	12110	1	
35	18128	1	
35	21076	1	
35	14677	1	
35	4310	1	
35	599	1	
35	15322	1	
35	15119	1	
35	16481	1	
35	2914	1	
35	18022	1	
35	7782	1	
35	6760	1	
35	1852	1	
35	15210	1	
35	8043	3	
35	9069	2	
35	22385	1	
35	1141	1	
35	12816	1	
35	15863	1	
35	13937	1	
35	20095	1	
36	14081	1	
36	7686	1	
36	1415	2	
36	1163	2	
36	4290	1	
36	11662	1	
36	11791	1	
36	13969	1	
36	2835	1	
36	16481	1	
36	10052	1	
36	5927	1	
36	1744	1	
36	4639	1	
36	10763	1	
36	4385	1	
36	9895	1	
36	6345	1	
36	4012	2	
36	9901	1	
36	21841	1	
36	19247	1	
36	16432	1	
36	15432	1	
36	1076	1	
36	18505	1	
36	9887	1	
36	13244	2	
36	21949	2	
36	7614	1	
36	12735	1	
36	5232	1	
36	12354	1	
36	13891	1	
36	3524	1	
36	4038	1	
36	9543	1	
36	7880	1	
36	15820	1	
36	6761	1	
36	4433	1	
36	13388	3	
36	11726	1	
36	15117	1	
36	10832	1	
36	14033	1	
36	15314	1	
36	18004	1	
36	10973	1	
36	857	2	
36	1754	1	
36	1743	1	
36	22266	3	
36	10206	2	
36	11153	1	
36	3408	1	
36	7778	1	
36	2407	1	
36	17015	1	
36	22245	1	
36	4291	1	
36	9069	2	
36	17163	1	
36	8425	1	
36	10218	1	
36	8043	3	
36	21586	1	
36	15982	1	
36	11632	1	
36	6760	1	
36	4723	3	
36	3060	1	
36	4725	1	
36	16374	1	
36	10985	2	
36	377	1	
36	8570	1	
36	18005	1	
37	6153	2	
37	14870	1	
37	15903	4	
37	2596	1	
37	14895	1	
37	8753	1	
37	20018	1	
37	1076	1	
37	8767	1	
37	12897	1	
37	19016	1	
37	13388	1	
37	21586	3	
37	19553	1	
37	6760	2	
37	6761	1	
37	21613	1	
37	4725	1	
37	2166	1	
37	633	2	
37	15497	1	
37	13453	1	
37	6809	1	
37	7537	1	
37	19124	2	
37	4639	1	
37	14016	1	
37	17093	1	
37	7880	1	
37	13516	1	
37	14033	2	
37	14037	1	
37	1751	1	
37	10973	1	
37	14800	1	
37	740	1	
37	742	1	
37	7400	1	
37	22252	1	
37	4990	1	
37	2944	1	
37	19718	1	
37	18185	2	
37	18191	1	
37	17184	1	
37	4899	1	
37	16434	2	
37	21312	1	
37	9543	5	
37	6989	1	
37	12110	2	
37	4432	1	
37	12625	1	
37	14677	1	
37	4440	1	
37	857	1	
37	17763	1	
37	8043	2	
37	9069	1	
37	22385	1	
37	13174	1	
37	6011	1	
37	1918	1	
37	1408	1	
37	12673	1	
37	16774	1	
37	15751	1	
37	9608	1	
37	2955	1	
37	22418	1	
37	18841	1	
37	21914	1	
37	1466	2	
37	4545	1	
37	8062	1	
37	13255	1	
37	3528	1	
37	6732	1	
37	15820	1	
37	13776	1	
37	12757	1	
37	17892	1	
37	15849	1	
37	10220	1	
37	6125	1	
37	15865	1	
38	7680	1	
38	1280	1	
38	7694	1	
38	14870	1	
38	4636	1	
38	22557	1	
38	15903	3	
38	11815	1	
38	20525	2	
38	16430	1	
38	14897	1	
38	1076	1	
38	18185	2	
38	8766	1	
38	8771	4	
38	4167	1	
38	588	2	
38	591	1	
38	15203	1	
38	8797	1	
38	18016	1	
38	15971	1	
38	22119	1	
38	10861	1	
38	21617	1	
38	2164	1	
38	632	1	
38	4217	1	
38	5759	1	
38	6788	1	
38	15497	1	
38	3220	1	
38	14488	1	
38	14509	1	
38	19124	2	
38	12471	1	
38	15546	1	
38	19133	4	
38	4729	2	
38	14033	5	
38	1749	1	
38	15575	1	
38	4313	1	
38	10972	1	
38	17630	2	
38	5864	1	
38	12010	1	
38	5867	1	
38	21228	1	
38	20717	1	
38	2289	1	
38	5885	1	
38	4864	1	
38	4873	4	
38	4364	2	
38	7952	1	
38	4884	1	
38	14725	1	
38	8992	1	
38	14118	1	
38	4647	2	
38	15660	1	
38	12592	1	
38	15666	1	
38	21303	5	
38	21305	2	
38	21310	1	
38	3398	1	
38	9543	4	
38	12110	4	
38	4432	1	
38	857	1	
38	2914	1	
38	17763	1	
38	5994	1	
38	8043	3	
38	9069	1	
38	11632	1	
38	8568	1	
38	12673	1	
38	1410	1	
38	2949	2	
38	22252	1	
38	22426	1	
38	18332	2	
38	13733	2	
38	15276	1	
38	1460	1	
38	7614	1	
38	4544	1	
38	4038	2	
38	3528	3	
38	5577	1	
38	4087	1	
38	7118	1	
38	14473	1	
38	9691	1	
38	13288	1	
38	13289	1	
38	5623	1	
38	4602	1	
39	15574	1	
39	11819	1	
39	16771	1	
39	19588	1	
39	2949	1	
39	647	1	
39	18952	1	
39	1673	1	
39	17290	1	
39	13452	1	
39	12354	1	
39	15119	1	
39	5264	1	
39	22418	1	
39	13459	2	
39	1044	1	
39	4267	2	
39	10265	1	
39	21617	1	
39	7471	1	
39	9244	1	
39	8989	1	
39	17216	1	
39	3760	1	
39	1919	1	
39	18267	1	
39	22181	1	
39	16806	1	
39	4263	1	
39	16936	1	
39	1578	1	
39	683	1	
39	18841	1	
39	13389	3	
39	3631	1	
39	14640	1	
39	22450	1	
39	15543	3	
39	15545	1	
39	15546	2	
39	10300	2	
39	7485	1	
39	6079	1	
39	14016	1	
39	5186	1	
39	19907	2	
39	2245	1	
39	18205	1	
39	15432	1	
39	8521	1	
39	10103	2	
39	13516	2	
39	10701	1	
39	16462	1	
39	11471	2	
39	14800	1	
39	15569	2	
39	15459	2	
39	598	1	
39	15403	1	
39	12815	1	
39	13723	1	
39	1466	1	
39	8421	1	
39	2146	1	
39	6651	1	
39	14180	1	
39	7397	1	
39	14439	2	
39	10857	3	
39	5994	1	
39	8043	4	
39	622	1	
39	21104	1	
39	10225	1	
39	10102	1	
39	5623	2	
39	4509	1	
39	14713	1	
39	4986	1	
39	19900	1	
39	20604	1	
39	15850	1	
39	12010	1	
39	20095	2	
40	8193	1	
40	7683	1	
40	19460	1	
40	6155	2	
40	12815	2	
40	22032	4	
40	5636	1	
40	10330	1	
40	1067	1	
40	16430	1	
40	8753	1	
40	14900	1	
40	12342	1	
40	8253	1	
40	13887	1	
40	6496	1	
40	12354	1	
40	15432	1	
40	11850	1	
40	13389	2	
40	10318	1	
40	7258	1	
40	20571	1	
40	7777	1	
40	3171	1	
40	18022	2	
40	9831	1	
40	9832	1	
40	4719	1	
40	9865	1	
40	632	2	
40	3705	1	
40	2173	1	
40	13951	1	
40	13440	1	
40	2179	1	
40	5764	1	
40	14985	1	
40	9867	1	
40	13452	1	
40	13981	1	
40	11935	1	
40	12656	1	
40	7451	1	
40	15532	1	
40	15534	1	
40	11293	1	
40	15540	1	
40	185	1	
40	2243	1	
40	13516	1	
40	22223	1	
40	6864	1	
40	16083	2	
40	20692	1	
40	633	1	
40	4831	2	
40	14049	1	
40	9444	1	
40	8421	1	
40	7399	1	
40	1269	1	
40	22262	2	
40	15609	1	
40	2812	1	
40	4868	1	
40	2309	1	
40	18185	5	
40	4364	2	
40	15119	2	
40	3344	1	
40	6938	1	
40	5935	1	
40	8988	1	
40	4385	1	
40	21794	6	
40	8996	1	
40	2351	3	
40	8502	1	
40	13449	1	
40	5433	1	
40	20284	1	
40	1864	1	
40	17225	1	
40	16714	1	
40	17229	1	
40	3408	1	
40	14673	1	
40	1369	1	
40	22368	2	
40	7010	1	
40	10889	2	
40	9069	2	
40	15214	1	
40	10096	1	
40	5489	1	
40	10101	1	
40	6011	2	
40	6014	1	
40	14721	1	
40	16260	1	
40	14725	1	
40	11672	1	
40	18841	1	
40	12700	1	
40	20384	2	
40	16804	1	
40	9125	1	
40	22442	1	
40	15276	1	
40	1464	1	
40	16372	2	
40	671	1	
40	19900	3	
40	7584	1	
40	13769	1	
40	12746	1	
40	1998	1	
40	6622	1	
40	19424	1	
40	10723	2	
40	10728	1	
40	6123	1	
40	4081	2	
40	20468	1	
40	5625	1	
40	4602	1	
40	15869	1	
41	6786	1	
41	2179	1	
41	5636	1	
41	2949	2	
41	646	1	
41	1545	1	
41	20429	1	
41	15117	1	
41	20494	1	
41	21264	1	
41	5267	1	
41	1275	1	
41	10264	1	
41	8989	1	
41	20384	2	
41	21794	2	
41	680	1	
41	17066	1	
41	683	3	
41	858	1	
41	15534	1	
41	9777	1	
41	8803	1	
41	3636	1	
41	18185	1	
41	2873	1	
41	1466	1	
41	21950	1	
41	19519	1	
41	9920	1	
41	3395	1	
41	10565	1	
41	11850	1	
41	14668	1	
41	13389	2	
41	18769	1	
41	11471	1	
41	12625	1	
41	8914	1	
41	19939	1	
41	6741	1	
41	5462	1	
41	4695	1	
41	857	1	
41	11482	1	
41	14682	1	
41	3171	2	
41	2407	1	
41	4330	1	
41	7527	1	
41	18540	1	
41	21586	1	
41	11760	1	
41	1138	1	
41	4219	1	
41	18042	1	
41	11771	1	
41	2173	1	
42	7169	1	
42	3075	1	
42	19460	3	
42	5127	1	
42	7690	1	
42	9234	1	
42	9235	1	
42	9237	2	
42	2582	2	
42	857	3	
42	22557	1	
42	15903	3	
42	16936	2	
42	3627	1	
42	8236	2	
42	3629	1	
42	17972	1	
42	12341	1	
42	8764	3	
42	13885	1	
42	12350	1	
42	13889	2	
42	8260	1	
42	10821	1	
42	19016	1	
42	15433	1	
42	11851	1	
42	17996	1	
42	13389	2	
42	10832	1	
42	21586	1	
42	6741	1	
42	598	2	
42	18191	2	
42	15971	1	
42	6761	1	
42	18540	1	
42	11887	1	
42	4208	1	
42	4211	1	
42	1163	1	
42	6773	1	
42	14970	3	
42	5760	1	
42	14469	1	
42	18055	1	
42	14985	1	
42	650	1	
42	14475	1	
42	13452	1	
42	4239	1	
42	6801	1	
42	14488	1	
42	13986	1	
42	16037	2	
42	683	1	
42	11436	1	
42	685	2	
42	15534	3	
42	19578	1	
42	12471	1	
42	6334	1	
42	10436	1	
42	1733	1	
42	8908	1	
42	13516	2	
42	19405	1	
42	18128	1	
42	1745	1	
42	14035	1	
42	9429	1	
42	12495	1	
42	10973	1	
42	21727	1	
42	7392	1	
42	4326	1	
42	18155	1	
42	22252	1	
42	10510	2	
42	22262	1	
42	15096	1	
42	3321	1	
42	22267	1	
42	17688	1	
42	10453	1	
42	14081	1	
42	4140	1	
42	17162	1	
42	15117	2	
42	4366	1	
42	783	1	
42	14211	1	
42	15128	1	
42	18205	1	
42	2846	1	
42	13445	1	
42	17184	2	
42	21794	1	
42	2856	1	
42	5929	1	
42	15751	1	
42	7471	1	
42	649	1	
42	9529	1	
42	17997	1	
42	13451	1	
42	4423	2	
42	22344	1	
42	17225	1	
42	12770	1	
42	12625	5	
42	8018	1	
42	4438	1	
42	15705	1	
42	8026	1	
42	7517	1	
42	15199	1	
42	8033	1	
42	13969	1	
42	5996	1	
42	9069	1	
42	9071	2	
42	21364	1	
42	8766	1	
42	8571	1	
42	1918	3	
42	5867	2	
42	2949	1	
42	16775	1	
42	2955	1	
42	10636	2	
42	20882	1	
42	11157	1	
42	920	1	
42	18841	1	
42	13723	1	
42	7584	2	
42	16804	1	
42	4005	3	
42	4941	1	
42	9543	1	
42	4013	1	
42	2990	1	
42	4019	1	
42	17846	2	
42	16969	1	
42	10168	1	
42	21949	1	
42	18082	1	
42	11726	1	
42	3023	1	
42	20953	1	
42	10205	1	
42	22437	1	
42	592	1	
42	13282	1	
42	18921	1	
42	16373	1	
42	5623	1	
42	5625	4	
42	16891	1	
42	18005	1	
43	12288	1	
43	19460	3	
43	7690	1	
43	14865	1	
43	857	3	
43	22557	1	
43	6695	1	
43	16936	2	
43	3626	1	
43	8236	2	
43	16432	2	
43	8753	1	
43	6770	1	
43	15113	1	
43	8764	1	
43	11839	1	
43	13891	2	
43	20038	1	
43	11850	2	
43	12471	1	
43	588	2	
43	13389	1	
43	21586	2	
43	8790	1	
43	18519	1	
43	15448	1	
43	602	1	
43	17339	1	
43	2661	1	
43	18022	1	
43	9831	2	
43	21608	1	
43	2407	2	
43	14448	2	
43	625	1	
43	1138	1	
43	4211	1	
43	18042	1	
43	7103	1	
43	20604	1	
43	5759	1	
43	13952	1	
43	7104	7	
43	11398	3	
43	15496	1	
43	15499	1	
43	13452	1	
43	4239	1	
43	13388	1	
43	6803	1	
43	3220	1	
43	19737	1	
43	17063	1	
43	4267	2	
43	685	2	
43	15534	1	
43	4723	1	
43	20260	1	
43	11449	1	
43	13884	1	
43	5825	1	
43	22119	1	
43	20686	2	
43	11471	1	
43	14033	1	
43	14547	1	
43	19156	2	
43	15574	1	
43	15577	1	
43	4831	1	
43	6372	1	
43	3814	1	
43	17105	1	
43	5864	1	
43	12010	1	
43	5867	1	
43	22252	1	
43	5501	1	
43	15400	1	
43	5502	1	
43	13937	1	
43	3796	1	
43	19708	1	
43	4354	2	
43	17156	1	
43	1918	1	
43	19208	1	
43	16940	1	
43	3339	1	
43	4364	4	
43	3633	1	
43	13070	1	
43	18191	1	
43	7952	2	
43	4886	1	
43	22295	1	
43	3865	1	
43	18714	1	
43	8988	1	
43	4894	1	
43	2949	1	
43	17184	1	
43	13092	1	
43	646	1	
43	7463	1	
43	4647	1	
43	18302	1	
43	5424	1	
43	10545	1	
43	21727	3	
43	15676	6	
43	9269	1	
43	6651	1	
43	20384	1	
43	17228	1	
43	3919	1	
43	5456	1	
43	4433	1	
43	21330	1	
43	4438	1	
43	4441	1	
43	7514	1	
43	22368	1	
43	12135	1	
43	7016	2	
43	10300	1	
43	8043	6	
43	2412	1	
43	9069	5	
43	14703	1	
43	10096	1	
43	5489	1	
43	5267	1	
43	12151	2	
43	13887	1	
43	4989	2	
43	17790	1	
43	4992	1	
43	5458	1	
43	14725	1	
43	1414	1	
43	1415	1	
43	9608	1	
43	19350	1	
43	18841	1	
43	7584	2	
43	15266	1	
43	4003	1	
43	16804	1	
43	20389	1	
43	16773	1	
43	15273	1	
43	4012	2	
43	15794	1	
43	15795	1	
43	13749	1	
43	1976	1	
43	21945	1	
43	1467	1	
43	11708	1	
43	16831	1	
43	22464	2	
43	4000	2	
43	11714	1	
43	7110	1	
43	13255	1	
43	17996	1	
43	6090	1	
43	5111	1	
43	972	1	
43	16845	1	
43	7633	1	
43	7638	1	
43	6622	2	
43	6375	6	
43	19939	1	
43	7660	1	
43	2029	1	
43	11760	4	
43	13451	1	
43	7669	1	
43	7158	1	
43	5623	1	
43	11771	3	
43	6652	1	
43	15869	1	
44	10763	1	
44	10264	2	
44	11292	1	
44	9247	1	
44	4643	1	
44	8749	1	
44	10800	1	
44	13873	1	
44	12354	2	
44	7236	1	
44	13389	1	
44	15439	1	
44	21586	2	
44	15459	2	
44	10857	1	
44	9244	1	
44	13937	1	
44	6770	1	
44	6775	1	
44	10360	1	
44	3197	1	
44	18569	1	
44	13452	2	
44	5267	1	
44	18793	1	
44	9383	1	
44	681	1	
44	683	2	
44	11436	1	
44	17071	1	
44	12471	1	
44	4639	1	
44	3260	2	
44	16576	1	
44	11471	3	
44	4304	1	
44	14036	1	
44	14037	2	
44	15574	1	
44	15575	2	
44	22232	1	
44	10975	1	
44	7396	1	
44	18174	1	
44	22273	1	
44	4868	2	
44	18182	1	
44	4364	1	
44	7451	1	
44	11568	1	
44	19422	1	
44	15160	1	
44	7903	1	
44	15676	1	
44	17225	1	
44	14677	1	
44	4438	1	
44	21849	1	
44	18267	1	
44	13673	1	
44	8556	1	
44	4986	2	
44	17788	1	
44	4989	1	
44	1918	1	
44	12162	1	
44	1415	1	
44	19852	1	
44	22418	1	
44	917	1	
44	11159	1	
44	21912	1	
44	4000	2	
44	11181	1	
44	437	1	
44	21945	1	
44	19900	2	
44	7614	1	
44	7104	3	
44	16846	1	
44	8145	1	
44	9687	1	
44	18398	1	
44	18911	2	
44	19424	1	
44	13793	2	
44	11760	2	
44	17395	1	
44	19449	1	
44	11771	2	
44	7164	1	
45	14592	1	
45	13316	1	
45	17430	1	
45	14017	1	
45	7306	1	
45	15262	1	
45	4238	1	
45	14509	1	
45	16656	1	
45	10513	1	
45	9234	1	
45	17302	1	
45	15903	1	
45	13849	1	
45	10011	1	
45	7582	1	
45	20255	1	
45	17184	1	
45	13979	2	
45	9247	1	
45	11946	1	
45	3629	1	
45	16814	1	
45	9777	1	
45	8641	2	
45	5172	1	
45	1717	1	
45	9142	2	
45	12471	1	
45	13969	1	
45	11963	1	
45	19900	1	
45	15808	1	
45	18080	1	
45	13891	1	
45	17608	1	
45	1995	2	
45	5452	1	
45	6477	1	
45	12110	1	
45	11471	1	
45	18128	1	
45	10833	1	
45	11603	1	
45	14677	3	
45	742	2	
45	22232	2	
45	5339	1	
45	20445	1	
45	4831	1	
45	4688	1	
45	7908	1	
45	741	1	
45	15206	1	
45	20177	1	
45	19816	1	
45	13161	1	
45	9069	2	
45	11760	2	
45	6760	1	
45	10510	1	
45	11891	1	
45	17140	1	
45	1141	1	
45	13174	1	
45	12663	1	
45	18975	1	
45	8569	1	
45	8570	2	
45	13950	1	
45	10709	1	
46	5321	1	
46	22245	1	
46	169	1	
46	9887	1	
