1	12808	1	
1	13331	1	
1	4356	1	
1	5660	1	
1	5661	1	
1	15903	2	
1	21536	1	
1	3621	1	
1	8236	1	
1	3629	1	
1	560	1	
1	11334	1	
1	18503	1	
1	15433	1	
1	588	1	
1	13389	1	
1	21586	1	
1	18528	2	
1	19555	1	
1	15548	1	
1	20593	1	
1	17016	1	
1	16513	3	
1	13963	1	
1	18574	1	
1	1167	1	
1	13849	1	
1	14488	1	
1	12446	1	
1	9887	1	
1	7329	1	
1	1706	1	
1	4382	1	
1	18108	1	
1	19133	4	
1	801	1	
1	20686	1	
1	2265	1	
1	10974	1	
1	10975	1	
1	1266	1	
1	12670	1	
1	3844	3	
1	248	1	
1	18686	1	
1	4868	2	
1	4359	1	
1	4364	3	
1	18197	1	
1	797	1	
1	8990	1	
1	7457	1	
1	16695	1	
1	21305	4	
1	17234	1	
1	9044	1	
1	9047	1	
1	8553	1	
1	15723	1	
1	9069	1	
1	13679	5	
1	6000	1	
1	2932	1	
1	7546	1	
1	7550	2	
1	7552	1	
1	8079	1	
1	7582	1	
1	20384	1	
1	8262	1	
1	2990	2	
1	5551	1	
1	9139	1	
1	11708	2	
1	21949	1	
1	12734	1	
1	15808	1	
1	11714	2	
1	4555	1	
1	4056	1	
1	15322	1	
1	7147	1	
1	16367	1	
1	11760	1	
1	14324	1	
1	3061	1	
1	8188	1	
1	12799	1	
2	19460	1	
2	22188	1	
2	2063	2	
2	11793	1	
2	22551	2	
2	10264	1	
2	3844	1	
2	3610	2	
2	11292	1	
2	22557	1	
2	15903	3	
2	16417	2	
2	19803	1	
2	2310	1	
2	3629	1	
2	8238	1	
2	7216	1	
2	1076	1	
2	14389	2	
2	13833	1	
2	11835	1	
2	4960	1	
2	20547	3	
2	18503	5	
2	15432	3	
2	11850	2	
2	588	1	
2	13389	2	
2	2640	4	
2	21586	3	
2	18005	1	
2	13398	2	
2	7695	1	
2	18528	3	
2	15971	1	
2	21605	1	
2	18022	1	
2	9832	1	
2	19900	1	
2	18029	1	
2	10862	1	
2	11887	2	
2	14448	1	
2	6770	1	
2	6771	1	
2	116	1	
2	118	1	
2	21268	1	
2	16512	1	
2	19588	1	
2	5765	1	
2	7303	1	
2	7306	1	
2	1167	4	
2	19094	1	
2	14493	1	
2	7329	2	
2	16547	2	
2	16645	1	
2	15528	1	
2	10410	1	
2	17067	1	
2	2220	1	
2	9901	1	
2	11293	1	
2	2224	2	
2	12465	1	
2	19634	1	
2	11444	1	
2	5301	4	
2	8376	1	
2	3259	1	
2	8892	1	
2	19133	3	
2	12341	1	
2	21696	5	
2	12481	1	
2	2243	1	
2	13516	1	
2	20686	3	
2	12503	1	
2	9759	1	
2	12505	2	
2	10972	6	
2	14584	2	
2	15584	1	
2	5414	1	
2	8422	1	
2	12007	2	
2	18267	1	
2	14574	1	
2	3313	4	
2	16628	1	
2	1269	2	
2	248	1	
2	18686	1	
2	11007	1	
2	15616	1	
2	8449	2	
2	19716	1	
2	15621	1	
2	16646	1	
2	7432	1	
2	4364	3	
2	3854	2	
2	3845	4	
2	18197	1	
2	3460	1	
2	19238	1	
2	7463	1	
2	1835	1	
2	14648	1	
2	21305	3	
2	6458	4	
2	6459	2	
2	16190	1	
2	21311	1	
2	21314	1	
2	12612	1	
2	13129	3	
2	16203	1	
2	8012	1	
2	18766	2	
2	12625	1	
2	17234	2	
2	18771	1	
2	9044	5	
2	14682	4	
2	12943	1	
2	22368	1	
2	22369	2	
2	7011	1	
2	15209	1	
2	16430	1	
2	9069	2	
2	3954	1	
2	20343	2	
2	12673	1	
2	18818	1	
2	1924	1	
2	13704	2	
2	909	1	
2	17807	2	
2	20882	1	
2	14743	1	
2	3992	2	
2	13723	1	
2	15777	1	
2	22442	3	
2	2990	1	
2	5551	1	
2	9145	1	
2	11708	1	
2	11709	2	
2	22464	1	
2	11714	2	
2	13763	1	
2	17348	2	
2	1989	1	
2	13255	1	
2	19401	1	
2	9167	2	
2	9169	1	
2	10205	1	
2	10206	1	
2	592	1	
2	18919	2	
2	15856	1	
2	14324	2	
2	10238	1	
2	4090	1	
2	11771	1	
2	5118	2	
3	4617	1	
3	7690	1	
3	526	1	
3	22032	2	
3	4868	2	
3	3610	2	
3	11292	2	
3	11293	1	
3	6686	1	
3	15903	1	
3	1627	1	
3	8229	1	
3	20519	1	
3	20012	1	
3	22061	1	
3	14386	2	
3	3636	1	
3	12342	1	
3	20023	1	
3	3130	2	
3	11835	3	
3	8765	1	
3	22368	1	
3	12891	1	
3	15939	1	
3	7240	1	
3	4433	1	
3	13388	1	
3	13389	1	
3	21586	1	
3	4691	1	
3	5391	1	
3	15971	2	
3	8892	1	
3	18030	1	
3	1469	1	
3	19056	1	
3	625	1	
3	18548	1	
3	2166	1	
3	14970	1	
3	19588	2	
3	13445	1	
3	16519	1	
3	649	1	
3	21642	2	
3	13451	1	
3	19596	1	
3	20113	3	
3	15508	1	
3	7829	1	
3	20165	1	
3	4257	1	
3	22186	1	
3	22188	1	
3	9901	1	
3	15534	1	
3	19124	2	
3	5301	2	
3	5304	1	
3	698	1	
3	17183	1	
3	15548	2	
3	19133	4	
3	11723	1	
3	17092	1	
3	7798	1	
3	15558	1	
3	20168	3	
3	20686	1	
3	721	1	
3	10972	1	
3	10975	1	
3	19172	1	
3	3643	1	
3	12010	1	
3	22258	1	
3	3829	1	
3	14592	1	
3	19204	1	
3	17671	1	
3	4364	1	
3	14722	1	
3	15119	2	
3	10515	1	
3	1305	1	
3	6938	1	
3	5509	1	
3	1829	1	
3	16434	1	
3	18222	1	
3	7471	1	
3	16177	1	
3	15666	1	
3	1844	1	
3	8502	1	
3	21305	4	
3	6459	1	
3	3392	2	
3	16193	1	
3	15170	1	
3	7137	1	
3	13129	2	
3	4942	1	
3	21579	1	
3	4945	1	
3	22355	1	
3	14677	1	
3	740	1	
3	4960	1	
3	22369	1	
3	4451	1	
3	20329	1	
3	9069	4	
3	17262	1	
3	13679	4	
3	15216	1	
3	7537	2	
3	21874	2	
3	12663	1	
3	10105	1	
3	4986	1	
3	1918	1	
3	1922	1	
3	14725	3	
3	17290	1	
3	10639	1	
3	4496	2	
3	18841	1	
3	13723	2	
3	8604	1	
3	20384	2	
3	15856	1	
3	22442	1	
3	15275	1	
3	15279	1	
3	15794	1	
3	4533	1	
3	1976	1	
3	11708	1	
3	3629	3	
3	1269	1	
3	13763	1	
3	4037	1	
3	15149	1	
3	4555	1	
3	13772	1	
3	464	1	
3	5554	1	
3	7637	1	
3	10206	1	
3	15841	1	
3	19939	1	
3	21841	1	
3	6652	2	
3	11760	1	
3	497	1	
3	14324	1	
3	5623	1	
3	18424	1	
3	4602	1	
3	11771	3	
3	8188	1	
3	17066	1	
3	5118	1	
3	15701	1	
4	8193	1	
4	15874	1	
4	15275	1	
4	19460	3	
4	6150	1	
4	21000	1	
4	22188	1	
4	7690	1	
4	9047	1	
4	16998	1	
4	6829	1	
4	12816	1	
4	15378	1	
4	4115	2	
4	13844	1	
4	18965	1	
4	22551	1	
4	4632	1	
4	19716	1	
4	17435	3	
4	22557	1	
4	15903	2	
4	21312	1	
4	18267	1	
4	2596	1	
4	20519	1	
4	8232	1	
4	3627	1	
4	3629	3	
4	16430	1	
4	3631	2	
4	17424	1	
4	19464	1	
4	17971	1	
4	9268	1	
4	13887	1	
4	4161	1	
4	15938	1	
4	12897	1	
4	22601	1	
4	11851	2	
4	6856	1	
4	13389	1	
4	592	1	
4	21586	2	
4	7765	2	
4	4695	1	
4	18014	1	
4	685	1	
4	15971	2	
4	21605	1	
4	18022	1	
4	21608	1	
4	6253	1	
4	18030	2	
4	1136	1	
4	13937	1	
4	4723	1	
4	15808	1	
4	6774	1	
4	6687	1	
4	4217	1	
4	15486	1	
4	20095	1	
4	3201	1	
4	5252	1	
4	19734	1	
4	15495	1	
4	21642	2	
4	1163	1	
4	11714	1	
4	16014	1	
4	3636	2	
4	8512	1	
4	13969	3	
4	13970	1	
4	1817	1	
4	13980	1	
4	14448	1	
4	15522	1	
4	22179	1	
4	10920	1	
4	6828	1	
4	14509	1	
4	20168	2	
4	16833	1	
4	19124	3	
4	12471	1	
4	16049	1	
4	10939	1	
4	8892	2	
4	19133	4	
4	22209	1	
4	15558	1	
4	20167	2	
4	17608	1	
4	13516	1	
4	7889	1	
4	4818	1	
4	5332	1	
4	8753	1	
4	1371	1	
4	5340	1	
4	5498	2	
4	10975	1	
4	17121	1	
4	14545	1	
4	7400	1	
4	16617	1	
4	6695	1	
4	1266	1	
4	11902	1	
4	22266	1	
4	22267	1	
4	18174	1	
4	4868	4	
4	18185	2	
4	17163	1	
4	4364	5	
4	6414	1	
4	13357	1	
4	17168	1	
4	5394	1	
4	4886	1	
4	15128	4	
4	19737	1	
4	14618	1	
4	7471	1	
4	20254	1	
4	19589	1	
4	17188	1	
4	3366	1	
4	7463	1	
4	18216	1	
4	10972	1	
4	19591	1	
4	15666	1	
4	5935	1	
4	5424	1	
4	1841	1	
4	1842	1	
4	13875	1	
4	1844	2	
4	7477	1	
4	5942	1	
4	13808	1	
4	21304	1	
4	21305	3	
4	20284	1	
4	15166	1	
4	13445	1	
4	4000	1	
4	3408	1	
4	12625	1	
4	12626	1	
4	14307	1	
4	14677	2	
4	22358	1	
4	5433	1	
4	18200	1	
4	22363	1	
4	22368	3	
4	17251	1	
4	7016	1	
4	9069	2	
4	21870	1	
4	12656	1	
4	20344	1	
4	12153	1	
4	4986	1	
4	1917	1	
4	1918	1	
4	897	1	
4	9901	2	
4	4497	1	
4	2451	1	
4	14228	1	
4	917	1	
4	7579	1	
4	926	1	
4	8608	1	
4	11760	5	
4	15266	3	
4	11181	1	
4	14407	1	
4	16301	2	
4	16814	1	
4	5551	1	
4	7600	2	
4	5553	1	
4	11186	1	
4	7584	1	
4	19382	1	
4	13755	2	
4	7104	3	
4	8641	2	
4	9666	1	
4	13766	1	
4	13255	1	
4	15820	1	
4	9167	4	
4	16848	1	
4	20643	1	
4	7637	1	
4	20952	1	
4	19938	1	
4	11771	2	
4	21841	1	
4	4075	1	
4	7150	1	
4	15856	1	
4	16374	1	
4	18424	1	
4	20474	1	
4	16891	1	
4	12799	2	
5	12800	1	
5	9729	1	
5	683	2	
5	19460	1	
5	7687	1	
5	7690	1	
5	21003	1	
5	19480	1	
5	4122	1	
5	22557	1	
5	16417	1	
5	15400	1	
5	1067	1	
5	18989	2	
5	8750	1	
5	3636	2	
5	17463	1	
5	13884	2	
5	13887	1	
5	4161	1	
5	12354	2	
5	15432	1	
5	7241	1	
5	15434	1	
5	5424	1	
5	21586	1	
5	7765	1	
5	15971	1	
5	16998	3	
5	14438	1	
5	7785	2	
5	13930	1	
5	18540	1	
5	21613	1	
5	21102	1	
5	4719	1	
5	6773	1	
5	10857	1	
5	14969	1	
5	4219	1	
5	3197	1	
5	13950	1	
5	5760	1	
5	7303	1	
5	620	1	
5	14474	1	
5	14475	1	
5	13452	1	
5	14477	2	
5	5267	1	
5	6809	1	
5	1420	1	
5	6812	1	
5	1186	1	
5	17063	1	
5	5288	1	
5	20137	1	
5	4267	1	
5	6828	1	
5	685	1	
5	698	1	
5	20155	1	
5	703	1	
5	11969	1	
5	8898	1	
5	7880	1	
5	719	1	
5	18128	1	
5	19668	1	
5	15575	1	
5	14552	1	
5	15582	1	
5	21727	2	
5	10978	1	
5	7397	1	
5	7911	1	
5	16616	2	
5	745	1	
5	20718	1	
5	1918	1	
5	15097	1	
5	17149	1	
5	1280	1	
5	4868	2	
5	18185	1	
5	17163	1	
5	4364	3	
5	12625	1	
5	7952	1	
5	5396	1	
5	2839	2	
5	2841	1	
5	18204	1	
5	18736	1	
5	3366	1	
5	7471	2	
5	11568	1	
5	20277	1	
5	10463	1	
5	20285	1	
5	20384	1	
5	17225	1	
5	4433	1	
5	8532	1	
5	21845	1	
5	4438	1	
5	11098	1	
5	7515	1	
5	9069	2	
5	7485	2	
5	11632	1	
5	7537	1	
5	12151	1	
5	11156	1	
5	17790	1	
5	15232	1	
5	12673	2	
5	14724	1	
5	14725	1	
5	13889	2	
5	3978	1	
5	10636	1	
5	22339	1	
5	10644	1	
5	4000	3	
5	7585	1	
5	9644	1	
5	9645	1	
5	437	2	
5	11193	1	
5	19900	2	
5	16831	1	
5	9152	1	
5	8641	1	
5	9162	1	
5	20642	1	
5	14286	1	
5	9167	4	
5	17004	1	
5	9691	1	
5	21841	1	
5	6652	1	
5	4081	1	
5	7154	1	
5	16373	1	
5	503	1	
5	16888	1	
5	5625	1	
5	18426	1	
5	4092	1	
5	15869	1	
5	14677	1	
6	13316	2	
6	17424	1	
6	19480	1	
6	19482	1	
6	7710	1	
6	15903	4	
6	7601	1	
6	3636	1	
6	3130	1	
6	11835	1	
6	8764	1	
6	13887	1	
6	13889	2	
6	8771	1	
6	13389	1	
6	21586	1	
6	8379	1	
6	15976	1	
6	10857	1	
6	10862	1	
6	14448	1	
6	6770	1	
6	21620	1	
6	2166	1	
6	9065	1	
6	14973	1	
6	15488	1	
6	3201	1	
6	13445	1	
6	14475	1	
6	14477	3	
6	19736	1	
6	14489	2	
6	18075	1	
6	20137	2	
6	6826	1	
6	22188	1	
6	21618	1	
6	19124	1	
6	18975	1	
6	22209	2	
6	16075	1	
6	4303	1	
6	5841	1	
6	11471	1	
6	10972	1	
6	19677	1	
6	10975	1	
6	7392	1	
6	16616	1	
6	15485	1	
6	12670	1	
6	5881	1	
6	10499	1	
6	18181	1	
6	19718	1	
6	15489	1	
6	18185	2	
6	779	1	
6	15119	4	
6	15128	1	
6	15133	1	
6	17184	1	
6	6951	1	
6	5929	1	
6	1837	1	
6	7471	1	
6	1076	1	
6	4417	1	
6	20803	1	
6	10573	1	
6	9550	1	
6	17743	1	
6	10065	1	
6	14677	3	
6	4440	2	
6	2394	1	
6	15199	1	
6	4454	1	
6	13884	1	
6	8679	1	
6	3958	1	
6	14714	1	
6	1918	2	
6	1412	2	
6	15751	1	
6	1420	2	
6	917	1	
6	13723	1	
6	15266	1	
6	4529	1	
6	4019	1	
6	14775	1	
6	6075	1	
6	8636	1	
6	1469	1	
6	13759	1	
6	6080	1	
6	9167	1	
6	13776	1	
6	9169	1	
6	7635	1	
6	17372	1	
6	4070	1	
6	12625	1	
6	8174	1	
6	11248	2	
6	500	1	
6	16888	2	
6	6651	2	
6	6652	2	
6	5629	1	
7	19460	1	
7	5638	1	
7	9227	1	
7	685	1	
7	17424	2	
7	17426	1	
7	19480	1	
7	13316	2	
7	6685	1	
7	3102	1	
7	15903	1	
7	16417	1	
7	3627	2	
7	22557	1	
7	7218	1	
7	3636	1	
7	8758	1	
7	3130	1	
7	13884	4	
7	8253	1	
7	6718	1	
7	3647	1	
7	13888	3	
7	12354	1	
7	12360	1	
7	588	1	
7	21586	5	
7	9816	1	
7	12815	1	
7	18528	1	
7	12816	1	
7	8803	1	
7	8636	1	
7	12397	1	
7	11887	1	
7	14448	1	
7	1651	3	
7	3702	1	
7	18049	1	
7	18051	1	
7	646	1	
7	7303	1	
7	16011	2	
7	1679	1	
7	9873	1	
7	2243	3	
7	3220	1	
7	6293	1	
7	14489	1	
7	13979	1	
7	1648	1	
7	22188	1	
7	14509	1	
7	15534	2	
7	9391	1	
7	21619	1	
7	2763	1	
7	2244	1	
7	7880	1	
7	11979	1	
7	16588	1	
7	7888	1	
7	7380	1	
7	10972	1	
7	3822	1	
7	18686	1	
7	20227	2	
7	4868	1	
7	18185	3	
7	10510	1	
7	18191	1	
7	13588	1	
7	15641	1	
7	7471	3	
7	9527	1	
7	20803	1	
7	22340	2	
7	1420	2	
7	3408	1	
7	14673	1	
7	8020	1	
7	14677	2	
7	857	1	
7	7516	1	
7	2397	1	
7	2398	1	
7	2399	1	
7	15715	2	
7	9069	2	
7	7537	1	
7	12151	1	
7	12663	2	
7	12670	1	
7	9600	1	
7	3648	1	
7	1418	2	
7	10636	1	
7	1421	3	
7	15763	2	
7	14743	1	
7	13723	1	
7	15266	2	
7	15268	1	
7	15275	1	
7	7600	1	
7	7155	1	
7	22458	1	
7	11708	1	
7	22463	1	
7	22464	1	
7	16075	1	
7	12791	1	
7	9167	2	
7	14800	3	
7	14803	2	
7	4601	1	
7	10205	1	
7	10206	1	
7	17376	1	
7	6113	1	
7	10728	1	
7	12778	1	
7	15855	2	
7	10225	1	
7	5618	1	
7	12787	1	
7	13451	1	
7	5623	1	
7	16889	2	
7	6652	1	
7	6142	2	
8	12288	1	
8	4267	1	
8	13316	1	
8	19462	1	
8	13833	1	
8	7690	1	
8	9343	1	
8	12815	1	
8	12816	2	
8	15448	1	
8	15890	1	
8	8195	1	
8	14475	1	
8	2582	3	
8	19480	1	
8	15279	2	
8	2394	1	
8	3102	1	
8	15903	6	
8	5552	1	
8	17067	1	
8	4647	1	
8	1067	1	
8	1068	1	
8	7517	1	
8	3636	4	
8	3130	3	
8	7519	1	
8	19516	1	
8	13885	1	
8	13887	1	
8	13889	3	
8	12354	2	
8	15432	1	
8	7753	1	
8	1099	1	
8	588	1	
8	6733	1	
8	10317	1	
8	10300	1	
8	592	1	
8	21586	1	
8	15971	1	
8	9816	1	
8	15963	1	
8	92	1	
8	94	1	
8	18528	1	
8	17424	1	
8	20189	1	
8	8803	1	
8	15460	1	
8	18022	1	
8	11708	1	
8	109	1	
8	21102	1	
8	19133	2	
8	14448	2	
8	4723	1	
8	5750	1	
8	17016	1	
8	14969	1	
8	19900	3	
8	13950	1	
8	5246	1	
8	3711	1	
8	6786	2	
8	5765	1	
8	646	1	
8	12481	1	
8	1163	1	
8	7362	1	
8	110	1	
8	19094	1	
8	10391	1	
8	14495	1	
8	10401	1	
8	5853	1	
8	10922	2	
8	683	1	
8	22188	1	
8	685	1	
8	15534	1	
8	9536	1	
8	4277	1	
8	16054	1	
8	21264	1	
8	698	2	
8	12746	2	
8	13901	1	
8	18113	1	
8	8898	2	
8	6851	1	
8	19140	1	
8	8993	1	
8	17608	1	
8	5321	1	
8	21305	2	
8	19156	2	
8	22232	1	
8	5337	1	
8	17790	1	
8	10972	2	
8	10973	1	
8	21727	1	
8	7392	2	
8	740	1	
8	16103	2	
8	16616	3	
8	18154	1	
8	22252	1	
8	19694	1	
8	14973	1	
8	20208	1	
8	16625	1	
8	1266	1	
8	6899	1	
8	17140	1	
8	757	1	
8	4347	1	
8	20225	1	
8	4868	1	
8	19718	1	
8	18185	6	
8	4364	3	
8	20237	1	
8	7952	1	
8	2834	1	
8	5934	1	
8	15577	1	
8	7451	2	
8	19741	1	
8	13445	1	
8	17185	1	
8	5766	1	
8	1830	1	
8	8250	1	
8	3369	1	
8	18222	1	
8	7471	1	
8	16177	1	
8	17206	1	
8	12852	1	
8	1076	1	
8	3392	2	
8	4417	1	
8	3395	1	
8	17223	1	
8	22344	1	
8	9033	1	
8	8012	1	
8	10573	1	
8	14477	2	
8	3408	1	
8	4435	1	
8	8020	1	
8	14677	4	
8	5352	1	
8	21850	1	
8	7515	5	
8	15709	2	
8	7518	3	
8	1375	1	
8	22368	1	
8	22369	1	
8	7016	1	
8	4257	1	
8	7018	1	
8	9069	1	
8	16701	1	
8	11632	1	
8	13681	1	
8	15960	1	
8	8570	1	
8	1918	2	
8	12673	1	
8	9090	1	
8	9092	1	
8	15751	1	
8	8077	1	
8	4491	1	
8	10636	2	
8	1421	2	
8	11662	1	
8	18832	1	
8	22418	1	
8	22339	1	
8	14743	1	
8	18841	1	
8	7584	3	
8	14753	1	
8	15266	2	
8	5551	1	
8	7600	1	
8	4019	2	
8	17225	1	
8	17337	1	
8	1467	1	
8	8636	1	
8	1469	1	
8	22463	2	
8	13255	2	
8	5578	1	
8	9167	1	
8	464	1	
8	467	1	
8	14807	1	
8	9691	1	
8	1501	1	
8	10206	1	
8	15338	1	
8	10219	1	
8	8684	1	
8	15954	1	
8	494	1	
8	15856	2	
8	12787	1	
8	1524	1	
8	503	1	
8	5624	1	
8	5625	3	
8	11771	2	
8	6652	2	
8	12799	1	
9	12288	1	
9	683	1	
9	9733	1	
9	7686	1	
9	7687	1	
9	7690	1	
9	2578	1	
9	15379	1	
9	19478	1	
9	10263	1	
9	19482	1	
9	22557	1	
9	15903	2	
9	15404	1	
9	11821	1	
9	7217	1	
9	16434	1	
9	3636	1	
9	3130	1	
9	16011	1	
9	12360	1	
9	22601	1	
9	591	1	
9	21586	3	
9	595	1	
9	7765	1	
9	1465	4	
9	15448	1	
9	18016	1	
9	15971	1	
9	8804	1	
9	18022	1	
9	16998	2	
9	18028	1	
9	113	2	
9	116	1	
9	12734	2	
9	10360	1	
9	6777	1	
9	3203	1	
9	14985	1	
9	22551	1	
9	13453	1	
9	13969	1	
9	13970	1	
9	4247	1	
9	18075	1	
9	12446	1	
9	20642	1	
9	10922	1	
9	17067	1	
9	17069	1	
9	10928	1	
9	8378	1	
9	3261	1	
9	5321	2	
9	12663	1	
9	17612	2	
9	19155	1	
9	20180	1	
9	21727	1	
9	17703	1	
9	748	1	
9	7782	1	
9	19694	1	
9	1266	3	
9	4868	1	
9	775	1	
9	18185	4	
9	20234	1	
9	4364	4	
9	21264	1	
9	11029	1	
9	19238	2	
9	6951	1	
9	2345	1	
9	12588	1	
9	9536	1	
9	4417	1	
9	16706	1	
9	4000	9	
9	13129	1	
9	17227	1	
9	8013	1	
9	17234	1	
9	11604	1	
9	21845	1	
9	9047	1	
9	3417	1	
9	7515	3	
9	19804	1	
9	22369	1	
9	1380	1	
9	19816	1	
9	20882	1	
9	6511	1	
9	2348	1	
9	11641	1	
9	9600	1	
9	10638	1	
9	3985	1	
9	22418	4	
9	13723	1	
9	1440	1	
9	16806	1	
9	12716	1	
9	1460	1	
9	18505	1	
9	11193	1	
9	6075	1	
9	19900	1	
9	19901	1	
9	6078	1	
9	7103	2	
9	22464	1	
9	7584	1	
9	1482	2	
9	4555	1	
9	3023	1	
9	7635	1	
9	14807	1	
9	18911	1	
9	4081	1	
9	20468	1	
9	4087	1	
9	18424	1	
9	5625	2	
9	4090	1	
9	6651	2	
9	4604	1	
9	12799	3	
10	5142	1	
10	4636	1	
10	15903	2	
10	3626	2	
10	3633	2	
10	3636	1	
10	22581	1	
10	13885	1	
10	13888	1	
10	22368	1	
10	22082	1	
10	7236	1	
10	18505	1	
10	10832	1	
10	18005	1	
10	15963	1	
10	18022	1	
10	22121	1	
10	13418	1	
10	17004	2	
10	6776	1	
10	6786	1	
10	18966	1	
10	1174	1	
10	9892	1	
10	15528	1	
10	683	1	
10	9901	1	
10	4277	1	
10	19126	1	
10	12471	1	
10	8892	3	
10	14016	1	
10	17612	1	
10	13516	1	
10	11471	1	
10	7888	1	
10	20177	1	
10	5332	1	
10	22229	1	
10	12503	1	
10	21727	1	
10	15227	2	
10	10985	1	
10	12010	1	
10	20717	1	
10	19694	1	
10	6902	1	
10	4868	1	
10	18185	4	
10	21264	1	
10	3886	1	
10	20256	1	
10	2348	1	
10	3885	1	
10	18222	1	
10	7471	1	
10	17719	2	
10	1076	1	
10	15177	1	
10	17229	1	
10	21841	1	
10	7515	2	
10	15710	1	
10	11104	1	
10	4450	1	
10	20329	1	
10	9069	1	
10	5489	1	
10	15218	1	
10	8568	1	
10	12665	1	
10	11708	1	
10	15229	1	
10	1408	1	
10	1410	1	
10	13723	1	
10	7584	1	
10	15275	1	
10	19785	1	
10	19900	1	
10	19901	1	
10	22464	1	
10	20384	1	
10	20429	1	
10	9171	1	
10	10262	1	
10	15338	1	
10	18420	2	
10	5625	1	
10	4092	2	
10	15869	1	
10	6741	1	
11	12288	1	
11	19464	1	
11	6828	1	
11	4484	1	
11	11787	1	
11	16911	1	
11	12816	1	
11	13844	1	
11	1048	1	
11	9755	2	
11	15903	2	
11	416	1	
11	15913	1	
11	3629	1	
11	16431	1	
11	13453	1	
11	3633	1	
11	1074	1	
11	563	1	
11	3636	1	
11	22581	1	
11	13884	2	
11	6718	1	
11	13887	2	
11	13888	1	
11	13889	3	
11	12354	1	
11	7236	1	
11	12360	1	
11	599	1	
11	592	2	
11	21586	4	
11	7764	1	
11	6741	1	
11	4695	1	
11	15449	1	
11	12815	1	
11	3258	2	
11	7776	1	
11	17424	1	
11	10338	1	
11	13411	1	
11	17004	1	
11	110	1	
11	7101	1	
11	14448	3	
11	21617	1	
11	6770	1	
11	116	2	
11	15994	1	
11	13950	1	
11	14978	1	
11	5764	1	
11	14469	1	
11	646	1	
11	8641	1	
11	14473	1	
11	5770	1	
11	16011	1	
11	15500	1	
11	14477	2	
11	21647	1	
11	13969	1	
11	13970	3	
11	1684	1	
11	13979	1	
11	2416	1	
11	17064	1	
11	2220	1	
11	685	1	
11	12977	1	
11	16051	1	
11	13493	1	
11	12471	1	
11	11449	1	
11	698	1	
11	703	1	
11	10372	1	
11	5321	1	
11	13514	1	
11	20343	2	
11	13516	1	
11	20177	1	
11	5843	1	
11	7380	1	
11	12503	1	
11	20187	1	
11	10972	1	
11	20189	1	
11	11632	1	
11	10978	1	
11	10980	1	
11	8421	1	
11	12007	1	
11	3819	1	
11	12013	1	
11	1266	1	
11	5246	1	
11	3625	1	
11	5332	1	
11	5884	1	
11	16132	1	
11	1918	1	
11	18185	5	
11	4364	2	
11	269	1	
11	5390	1	
11	22061	1	
11	13073	1	
11	17170	1	
11	15128	3	
11	7812	1	
11	13445	2	
11	4385	1	
11	1670	1	
11	5929	1	
11	1415	1	
11	18222	2	
11	1841	1	
11	1844	1	
11	20281	1	
11	1850	1	
11	16705	1	
11	20384	1	
11	6982	1	
11	8013	1	
11	5455	1	
11	3408	1	
11	12625	4	
11	17234	1	
11	21845	1	
11	9047	1	
11	4440	1	
11	7515	3	
11	15710	1	
11	22368	1	
11	22369	4	
11	15714	1	
11	15715	1	
11	5993	1	
11	8043	1	
11	9069	1	
11	7536	1	
11	7540	1	
11	13175	1	
11	14713	1	
11	12670	1	
11	14721	1	
11	14722	1	
11	15339	1	
11	1924	1	
11	15751	3	
11	1418	1	
11	1421	1	
11	6030	1	
11	11153	1	
11	22418	2	
11	21907	1	
11	7063	1	
11	4000	2	
11	15266	1	
11	4081	1	
11	16302	1	
11	7600	1	
11	437	3	
11	1465	1	
11	6075	2	
11	11708	1	
11	1469	1	
11	7103	1	
11	7584	1	
11	4547	1	
11	8647	1	
11	17229	1	
11	14807	2	
11	11737	1	
11	6622	1	
11	6000	1	
11	15330	1	
11	4092	1	
11	12778	1	
11	17899	1	
11	11760	1	
11	10408	1	
11	12787	1	
11	18423	1	
11	16888	1	
11	16889	1	
11	6651	1	
11	6652	2	
11	12799	1	
12	12288	1	
12	9223	1	
12	14595	1	
12	15903	4	
12	20010	2	
12	3627	3	
12	16430	1	
12	1076	1	
12	9269	1	
12	13885	2	
12	13887	2	
12	13889	2	
12	12354	1	
12	8771	1	
12	15432	1	
12	13388	1	
12	21586	3	
12	17506	1	
12	7780	1	
12	18022	1	
12	15976	1	
12	21617	1	
12	11969	1	
12	1673	1	
12	11917	1	
12	11918	1	
12	13970	1	
12	14489	2	
12	1186	1	
12	13992	1	
12	2220	1	
12	15548	1	
12	14016	1	
12	22209	1	
12	16075	1	
12	11471	1	
12	19156	1	
12	7897	1	
12	8415	1	
12	7904	1	
12	10492	1	
12	8449	1	
12	4867	1	
12	4868	1	
12	18185	2	
12	16650	1	
12	15119	1	
12	8978	1	
12	8988	1	
12	17703	2	
12	7471	1	
12	20284	1	
12	13129	1	
12	6989	1	
12	7503	1	
12	12625	1	
12	4441	1	
12	18267	1	
12	861	1	
12	9069	1	
12	11632	1	
12	7546	1	
12	7548	1	
12	9086	1	
12	16775	1	
12	917	1	
12	20384	1	
12	15266	1	
12	20234	1	
12	15279	1	
12	12360	1	
12	16308	1	
12	17339	1	
12	8636	2	
12	15819	1	
12	15820	1	
12	9167	1	
12	5586	1	
12	9691	1	
12	1501	1	
12	10728	1	
12	10218	1	
12	6127	1	
12	4081	1	
12	7160	1	
12	4602	1	
12	6652	1	
13	12288	1	
13	12930	1	
13	19460	2	
13	13445	1	
13	6791	1	
13	7515	1	
13	14743	1	
13	14466	1	
13	1305	1	
13	5391	1	
13	2839	1	
13	15384	1	
13	2841	2	
13	4122	1	
13	17435	1	
13	9244	1	
13	2207	1	
13	18209	1	
13	8551	1	
13	293	1	
13	19238	1	
13	13819	1	
13	3629	1	
13	8568	1	
13	5551	1	
13	16049	1	
13	11570	1	
13	8243	1	
13	1844	1	
13	8245	1	
13	16054	1	
13	3255	1	
13	21305	2	
13	6687	2	
13	671	1	
13	19133	1	
13	16702	1	
13	117	1	
13	22082	1	
13	2873	1	
13	20094	1	
13	11334	1	
13	15432	1	
13	12110	1	
13	9167	1	
13	592	1	
13	21841	2	
13	21586	1	
13	19939	1	
13	12501	1	
13	4438	1	
13	20695	3	
13	5721	1	
13	7743	1	
13	5199	1	
13	17218	1	
13	10725	1	
13	21473	1	
13	11771	1	
13	16997	1	
13	18023	1	
13	10859	1	
13	22252	1	
13	9069	2	
13	16367	1	
13	12147	1	
13	1141	2	
13	16888	1	
13	15866	1	
13	15867	2	
13	1917	1	
13	5246	1	
14	12288	1	
14	19460	4	
14	11273	1	
14	7570	1	
14	19478	1	
14	22551	2	
14	1049	1	
14	17435	1	
14	9244	1	
14	13316	1	
14	3629	1	
14	1076	1	
14	20547	1	
14	7236	1	
14	14918	1	
14	15432	1	
14	11850	1	
14	1105	1	
14	21586	1	
14	7765	1	
14	8797	3	
14	18022	1	
14	22119	1	
14	19048	1	
14	13937	1	
14	20595	1	
14	17012	1	
14	17013	1	
14	18197	1	
14	15491	1	
14	5764	1	
14	11398	1	
14	17089	1	
14	7306	1	
14	15499	1	
14	9069	3	
14	8342	1	
14	13849	1	
14	15556	1	
14	16547	1	
14	21617	1	
14	10408	1	
14	4267	1	
14	1711	1	
14	12464	1	
14	4795	1	
14	19133	2	
14	11969	1	
14	9924	1	
14	4385	1	
14	13516	1	
14	12495	1	
14	3796	1	
14	10453	1	
14	13532	2	
14	10973	1	
14	10975	1	
14	7397	1	
14	7400	1	
14	12018	1	
14	12026	1	
14	17148	1	
14	11008	1	
14	4868	1	
14	7432	1	
14	4364	3	
14	12559	1	
14	17168	1	
14	20243	1	
14	16661	1	
14	13444	1	
14	8989	1	
14	13089	1	
14	10972	1	
14	15666	1	
14	10552	1	
14	21305	2	
14	16193	1	
14	16706	1	
14	17227	1	
14	8013	1	
14	12625	1	
14	6483	1	
14	14677	1	
14	4438	1	
14	15209	1	
14	20882	1	
14	1904	2	
14	9600	1	
14	6017	1	
14	2948	1	
14	1415	1	
14	15754	1	
14	15682	1	
14	11665	1	
14	17810	1	
14	8086	1	
14	3991	2	
14	11675	1	
14	19869	1	
14	8607	4	
14	4003	1	
14	12726	2	
14	4032	2	
14	11714	1	
14	7620	1	
14	7621	1	
14	3025	5	
14	8660	1	
14	7637	1	
14	18391	1	
14	10206	3	
14	15331	1	
14	12773	1	
14	10219	1	
14	494	1	
14	15855	1	
14	500	1	
14	501	1	
14	4089	1	
14	4090	1	
14	15869	1	
15	7552	1	
15	20864	1	
15	2179	1	
15	4868	1	
15	14807	1	
15	1544	1	
15	7817	1	
15	15754	1	
15	17163	2	
15	12429	1	
15	9069	1	
15	16661	2	
15	19864	1	
15	13849	1	
15	282	1	
15	17435	1	
15	5764	1	
15	6943	1	
15	15216	1	
15	10162	1	
15	13478	1	
15	19367	1	
15	4521	1	
15	17066	1	
15	3629	1	
15	7600	1	
15	16049	1	
15	15666	1	
15	18483	1	
15	11444	1	
15	1589	1	
15	16054	2	
15	1545	1	
15	1076	1	
15	19258	1	
15	4385	1	
15	12341	1	
15	1717	1	
15	13504	2	
15	11714	1	
15	16196	1	
15	16197	1	
15	15558	1	
15	673	1	
15	18505	1	
15	4688	1	
15	12625	1	
15	20690	1	
15	19464	1	
15	20695	3	
15	5593	1	
15	8666	1	
15	13405	1	
15	13408	1	
15	14562	1	
15	4486	1	
15	7654	1	
15	13287	1	
15	6976	1	
15	21586	1	
15	6512	1	
15	4138	1	
15	8950	1	
15	15273	1	
15	3647	1	
15	1917	1	
15	17790	1	
15	19861	2	
16	12288	1	
16	8193	1	
16	19460	1	
16	19464	1	
16	1545	1	
16	523	1	
16	13334	1	
16	22557	1	
16	3629	1	
16	12345	1	
16	13888	1	
16	18528	1	
16	11275	1	
16	11335	3	
16	18505	1	
16	592	1	
16	13398	1	
16	6233	1	
16	7776	1	
16	15457	1	
16	4719	1	
16	14448	2	
16	1141	1	
16	5760	1	
16	15491	1	
16	20109	1	
16	1167	1	
16	11920	1	
16	7324	1	
16	13478	1	
16	16049	2	
16	19634	1	
16	8376	1	
16	19133	4	
16	22209	1	
16	10449	1	
16	20690	1	
16	20695	2	
16	11482	1	
16	10972	1	
16	15581	1	
16	7902	1	
16	14592	1	
16	2310	1	
16	4364	1	
16	5390	1	
16	15636	1	
16	16661	1	
16	2328	1	
16	22297	1	
16	6947	1	
16	19238	1	
16	1844	1	
16	8502	1	
16	21305	4	
16	8512	1	
16	4418	1	
16	5958	1	
16	3506	1	
16	4432	1	
16	12625	2	
16	9047	1	
16	18489	1	
16	18267	1	
16	15723	1	
16	9069	3	
16	16243	1	
16	7546	1	
16	12673	2	
16	17291	1	
16	10641	1	
16	8771	2	
16	3992	1	
16	1945	1	
16	19367	1	
16	15273	2	
16	15275	1	
16	11181	1	
16	5554	1	
16	17339	1	
16	3536	3	
16	6622	1	
16	19939	1	
16	10725	1	
16	4433	1	
16	16366	1	
16	16367	2	
16	16374	1	
17	6149	1	
17	11116	1	
17	3088	2	
17	11793	1	
17	4867	3	
17	12825	2	
17	4122	1	
17	18460	1	
17	4639	1	
17	6695	1	
17	1067	1	
17	15794	1	
17	8753	1	
17	5682	1	
17	12852	1	
17	7223	1	
17	3643	1	
17	3134	2	
17	20547	1	
17	3652	1	
17	15432	1	
17	11850	1	
17	8779	1	
17	588	1	
17	12878	2	
17	592	1	
17	21586	1	
17	13398	1	
17	17424	1	
17	2661	2	
17	22119	1	
17	15979	1	
17	10862	1	
17	14448	1	
17	1141	2	
17	6687	1	
17	15994	1	
17	15489	1	
17	12930	1	
17	107	1	
17	18569	1	
17	18030	1	
17	19607	1	
17	14492	1	
17	6512	1	
17	10408	1	
17	11439	1	
17	5808	1	
17	16049	1	
17	11444	1	
17	13855	1	
17	19133	3	
17	7870	1	
17	16064	1	
17	2243	1	
17	14020	1	
17	20168	1	
17	13516	1	
17	3278	1	
17	4304	1	
17	7890	1	
17	10963	1	
17	7380	1	
17	11479	1	
17	19136	1	
17	18042	1	
17	1758	1	
17	13537	1	
17	6372	1	
17	1766	1	
17	15825	1	
17	1256	1	
17	5867	1	
17	6382	1	
17	22258	1	
17	5365	1	
17	16118	1	
17	3321	2	
17	14592	1	
17	17451	1	
17	4868	3	
17	7432	1	
17	17162	1	
17	4364	2	
17	3629	1	
17	17170	1	
17	4227	1	
17	4884	1	
17	1304	1	
17	12164	1	
17	13088	1	
17	20260	1	
17	9265	1	
17	2348	1	
17	17203	1	
17	1673	1	
17	21305	3	
17	10555	1	
17	3900	1	
17	8513	1	
17	22339	1	
17	20804	1	
17	17225	2	
17	12111	1	
17	21841	2	
17	14677	1	
17	10292	1	
17	22369	1	
17	5988	1	
17	8549	1	
17	1899	1	
17	364	1	
17	22418	2	
17	9072	2	
17	16242	1	
17	3962	2	
17	17790	2	
17	18818	1	
17	7044	1	
17	3978	1	
17	3991	1	
17	7056	1	
17	20882	3	
17	9111	1	
17	1604	1	
17	4000	1	
17	22442	1	
17	7090	1	
17	9141	1	
17	21104	1	
17	11709	1	
17	22464	3	
17	5024	1	
17	22262	1	
17	1997	1	
17	9167	1	
17	7160	1	
17	9171	1	
17	10830	1	
17	10944	1	
17	10206	1	
17	7650	1	
17	6630	1	
17	15849	1	
17	7658	1	
17	17576	1	
17	14324	1	
17	16374	1	
17	15864	1	
17	15869	1	
18	14592	1	
18	16695	1	
18	12930	1	
18	8683	1	
18	4868	2	
18	13398	1	
18	16775	2	
18	11020	1	
18	5391	1	
18	22032	1	
18	3217	1	
18	4754	1	
18	2179	1	
18	19349	1	
18	3991	1	
18	4032	1	
18	10269	1	
18	12325	1	
18	19238	1	
18	15751	1	
18	17200	1	
18	7780	1	
18	2611	1	
18	1076	1	
18	2761	1	
18	21305	2	
18	12602	1	
18	18364	1	
18	19133	2	
18	13888	1	
18	7617	1	
18	20547	2	
18	3203	1	
18	3529	2	
18	4683	1	
18	460	1	
18	18055	1	
18	21586	1	
18	16243	1	
18	15190	1	
18	1844	1	
18	9817	1	
18	8666	1	
18	18267	1	
18	7155	1	
18	18853	1	
18	7392	1	
18	7777	1	
18	15335	1	
18	1763	1	
18	5988	1	
18	17041	1	
18	14827	1	
18	9069	1	
18	5742	1	
18	9072	1	
18	2323	1	
18	1140	1	
18	4364	1	
18	16375	1	
18	4867	1	
18	4601	1	
18	4218	1	
18	4603	1	
18	1532	1	
18	15869	1	
19	5760	1	
19	13952	1	
19	19460	2	
19	16775	1	
19	18184	1	
19	11275	1	
19	5391	1	
19	4497	1	
19	2243	1	
19	21781	1	
19	21782	1	
19	17732	1	
19	8988	1	
19	15774	1	
19	17567	1	
19	16417	1	
19	15558	1	
19	10453	1	
19	22571	1	
19	18864	1	
19	21619	1	
19	8376	1	
19	21305	2	
19	8507	1	
19	19133	2	
19	12354	1	
19	17731	1	
19	1988	1	
19	8518	1	
19	15432	1	
19	19787	1	
19	17740	1	
19	17359	1	
19	592	1	
19	19140	1	
19	14677	1	
19	4438	1	
19	4665	1	
19	9432	1	
19	3791	1	
19	18140	1	
19	19938	1	
19	4795	1	
19	5988	2	
19	7397	1	
19	7400	1	
19	15209	1	
19	13418	1	
19	7660	1	
19	9069	2	
19	3285	1	
19	14323	2	
19	16373	1	
19	21750	1	
19	15871	1	
20	13440	1	
20	8193	1	
20	4867	1	
20	19460	2	
20	15621	1	
20	2310	1	
20	7433	1	
20	15754	1	
20	4364	1	
20	11662	1	
20	9069	1	
20	21008	2	
20	10644	1	
20	16661	2	
20	4868	1	
20	17435	1	
20	15903	1	
20	20384	4	
20	20260	1	
20	19238	1	
20	10407	1	
20	4521	1	
20	11946	1	
20	967	2	
20	16812	1	
20	3629	1	
20	11439	1	
20	12465	1	
20	14037	1	
20	7646	1	
20	12342	1	
20	10679	1	
20	13449	1	
20	9145	1	
20	19900	1	
20	19133	3	
20	13887	1	
20	12481	1	
20	16706	1	
20	20547	1	
20	8502	1	
20	13255	1	
20	20168	2	
20	15818	1	
20	17227	1	
20	13516	1	
20	21305	3	
20	718	1	
20	719	2	
20	592	1	
20	8636	1	
20	21586	1	
20	3285	2	
20	20695	2	
20	13400	1	
20	1626	1	
20	18267	2	
20	12510	1	
20	7138	1	
20	11771	1	
20	5988	1	
20	17637	1	
20	12625	1	
20	379	1	
20	21692	1	
20	106	1	
20	5867	1	
20	17004	1	
20	13778	1	
20	7150	2	
20	20722	3	
20	7540	1	
20	1141	2	
20	15863	1	
20	4601	1	
20	703	1	
20	17066	1	
20	13822	1	
20	14677	1	
21	14592	1	
21	12929	1	
21	1922	1	
21	4867	1	
21	1924	1	
21	14725	1	
21	17312	1	
21	4481	1	
21	1545	1	
21	2442	1	
21	1163	2	
21	1420	1	
21	11821	1	
21	12306	1	
21	3220	2	
21	8238	1	
21	19478	1	
21	19607	1	
21	11449	1	
21	7578	1	
21	11292	1	
21	7066	1	
21	4894	1	
21	15903	1	
21	1696	1	
21	17313	1	
21	1371	1	
21	18852	1	
21	4263	1	
21	15751	1	
21	22551	2	
21	3629	1	
21	2990	1	
21	5935	1	
21	14024	2	
21	1074	1	
21	4019	1	
21	13876	3	
21	1844	1	
21	10679	1	
21	8248	1	
21	21305	2	
21	19133	2	
21	1599	2	
21	22368	1	
21	13963	1	
21	5829	1	
21	7110	1	
21	20168	1	
21	4364	2	
21	14028	1	
21	20686	1	
21	3408	1	
21	18005	1	
21	14807	2	
21	3419	2	
21	14047	1	
21	15584	1	
21	11472	1	
21	17506	1	
21	20384	1	
21	1380	1	
21	19764	1	
21	16998	1	
21	6375	1	
21	7684	1	
21	13295	1	
21	11760	2	
21	1266	1	
21	3060	1	
21	118	1	
21	15864	1	
21	8187	1	
21	4989	1	
21	18174	1	
22	7680	1	
22	1408	1	
22	7684	5	
22	14725	2	
22	15494	1	
22	19764	2	
22	3977	2	
22	11714	1	
22	20494	3	
22	1167	2	
22	1169	1	
22	22551	9	
22	3392	1	
22	7069	3	
22	16030	2	
22	17312	1	
22	16035	2	
22	2310	1	
22	17067	1	
22	8236	1	
22	11821	2	
22	8238	4	
22	12360	1	
22	11444	2	
22	12342	1	
22	9637	1	
22	11449	3	
22	8379	2	
22	11708	1	
22	8765	2	
22	1598	2	
22	19520	1	
22	16834	2	
22	502	1	
22	15432	2	
22	20303	2	
22	14673	1	
22	7637	2	
22	603	5	
22	13532	1	
22	8749	1	
22	14324	1	
22	22369	1	
22	14024	1	
22	16363	5	
22	11760	2	
22	7409	8	
22	18548	2	
22	118	2	
22	119	2	
22	120	1	
22	11771	1	
22	5119	2	
23	1921	1	
23	14725	1	
23	16902	2	
23	20284	1	
23	18185	1	
23	20874	1	
23	4364	2	
23	8749	1	
23	22032	2	
23	7570	1	
23	21692	1	
23	22551	1	
23	13723	2	
23	4253	1	
23	1947	1	
23	16436	1	
23	11760	1	
23	19619	1	
23	1670	1	
23	11815	1	
23	1578	2	
23	17067	1	
23	7410	1	
23	8238	1	
23	22557	1	
23	16435	1	
23	1076	1	
23	5811	1	
23	329	1	
23	11449	1	
23	8892	1	
23	12746	2	
23	18209	1	
23	7069	1	
23	13129	1	
23	11850	1	
23	12878	2	
23	8144	1	
23	17106	1	
23	18005	1	
23	3641	1	
23	12018	1	
23	15855	1	
23	740	1	
23	20234	1	
23	15237	1	
23	15976	1	
23	11708	1	
23	17004	1	
23	11887	1	
23	7408	1	
23	1266	1	
23	21622	1	
23	5623	2	
23	120	1	
23	6652	1	
23	6269	1	
23	7166	1	
24	12288	3	
24	512	1	
24	4610	1	
24	20494	1	
24	22032	1	
24	6677	1	
24	8214	1	
24	22551	2	
24	10264	1	
24	8222	1	
24	16432	1	
24	16435	1	
24	16436	1	
24	12343	1	
24	17467	1	
24	13884	1	
24	5694	3	
24	11329	1	
24	3652	1	
24	7752	1	
24	11850	1	
24	588	1	
24	12878	1	
24	22100	1	
24	18005	1	
24	16470	1	
24	19553	2	
24	18023	1	
24	21692	1	
24	15979	1	
24	17004	1	
24	11887	1	
24	114	1	
24	118	1	
24	12927	1	
24	5739	1	
24	13963	1	
24	1167	1	
24	1169	1	
24	4247	1	
24	14492	2	
24	16034	2	
24	11428	1	
24	14509	1	
24	5806	1	
24	11444	1	
24	11449	1	
24	8892	3	
24	2243	1	
24	16588	1	
24	19155	3	
24	2273	1	
24	13026	1	
24	21733	1	
24	5350	1	
24	12009	1	
24	4335	1	
24	14584	2	
24	3321	1	
24	22277	1	
24	17671	1	
24	4364	1	
24	785	1	
24	7455	1	
24	1829	1	
24	18222	1	
24	15667	1	
24	310	1	
24	1076	1	
24	21308	1	
24	15499	1	
24	3397	2	
24	13129	1	
24	17229	1	
24	21845	1	
24	19294	1	
24	2914	1	
24	873	1	
24	14709	1	
24	4986	1	
24	12670	1	
24	3455	1	
24	1410	1	
24	8067	4	
24	22418	2	
24	4509	1	
24	18853	2	
24	15791	1	
24	1465	1	
24	13252	1	
24	17484	1	
24	21964	1	
24	9167	1	
24	9169	1	
24	6622	1	
24	2020	1	
24	15856	1	
24	500	1	
25	14592	1	
25	8705	1	
25	2309	1	
25	6791	1	
25	15724	1	
25	1163	1	
25	4364	1	
25	14509	2	
25	22032	2	
25	4881	1	
25	17671	1	
25	9875	1	
25	4116	1	
25	19734	1	
25	22551	2	
25	14744	1	
25	12825	1	
25	19482	1	
25	11931	1	
25	4509	1	
25	18592	1	
25	10928	1	
25	5666	1	
25	5755	1	
25	8193	1	
25	5029	1	
25	20774	1	
25	13937	1	
25	22313	2	
25	1578	1	
25	1067	1	
25	8749	1	
25	13658	1	
25	18955	1	
25	19124	1	
25	12341	1	
25	20284	1	
25	15288	1	
25	6713	1	
25	14016	1	
25	8892	1	
25	13887	1	
25	16064	1	
25	13428	1	
25	13963	1	
25	1348	1	
25	7110	1	
25	15432	1	
25	16301	1	
25	19405	1	
25	12878	1	
25	15184	1	
25	5816	1	
25	19555	1	
25	6234	1	
25	1998	1	
25	16470	1	
25	5625	1	
25	11482	1	
25	22418	1	
25	1466	1	
25	8556	1	
25	4122	1	
25	2914	2	
25	10467	1	
25	15216	1	
25	18022	1	
25	21617	1	
25	488	1	
25	15849	1	
25	16679	1	
25	17004	1	
25	9069	1	
25	16366	1	
25	14448	1	
25	6257	1	
25	20722	1	
25	21643	1	
25	12823	1	
25	5623	2	
25	505	1	
25	7011	1	
25	3197	1	
25	20990	1	
25	20095	1	
26	12288	5	
26	7683	1	
26	7684	2	
26	7687	2	
26	22188	1	
26	20494	1	
26	2063	1	
26	4116	1	
26	22551	10	
26	10264	1	
26	19460	1	
26	16828	1	
26	7711	1	
26	9223	1	
26	11821	1	
26	8238	5	
26	22064	1	
26	16435	1	
26	5385	1	
26	4276	1	
26	13887	4	
26	13889	1	
26	5699	1	
26	4961	1	
26	15432	3	
26	11850	1	
26	13388	1	
26	10833	1	
26	21586	5	
26	18005	4	
26	11449	4	
26	18191	1	
26	8797	1	
26	18528	1	
26	10338	1	
26	15971	1	
26	7782	1	
26	16998	3	
26	7785	1	
26	18540	1	
26	14448	1	
26	13937	1	
26	13428	2	
26	21621	1	
26	118	3	
26	120	1	
26	13444	1	
26	13445	1	
26	17943	1	
26	11714	3	
26	1167	4	
26	13969	1	
26	14488	1	
26	6809	1	
26	16547	1	
26	10407	2	
26	4776	1	
26	11436	1	
26	9901	1	
26	17072	1	
26	4275	1	
26	11444	1	
26	2745	1	
26	8892	1	
26	19133	1	
26	7870	1	
26	22209	1	
26	21189	2	
26	14024	1	
26	13516	1	
26	20686	1	
26	11471	1	
26	10360	1	
26	7380	1	
26	15584	2	
26	16610	1	
26	7889	1	
26	16903	1	
26	14574	1	
26	7409	1	
26	7410	1	
26	14583	1	
26	1281	1	
26	16645	1	
26	775	1	
26	18185	3	
26	20234	2	
26	4364	3	
26	1458	1	
26	15633	1	
26	4884	1	
26	18197	1	
26	21782	1	
26	5411	1	
26	20262	1	
26	14119	1	
26	16430	1	
26	21304	1	
26	21305	1	
26	6458	1	
26	1855	1	
26	1163	1	
26	9543	1	
26	9546	1	
26	16951	1	
26	10854	1	
26	12121	2	
26	3418	1	
26	4960	2	
26	22369	1	
26	7527	1	
26	13161	1	
26	7531	1	
26	9069	1	
26	10096	1	
26	14714	1	
26	16252	1	
26	1405	1	
26	8066	1	
26	8579	1	
26	14725	1	
26	15751	1	
26	13704	1	
26	7055	1	
26	20882	2	
26	15763	1	
26	405	1	
26	10646	1	
26	7066	1	
26	1947	1	
26	7069	1	
26	7582	1	
26	6561	2	
26	22442	1	
26	9644	1	
26	16301	2	
26	5554	1	
26	6067	1	
26	15800	1	
26	9145	1	
26	1466	6	
26	6075	1	
26	18364	1	
26	16831	1	
26	22464	3	
26	16834	2	
26	12746	1	
26	12535	1	
26	8143	1	
26	9171	1	
26	9691	1	
26	4602	2	
26	1465	4	
26	17892	1	
26	13798	1	
26	19943	1	
26	18921	2	
26	20971	1	
26	4081	2	
26	14324	1	
26	5623	3	
26	16888	2	
26	18426	2	
26	6651	2	
26	19452	1	
26	13821	1	
26	5119	1	
27	12288	1	
27	13697	1	
27	1074	1	
27	7684	2	
27	12007	1	
27	16775	1	
27	18185	2	
27	17163	1	
27	4364	1	
27	16120	1	
27	1167	1	
27	11760	1	
27	22551	2	
27	7069	1	
27	15903	1	
27	6561	1	
27	16547	1	
27	18852	1	
27	12325	2	
27	4081	1	
27	18857	1	
27	9223	1	
27	11821	1	
27	8238	1	
27	3677	1	
27	6984	1	
27	16434	1	
27	1460	1	
27	11449	1	
27	1466	1	
27	7867	1	
27	8892	2	
27	19133	1	
27	4831	1	
27	22464	1	
27	17703	1	
27	8262	1	
27	17313	1	
27	5448	1	
27	20686	2	
27	12624	1	
27	632	1	
27	9171	2	
27	7380	1	
27	15317	1	
27	1465	2	
27	16242	1	
27	15710	1	
27	18911	1	
27	7777	1	
27	15227	1	
27	4649	1	
27	4049	1	
27	13884	1	
27	16363	1	
27	11887	1	
27	9456	1	
27	7409	1	
27	15218	1	
27	5623	2	
27	120	1	
27	12026	1	
27	16123	3	
27	10975	1	
28	7680	1	
28	12288	3	
28	15874	1	
28	18948	2	
28	518	1	
28	4617	1	
28	13850	1	
28	547	1	
28	12325	2	
28	12329	1	
28	16431	1	
28	1074	1	
28	16436	1	
28	1590	2	
28	3641	1	
28	12867	1	
28	8262	1	
28	15432	1	
28	588	1	
28	21586	1	
28	18005	2	
28	2648	1	
28	1627	1	
28	7776	1	
28	17004	1	
28	1138	1	
28	1140	1	
28	1141	2	
28	118	1	
28	3203	1	
28	13961	1	
28	1167	2	
28	19601	1	
28	15508	1	
28	12446	1	
28	20722	1	
28	19107	2	
28	10407	1	
28	10408	3	
28	17577	1	
28	20653	1	
28	5806	1	
28	18205	1	
28	14024	1	
28	19124	1	
28	22198	1	
28	8892	4	
28	19133	1	
28	12481	1	
28	20168	1	
28	20686	1	
28	11992	1	
28	10972	1	
28	10464	3	
28	740	1	
28	10985	1	
28	748	1	
28	6382	1	
28	19184	1	
28	1266	1	
28	765	1	
28	8449	2	
28	4867	2	
28	4868	1	
28	12673	1	
28	18185	3	
28	4364	1	
28	1924	1	
28	797	1	
28	3881	1	
28	15666	1	
28	1076	1	
28	16702	1	
28	6464	1	
28	15170	1	
28	17227	1	
28	12624	1	
28	8532	1	
28	15190	2	
28	21305	1	
28	14682	1	
28	18267	1	
28	7010	1	
28	2918	1	
28	7018	1	
28	8568	1	
28	15227	2	
28	17790	2	
28	16704	1	
28	1412	1	
28	16775	1	
28	15754	1	
28	20882	1	
28	11670	1	
28	3991	1	
28	15772	1	
28	4002	1	
28	4276	1	
28	18853	1	
28	15276	1	
28	10482	1	
28	1466	1	
28	15808	1	
28	8268	1	
28	19939	1	
28	15850	1	
28	16367	2	
28	11760	2	
28	4081	1	
28	14324	1	
28	6650	1	
28	2555	1	
28	6652	1	
29	12288	2	
29	9729	1	
29	13316	1	
29	9733	1	
29	7687	1	
29	5643	1	
29	7694	1	
29	1040	1	
29	13843	1	
29	13844	1	
29	12823	1	
29	12825	1	
29	13851	1	
29	22557	3	
29	15903	1	
29	6695	1	
29	2089	1	
29	8236	1	
29	16430	1	
29	16431	1	
29	8753	1	
29	1074	1	
29	11827	1	
29	1076	2	
29	1591	1	
29	3130	1	
29	3643	1	
29	22589	1	
29	12352	1	
29	12354	1	
29	11787	1	
29	10308	2	
29	16966	1	
29	9121	1	
29	12471	1	
29	17484	1	
29	12878	1	
29	21586	1	
29	7765	1	
29	3674	1	
29	15456	1	
29	19553	1	
29	10340	1	
29	2661	2	
29	16998	1	
29	22119	1	
29	21608	1	
29	21826	1	
29	6760	2	
29	15986	1	
29	21619	1	
29	6264	1	
29	14527	1	
29	15438	1	
29	15491	1	
29	5764	1	
29	705	1	
29	17004	1	
29	21643	1	
29	13452	1	
29	9873	1	
29	13763	1	
29	13849	1	
29	11931	1	
29	6812	1	
29	18589	1	
29	14495	1	
29	16838	2	
29	21618	1	
29	5810	1	
29	9331	1	
29	19126	1	
29	5815	1	
29	22200	2	
29	8892	1	
29	12477	1	
29	9919	1	
29	11969	1	
29	2243	1	
29	1733	1	
29	20343	1	
29	13516	1	
29	17105	1	
29	17106	2	
29	11477	1	
29	3127	1	
29	7901	1	
29	15583	1	
29	10464	4	
29	10467	8	
29	21733	1	
29	5863	1	
29	10985	1	
29	5867	1	
29	6381	1	
29	20720	1	
29	1266	2	
29	7933	1	
29	18686	2	
29	588	1	
29	8449	1	
29	14595	1	
29	4868	1	
29	2309	1	
29	19719	1	
29	20234	1	
29	3339	2	
29	22284	1	
29	14093	1	
29	15119	1	
29	1810	1	
29	22295	1	
29	7960	2	
29	19588	1	
29	8988	3	
29	18207	1	
29	7968	1	
29	18209	2	
29	18210	1	
29	18225	1	
29	2344	1	
29	17706	1	
29	2348	2	
29	5936	1	
29	1841	1	
29	9527	1	
29	22030	1	
29	8511	1	
29	15170	1	
29	1163	1	
29	22341	1	
29	18759	1	
29	328	1	
29	3915	2	
29	6988	1	
29	20877	1	
29	12625	1	
29	19939	1	
29	858	1	
29	21851	1	
29	22245	1	
29	7013	1	
29	14725	1	
29	7018	1	
29	9069	2	
29	8765	1	
29	11632	1	
29	3444	1	
29	8053	2	
29	15735	2	
29	8568	1	
29	17790	1	
29	9792	1	
29	9093	1	
29	12678	1	
29	16775	1	
29	17801	1	
29	3978	1	
29	909	1	
29	10638	1	
29	4845	1	
29	22418	1	
29	10307	1	
29	7937	1	
29	11760	2	
29	8260	1	
29	13723	3	
29	12192	1	
29	15856	2	
29	11684	2	
29	16806	1	
29	4014	1	
29	1466	1	
29	11708	1	
29	4542	1	
29	20418	2	
29	587	1	
29	4548	1	
29	7110	1	
29	13255	1	
29	3528	1	
29	11084	1	
29	8657	1	
29	7635	1	
29	9294	1	
29	13817	1	
29	4056	1	
29	8421	1	
29	3047	1	
29	7659	1	
29	7660	1	
29	494	1	
29	496	1	
29	4601	1	
29	16890	1	
29	12799	1	
29	12796	1	
29	15869	2	
29	18005	1	
30	12288	1	
30	14763	1	
30	13834	1	
30	7694	1	
30	2063	1	
30	13841	1	
30	13846	1	
30	9239	1	
30	17435	1	
30	14876	1	
30	11293	1	
30	21535	1	
30	3621	1	
30	22057	1	
30	15403	1	
30	8749	2	
30	8753	1	
30	11827	1	
30	1076	1	
30	21557	1	
30	1591	1	
30	3641	1	
30	1468	1	
30	572	1	
30	20234	1	
30	7752	1	
30	15945	1	
30	19019	1	
30	10850	1	
30	12878	1	
30	16978	1	
30	18005	1	
30	2146	1	
30	15971	2	
30	18022	1	
30	7782	1	
30	6760	2	
30	10857	1	
30	10861	1	
30	3186	1	
30	21619	1	
30	1141	1	
30	7785	1	
30	6265	1	
30	15808	1	
30	14466	1	
30	13961	1	
30	22551	1	
30	20418	1	
30	16020	1	
30	18075	1	
30	11932	1	
30	12446	2	
30	9379	1	
30	10407	1	
30	2731	1	
30	22188	1	
30	8989	1	
30	4723	1	
30	19124	2	
30	22200	1	
30	22202	1	
30	19133	2	
30	6846	1	
30	22133	1	
30	21696	1	
30	3266	1	
30	18116	1	
30	10679	1	
30	20168	5	
30	9418	1	
30	14028	1	
30	720	1	
30	14033	1	
30	3285	1	
30	21727	1	
30	10464	8	
30	18659	1	
30	8421	1	
30	7400	1	
30	10985	2	
30	20720	1	
30	20722	4	
30	14291	1	
30	770	1	
30	2348	1	
30	17162	1	
30	3339	1	
30	4364	1	
30	6413	1	
30	10510	1	
30	15119	1	
30	275	1	
30	8468	1	
30	2327	1	
30	8986	1	
30	7965	1	
30	20255	1	
30	18208	1	
30	18209	1	
30	19238	1	
30	1833	1	
30	1836	1	
30	5085	1	
30	5936	1	
30	18225	1	
30	15666	1	
30	10036	1	
30	10552	1	
30	20285	1	
30	7870	1	
30	11708	2	
30	18241	1	
30	15170	2	
30	1163	1	
30	14664	1	
30	12343	1	
30	17229	1	
30	3469	1	
30	4432	1	
30	12625	1	
30	13650	1	
30	14677	1	
30	15707	1	
30	15709	1	
30	15210	1	
30	15723	1	
30	9069	2	
30	20851	1	
30	8053	1	
30	15593	1	
30	8568	1	
30	21883	1	
30	11134	1	
30	19776	1	
30	12165	1	
30	6679	1	
30	3978	1	
30	909	1	
30	10644	1	
30	7064	1	
30	13723	2	
30	17823	1	
30	7584	1	
30	15266	1	
30	11684	4	
30	3498	1	
30	8107	1	
30	15276	1	
30	15432	3	
30	4019	1	
30	18505	1	
30	10681	1	
30	13244	2	
30	11710	1	
30	22464	3	
30	20384	1	
30	11714	1	
30	13763	1	
30	3528	1	
30	15817	1	
30	1482	1	
30	9167	1	
30	17872	2	
30	18897	1	
30	9171	1	
30	7124	1	
30	3340	1	
30	14807	2	
30	8669	1	
30	14306	1	
30	5606	1	
30	20967	1	
30	13290	1	
30	16366	1	
30	16367	1	
30	7664	1	
30	4593	1	
30	16373	1	
30	5623	1	
30	10837	1	
31	12288	4	
31	19460	1	
31	12805	1	
31	20999	1	
31	11180	1	
31	10763	1	
31	22030	1	
31	17069	2	
31	10264	1	
31	15903	2	
31	4647	1	
31	16430	1	
31	16431	1	
31	5681	1	
31	5682	1	
31	1460	1	
31	13882	1	
31	18005	1	
31	1599	2	
31	12354	1	
31	1092	1	
31	7237	1	
31	1607	1	
31	15432	2	
31	11850	1	
31	4687	1	
31	6464	1	
31	21586	1	
31	15459	1	
31	7765	1	
31	7013	1	
31	18528	1	
31	19553	1	
31	15971	1	
31	16998	1	
31	9831	1	
31	17000	1	
31	7785	1	
31	22123	1	
31	15982	1	
31	6770	1	
31	17016	1	
31	5246	1	
31	6080	1	
31	19588	1	
31	11398	1	
31	6791	1	
31	13451	1	
31	13453	1	
31	1167	1	
31	13848	1	
31	3220	2	
31	19093	1	
31	13462	1	
31	9887	1	
31	16544	1	
31	9892	1	
31	18086	1	
31	15530	1	
31	22188	1	
31	9901	1	
31	5806	2	
31	16049	3	
31	19634	1	
31	19124	1	
31	19126	1	
31	21692	1	
31	19133	2	
31	7870	2	
31	21696	1	
31	2243	1	
31	20167	1	
31	20686	1	
31	16592	1	
31	5332	1	
31	15566	1	
31	22232	1	
31	5337	2	
31	7952	1	
31	15583	1	
31	10464	1	
31	10467	2	
31	20710	1	
31	20712	1	
31	10985	2	
31	4330	1	
31	11815	1	
31	6386	1	
31	14583	1	
31	15096	1	
31	15609	1	
31	14081	1	
31	14082	1	
31	18185	3	
31	20234	1	
31	4364	5	
31	20238	1	
31	15119	1	
31	17168	1	
31	19732	1	
31	18197	1	
31	8474	2	
31	4894	1	
31	18208	1	
31	18210	1	
31	19238	1	
31	17707	1	
31	7471	1	
31	15666	1	
31	1844	1	
31	17719	1	
31	21305	2	
31	16702	1	
31	3392	1	
31	15170	1	
31	17225	1	
31	4433	1	
31	21851	1	
31	9274	1	
31	22369	1	
31	1380	1	
31	6695	1	
31	4454	1	
31	7527	1	
31	7016	1	
31	8553	1	
31	7018	1	
31	3047	1	
31	9069	3	
31	7537	1	
31	8053	1	
31	20854	1	
31	20713	1	
31	893	2	
31	19840	1	
31	12673	1	
31	5186	1	
31	7055	1	
31	13723	1	
31	20382	5	
31	17823	1	
31	20384	1	
31	14753	1	
31	11684	3	
31	4012	2	
31	1266	1	
31	2990	1	
31	15791	1	
31	15795	1	
31	16308	1	
31	15800	1	
31	11708	2	
31	22464	1	
31	11714	2	
31	21957	1	
31	13255	1	
31	1483	1	
31	9171	1	
31	8153	1	
31	10206	1	
31	21472	1	
31	19939	1	
31	21841	1	
31	13821	1	
31	11760	3	
31	13813	1	
31	5623	1	
31	4602	1	
31	15869	1	
31	12799	1	
32	12800	1	
32	13316	1	
32	16901	1	
32	4623	1	
32	11792	1	
32	16915	1	
32	22557	1	
32	15903	1	
32	6694	1	
32	21841	1	
32	22575	1	
32	16432	1	
32	9777	1	
32	1074	1	
32	12852	1	
32	12345	1	
32	19519	1	
32	15432	1	
32	21586	1	
32	6741	1	
32	7777	1	
32	16998	1	
32	15976	1	
32	13930	1	
32	4541	1	
32	4115	1	
32	6774	1	
32	14970	1	
32	14974	1	
32	6791	1	
32	13453	1	
32	21142	1	
32	11931	1	
32	10407	1	
32	10408	3	
32	22188	1	
32	11634	1	
32	19634	1	
32	2745	2	
32	7867	1	
32	10433	1	
32	8401	1	
32	12505	1	
32	10972	2	
32	10469	1	
32	7400	1	
32	12010	1	
32	1269	1	
32	15616	2	
32	17159	1	
32	18185	1	
32	6421	2	
32	8473	1	
32	15642	1	
32	12336	1	
32	21796	1	
32	18222	1	
32	10555	2	
32	8512	1	
32	22340	1	
32	8012	1	
32	17229	2	
32	12625	1	
32	11603	1	
32	14677	2	
32	15709	1	
32	7397	1	
32	7010	1	
32	5994	2	
32	9069	1	
32	11632	2	
32	10098	1	
32	3958	1	
32	12663	1	
32	7041	1	
32	12162	1	
32	7148	1	
32	395	1	
32	909	1	
32	910	3	
32	17807	1	
32	917	1	
32	14743	1	
32	21912	1	
32	12189	1	
32	4002	1	
32	9644	1	
32	15790	1	
32	432	1	
32	1461	1	
32	1466	3	
32	11709	1	
32	15808	1	
32	13772	1	
32	4058	1	
32	9691	1	
32	4061	1	
32	8421	1	
32	17892	1	
32	21479	1	
32	7660	1	
32	494	1	
32	16373	1	
32	7158	1	
32	5623	3	
32	4602	1	
33	12288	1	
33	7683	1	
33	11949	2	
33	22551	1	
33	12317	1	
33	11806	1	
33	15903	1	
33	5667	1	
33	8454	1	
33	6695	1	
33	16434	1	
33	4019	1	
33	12345	1	
33	8766	1	
33	3141	1	
33	15432	1	
33	18700	1	
33	8779	1	
33	20556	1	
33	13389	2	
33	11855	1	
33	592	1	
33	15441	1	
33	21586	1	
33	2648	1	
33	8797	1	
33	15459	1	
33	7780	1	
33	10854	1	
33	16998	1	
33	1639	1	
33	9832	1	
33	6761	1	
33	3180	1	
33	21103	1	
33	15976	1	
33	7785	1	
33	639	1	
33	2179	1	
33	646	1	
33	19592	1	
33	13449	2	
33	1163	1	
33	4748	1	
33	16835	1	
33	19607	1	
33	8867	1	
33	10407	1	
33	10408	1	
33	10410	1	
33	17069	1	
33	8222	1	
33	19133	3	
33	15558	1	
33	20167	1	
33	13523	1	
33	10975	2	
33	10469	1	
33	6375	1	
33	748	1	
33	5877	1	
33	19703	1	
33	8449	1	
33	4868	2	
33	19718	1	
33	7553	1	
33	6760	2	
33	4364	2	
33	15119	1	
33	8477	1	
33	12677	1	
33	17184	1	
33	12067	1	
33	19238	1	
33	16177	1	
33	3881	1	
33	2348	1	
33	7471	1	
33	3889	1	
33	9527	1	
33	21304	1	
33	21305	1	
33	12602	1	
33	6464	1	
33	21316	1	
33	17223	1	
33	13129	1	
33	8013	1	
33	12110	1	
33	3919	1	
33	15184	1	
33	11662	1	
33	4438	1	
33	12121	1	
33	18267	1	
33	741	1	
33	2914	2	
33	19301	1	
33	20329	1	
33	9069	1	
33	10096	1	
33	12153	1	
33	8570	1	
33	5499	1	
33	8573	1	
33	12670	1	
33	12673	2	
33	21733	1	
33	2949	1	
33	910	2	
33	917	1	
33	22340	1	
33	21404	1	
33	4002	1	
33	15784	1	
33	14763	1	
33	1459	1	
33	11192	1	
33	9145	1	
33	19907	1	
33	13388	1	
33	17872	1	
33	10205	1	
33	17892	1	
33	488	2	
33	16366	1	
33	15855	1	
33	11760	1	
33	3058	1	
33	500	1	
33	5623	1	
33	6136	1	
33	8188	1	
34	12288	1	
34	12800	1	
34	11778	1	
34	19460	2	
34	16902	1	
34	16903	1	
34	9644	1	
34	13834	1	
34	10264	1	
34	10244	1	
34	4122	3	
34	6687	2	
34	6695	2	
34	15976	1	
34	1067	1	
34	3629	1	
34	16432	1	
34	3633	2	
34	16434	1	
34	1076	1	
34	6715	1	
34	10300	1	
34	3134	1	
34	22082	1	
34	7236	2	
34	11850	1	
34	588	1	
34	13389	2	
34	14435	1	
34	7764	1	
34	5207	1	
34	15448	1	
34	8285	1	
34	19553	1	
34	10338	1	
34	15971	1	
34	18022	1	
34	16998	1	
34	3175	2	
34	21608	1	
34	19050	1	
34	14448	1	
34	625	1	
34	115	1	
34	2164	1	
34	6263	1	
34	5246	1	
34	3201	1	
34	8043	1	
34	19588	1	
34	13445	1	
34	11398	1	
34	10890	1	
34	13452	1	
34	19599	1	
34	16409	1	
34	20642	1	
34	13425	1	
34	10410	1	
34	2745	1	
34	21692	1	
34	19133	1	
34	5311	1	
34	20686	1	
34	721	1	
34	4818	1	
34	10105	1	
34	14047	1	
34	6375	2	
34	20519	1	
34	19693	1	
34	22258	1	
34	12536	1	
34	19707	1	
34	22270	1	
34	12555	1	
34	4364	2	
34	15119	1	
34	7952	1	
34	12567	1	
34	8989	1	
34	1669	1	
34	1074	1	
34	15667	1	
34	1844	2	
34	21305	1	
34	6461	1	
34	8512	1	
34	9543	1	
34	17225	1	
34	8013	1	
34	4942	1	
34	3919	1	
34	12625	1	
34	21845	1	
34	4438	1	
34	655	1	
34	11101	1	
34	22368	1	
34	1895	1	
34	5995	1	
34	13164	2	
34	19346	1	
34	20285	1	
34	15216	1	
34	12663	1	
34	8569	2	
34	22400	1	
34	3978	1	
34	11662	1	
34	12013	1	
34	22418	2	
34	15251	1	
34	10133	1	
34	19350	1	
34	14743	1	
34	8913	1	
34	4000	2	
34	4003	2	
34	20388	1	
34	22437	1	
34	8177	1	
34	11180	1	
34	9645	1	
34	15794	1	
34	1466	2	
34	11708	1	
34	12733	1	
34	4550	1	
34	17484	1	
34	19405	1	
34	14288	1	
34	18851	1	
34	11684	1	
34	10205	1	
34	10206	1	
34	19939	1	
34	18257	1	
34	497	1	
34	16946	1	
34	2550	1	
34	4602	1	
34	8702	1	
34	16725	1	
35	12288	1	
35	13316	1	
35	12716	1	
35	22030	1	
35	15903	2	
35	16929	1	
35	1068	1	
35	3629	2	
35	1076	1	
35	3134	1	
35	7241	1	
35	11850	1	
35	13389	1	
35	15971	2	
35	16998	1	
35	6760	1	
35	15976	1	
35	21618	1	
35	646	1	
35	14474	1	
35	13451	1	
35	13452	1	
35	13454	1	
35	7313	1	
35	1179	1	
35	10407	1	
35	10410	1	
35	9398	1	
35	3258	1	
35	8892	1	
35	19133	2	
35	4799	1	
35	11461	1	
35	20167	1	
35	20168	1	
35	718	1	
35	21608	1	
35	10973	1	
35	10975	1	
35	17125	1	
35	6375	4	
35	4868	1	
35	4364	3	
35	19737	1	
35	19741	1	
35	801	1	
35	18222	1	
35	16177	1	
35	21305	1	
35	15166	1	
35	21316	1	
35	8013	1	
35	3919	2	
35	12625	1	
35	14677	1	
35	4438	2	
35	22369	1	
35	2915	1	
35	19816	1	
35	9069	1	
35	6511	1	
35	4496	1	
35	12663	1	
35	12673	1	
35	12162	1	
35	15754	1	
35	11152	1	
35	7570	1	
35	13723	2	
35	4003	2	
35	11684	1	
35	9125	1	
35	7079	1	
35	11180	1	
35	21933	1	
35	4019	1	
35	15945	1	
35	15808	1	
35	7618	1	
35	17872	2	
35	7638	1	
35	17881	2	
35	10206	1	
35	487	1	
35	13291	1	
35	15869	1	
35	21503	1	
