1	14592	1	
1	7937	1	
1	4	1	
1	9610	1	
1	17547	1	
1	4364	1	
1	8079	1	
1	21264	1	
1	18200	1	
1	11672	1	
1	17819	1	
1	17183	1	
1	22442	1	
1	1580	1	
1	21295	2	
1	19124	2	
1	21814	1	
1	12746	1	
1	12734	1	
1	13252	2	
1	8502	1	
1	4038	1	
1	6345	1	
1	9290	1	
1	587	1	
1	14703	1	
1	7380	1	
1	15448	1	
1	18905	1	
1	2271	1	
1	22416	1	
1	19938	1	
1	15845	1	
1	16998	1	
1	6652	1	
1	20203	1	
1	9069	1	
1	20463	2	
1	22385	1	
1	1140	1	
1	1141	1	
1	8532	1	
1	11898	1	
1	1147	1	
1	2684	1	
1	8573	1	
2	9227	1	
2	15373	1	
2	11791	1	
2	17432	1	
2	22557	3	
2	8236	1	
2	3629	1	
2	1076	2	
2	8766	1	
2	11335	1	
2	15434	1	
2	20047	1	
2	16468	1	
2	6741	1	
2	12888	2	
2	8797	1	
2	18528	1	
2	9831	1	
2	8809	1	
2	18030	1	
2	1140	2	
2	11385	1	
2	4218	1	
2	1147	1	
2	2173	1	
2	13951	1	
2	13440	1	
2	3206	1	
2	19088	1	
2	8387	1	
2	13978	1	
2	18087	1	
2	21161	1	
2	19114	1	
2	17583	1	
2	19124	1	
2	12471	1	
2	5309	1	
2	21699	1	
2	7879	1	
2	13516	4	
2	213	1	
2	11992	1	
2	9945	1	
2	9437	1	
2	21733	1	
2	11511	1	
2	17535	1	
2	14592	1	
2	7937	1	
2	4868	1	
2	14721	1	
2	2835	1	
2	7960	1	
2	19228	1	
2	3373	1	
2	21295	1	
2	12081	1	
2	9013	1	
2	17206	1	
2	10552	1	
2	12091	1	
2	16190	3	
2	897	1	
2	16193	1	
2	3395	1	
2	9033	2	
2	9549	1	
2	4942	1	
2	20303	2	
2	14677	1	
2	855	2	
2	3937	1	
2	2407	1	
2	15215	1	
2	4986	1	
2	10625	1	
2	8079	1	
2	1936	1	
2	10644	1	
2	22426	1	
2	13723	1	
2	4509	1	
2	15262	1	
2	20384	1	
2	22442	1	
2	2991	1	
2	12216	1	
2	13242	1	
2	13243	1	
2	15804	1	
2	19396	2	
2	10206	1	
2	4090	1	
2	22186	1	
2	20053	1	
3	18688	1	
3	1281	1	
3	2435	1	
3	13316	1	
3	1285	1	
3	12716	1	
3	16269	1	
3	15660	1	
3	22418	1	
3	22421	1	
3	22295	1	
3	13979	1	
3	8988	2	
3	20260	1	
3	6568	1	
3	8236	1	
3	3373	1	
3	7087	1	
3	16054	1	
3	2953	1	
3	12089	1	
3	13242	1	
3	7471	1	
3	8766	1	
3	12354	1	
3	21699	1	
3	17996	1	
3	20429	1	
3	20303	1	
3	11600	2	
3	15441	1	
3	14677	2	
3	15574	1	
3	13912	1	
3	22082	1	
3	8797	1	
3	22368	1	
3	9069	3	
3	11887	1	
3	13937	2	
3	1140	1	
3	1141	3	
3	12663	1	
3	17530	1	
3	1147	1	
4	18688	1	
4	7937	1	
4	21890	1	
4	2435	1	
4	13316	7	
4	2309	1	
4	7980	1	
4	3629	2	
4	22418	1	
4	13516	1	
4	16814	1	
4	10262	1	
4	22426	1	
4	13979	1	
4	8093	1	
4	16799	1	
4	20384	1	
4	22435	1	
4	7332	1	
4	3113	1	
4	22442	1	
4	12716	1	
4	3373	2	
4	7854	2	
4	21295	1	
4	3634	1	
4	19124	2	
4	11832	1	
4	12089	1	
4	20032	1	
4	18080	1	
4	12354	1	
4	19397	1	
4	6732	1	
4	9033	2	
4	9034	1	
4	13388	1	
4	20429	4	
4	12110	1	
4	1669	1	
4	10837	1	
4	13912	1	
4	1754	1	
4	17679	2	
4	3694	1	
4	3424	1	
4	7010	1	
4	22119	1	
4	2025	1	
4	7278	1	
4	7655	1	
4	8556	1	
4	9069	2	
4	18030	1	
4	9072	1	
4	13937	2	
4	1140	1	
4	1141	1	
4	6761	1	
4	13984	1	
4	19346	1	
4	14677	1	
5	13440	1	
5	9729	1	
5	20203	1	
5	13316	1	
5	9351	1	
5	14985	1	
5	906	1	
5	7055	1	
5	18962	1	
5	14743	1	
5	2460	1	
5	22557	1	
5	2846	1	
5	17184	1	
5	16547	1	
5	14500	1	
5	4137	1	
5	1074	1	
5	5150	1	
5	17042	1	
5	7095	1	
5	2873	1	
5	12735	1	
5	20000	1	
5	5570	1	
5	5450	4	
5	5838	1	
5	20303	1	
5	2899	2	
5	11711	1	
5	7897	1	
5	11791	1	
5	2275	1	
5	22119	1	
5	3943	1	
5	2066	2	
5	238	1	
5	14969	1	
5	1147	1	
6	12288	1	
6	7937	1	
6	16260	1	
6	17066	1	
6	1163	1	
6	7180	1	
6	20494	1	
6	11151	1	
6	8208	1	
6	14993	1	
6	13202	1	
6	17811	1	
6	7278	1	
6	12702	1	
6	12699	1	
6	22426	1	
6	2991	1	
6	22557	1	
6	15774	1	
6	13727	1	
6	20384	1	
6	13086	1	
6	16547	1	
6	18215	1	
6	5928	1	
6	20010	1	
6	16135	1	
6	3629	1	
6	20014	1	
6	2351	1	
6	9777	1	
6	7474	1	
6	4019	1	
6	12212	2	
6	6709	1	
6	18486	1	
6	2873	1	
6	20284	1	
6	8766	1	
6	16831	1	
6	16193	3	
6	3937	1	
6	14024	1	
6	5450	1	
6	5155	2	
6	13516	1	
6	4941	1	
6	13778	1	
6	4818	1	
6	2899	3	
6	21076	1	
6	4366	1	
6	5150	1	
6	3161	1	
6	14426	1	
6	2063	2	
6	10972	2	
6	8797	1	
6	3166	1	
6	18528	1	
6	4960	1	
6	3528	1	
6	2278	1	
6	6760	1	
6	13884	1	
6	21613	1	
6	238	1	
6	15855	1	
6	2676	1	
6	11381	1	
6	14584	1	
6	11385	1	
6	18042	1	
6	17659	1	
6	21629	1	
6	7058	1	
7	16273	1	
7	12162	1	
7	2947	1	
7	13316	1	
7	1669	1	
7	6791	1	
7	14088	1	
7	14743	1	
7	6924	1	
7	16834	1	
7	10510	1	
7	2064	1	
7	14993	1	
7	22418	2	
7	17811	1	
7	17044	1	
7	22295	1	
7	17688	1	
7	17818	1	
7	10012	2	
7	5150	1	
7	12191	2	
7	20384	1	
7	5285	1	
7	13478	1	
7	11815	1	
7	5928	1	
7	8988	1	
7	20010	1	
7	6571	1	
7	12716	2	
7	3373	3	
7	21295	1	
7	11528	1	
7	4019	2	
7	12212	1	
7	18486	1	
7	12471	1	
7	1076	1	
7	11834	1	
7	11807	2	
7	16193	1	
7	5570	1	
7	20427	1	
7	12354	1	
7	2828	1	
7	13514	1	
7	5451	1	
7	20429	1	
7	4432	1	
7	21841	1	
7	2899	1	
7	14677	1	
7	9047	2	
7	15706	1	
7	10972	1	
7	8797	1	
7	4831	1	
7	7888	1	
7	2918	1	
7	7014	1	
7	3943	1	
7	20456	2	
7	22119	1	
7	21613	2	
7	14703	1	
7	2416	1	
7	1140	1	
7	1141	1	
7	22569	2	
7	11898	1	
7	16252	1	
7	17150	2	
8	7937	3	
8	7938	1	
8	3492	1	
8	19397	2	
8	11969	1	
8	22024	1	
8	3369	1	
8	8236	1	
8	3373	1	
8	7854	1	
8	20463	1	
8	3528	1	
8	19348	1	
8	14677	1	
8	19350	1	
8	8569	1	
8	18904	1	
8	1140	2	
8	1141	1	
9	7937	2	
9	7938	1	
9	20075	1	
9	8989	1	
9	3589	1	
9	9606	1	
9	19943	1	
9	11656	1	
9	22281	1	
9	12689	2	
9	3129	1	
9	9110	1	
9	12312	1	
9	3524	1	
9	17818	2	
9	7451	1	
9	22557	1	
9	4037	1	
9	13216	1	
9	9435	1	
9	13248	1	
9	20008	1	
9	8236	1	
9	9437	1	
9	22024	1	
9	19891	1	
9	13113	1	
9	20026	1	
9	1340	1	
9	5182	1	
9	22464	1	
9	17184	2	
9	12354	2	
9	19396	1	
9	13253	1	
9	3528	4	
9	9033	1	
9	20427	1	
9	3276	1	
9	4941	1	
9	14798	1	
9	9167	1	
9	9555	1	
9	9038	1	
9	14422	1	
9	12089	1	
9	11992	1	
9	17881	1	
9	14426	1	
9	6875	1	
9	10205	1	
9	2271	1	
9	9056	1	
9	19938	1	
9	2991	1	
9	9703	1	
9	20203	3	
9	21613	3	
9	7147	1	
9	9072	1	
9	22389	1	
9	18426	1	
9	17531	1	
10	17921	1	
10	3077	1	
10	3595	1	
10	11790	1	
10	10262	1	
10	22551	1	
10	15621	1	
10	4647	1	
10	22585	1	
10	7226	1	
10	21566	1	
10	12354	2	
10	10311	1	
10	12888	1	
10	18521	1	
10	14426	4	
10	20061	1	
10	21605	2	
10	22119	1	
10	22121	2	
10	20075	1	
10	21613	1	
10	14448	1	
10	7471	1	
10	18042	2	
10	4246	1	
10	21660	3	
10	9887	1	
10	4774	1	
10	9945	1	
10	683	1	
10	17068	2	
10	12505	2	
10	12508	1	
10	1757	1	
10	739	1	
10	22245	1	
10	3307	1	
10	12018	1	
10	3369	1	
10	2309	1	
10	19718	1	
10	19208	1	
10	4364	2	
10	18704	1	
10	12567	1	
10	7451	1	
10	18204	1	
10	2847	1	
10	17184	1	
10	10017	1	
10	13532	1	
10	15663	1	
10	15664	1	
10	12089	1	
10	10555	2	
10	20284	1	
10	20291	1	
10	22344	1	
10	17225	1	
10	20303	1	
10	19286	1	
10	14649	1	
10	6489	1	
10	1371	1	
10	15202	1	
10	7013	1	
10	3943	1	
10	12350	1	
10	16252	1	
10	9606	1	
10	20871	1	
10	2442	1	
10	12689	1	
10	22418	3	
10	17818	1	
10	17819	1	
10	2460	1	
10	6554	1	
10	14492	2	
10	11180	1	
10	13159	1	
10	13248	1	
10	3528	8	
10	15817	1	
10	14800	1	
10	3543	3	
10	10206	1	
10	18401	1	
10	19938	1	
10	19939	1	
10	11760	1	
10	3058	1	
11	13316	1	
11	17424	1	
11	9237	1	
11	20507	1	
11	20510	1	
11	20000	1	
11	18472	1	
11	8236	1	
11	1076	1	
11	12354	3	
11	21077	1	
11	3171	2	
11	22119	1	
11	21613	3	
11	13937	1	
11	1141	2	
11	11898	1	
11	13435	1	
11	11392	1	
11	13979	1	
11	3099	1	
11	14500	1	
11	22186	9	
11	17067	1	
11	17069	1	
11	20659	1	
11	18114	1	
11	21699	1	
11	9419	1	
11	7380	1	
11	15574	1	
11	6875	1	
11	13532	1	
11	8421	1	
11	16616	3	
11	12013	1	
11	10452	1	
11	14081	1	
11	7938	1	
11	19204	2	
11	2309	1	
11	19718	1	
11	19721	1	
11	4364	2	
11	7451	1	
11	8988	1	
11	20254	1	
11	3369	3	
11	5934	1	
11	7471	1	
11	5936	1	
11	15160	1	
11	12089	1	
11	18746	1	
11	3386	1	
11	1340	1	
11	2442	1	
11	9033	1	
11	11600	1	
11	14677	4	
11	2394	1	
11	20794	1	
11	15199	1	
11	22369	1	
11	15216	2	
11	10097	1	
11	1396	1	
11	12151	2	
11	19840	1	
11	16260	1	
11	901	1	
11	9606	1	
11	906	1	
11	16269	1	
11	22418	7	
11	16276	1	
11	17818	1	
11	2460	1	
11	20384	2	
11	13218	1	
11	16814	1	
11	2991	1	
11	22449	1	
11	13242	2	
11	19900	1	
11	7104	1	
11	3524	2	
11	3528	2	
11	15855	1	
11	11760	2	
11	10837	1	
12	11392	1	
12	7937	3	
12	7938	1	
12	3075	1	
12	13316	2	
12	19718	1	
12	6791	2	
12	22188	1	
12	20429	2	
12	17163	1	
12	15373	2	
12	21613	1	
12	7952	1	
12	20882	1	
12	19348	1	
12	4868	2	
12	17179	1	
12	19740	1	
12	22557	1	
12	19238	1	
12	22385	1	
12	3369	3	
12	9132	1	
12	1280	1	
12	17583	1	
12	7475	1	
12	9142	1	
12	15031	1	
12	1140	1	
12	16190	1	
12	6464	1	
12	8515	1	
12	21878	1	
12	4038	1	
12	6599	1	
12	3528	1	
12	12746	1	
12	587	1	
12	13389	1	
12	6734	1	
12	17549	1	
12	11600	1	
12	14033	1	
12	9043	1	
12	9684	1	
12	20053	2	
12	19162	2	
12	7055	1	
12	9437	1	
12	22418	1	
12	13937	1	
12	8988	1	
12	9169	1	
12	1256	1	
12	12265	1	
12	2407	2	
12	9234	1	
12	20463	1	
12	7471	1	
12	3058	1	
12	5259	1	
12	1141	2	
12	17910	1	
12	11511	1	
12	1147	2	
12	15701	1	
13	7938	1	
13	16131	1	
13	4868	1	
13	14469	1	
13	19718	2	
13	22551	1	
13	3468	1	
13	1669	1	
13	13452	1	
13	13516	1	
13	14485	1	
13	17881	1	
13	13316	2	
13	13978	1	
13	3055	1	
13	19740	2	
13	20570	1	
13	4382	1	
13	11381	1	
13	9606	1	
13	7463	1	
13	249	1	
13	3369	2	
13	12202	2	
13	22188	1	
13	11949	1	
13	7471	4	
13	12209	1	
13	14426	1	
13	19140	1	
13	21305	1	
13	12602	1	
13	10555	1	
13	700	1	
13	19133	1	
13	9918	1	
13	7999	1	
13	11969	1	
13	12354	3	
13	19523	1	
13	3524	1	
13	18758	1	
13	3528	2	
13	17996	1	
13	19019	1	
13	9292	1	
13	13389	1	
13	22426	1	
13	20047	1	
13	19664	1	
13	9043	1	
13	9684	1	
13	4381	1	
13	14422	1	
13	9047	1	
13	5337	1	
13	2394	1	
13	4187	1	
13	16220	2	
13	20026	1	
13	20061	1	
13	7236	1	
13	14689	1	
13	3171	1	
13	3684	2	
13	3685	1	
13	3332	1	
13	360	1	
13	6761	1	
13	18155	1	
13	6764	1	
13	19552	1	
13	14574	1	
13	15855	1	
13	6760	2	
13	1140	1	
13	1141	1	
13	4364	1	
13	18808	1	
13	10644	1	
13	11898	1	
13	1147	1	
13	6652	1	
13	2173	1	
13	10709	1	
14	12663	1	
14	14088	1	
14	2953	1	
14	20055	1	
14	19980	1	
14	17549	1	
14	1837	1	
14	17424	1	
14	3408	1	
14	21269	1	
14	19096	2	
14	9755	1	
14	8988	1	
14	11549	1	
14	5150	1	
14	15903	2	
14	3369	3	
14	17066	1	
14	9132	1	
14	12717	1	
14	7471	5	
14	19124	2	
14	11317	1	
14	8502	1	
14	20024	2	
14	20026	2	
14	5756	1	
14	21699	1	
14	4038	1	
14	3528	1	
14	9035	1	
14	13516	1	
14	13389	1	
14	718	1	
14	17229	1	
14	17872	3	
14	10709	1	
14	19286	1	
14	9047	3	
14	22232	1	
14	17881	5	
14	14426	1	
14	19420	1	
14	5985	1	
14	3631	1	
14	16616	1	
14	508	1	
14	3562	1	
14	3435	1	
14	364	1	
14	7533	1	
14	12656	1	
14	6760	1	
14	8306	1	
14	11381	1	
14	11511	1	
14	18808	1	
14	249	1	
14	11898	1	
14	16508	1	
14	22141	1	
14	12670	1	
15	12288	1	
15	9047	1	
15	17424	1	
15	10262	1	
15	22551	3	
15	22557	1	
15	5150	1	
15	6690	1	
15	21029	1	
15	20010	1	
15	8236	1	
15	1076	1	
15	6709	1	
15	20025	1	
15	20026	1	
15	16957	1	
15	12354	1	
15	8260	1	
15	13389	1	
15	12888	1	
15	14426	1	
15	3684	1	
15	22119	1	
15	6760	1	
15	13937	2	
15	5746	1	
15	1140	2	
15	18042	1	
15	1147	2	
15	1149	1	
15	13950	1	
15	13460	1	
15	13490	1	
15	2676	1	
15	19133	1	
15	2243	1	
15	13516	1	
15	9435	1	
15	14636	1	
15	21739	1	
15	19420	1	
15	11511	1	
15	249	1	
15	22271	1	
15	9686	1	
15	5383	1	
15	18185	1	
15	4364	1	
15	18194	1	
15	10006	1	
15	7451	1	
15	5409	1	
15	6875	1	
15	7463	1	
15	3369	2	
15	15660	3	
15	7471	1	
15	3888	4	
15	12089	1	
15	16190	1	
15	12100	2	
15	12103	1	
15	13129	1	
15	21305	1	
15	12110	1	
15	9043	1	
15	14677	1	
15	22585	2	
15	6489	1	
15	20831	1	
15	6496	1	
15	14689	1	
15	20851	1	
15	18808	1	
15	897	1	
15	9606	1	
15	20871	1	
15	9096	1	
15	21902	1	
15	8079	1	
15	22418	3	
15	6547	1	
15	9796	1	
15	9121	1	
15	4037	1	
15	3528	2	
15	20427	1	
15	17869	1	
15	17870	1	
15	17872	1	
15	9684	2	
15	4942	1	
15	10710	1	
15	19419	2	
15	7644	2	
15	10206	1	
15	19424	1	
15	15845	1	
15	8684	1	
15	15855	1	
15	12787	1	
15	20471	1	
16	13440	1	
16	3329	1	
16	7938	1	
16	16131	3	
16	16132	1	
16	901	3	
16	7937	2	
16	12352	1	
16	2442	1	
16	4364	2	
16	11600	1	
16	20010	2	
16	22418	3	
16	8579	2	
16	22551	3	
16	4868	1	
16	22426	4	
16	9884	1	
16	8180	1	
16	5150	1	
16	20255	1	
16	20384	1	
16	15266	1	
16	9435	3	
16	548	1	
16	21798	1	
16	12081	1	
16	18204	1	
16	22186	1	
16	17323	1	
16	8749	1	
16	20014	2	
16	3375	1	
16	12209	1	
16	1076	1	
16	15262	1	
16	19740	1	
16	19401	1	
16	22457	1	
16	13242	1	
16	12091	2	
16	906	1	
16	22464	2	
16	4960	2	
16	12354	1	
16	7039	1	
16	15457	1	
16	3528	4	
16	13452	1	
16	10709	1	
16	17042	1	
16	16135	1	
16	15953	1	
16	20818	1	
16	6691	1	
16	19719	1	
16	14677	3	
16	9047	1	
16	12888	2	
16	14426	1	
16	12891	1	
16	21980	4	
16	7645	1	
16	22368	1	
16	22369	1	
16	6459	1	
16	7911	1	
16	9831	1	
16	21613	1	
16	238	1	
16	14448	1	
16	13937	1	
16	2899	2	
16	9607	1	
16	11381	1	
16	3369	1	
16	12153	1	
16	1147	2	
16	10365	1	
16	12927	3	
17	897	1	
17	16131	1	
17	901	1	
17	19718	1	
17	22024	1	
17	22551	1	
17	4364	2	
17	12354	1	
17	7056	1	
17	14993	2	
17	14492	1	
17	22423	1	
17	2460	1	
17	15771	3	
17	7964	1	
17	22557	1	
17	11934	1	
17	9887	1	
17	21798	1	
17	15217	1	
17	3369	2	
17	1067	1	
17	2990	2	
17	2991	1	
17	20686	1	
17	16434	1	
17	1076	1	
17	6709	1	
17	950	1	
17	13129	2	
17	18463	1	
17	831	1	
17	22464	3	
17	4290	1	
17	8771	2	
17	9543	1	
17	6984	1	
17	15817	2	
17	6986	1	
17	6741	1	
17	14668	4	
17	22426	1	
17	11600	1	
17	14673	3	
17	3171	1	
17	7637	1	
17	12888	2	
17	20953	1	
17	15976	1	
17	19938	1	
17	13243	1	
17	7396	1	
17	22245	1	
17	4049	1	
17	360	1	
17	19052	1	
17	20882	1	
17	15855	1	
17	7920	1	
17	7471	1	
17	2309	1	
17	18808	1	
17	11898	1	
17	11714	1	
17	18686	2	
17	14677	1	
18	15361	1	
18	13316	3	
18	11521	1	
18	8962	1	
18	18455	1	
18	22557	2	
18	3113	1	
18	3629	1	
18	4019	1	
18	18997	1	
18	8765	1	
18	8766	1	
18	9791	1	
18	12354	1	
18	15441	1	
18	6741	1	
18	12888	1	
18	19549	1	
18	3171	2	
18	19052	1	
18	22127	1	
18	13937	1	
18	1140	1	
18	1141	1	
18	10360	1	
18	11385	2	
18	11898	1	
18	1147	1	
18	2173	1	
18	10889	3	
18	13452	1	
18	14500	1	
18	19113	1	
18	17066	1	
18	4267	1	
18	14509	2	
18	6600	1	
18	18111	2	
18	2243	2	
18	18119	1	
18	13516	1	
18	21739	1	
18	11501	1	
18	7937	3	
18	7938	1	
18	4364	1	
18	15117	1	
18	7451	1	
18	4900	1	
18	7471	1	
18	15664	1	
18	15160	1	
18	3392	1	
18	20803	1	
18	9543	4	
18	328	1	
18	20303	1	
18	9043	1	
18	14677	5	
18	19286	2	
18	7014	1	
18	364	1	
18	18806	1	
18	6011	1	
18	904	2	
18	2442	1	
18	2443	1	
18	17806	1	
18	17807	1	
18	20882	1	
18	17811	1	
18	19862	1	
18	12183	1	
18	920	1	
18	22426	3	
18	1947	1	
18	2460	1	
18	12190	1	
18	12699	2	
18	4007	1	
18	13737	1	
18	8626	1	
18	435	1	
18	12702	3	
18	3006	1	
18	22464	1	
18	19397	1	
18	13255	1	
18	3528	1	
18	15824	1	
18	4049	1	
18	13778	1	
18	8161	1	
18	5619	1	
18	8184	1	
19	588	1	
19	7937	1	
19	7938	1	
19	18596	1	
19	13316	1	
19	9606	1	
19	8961	1	
19	2442	1	
19	8203	1	
19	13452	1	
19	22418	1	
19	2947	1	
19	916	1	
19	22423	3	
19	15620	1	
19	1946	1	
19	12699	1	
19	12700	1	
19	22426	2	
19	12702	1	
19	20255	2	
19	17185	1	
19	16804	1	
19	16295	1	
19	11817	1	
19	20010	1	
19	22188	2	
19	1069	1	
19	20142	2	
19	2351	1	
19	8803	1	
19	9886	1	
19	19740	1	
19	12471	1	
19	12089	1	
19	14495	1	
19	20030	1	
19	13941	1	
19	15808	1	
19	12354	2	
19	3524	1	
19	9543	1	
19	6984	1	
19	14668	1	
19	6986	2	
19	15820	1	
19	20429	1	
19	15439	1	
19	4049	2	
19	467	1	
19	9047	1	
19	18393	1	
19	9435	1	
19	8801	1	
19	3171	1	
19	2407	1	
19	6760	1	
19	10407	1	
19	238	1	
19	18287	1	
19	14448	1	
19	22557	1	
19	1140	1	
19	1141	1	
19	12151	1	
19	2040	1	
19	4986	1	
19	15997	1	
20	4992	1	
20	8193	1	
20	8834	1	
20	15491	1	
20	13452	1	
20	18582	1	
20	19718	1	
20	17671	1	
20	19336	2	
20	8585	1	
20	2442	1	
20	17163	1	
20	4364	1	
20	5005	1	
20	15118	3	
20	8208	1	
20	19346	2	
20	15863	1	
20	17070	1	
20	14486	1	
20	13887	1	
20	22426	2	
20	19226	1	
20	16543	1	
20	20260	1	
20	19238	1	
20	12199	1	
20	3369	2	
20	3629	1	
20	3246	1	
20	3633	1	
20	1074	1	
20	9651	1	
20	1076	1	
20	22581	1	
20	15113	4	
20	2640	1	
20	1140	1	
20	8636	1	
20	16190	1	
20	11381	1	
20	7104	1	
20	11714	1	
20	8515	1	
20	17988	1	
20	4037	1	
20	4038	4	
20	19553	1	
20	17818	1	
20	9033	1	
20	17530	1	
20	587	1	
20	13516	2	
20	12110	1	
20	9167	1	
20	8771	1	
20	6609	1	
20	14677	1	
20	8026	1	
20	1669	1	
20	16220	1	
20	11898	2	
20	11511	1	
20	14689	3	
20	19938	1	
20	3528	1	
20	2278	1	
20	22119	3	
20	19048	1	
20	2025	1	
20	20803	1	
20	21613	1	
20	239	1	
20	11760	1	
20	3954	2	
20	12151	1	
20	3060	1	
20	13301	1	
20	8425	1	
20	21880	1	
20	4986	6	
20	1147	1	
20	13072	1	
20	3711	1	
21	8833	1	
21	8834	3	
21	13059	1	
21	19204	1	
21	8022	1	
21	2442	1	
21	4364	1	
21	11992	1	
21	5266	1	
21	19989	1	
21	11158	1	
21	11546	1	
21	19375	1	
21	1754	1	
21	14623	1	
21	1696	2	
21	2736	1	
21	2085	1	
21	4006	1	
21	9895	1	
21	3369	2	
21	12330	1	
21	5804	1	
21	15790	1	
21	17127	1	
21	11568	1	
21	1074	1	
21	11486	1	
21	9398	1	
21	16220	1	
21	11192	1	
21	12089	1	
21	20106	1	
21	12734	1	
21	3009	1	
21	17608	1	
21	20108	1	
21	5325	1	
21	12110	1	
21	6609	1	
21	14677	1	
21	16470	1	
21	20055	1	
21	2648	1	
21	857	1	
21	19290	1	
21	13532	1	
21	4986	3	
21	8158	1	
21	6606	1	
21	19938	1	
21	739	2	
21	9316	1	
21	22119	1	
21	12265	1	
21	5995	1	
21	1917	1	
21	13937	1	
21	20468	1	
21	1918	1	
21	11511	1	
21	21880	2	
21	11514	1	
21	11771	1	
21	22140	2	
21	4989	2	
21	18046	1	
22	4992	1	
22	19958	1	
22	13954	1	
22	18181	1	
22	19718	1	
22	19335	1	
22	15496	2	
22	15113	1	
22	2442	1	
22	7180	1	
22	17549	1	
22	6926	1	
22	15119	1	
22	9237	1	
22	5910	1	
22	17818	1	
22	8988	1	
22	16543	2	
22	12580	1	
22	11815	1	
22	22568	1	
22	3369	4	
22	6791	1	
22	20780	1	
22	7471	1	
22	328	1	
22	19891	1	
22	19124	1	
22	8798	1	
22	22585	1	
22	22589	1	
22	9791	1	
22	3589	1	
22	22082	1	
22	15939	1	
22	4037	2	
22	3528	2	
22	4364	1	
22	9132	1	
22	6606	1	
22	8184	1	
22	2275	1	
22	14677	1	
22	15574	1	
22	17881	1	
22	14426	1	
22	16220	1	
22	18141	1	
22	10206	1	
22	9061	1	
22	14689	1	
22	739	1	
22	1765	1	
22	5864	1	
22	8043	1	
22	8232	1	
22	21878	1	
22	11511	1	
22	21880	1	
22	4986	2	
22	18174	1	
23	8579	1	
23	4868	1	
23	18181	1	
23	6790	1	
23	17671	2	
23	905	1	
23	11787	1	
23	11664	1	
23	7059	1	
23	3694	1	
23	5252	1	
23	2460	1	
23	5150	2	
23	4037	1	
23	20384	1	
23	931	2	
23	20260	1	
23	22086	1	
23	19238	2	
23	3369	1	
23	6954	1	
23	9351	1	
23	20528	2	
23	12081	1	
23	7348	1	
23	11913	1	
23	8892	1	
23	7877	1	
23	12870	1	
23	9543	1	
23	3528	2	
23	8906	2	
23	12471	1	
23	22100	2	
23	12888	1	
23	8153	1	
23	6588	1	
23	13532	1	
23	12637	1	
23	2782	1	
23	20319	1	
23	22368	1	
23	14689	1	
23	6633	1	
23	20203	1	
23	3692	1	
23	21613	1	
23	7278	2	
23	17159	1	
23	13937	1	
23	13255	1	
23	11817	1	
23	2552	1	
24	12288	1	
24	8193	1	
24	13316	2	
24	17424	3	
24	1048	1	
24	20507	1	
24	11292	2	
24	22557	1	
24	5150	2	
24	22571	1	
24	20528	2	
24	20018	1	
24	6709	1	
24	18486	1	
24	14903	1	
24	12354	1	
24	8261	1	
24	22086	1	
24	14689	1	
24	15117	1	
24	22100	2	
24	6741	1	
24	15448	1	
24	9826	1	
24	22119	1	
24	8810	1	
24	22123	1	
24	7278	3	
24	7279	2	
24	3696	1	
24	21617	1	
24	11385	1	
24	11898	1	
24	2173	1	
24	6787	1	
24	22492	1	
24	14477	1	
24	19096	1	
24	4038	1	
24	17066	1	
24	683	1	
24	17071	1	
24	6089	1	
24	8387	1	
24	16582	1	
24	12663	1	
24	17621	1	
24	9971	1	
24	13567	1	
24	2309	3	
24	17671	1	
24	4364	3	
24	18701	1	
24	17681	1	
24	20255	1	
24	15143	3	
24	15144	2	
24	3369	2	
24	6954	1	
24	831	1	
24	16706	1	
24	9543	1	
24	12108	1	
24	4941	1	
24	11600	3	
24	14677	1	
24	22369	1	
24	9069	1	
24	12151	2	
24	10644	1	
24	3460	1	
24	12170	1	
24	2446	1	
24	22418	2	
24	19348	1	
24	17818	2	
24	17819	1	
24	3485	1	
24	931	2	
24	4007	1	
24	17322	1	
24	12716	1	
24	2990	1	
24	2991	2	
24	5567	1	
24	7104	1	
24	11714	1	
24	4037	2	
24	21958	1	
24	19911	1	
24	3528	1	
24	15817	1	
24	15819	1	
24	20429	1	
24	10709	1	
24	7644	1	
24	19938	1	
24	17396	1	
24	11771	2	
24	14845	1	
25	14592	2	
25	8449	1	
25	14081	2	
25	18185	1	
25	18574	1	
25	15119	1	
25	22032	2	
25	2756	1	
25	17818	1	
25	22557	1	
25	2590	1	
25	18463	1	
25	21794	1	
25	7463	1	
25	3369	1	
25	22442	3	
25	3375	1	
25	12081	1	
25	12341	1	
25	950	1	
25	10040	2	
25	6457	1	
25	8636	1	
25	18111	1	
25	15808	1	
25	8641	1	
25	22464	1	
25	14283	1	
25	17720	1	
25	11604	1	
25	14677	2	
25	11992	1	
25	11791	2	
25	8158	1	
25	18528	1	
25	20329	1	
25	18030	1	
25	20209	1	
25	1140	1	
25	1141	2	
25	8566	2	
25	4329	1	
25	7380	1	
25	1147	1	
26	14592	1	
26	19072	1	
26	12162	1	
26	7427	1	
26	13316	2	
26	21699	1	
26	9606	1	
26	17163	1	
26	12354	1	
26	12558	1	
26	22032	2	
26	3858	2	
26	11283	1	
26	4884	2	
26	5806	1	
26	9496	1	
26	17818	2	
26	7451	1	
26	17183	1	
26	20256	1	
26	19238	1	
26	5927	1	
26	22442	1	
26	7854	1	
26	21935	1	
26	7475	1	
26	7476	1	
26	19578	1	
26	19133	1	
26	11787	1	
26	8641	1	
26	4418	1	
26	20803	1	
26	12743	1	
26	19016	1	
26	20170	1	
26	20427	2	
26	13388	1	
26	7885	1	
26	20302	2	
26	7888	1	
26	20562	1	
26	14677	1	
26	11285	1	
26	2525	1	
26	10975	1	
26	22500	1	
26	20457	1	
26	2666	1	
26	7279	1	
26	5484	1	
26	21613	2	
26	879	1	
26	1140	2	
26	16814	1	
26	17271	1	
26	6606	1	
26	17529	1	
26	4986	1	
26	1147	1	
26	22140	1	
26	637	1	
26	18046	1	
26	14037	1	
27	14081	1	
27	9347	1	
27	13316	2	
27	6791	1	
27	14600	1	
27	8236	1	
27	15115	1	
27	8716	1	
27	13710	2	
27	5780	1	
27	5269	1	
27	8342	1	
27	15660	1	
27	22426	1	
27	5915	1	
27	9244	1	
27	13658	2	
27	20384	2	
27	11385	1	
27	9047	1	
27	5927	1	
27	22442	3	
27	1580	1	
27	19501	1	
27	20509	1	
27	3528	1	
27	7985	1	
27	17467	1	
27	5565	1	
27	20547	1	
27	19396	1	
27	7749	1	
27	12360	1	
27	13516	1	
27	395	1	
27	12878	1	
27	4944	1	
27	4818	1	
27	10214	1	
27	9684	1	
27	14677	1	
27	9046	1	
27	855	1	
27	5208	1	
27	2394	1	
27	13019	1	
27	11612	2	
27	12510	1	
27	18528	1	
27	5986	1	
27	8421	1	
27	17638	1	
27	22140	1	
27	18540	1	
27	16641	1	
27	18287	1	
27	1140	3	
27	1141	1	
27	18391	1	
27	15097	1	
27	11514	1	
27	5244	1	
27	21629	1	
27	5246	1	
27	13951	1	
28	14592	1	
28	13316	1	
28	17290	1	
28	18052	1	
28	7451	1	
28	8479	1	
28	5795	1	
28	12842	1	
28	6571	1	
28	3254	1	
28	6713	1	
28	17162	1	
28	17470	1	
28	3528	1	
28	13514	1	
28	11215	2	
28	11603	1	
28	1493	1	
28	15832	1	
28	14426	1	
28	8158	1	
28	13663	2	
28	19943	1	
28	20076	1	
28	11373	1	
28	18287	1	
28	21878	1	
28	2684	1	
28	19285	1	
29	14592	3	
29	16641	1	
29	3075	1	
29	6791	1	
29	7432	1	
29	9610	1	
29	20491	1	
29	12558	1	
29	22032	1	
29	13030	1	
29	9234	1	
29	3203	1	
29	14484	1	
29	18583	1	
29	15514	1	
29	9755	1	
29	8988	1	
29	7072	1	
29	20774	2	
29	2460	1	
29	22442	1	
29	3373	1	
29	16174	1	
29	4366	1	
29	10206	1	
29	7478	1	
29	20297	1	
29	15545	1	
29	16831	1	
29	12354	1	
29	19396	1	
29	9157	1	
29	11590	1	
29	19017	1	
29	13516	1	
29	20429	1	
29	20302	1	
29	11600	1	
29	16850	1	
29	19285	1	
29	15704	1	
29	13403	1	
29	6876	1	
29	13022	1	
29	7138	1	
29	19938	1	
29	15845	2	
29	2278	1	
29	22119	1	
29	18030	1	
29	1140	1	
29	1141	1	
29	3321	1	
29	12026	1	
29	2684	1	
29	9854	1	
29	14677	1	
30	1280	1	
30	15105	1	
30	13316	1	
30	9606	1	
30	395	1	
30	4364	2	
30	11789	1	
30	13710	3	
30	7055	1	
30	22551	2	
30	9496	1	
30	8857	1	
30	3484	1	
30	5150	1	
30	8479	1	
30	8992	1	
30	14114	1	
30	11850	1	
30	2085	1	
30	3633	1	
30	20170	1	
30	19113	1	
30	22442	2	
30	4992	1	
30	19548	1	
30	9777	1	
30	15774	1	
30	10934	1	
30	10040	1	
30	13242	1	
30	18491	1	
30	18108	2	
30	9418	1	
30	20798	1	
30	10972	1	
30	4161	1	
30	2629	1	
30	16198	1	
30	16199	1	
30	11336	1	
30	20172	1	
30	19274	1	
30	587	1	
30	13516	1	
30	4941	1	
30	14592	1	
30	20177	1	
30	16850	1	
30	14037	1	
30	13910	1	
30	20695	2	
30	16092	1	
30	8158	1	
30	21605	1	
30	1303	1	
30	14689	1	
30	17637	2	
30	9831	1	
30	4668	1	
30	21613	1	
30	14498	1	
30	12663	1	
30	16831	1	
30	22140	2	
30	14677	1	
31	6146	1	
31	1411	1	
31	2114	1	
31	9355	1	
31	4364	4	
31	9357	1	
31	8079	1	
31	22418	1	
31	16276	1	
31	22551	1	
31	11546	1	
31	12655	1	
31	14492	1	
31	3369	2	
31	18218	1	
31	3373	1	
31	11714	1	
31	7474	1	
31	1396	1	
31	8978	1	
31	5565	1	
31	21613	2	
31	12354	1	
31	18571	1	
31	6089	1	
31	11850	1	
31	12108	2	
31	20818	1	
31	6875	1	
31	11771	1	
31	8422	1	
31	16743	1	
31	16616	1	
31	9069	1	
31	1410	1	
31	20463	1	
31	1140	1	
31	1147	1	
31	14589	1	
32	3075	1	
32	2442	1	
32	4364	2	
32	16706	1	
32	18345	1	
32	18962	1	
32	2025	1	
32	17044	1	
32	5337	1	
32	22437	1	
32	22426	1	
32	2460	1	
32	15133	1	
32	3102	1	
32	14322	1	
32	9435	1	
32	14500	1	
32	21797	1	
32	3369	1	
32	683	1	
32	8236	1	
32	12018	1	
32	947	1	
32	1076	1	
32	21814	1	
32	21364	1	
32	10636	1	
32	19133	1	
32	20798	1	
32	5570	1	
32	4037	1	
32	12360	1	
32	9033	1	
32	8906	1	
32	17612	1	
32	12110	1	
32	6867	1	
32	14677	3	
32	4823	1	
32	15448	1	
32	15705	1	
32	22082	1	
32	1371	1	
32	10972	1	
32	22418	1	
32	18911	1	
32	9056	1	
32	2407	1	
32	8988	1	
32	999	1	
32	16616	1	
32	14492	1	
32	12007	1	
32	9069	1	
32	11887	1	
32	20209	1	
32	5106	1	
32	18420	1	
32	1141	3	
32	11305	1	
32	13950	1	
33	8193	1	
33	13316	1	
33	4617	1	
33	2064	1	
33	22617	1	
33	22557	1	
33	18472	1	
33	11817	1	
33	20010	1	
33	4651	1	
33	1076	1	
33	11835	1	
33	10815	1	
33	2113	1	
33	12354	1	
33	13388	2	
33	9816	1	
33	10329	1	
33	19555	1	
33	2661	1	
33	22121	1	
33	2666	1	
33	3692	1	
33	13937	1	
33	1140	1	
33	3702	1	
33	11385	2	
33	11898	1	
33	637	2	
33	15491	1	
33	13452	1	
33	5781	2	
33	13978	1	
33	7332	1	
33	19113	1	
33	10410	2	
33	683	1	
33	14016	1	
33	2243	1	
33	13516	2	
33	15574	1	
33	9435	1	
33	1256	1	
33	5867	1	
33	14973	1	
33	18688	1	
33	3627	1	
33	2834	1	
33	19229	1	
33	19238	1	
33	7471	1	
33	10545	1	
33	12089	1	
33	10044	3	
33	15754	1	
33	329	1	
33	14677	2	
33	2903	1	
33	14689	1	
33	7010	1	
33	8043	2	
33	9069	2	
33	10101	1	
33	10102	3	
33	10103	1	
33	19093	1	
33	2951	1	
33	9610	2	
33	22418	1	
33	22426	1	
33	13466	1	
33	7584	1	
33	2991	2	
33	13242	1	
33	19396	1	
33	4037	1	
33	4038	1	
33	19401	1	
33	15820	1	
33	4049	1	
33	19939	1	
33	15845	1	
33	2025	1	
33	20463	1	
33	5618	1	
33	9716	1	
33	1526	2	
33	9720	1	
33	11771	1	
33	6997	1	
34	18688	2	
34	18689	1	
34	5355	1	
34	8964	1	
34	18693	1	
34	22024	2	
34	18185	1	
34	22551	2	
34	12354	1	
34	22414	1	
34	8079	1	
34	16017	1	
34	22418	3	
34	8579	1	
34	22421	1	
34	5271	1	
34	17818	1	
34	11547	1	
34	19740	1	
34	22557	2	
34	15903	1	
34	16416	1	
34	21793	1	
34	12089	1	
34	9435	1	
34	20389	1	
34	7463	1	
34	8988	1	
34	683	1	
34	1580	1	
34	16301	1	
34	7471	1	
34	18736	1	
34	3633	1	
34	4146	1	
34	7823	1	
34	13912	1	
34	17591	1	
34	17396	2	
34	13884	1	
34	5182	1	
34	16575	1	
34	16834	1	
34	2873	1	
34	9654	1	
34	6984	1	
34	1396	1	
34	20427	2	
34	11992	1	
34	2509	1	
34	22426	2	
34	15567	1	
34	11600	1	
34	7453	1	
34	14677	1	
34	13910	1	
34	9047	1	
34	15448	1	
34	18191	1	
34	9437	1	
34	20303	1	
34	18911	1	
34	7520	1	
34	14800	1	
34	2914	2	
34	8421	1	
34	17807	1	
34	8043	5	
34	13357	1	
34	9069	3	
34	18030	1	
34	21613	1	
34	13937	1	
34	21839	1	
34	20468	1	
34	1147	2	
34	11714	1	
34	5246	2	
34	22385	1	
35	16384	1	
35	7938	1	
35	12007	1	
35	13704	1	
35	18442	3	
35	13452	1	
35	22414	1	
35	7055	1	
35	13388	1	
35	14574	1	
35	5271	2	
35	22426	2	
35	3375	1	
35	14492	1	
35	18030	2	
35	20384	1	
35	7463	1	
35	3369	2	
35	22557	1	
35	8749	1	
35	7471	1	
35	18736	2	
35	6450	1	
35	1076	1	
35	5301	1	
35	17463	1	
35	21305	1	
35	13884	1	
35	9610	1	
35	1141	1	
35	12481	1	
35	11714	1	
35	2273	1	
35	4364	1	
35	13514	1	
35	17996	1	
35	9167	1	
35	15441	1	
35	13778	1	
35	7380	1	
35	14677	3	
35	9047	1	
35	9816	1	
35	14479	1	
35	18420	1	
35	7903	1	
35	4960	1	
35	22369	1	
35	11515	1	
35	7780	1	
35	8422	1	
35	2279	2	
35	8043	1	
35	9069	3	
35	19310	1	
35	19133	1	
35	19314	1	
35	1140	1	
35	17396	2	
35	11381	1	
35	14584	1	
35	4602	1	
35	1147	1	
35	5246	1	
36	1280	1	
36	3201	1	
36	6571	1	
36	16260	2	
36	13078	1	
36	1793	1	
36	1068	1	
36	15666	1	
36	9227	1	
36	14988	1	
36	1218	1	
36	12717	1	
36	8208	1	
36	13969	1	
36	2307	1	
36	12182	1	
36	22489	1	
36	13316	2	
36	16794	1	
36	9755	1	
36	6441	1	
36	7903	1	
36	1797	1	
36	4384	1	
36	545	1	
36	19107	2	
36	9380	1	
36	5797	1	
36	8487	1	
36	11946	1	
36	5929	1	
36	19626	1	
36	13611	1	
36	8236	1	
36	3629	1	
36	18222	1	
36	3631	1	
36	17968	1	
36	6489	1	
36	9651	1	
36	3373	1	
36	3382	1	
36	12202	1	
36	12089	1	
36	21295	1	
36	20255	1	
36	13514	1	
36	4831	3	
36	4019	1	
36	12226	1	
36	20291	1	
36	12354	1	
36	4038	1	
36	8906	1	
36	1099	1	
36	6417	1	
36	20429	3	
36	21841	1	
36	10019	1	
36	9684	1	
36	9816	1	
36	11353	1	
36	16092	1	
36	15268	1	
36	18911	1	
36	2704	1	
36	13924	1	
36	13925	1	
36	7471	3	
36	1256	1	
36	21613	3	
36	20463	1	
36	3568	1	
36	13937	3	
36	3314	1	
36	17523	1	
36	1140	1	
36	1141	1	
36	12151	1	
36	15096	2	
36	1147	3	
36	20477	2	
36	11414	1	
