1	8449	1	
1	9479	1	
1	8079	1	
1	21392	1	
1	15128	1	
1	14618	1	
1	797	1	
1	11806	1	
1	9887	1	
1	21536	1	
1	15651	1	
1	20389	1	
1	1841	1	
1	3629	1	
1	20782	1	
1	12848	1	
1	433	1	
1	19767	1	
1	3258	1	
1	18108	1	
1	3519	1	
1	6464	1	
1	9543	1	
1	7628	1	
1	9038	1	
1	9167	1	
1	20856	1	
1	21586	1	
1	10963	1	
1	13398	1	
1	9047	1	
1	9146	1	
1	18783	1	
1	17016	1	
2	12288	1	
2	1537	1	
2	18955	1	
2	22551	1	
2	4843	1	
2	18073	1	
2	22571	1	
2	3629	1	
2	6711	1	
2	13881	1	
2	6203	2	
2	578	1	
2	1092	1	
2	7752	1	
2	1099	1	
2	588	1	
2	19725	1	
2	13398	4	
2	1118	1	
2	5216	1	
2	609	1	
2	22119	1	
2	11887	1	
2	13937	1	
2	1141	1	
2	10360	1	
2	3711	1	
2	20100	1	
2	18053	1	
2	18056	1	
2	3948	1	
2	17602	1	
2	10897	1	
2	6296	1	
2	14489	1	
2	18082	1	
2	5800	1	
2	15532	1	
2	5806	1	
2	19133	1	
2	7874	1	
2	8993	1	
2	16075	1	
2	719	1	
2	7888	1	
2	7380	1	
2	20695	1	
2	14552	1	
2	4826	1	
2	15567	1	
2	1757	1	
2	4831	2	
2	10976	1	
2	720	1	
2	21227	1	
2	22252	1	
2	17140	1	
2	21240	1	
2	8449	3	
2	4868	1	
2	2309	1	
2	12673	1	
2	6413	1	
2	6421	1	
2	18052	1	
2	19740	2	
2	18736	1	
2	16223	1	
2	1833	1	
2	21295	2	
2	17200	1	
2	11059	1	
2	21305	1	
2	6464	1	
2	15184	1	
2	18772	1	
2	14677	1	
2	1375	1	
2	3217	1	
2	364	1	
2	6000	1	
2	16242	1	
2	13174	1	
2	20343	1	
2	7041	2	
2	18819	1	
2	17290	1	
2	395	2	
2	10638	1	
2	917	1	
2	3991	1	
2	18841	1	
2	7663	1	
2	925	1	
2	7086	1	
2	11186	1	
2	11187	1	
2	6070	1	
2	22464	1	
2	5058	1	
2	13763	1	
2	7110	1	
2	13388	1	
2	16333	1	
2	11726	1	
2	13778	1	
2	919	1	
2	9686	1	
2	15439	1	
2	10725	1	
2	7660	1	
2	16367	1	
2	18420	1	
3	12288	1	
3	8449	4	
3	15280	1	
3	4868	1	
3	4795	1	
3	6790	1	
3	2860	1	
3	8236	1	
3	11914	1	
3	7563	1	
3	11264	1	
3	9069	1	
3	10257	1	
3	9876	1	
3	17814	1	
3	3991	3	
3	8600	1	
3	20519	1	
3	17435	1	
3	1375	1	
3	16798	1	
3	14545	1	
3	5936	1	
3	16803	1	
3	6150	1	
3	12336	1	
3	15528	1	
3	17106	1	
3	21632	1	
3	22188	1	
3	9901	1	
3	21295	1	
3	17840	1	
3	1969	1	
3	1074	1	
3	17331	1	
3	12852	1	
3	21757	1	
3	12343	1	
3	9873	1	
3	11067	1	
3	21692	1	
3	19133	1	
3	6389	1	
3	6464	1	
3	22209	1	
3	10920	1	
3	19396	1	
3	22346	1	
3	13388	2	
3	14592	1	
3	21889	1	
3	7889	1	
3	21586	1	
3	10915	1	
3	15889	1	
3	7637	1	
3	13398	2	
3	9816	1	
3	15706	1	
3	14686	1	
3	1141	1	
3	15971	1	
3	7782	1	
3	10897	1	
3	12220	1	
3	19050	1	
3	9831	1	
3	11932	1	
3	21613	1	
3	5629	1	
3	13937	1	
3	3260	1	
3	6644	1	
3	6901	1	
3	15273	1	
3	9645	1	
3	19478	1	
3	8233	1	
3	15613	1	
3	6270	1	
3	14677	1	
4	19460	1	
4	18952	1	
4	22032	2	
4	4116	1	
4	19478	1	
4	6489	1	
4	10264	1	
4	10265	1	
4	13850	1	
4	17947	1	
4	18460	1	
4	13853	1	
4	13316	1	
4	15903	1	
4	17440	1	
4	18267	1	
4	5669	1	
4	1576	1	
4	16430	2	
4	16431	1	
4	1076	2	
4	12343	1	
4	6713	1	
4	5935	1	
4	12354	1	
4	18108	1	
4	1092	1	
4	15432	1	
4	17485	1	
4	12878	1	
4	15439	1	
4	21586	2	
4	7765	1	
4	5210	1	
4	8797	1	
4	18528	1	
4	12897	1	
4	16998	1	
4	22119	1	
4	21692	1	
4	4719	1	
4	13425	1	
4	4722	1	
4	21621	1	
4	3190	1	
4	5755	1	
4	20095	1	
4	5760	1	
4	9152	1	
4	13444	1	
4	1669	2	
4	646	1	
4	11922	1	
4	1174	1	
4	14488	1	
4	18075	1	
4	20125	2	
4	13475	1	
4	17576	1	
4	22188	1	
4	9901	1	
4	13389	1	
4	11439	1	
4	19124	1	
4	22200	1	
4	20154	1	
4	8892	3	
4	9919	1	
4	718	1	
4	719	1	
4	5841	1	
4	4818	1	
4	12501	1	
4	9432	1	
4	10975	1	
4	7904	1	
4	21733	1	
4	13543	1	
4	16616	1	
4	20690	1	
4	12018	4	
4	16120	2	
4	11823	1	
4	15102	1	
4	8449	1	
4	11522	3	
4	2310	1	
4	20234	1	
4	4364	2	
4	5390	1	
4	22232	1	
4	15128	1	
4	21295	1	
4	4381	1	
4	4382	1	
4	8837	1	
4	4385	1	
4	10530	1	
4	475	1	
4	19238	1	
4	5929	1	
4	16682	1	
4	1837	1	
4	7471	2	
4	1844	2	
4	5431	1	
4	5433	1	
4	5435	1	
4	6464	1	
4	6711	1	
4	21845	1	
4	4438	1	
4	11607	1	
4	1369	1	
4	13658	1	
4	8539	1	
4	13663	1	
4	5996	1	
4	9069	1	
4	6511	1	
4	15216	1	
4	7537	1	
4	16242	1	
4	7889	1	
4	12670	1	
4	12673	1	
4	3991	1	
4	11665	1	
4	22418	1	
4	14743	1	
4	3992	1	
4	4509	1	
4	20384	1	
4	15273	1	
4	18077	1	
4	12728	1	
4	22457	1	
4	12218	1	
4	3519	1	
4	22464	1	
4	17490	1	
4	9167	2	
4	7637	1	
4	18393	1	
4	11855	1	
4	10205	3	
4	5095	1	
4	12779	1	
4	13293	1	
4	15855	1	
4	13817	1	
4	16891	1	
4	15869	1	
4	18005	1	
5	12288	1	
5	515	1	
5	13832	1	
5	13837	1	
5	17424	1	
5	15903	1	
5	3629	2	
5	16430	1	
5	16431	2	
5	1544	1	
5	1076	1	
5	17973	1	
5	6715	2	
5	12349	1	
5	12354	1	
5	20547	1	
5	3652	2	
5	16966	1	
5	588	3	
5	10832	1	
5	18005	1	
5	15448	1	
5	5391	1	
5	3157	1	
5	98	1	
5	7782	2	
5	14952	2	
5	10858	1	
5	15980	1	
5	18029	1	
5	3182	1	
5	6770	1	
5	1141	1	
5	6777	1	
5	6269	1	
5	21781	1	
5	3201	1	
5	12930	1	
5	18055	1	
5	18540	1	
5	19595	1	
5	3220	1	
5	21305	2	
5	19607	1	
5	12961	1	
5	15528	1	
5	17692	1	
5	9901	1	
5	17070	1	
5	19124	1	
5	11449	1	
5	4795	1	
5	21692	1	
5	19133	2	
5	12481	1	
5	5829	3	
5	7880	1	
5	5321	1	
5	15562	1	
5	2763	1	
5	11471	1	
5	16592	1	
5	7380	1	
5	15567	1	
5	15583	1	
5	3536	2	
5	7397	1	
5	19183	1	
5	1266	1	
5	4867	1	
5	773	2	
5	1921	1	
5	4364	2	
5	1922	1	
5	19726	1	
5	12559	1	
5	2322	1	
5	4884	1	
5	16661	1	
5	21782	3	
5	2840	1	
5	2841	1	
5	284	1	
5	8989	1	
5	4894	1	
5	7455	1	
5	292	1	
5	5425	1	
5	19764	2	
5	1844	1	
5	6976	1	
5	17741	1	
5	12110	1	
5	21841	1	
5	21333	1	
5	9047	1	
5	1895	1	
5	9069	1	
5	3962	2	
5	17788	1	
5	1917	1	
5	1918	2	
5	17793	1	
5	17794	1	
5	662	1	
5	16778	1	
5	3991	1	
5	11160	1	
5	4003	1	
5	19364	1	
5	9637	1	
5	4006	1	
5	4521	1	
5	11180	1	
5	16302	1	
5	5551	1	
5	18352	1	
5	7601	1	
5	1465	1	
5	16831	1	
5	22464	2	
5	11714	3	
5	13764	1	
5	17569	1	
5	15820	1	
5	2000	1	
5	14290	1	
5	16354	1	
5	14822	1	
5	12625	1	
5	15338	1	
5	2541	1	
5	11760	2	
5	12799	1	
6	2179	1	
6	19460	2	
6	14807	1	
6	15752	1	
6	4746	1	
6	9867	1	
6	4364	2	
6	3981	1	
6	9645	1	
6	21264	1	
6	17681	1	
6	17171	1	
6	13844	1	
6	5529	1	
6	21912	1	
6	4868	1	
6	14618	1	
6	13723	1	
6	6554	1	
6	8992	1	
6	4385	1	
6	20642	1	
6	10531	1	
6	13930	1	
6	4776	1	
6	638	1	
6	1578	1	
6	5420	1	
6	5234	1	
6	13358	1	
6	16431	2	
6	1844	1	
6	8502	2	
6	16695	1	
6	2873	1	
6	3130	1	
6	11708	1	
6	1076	1	
6	446	1	
6	13887	1	
6	9170	1	
6	21953	1	
6	12503	1	
6	4548	1	
6	19126	1	
6	3405	1	
6	12878	1	
6	12880	1	
6	14033	1	
6	21586	1	
6	18005	1	
6	3031	1	
6	5970	1	
6	10205	2	
6	7889	1	
6	15464	1	
6	12778	1	
6	4434	1	
6	15855	1	
6	13937	1	
6	13682	1	
6	11902	2	
6	17854	1	
6	632	1	
6	10410	1	
6	18174	1	
6	8797	1	
7	12288	1	
7	12673	1	
7	6786	1	
7	1067	1	
7	13963	1	
7	18181	1	
7	3974	1	
7	18185	2	
7	20234	1	
7	19595	1	
7	20236	1	
7	16998	1	
7	17171	1	
7	17688	1	
7	16923	1	
7	4509	1	
7	11710	1	
7	15266	1	
7	20389	1	
7	7463	2	
7	10408	1	
7	1578	1	
7	683	1	
7	22188	1	
7	16430	1	
7	5935	1	
7	7217	1	
7	5389	1	
7	2387	1	
7	19126	1	
7	5815	1	
7	2745	1	
7	8892	1	
7	16190	1	
7	9867	1	
7	4942	1	
7	1706	1	
7	8268	1	
7	7095	1	
7	15948	1	
7	3405	2	
7	15438	1	
7	17229	1	
7	12625	1	
7	21586	1	
7	2873	1	
7	3796	1	
7	18005	1	
7	599	1	
7	19036	1	
7	8927	1	
7	18528	2	
7	7905	1	
7	635	1	
7	16677	1	
7	21094	1	
7	841	1	
7	13418	1	
7	10407	1	
7	7782	1	
7	4079	1	
7	2544	1	
7	11635	1	
7	13428	2	
7	17854	1	
7	5750	1	
7	15994	1	
7	6651	1	
7	14716	1	
7	15869	1	
7	3413	1	
8	13828	1	
8	3078	1	
8	9644	1	
8	3605	1	
8	19478	1	
8	1054	1	
8	15567	1	
8	16431	1	
8	21552	1	
8	1092	1	
8	12360	1	
8	21586	2	
8	18005	1	
8	5211	1	
8	19562	1	
8	13937	2	
8	13428	2	
8	633	1	
8	20604	1	
8	6786	1	
8	19599	1	
8	21662	2	
8	10407	1	
8	14108	1	
8	19124	1	
8	12471	1	
8	19133	1	
8	5315	1	
8	20168	1	
8	16588	1	
8	11471	2	
8	11472	1	
8	14033	2	
8	719	1	
8	4831	1	
8	17122	1	
8	8420	1	
8	17135	1	
8	9458	1	
8	14592	1	
8	18181	2	
8	2310	1	
8	18185	1	
8	7952	1	
8	13589	1	
8	4886	1	
8	19737	2	
8	7451	1	
8	2332	2	
8	5421	1	
8	5935	1	
8	9522	1	
8	1844	1	
8	15170	1	
8	21318	1	
8	12111	1	
8	12625	1	
8	13658	1	
8	15709	1	
8	11103	1	
8	22368	1	
8	13665	1	
8	12647	1	
8	20330	1	
8	14703	1	
8	20343	1	
8	6016	1	
8	9090	1	
8	1415	1	
8	17290	1	
8	1421	1	
8	20882	2	
8	14233	1	
8	18853	2	
8	5623	1	
8	11180	1	
8	15432	1	
8	16308	1	
8	22464	3	
8	16837	1	
8	12746	1	
8	17355	1	
8	21454	1	
8	14800	1	
8	465	1	
8	20303	1	
8	18911	1	
8	19938	1	
8	11431	1	
8	8174	1	
8	4087	1	
9	11436	4	
9	7180	1	
9	3603	8	
9	3605	2	
9	13848	1	
9	2596	1	
9	8236	1	
9	11821	1	
9	4665	2	
9	17466	1	
9	8764	1	
9	69	1	
9	1094	3	
9	15432	2	
9	17999	1	
9	21586	1	
9	6414	1	
9	99	1	
9	6244	1	
9	3173	1	
9	19900	4	
9	3943	1	
9	13937	2	
9	21619	4	
9	631	1	
9	11898	4	
9	12937	1	
9	8332	1	
9	10264	1	
9	18579	1	
9	14488	1	
9	6809	1	
9	11428	2	
9	11431	6	
9	22188	1	
9	17070	1	
9	10928	1	
9	19124	2	
9	14110	1	
9	19133	2	
9	7870	1	
9	4799	1	
9	8898	1	
9	14028	1	
9	13514	1	
9	13516	1	
9	10453	2	
9	20194	1	
9	6375	1	
9	11496	1	
9	22252	1	
9	22258	1	
9	4868	3	
9	18181	1	
9	20236	1	
9	13582	1	
9	2832	1	
9	21267	1	
9	4886	4	
9	19737	6	
9	7471	1	
9	8988	1	
9	4894	7	
9	7455	1	
9	20256	1	
9	13089	1	
9	17188	1	
9	20261	1	
9	1838	1	
9	21295	1	
9	1841	1	
9	7483	1	
9	3392	1	
9	15170	1	
9	4941	1	
9	20303	1	
9	2387	1	
9	18267	1	
9	22369	1	
9	12647	1	
9	373	1	
9	12151	1	
9	6976	1	
9	22338	1	
9	18832	1	
9	13723	3	
9	13730	1	
9	16807	1	
9	11708	1	
9	22464	2	
9	11201	1	
9	16845	1	
9	5591	1	
9	484	1	
9	487	1	
9	9194	1	
9	10407	1	
9	3055	1	
9	15856	3	
9	6651	1	
10	12288	1	
10	8193	1	
10	15874	1	
10	19460	1	
10	16901	1	
10	15276	1	
10	3760	1	
10	11815	1	
10	16430	2	
10	8752	1	
10	12852	1	
10	4665	1	
10	6718	1	
10	15432	1	
10	13901	1	
10	11855	1	
10	21945	1	
10	602	3	
10	18528	1	
10	13412	1	
10	9831	1	
10	1648	1	
10	13937	1	
10	4217	1	
10	14974	1	
10	14978	1	
10	18051	1	
10	19588	1	
10	11398	1	
10	18055	1	
10	14985	1	
10	19598	1	
10	13970	1	
10	18579	1	
10	10398	1	
10	16544	1	
10	4263	1	
10	683	2	
10	10924	2	
10	15536	1	
10	7862	1	
10	12471	3	
10	8892	1	
10	3262	1	
10	14024	1	
10	1743	1	
10	14033	1	
10	19155	3	
10	10975	1	
10	22188	1	
10	8421	1	
10	4326	1	
10	6897	1	
10	5875	1	
10	22262	2	
10	17149	1	
10	18686	1	
10	9482	1	
10	17163	1	
10	4364	5	
10	6925	1	
10	17168	2	
10	5400	1	
10	7451	1	
10	20256	1	
10	1829	1	
10	2348	1	
10	5934	1	
10	8502	1	
10	7485	1	
10	22339	1	
10	4432	1	
10	12625	1	
10	17379	1	
10	14677	1	
10	4438	1	
10	6489	1	
10	2394	1	
10	18267	1	
10	4448	1	
10	22369	1	
10	7016	1	
10	364	1	
10	9069	1	
10	15216	1	
10	6514	1	
10	11641	1	
10	4486	1	
10	15751	1	
10	7055	1	
10	20882	1	
10	16276	1	
10	10646	2	
10	14743	1	
10	15774	1	
10	6561	1	
10	11692	1	
10	17846	1	
10	17337	1	
10	21946	2	
10	1469	1	
10	22464	2	
10	7110	1	
10	11719	1	
10	16848	1	
10	9171	1	
10	469	1	
10	14807	1	
10	14809	1	
10	13789	1	
10	10206	1	
10	4064	1	
10	15329	1	
10	15330	1	
10	6651	1	
10	8174	1	
10	11760	1	
10	14322	1	
10	11771	4	
10	6652	1	
11	11435	1	
11	16901	1	
11	22024	1	
11	13834	1	
11	17424	1	
11	4945	1	
11	1568	1	
11	3621	1	
11	4647	1	
11	1576	1	
11	3629	4	
11	21552	1	
11	3636	1	
11	4665	1	
11	13887	2	
11	12354	1	
11	19523	1	
11	3652	5	
11	15432	1	
11	13389	1	
11	12878	1	
11	21586	1	
11	13412	1	
11	22032	1	
11	15460	1	
11	10854	1	
11	9831	1	
11	21609	1	
11	3943	1	
11	14448	2	
11	13937	1	
11	6770	1	
11	6773	1	
11	14973	1	
11	13950	1	
11	20095	1	
11	21633	1	
11	4886	2	
11	7303	1	
11	14985	1	
11	13451	1	
11	9358	1	
11	1167	1	
11	10896	3	
11	3217	1	
11	3220	1	
11	14488	2	
11	665	1	
11	15216	1	
11	679	2	
11	19624	1	
11	681	1	
11	16577	1	
11	683	1	
11	11436	1	
11	9901	1	
11	10928	1	
11	21692	1	
11	5301	1	
11	16054	1	
11	12471	1	
11	5304	1	
11	2745	1	
11	15548	1	
11	19133	5	
11	14016	1	
11	21536	1	
11	2244	1	
11	20167	1	
11	14024	2	
11	16586	1	
11	12663	3	
11	3277	1	
11	14543	1	
11	14033	1	
11	7891	1	
11	7380	1	
11	740	1	
11	22232	1	
11	11471	4	
11	7396	1	
11	21733	1	
11	5356	1	
11	7409	1	
11	5876	1	
11	13255	1	
11	17661	1	
11	14592	1	
11	19718	1	
11	20234	1	
11	4364	4	
11	19725	1	
11	7952	1	
11	10515	1	
11	2325	1	
11	19734	1	
11	7451	1	
11	4894	3	
11	12336	1	
11	3881	1	
11	1844	1	
11	10206	1	
11	12602	1	
11	7483	1	
11	4418	1	
11	8518	1	
11	9033	1	
11	8012	1	
11	12625	3	
11	2387	1	
11	4495	1	
11	1369	2	
11	18779	1	
11	15717	1	
11	10897	1	
11	15209	1	
11	9069	4	
11	6511	1	
11	2416	1	
11	5489	1	
11	20343	1	
11	10900	1	
11	18818	1	
11	1412	1	
11	22252	2	
11	17290	1	
11	7055	1	
11	11156	2	
11	14743	1	
11	7236	1	
11	13723	1	
11	15774	1	
11	20384	1	
11	15856	1	
11	15266	4	
11	15273	1	
11	15276	1	
11	16301	1	
11	2990	1	
11	7600	1	
11	12360	1	
11	12218	1	
11	6075	1	
11	11708	1	
11	21949	1	
11	7104	1	
11	13763	1	
11	7110	1	
11	673	1	
11	16333	1	
11	9167	3	
11	9684	1	
11	7637	1	
11	6622	1	
11	19938	1	
11	21841	1	
11	15850	1	
11	20971	1	
11	1277	1	
11	11760	1	
11	10408	1	
11	11762	1	
11	8180	1	
11	5623	1	
11	16890	1	
11	1019	1	
11	6652	2	
12	15874	1	
12	19460	1	
12	4438	1	
12	15752	1	
12	3978	1	
12	14743	1	
12	5516	1	
12	12625	2	
12	17424	1	
12	4886	2	
12	22551	1	
12	19737	1	
12	17818	1	
12	8989	1	
12	13445	1	
12	17312	2	
12	15266	1	
12	18852	1	
12	12325	1	
12	4263	1	
12	19624	1	
12	20649	1	
12	11435	1	
12	8238	1	
12	7069	1	
12	8753	1	
12	1844	1	
12	16054	1	
12	11449	1	
12	8378	1	
12	19131	1	
12	8892	1	
12	7690	1	
12	12360	1	
12	1669	1	
12	2001	1	
12	17110	1	
12	5207	1	
12	22232	1	
12	10360	1	
12	14682	1	
12	1371	1	
12	12602	1	
12	1465	1	
12	99	1	
12	100	1	
12	16998	1	
12	3175	1	
12	8636	1	
12	11887	1	
12	11760	1	
12	3313	1	
12	1266	1	
12	8180	1	
12	5623	1	
12	18424	1	
12	15227	1	
13	7687	1	
13	19476	1	
13	22551	1	
13	6404	1	
13	15903	2	
13	16903	1	
13	21557	1	
13	5686	1	
13	13884	1	
13	3134	1	
13	13888	1	
13	12354	1	
13	7237	1	
13	15432	1	
13	587	1	
13	17484	1	
13	12878	1	
13	18005	1	
13	5208	1	
13	2747	1	
13	7780	1	
13	16998	1	
13	11708	2	
13	14448	1	
13	19817	1	
13	13445	1	
13	13963	1	
13	2705	1	
13	10900	2	
13	3221	1	
13	18080	1	
13	16547	1	
13	13478	1	
13	4263	1	
13	14509	1	
13	19124	2	
13	14522	2	
13	11963	1	
13	8892	1	
13	19133	2	
13	20167	1	
13	13516	1	
13	14047	1	
13	8421	1	
13	6375	2	
13	10985	1	
13	5356	1	
13	13558	1	
13	4868	1	
13	18185	1	
13	20237	1	
13	16659	1	
13	6446	1	
13	20256	1	
13	18210	1	
13	11043	1	
13	6951	1	
13	17707	2	
13	18222	1	
13	17200	1	
13	22340	1	
13	4421	1	
13	6982	1	
13	15184	1	
13	4438	1	
13	19804	1	
13	22368	1	
13	13666	1	
13	7528	1	
13	13161	1	
13	7399	1	
13	11632	1	
13	21883	2	
13	10638	1	
13	15251	1	
13	8086	1	
13	11672	2	
13	13727	1	
13	20384	1	
13	11684	1	
13	18857	1	
13	2990	2	
13	16819	1	
13	19900	1	
13	7623	1	
13	12746	1	
13	14820	1	
13	18917	1	
13	16363	2	
13	492	1	
13	7663	1	
13	13814	1	
13	5623	1	
13	18426	1	
14	12288	1	
14	19460	1	
14	22032	1	
14	1556	1	
14	12825	1	
14	15903	1	
14	5552	1	
14	1578	2	
14	16430	1	
14	13360	1	
14	1074	1	
14	13884	2	
14	13885	1	
14	15456	1	
14	1092	1	
14	15431	1	
14	13388	1	
14	12878	1	
14	21586	6	
14	18005	1	
14	7767	1	
14	8425	1	
14	18528	1	
14	13412	1	
14	21948	1	
14	17010	1	
14	2166	1	
14	11711	1	
14	7806	1	
14	17535	2	
14	11904	1	
14	1669	1	
14	3724	1	
14	10896	1	
14	10897	2	
14	10900	2	
14	10901	1	
14	10903	1	
14	2715	1	
14	3233	1	
14	10408	1	
14	8989	1	
14	19126	1	
14	12471	1	
14	3258	2	
14	8892	1	
14	19133	2	
14	12481	1	
14	1733	1	
14	4298	1	
14	13516	1	
14	3277	1	
14	5581	1	
14	7380	1	
14	14037	1	
14	19670	2	
14	7384	1	
14	9167	1	
14	10972	2	
14	1757	1	
14	10464	3	
14	20194	1	
14	10467	2	
14	8421	1	
14	11496	1	
14	10985	1	
14	6383	1	
14	20722	1	
14	14583	1	
14	10453	1	
14	4868	2	
14	2309	1	
14	2310	1	
14	1921	1	
14	4364	2	
14	17168	1	
14	22232	1	
14	1813	1	
14	745	1	
14	797	1	
14	2949	1	
14	8993	2	
14	290	1	
14	20774	1	
14	16169	1	
14	16775	2	
14	18222	1	
14	21305	2	
14	8512	1	
14	22344	1	
14	14668	3	
14	17230	1	
14	15184	1	
14	14673	2	
14	1763	1	
14	15701	1	
14	13889	1	
14	861	2	
14	16223	1	
14	19808	1	
14	8549	1	
14	9873	1	
14	15209	1	
14	5994	1	
14	8043	2	
14	3948	1	
14	9069	6	
14	16242	1	
14	15735	1	
14	18808	1	
14	1409	1	
14	15237	1	
14	1415	1	
14	910	1	
14	10644	1	
14	917	1	
14	20384	1	
14	13730	1	
14	19363	1	
14	18853	1	
14	15273	1	
14	16301	1	
14	7600	1	
14	5554	1	
14	12220	1	
14	11709	1	
14	20927	1	
14	3520	1	
14	15817	1	
14	5623	1	
14	4002	1	
14	6204	1	
14	21889	1	
14	9171	1	
14	7637	1	
14	14807	2	
14	4005	1	
14	4432	1	
14	22499	1	
14	16362	1	
14	18857	1	
15	12288	1	
15	19460	1	
15	19461	1	
15	8198	1	
15	10254	1	
15	2578	1	
15	21536	1	
15	11818	1	
15	13875	1	
15	12852	1	
15	8765	1	
15	8255	1	
15	12354	1	
15	20547	3	
15	8260	1	
15	5191	1	
15	15432	1	
15	20236	1	
15	10318	1	
15	3151	1	
15	20560	1	
15	4689	2	
15	19553	1	
15	17004	1	
15	3181	1	
15	13937	2	
15	8043	1	
15	21782	2	
15	6791	1	
15	19598	1	
15	13969	1	
15	18068	1	
15	7322	1	
15	5276	1	
15	4257	1	
15	10694	1	
15	4263	1	
15	683	1	
15	12465	1	
15	5818	1	
15	21696	1	
15	18628	2	
15	18630	1	
15	20167	1	
15	13513	1	
15	19147	1	
15	13516	1	
15	4302	1	
15	20678	1	
15	7380	1	
15	14037	2	
15	10985	1	
15	1266	1	
15	21757	1	
15	4867	1	
15	4868	1	
15	4364	1	
15	21781	2	
15	19734	2	
15	15643	1	
15	1841	1	
15	12593	1	
15	14646	1	
15	3636	1	
15	3915	1	
15	4942	1	
15	847	1	
15	849	1	
15	4441	1	
15	1899	1	
15	8568	1	
15	13887	1	
15	9086	1	
15	2949	1	
15	909	1	
15	910	1	
15	20882	1	
15	15939	1	
15	10644	1	
15	3991	1	
15	7582	1	
15	1607	1	
15	15276	1	
15	9145	1	
15	9151	1	
15	22464	1	
15	11714	1	
15	7619	1	
15	7110	1	
15	14798	1	
15	9167	1	
15	7637	1	
15	9687	1	
15	19939	1	
15	16374	1	
15	5623	1	
15	11771	2	
16	19460	2	
16	19476	1	
16	22551	1	
16	539	1	
16	9756	1	
16	18975	1	
16	2596	1	
16	16430	1	
16	3652	1	
16	21577	1	
16	11855	1	
16	21586	1	
16	18004	1	
16	13398	1	
16	15448	1	
16	13404	1	
16	8797	1	
16	3171	1	
16	101	1	
16	7783	1	
16	9832	1	
16	19900	1	
16	18030	1	
16	17013	1	
16	17015	1	
16	19582	1	
16	11398	1	
16	14985	1	
16	14482	1	
16	10900	1	
16	19124	1	
16	7865	1	
16	3258	1	
16	19133	2	
16	20167	2	
16	20168	1	
16	14543	1	
16	8913	1	
16	14037	1	
16	719	1	
16	10974	1	
16	10975	3	
16	6375	1	
16	10985	1	
16	5876	1	
16	17659	1	
16	17148	1	
16	17149	1	
16	14592	1	
16	4868	1	
16	17162	1	
16	4364	3	
16	7952	1	
16	18197	1	
16	8988	1	
16	4382	1	
16	12585	1	
16	10545	1	
16	17202	1	
16	16691	1	
16	1844	1	
16	7477	1	
16	21305	2	
16	10555	1	
16	11068	1	
16	833	1	
16	12610	1	
16	3398	1	
16	3915	1	
16	8013	1	
16	3919	1	
16	14677	1	
16	4438	1	
16	5433	1	
16	18267	1	
16	9069	2	
16	12147	1	
16	6516	1	
16	10103	1	
16	1918	1	
16	12673	1	
16	1924	1	
16	14214	1	
16	15751	1	
16	3978	1	
16	11662	1	
16	17818	1	
16	22442	1	
16	11180	1	
16	2990	1	
16	433	1	
16	10679	1	
16	11708	1	
16	20927	1	
16	15808	1	
16	7620	1	
16	13255	1	
16	11723	1	
16	15820	1	
16	14800	1	
16	19938	1	
16	7160	1	
17	7680	1	
17	5635	1	
17	13316	1	
17	19975	1	
17	17930	1	
17	9232	1	
17	22557	1	
17	8236	2	
17	22573	1	
17	16430	1	
17	1074	2	
17	12852	1	
17	11835	1	
17	1076	1	
17	577	2	
17	578	3	
17	3652	1	
17	18505	1	
17	8778	1	
17	588	2	
17	21586	2	
17	11348	2	
17	3674	1	
17	3676	1	
17	100	1	
17	22119	1	
17	15976	1	
17	11964	1	
17	21613	1	
17	13937	2	
17	21618	1	
17	17171	2	
17	10358	1	
17	6263	1	
17	6776	1	
17	14969	1	
17	14970	1	
17	18577	1	
17	14973	1	
17	13950	1	
17	13440	1	
17	3201	1	
17	5764	1	
17	17544	2	
17	14985	2	
17	13451	1	
17	1167	1	
17	3217	1	
17	3731	1	
17	10901	1	
17	14492	1	
17	11820	1	
17	2416	1	
17	11939	1	
17	22188	1	
17	9901	2	
17	15128	1	
17	15023	1	
17	16049	1	
17	16051	1	
17	8892	1	
17	19133	5	
17	21694	1	
17	2243	1	
17	20165	1	
17	20168	4	
17	15563	1	
17	10360	1	
17	633	1	
17	22232	1	
17	9167	1	
17	4831	1	
17	4320	1	
17	22245	2	
17	22252	1	
17	15603	1	
17	4349	1	
17	19208	1	
17	18185	1	
17	3339	2	
17	4364	2	
17	13069	1	
17	5391	1	
17	7952	1	
17	10515	1	
17	20014	1	
17	17688	1	
17	7455	1	
17	8482	1	
17	6947	1	
17	2348	1	
17	13961	1	
17	21305	2	
17	15170	1	
17	3909	2	
17	3912	1	
17	13129	2	
17	3916	2	
17	4432	1	
17	12625	2	
17	2387	1	
17	14677	1	
17	2873	1	
17	18267	1	
17	22369	1	
17	1895	1	
17	5993	1	
17	7019	1	
17	20332	1	
17	9069	2	
17	11632	1	
17	3954	1	
17	20343	1	
17	12153	1	
17	9791	1	
17	12670	1	
17	21889	1	
17	904	1	
17	15754	1	
17	4497	1	
17	3992	1	
17	7663	2	
17	13727	1	
17	15777	1	
17	15266	2	
17	12200	2	
17	14764	1	
17	15280	1	
17	7241	1	
17	11192	1	
17	1465	2	
17	8636	2	
17	1469	1	
17	16834	1	
17	13763	2	
17	13252	2	
17	15948	1	
17	12746	3	
17	463	1	
17	465	1	
17	7635	1	
17	14807	5	
17	12760	1	
17	11737	1	
17	10205	1	
17	408	1	
17	19939	1	
17	11858	1	
17	15855	1	
17	15856	1	
17	10225	1	
17	502	1	
17	15864	1	
18	19460	1	
18	22032	1	
18	15889	1	
18	13316	2	
18	4442	1	
18	14367	1	
18	11821	1	
18	1076	1	
18	6203	1	
18	9482	1	
18	588	1	
18	12878	1	
18	11855	1	
18	592	1	
18	15442	1	
18	10837	2	
18	15971	1	
18	3175	1	
18	15976	1	
18	21618	1	
18	20599	1	
18	15997	1	
18	18197	1	
18	649	2	
18	3217	1	
18	10900	1	
18	10901	1	
18	15522	1	
18	10915	1	
18	22188	2	
18	3765	1	
18	16054	1	
18	13516	1	
18	719	1	
18	5840	1	
18	4320	1	
18	19408	1	
18	8421	1	
18	4326	1	
18	16103	1	
18	15593	1	
18	11511	1	
18	10499	2	
18	20234	1	
18	4364	2	
18	15119	1	
18	19733	1	
18	5911	1	
18	7471	1	
18	21295	2	
18	1336	1	
18	20285	1	
18	6982	1	
18	10573	1	
18	12625	1	
18	15701	1	
18	15190	2	
18	4441	1	
18	2394	1	
18	18267	2	
18	16223	1	
18	10897	1	
18	7016	1	
18	5481	1	
18	12663	1	
18	21880	1	
18	7829	1	
18	9600	1	
18	12673	1	
18	5509	1	
18	15751	1	
18	15754	1	
18	2541	1	
18	9621	1	
18	21912	1	
18	15774	1	
18	16880	1	
18	15784	1	
18	7600	1	
18	12218	1	
18	13761	1	
18	13763	1	
18	11723	1	
18	17360	1	
18	13778	1	
18	10205	1	
18	4579	1	
18	6630	1	
18	21586	1	
18	11760	3	
18	6136	1	
18	4603	1	
19	12288	1	
19	20482	1	
19	20997	1	
19	21002	1	
19	13570	1	
19	17424	3	
19	15704	1	
19	16915	1	
19	8878	1	
19	13849	1	
19	7707	1	
19	18460	2	
19	13853	1	
19	2309	1	
19	1576	2	
19	8236	2	
19	3629	1	
19	4654	1	
19	12336	1	
19	1074	1	
19	11827	1	
19	6713	1	
19	6715	1	
19	3134	1	
19	20256	1	
19	12352	1	
19	3650	1	
19	3340	1	
19	10316	1	
19	19534	1	
19	21586	1	
19	19027	1	
19	15444	1	
19	7765	1	
19	13912	1	
19	18528	1	
19	22032	1	
19	9831	1	
19	15976	1	
19	18540	2	
19	21613	1	
19	11887	1	
19	625	1	
19	464	1	
19	13161	2	
19	637	1	
19	13950	1	
19	5248	1	
19	18051	1	
19	14981	1	
19	10896	1	
19	10897	1	
19	10900	1	
19	10902	1	
19	10903	1	
19	14488	1	
19	11820	1	
19	1696	1	
19	1697	1	
19	13937	1	
19	1564	1	
19	6826	1	
19	683	1	
19	9901	1	
19	15534	1	
19	3101	1	
19	16049	1	
19	19635	1	
19	13493	1	
19	19126	1	
19	12471	1	
19	22200	1	
19	3258	1	
19	8892	2	
19	19133	1	
19	16064	1	
19	6337	1	
19	19408	1	
19	16673	1	
19	22221	1	
19	4306	1	
19	5333	1	
19	8992	1	
19	2273	1	
19	13027	2	
19	8421	1	
19	7463	1	
19	12013	1	
19	12018	2	
19	15096	1	
19	16121	2	
19	2810	2	
19	5885	1	
19	4864	1	
19	14594	1	
19	4868	1	
19	12549	3	
19	19718	1	
19	12553	1	
19	4364	1	
19	11821	1	
19	2834	1	
19	18197	1	
19	6430	1	
19	12575	1	
19	18208	1	
19	7457	1	
19	20260	1	
19	16677	1	
19	18215	1	
19	13611	1	
19	12076	1	
19	6446	1	
19	21295	8	
19	15666	1	
19	16947	1	
19	16679	1	
19	16695	1	
19	19816	1	
19	18911	1	
19	6464	1	
19	14658	1	
19	4419	1	
19	18759	1	
19	22327	1	
19	6476	1	
19	20303	1	
19	5456	1	
19	12625	1	
19	8531	1	
19	5460	1	
19	14677	3	
19	16216	1	
19	13658	2	
19	13659	1	
19	22368	1	
19	22369	1	
19	2407	1	
19	360	1	
19	873	2	
19	5996	1	
19	9069	1	
19	6511	1	
19	13681	1	
19	6514	2	
19	3763	1	
19	5496	1	
19	18810	1	
19	21883	2	
19	13376	1	
19	18818	1	
19	21399	1	
19	11662	1	
19	4495	1	
19	15251	1	
19	2967	1	
19	14233	1	
19	13723	1	
19	20384	2	
19	1445	1	
19	11522	2	
19	3501	1	
19	7089	1	
19	17331	1	
19	8636	1	
19	11710	2	
19	16160	1	
19	22464	1	
19	11714	1	
19	19396	1	
19	21957	1	
19	13255	1	
19	8268	1	
19	11723	1	
19	15820	1	
19	20429	1	
19	8144	1	
19	7635	1	
19	18390	1	
19	4056	1	
19	18767	1	
19	18853	1	
19	482	1	
19	18769	1	
19	4587	1	
19	8684	1	
19	14328	1	
19	11604	1	
19	1019	1	
19	2556	1	
19	12799	1	
20	512	1	
20	9729	1	
20	4868	1	
20	12502	1	
20	18182	1	
20	11273	2	
20	20234	1	
20	3340	1	
20	17805	1	
20	7952	1	
20	11281	1	
20	659	1	
20	19476	1	
20	20887	1	
20	9499	1	
20	20125	1	
20	16414	1	
20	20255	1	
20	20384	1	
20	17584	1	
20	1578	1	
20	19238	1	
20	18857	1	
20	18858	1	
20	22571	1	
20	21295	2	
20	18352	1	
20	9139	1	
20	1076	1	
20	9527	1	
20	3258	1	
20	12091	1	
20	8892	2	
20	13245	1	
20	15166	1	
20	11967	1	
20	11969	1	
20	11714	1	
20	4598	1	
20	7905	1	
20	5576	1	
20	15177	1	
20	5303	1	
20	13388	1	
20	20256	1	
20	8401	1	
20	3796	1	
20	14677	1	
20	4438	1	
20	13658	1	
20	2833	1	
20	6622	1	
20	11999	1	
20	18528	1	
20	12897	1	
20	19172	1	
20	2279	1	
20	744	1	
20	2025	1	
20	21351	1	
20	17260	1	
20	366	1	
20	2673	1	
20	12787	1	
20	17908	1	
20	3061	1	
20	3190	1	
20	12151	1	
20	13435	1	
20	20220	1	
20	13821	1	
20	15102	1	
21	3073	1	
21	2578	1	
21	17943	1	
21	1048	1	
21	3620	1	
21	4647	1	
21	1578	2	
21	22571	1	
21	8749	1	
21	12639	2	
21	16969	1	
21	13388	1	
21	7765	1	
21	12897	2	
21	9831	1	
21	15976	1	
21	18540	2	
21	13937	2	
21	18547	1	
21	13941	2	
21	5993	1	
21	5753	1	
21	6786	1	
21	18052	1	
21	11398	1	
21	13963	1	
21	13969	1	
21	4754	1	
21	4249	1	
21	18075	1	
21	18077	1	
21	17265	1	
21	11434	1	
21	22188	1	
21	13493	1	
21	12471	1	
21	8892	5	
21	20343	1	
21	4303	1	
21	22224	1	
21	10190	1	
21	21720	1	
21	7897	1	
21	19675	1	
21	19166	1	
21	4834	1	
21	21232	1	
21	4868	3	
21	18181	1	
21	19718	1	
21	20234	1	
21	7952	1	
21	17688	1	
21	8988	1	
21	8989	1	
21	5925	1	
21	5927	1	
21	13611	1	
21	20794	2	
21	20284	1	
21	22344	1	
21	9033	1	
21	8012	1	
21	11600	1	
21	21841	1	
21	9047	1	
21	15705	1	
21	15199	1	
21	22369	1	
21	8549	1	
21	2407	3	
21	19305	1	
21	5994	1	
21	10605	1	
21	17262	1	
21	12656	1	
21	5489	1	
21	12663	1	
21	15751	1	
21	1418	1	
21	7055	1	
21	20882	2	
21	9621	1	
21	17819	1	
21	5020	1	
21	7584	2	
21	16301	1	
21	18352	1	
21	4019	1	
21	3517	2	
21	7110	1	
21	20429	1	
21	14798	1	
21	20953	1	
21	3553	1	
21	19939	1	
21	4433	1	
21	17908	1	
21	2040	1	
21	6652	1	
22	12288	1	
22	8193	1	
22	1538	1	
22	1537	1	
22	22188	1	
22	17424	2	
22	11969	1	
22	17435	1	
22	4263	1	
22	15903	2	
22	4647	1	
22	22057	1	
22	8236	1	
22	2608	1	
22	3134	4	
22	13887	1	
22	8257	1	
22	8262	1	
22	15432	1	
22	11851	1	
22	21586	1	
22	22032	1	
22	13411	1	
22	10857	1	
22	13932	1	
22	13937	1	
22	14969	1	
22	14462	1	
22	6592	1	
22	1669	1	
22	6790	1	
22	19591	1	
22	4235	1	
22	13453	1	
22	4240	1	
22	10897	1	
22	10900	1	
22	6809	1	
22	18077	1	
22	5791	1	
22	15216	1	
22	21617	1	
22	15532	1	
22	18803	1	
22	14293	1	
22	8892	2	
22	11637	3	
22	3058	1	
22	18633	1	
22	10530	1	
22	8401	1	
22	11477	1	
22	9337	1	
22	22232	1	
22	6875	1	
22	13532	1	
22	1758	3	
22	4831	1	
22	5863	1	
22	22251	1	
22	15096	1	
22	2812	1	
22	16639	1	
22	14081	1	
22	13574	1	
22	16135	1	
22	7952	1	
22	786	1	
22	15128	1	
22	4385	1	
22	4386	1	
22	10534	1	
22	15580	1	
22	7303	1	
22	6446	2	
22	1844	1	
22	7477	1	
22	7483	1	
22	15166	2	
22	12611	1	
22	13125	1	
22	8012	1	
22	21330	1	
22	14677	4	
22	4441	2	
22	2394	1	
22	18267	1	
22	15199	1	
22	22369	1	
22	9069	3	
22	11632	3	
22	7537	1	
22	11635	1	
22	11636	1	
22	18805	1	
22	20343	1	
22	8568	1	
22	18809	1	
22	394	1	
22	17292	1	
22	22418	1	
22	7571	1	
22	1947	1	
22	11641	1	
22	15266	1	
22	18851	1	
22	21933	1	
22	1454	1	
22	17840	1	
22	11708	1	
22	11709	1	
22	3006	1	
22	9152	1	
22	19405	1	
22	4414	2	
22	7637	1	
22	5590	1	
22	15849	1	
22	20459	1	
22	9714	1	
22	9716	1	
22	9717	2	
22	4603	1	
23	14081	3	
23	9231	1	
23	8720	1	
23	15890	1	
23	13331	1	
23	20502	1	
23	10264	1	
23	11969	2	
23	17435	2	
23	22557	1	
23	6691	1	
23	8236	1	
23	1074	2	
23	1076	1	
23	3134	10	
23	12352	3	
23	19126	1	
23	8262	2	
23	1099	1	
23	9810	1	
23	3674	3	
23	11870	1	
23	8992	1	
23	12390	1	
23	22119	1	
23	11708	2	
23	9831	1	
23	11887	1	
23	5745	1	
23	21618	1	
23	12917	1	
23	11898	1	
23	19900	1	
23	13956	1	
23	1671	1	
23	13451	1	
23	15128	1	
23	10351	1	
23	9892	1	
23	4263	3	
23	11946	1	
23	15532	1	
23	3758	1	
23	15539	1	
23	13493	4	
23	9398	1	
23	12471	1	
23	19133	2	
23	5237	1	
23	7361	1	
23	18633	2	
23	13514	1	
23	13516	2	
23	15567	1	
23	8913	1	
23	10453	2	
23	19675	1	
23	1758	1	
23	4831	1	
23	1760	1	
23	1762	1	
23	742	1	
23	22252	3	
23	6383	1	
23	7920	1	
23	13937	1	
23	13053	2	
23	15614	1	
23	15615	1	
23	1280	3	
23	7937	1	
23	9686	1	
23	5591	1	
23	2325	1	
23	17688	1	
23	6337	1	
23	19741	1	
23	20254	2	
23	12575	1	
23	7968	1	
23	9606	1	
23	13611	1	
23	2351	1	
23	15666	1	
23	8500	1	
23	7476	1	
23	12091	1	
23	19772	1	
23	2272	2	
23	4419	1	
23	20804	1	
23	14663	1	
23	3917	1	
23	4433	1	
23	8021	1	
23	4438	1	
23	12089	1	
23	18267	1	
23	1885	1	
23	6494	1	
23	13663	1	
23	22368	1	
23	19771	1	
23	15205	1	
23	22378	1	
23	10604	1	
23	2413	1	
23	11632	12	
23	11636	2	
23	11637	2	
23	11641	2	
23	6011	1	
23	18817	1	
23	2947	1	
23	16774	3	
23	17809	1	
23	22418	2	
23	19764	1	
23	20375	1	
23	11672	1	
23	22426	1	
23	13723	1	
23	15262	1	
23	8261	1	
23	15266	1	
23	18857	1	
23	22442	1	
23	12190	1	
23	7095	1	
23	1976	1	
23	8636	2	
23	3006	3	
23	22463	2	
23	15809	1	
23	20470	1	
23	4038	1	
23	13255	1	
23	12746	4	
23	15820	1	
23	20431	1	
23	7634	2	
23	7635	1	
23	18389	1	
23	7638	1	
23	14807	1	
23	2008	1	
23	9380	1	
23	21984	1	
23	19938	1	
23	19943	1	
23	2025	1	
23	21586	1	
23	9716	2	
23	9717	5	
23	9718	1	
23	9719	1	
23	505	1	
23	14677	1	
24	5760	1	
24	8193	1	
24	1410	1	
24	8989	1	
24	14725	1	
24	18220	1	
24	1163	1	
24	15170	1	
24	5390	1	
24	7055	1	
24	6801	1	
24	15532	1	
24	7451	1	
24	22557	1	
24	20255	1	
24	20384	1	
24	7457	1	
24	20389	1	
24	6694	1	
24	10407	1	
24	8232	1	
24	18042	1	
24	8236	1	
24	21841	1	
24	21295	2	
24	12081	1	
24	1074	1	
24	15857	1	
24	1076	2	
24	12342	1	
24	20000	1	
24	16799	1	
24	19133	1	
24	15166	1	
24	21613	3	
24	11714	1	
24	19408	1	
24	11898	1	
24	1094	1	
24	12746	1	
24	12279	1	
24	13389	1	
24	9167	2	
24	4546	1	
24	9169	1	
24	15442	1	
24	15706	1	
24	15579	1	
24	8797	2	
24	8229	1	
24	2273	1	
24	21733	1	
24	19943	1	
24	21586	1	
24	9069	1	
24	3311	1	
24	13937	1	
24	20343	1	
24	5881	1	
24	15610	1	
24	5246	2	
