1	19464	1	
1	16913	1	
1	16915	1	
1	10264	1	
1	4635	1	
1	13853	1	
1	18975	1	
1	3621	1	
1	21547	1	
1	3629	1	
1	9776	1	
1	561	1	
1	16434	1	
1	3636	1	
1	11832	1	
1	18489	1	
1	22369	2	
1	15432	1	
1	13389	2	
1	590	1	
1	11855	1	
1	21586	2	
1	10338	1	
1	15971	1	
1	7782	1	
1	20585	1	
1	2666	1	
1	21613	3	
1	6770	1	
1	22133	1	
1	16502	1	
1	17016	2	
1	19578	1	
1	10943	1	
1	18197	1	
1	4032	1	
1	1673	1	
1	1163	1	
1	13456	1	
1	13969	1	
1	14482	1	
1	2712	1	
1	9887	1	
1	9892	1	
1	4263	2	
1	1704	1	
1	10410	1	
1	21679	1	
1	371	1	
1	9398	1	
1	15903	1	
1	18108	1	
1	9918	1	
1	6847	1	
1	22209	1	
1	8898	1	
1	15045	1	
1	1237	1	
1	21211	1	
1	742	1	
1	14592	1	
1	14081	1	
1	22571	1	
1	4868	1	
1	3201	1	
1	17162	1	
1	4364	2	
1	13069	1	
1	10510	1	
1	16661	1	
1	15128	1	
1	797	1	
1	8990	1	
1	8892	2	
1	2342	1	
1	5928	1	
1	16682	1	
1	21295	1	
1	16176	1	
1	1844	1	
1	13113	1	
1	15170	1	
1	19782	1	
1	9543	1	
1	8015	1	
1	21841	1	
1	14677	1	
1	9047	2	
1	5465	1	
1	18267	1	
1	22368	1	
1	9569	1	
1	7016	1	
1	9577	1	
1	3948	1	
1	13682	1	
1	20851	1	
1	12663	1	
1	7544	1	
1	12673	1	
1	1412	1	
1	16775	1	
1	8074	1	
1	12610	1	
1	8079	1	
1	20384	1	
1	9644	1	
1	9139	2	
1	20925	1	
1	15808	1	
1	11714	1	
1	7633	1	
1	7635	1	
1	9691	1	
1	19939	1	
1	13799	1	
1	16366	1	
1	15857	1	
1	3061	1	
1	18422	1	
1	4601	1	
1	11771	1	
2	20739	1	
2	13849	1	
2	3099	1	
2	4636	1	
2	15903	1	
2	16419	1	
2	19493	1	
2	20519	1	
2	20008	1	
2	12788	1	
2	6702	2	
2	1074	1	
2	11832	1	
2	5691	1	
2	22589	1	
2	1089	1	
2	3652	1	
2	8261	1	
2	1094	1	
2	17790	1	
2	11851	1	
2	10833	1	
2	21586	1	
2	13398	2	
2	20570	1	
2	9831	1	
2	21097	2	
2	2673	1	
2	1140	1	
2	19561	1	
2	14969	1	
2	19580	1	
2	1235	1	
2	15808	1	
2	12930	1	
2	16012	1	
2	17041	1	
2	2243	1	
2	11931	1	
2	22186	1	
2	9901	2	
2	13490	1	
2	8892	1	
2	19133	5	
2	21696	1	
2	5315	2	
2	14024	1	
2	10953	1	
2	13516	1	
2	11471	1	
2	9424	1	
2	4305	1	
2	10963	3	
2	10452	1	
2	18133	1	
2	4303	1	
2	10972	1	
2	10975	2	
2	7904	1	
2	18148	2	
2	8421	1	
2	19174	1	
2	17129	1	
2	4331	1	
2	9458	1	
2	741	1	
2	1918	1	
2	761	1	
2	4349	1	
2	14592	1	
2	10499	1	
2	4868	1	
2	18181	1	
2	7432	1	
2	4364	1	
2	15119	1	
2	11024	1	
2	742	1	
2	4884	1	
2	18197	1	
2	18200	1	
2	17177	1	
2	797	1	
2	18209	1	
2	11042	1	
2	3300	1	
2	19238	1	
2	6951	1	
2	18222	1	
2	6965	3	
2	3895	1	
2	21305	5	
2	2869	1	
2	13120	1	
2	10054	1	
2	17225	1	
2	12625	1	
2	14677	1	
2	9047	2	
2	1764	1	
2	2394	1	
2	15710	1	
2	17637	1	
2	7520	1	
2	5988	1	
2	13542	1	
2	13969	1	
2	9069	2	
2	9072	1	
2	12151	3	
2	8571	1	
2	8062	1	
2	18819	1	
2	14725	1	
2	4486	1	
2	3975	1	
2	16721	1	
2	4497	1	
2	20882	1	
2	408	2	
2	7236	1	
2	15266	2	
2	8614	1	
2	7592	1	
2	18857	2	
2	16301	1	
2	18862	1	
2	10162	1	
2	20915	1	
2	5561	1	
2	10684	1	
2	22464	2	
2	4033	1	
2	11714	1	
2	11726	1	
2	21455	1	
2	17872	1	
2	4561	1	
2	978	1	
2	15317	1	
2	10206	1	
2	8679	1	
2	15338	1	
2	8683	1	
2	7148	1	
2	7149	1	
2	20468	1	
2	5627	1	
3	16385	2	
3	15362	1	
3	13316	1	
3	16390	1	
3	7690	1	
3	15874	1	
3	13331	2	
3	10264	1	
3	22553	1	
3	18460	1	
3	22557	2	
3	16414	1	
3	18463	2	
3	16932	1	
3	6695	2	
3	8236	1	
3	8749	2	
3	6702	1	
3	1074	1	
3	20147	1	
3	57	1	
3	19514	1	
3	4668	6	
3	61	2	
3	63	1	
3	3652	1	
3	11334	1	
3	16968	1	
3	20236	1	
3	11851	1	
3	13388	2	
3	13389	1	
3	21586	4	
3	13398	1	
3	4695	1	
3	20569	1	
3	602	2	
3	7777	1	
3	21606	1	
3	7785	1	
3	11887	1	
3	14448	1	
3	13937	2	
3	6770	2	
3	6270	1	
3	13957	1	
3	7303	1	
3	13960	1	
3	13961	1	
3	7306	1	
3	14475	1	
3	11916	1	
3	11714	1	
3	3949	1	
3	7704	1	
3	20114	1	
3	4263	1	
3	6809	1	
3	11931	1	
3	16030	2	
3	8683	1	
3	16544	1	
3	673	1	
3	16546	1	
3	16547	1	
3	13477	1	
3	13425	2	
3	15532	2	
3	15534	1	
3	4275	1	
3	19124	1	
3	12471	1	
3	11449	1	
3	20155	1	
3	19133	10	
3	13504	6	
3	17608	1	
3	13516	1	
3	3277	2	
3	11471	1	
3	16592	1	
3	10963	1	
3	7897	2	
3	13532	1	
3	10975	1	
3	1763	1	
3	8421	4	
3	13863	2	
3	748	1	
3	14462	1	
3	248	1	
3	15609	4	
3	10492	1	
3	8449	3	
3	4867	3	
3	4868	1	
3	267	1	
3	4364	2	
3	3629	1	
3	7952	2	
3	273	1	
3	16771	1	
3	16661	1	
3	21782	6	
3	8989	2	
3	7455	1	
3	1825	1	
3	19238	1	
3	299	1	
3	18222	1	
3	17200	1	
3	11570	1	
3	8502	1	
3	15671	1	
3	21305	10	
3	15754	1	
3	16702	1	
3	21314	1	
3	18571	1	
3	9033	1	
3	331	1	
3	8012	1	
3	20303	1	
3	21330	1	
3	15190	5	
3	19257	1	
3	15707	1	
3	19804	1	
3	3421	2	
3	15710	1	
3	19808	1	
3	13161	1	
3	18282	1	
3	9069	3	
3	10096	1	
3	13682	1	
3	373	2	
3	12151	2	
3	8568	1	
3	16891	1	
3	7040	1	
3	11651	1	
3	9092	1	
3	625	1	
3	4486	1	
3	16775	1	
3	904	1	
3	17290	2	
3	16706	1	
3	8079	1	
3	20882	3	
3	3991	4	
3	3992	1	
3	8607	2	
3	14753	1	
3	15266	1	
3	2715	1	
3	3493	1	
3	7595	1	
3	12717	1	
3	14489	1	
3	9145	1	
3	18363	2	
3	11196	1	
3	15806	1	
3	20927	1	
3	22464	2	
3	16834	1	
3	16835	1	
3	17349	1	
3	1479	1	
3	588	3	
3	1482	1	
3	16035	1	
3	8660	3	
3	20949	1	
3	6104	1	
3	4569	1	
3	17231	1	
3	4602	1	
3	5086	1	
3	6651	13	
3	7147	1	
3	10221	1	
3	16367	1	
3	20465	2	
3	10226	2	
3	15863	1	
3	4601	2	
3	4090	1	
3	13819	1	
3	6141	9	
3	6142	2	
4	15874	1	
4	19460	2	
4	16390	1	
4	12461	3	
4	13331	1	
4	4612	2	
4	18975	1	
4	1627	2	
4	5672	1	
4	22571	1	
4	18483	1	
4	1076	1	
4	17973	1	
4	4668	1	
4	63	2	
4	11334	1	
4	14407	1	
4	11850	1	
4	588	2	
4	13389	1	
4	11855	1	
4	21586	8	
4	13398	1	
4	7771	1	
4	12896	1	
4	20155	1	
4	10857	1	
4	3182	1	
4	14448	2	
4	13425	2	
4	6770	1	
4	1140	1	
4	7785	1	
4	6776	1	
4	14969	1	
4	4222	1	
4	16661	2	
4	3201	1	
4	13445	1	
4	1160	1	
4	7306	1	
4	14475	3	
4	20109	1	
4	13388	1	
4	14489	2	
4	2715	2	
4	16030	1	
4	13475	1	
4	17066	1	
4	9901	1	
4	15534	2	
4	4275	1	
4	13493	1	
4	22198	1	
4	13611	1	
4	4795	1	
4	18108	1	
4	19133	2	
4	13504	1	
4	705	1	
4	16586	1	
4	5840	1	
4	20690	3	
4	5331	1	
4	20695	1	
4	11992	1	
4	10972	1	
4	7903	1	
4	7397	1	
4	4326	1	
4	15593	1	
4	15594	1	
4	10482	1	
4	1918	2	
4	14583	1	
4	3321	1	
4	15613	1	
4	8449	1	
4	770	1	
4	15915	1	
4	4868	1	
4	7432	1	
4	4364	4	
4	17170	1	
4	18197	1	
4	21782	2	
4	5593	2	
4	6938	1	
4	15609	3	
4	4741	1	
4	2855	1	
4	299	1	
4	11570	1	
4	19254	2	
4	9015	1	
4	21305	2	
4	4831	1	
4	20285	1	
4	4414	1	
4	16194	1	
4	16195	1	
4	16196	1	
4	16197	2	
4	8012	2	
4	12625	2	
4	15190	1	
4	9047	1	
4	4441	2	
4	3418	1	
4	18267	3	
4	17250	1	
4	4451	2	
4	4497	1	
4	9069	3	
4	8050	1	
4	7540	1	
4	377	1	
4	12670	2	
4	7552	1	
4	6017	1	
4	1922	1	
4	11651	1	
4	9617	1	
4	402	1	
4	3907	2	
4	3991	2	
4	3992	1	
4	7584	1	
4	9121	1	
4	9122	2	
4	11931	1	
4	9637	1	
4	11180	1	
4	9645	1	
4	17840	1	
4	18363	1	
4	4030	1	
4	11714	1	
4	17348	1	
4	17740	1	
4	9686	1	
4	5591	1	
4	4569	1	
4	12768	1	
4	10218	1	
4	16367	1	
4	1520	1	
4	20465	2	
4	10226	1	
4	503	1	
4	18424	1	
4	16377	1	
4	6651	3	
4	6652	1	
4	6141	2	
5	12288	1	
5	16385	1	
5	13316	1	
5	12805	1	
5	16390	1	
5	1281	1	
5	18952	1	
5	11787	1	
5	7570	1	
5	22032	1	
5	13331	2	
5	15037	1	
5	19478	1	
5	19460	2	
5	5149	1	
5	19486	1	
5	18975	1	
5	6235	1	
5	13881	1	
5	3621	1	
5	15404	1	
5	6514	1	
5	4655	1	
5	4019	1	
5	12852	1	
5	54	1	
5	1591	1	
5	57	1	
5	5321	1	
5	59	1	
5	4668	1	
5	13887	2	
5	64	2	
5	15426	1	
5	20547	3	
5	7236	1	
5	7749	1	
5	4169	1	
5	8779	1	
5	588	7	
5	7758	1	
5	21586	7	
5	15955	1	
5	7764	1	
5	13398	3	
5	18521	1	
5	602	1	
5	1627	2	
5	1117	1	
5	19550	1	
5	6687	1	
5	14437	4	
5	9831	1	
5	700	1	
5	2663	1	
5	21102	1	
5	11887	1	
5	14448	2	
5	13425	2	
5	3702	1	
5	7287	1	
5	10360	1	
5	11904	1	
5	4219	2	
5	3197	2	
5	5246	1	
5	13951	2	
5	13952	1	
5	14649	1	
5	12930	1	
5	13956	1	
5	13445	1	
5	14475	2	
5	4238	1	
5	7823	1	
5	10862	1	
5	6511	1	
5	15119	1	
5	14495	1	
5	18080	1	
5	673	1	
5	4438	1	
5	13477	6	
5	16969	1	
5	13937	1	
5	4267	1	
5	9901	1	
5	3758	2	
5	1711	1	
5	12656	1	
5	11444	2	
5	7710	1	
5	1206	1	
5	20151	1	
5	20155	7	
5	21692	1	
5	19133	8	
5	4799	2	
5	14016	1	
5	15042	1	
5	21187	1	
5	20167	1	
5	6345	1	
5	13514	1	
5	20343	1	
5	13516	1	
5	5841	1	
5	12623	1	
5	10963	1	
5	10968	1	
5	10971	1	
5	10972	2	
5	10975	1	
5	18144	1	
5	4834	1	
5	8515	1	
5	5356	1	
5	5357	1	
5	13042	1	
5	19703	1	
5	15609	1	
5	17659	1	
5	8445	1	
5	1280	1	
5	8449	1	
5	4867	1	
5	4868	1	
5	2945	1	
5	8236	1	
5	20234	1	
5	3339	3	
5	4364	3	
5	14466	1	
5	12625	1	
5	5391	1	
5	2834	1	
5	18197	2	
5	21782	5	
5	2839	4	
5	2841	9	
5	7451	1	
5	8989	1	
5	2653	1	
5	5529	1	
5	2348	1	
5	15666	1	
5	21305	8	
5	4831	2	
5	906	1	
5	4414	1	
5	3905	3	
5	16194	2	
5	3907	4	
5	10565	1	
5	20297	1	
5	3913	1	
5	567	1	
5	8012	1	
5	17231	1	
5	15184	1	
5	21841	1	
5	17234	1	
5	11603	1	
5	17225	1	
5	15190	4	
5	5433	1	
5	8536	1	
5	4441	1	
5	4954	1	
5	19804	1	
5	15199	1	
5	17248	1	
5	2402	1	
5	15209	1	
5	15210	1	
5	9069	5	
5	9583	1	
5	6000	1	
5	10097	2	
5	3954	1	
5	7539	1	
5	16702	1	
5	7241	1	
5	12151	2	
5	18808	1	
5	17788	1	
5	1917	1	
5	12670	2	
5	17791	1	
5	12673	1	
5	18818	1	
5	6019	1	
5	3974	1	
5	3201	1	
5	16778	1	
5	7567	2	
5	9617	1	
5	20882	1	
5	7571	1	
5	20373	1	
5	10646	1	
5	14743	1	
5	3992	1	
5	1604	1	
5	7582	1	
5	20384	1	
5	15266	1	
5	15273	1	
5	5551	1	
5	20915	1	
5	10679	1	
5	3629	1	
5	4030	1	
5	7103	1	
5	22464	3	
5	13216	1	
5	11714	2	
5	11851	1	
5	1988	1	
5	17350	1	
5	13388	1	
5	11723	1	
5	460	2	
5	462	1	
5	9167	4	
5	10193	1	
5	14293	1	
5	13476	1	
5	475	1	
5	10204	2	
5	10205	1	
5	10208	1	
5	7504	1	
5	487	1	
5	7664	1	
5	8180	1	
5	502	1	
5	6651	1	
5	7433	1	
5	5119	1	
6	19460	1	
6	6149	1	
6	16390	1	
6	13836	1	
6	20494	1	
6	22032	2	
6	13331	3	
6	16919	1	
6	10264	1	
6	539	1	
6	9759	1	
6	3620	1	
6	20519	1	
6	15976	1	
6	22571	1	
6	11820	1	
6	16430	1	
6	3636	1	
6	12341	1	
6	22071	1	
6	569	1	
6	6715	1	
6	1089	1	
6	20547	3	
6	3652	1	
6	1094	2	
6	4169	1	
6	13388	1	
6	12878	1	
6	12045	1	
6	21586	2	
6	13398	3	
6	1626	1	
6	18876	1	
6	7773	1	
6	8286	1	
6	18528	1	
6	19553	1	
6	16998	1	
6	18023	1	
6	9832	1	
6	21097	1	
6	14448	1	
6	13937	1	
6	6770	2	
6	1141	1	
6	20585	1	
6	3197	1	
6	6270	1	
6	13440	1	
6	5764	1	
6	18565	1	
6	4231	1	
6	18056	1	
6	14475	1	
6	2705	1	
6	4754	1	
6	1174	1	
6	6809	1	
6	14495	1	
6	7329	1	
6	13474	3	
6	3099	1	
6	12076	1	
6	9901	2	
6	3758	2	
6	19124	1	
6	13493	1	
6	18633	1	
6	22200	1	
6	698	1	
6	7303	1	
6	19133	1	
6	20167	1	
6	10953	2	
6	13514	1	
6	7888	1	
6	10449	1	
6	10963	1	
6	20695	3	
6	10970	1	
6	10972	1	
6	10975	1	
6	8421	1	
6	22252	1	
6	2289	1	
6	9458	1	
6	2003	1	
6	894	1	
6	11817	1	
6	18174	1	
6	11007	1	
6	2307	1	
6	4868	1	
6	8967	1	
6	7432	1	
6	16649	1	
6	16653	1	
6	13582	1	
6	7952	1	
6	2839	2	
6	2841	1	
6	2351	1	
6	8989	1	
6	800	1	
6	19238	1	
6	299	1	
6	2348	1	
6	7471	2	
6	18851	1	
6	21305	1	
6	20284	1	
6	17290	1	
6	16704	1	
6	16194	1	
6	3907	5	
6	3912	1	
6	17225	2	
6	8012	1	
6	4432	1	
6	12625	3	
6	8021	1	
6	9047	2	
6	13658	2	
6	3943	1	
6	3948	1	
6	20882	2	
6	9072	3	
6	6514	1	
6	15849	1	
6	11641	1	
6	17788	1	
6	7658	1	
6	12670	1	
6	901	1	
6	5514	1	
6	9617	1	
6	7570	1	
6	3992	1	
6	21402	1	
6	4000	1	
6	9121	1	
6	15778	1	
6	4003	1	
6	12716	1	
6	328	1	
6	20915	1	
6	7608	1	
6	16825	1	
6	7099	1	
6	15804	1	
6	22464	1	
6	18882	1	
6	13763	1	
6	19396	1	
6	8647	1	
6	20939	1	
6	12748	1	
6	21454	1	
6	9167	3	
6	467	1	
6	4601	1	
6	3044	1	
6	20969	1	
6	12778	1	
6	8683	2	
6	7148	1	
6	493	1	
6	4590	1	
6	16367	1	
6	4597	1	
6	502	1	
6	3065	1	
6	20474	1	
7	7684	2	
7	7686	1	
7	17066	1	
7	2063	3	
7	16301	1	
7	22551	8	
7	12825	2	
7	19816	1	
7	14369	2	
7	11298	1	
7	16420	1	
7	11817	1	
7	8236	5	
7	19634	1	
7	8238	1	
7	9777	1	
7	1074	1	
7	16367	1	
7	1076	2	
7	17975	2	
7	5691	2	
7	3134	1	
7	66	1	
7	11334	3	
7	21601	2	
7	15432	4	
7	13388	1	
7	21586	1	
7	4691	1	
7	10837	1	
7	13398	1	
7	12891	1	
7	19550	1	
7	7952	1	
7	20384	1	
7	13412	1	
7	22119	1	
7	18108	2	
7	7783	1	
7	11887	2	
7	14448	1	
7	20593	1	
7	19561	1	
7	10360	1	
7	17017	2	
7	4221	1	
7	18197	2	
7	12930	1	
7	13444	1	
7	12933	3	
7	7303	1	
7	1160	1	
7	4235	2	
7	1168	1	
7	1169	1	
7	658	1	
7	8341	1	
7	13979	1	
7	16030	2	
7	7839	1	
7	16544	2	
7	5793	1	
7	16547	1	
7	13425	1	
7	15528	2	
7	1706	1	
7	9901	2	
7	13486	1	
7	12465	1	
7	12466	1	
7	5301	3	
7	4284	1	
7	19133	5	
7	13502	1	
7	4799	1	
7	15042	1	
7	5315	1	
7	10436	1	
7	6345	1	
7	20686	4	
7	20690	1	
7	1750	1	
7	20695	1	
7	15580	1	
7	4317	1	
7	13022	1	
7	10975	2	
7	7911	1	
7	745	1	
7	22252	1	
7	10365	1	
7	7408	1	
7	7409	1	
7	18162	1	
7	13937	1	
7	248	1	
7	764	1	
7	770	1	
7	2309	1	
7	22572	1	
7	4364	4	
7	11024	1	
7	13585	1	
7	4884	1	
7	16661	1	
7	2839	1	
7	281	1	
7	15642	1	
7	1309	1	
7	798	1	
7	11040	1	
7	10972	1	
7	18222	1	
7	18227	1	
7	1844	1	
7	21305	5	
7	6464	1	
7	10208	1	
7	16195	1	
7	1864	1	
7	17225	1	
7	8013	1	
7	19794	1	
7	5973	1	
7	14686	1	
7	22369	1	
7	14694	1	
7	3943	1	
7	15208	1	
7	7531	1	
7	1909	1	
7	5499	1	
7	1408	1	
7	16363	4	
7	14725	1	
7	15766	1	
7	1415	1	
7	17290	1	
7	395	1	
7	11662	1	
7	10644	1	
7	405	1	
7	11670	1	
7	3991	1	
7	3992	1	
7	4079	1	
7	17312	4	
7	10145	1	
7	12716	1	
7	12717	1	
7	17840	1	
7	5448	1	
7	9145	1	
7	6075	1	
7	15804	1	
7	12733	1	
7	15809	1	
7	11714	8	
7	16837	1	
7	18374	1	
7	7329	1	
7	9167	1	
7	16035	1	
7	18393	2	
7	9691	1	
7	15328	1	
7	10726	1	
7	4263	2	
7	7660	1	
7	7663	1	
7	10408	1	
7	14324	1	
7	503	1	
7	3064	1	
7	5627	1	
7	19626	1	
7	5119	3	
8	7684	2	
8	518	1	
8	7687	1	
8	7690	1	
8	20494	1	
8	22551	6	
8	5149	1	
8	15903	5	
8	20006	1	
8	433	1	
8	11817	1	
8	22571	1	
8	8236	1	
8	8752	1	
8	20534	1	
8	5687	2	
8	56	1	
8	2105	1	
8	58	1	
8	61	1	
8	3134	2	
8	17983	1	
8	1088	1	
8	3936	1	
8	66	1	
8	6724	1	
8	11334	1	
8	10337	1	
8	12360	1	
8	1099	1	
8	588	3	
8	21586	2	
8	6741	1	
8	9817	1	
8	12891	1	
8	16989	1	
8	19551	1	
8	21601	2	
8	10338	1	
8	12731	1	
8	18023	1	
8	7785	1	
8	19559	1	
8	21613	1	
8	7613	1	
8	15985	1	
8	3260	1	
8	6773	1	
8	3702	1	
8	7799	1	
8	13445	1	
8	646	1	
8	20103	1	
8	13961	1	
8	13451	1	
8	1167	2	
8	1168	1	
8	1304	1	
8	15809	1	
8	8348	1	
8	14493	2	
8	16030	1	
8	16543	1	
8	8352	1	
8	9072	1	
8	19619	1	
8	4263	1	
8	22188	1	
8	9901	1	
8	22557	5	
8	12465	1	
8	19634	1	
8	21619	1	
8	22196	1	
8	5301	6	
8	12471	1	
8	3258	1	
8	8892	1	
8	19133	1	
8	4799	1	
8	12481	1	
8	708	1	
8	20686	1	
8	15567	1	
8	12623	1	
8	16425	1	
8	10972	3	
8	15583	1	
8	21728	1	
8	2278	1	
8	5355	1	
8	22252	2	
8	7917	1	
8	7409	2	
8	1266	4	
8	21235	1	
8	3830	1	
8	14583	1	
8	15609	1	
8	8449	1	
8	17154	1	
8	17156	1	
8	4054	1	
8	5382	1	
8	6927	1	
8	6416	1	
8	15128	1	
8	10628	1	
8	7451	2	
8	284	1	
8	14725	2	
8	19238	1	
8	13532	1	
8	12076	1	
8	7665	1	
8	8502	1	
8	21305	1	
8	21820	1	
8	14730	1	
8	8512	1	
8	4064	1	
8	16706	1	
8	12103	1	
8	5448	1	
8	5313	1	
8	62	1	
8	20303	1	
8	15184	1	
8	19174	1	
8	5974	1	
8	21848	1	
8	3417	1	
8	7823	1	
8	22368	1	
8	4453	1	
8	358	1	
8	360	1	
8	873	1	
8	2416	1	
8	1086	1	
8	8568	2	
8	1405	1	
8	8062	1	
8	1410	1	
8	1412	1	
8	3973	1	
8	20358	1	
8	3975	1	
8	19848	1	
8	16778	1	
8	17292	1	
8	20882	2	
8	20373	1	
8	3991	1	
8	3992	1	
8	6554	1	
8	414	1	
8	17312	2	
8	1442	1	
8	11684	1	
8	2033	1	
8	22442	1	
8	12716	1	
8	18162	1	
8	17840	1	
8	15432	3	
8	11703	1	
8	1465	2	
8	6075	2	
8	11709	1	
8	14782	1	
8	20384	1	
8	11714	2	
8	17348	1	
8	7112	1	
8	13388	1	
8	16547	1	
8	17366	1	
8	18393	2	
8	11087	1	
8	12768	1	
8	10210	1	
8	15850	1	
8	16363	2	
8	16365	1	
8	16367	1	
8	20465	1	
8	10227	1	
8	6651	1	
8	18941	1	
9	21504	1	
9	15874	1	
9	15190	1	
9	7686	1	
9	4617	1	
9	22551	4	
9	7704	1	
9	13849	1	
9	13851	1	
9	22557	4	
9	7203	1	
9	11821	1	
9	52	1	
9	53	1	
9	11832	1	
9	15932	1	
9	3134	1	
9	64	1	
9	17443	1	
9	66	1	
9	67	1	
9	68	1	
9	69	1	
9	15432	2	
9	11851	1	
9	588	1	
9	11340	1	
9	15971	1	
9	3259	1	
9	12891	1	
9	7777	1	
9	19555	1	
9	11708	1	
9	3943	1	
9	18030	1	
9	13937	1	
9	6771	1	
9	9332	1	
9	10915	1	
9	7529	2	
9	14459	1	
9	8317	1	
9	16511	1	
9	16512	5	
9	16661	1	
9	13445	1	
9	13961	1	
9	650	1	
9	10891	1	
9	11714	3	
9	1167	1	
9	22553	1	
9	10397	1	
9	19619	1	
9	4438	2	
9	4038	1	
9	4263	1	
9	15528	1	
9	17066	1	
9	3758	2	
9	2224	1	
9	19124	1	
9	7863	1	
9	20155	1	
9	12481	1	
9	2243	2	
9	13174	1	
9	13514	1	
9	16592	1	
9	19491	1	
9	4308	1	
9	11992	1	
9	10972	3	
9	18128	1	
9	22252	1	
9	22258	1	
9	1918	1	
9	18174	1	
9	21247	1	
9	13440	1	
9	4868	1	
9	16135	1	
9	16783	1	
9	3339	2	
9	4364	3	
9	18818	1	
9	12558	1	
9	7952	1	
9	22232	1	
9	4884	1	
9	18197	2	
9	17740	1	
9	284	1	
9	17188	1	
9	19238	1	
9	3881	2	
9	12076	2	
9	10542	1	
9	14640	1	
9	1844	1	
9	12852	2	
9	19263	1	
9	3392	1	
9	21314	1	
9	12100	4	
9	12103	1	
9	19276	2	
9	15184	1	
9	12625	5	
9	2387	1	
9	854	1	
9	18267	1	
9	12773	1	
9	22368	5	
9	13159	1	
9	13161	1	
9	20882	1	
9	6511	1	
9	10097	1	
9	7582	1	
9	12151	1	
9	8568	1	
9	13177	1	
9	12670	2	
9	1922	1	
9	8579	1	
9	9092	1	
9	4492	1	
9	17807	1	
9	17810	1	
9	8771	1	
9	917	1	
9	3992	1	
9	11161	1	
9	21402	1	
9	414	1	
9	20384	1	
9	7587	1	
9	9637	1	
9	15275	1	
9	17840	1	
9	436	1	
9	7550	1	
9	6075	1	
9	6076	2	
9	22463	1	
9	22464	1	
9	17312	2	
9	16834	1	
9	7110	1	
9	13388	1	
9	6090	1	
9	15308	1	
9	7634	1	
9	9171	1	
9	10213	1	
9	494	1	
9	15869	1	
9	10227	1	
9	14324	1	
9	4601	1	
9	11771	3	
9	18941	1	
10	13316	1	
10	9733	1	
10	22032	5	
10	3090	1	
10	10264	1	
10	17943	1	
10	19480	1	
10	10265	1	
10	1564	1	
10	4638	1	
10	18975	1	
10	7716	1	
10	1578	4	
10	22571	1	
10	3629	1	
10	19504	1	
10	1591	1	
10	19124	1	
10	60	2	
10	8765	1	
10	13887	1	
10	8261	1	
10	15432	2	
10	588	2	
10	12878	3	
10	11855	1	
10	21586	1	
10	15955	1	
10	18004	1	
10	17494	1	
10	15448	1	
10	8797	2	
10	18528	1	
10	1633	1	
10	18022	1	
10	15976	1	
10	8892	1	
10	17004	1	
10	18030	1	
10	625	1	
10	21619	1	
10	13428	1	
10	6263	1	
10	9023	1	
10	646	1	
10	18056	1	
10	18199	1	
10	13453	1	
10	20112	1	
10	13969	1	
10	10386	1	
10	622	1	
10	14488	1	
10	16543	1	
10	16547	1	
10	4263	2	
10	683	2	
10	7345	1	
10	4276	1	
10	19126	1	
10	2745	1	
10	15903	1	
10	18108	1	
10	19133	2	
10	14016	1	
10	12481	1	
10	10436	1	
10	13174	1	
10	16588	1	
10	11471	1	
10	14033	1	
10	4306	1	
10	1235	1	
10	19668	1	
10	12503	1	
10	1248	1	
10	6372	1	
10	8421	1	
10	14545	1	
10	7400	4	
10	20722	1	
10	11134	1	
10	13937	1	
10	19705	1	
10	5883	1	
10	11007	1	
10	14592	6	
10	4868	1	
10	18185	1	
10	4364	3	
10	7952	1	
10	16661	1	
10	279	1	
10	15651	1	
10	2340	1	
10	16677	1	
10	5927	1	
10	15751	1	
10	6446	1	
10	7471	1	
10	5936	1	
10	1844	1	
10	16696	1	
10	21305	2	
10	5437	1	
10	3903	1	
10	3392	1	
10	10464	1	
10	16194	1	
10	8518	1	
10	1866	1	
10	19787	1	
10	20303	1	
10	15184	1	
10	12625	3	
10	12345	1	
10	12121	1	
10	8539	1	
10	4448	1	
10	22369	1	
10	1380	1	
10	9873	1	
10	17042	1	
10	18287	1	
10	15216	1	
10	3958	1	
10	8568	1	
10	3963	1	
10	9085	1	
10	8062	1	
10	4484	1	
10	14725	1	
10	16774	1	
10	1415	1	
10	1420	1	
10	17293	1	
10	7055	1	
10	14742	1	
10	14743	1	
10	11672	1	
10	4509	1	
10	7582	1	
10	20384	1	
10	15856	1	
10	10148	1	
10	15275	1	
10	9645	1	
10	9146	1	
10	11708	1	
10	4030	1	
10	6080	1	
10	8641	1	
10	11714	1	
10	16835	2	
10	7110	1	
10	13255	1	
10	21068	1	
10	11723	1	
10	15820	1	
10	18769	1	
10	17360	1	
10	18391	1	
10	7131	1	
10	3408	1	
10	16775	1	
10	13799	1	
10	6121	1	
10	12778	1	
10	7664	1	
10	4597	1	
10	5623	2	
10	5625	1	
10	6651	2	
10	16893	1	
10	14672	1	
11	12288	2	
11	7686	1	
11	3090	1	
11	4116	2	
11	15384	1	
11	15903	1	
11	12325	1	
11	8236	2	
11	12852	1	
11	63	1	
11	64	1	
11	588	2	
11	13389	1	
11	12878	1	
11	13905	1	
11	15971	1	
11	17494	1	
11	15448	2	
11	22108	1	
11	18528	1	
11	10851	1	
11	16998	1	
11	3176	1	
11	2578	1	
11	3261	1	
11	1648	1	
11	6770	1	
11	5749	1	
11	13844	1	
11	3203	1	
11	13445	2	
11	19596	1	
11	14993	3	
11	19607	1	
11	19619	1	
11	17576	1	
11	17577	1	
11	7348	1	
11	5815	1	
11	19133	1	
11	14016	1	
11	12481	1	
11	1731	1	
11	5333	1	
11	3621	1	
11	5352	1	
11	7410	3	
11	15096	1	
11	4868	1	
11	4364	2	
11	5390	1	
11	279	1	
11	281	1	
11	10205	1	
11	8502	1	
11	21305	1	
11	12611	1	
11	19787	3	
11	17229	1	
11	21841	1	
11	4441	1	
11	7514	1	
11	13969	1	
11	5994	1	
11	10097	2	
11	11641	1	
11	20357	1	
11	4486	1	
11	11662	1	
11	11664	1	
11	15251	1	
11	3992	1	
11	7582	2	
11	15274	1	
11	15275	1	
11	1460	1	
11	1469	1	
11	4030	1	
11	4032	2	
11	13763	1	
11	1482	1	
11	11723	1	
11	7120	1	
11	14803	1	
11	19421	1	
11	13800	1	
11	15338	1	
11	20649	1	
12	19460	2	
12	13834	1	
12	22032	3	
12	8536	1	
12	3090	1	
12	4115	1	
12	19478	3	
12	22551	1	
12	10264	1	
12	10265	1	
12	22557	1	
12	6687	1	
12	17840	1	
12	7203	1	
12	15401	1	
12	15402	1	
12	555	1	
12	15404	3	
12	3629	1	
12	1076	1	
12	12852	1	
12	4661	1	
12	12345	1	
12	7690	1	
12	13887	1	
12	12354	1	
12	1633	1	
12	15432	2	
12	17996	1	
12	12880	3	
12	21586	3	
12	18005	2	
12	17494	1	
12	7767	1	
12	12891	1	
12	21601	1	
12	16998	5	
12	9831	1	
12	17000	1	
12	10861	1	
12	11887	1	
12	21617	1	
12	2578	6	
12	17016	1	
12	21696	1	
12	646	1	
12	7303	1	
12	14985	2	
12	8898	1	
12	9887	1	
12	7330	1	
12	19619	1	
12	4263	1	
12	10920	1	
12	3759	1	
12	5301	1	
12	4795	1	
12	8892	1	
12	19133	2	
12	16064	1	
12	3266	1	
12	20167	1	
12	6345	1	
12	9421	1	
12	10446	1	
12	16592	1	
12	20686	1	
12	16092	1	
12	8144	1	
12	21227	1	
12	12317	1	
12	7408	2	
12	7410	1	
12	7635	1	
12	22262	1	
12	20727	1	
12	17148	1	
12	1578	2	
12	11007	1	
12	1280	1	
12	18181	1	
12	19718	1	
12	4364	4	
12	18191	1	
12	18197	4	
12	2948	2	
12	15642	1	
12	3641	1	
12	5421	1	
12	18222	1	
12	21295	1	
12	8502	1	
12	999	1	
12	21305	1	
12	20284	1	
12	20285	1	
12	8512	1	
12	8013	2	
12	14673	1	
12	4438	2	
12	855	1	
12	19800	1	
12	8539	1	
12	863	1	
12	22369	1	
12	7011	1	
12	3943	1	
12	16871	1	
12	3948	1	
12	20882	1	
12	7684	1	
12	18287	1	
12	9075	1	
12	1405	1	
12	1924	1	
12	19847	1	
12	11662	1	
12	11152	1	
12	22418	1	
12	918	1	
12	7151	1	
12	20384	1	
12	15431	1	
12	4012	1	
12	7600	1	
12	4530	1	
12	1466	2	
12	6075	1	
12	19900	3	
12	20927	1	
12	11714	1	
12	4548	1	
12	7112	1	
12	15863	1	
12	17229	1	
12	7120	3	
12	7633	1	
12	19923	1	
12	8154	1	
12	9041	1	
12	7660	1	
12	17661	1	
12	14324	1	
12	16373	1	
12	5623	1	
13	9729	1	
13	7684	1	
13	9733	1	
13	7687	1	
13	855	1	
13	22032	4	
13	14865	1	
13	1042	1	
13	4116	1	
13	20142	1	
13	22551	3	
13	4635	1	
13	22557	5	
13	19493	1	
13	15400	1	
13	22571	1	
13	8236	1	
13	1069	1	
13	3118	1	
13	15209	1	
13	12852	1	
13	20534	1	
13	55	3	
13	11832	2	
13	8765	1	
13	11104	1	
13	15432	3	
13	588	3	
13	13389	1	
13	21586	4	
13	603	1	
13	8797	1	
13	19551	1	
13	21601	1	
13	15971	1	
13	18534	1	
13	19900	2	
13	13418	1	
13	21613	1	
13	15982	1	
13	13937	1	
13	13428	5	
13	6773	1	
13	11894	1	
13	873	1	
13	14970	1	
13	8317	1	
13	13440	1	
13	19588	1	
13	9351	2	
13	18571	1	
13	6801	2	
13	2196	1	
13	22173	1	
13	12446	1	
13	16544	1	
13	19619	1	
13	5797	1	
13	10407	3	
13	15532	1	
13	9901	1	
13	3758	1	
13	20681	1	
13	5748	1	
13	15035	1	
13	19133	2	
13	4286	1	
13	2243	1	
13	10441	1	
13	8397	1	
13	3796	1	
13	19562	2	
13	11992	1	
13	20431	1	
13	14047	1	
13	15584	1	
13	18658	2	
13	5347	1	
13	743	1	
13	12008	1	
13	5867	1	
13	22252	1	
13	7408	1	
13	12018	3	
13	1269	1	
13	18173	1	
13	4868	2	
13	18185	1	
13	4364	2	
13	278	2	
13	18200	1	
13	16159	1	
13	4903	1	
13	1833	1	
13	14122	1	
13	20103	1	
13	2348	1	
13	7471	1	
13	17203	1	
13	16695	1	
13	5433	1	
13	9023	1	
13	16194	1	
13	17225	1	
13	3408	1	
13	12625	3	
13	5459	1	
13	4438	1	
13	21305	1	
13	4441	1	
13	8539	2	
13	3421	1	
13	863	1	
13	7520	1	
13	2914	1	
13	3940	1	
13	13161	1	
13	1899	1	
13	8556	1	
13	9581	1	
13	10607	1	
13	10096	1	
13	11122	1	
13	12663	1	
13	15225	1	
13	11708	1	
13	16252	1	
13	12670	1	
13	2944	1	
13	12163	1	
13	9092	3	
13	14725	1	
13	3974	1	
13	15754	1	
13	4491	1	
13	4494	1	
13	15759	1	
13	20882	1	
13	15763	1	
13	15774	1	
13	20384	3	
13	15266	1	
13	12716	1	
13	1266	1	
13	17840	1	
13	1460	1	
13	1465	3	
13	1466	1	
13	18364	2	
13	19902	1	
13	6816	1	
13	11714	2	
13	16835	1	
13	1482	2	
13	11723	1	
13	4558	1	
13	9167	1	
13	18391	2	
13	18393	1	
13	22418	1	
13	15184	2	
13	18406	1	
13	15338	1	
13	493	1	
13	8174	1	
13	8688	2	
13	497	2	
13	16373	1	
13	5623	1	
13	6651	1	
13	6652	1	
13	5119	1	
14	7680	1	
14	11779	1	
14	9733	1	
14	7690	1	
14	20499	1	
14	17943	1	
14	1561	1	
14	4636	1	
14	22557	1	
14	13854	1	
14	15365	1	
14	603	1	
14	17973	2	
14	12342	1	
14	17466	1	
14	6715	1	
14	17981	1	
14	3647	1	
14	12354	1	
14	15431	1	
14	15432	1	
14	13398	2	
14	9818	1	
14	12891	1	
14	19036	1	
14	8797	1	
14	14949	1	
14	6760	1	
14	18364	1	
14	13418	1	
14	14448	1	
14	21617	1	
14	626	1	
14	1140	1	
14	13445	1	
14	11117	1	
14	22553	1	
14	6809	1	
14	12442	1	
14	12446	1	
14	18592	1	
14	10407	1	
14	10408	1	
14	22198	2	
14	13428	2	
14	8892	1	
14	15820	1	
14	8906	1	
14	15567	1	
14	3796	1	
14	6365	1	
14	10463	2	
14	9440	1	
14	747	1	
14	18686	2	
14	14592	1	
14	8449	1	
14	19035	1	
14	19716	1	
14	773	1	
14	12673	1	
14	18185	2	
14	4364	1	
14	5390	1	
14	19732	1	
14	4868	2	
14	15643	1	
14	8989	1	
14	6436	1	
14	12589	1	
14	18222	1	
14	21295	1	
14	12089	1	
14	828	1	
14	833	1	
14	22339	1	
14	6982	1	
14	329	1	
14	12625	3	
14	11604	1	
14	14677	1	
14	625	1	
14	21851	1	
14	11101	1	
14	1375	1	
14	19816	1	
14	8043	1	
14	9069	1	
14	10608	1	
14	20343	1	
14	8570	1	
14	22591	1	
14	17788	1	
14	14721	1	
14	9092	1	
14	4497	1	
14	3991	1	
14	13723	1	
14	4509	1	
14	20382	1	
14	13727	1	
14	18853	1	
14	12712	2	
14	15273	1	
14	7600	1	
14	5048	1	
14	1465	1	
14	19900	1	
14	22464	1	
14	7110	1	
14	12746	1	
14	13772	1	
14	17872	1	
14	13416	1	
14	14306	1	
14	13283	1	
14	15185	1	
14	15855	1	
14	7664	1	
14	5621	1	
14	15864	1	
14	4601	1	
14	4602	2	
14	4604	1	
15	12288	1	
15	7684	2	
15	4617	1	
15	429	1	
15	22032	1	
15	22551	6	
15	22553	1	
15	22557	1	
15	19486	1	
15	12325	4	
15	20519	1	
15	12481	1	
15	8236	2	
15	3629	1	
15	17463	1	
15	16952	1	
15	13884	1	
15	7471	1	
15	13887	2	
15	64	1	
15	12870	2	
15	15432	1	
15	15435	1	
15	4684	1	
15	6733	1	
15	18005	1	
15	19036	1	
15	6237	1	
15	19551	1	
15	16998	2	
15	13418	1	
15	19816	1	
15	21619	1	
15	13428	1	
15	19061	1	
15	10360	1	
15	633	1	
15	6269	1	
15	9855	1	
15	6787	1	
15	13445	1	
15	9351	2	
15	1163	2	
15	12429	1	
15	1167	1	
15	17041	1	
15	4764	1	
15	12446	1	
15	19619	1	
15	13425	1	
15	20649	3	
15	683	1	
15	22188	1	
15	15534	1	
15	6771	1	
15	11444	1	
15	15032	1	
15	8892	2	
15	19133	2	
15	11969	1	
15	13507	1	
15	2761	1	
15	2762	1	
15	13516	1	
15	10963	1	
15	14969	1	
15	10407	3	
15	11999	1	
15	7397	1	
15	21228	1	
15	17140	1	
15	1269	1	
15	15618	1	
15	3332	1	
15	2309	1	
15	4364	1	
15	4868	1	
15	12570	1	
15	7451	2	
15	8989	1	
15	4486	1	
15	19238	1	
15	7303	1	
15	2860	1	
15	18222	2	
15	16605	1	
15	18736	1	
15	6965	1	
15	2873	1	
15	7546	1	
15	15170	1	
15	17225	1	
15	20303	1	
15	3555	1	
15	6484	1	
15	21305	2	
15	2905	1	
15	21850	1	
15	22363	1	
15	1887	1	
15	22368	2	
15	7528	1	
15	7531	1	
15	8556	1	
15	9069	2	
15	3953	1	
15	15218	2	
15	8568	1	
15	3962	2	
15	63	1	
15	17790	1	
15	13888	1	
15	16363	3	
15	14725	1	
15	16774	1	
15	3975	1	
15	22252	1	
15	16175	1	
15	3992	1	
15	19865	1	
15	7151	1	
15	17312	2	
15	16301	1	
15	5552	1	
15	17984	1	
15	19386	1	
15	4030	2	
15	11714	2	
15	13772	1	
15	9167	1	
15	6307	1	
15	15317	1	
15	11737	2	
15	9691	1	
15	11233	1	
15	2018	1	
15	10723	1	
15	13799	1	
15	2025	1	
15	8683	2	
15	2543	1	
15	16373	1	
15	5623	1	
15	16891	1	
16	4868	2	
16	9351	1	
16	13194	1	
16	19468	1	
16	11714	3	
16	4624	1	
16	20626	2	
16	10515	1	
16	17175	1	
16	3332	1	
16	1680	1	
16	5276	1	
16	21789	1	
16	20384	1	
16	18977	1	
16	11555	1	
16	4263	2	
16	3753	1	
16	615	1	
16	8236	2	
16	8752	1	
16	11703	1	
16	9016	2	
16	12089	1	
16	3258	1	
16	15035	2	
16	22589	1	
16	9023	2	
16	8641	1	
16	20290	1	
16	21687	1	
16	16069	1	
16	2246	1	
16	9831	1	
16	9932	1	
16	9038	1	
16	18128	1	
16	11832	1	
16	21586	1	
16	18132	1	
16	12503	1	
16	9816	1	
16	21849	1	
16	2524	1	
16	2782	1	
16	7777	1	
16	6885	1	
16	12390	1	
16	12625	1	
16	8552	1	
16	9577	1	
16	8999	1	
16	1646	1	
16	20851	1	
16	18548	1	
16	2686	1	
16	17657	1	
16	18042	1	
16	11388	1	
16	5246	2	
