1	12288	3	
1	9729	2	
1	4011	1	
1	13316	2	
1	1545	1	
1	2572	1	
1	17424	2	
1	15448	1	
1	1042	1	
1	13849	1	
1	22557	1	
1	21295	1	
1	3621	1	
1	11817	1	
1	1067	1	
1	16432	1	
1	563	1	
1	3636	1	
1	12342	1	
1	4617	1	
1	22082	1	
1	3651	1	
1	15432	1	
1	13388	1	
1	590	1	
1	10832	2	
1	21586	1	
1	5208	1	
1	9817	1	
1	8804	1	
1	3173	1	
1	11708	1	
1	11887	1	
1	14448	1	
1	13937	1	
1	17016	1	
1	18042	2	
1	3197	1	
1	13440	2	
1	13954	1	
1	3203	1	
1	13444	1	
1	18055	1	
1	14475	1	
1	2704	1	
1	13969	1	
1	9875	1	
1	18075	1	
1	18078	1	
1	5287	1	
1	681	1	
1	11434	3	
1	683	1	
1	19124	1	
1	9398	1	
1	12471	2	
1	10938	1	
1	700	1	
1	19133	1	
1	7362	3	
1	22494	1	
1	15820	1	
1	14545	1	
1	1746	1	
1	7893	1	
1	10975	1	
1	7904	1	
1	4326	1	
1	13033	2	
1	22252	1	
1	12542	1	
1	7637	1	
1	13570	1	
1	4868	2	
1	19725	1	
1	7952	1	
1	4883	1	
1	6935	1	
1	5764	1	
1	7451	1	
1	797	1	
1	14622	1	
1	3351	1	
1	7463	1	
1	5928	2	
1	9351	1	
1	5934	1	
1	7471	3	
1	4402	1	
1	7477	1	
1	21727	1	
1	8512	1	
1	15170	1	
1	20809	1	
1	8077	1	
1	19792	1	
1	21845	1	
1	2394	1	
1	22368	1	
1	22369	1	
1	14690	1	
1	3217	1	
1	9069	4	
1	6000	1	
1	10097	1	
1	745	1	
1	14714	1	
1	8579	1	
1	14724	1	
1	3974	1	
1	1415	1	
1	1416	1	
1	5005	1	
1	4497	1	
1	19858	1	
1	917	1	
1	16281	1	
1	5534	1	
1	7584	2	
1	11760	1	
1	1691	1	
1	19364	1	
1	16293	1	
1	19883	1	
1	9050	1	
1	16302	1	
1	7089	2	
1	13749	1	
1	8636	1	
1	22464	1	
1	20384	2	
1	16834	1	
1	17356	1	
1	16333	1	
1	14800	1	
1	13902	1	
1	11737	1	
1	4062	1	
1	16367	1	
1	3568	2	
1	10225	1	
1	13822	1	
1	5801	1	
1	18426	1	
1	6651	2	
1	8702	1	
1	14677	2	
2	1280	1	
2	4611	1	
2	19460	2	
2	1281	1	
2	7178	1	
2	2063	2	
2	22032	2	
2	13841	1	
2	22557	1	
2	1456	2	
2	2310	1	
2	4647	2	
2	22571	1	
2	20012	1	
2	8749	1	
2	20014	1	
2	8236	3	
2	17968	1	
2	1076	1	
2	6711	1	
2	19520	1	
2	20547	2	
2	5191	1	
2	11850	1	
2	11851	1	
2	2636	1	
2	13389	1	
2	16462	3	
2	11856	1	
2	21586	1	
2	13727	1	
2	5207	1	
2	9817	1	
2	602	1	
2	20239	1	
2	14682	2	
2	605	1	
2	1467	1	
2	20155	1	
2	12390	1	
2	11708	1	
2	21611	1	
2	108	2	
2	21613	1	
2	1138	1	
2	115	2	
2	118	1	
2	12852	2	
2	4218	1	
2	7103	1	
2	10097	1	
2	13440	1	
2	13442	1	
2	5739	1	
2	14981	1	
2	1670	1	
2	7303	1	
2	1266	1	
2	14475	1	
2	9875	2	
2	16020	1	
2	12446	1	
2	671	2	
2	16544	3	
2	16679	3	
2	18209	1	
2	10407	2	
2	5800	1	
2	13994	1	
2	683	1	
2	9901	1	
2	9245	1	
2	2224	1	
2	16049	1	
2	12915	1	
2	5301	3	
2	9398	1	
2	2745	1	
2	15035	1	
2	19133	4	
2	9919	1	
2	14795	1	
2	18628	1	
2	10102	1	
2	20167	1	
2	20168	1	
2	12663	1	
2	13516	1	
2	719	1	
2	18128	1	
2	4306	1	
2	17620	1	
2	3286	1	
2	20695	3	
2	22232	2	
2	10972	2	
2	10464	2	
2	2273	1	
2	22245	1	
2	22248	1	
2	20722	1	
2	20519	1	
2	22252	1	
2	3313	2	
2	22258	1	
2	14579	1	
2	14584	1	
2	15616	1	
2	8449	1	
2	20739	1	
2	4868	1	
2	16646	1	
2	19721	1	
2	4364	3	
2	13069	1	
2	19726	1	
2	15119	1	
2	8152	1	
2	17171	1	
2	19734	1	
2	7451	1	
2	5765	1	
2	8993	1	
2	6790	1	
2	20774	2	
2	18215	1	
2	18140	1	
2	12076	1	
2	21295	2	
2	5936	2	
2	11058	1	
2	6898	1	
2	19258	1	
2	15675	1	
2	3393	1	
2	21831	1	
2	17225	1	
2	20299	1	
2	8012	2	
2	17230	1	
2	15184	2	
2	5969	1	
2	10320	1	
2	9044	3	
2	21305	3	
2	6489	1	
2	2394	1	
2	12602	1	
2	9566	1	
2	22368	1	
2	22369	1	
2	13154	1	
2	2923	1	
2	20332	1	
2	9069	3	
2	21871	1	
2	7537	2	
2	11638	1	
2	12151	1	
2	8568	1	
2	5498	1	
2	6122	1	
2	405	1	
2	21888	1	
2	3974	1	
2	904	1	
2	22414	1	
2	4496	1	
2	22418	2	
2	6035	1	
2	9621	1	
2	11672	1	
2	7066	1	
2	1951	1	
2	20384	2	
2	16199	1	
2	21933	1	
2	12207	1	
2	2480	4	
2	2640	1	
2	10681	1	
2	13755	1	
2	8636	1	
2	3629	1	
2	1471	1	
2	22464	2	
2	7584	1	
2	11714	2	
2	7107	1	
2	13255	2	
2	22472	1	
2	21961	1	
2	11723	1	
2	16333	1	
2	18510	1	
2	4601	1	
2	18904	1	
2	9691	1	
2	6113	1	
2	18919	1	
2	9704	4	
2	7658	1	
2	494	1	
2	8175	1	
2	10408	1	
2	17395	1	
2	20468	1	
2	22517	1	
2	16374	1	
2	8184	1	
2	15865	1	
2	16890	2	
2	16891	2	
3	8449	3	
3	19460	1	
3	16775	2	
3	1545	1	
3	20236	1	
3	15119	1	
3	22551	1	
3	18200	1	
3	797	1	
3	20384	2	
3	4002	1	
3	4132	1	
3	21845	1	
3	15273	2	
3	14509	1	
3	16432	1	
3	8753	2	
3	16054	1	
3	21305	2	
3	8636	1	
3	19133	2	
3	19775	1	
3	16586	1	
3	9423	1	
3	8401	1	
3	20692	1	
3	7765	1	
3	4601	1	
3	10464	2	
3	10985	1	
3	8683	1	
3	17004	1	
3	9069	1	
3	6902	1	
3	8532	1	
3	18005	1	
4	12288	2	
4	6742	1	
4	22030	1	
4	13331	2	
4	13844	1	
4	19478	1	
4	22551	1	
4	11293	1	
4	20519	1	
4	8238	1	
4	8753	1	
4	563	1	
4	1460	2	
4	8250	1	
4	6702	1	
4	14397	1	
4	5182	1	
4	13887	2	
4	19523	1	
4	11844	1	
4	15432	1	
4	13388	1	
4	2611	1	
4	21586	1	
4	13398	2	
4	6331	1	
4	10862	1	
4	17016	3	
4	21633	2	
4	14466	1	
4	14981	1	
4	13448	1	
4	1167	1	
4	1170	1	
4	4755	1	
4	14493	1	
4	12446	1	
4	16543	1	
4	16546	1	
4	3758	1	
4	3759	1	
4	4795	1	
4	8892	1	
4	19133	4	
4	3277	1	
4	10963	1	
4	11992	1	
4	11482	1	
4	10972	1	
4	7901	1	
4	17125	1	
4	748	1	
4	3314	1	
4	18686	1	
4	8449	3	
4	4867	1	
4	19208	1	
4	18185	1	
4	3339	4	
4	4364	1	
4	17170	1	
4	18197	1	
4	796	1	
4	12933	1	
4	11563	1	
4	2351	1	
4	1843	1	
4	21305	4	
4	12604	1	
4	3392	1	
4	17225	1	
4	12625	1	
4	14677	1	
4	15192	1	
4	3417	1	
4	22366	1	
4	5988	3	
4	2407	2	
4	3900	1	
4	9069	2	
4	10097	2	
4	20343	1	
4	14714	1	
4	9086	1	
4	8063	1	
4	8064	1	
4	3971	1	
4	15237	1	
4	16775	1	
4	2442	1	
4	10644	1	
4	17814	1	
4	19864	1	
4	1437	1	
4	1440	1	
4	15273	2	
4	4523	1	
4	9645	1	
4	12360	1	
4	16308	1	
4	7608	1	
4	1465	1	
4	1466	2	
4	11714	1	
4	7620	2	
4	4550	1	
4	9174	1	
4	5593	1	
4	19939	1	
4	8683	1	
4	7660	1	
4	18420	1	
4	4521	3	
4	18424	1	
4	6651	1	
5	10244	1	
5	7688	1	
5	12815	1	
5	4115	1	
5	4116	1	
5	19478	1	
5	1048	1	
5	19460	1	
5	6687	1	
5	19464	1	
5	18483	1	
5	1076	1	
5	3974	1	
5	8764	1	
5	16224	1	
5	3652	3	
5	11334	1	
5	7241	1	
5	15434	1	
5	588	1	
5	10833	2	
5	19555	1	
5	6741	2	
5	5988	1	
5	3676	1	
5	954	1	
5	19131	1	
5	16998	2	
5	18023	1	
5	111	1	
5	5232	2	
5	17521	1	
5	115	1	
5	116	1	
5	17016	1	
5	6265	1	
5	3197	1	
5	5246	1	
5	646	1	
5	3722	1	
5	4238	1	
5	4239	1	
5	13969	1	
5	2706	1	
5	665	1	
5	19098	1	
5	20642	1	
5	16547	1	
5	2224	1	
5	19124	1	
5	3258	2	
5	2747	1	
5	8892	2	
5	19133	1	
5	16581	1	
5	1222	1	
5	7370	1	
5	719	1	
5	5843	1	
5	11482	1	
5	12018	1	
5	22262	1	
5	248	1	
5	18686	1	
5	8449	2	
5	18185	1	
5	3339	1	
5	4364	2	
5	20237	1	
5	18197	2	
5	4886	5	
5	2841	1	
5	11398	1	
5	1837	1	
5	20281	1	
5	3392	2	
5	22339	1	
5	5958	1	
5	17229	1	
5	4438	2	
5	21305	1	
5	22366	1	
5	22368	1	
5	13666	1	
5	7011	1	
5	1380	1	
5	15210	1	
5	9069	1	
5	12475	1	
5	12151	1	
5	11641	2	
5	17788	4	
5	17277	1	
5	9086	1	
5	15237	1	
5	22406	1	
5	13704	1	
5	907	1	
5	10636	1	
5	11664	1	
5	22418	2	
5	18841	1	
5	13229	1	
5	12188	1	
5	20384	1	
5	4003	2	
5	9645	1	
5	1466	1	
5	4000	2	
5	11714	2	
5	4550	1	
5	462	1	
5	10205	1	
5	6630	1	
5	15849	1	
5	15850	1	
5	11760	1	
5	8180	1	
5	4602	1	
6	15874	1	
6	19478	1	
6	5661	1	
6	8741	1	
6	20519	1	
6	1578	1	
6	1579	1	
6	18483	1	
6	20148	1	
6	13887	1	
6	13889	3	
6	22082	1	
6	7236	1	
6	11334	1	
6	8263	1	
6	8264	1	
6	17996	1	
6	81	1	
6	21586	3	
6	16470	1	
6	1626	2	
6	19131	1	
6	101	1	
6	16998	2	
6	106	1	
6	17004	1	
6	14448	1	
6	113	1	
6	115	2	
6	4219	1	
6	5246	1	
6	12053	1	
6	5764	1	
6	15980	2	
6	4238	1	
6	2706	3	
6	112	1	
6	676	1	
6	13478	1	
6	4263	1	
6	22188	1	
6	8878	1	
6	20147	1	
6	19124	1	
6	16054	1	
6	20151	1	
6	11449	1	
6	12475	1	
6	8892	1	
6	19133	4	
6	12481	1	
6	20168	1	
6	19145	1	
6	13516	1	
6	17107	1	
6	3796	1	
6	3285	1	
6	20695	6	
6	14047	3	
6	12512	1	
6	17637	1	
6	13425	1	
6	18154	1	
6	12018	1	
6	1779	1	
6	1781	1	
6	8954	1	
6	11008	1	
6	14086	1	
6	4364	2	
6	20237	1	
6	17169	1	
6	1813	1	
6	278	1	
6	2839	1	
6	2841	1	
6	12061	1	
6	292	1	
6	6965	1	
6	21305	4	
6	19770	1	
6	15184	1	
6	12625	1	
6	22368	1	
6	11113	1	
6	15210	1	
6	9069	2	
6	13167	1	
6	7537	1	
6	13682	2	
6	14716	1	
6	17789	1	
6	4992	1	
6	16773	1	
6	906	1	
6	20877	1	
6	22418	2	
6	3991	1	
6	4000	3	
6	4002	2	
6	4003	1	
6	11181	1	
6	3517	1	
6	4032	1	
6	20384	1	
6	5232	1	
6	11724	1	
6	1997	1	
6	9167	1	
6	18393	1	
6	15838	1	
6	14306	1	
6	13800	1	
6	8180	1	
6	5623	1	
6	22526	1	
7	12288	1	
7	8705	1	
7	15874	1	
7	19460	1	
7	16390	1	
7	1545	1	
7	11275	1	
7	14509	1	
7	4867	1	
7	12825	1	
7	18460	2	
7	11293	2	
7	22571	1	
7	3629	4	
7	11827	1	
7	4668	2	
7	4670	1	
7	13887	1	
7	11850	1	
7	588	5	
7	21586	2	
7	15448	1	
7	602	1	
7	4111	1	
7	99	2	
7	18022	1	
7	9832	2	
7	14448	2	
7	113	1	
7	6770	2	
7	115	1	
7	4884	1	
7	14970	1	
7	5246	1	
7	3201	2	
7	15490	1	
7	18051	1	
7	13445	1	
7	16065	1	
7	13961	2	
7	4746	2	
7	4235	1	
7	6798	3	
7	17041	1	
7	2706	1	
7	17046	1	
7	6809	1	
7	16030	1	
7	671	2	
7	673	2	
7	13937	1	
7	10408	1	
7	11436	2	
7	114	1	
7	16054	1	
7	11449	2	
7	3258	1	
7	3259	1	
7	19133	6	
7	12481	2	
7	11461	2	
7	11462	1	
7	13516	3	
7	11471	1	
7	14033	2	
7	14037	1	
7	11995	1	
7	740	1	
7	16616	1	
7	15593	3	
7	18162	1	
7	20724	3	
7	1918	1	
7	21250	1	
7	17451	1	
7	14086	1	
7	4364	1	
7	20237	1	
7	19726	1	
7	17169	1	
7	276	1	
7	2325	1	
7	4894	1	
7	9514	1	
7	5934	1	
7	5936	1	
7	21305	7	
7	320	1	
7	3395	2	
7	12625	2	
7	4438	1	
7	19803	1	
7	19805	1	
7	15185	1	
7	5988	1	
7	1895	1	
7	8764	1	
7	9069	2	
7	9072	1	
7	16242	1	
7	21878	1	
7	17788	1	
7	17790	2	
7	9901	1	
7	1922	1	
7	10128	1	
7	11672	1	
7	20882	2	
7	10644	2	
7	9111	1	
7	3992	1	
7	20384	1	
7	7592	1	
7	4521	1	
7	22258	1	
7	7600	1	
7	20915	1	
7	12212	1	
7	4026	1	
7	1469	1	
7	11714	2	
7	13985	1	
7	17484	4	
7	460	1	
7	7637	1	
7	14807	1	
7	8665	1	
7	10723	1	
7	6630	1	
7	4433	1	
7	490	2	
7	9707	1	
7	7148	1	
7	16366	1	
7	16367	1	
7	15856	1	
7	13809	1	
7	502	1	
7	15273	1	
7	12799	2	
8	12288	2	
8	490	1	
8	14725	1	
8	11398	1	
8	18056	1	
8	6028	2	
8	12354	1	
8	1167	3	
8	3217	1	
8	15763	1	
8	18068	1	
8	3758	1	
8	12823	2	
8	12825	4	
8	22368	2	
8	22557	1	
8	4000	4	
8	673	1	
8	20642	1	
8	2000	4	
8	20389	1	
8	1169	2	
8	9645	1	
8	18222	1	
8	11821	1	
8	14387	1	
8	3629	4	
8	21305	8	
8	20155	1	
8	3900	1	
8	19133	8	
8	3649	3	
8	3220	2	
8	20384	1	
8	3652	5	
8	15869	1	
8	6216	2	
8	8012	4	
8	1997	1	
8	1998	1	
8	16592	2	
8	2873	1	
8	2063	1	
8	860	1	
8	18528	1	
8	7777	1	
8	5382	1	
8	16998	1	
8	17041	2	
8	1256	1	
8	4668	2	
8	13162	1	
8	107	1	
8	364	1	
8	9069	2	
8	19183	1	
8	14448	2	
8	14324	2	
8	6646	1	
8	873	2	
8	11641	1	
8	17788	1	
8	1917	1	
8	12010	1	
8	20607	1	
9	12288	1	
9	9901	1	
9	4868	1	
9	13445	1	
9	11295	1	
9	22188	1	
9	5934	1	
9	17163	1	
9	22369	1	
9	19726	1	
9	1167	2	
9	3344	1	
9	17041	1	
9	19460	1	
9	2325	1	
9	19478	1	
9	2839	1	
9	12825	1	
9	13723	1	
9	8989	1	
9	15774	1	
9	9733	1	
9	4000	1	
9	4385	1	
9	18222	1	
9	4601	1	
9	11815	1	
9	10920	1	
9	8233	1	
9	21547	1	
9	11180	1	
9	3629	1	
9	16302	1	
9	561	1	
9	20276	1	
9	9758	1	
9	15031	1	
9	1844	1	
9	20923	1	
9	11708	1	
9	19133	1	
9	4831	1	
9	1648	1	
9	3392	1	
9	20384	1	
9	10434	1	
9	505	1	
9	3652	3	
9	13255	2	
9	14537	1	
9	11850	1	
9	17015	2	
9	9167	1	
9	2640	1	
9	15777	1	
9	7764	1	
9	4438	1	
9	21305	1	
9	11737	1	
9	15982	1	
9	6622	2	
9	11999	1	
9	464	1	
9	15752	1	
9	6249	1	
9	16417	1	
9	9069	3	
9	13160	1	
9	15932	1	
9	22464	1	
9	364	1	
9	6765	1	
9	494	1	
9	15855	1	
9	14448	2	
9	10225	1	
9	4414	1	
9	21750	2	
9	14583	1	
9	14584	1	
9	11604	1	
9	18554	1	
9	19900	1	
9	6269	1	
9	18686	1	
10	12288	1	
10	15874	2	
10	4611	1	
10	19460	1	
10	22024	1	
10	15532	1	
10	13838	1	
10	17424	1	
10	14426	1	
10	3621	1	
10	3627	1	
10	3629	4	
10	3631	1	
10	1076	1	
10	4665	1	
10	3647	1	
10	8262	1	
10	7241	1	
10	11850	1	
10	9809	1	
10	21586	1	
10	13400	1	
10	602	1	
10	13408	2	
10	14448	1	
10	2673	2	
10	6770	1	
10	1141	3	
10	19578	1	
10	4219	2	
10	13451	1	
10	13453	1	
10	4238	1	
10	3220	1	
10	6809	1	
10	22188	1	
10	9901	1	
10	1716	1	
10	16054	1	
10	12471	1	
10	698	1	
10	19133	5	
10	2243	1	
10	7880	1	
10	15820	3	
10	17612	1	
10	3277	1	
10	11471	1	
10	20690	1	
10	719	1	
10	12522	1	
10	19154	1	
10	18173	1	
10	8449	3	
10	8451	1	
10	4868	1	
10	3339	1	
10	20236	1	
10	10799	1	
10	6943	1	
10	4385	1	
10	1844	1	
10	8503	1	
10	21305	5	
10	20794	1	
10	8513	1	
10	328	1	
10	12625	2	
10	5459	1	
10	569	1	
10	9068	1	
10	9069	1	
10	22385	1	
10	12151	1	
10	405	1	
10	395	1	
10	12525	1	
10	917	1	
10	13727	1	
10	2464	1	
10	15273	1	
10	11180	1	
10	11708	1	
10	10656	1	
10	3528	1	
10	14284	1	
10	19408	1	
10	14807	1	
10	4569	1	
10	7654	2	
10	494	1	
10	15864	1	
10	4601	1	
10	1019	1	
10	13821	1	
11	15874	1	
11	19460	3	
11	12805	1	
11	19458	1	
11	22032	1	
11	22551	1	
11	11293	1	
11	4135	1	
11	16936	1	
11	1578	2	
11	22571	1	
11	8236	1	
11	13357	1	
11	2096	1	
11	11444	1	
11	20234	1	
11	11334	1	
11	12360	1	
11	4364	3	
11	15434	1	
11	588	6	
11	591	1	
11	21586	2	
11	15444	1	
11	18005	1	
11	15448	1	
11	7777	1	
11	16998	5	
11	3688	1	
11	114	1	
11	115	2	
11	116	1	
11	18553	1	
11	5246	3	
11	1669	1	
11	7303	1	
11	4746	2	
11	13970	1	
11	17062	1	
11	6826	1	
11	17071	1	
11	2224	1	
11	20168	1	
11	19124	4	
11	698	1	
11	19133	1	
11	12481	1	
11	14022	1	
11	7880	1	
11	19149	1	
11	719	1	
11	8401	1	
11	14047	1	
11	10464	2	
11	16616	1	
11	15593	1	
11	22252	1	
11	248	1	
11	4138	1	
11	14592	1	
11	775	1	
11	22282	1	
11	3339	1	
11	20236	1	
11	12558	1	
11	3347	1	
11	18197	1	
11	278	1	
11	17688	4	
11	284	1	
11	3878	1	
11	21295	1	
11	15669	1	
11	8502	1	
11	20284	1	
11	8511	1	
11	1248	1	
11	16197	1	
11	6982	1	
11	3915	2	
11	4432	1	
11	14677	1	
11	4438	1	
11	1895	2	
11	9069	1	
11	9074	1	
11	1922	1	
11	2949	1	
11	12609	1	
11	5513	1	
11	4493	1	
11	4496	2	
11	4000	2	
11	18853	1	
11	9643	1	
11	5554	1	
11	10679	1	
11	11708	1	
11	1469	1	
11	20384	2	
11	11714	1	
11	13388	1	
11	20429	1	
11	10205	1	
11	6630	1	
11	15856	3	
11	596	1	
11	18426	1	
11	10238	1	
12	12288	2	
12	15875	1	
12	1544	1	
12	7690	1	
12	12461	1	
12	22032	1	
12	14509	1	
12	22551	1	
12	7704	1	
12	1561	1	
12	22557	3	
12	15903	1	
12	8539	1	
12	1576	1	
12	1578	2	
12	15404	1	
12	13358	1	
12	1076	1	
12	13887	1	
12	7237	1	
12	15432	1	
12	15434	2	
12	588	2	
12	590	1	
12	21586	1	
12	602	1	
12	12891	1	
12	16988	2	
12	15971	1	
12	16998	1	
12	14448	1	
12	113	1	
12	114	2	
12	115	2	
12	2179	1	
12	13445	2	
12	1670	1	
12	18571	1	
12	9875	1	
12	10265	1	
12	10407	1	
12	10408	2	
12	19626	1	
12	17069	1	
12	14016	1	
12	12481	1	
12	3266	3	
12	21727	1	
12	10467	1	
12	8421	2	
12	12010	1	
12	7410	5	
12	17148	1	
12	18686	1	
12	19716	1	
12	4364	1	
12	18191	1	
12	16677	1	
12	15985	1	
12	527	1	
12	2271	1	
12	19263	1	
12	16706	1	
12	19787	1	
12	12111	1	
12	15184	1	
12	12625	1	
12	18267	1	
12	19295	1	
12	2915	1	
12	1895	2	
12	22418	1	
12	15727	1	
12	7546	1	
12	1918	1	
12	9600	1	
12	1922	1	
12	2949	1	
12	7570	1	
12	19349	1	
12	22426	1	
12	13723	1	
12	4000	1	
12	11760	1	
12	15790	1	
12	1466	2	
12	7611	1	
12	6076	1	
12	20384	1	
12	11714	1	
12	7110	1	
12	12746	2	
12	5623	1	
12	7118	1	
12	8144	1	
12	6734	1	
12	12760	1	
12	10206	1	
12	16871	1	
12	16367	1	
12	4592	1	
12	500	2	
12	3061	1	
12	15855	3	
12	18424	1	
12	5625	1	
13	7937	1	
13	19715	1	
13	15751	1	
13	3720	1	
13	11180	1	
13	2955	1	
13	4364	1	
13	17859	1	
13	22032	3	
13	11155	1	
13	18473	1	
13	14743	1	
13	17740	1	
13	5316	1	
13	1271	1	
13	3999	1	
13	4000	2	
13	16034	1	
13	18857	2	
13	1578	1	
13	8236	1	
13	16434	1	
13	16432	1	
13	17996	1	
13	1844	1	
13	18185	1	
13	11444	1	
13	8378	1	
13	12220	1	
13	8765	1	
13	13887	1	
13	13888	1	
13	3649	1	
13	11714	1	
13	8899	1	
13	3652	4	
13	18505	1	
13	12279	1	
13	588	1	
13	14033	1	
13	18005	1	
13	2348	1	
13	7514	1	
13	18911	1	
13	12799	1	
13	15329	1	
13	19939	1	
13	13412	1	
13	8421	1	
13	103	1	
13	1076	1	
13	15855	1	
13	1266	1	
13	5623	1	
13	16891	1	
13	20607	1	
14	7680	1	
14	12288	1	
14	1410	1	
14	2179	1	
14	22277	1	
14	7118	1	
14	13963	1	
14	18818	1	
14	1167	2	
14	22032	1	
14	1752	1	
14	7519	1	
14	8067	2	
14	15434	1	
14	6677	1	
14	22551	1	
14	10264	1	
14	10265	1	
14	14492	3	
14	20384	1	
14	20260	1	
14	22437	3	
14	19494	1	
14	1575	1	
14	10408	1	
14	18853	1	
14	13611	1	
14	9901	1	
14	15791	1	
14	12466	1	
14	15669	2	
14	13238	1	
14	9527	1	
14	21305	1	
14	1466	1	
14	1467	1	
14	8014	1	
14	19133	1	
14	5694	1	
14	13493	1	
14	11329	1	
14	16834	1	
14	13763	1	
14	3397	2	
14	15432	1	
14	13516	1	
14	14026	2	
14	17484	2	
14	13389	1	
14	18766	1	
14	20303	1	
14	1617	2	
14	4000	1	
14	18005	1	
14	9432	1	
14	10205	1	
14	15583	1	
14	13026	1	
14	2020	1	
14	2278	1	
14	11369	1	
14	5994	1	
14	17004	1	
14	16367	1	
14	4209	1	
14	17067	1	
14	5623	2	
14	14584	1	
14	13887	1	
14	5119	1	
15	12288	2	
15	7686	2	
15	1544	1	
15	22032	2	
15	4115	1	
15	4116	1	
15	4117	1	
15	22551	1	
15	9244	1	
15	22571	1	
15	8749	1	
15	1076	1	
15	12341	1	
15	16950	1	
15	16951	2	
15	3130	1	
15	10299	1	
15	19520	1	
15	8260	1	
15	592	1	
15	18005	1	
15	6329	1	
15	13912	2	
15	605	1	
15	18528	1	
15	16998	1	
15	15976	1	
15	13418	1	
15	13420	1	
15	11887	1	
15	21617	1	
15	21619	1	
15	13428	4	
15	6773	2	
15	14969	1	
15	13445	1	
15	8300	1	
15	1163	1	
15	1167	1	
15	6801	1	
15	15508	1	
15	15216	3	
15	4263	2	
15	2745	1	
15	5311	1	
15	4818	1	
15	4822	1	
15	16604	1	
15	5864	1	
15	7401	1	
15	19180	1	
15	11511	1	
15	18686	1	
15	14592	1	
15	14081	1	
15	19716	1	
15	18185	2	
15	4884	1	
15	8989	1	
15	7463	1	
15	12585	2	
15	12589	1	
15	15671	2	
15	2873	1	
15	20284	1	
15	13877	1	
15	21312	1	
15	13451	1	
15	13129	1	
15	13136	1	
15	12625	1	
15	9046	1	
15	5433	1	
15	6489	2	
15	15199	1	
15	22368	1	
15	22369	1	
15	2918	1	
15	9583	1	
15	11632	1	
15	7537	1	
15	21364	1	
15	3958	1	
15	12663	2	
15	5498	1	
15	5499	1	
15	1918	1	
15	13697	1	
15	1922	1	
15	9093	1	
15	16778	1	
15	2955	1	
15	19347	1	
15	17476	1	
15	22426	1	
15	20384	1	
15	15268	2	
15	15273	1	
15	22442	1	
15	16302	1	
15	1466	1	
15	5051	1	
15	18364	1	
15	11714	1	
15	12279	1	
15	9167	2	
15	9171	1	
15	11220	1	
15	16341	1	
15	18391	1	
15	7138	1	
15	10407	2	
15	15856	1	
15	6644	1	
15	5623	2	
15	505	1	
15	18426	1	
15	7433	1	
16	12288	1	
16	6787	1	
16	4868	1	
16	4104	1	
16	14807	1	
16	16998	1	
16	4110	1	
16	5007	1	
16	2834	1	
16	16276	1	
16	13078	1	
16	22551	2	
16	7065	1	
16	7066	1	
16	22557	1	
16	20384	2	
16	15268	1	
16	4263	1	
16	15276	1	
16	8238	2	
16	7069	1	
16	11449	2	
16	3258	1	
16	8892	1	
16	7870	1	
16	117	1	
16	15499	1	
16	18128	1	
16	18005	1	
16	9047	1	
16	2394	1	
16	7567	1	
16	7546	1	
16	6622	1	
16	592	1	
16	8421	1	
16	21094	1	
16	13418	1	
16	16363	1	
16	7684	3	
16	7409	1	
16	115	1	
16	13428	3	
16	6773	1	
16	3958	1	
16	505	1	
16	18426	1	
16	15227	1	
17	12288	1	
17	12801	2	
17	7683	1	
17	5207	1	
17	3093	1	
17	19478	1	
17	15903	1	
17	12325	2	
17	12329	2	
17	11821	2	
17	16435	1	
17	16436	1	
17	13888	1	
17	19523	1	
17	21586	1	
17	7765	1	
17	4695	1	
17	3674	2	
17	17000	2	
17	21609	1	
17	17004	1	
17	1650	1	
17	3190	1	
17	11897	1	
17	2179	1	
17	13445	1	
17	19600	1	
17	3217	3	
17	19092	1	
17	672	1	
17	1698	1	
17	17063	1	
17	22188	1	
17	8892	2	
17	19133	1	
17	2166	1	
17	1745	1	
17	19671	1	
17	11992	1	
17	20187	1	
17	10975	1	
17	10978	1	
17	7409	2	
17	2003	1	
17	16123	1	
17	14082	1	
17	18185	3	
17	11479	1	
17	17681	1	
17	17170	1	
17	15128	1	
17	19589	1	
17	4385	1	
17	20258	1	
17	17703	1	
17	811	1	
17	18227	1	
17	12089	1	
17	3392	1	
17	5448	1	
17	17225	1	
17	20302	1	
17	9047	1	
17	3417	2	
17	1883	1	
17	15202	1	
17	17254	1	
17	9069	1	
17	7537	1	
17	15218	1	
17	15222	1	
17	21881	1	
17	7546	1	
17	15227	2	
17	14716	1	
17	15229	3	
17	14725	1	
17	8585	1	
17	17293	1	
17	6032	1	
17	11154	1	
17	15939	1	
17	19868	1	
17	17312	1	
17	1443	1	
17	1445	1	
17	18857	1	
17	2990	1	
17	13875	1	
17	1460	1	
17	6593	1	
17	12188	1	
17	14798	1	
17	9167	1	
17	14800	2	
17	18899	1	
17	12760	1	
17	22418	1	
17	18853	1	
17	18917	1	
17	10727	1	
17	15338	1	
17	15856	1	
17	4081	1	
17	13815	1	
17	505	2	
18	8193	1	
18	7684	2	
18	19464	1	
18	22551	2	
18	10265	1	
18	22557	1	
18	13316	1	
18	15403	1	
18	8238	2	
18	13359	1	
18	20534	1	
18	13884	1	
18	15434	1	
18	7246	1	
18	6741	1	
18	5719	1	
18	1627	1	
18	16998	2	
18	12390	1	
18	19900	1	
18	11887	1	
18	21617	1	
18	16132	1	
18	13440	1	
18	2691	1	
18	13445	1	
18	13459	1	
18	16020	1	
18	12437	1	
18	18592	1	
18	18086	1	
18	10407	2	
18	10408	2	
18	17066	1	
18	14509	1	
18	7870	1	
18	21696	1	
18	14024	2	
18	4818	2	
18	18645	1	
18	10972	1	
18	10973	1	
18	21726	1	
18	12512	1	
18	18215	1	
18	3313	3	
18	7410	1	
18	5364	2	
18	13937	1	
18	7418	1	
18	1275	3	
18	15100	1	
18	15614	1	
18	15616	3	
18	3332	1	
18	15621	1	
18	19718	1	
18	20233	1	
18	20234	1	
18	15641	1	
18	5927	1	
18	15666	1	
18	20277	1	
18	16190	1	
18	18759	1	
18	5448	2	
18	17225	1	
18	11603	2	
18	14682	6	
18	14223	1	
18	7527	1	
18	11632	1	
18	15218	1	
18	3958	1	
18	8568	1	
18	11641	1	
18	14725	1	
18	909	1	
18	910	2	
18	911	1	
18	17810	1	
18	917	1	
18	3487	1	
18	17313	1	
18	4002	1	
18	1959	1	
18	22442	1	
18	9145	1	
18	11708	1	
18	16544	1	
18	11714	2	
18	5623	2	
18	9167	2	
18	9169	1	
18	9171	1	
18	15317	1	
18	19424	1	
18	17892	1	
18	16363	2	
18	492	1	
18	12279	1	
18	12799	1	
19	11008	1	
19	8449	1	
19	15849	1	
19	3971	1	
19	4868	3	
19	15621	1	
19	12678	1	
19	15666	1	
19	18540	1	
19	17291	1	
19	13452	1	
19	12354	1	
19	910	1	
19	9645	1	
19	14680	1	
19	2578	1	
19	2835	1	
19	10644	1	
19	19478	1	
19	22551	1	
19	14488	1	
19	3332	1	
19	15514	1	
19	14875	1	
19	2348	1	
19	13316	1	
19	18592	2	
19	17840	1	
19	4002	1	
19	4003	1	
19	18182	1	
19	2289	1	
19	22442	1	
19	9543	1	
19	12076	1	
19	3058	1	
19	7115	1	
19	7087	1	
19	16432	2	
19	9600	1	
19	1844	1	
19	12471	1	
19	2745	1	
19	20238	1	
19	8898	1	
19	11723	1	
19	7620	2	
19	14677	1	
19	7623	2	
19	5577	1	
19	5623	1	
19	13516	1	
19	20429	2	
19	9167	3	
19	18424	1	
19	6511	1	
19	10452	1	
19	6485	1	
19	13398	2	
19	12288	1	
19	13914	1	
19	10127	1	
19	9948	1	
19	18911	1	
19	18016	1	
19	19553	1	
19	17891	1	
19	6375	1	
19	745	1	
19	1255	1	
19	17004	1	
19	2834	1	
19	16238	1	
19	16367	1	
19	11632	1	
19	13937	2	
19	3314	1	
19	8819	1	
19	1141	1	
19	16375	1	
19	10360	1	
19	1639	1	
19	17476	1	
19	15851	1	
20	12288	1	
20	10244	1	
20	22025	1	
20	2578	1	
20	4868	1	
20	9247	1	
20	6695	1	
20	15400	1	
20	8236	1	
20	8749	1	
20	16430	1	
20	12852	1	
20	17162	1	
20	3134	1	
20	8771	1	
20	1092	1	
20	4961	1	
20	4364	2	
20	17996	1	
20	15949	1	
20	8782	1	
20	13400	1	
20	19553	1	
20	10854	1	
20	1639	1	
20	15976	1	
20	7785	1	
20	10347	1	
20	12910	1	
20	6256	1	
20	21107	1	
20	14970	1	
20	21627	1	
20	3201	1	
20	14466	1	
20	22147	1	
20	19588	1	
20	19596	1	
20	13388	1	
20	19607	1	
20	1179	1	
20	12446	1	
20	14448	1	
20	683	1	
20	7343	1	
20	10928	1	
20	16049	1	
20	115	1	
20	15033	1	
20	21696	1	
20	16586	1	
20	19147	1	
20	10973	1	
20	3314	1	
20	11008	1	
20	8449	1	
20	4032	1	
20	2314	1	
20	18700	1	
20	6787	1	
20	797	1	
20	4382	1	
20	8992	1	
20	487	1	
20	3881	1	
20	18222	2	
20	1844	1	
20	7479	1	
20	1850	1	
20	1858	1	
20	4577	1	
20	13131	1	
20	12625	1	
20	10068	1	
20	22369	1	
20	7010	1	
20	19816	1	
20	5994	1	
20	17895	1	
20	9069	6	
20	7537	1	
20	3958	1	
20	11641	1	
20	1409	1	
20	1410	1	
20	14725	1	
20	12678	1	
20	1415	1	
20	21907	1	
20	14743	2	
20	7584	1	
20	15276	1	
20	9645	1	
20	1460	1	
20	6076	1	
20	16831	1	
20	22464	1	
20	7617	2	
20	16834	1	
20	7620	6	
20	7623	1	
20	19401	1	
20	4555	1	
20	15820	1	
20	9293	1	
20	15314	1	
20	590	1	
20	2914	3	
20	10721	1	
20	17890	1	
20	16891	1	
20	21841	1	
20	15855	1	
20	5623	1	
20	5625	2	
20	6651	1	
21	12288	1	
21	683	1	
21	12805	1	
21	11692	3	
21	7180	1	
21	12815	1	
21	17424	1	
21	7704	1	
21	6169	1	
21	4636	1	
21	22557	1	
21	6695	1	
21	3629	1	
21	13359	1	
21	16432	3	
21	1074	1	
21	14459	1	
21	12343	1	
21	4665	1	
21	572	2	
21	12354	2	
21	8262	2	
21	15432	1	
21	588	1	
21	21586	2	
21	4180	1	
21	13398	1	
21	15448	1	
21	13405	1	
21	685	1	
21	6758	1	
21	21948	1	
21	4205	1	
21	14448	1	
21	13937	3	
21	6770	1	
21	10857	1	
21	19900	1	
21	5246	1	
21	1387	1	
21	19588	1	
21	13445	1	
21	18055	1	
21	19595	1	
21	4248	1	
21	14489	1	
21	18074	1	
21	13986	2	
21	21845	1	
21	10407	1	
21	6826	2	
21	10923	1	
21	9901	1	
21	17072	1	
21	6833	1	
21	19124	1	
21	12471	1	
21	18108	1	
21	19133	2	
21	4289	1	
21	2243	1	
21	2245	1	
21	16586	1	
21	16588	1	
21	719	1	
21	8912	1	
21	15569	2	
21	20695	1	
21	10972	2	
21	1246	1	
21	16848	2	
21	17123	1	
21	5354	1	
21	20209	1	
21	17148	1	
21	8451	1	
21	4868	3	
21	2309	1	
21	19718	1	
21	17672	1	
21	4364	4	
21	17168	1	
21	15128	1	
21	15129	1	
21	7457	1	
21	18215	1	
21	1844	1	
21	21305	3	
21	13451	1	
21	22341	1	
21	6479	1	
21	12625	2	
21	11603	2	
21	14677	1	
21	19396	1	
21	7010	1	
21	9571	1	
21	20331	1	
21	17772	1	
21	16238	1	
21	6511	1	
21	3954	1	
21	1412	1	
21	6126	1	
21	14743	1	
21	20384	1	
21	12716	1	
21	19895	1	
21	18420	1	
21	1467	1	
21	8636	1	
21	11710	1	
21	22464	5	
21	15809	1	
21	11714	1	
21	7620	1	
21	7623	1	
21	21960	1	
21	17872	1	
21	9169	1	
21	7124	1	
21	22492	1	
21	19424	1	
21	19938	1	
21	11771	2	
21	18917	1	
21	4582	1	
21	4263	1	
21	3564	1	
21	16366	1	
21	15855	1	
21	15856	1	
21	3060	1	
21	7162	1	
21	13819	1	
21	8189	1	
21	12799	1	
22	8193	1	
22	8195	1	
22	19460	1	
22	11273	3	
22	6668	1	
22	20653	1	
22	16913	1	
22	13331	1	
22	8726	1	
22	4868	1	
22	17435	2	
22	9245	1	
22	15903	1	
22	12322	1	
22	12891	1	
22	11817	1	
22	1067	4	
22	15404	1	
22	12335	1	
22	3633	1	
22	1076	1	
22	11832	1	
22	7741	1	
22	13889	1	
22	3138	1	
22	17476	1	
22	7749	2	
22	8262	1	
22	15432	2	
22	11850	1	
22	5047	1	
22	17996	1	
22	7248	1	
22	21586	5	
22	18569	1	
22	1627	1	
22	21861	1	
22	22119	1	
22	11708	1	
22	14448	1	
22	21617	1	
22	6770	1	
22	20343	1	
22	1141	1	
22	15209	1	
22	14973	1	
22	20607	1	
22	5760	2	
22	15808	1	
22	3203	1	
22	19588	1	
22	19593	1	
22	6282	1	
22	1163	1	
22	11714	1	
22	3636	1	
22	8337	1	
22	3220	1	
22	14492	1	
22	12570	1	
22	10915	1	
22	6876	1	
22	16661	1	
22	13992	1	
22	13481	1	
22	19116	1	
22	21618	1	
22	20142	1	
22	22557	1	
22	16049	1	
22	20149	1	
22	9398	1	
22	2761	1	
22	21692	2	
22	19133	5	
22	11969	1	
22	18628	1	
22	6853	1	
22	20168	1	
22	16585	1	
22	16586	1	
22	12663	1	
22	15566	1	
22	21202	1	
22	12505	3	
22	9947	1	
22	16092	2	
22	1246	1	
22	4831	2	
22	13026	1	
22	8998	1	
22	747	1	
22	748	1	
22	14574	1	
22	3313	1	
22	14579	1	
22	3829	1	
22	15096	1	
22	7418	2	
22	4349	1	
22	12471	1	
22	16639	1	
22	19715	2	
22	3844	1	
22	15621	4	
22	4364	1	
22	19725	1	
22	5394	1	
22	21781	1	
22	21782	1	
22	15641	1	
22	15642	1	
22	13359	1	
22	797	1	
22	6943	1	
22	18208	2	
22	9506	1	
22	6947	1	
22	10972	1	
22	19238	1	
22	9777	2	
22	20777	2	
22	18222	1	
22	1844	1	
22	14473	1	
22	21305	4	
22	15162	1	
22	15499	1	
22	18759	3	
22	15177	1	
22	8012	1	
22	6989	1	
22	6479	3	
22	12625	1	
22	9043	1	
22	14677	1	
22	9046	1	
22	2873	1	
22	14682	1	
22	6885	1	
22	22368	1	
22	14690	1	
22	7013	1	
22	17041	1	
22	5993	1	
22	17772	3	
22	11632	3	
22	3954	1	
22	12151	1	
22	8568	2	
22	7550	1	
22	7040	1	
22	897	1	
22	18818	1	
22	7915	1	
22	22406	1	
22	9816	1	
22	22252	3	
22	7463	1	
22	7571	2	
22	18837	2	
22	3991	3	
22	11672	1	
22	18853	1	
22	10499	1	
22	8107	1	
22	3627	1	
22	5551	1	
22	15280	1	
22	4532	1	
22	18357	1	
22	18358	1	
22	9033	2	
22	18360	1	
22	8636	2	
22	16431	1	
22	14325	1	
22	22464	15	
22	18882	1	
22	1099	1	
22	4037	1	
22	13255	2	
22	20424	1	
22	17484	1	
22	5069	4	
22	5070	2	
22	9167	1	
22	18898	1	
22	18876	1	
22	10204	2	
22	15610	4	
22	13792	1	
22	592	1	
22	19943	1	
22	2025	1	
22	16366	1	
22	16367	1	
22	14324	1	
22	1525	1	
22	12279	1	
22	6651	3	
22	6652	2	
22	21845	1	
23	20905	1	
23	9121	1	
