1	12288	2	
1	8193	1	
1	12306	1	
1	4115	1	
1	20142	1	
1	22551	1	
1	10265	1	
1	22557	1	
1	16419	1	
1	22571	2	
1	22601	1	
1	4283	1	
1	6223	1	
1	20585	1	
1	18540	1	
1	14448	1	
1	14462	1	
1	12427	1	
1	12429	1	
1	14495	1	
1	6309	1	
1	5489	1	
1	14509	2	
1	4278	1	
1	6331	2	
1	4284	2	
1	4287	1	
1	14530	1	
1	2243	1	
1	2245	1	
1	6342	1	
1	16588	1	
1	21880	1	
1	14546	1	
1	4307	1	
1	16599	1	
1	8422	1	
1	6380	1	
1	20717	1	
1	6386	1	
1	14592	5	
1	8449	2	
1	10510	1	
1	10515	1	
1	6283	1	
1	16661	2	
1	16662	1	
1	5806	1	
1	10533	1	
1	9265	2	
1	2345	1	
1	16682	1	
1	20779	1	
1	2351	3	
1	20794	2	
1	10975	2	
1	12604	2	
1	16702	1	
1	6464	3	
1	8514	1	
1	10571	2	
1	12625	9	
1	18770	1	
1	8532	1	
1	14677	7	
1	2394	1	
1	20834	1	
1	360	1	
1	9832	1	
1	4461	1	
1	2416	2	
1	370	1	
1	12663	1	
1	8568	2	
1	8569	2	
1	14716	1	
1	12670	1	
1	8579	1	
1	4491	1	
1	10636	2	
1	20877	1	
1	5869	1	
1	4496	3	
1	4509	1	
1	7237	2	
1	424	1	
1	16814	1	
1	14769	1	
1	4530	1	
1	18872	1	
1	4537	1	
1	12733	1	
1	12734	1	
1	8641	3	
1	12746	1	
1	14800	1	
1	2525	1	
1	12778	1	
1	8683	1	
1	16882	1	
1	18932	1	
1	12791	1	
1	20986	1	
1	6652	1	
1	18942	1	
1	6655	1	
1	18946	1	
1	16901	1	
1	8712	1	
1	5890	1	
1	8722	1	
1	14475	1	
1	14878	1	
1	18975	2	
1	4647	1	
1	4650	1	
1	4651	1	
1	8749	1	
1	12852	2	
1	8758	1	
1	12855	1	
1	17162	1	
1	14910	1	
1	19016	1	
1	16972	1	
1	596	1	
1	602	1	
1	12891	1	
1	8797	2	
1	12897	2	
1	13755	1	
1	10857	5	
1	3517	2	
1	2674	1	
1	10872	1	
1	14969	1	
1	14970	1	
1	14973	1	
1	6790	1	
1	650	1	
1	11714	1	
1	19094	1	
1	6809	1	
1	1477	1	
1	4777	1	
1	6826	5	
1	6828	1	
1	6831	1	
1	19124	3	
1	8892	2	
1	19133	14	
1	800	1	
1	801	1	
1	10972	1	
1	4831	1	
1	10978	1	
1	740	2	
1	744	1	
1	19938	1	
1	11007	1	
1	4868	2	
1	4870	1	
1	2826	1	
1	11019	1	
1	13069	1	
1	6927	1	
1	787	1	
1	15128	5	
1	797	2	
1	798	1	
1	13088	1	
1	8993	1	
1	21284	1	
1	805	1	
1	21295	4	
1	17207	1	
1	21305	3	
1	15166	2	
1	15170	2	
1	18571	1	
1	17225	1	
1	17229	1	
1	21332	1	
1	855	1	
1	860	1	
1	4961	1	
1	7010	1	
1	15207	1	
1	9069	3	
1	9072	1	
1	13174	1	
1	7040	1	
1	11152	1	
1	7057	1	
1	21315	2	
1	15266	2	
1	15268	1	
1	5034	1	
1	11180	1	
1	11192	2	
1	9146	1	
1	13398	1	
1	15295	1	
1	19398	1	
1	13255	1	
1	9167	7	
1	18254	1	
1	19673	1	
1	5085	2	
1	990	1	
1	4602	1	
1	13283	1	
1	3047	1	
1	7148	2	
1	13316	2	
1	7175	1	
1	9047	1	
1	17424	2	
1	13486	1	
1	17436	1	
1	1054	1	
1	9247	1	
1	1068	1	
1	17456	1	
1	3121	1	
1	1074	1	
1	9268	1	
1	7236	1	
1	3141	1	
1	22369	4	
1	15434	1	
1	1099	1	
1	13388	1	
1	9293	1	
1	15441	1	
1	21586	2	
1	15444	1	
1	9302	1	
1	5208	1	
1	11359	2	
1	15456	1	
1	19553	1	
1	19555	1	
1	13412	1	
1	21606	1	
1	9324	1	
1	21613	4	
1	1141	2	
1	15479	1	
1	15485	2	
1	15486	1	
1	15491	1	
1	13445	1	
1	19591	2	
1	19592	1	
1	1163	2	
1	7313	1	
1	15532	1	
1	15534	1	
1	11440	1	
1	16407	1	
1	3258	3	
1	15548	1	
1	17602	1	
1	15556	1	
1	17610	1	
1	11469	1	
1	9424	4	
1	9425	1	
1	5337	1	
1	15582	1	
1	21727	1	
1	21733	2	
1	15592	1	
1	1257	1	
1	9458	1	
1	17657	1	
1	15614	1	
1	1280	1	
1	11821	1	
1	17681	2	
1	5394	1	
1	5399	1	
1	19737	2	
1	11555	1	
1	7463	4	
1	7469	1	
1	7471	2	
1	9522	1	
1	7476	1	
1	21841	2	
1	15701	1	
1	13881	1	
1	4326	1	
1	1392	1	
1	13681	1	
1	21878	1	
1	7544	1	
1	13697	1	
1	1415	1	
1	7563	1	
1	11672	1	
1	13723	1	
1	7584	1	
1	3492	2	
1	1445	1	
1	7592	1	
1	7600	1	
1	7601	1	
1	7605	1	
1	17851	1	
1	15804	1	
1	21949	1	
1	15808	1	
1	20384	6	
1	7618	1	
1	21957	2	
1	13766	1	
1	13768	1	
1	15820	1	
1	9684	3	
1	9687	1	
1	9691	1	
1	13793	1	
1	7650	1	
1	19939	1	
1	13796	1	
1	7663	1	
1	15857	2	
1	21076	1	
1	11771	5	
1	12202	2	
1	19966	1	
1	1623	1	
1	7694	1	
1	13848	1	
1	13849	1	
1	1564	2	
1	13854	1	
1	3627	1	
1	3629	1	
1	3636	1	
1	3641	1	
1	13885	1	
1	5701	1	
1	11850	1	
1	7767	1	
1	18009	1	
1	7777	1	
1	15971	1	
1	22119	1	
1	15976	1	
1	7785	1	
1	1639	1	
1	18030	1	
1	11887	1	
1	13937	3	
1	22133	1	
1	19900	4	
1	9831	1	
1	5764	1	
1	13969	1	
1	13970	2	
1	9877	1	
1	11926	1	
1	18077	1	
1	9887	1	
1	5795	1	
1	11946	4	
1	22188	1	
1	3758	1	
1	20155	1	
1	18108	1	
1	7870	2	
1	14016	1	
1	11969	1	
1	22494	1	
1	1743	1	
1	18128	1	
1	17016	2	
1	633	1	
1	18144	1	
1	16679	1	
1	22252	1	
1	12013	1	
1	5885	1	
1	22271	1	
1	14081	3	
1	7938	1	
1	1798	1	
1	20234	1	
1	22283	1	
1	14094	1	
1	7952	3	
1	5910	1	
1	1816	1	
1	5929	2	
1	1836	2	
1	15666	3	
1	16175	1	
1	3888	1	
1	12081	4	
1	5086	1	
1	7996	1	
1	1857	1	
1	22339	1	
1	993	1	
1	1867	1	
1	12110	2	
1	18263	1	
1	18267	2	
1	22368	1	
1	10081	1	
1	22374	1	
1	3943	1	
1	8040	1	
1	5993	1	
1	8043	1	
1	5996	1	
1	8052	1	
1	20343	2	
1	12153	1	
1	16252	1	
1	8063	2	
1	22418	1	
1	8086	1	
1	4000	1	
1	10145	1	
1	22442	1	
1	12204	1	
1	12205	1	
1	1980	1	
1	15751	1	
1	4046	2	
1	18391	1	
1	10206	3	
1	14306	1	
1	6825	1	
1	1706	1	
2	12800	1	
2	12288	2	
2	4011	1	
2	13316	1	
2	14081	2	
2	19464	1	
2	13833	1	
2	5207	1	
2	4110	1	
2	7911	1	
2	13841	1	
2	4115	1	
2	12309	1	
2	3649	1	
2	7110	1	
2	19460	1	
2	17435	1	
2	9244	1	
2	602	1	
2	1054	1	
2	15903	1	
2	16417	1	
2	1371	1	
2	8232	1	
2	8747	2	
2	8236	1	
2	3629	2	
2	14382	1	
2	16432	1	
2	7217	1	
2	16946	1	
2	18955	1	
2	1076	2	
2	16952	1	
2	15931	1	
2	4668	1	
2	12349	2	
2	22368	1	
2	22082	2	
2	20547	1	
2	7236	1	
2	20662	2	
2	1094	1	
2	10727	1	
2	15432	1	
2	11851	1	
2	13388	1	
2	12878	1	
2	2394	1	
2	592	1	
2	9809	1	
2	21586	7	
2	4691	1	
2	15444	1	
2	18005	1	
2	13398	2	
2	1844	2	
2	9816	1	
2	16474	1	
2	15722	1	
2	18528	3	
2	7777	1	
2	6331	1	
2	21606	1	
2	9687	1	
2	3175	1	
2	18024	1	
2	3260	1	
2	19730	1	
2	18030	1	
2	11887	1	
2	14448	1	
2	6773	1	
2	7287	1	
2	6265	1	
2	15723	1	
2	14649	2	
2	18197	2	
2	22145	1	
2	12930	1	
2	18051	1	
2	13445	3	
2	11398	1	
2	6791	1	
2	14473	1	
2	15499	2	
2	1164	2	
2	4238	1	
2	7823	1	
2	5400	1	
2	10386	1	
2	789	1	
2	1174	1	
2	19607	2	
2	18072	1	
2	18628	1	
2	17007	1	
2	16030	1	
2	671	1	
2	673	1	
2	16662	1	
2	13477	4	
2	13681	1	
2	15532	1	
2	9901	2	
2	3758	1	
2	13031	1	
2	15539	1	
2	19124	3	
2	14622	1	
2	7862	1	
2	20151	1	
2	15033	1	
2	3258	1	
2	20155	2	
2	21692	1	
2	19133	4	
2	1141	1	
2	22209	1	
2	15042	1	
2	13515	1	
2	10436	1	
2	2245	1	
2	5830	1	
2	18209	3	
2	20168	3	
2	14028	1	
2	12151	2	
2	16588	1	
2	3220	2	
2	11471	2	
2	720	1	
2	9425	1	
2	20690	1	
2	18131	1	
2	3796	1	
2	20695	1	
2	10972	2	
2	10975	1	
2	18128	1	
2	5755	1	
2	18148	1	
2	7397	1	
2	10792	1	
2	7400	1	
2	17788	1	
2	12010	1	
2	5927	1	
2	1167	1	
2	7918	2	
2	14973	1	
2	8744	1	
2	1266	2	
2	9777	1	
2	15096	1	
2	763	1	
2	21841	1	
2	15102	1	
2	14592	2	
2	8449	1	
2	4867	1	
2	4868	1	
2	3652	1	
2	12673	1	
2	7432	1	
2	11820	1	
2	17162	1	
2	17163	2	
2	4364	3	
2	2873	1	
2	10510	1	
2	15119	1	
2	17681	2	
2	17170	1	
2	16661	1	
2	5398	1	
2	2839	2	
2	2840	2	
2	7613	1	
2	1818	1	
2	8989	1	
2	6942	2	
2	15237	2	
2	6944	1	
2	8993	1	
2	6947	1	
2	17188	1	
2	19238	1	
2	7463	1	
2	12585	1	
2	16682	1	
2	10631	1	
2	10540	1	
2	11055	1	
2	16691	1	
2	7476	1	
2	16694	1	
2	9015	1	
2	8500	1	
2	20794	2	
2	8507	1	
2	12604	3	
2	15754	1	
2	831	2	
2	8512	1	
2	835	1	
2	17225	2	
2	2841	1	
2	8013	1	
2	846	1	
2	3919	1	
2	12625	1	
2	10467	1	
2	14677	3	
2	21305	4	
2	5464	1	
2	1370	1	
2	18267	1	
2	18234	1	
2	3674	1	
2	16224	1	
2	7010	1	
2	7011	1	
2	22373	1	
2	5994	1	
2	17129	1	
2	364	1	
2	9069	4	
2	6511	1	
2	14981	1	
2	1256	1	
2	21364	1	
2	12663	1	
2	8568	1	
2	4032	1	
2	5498	1	
2	16252	1	
2	5501	2	
2	18325	1	
2	1547	2	
2	3392	1	
2	14725	1	
2	16775	1	
2	18364	1	
2	16778	1	
2	3991	1	
2	4492	1	
2	12354	1	
2	7055	1	
2	14741	1	
2	7019	1	
2	11672	1	
2	21819	1	
2	1947	1	
2	4509	1	
2	12357	1	
2	20384	1	
2	14753	1	
2	798	1	
2	19364	1	
2	3495	1	
2	15273	1	
2	22442	1	
2	8107	1	
2	9644	1	
2	12018	2	
2	19016	1	
2	9141	1	
2	11708	1	
2	7101	1	
2	4030	1	
2	16831	1	
2	22464	6	
2	11714	3	
2	4547	1	
2	19396	1	
2	19397	1	
2	1544	1	
2	13255	2	
2	7112	1	
2	15817	1	
2	20939	1	
2	15820	2	
2	14798	1	
2	9167	3	
2	9170	2	
2	7637	3	
2	7638	1	
2	4055	1	
2	11737	2	
2	4058	1	
2	10206	1	
2	17184	1	
2	13793	2	
2	16891	1	
2	22500	1	
2	12360	1	
2	4070	1	
2	13799	1	
2	8683	1	
2	22508	1	
2	3058	1	
2	11765	1	
2	7160	2	
2	4601	3	
2	11771	2	
2	15869	2	
2	12799	2	
3	12288	1	
3	15616	1	
3	7687	1	
3	22024	1	
3	13833	1	
3	16215	1	
3	18957	1	
3	21499	1	
3	11792	1	
3	15893	1	
3	4441	1	
3	10264	1	
3	13850	1	
3	10927	1	
3	22557	1	
3	6687	1	
3	16933	1	
3	11641	1	
3	22571	1	
3	8749	1	
3	22574	1	
3	1074	1	
3	4149	1	
3	17975	1	
3	16691	1	
3	12354	2	
3	8771	1	
3	21586	3	
3	22369	1	
3	4169	1	
3	588	1	
3	9294	1	
3	591	2	
3	17490	1	
3	3975	1	
3	7766	1	
3	22615	2	
3	1627	4	
3	7780	1	
3	4709	1	
3	18023	2	
3	15464	1	
3	8892	1	
3	9831	1	
3	10862	3	
3	14448	3	
3	13937	1	
3	13938	1	
3	1141	1	
3	13435	1	
3	5246	2	
3	15487	1	
3	1152	1	
3	15808	1	
3	12930	2	
3	4227	1	
3	11398	1	
3	6791	1	
3	4460	1	
3	11916	2	
3	2704	1	
3	4547	1	
3	16273	1	
3	14489	2	
3	14495	1	
3	15984	1	
3	13474	1	
3	16547	3	
3	9892	1	
3	13477	1	
3	10408	1	
3	9901	2	
3	3758	1	
3	11439	1	
3	10928	1	
3	12466	1	
3	12471	1	
3	698	1	
3	3260	1	
3	19133	4	
3	703	1	
3	13504	1	
3	22212	1	
3	4030	1	
3	5321	1	
3	13515	1	
3	719	1	
3	7892	1	
3	17621	1	
3	20695	6	
3	15577	1	
3	4826	1	
3	11995	1	
3	10972	1	
3	21726	1	
3	4831	1	
3	7392	1	
3	2785	1	
3	1764	1	
3	17637	1	
3	744	1	
3	12010	1	
3	4843	1	
3	6380	1	
3	4335	1	
3	12018	1	
3	8952	1	
3	15610	1	
3	11007	1	
3	14592	2	
3	21888	1	
3	2306	1	
3	9477	1	
3	7432	1	
3	7433	1	
3	20234	1	
3	17163	1	
3	4364	4	
3	12625	1	
3	7952	2	
3	6418	1	
3	4884	1	
3	18197	2	
3	7897	1	
3	1304	1	
3	15615	2	
3	8989	1	
3	7455	1	
3	8993	1	
3	1415	1	
3	18222	1	
3	2525	1	
3	13819	1	
3	6965	1	
3	19254	1	
3	19256	1	
3	21305	3	
3	10555	2	
3	4417	1	
3	16548	1	
3	22340	1	
3	5958	1	
3	2375	2	
3	17225	1	
3	22346	1	
3	909	1	
3	4432	1	
3	6770	1	
3	11604	2	
3	19257	2	
3	6489	1	
3	13663	1	
3	18108	2	
3	3943	1	
3	5994	1	
3	10603	1	
3	364	1	
3	9583	1	
3	9072	1	
3	5489	1	
3	1906	1	
3	16759	1	
3	16760	1	
3	19833	1	
3	5499	1	
3	7550	2	
3	8878	1	
3	8064	1	
3	12673	1	
3	10219	1	
3	4486	1	
3	16775	2	
3	21228	1	
3	17290	1	
3	22082	1	
3	11662	1	
3	8636	2	
3	408	1	
3	20882	2	
3	10646	1	
3	16280	1	
3	16196	2	
3	17818	1	
3	12190	1	
3	8607	1	
3	4000	1	
3	15266	1	
3	20388	1	
3	17393	1	
3	15273	2	
3	15275	1	
3	12716	1	
3	18862	1	
3	7584	2	
3	4020	1	
3	7095	1	
3	1465	1	
3	11707	1	
3	18876	1	
3	12520	1	
3	22464	1	
3	20384	3	
3	11714	3	
3	7397	1	
3	13252	1	
3	748	1	
3	13255	1	
3	20424	2	
3	19913	1	
3	4002	1	
3	9167	2	
3	13475	1	
3	590	1	
3	19364	1	
3	9691	1	
3	5085	1	
3	10206	2	
3	17890	1	
3	11771	1	
3	3047	1	
3	489	1	
3	7658	1	
3	8683	1	
3	493	1	
3	16366	1	
3	11760	1	
3	497	1	
3	7552	1	
3	17395	1	
3	6646	1	
3	4601	1	
3	4090	1	
3	6651	4	
3	6652	2	
3	13821	1	
3	12799	1	
4	8449	1	
4	2306	1	
4	4867	2	
4	16773	1	
4	16775	2	
4	18952	1	
4	18185	1	
4	2699	1	
4	7180	1	
4	17154	1	
4	910	1	
4	7952	1	
4	10641	1	
4	20882	1	
4	20547	3	
4	3992	1	
4	1160	1	
4	9839	1	
4	9244	1	
4	11293	1	
4	13957	1	
4	13088	1	
4	10530	1	
4	8683	1	
4	8231	1	
4	10920	1	
4	5034	1	
4	22571	1	
4	9644	1	
4	4238	1	
4	17585	1	
4	9169	1	
4	11444	1	
4	13022	1	
4	2761	1	
4	21305	3	
4	18363	1	
4	19900	1	
4	19133	3	
4	3519	1	
4	22464	1	
4	11714	1	
4	1603	1	
4	2245	1	
4	19398	1	
4	20424	1	
4	1740	1	
4	8268	1	
4	5086	1	
4	9167	1	
4	9425	1	
4	9047	1	
4	10963	1	
4	11604	1	
4	5333	1	
4	2348	1	
4	20695	1	
4	5464	1	
4	10972	2	
4	10205	1	
4	8286	1	
4	6976	2	
4	19553	1	
4	5186	1	
4	8401	1	
4	5993	1	
4	745	1	
4	12930	1	
4	16367	1	
4	13331	1	
4	15849	1	
4	4601	2	
4	4218	1	
4	3197	1	
4	12670	1	
4	3541	1	
5	19460	1	
5	2817	1	
5	21518	1	
5	9232	1	
5	19478	1	
5	6687	1	
5	38	1	
5	3629	1	
5	1590	1	
5	4668	1	
5	5182	1	
5	3647	2	
5	12354	1	
5	1092	1	
5	1094	2	
5	17996	1	
5	80	1	
5	21586	1	
5	21605	1	
5	16998	1	
5	9832	1	
5	19561	1	
5	6771	2	
5	5246	1	
5	12930	3	
5	6791	1	
5	14786	1	
5	17041	3	
5	11925	1	
5	13467	1	
5	673	3	
5	20155	1	
5	19133	2	
5	7870	1	
5	12481	1	
5	13516	1	
5	11471	1	
5	18128	1	
5	10449	1	
5	7892	1	
5	22252	1	
5	21750	1	
5	14583	2	
5	15609	1	
5	8449	1	
5	4364	3	
5	18197	1	
5	796	1	
5	797	1	
5	7455	1	
5	18209	1	
5	10530	1	
5	19238	1	
5	5929	1	
5	1844	2	
5	21305	2	
5	12602	1	
5	14651	2	
5	6982	1	
5	17225	1	
5	12625	1	
5	5464	1	
5	3417	1	
5	22367	1	
5	22369	1	
5	15717	2	
5	3217	2	
5	5994	1	
5	9069	1	
5	15216	1	
5	5499	1	
5	13697	1	
5	18818	1	
5	13192	1	
5	17291	1	
5	9105	1	
5	3652	2	
5	7584	1	
5	11180	1	
5	2485	1	
5	6075	1	
5	4030	1	
5	11714	1	
5	13252	3	
5	19398	1	
5	11723	1	
5	3532	1	
5	592	2	
5	19939	1	
5	14827	1	
5	12274	1	
5	15864	1	
5	13819	1	
5	8700	1	
5	15869	1	
6	12288	3	
6	13316	1	
6	19461	1	
6	17424	1	
6	13832	1	
6	11787	1	
6	16911	1	
6	22032	8	
6	8724	1	
6	13846	1	
6	12823	1	
6	12825	9	
6	22044	1	
6	22557	1	
6	4587	1	
6	16417	1	
6	3621	1	
6	20545	1	
6	15401	1	
6	15402	1	
6	1067	1	
6	8749	1	
6	6702	1	
6	15209	1	
6	7216	1	
6	11314	1	
6	11827	1	
6	12852	1	
6	13027	1	
6	11832	2	
6	13888	1	
6	1089	1	
6	12354	2	
6	9227	1	
6	16452	1	
6	1094	1	
6	4449	1	
6	592	1	
6	21586	3	
6	18005	1	
6	13398	1	
6	9816	1	
6	9817	1	
6	6234	1	
6	18876	1	
6	18528	3	
6	12897	1	
6	18022	1	
6	7782	1	
6	20585	1	
6	19460	1	
6	21611	1	
6	21613	1	
6	12018	1	
6	14448	1	
6	13937	1	
6	6770	1	
6	1141	1	
6	21622	1	
6	7287	1	
6	632	1	
6	1556	1	
6	19578	1	
6	16831	1	
6	3197	1	
6	6270	1	
6	18197	1	
6	6943	2	
6	14978	1	
6	15491	2	
6	18052	1	
6	13445	1	
6	6791	3	
6	18056	1	
6	4746	1	
6	6261	1	
6	5775	1	
6	656	1	
6	13969	1	
6	9875	2	
6	2196	1	
6	6809	1	
6	5786	1	
6	21871	1	
6	20722	1	
6	13508	1	
6	13477	1	
6	4263	1	
6	14505	1	
6	22188	3	
6	9901	1	
6	11293	1	
6	8479	1	
6	16049	1	
6	19124	1	
6	3629	1	
6	20151	1	
6	20155	2	
6	19133	7	
6	19881	1	
6	2239	1	
6	10432	1	
6	800	1	
6	11723	1	
6	9924	2	
6	20168	2	
6	22220	1	
6	13516	1	
6	3278	1	
6	20687	1	
6	7888	1	
6	10452	1	
6	718	1	
6	20695	4	
6	11995	1	
6	10972	2	
6	15482	1	
6	1246	1	
6	10975	1	
6	1249	1	
6	10978	1	
6	10467	1	
6	2279	1	
6	745	1	
6	15594	1	
6	15119	1	
6	19410	1	
6	11133	1	
6	2289	1	
6	1266	1	
6	10483	1	
6	10484	1	
6	14462	1	
6	15610	2	
6	5371	1	
6	18174	1	
6	14592	4	
6	4868	3	
6	2309	2	
6	2310	1	
6	7433	1	
6	20234	1	
6	4364	1	
6	1581	1	
6	11024	1	
6	2834	1	
6	2323	2	
6	4884	1	
6	16661	1	
6	17688	1	
6	8636	3	
6	20255	1	
6	18208	1	
6	2096	1	
6	7461	1	
6	10024	1	
6	16682	1	
6	18222	1	
6	5935	1	
6	1841	1	
6	1844	1	
6	15582	1	
6	999	1	
6	21305	5	
6	4831	2	
6	6973	1	
6	4417	2	
6	8514	2	
6	21318	1	
6	17737	1	
6	20299	2	
6	20194	9	
6	20302	1	
6	4579	1	
6	11604	2	
6	14677	1	
6	11792	1	
6	6489	1	
6	2394	1	
6	22368	1	
6	22369	3	
6	19811	1	
6	6801	1	
6	5993	1	
6	3047	2	
6	9069	6	
6	10557	1	
6	13681	1	
6	11125	1	
6	8054	1	
6	12151	1	
6	8568	1	
6	12153	1	
6	11708	1	
6	15850	1	
6	8063	1	
6	9600	1	
6	12163	1	
6	3975	1	
6	8684	1	
6	16780	1	
6	5186	1	
6	12013	1	
6	7057	1	
6	20882	1	
6	8086	2	
6	5785	1	
6	11672	1	
6	12190	1	
6	15775	1	
6	20384	3	
6	13730	2	
6	16966	1	
6	15273	2	
6	22442	1	
6	11179	1	
6	11180	1	
6	16301	1	
6	10349	1	
6	7090	1	
6	7605	1	
6	11192	1	
6	10681	1	
6	11196	1	
6	7613	1	
6	14783	1	
6	22464	6	
6	7584	2	
6	11714	2	
6	13763	1	
6	19396	1	
6	9424	1	
6	13255	1	
6	7115	1	
6	5580	1	
6	17357	2	
6	17013	1	
6	11354	1	
6	7633	1	
6	7634	1	
6	13476	1	
6	21981	1	
6	6622	1	
6	20448	1	
6	19938	2	
6	20969	1	
6	10727	1	
6	15337	1	
6	4586	1	
6	8683	1	
6	492	1	
6	4589	1	
6	3572	1	
6	503	1	
6	6652	1	
6	19882	1	
6	12799	1	
7	12288	1	
7	14016	1	
7	12930	1	
7	4867	1	
7	19460	2	
7	11398	1	
7	1281	1	
7	904	1	
7	4235	1	
7	4364	2	
7	4238	1	
7	9069	2	
7	17170	1	
7	2451	1	
7	4249	1	
7	12825	2	
7	8989	1	
7	12446	1	
7	9072	1	
7	20642	2	
7	2225	1	
7	22571	1	
7	9645	1	
7	16430	1	
7	8753	1	
7	1074	1	
7	1139	1	
7	15774	1	
7	8502	1	
7	13704	1	
7	21305	2	
7	20155	1	
7	18108	1	
7	19133	2	
7	22464	2	
7	267	1	
7	1092	1	
7	12823	1	
7	16588	1	
7	15434	1	
7	588	1	
7	8013	1	
7	719	1	
7	592	1	
7	721	1	
7	82	1	
7	19939	1	
7	14039	1	
7	11992	1	
7	20239	1	
7	8797	1	
7	1246	1	
7	18528	1	
7	20194	2	
7	4795	1	
7	21606	1	
7	12625	1	
7	4668	1	
7	1921	1	
7	20882	2	
7	14704	1	
7	659	1	
7	14969	1	
7	17148	1	
8	19460	1	
8	19461	1	
8	19464	1	
8	22188	1	
8	11181	1	
8	13452	1	
8	4867	1	
8	3758	1	
8	5142	1	
8	10263	1	
8	12825	1	
8	9244	1	
8	5149	1	
8	18463	1	
8	2596	1	
8	3621	1	
8	3626	1	
8	22571	1	
8	3629	2	
8	16430	1	
8	1074	1	
8	11827	1	
8	1076	1	
8	1590	1	
8	2105	1	
8	13885	1	
8	12350	1	
8	12354	1	
8	20547	2	
8	1092	1	
8	11334	1	
8	21601	3	
8	17484	1	
8	10830	1	
8	591	1	
8	82	1	
8	16901	1	
8	7258	1	
8	7773	1	
8	11870	1	
8	7776	1	
8	17168	1	
8	19131	1	
8	19900	1	
8	8238	1	
8	14495	1	
8	5232	1	
8	6770	1	
8	17016	1	
8	16508	1	
8	3201	1	
8	12930	1	
8	13445	1	
8	7867	2	
8	16519	1	
8	1160	1	
8	13451	1	
8	1164	1	
8	1167	1	
8	1889	1	
8	18068	1	
8	10398	1	
8	671	2	
8	4772	1	
8	4263	1	
8	11292	1	
8	14508	1	
8	15534	1	
8	5301	1	
8	16054	2	
8	12471	1	
8	5304	1	
8	4795	2	
8	8892	1	
8	19133	2	
8	7870	1	
8	14016	1	
8	14020	1	
8	7880	1	
8	16588	1	
8	20686	6	
8	3278	1	
8	20695	1	
8	10972	2	
8	20192	1	
8	20194	1	
8	20774	1	
8	6375	1	
8	8426	1	
8	7915	1	
8	7918	1	
8	7409	1	
8	18162	1	
8	9171	1	
8	14583	2	
8	5368	1	
8	18174	1	
8	10453	1	
8	8449	1	
8	8451	1	
8	17156	1	
8	4359	1	
8	18185	1	
8	17162	1	
8	3339	1	
8	4364	1	
8	8749	1	
8	7952	1	
8	16661	1	
8	18205	1	
8	8482	1	
8	18723	1	
8	8185	1	
8	19238	1	
8	13532	1	
8	22551	1	
8	3885	1	
8	6446	1	
8	19764	2	
8	21305	2	
8	16702	1	
8	4417	1	
8	834	1	
8	835	1	
8	14148	3	
8	12103	2	
8	17225	1	
8	17227	1	
8	3919	1	
8	4433	1	
8	4434	1	
8	21845	1	
8	17240	1	
8	4441	1	
8	9050	1	
8	22368	1	
8	22369	1	
8	7399	1	
8	9069	4	
8	13679	3	
8	9072	1	
8	21874	1	
8	3958	1	
8	8568	1	
8	17790	1	
8	16774	1	
8	16775	1	
8	17290	1	
8	14402	1	
8	20882	2	
8	3991	3	
8	15903	1	
8	11675	1	
8	6047	1	
8	7584	1	
8	15273	1	
8	1351	1	
8	9644	1	
8	12717	1	
8	2889	1	
8	1465	1	
8	1466	1	
8	9887	1	
8	11708	1	
8	16831	3	
8	20384	1	
8	16835	1	
8	4550	1	
8	20235	1	
8	588	1	
8	20939	1	
8	9167	1	
8	248	1	
8	2003	2	
8	7637	1	
8	4601	1	
8	6622	1	
8	19939	1	
8	19943	1	
8	492	1	
8	21586	1	
8	15548	1	
8	16373	1	
8	505	1	
8	11771	1	
9	8193	1	
9	19460	1	
9	22358	1	
9	7686	1	
9	18952	1	
9	4617	1	
9	7178	1	
9	21847	3	
9	526	1	
9	22032	1	
9	15890	1	
9	5141	1	
9	13316	2	
9	3610	1	
9	27	1	
9	6685	1	
9	9758	1	
9	15903	2	
9	5664	2	
9	3621	1	
9	4647	1	
9	1067	1	
9	5677	2	
9	4417	1	
9	9777	1	
9	14386	1	
9	5541	1	
9	12852	1	
9	14389	1	
9	55	1	
9	7224	1	
9	13881	1	
9	17467	1	
9	2108	2	
9	8765	1	
9	3134	1	
9	1076	1	
9	19520	1	
9	4960	3	
9	3138	1	
9	11787	1	
9	7237	1	
9	1094	1	
9	12897	1	
9	18505	1	
9	4433	1	
9	15948	1	
9	7570	1	
9	15951	1	
9	80	1	
9	21586	3	
9	18528	2	
9	10337	1	
9	3171	1	
9	5732	1	
9	21094	1	
9	7785	2	
9	18029	1	
9	14448	3	
9	18548	1	
9	7799	1	
9	14969	3	
9	635	1	
9	5246	2	
9	15808	1	
9	15491	2	
9	13445	2	
9	16519	1	
9	13961	2	
9	16834	2	
9	1167	3	
9	15508	1	
9	18069	1	
9	14488	1	
9	14703	1	
9	14492	1	
9	15045	1	
9	8352	1	
9	14498	1	
9	19619	1	
9	4263	1	
9	10408	1	
9	17066	1	
9	22188	1	
9	20653	1	
9	22557	1	
9	16564	1	
9	11294	1	
9	9398	1	
9	12471	2	
9	5304	1	
9	20155	1	
9	19133	2	
9	7870	1	
9	22209	1	
9	10434	1	
9	2244	2	
9	709	1	
9	6342	1	
9	4385	1	
9	13516	1	
9	20686	1	
9	8569	1	
9	22232	2	
9	7897	1	
9	9167	5	
9	10972	2	
9	4831	1	
9	7035	1	
9	7911	1	
9	12010	1	
9	2003	1	
9	8437	1	
9	6902	1	
9	15096	1	
9	12505	1	
9	17148	1	
9	4868	4	
9	18181	1	
9	897	1	
9	4364	1	
9	13583	1	
9	6416	1	
9	11992	1	
9	10515	1	
9	16661	1	
9	16662	1	
9	2839	1	
9	7471	1	
9	8989	1	
9	798	1	
9	20255	2	
9	15648	1	
9	13089	1	
9	1827	1	
9	10533	1	
9	7217	1	
9	5929	1	
9	17706	1	
9	17195	2	
9	12076	1	
9	22179	1	
9	21295	1	
9	16691	1	
9	19764	2	
9	19765	1	
9	8502	1	
9	12425	1	
9	13113	1	
9	12602	1	
9	10555	1	
9	12341	1	
9	11708	2	
9	16193	1	
9	17605	1	
9	22340	1	
9	19269	1	
9	12103	1	
9	10206	1	
9	9033	1	
9	17975	1	
9	19276	2	
9	9550	1	
9	12625	2	
9	5970	1	
9	8021	1	
9	4438	1	
9	21305	1	
9	18267	2	
9	9269	1	
9	16223	1	
9	22368	1	
9	16225	1	
9	1887	1	
9	4453	1	
9	4454	1	
9	21352	1	
9	11113	1	
9	5638	1	
9	7399	1	
9	9069	7	
9	21613	1	
9	2416	1	
9	19124	4	
9	7828	1	
9	19263	1	
9	7548	1	
9	7550	1	
9	6901	1	
9	9600	1	
9	1921	1	
9	18818	1	
9	15751	1	
9	395	1	
9	21902	1	
9	18832	1	
9	15512	1	
9	20882	1	
9	3764	1	
9	918	1	
9	18841	1	
9	14233	1	
9	18847	1	
9	17312	3	
9	17313	1	
9	1445	1	
9	10857	1	
9	9067	1	
9	11692	1	
9	9141	1	
9	13129	1	
9	11193	1	
9	19900	1	
9	22461	1	
9	22463	1	
9	22464	3	
9	16544	1	
9	11714	1	
9	14275	1	
9	588	1	
9	1483	1	
9	8140	1	
9	17359	1	
9	9170	1	
9	9171	2	
9	7637	1	
9	7638	1	
9	9687	1	
9	20389	1	
9	5596	1	
9	18940	1	
9	6622	1	
9	5599	1	
9	592	1	
9	2113	1	
9	18919	1	
9	18921	1	
9	12778	1	
9	15442	1	
9	11760	1	
9	4593	1	
9	7154	1	
9	18942	1	
9	16374	1	
9	5623	1	
9	21498	1	
9	8188	1	
9	15869	1	
9	5118	3	
9	14713	1	
10	12288	1	
10	19461	1	
10	19464	1	
10	6316	1	
10	22032	1	
10	8211	1	
10	10264	1	
10	4868	2	
10	22557	2	
10	7710	1	
10	1055	1	
10	20000	1	
10	20519	1	
10	1578	1	
10	8749	1	
10	16430	1	
10	15408	1	
10	8753	1	
10	1074	1	
10	11827	1	
10	1076	1	
10	1589	1	
10	16951	1	
10	3643	1	
10	14952	1	
10	13885	1	
10	13887	1	
10	15939	1	
10	16011	1	
10	1094	1	
10	15432	1	
10	18505	1	
10	13388	1	
10	595	1	
10	18005	3	
10	13398	1	
10	17496	1	
10	19035	1	
10	14945	1	
10	15459	1	
10	16998	3	
10	1639	1	
10	19900	1	
10	4540	1	
10	9831	1	
10	18030	1	
10	14448	1	
10	625	1	
10	6770	1	
10	13428	1	
10	7785	1	
10	6687	1	
10	20882	1	
10	7018	1	
10	14974	1	
10	6786	1	
10	3203	1	
10	6790	1	
10	6791	1	
10	14473	1	
10	1163	1	
10	7148	1	
10	19599	1	
10	10384	1	
10	9873	1	
10	20626	1	
10	16835	1	
10	4247	1	
10	5276	1	
10	15216	1	
10	7110	1	
10	4263	3	
10	17066	1	
10	22188	3	
10	5806	1	
10	7344	1	
10	19124	2	
10	4277	1	
10	12471	2	
10	2745	1	
10	19131	1	
10	19133	2	
10	6847	1	
10	8384	1	
10	11969	1	
10	18628	1	
10	11461	1	
10	16586	2	
10	13516	1	
10	719	1	
10	7888	1	
10	14033	1	
10	3796	1	
10	16598	1	
10	2394	2	
10	21727	1	
10	10464	1	
10	7397	2	
10	14054	1	
10	9425	1	
10	17129	1	
10	12013	2	
10	20722	4	
10	18569	1	
10	5884	1	
10	3626	1	
10	1280	1	
10	4356	1	
10	726	1	
10	2310	1	
10	18185	2	
10	2826	1	
10	3339	1	
10	15119	1	
10	15747	1	
10	6421	1	
10	1818	1	
10	12575	1	
10	17229	1	
10	20775	1	
10	2344	1	
10	18222	1	
10	5597	1	
10	1841	1	
10	15666	1	
10	1844	1	
10	9526	1	
10	13961	1	
10	2873	1	
10	12746	1	
10	8514	2	
10	13963	2	
10	6982	1	
10	9543	1	
10	21305	1	
10	334	1	
10	12625	2	
10	7509	1	
10	4438	1	
10	5433	1	
10	21848	1	
10	6489	1	
10	4442	1	
10	8539	1	
10	10644	1	
10	2955	1	
10	22368	3	
10	22369	1	
10	7011	1	
10	5994	1	
10	8556	1	
10	9069	1	
10	2416	1	
10	5489	1	
10	14706	1	
10	4981	1	
10	3958	1	
10	12663	1	
10	14879	1	
10	11641	1	
10	5498	1	
10	8579	1	
10	2949	1	
10	17801	1	
10	7319	1	
10	22418	1	
10	20547	1	
10	10132	1	
10	918	1	
10	17818	1	
10	4509	1	
10	7584	1	
10	15784	1	
10	16814	1	
10	15800	1	
10	18364	1	
10	22463	1	
10	22464	1	
10	11714	1	
10	13763	2	
10	7620	1	
10	4550	1	
10	13255	1	
10	10186	1	
10	11723	1	
10	4556	1	
10	9167	3	
10	846	1	
10	17881	1	
10	10205	1	
10	6622	1	
10	5089	1	
10	10407	1	
10	492	1	
10	5623	1	
10	16888	1	
10	11771	1	
11	13316	1	
11	21847	1	
11	22540	2	
11	9232	1	
11	6489	1	
11	7684	1	
11	9244	1	
11	22557	1	
11	15903	1	
11	20519	1	
11	22571	1	
11	4665	1	
11	13884	1	
11	4277	1	
11	15432	1	
11	18505	1	
11	15438	1	
11	6741	2	
11	16998	2	
11	22119	1	
11	6076	1	
11	12394	1	
11	18028	1	
11	21619	1	
11	13428	2	
11	20329	1	
11	19900	1	
11	13440	1	
11	2690	1	
11	6787	1	
11	13445	3	
11	13963	1	
11	20418	1	
11	17551	1	
11	18080	1	
11	22188	1	
11	1139	1	
11	5301	2	
11	3258	1	
11	8892	1	
11	7870	1	
11	12481	1	
11	2243	1	
11	20686	1	
11	16593	1	
11	1081	1	
11	22232	1	
11	13532	1	
11	4831	1	
11	7400	4	
11	748	1	
11	9170	1	
11	6901	1	
11	762	1	
11	18185	2	
11	17162	1	
11	4364	2	
11	16661	1	
11	5935	1	
11	797	1	
11	4382	1	
11	4385	2	
11	290	1	
11	16679	1	
11	11055	1	
11	9527	1	
11	10975	1	
11	12604	1	
11	4417	1	
11	835	1	
11	22343	1	
11	3408	1	
11	12625	1	
11	4438	2	
11	12119	1	
11	1369	1	
11	11100	1	
11	19816	1	
11	5993	1	
11	364	1	
11	14704	1	
11	3954	1	
11	8568	1	
11	5498	1	
11	15227	1	
11	12670	1	
11	18818	1	
11	8579	1	
11	3974	1	
11	18832	1	
11	9620	1	
11	14753	1	
11	12716	1	
11	15279	1	
11	9141	1	
11	1465	1	
11	11708	1	
11	22463	1	
11	11714	1	
11	20420	1	
11	12744	1	
11	4555	2	
11	20944	1	
11	8636	1	
11	7634	2	
11	9691	1	
11	10206	1	
11	13793	1	
11	492	1	
11	5623	4	
11	4602	1	
11	11771	1	
11	18005	1	
12	12288	1	
12	16897	1	
12	7683	1	
12	9046	1	
12	518	1	
12	8449	2	
12	12716	1	
12	1547	1	
12	22032	1	
12	15890	1	
12	4867	1	
12	18965	1	
12	6489	1	
12	10069	1	
12	19993	1	
12	1562	1	
12	17436	1	
12	22557	2	
12	17438	1	
12	15903	4	
12	20000	1	
12	12325	2	
12	20803	1	
12	12329	1	
12	20010	1	
12	8236	1	
12	8749	1	
12	16431	1	
12	1074	1	
12	7219	1	
12	12852	1	
12	1079	1	
12	11832	1	
12	1081	1	
12	1375	1	
12	13887	1	
12	718	1	
12	4448	1	
12	2220	1	
12	7691	1	
12	3652	1	
12	3647	1	
12	21601	1	
12	15432	1	
12	18505	1	
12	18364	2	
12	16972	1	
12	13389	1	
12	590	1	
12	16902	1	
12	21586	4	
12	22100	1	
12	7765	1	
12	13398	1	
12	15033	1	
12	22108	1	
12	21782	2	
12	3169	1	
12	20384	3	
12	21605	1	
12	7782	1	
12	15976	1	
12	7785	2	
12	13418	2	
12	8579	1	
12	13796	1	
12	18030	1	
12	21103	1	
12	14448	1	
12	15985	1	
12	6770	1	
12	19571	1	
12	13428	2	
12	12734	1	
12	632	1	
12	14969	1	
12	14458	1	
12	3197	1	
12	11902	2	
12	10097	1	
12	5760	1	
12	19133	1	
12	6786	1	
12	6787	2	
12	5764	1	
12	5765	1	
12	13961	1	
12	19596	1	
12	12429	1	
12	19598	1	
12	1167	3	
12	3217	1	
12	3220	1	
12	2841	1	
12	9071	1	
12	16543	1	
12	6304	1	
12	14704	1	
12	16035	1	
12	10728	1	
12	3023	1	
12	4263	2	
12	15528	1	
12	20649	3	
12	683	1	
12	22188	2	
12	9901	1	
12	1881	1	
12	2224	1	
12	19124	1	
12	1717	1	
12	12471	1	
12	2745	2	
12	3258	1	
12	1823	1	
12	8892	1	
12	10429	1	
12	7870	2	
12	13685	1	
12	14016	2	
12	2244	1	
12	5409	1	
12	17608	1	
12	9170	1	
12	7370	1	
12	20343	1	
12	13516	1	
12	20686	2	
12	12495	1	
12	5840	1	
12	16436	1	
12	3796	1	
12	3278	1	
12	22232	1	
12	20187	3	
12	4831	1	
12	21523	1	
12	9600	1	
12	19238	1	
12	16103	1	
12	7400	1	
12	19180	4	
12	4818	1	
12	7406	1	
12	4221	1	
12	12018	1	
12	19187	2	
12	14974	1	
12	2003	1	
12	3833	1	
12	12164	1	
12	18686	1	
12	11904	1	
12	2307	1	
12	19716	1	
12	8550	1	
12	2310	1	
12	18185	1	
12	20234	1	
12	17163	2	
12	4364	1	
12	10510	1	
12	15119	3	
12	11026	1	
12	3203	1	
12	4885	1	
12	4868	3	
12	13444	1	
12	6938	1	
12	6959	1	
12	22224	1	
12	797	1	
12	13957	1	
12	17184	1	
12	18209	1	
12	802	2	
12	10532	1	
12	3878	2	
12	7463	1	
12	10555	1	
12	12585	1	
12	13611	1	
12	17313	1	
12	1459	1	
12	5935	1	
12	3764	1	
12	1844	1	
12	15486	1	
12	9527	1	
12	2873	1	
12	20794	1	
12	16699	1	
12	12604	1	
12	1076	1	
12	5745	1	
12	3392	1	
12	13493	1	
12	16194	1	
12	3395	1	
12	6982	1	
12	17790	1	
12	17225	1	
12	8012	1	
12	20813	1	
12	13453	1	
12	12625	2	
12	5970	1	
12	8020	1	
12	3413	1	
12	15190	2	
12	21305	1	
12	3417	1	
12	860	1	
12	12602	1	
12	8421	1	
12	7520	1	
12	22369	3	
12	7010	1	
12	5435	1	
12	19814	1	
12	1169	1	
12	11113	1	
12	10090	1	
12	15723	1	
12	9069	8	
12	21613	1	
12	6512	1	
12	15080	1	
12	16242	1	
12	3987	1	
12	15220	2	
12	626	1	
12	3958	1	
12	7224	1	
12	11708	2	
12	12670	1	
12	405	1	
12	1408	1	
12	17984	1	
12	16770	1	
12	10219	1	
12	1924	1	
12	9093	1	
12	395	1	
12	4492	2	
12	8514	1	
12	8079	1	
12	11665	1	
12	22339	1	
12	6067	1	
12	917	1	
12	4507	1	
12	861	2	
12	13727	1	
12	17312	2	
12	6561	1	
12	13730	1	
12	4276	1	
12	22041	1	
12	15784	1	
12	12188	1	
12	22442	2	
12	9644	1	
12	11471	1	
12	6064	1	
12	7411	1	
12	22601	1	
12	16372	1	
12	1467	1	
12	19900	2	
12	3629	1	
12	11710	1	
12	22463	2	
12	22464	7	
12	7584	1	
12	11714	1	
12	19396	1	
12	16837	1	
12	7110	1	
12	20593	1	
12	19401	2	
12	13772	1	
12	9167	2	
12	7633	1	
12	17362	1	
12	16547	1	
12	5795	1	
12	4055	1	
12	15268	1	
12	10206	1	
12	19938	1	
12	2531	1	
12	15332	1	
12	21841	1	
12	14985	1	
12	489	1	
12	10407	1	
12	14324	1	
12	18174	1	
12	5623	1	
12	6136	1	
12	11771	1	
12	13821	1	
12	14677	1	
13	12288	2	
13	7683	1	
13	7684	1	
13	16901	1	
13	14081	1	
13	4104	1	
13	7690	1	
13	9227	1	
13	17154	1	
13	22030	1	
13	10768	1	
13	2392	1	
13	10243	1	
13	10264	1	
13	10265	1	
13	12425	1	
13	22557	1	
13	15903	6	
13	20255	1	
13	7003	1	
13	3621	2	
13	6695	1	
13	11817	1	
13	3626	1	
13	5675	1	
13	19464	1	
13	1076	1	
13	17975	1	
13	14910	1	
13	3647	1	
13	7691	1	
13	4960	1	
13	20547	2	
13	16054	2	
13	22369	2	
13	15434	1	
13	22092	1	
13	17485	1	
13	11855	1	
13	8376	1	
13	21586	4	
13	18005	1	
13	14423	1	
13	9816	1	
13	5210	1	
13	16989	1	
13	19301	1	
13	22032	1	
13	3171	1	
13	21605	1	
13	16998	1	
13	9831	1	
13	9832	1	
13	20585	1	
13	8039	1	
13	22124	1	
13	14448	2	
13	13937	1	
13	1650	1	
13	13428	1	
13	19817	1	
13	6687	1	
13	20089	1	
13	5755	1	
13	19580	1	
13	5246	1	
13	20095	1	
13	13440	1	
13	15808	4	
13	1899	1	
13	19589	1	
13	13449	1	
13	15499	1	
13	1164	1	
13	5774	1	
13	9069	2	
13	1816	1	
13	13763	1	
13	19607	1	
13	13466	1	
13	21606	1	
13	671	1	
13	2160	1	
13	5795	3	
13	9892	1	
13	17350	1	
13	4263	2	
13	1706	1	
13	1991	1	
13	9901	1	
13	3758	1	
13	11439	1	
13	3760	1	
13	12465	1	
13	5811	1	
13	19124	1	
13	13493	2	
13	22198	1	
13	19401	1	
13	15032	1	
13	364	1	
13	2747	1	
13	8892	1	
13	19133	1	
13	7870	1	
13	21696	1	
13	20000	1	
13	11461	1	
13	9023	1	
13	14024	1	
13	15820	1	
13	16588	1	
13	20329	1	
13	9424	2	
13	14033	1	
13	5330	1	
13	14969	1	
13	8996	1	
13	9434	1	
13	10972	1	
13	10975	2	
13	7904	1	
13	18128	1	
13	740	1	
13	6375	2	
13	22252	1	
13	14469	1	
13	20722	1	
13	6901	1	
13	3830	1	
13	1786	1	
13	18686	1	
13	11007	1	
13	14592	1	
13	8449	2	
13	13570	1	
13	1067	1	
13	4356	1	
13	12549	1	
13	12673	1	
13	18185	2	
13	22282	1	
13	4364	7	
13	21264	1	
13	5394	1	
13	10515	1	
13	4884	2	
13	16661	1	
13	4868	4	
13	5400	1	
13	7471	2	
13	797	1	
13	4382	1	
13	13445	1	
13	18208	1	
13	17188	1	
13	21797	1	
13	19238	1	
13	2348	1	
13	20281	1	
13	2351	1	
13	12082	1	
13	17203	1	
13	1844	2	
13	16694	1	
13	1673	1	
13	2873	1	
13	20794	1	
13	8927	1	
13	12604	1	
13	19775	1	
13	6464	1	
13	16608	1	
13	13849	1	
13	19782	1	
13	16012	1	
13	18763	1	
13	17740	1	
13	8013	1	
13	12110	1	
13	20303	1	
13	12625	2	
13	18771	1	
13	11604	1	
13	14677	1	
13	4438	2	
13	9047	2	
13	4440	1	
13	7514	1	
13	18267	3	
13	861	1	
13	22366	1	
13	9593	1	
13	22368	1	
13	4496	1	
13	15717	1	
13	358	1	
13	4497	1	
13	5996	1	
13	2279	1	
13	11116	1	
13	20882	1	
13	17262	2	
13	5489	2	
13	20343	1	
13	8568	2	
13	12153	1	
13	7889	1	
13	21883	1	
13	892	1	
13	1309	1	
13	3392	1	
13	1412	1	
13	14725	1	
13	3201	1	
13	17801	1	
13	8401	1	
13	16272	1	
13	11665	1	
13	7570	1	
13	18324	1	
13	917	1	
13	4502	1	
13	3991	1	
13	21912	1	
13	6041	1	
13	7237	1	
13	20384	3	
13	14753	1	
13	15273	1	
13	9425	1	
13	9067	1	
13	11180	1	
13	7154	1	
13	5552	1	
13	4019	1	
13	9141	1	
13	4425	1	
13	9145	1	
13	1466	2	
13	1467	1	
13	22460	1	
13	22464	1	
13	11714	1	
13	20299	1	
13	4038	1	
13	7623	1	
13	19519	1	
13	1483	1	
13	15308	1	
13	9167	2	
13	22571	1	
13	18393	1	
13	10205	3	
13	10206	1	
13	19939	1	
13	18406	1	
13	7655	1	
13	18784	1	
13	16366	1	
13	16175	1	
13	15442	1	
13	494	1	
13	16367	1	
13	496	1	
13	1521	1	
13	9247	1	
13	18942	1	
13	6652	1	
13	5118	1	
