1	13316	1	
1	7686	1	
1	13834	1	
1	13838	1	
1	19476	1	
1	16814	2	
1	17943	1	
1	10265	1	
1	18458	2	
1	14875	1	
1	15903	2	
1	32	1	
1	18865	1	
1	22571	1	
1	3629	2	
1	3633	2	
1	8243	1	
1	12852	1	
1	17983	1	
1	1092	1	
1	8262	1	
1	13389	1	
1	11855	1	
1	21586	1	
1	20585	1	
1	18030	2	
1	9839	1	
1	1648	1	
1	625	1	
1	1138	1	
1	21619	1	
1	17016	1	
1	14969	2	
1	13950	1	
1	19583	1	
1	5760	1	
1	13445	1	
1	15809	1	
1	3636	1	
1	10397	1	
1	9887	1	
1	14500	1	
1	1705	1	
1	11946	1	
1	22188	1	
1	9901	1	
1	15534	1	
1	19124	1	
1	3258	1	
1	18975	1	
1	18108	1	
1	16579	1	
1	13174	1	
1	13515	1	
1	5838	2	
1	9423	1	
1	22232	1	
1	13532	1	
1	8927	2	
1	19174	1	
1	10985	1	
1	5355	1	
1	22262	1	
1	14592	1	
1	15618	1	
1	4356	1	
1	19718	1	
1	7432	1	
1	20234	1	
1	4364	2	
1	1823	1	
1	8892	1	
1	2354	1	
1	17200	1	
1	9522	1	
1	824	1	
1	4660	1	
1	9543	1	
1	16205	1	
1	4433	1	
1	4438	1	
1	12089	1	
1	22369	2	
1	21878	1	
1	12670	1	
1	15231	1	
1	15232	1	
1	12673	1	
1	7559	1	
1	15753	1	
1	10636	1	
1	910	1	
1	8079	1	
1	4496	1	
1	16273	1	
1	15762	1	
1	3065	1	
1	20384	2	
1	15266	1	
1	18851	1	
1	1447	1	
1	12716	1	
1	12717	1	
1	19886	1	
1	433	1	
1	10679	1	
1	1976	1	
1	9146	1	
1	12734	1	
1	22464	3	
1	4545	1	
1	13255	1	
1	14800	1	
1	14807	1	
1	3041	1	
1	19943	1	
1	10728	1	
1	18002	1	
1	11760	2	
1	505	1	
2	16904	1	
2	9227	1	
2	13838	1	
2	22032	1	
2	15890	1	
2	16302	1	
2	13849	1	
2	4635	1	
2	11292	1	
2	15903	1	
2	9767	2	
2	16434	1	
2	11444	1	
2	17163	1	
2	1604	1	
2	7607	1	
2	13389	2	
2	15439	1	
2	13398	1	
2	9816	2	
2	14427	1	
2	1118	1	
2	18528	1	
2	19555	1	
2	20585	1	
2	22124	1	
2	13933	1	
2	14448	1	
2	13937	1	
2	7288	1	
2	14970	1	
2	11392	1	
2	12427	1	
2	4238	1	
2	7823	2	
2	17041	1	
2	659	1	
2	11417	1	
2	15514	1	
2	7323	1	
2	9755	1	
2	9892	1	
2	13477	2	
2	10920	1	
2	10410	1	
2	4276	1	
2	1717	1	
2	12471	1	
2	13952	1	
2	20155	1	
2	19133	2	
2	14016	1	
2	22209	2	
2	10436	1	
2	21878	1	
2	22219	1	
2	11471	1	
2	18128	1	
2	721	1	
2	4306	1	
2	22232	1	
2	15065	1	
2	10972	1	
2	13022	1	
2	7903	1	
2	8421	1	
2	20690	1	
2	6895	1	
2	18162	1	
2	246	1	
2	14592	1	
2	5248	1	
2	16131	1	
2	7432	1	
2	17162	1	
2	3339	1	
2	4364	1	
2	17681	1	
2	18197	1	
2	8989	1	
2	3875	1	
2	1829	1	
2	2343	1	
2	15580	1	
2	11563	1	
2	5682	1	
2	21305	2	
2	18746	1	
2	8512	1	
2	20803	1	
2	17225	1	
2	12625	4	
2	5970	1	
2	10580	1	
2	14677	1	
2	4438	1	
2	5433	2	
2	22368	2	
2	22369	1	
2	1895	1	
2	12656	1	
2	13681	3	
2	19124	1	
2	13174	1	
2	12151	2	
2	15736	1	
2	12673	1	
2	18818	1	
2	10121	1	
2	3991	1	
2	20882	1	
2	19348	1	
2	14743	1	
2	6383	1	
2	12190	1	
2	8607	1	
2	20384	1	
2	15266	1	
2	16814	1	
2	16308	1	
2	7095	1	
2	1951	1	
2	19900	1	
2	12736	1	
2	16835	1	
2	21445	1	
2	13255	3	
2	11723	1	
2	15820	1	
2	15309	1	
2	13778	1	
2	8660	1	
2	20952	1	
2	4070	1	
2	7658	1	
2	16367	1	
2	11760	1	
2	15857	1	
2	4601	1	
2	13821	1	
3	12288	1	
3	8705	1	
3	19460	1	
3	22032	1	
3	17943	1	
3	13828	1	
3	17435	2	
3	9247	1	
3	3621	1	
3	11815	1	
3	7605	1	
3	3626	1	
3	15403	1	
3	3629	1	
3	16430	1	
3	8243	1	
3	13876	1	
3	7224	1	
3	13881	1	
3	12349	1	
3	13887	1	
3	12354	1	
3	15939	1	
3	1092	1	
3	13388	1	
3	15439	1	
3	15441	1	
3	21586	2	
3	15444	1	
3	13398	1	
3	599	1	
3	603	1	
3	8988	1	
3	1639	1	
3	4284	1	
3	9831	1	
3	11887	1	
3	13425	1	
3	6770	1	
3	9331	1	
3	14969	1	
3	20604	1	
3	13952	1	
3	15808	1	
3	15491	1	
3	13445	1	
3	646	1	
3	1163	1	
3	2706	1	
3	9875	2	
3	19607	1	
3	13466	1	
3	13467	1	
3	12446	1	
3	10096	1	
3	9755	1	
3	11429	1	
3	7558	1	
3	10920	1	
3	5801	1	
3	9901	1	
3	8989	1	
3	12465	1	
3	19124	1	
3	798	1	
3	3254	1	
3	22200	1	
3	15036	1	
3	19133	6	
3	20168	2	
3	9424	1	
3	17621	1	
3	20695	2	
3	6361	1	
3	17626	1	
3	7903	1	
3	7392	1	
3	7888	1	
3	8419	1	
3	19238	2	
3	11729	1	
3	17129	1	
3	12013	2	
3	12018	3	
3	4851	1	
3	8449	2	
3	4868	3	
3	1285	1	
3	14807	1	
3	19719	1	
3	12759	1	
3	12625	1	
3	10797	1	
3	17169	1	
3	4884	1	
3	18197	2	
3	7958	1	
3	8921	1	
3	1816	1	
3	19740	1	
3	797	1	
3	4382	1	
3	20255	1	
3	4385	1	
3	804	2	
3	3974	1	
3	20774	1	
3	15751	2	
3	1836	1	
3	7471	1	
3	10544	1	
3	990	1	
3	16694	1	
3	5433	1	
3	18746	1	
3	8511	1	
3	10464	3	
3	4418	1	
3	8502	1	
3	10636	1	
3	3408	1	
3	21841	1	
3	10467	1	
3	18772	1	
3	22357	1	
3	21305	6	
3	861	1	
3	8421	1	
3	22368	2	
3	22369	1	
3	2407	1	
3	3948	1	
3	6000	1	
3	16243	1	
3	1909	1	
3	12663	1	
3	12673	2	
3	15237	1	
3	902	1	
3	15239	1	
3	8855	1	
3	21388	1	
3	910	1	
3	10644	2	
3	3991	4	
3	3992	2	
3	7236	1	
3	10652	1	
3	15262	1	
3	13727	1	
3	15266	1	
3	20722	1	
3	15281	1	
3	5555	1	
3	7582	2	
3	7607	1	
3	11196	1	
3	4030	2	
3	22464	1	
3	18882	2	
3	13768	1	
3	15817	1	
3	9167	2	
3	7633	1	
3	7635	1	
3	4601	1	
3	18393	1	
3	9691	1	
3	16890	1	
3	6622	1	
3	19939	1	
3	10725	1	
3	13799	1	
3	7658	1	
3	16978	1	
3	16366	1	
3	11760	1	
3	15864	1	
3	9300	1	
3	4602	1	
3	6652	2	
3	5629	1	
3	14677	2	
4	12288	1	
4	4611	1	
4	12805	3	
4	19464	1	
4	11273	1	
4	11275	1	
4	4433	1	
4	4116	1	
4	14875	1	
4	9733	1	
4	34	1	
4	13863	1	
4	13357	1	
4	1076	1	
4	3652	3	
4	17484	2	
4	17485	2	
4	5199	2	
4	13398	1	
4	3159	1	
4	1626	3	
4	603	1	
4	15971	1	
4	19048	1	
4	15979	1	
4	10862	1	
4	1648	1	
4	13425	1	
4	3158	1	
4	2690	1	
4	13445	1	
4	15494	1	
4	1160	1	
4	11714	1	
4	655	1	
4	13969	1	
4	658	2	
4	14494	1	
4	2207	1	
4	4256	1	
4	8878	1	
4	17071	1	
4	10928	1	
4	16049	2	
4	19634	2	
4	19124	1	
4	5304	1	
4	11449	1	
4	3260	1	
4	19133	4	
4	5839	1	
4	5332	1	
4	20695	4	
4	5337	1	
4	5339	1	
4	13532	1	
4	21727	1	
4	4332	1	
4	14592	2	
4	4823	1	
4	19726	1	
4	3629	3	
4	21782	1	
4	2839	1	
4	2841	2	
4	11042	1	
4	292	1	
4	293	1	
4	19238	1	
4	299	1	
4	18222	1	
4	21305	4	
4	10044	1	
4	20798	1	
4	1504	1	
4	19787	2	
4	17231	1	
4	12625	2	
4	21842	1	
4	7514	1	
4	7516	1	
4	861	1	
4	22369	1	
4	1895	1	
4	19816	1	
4	9069	1	
4	12147	1	
4	6516	1	
4	1415	2	
4	15754	2	
4	20882	1	
4	5014	1	
4	3991	1	
4	13723	1	
4	12189	1	
4	20384	1	
4	4003	5	
4	18852	1	
4	12716	2	
4	16301	1	
4	2990	1	
4	15791	1	
4	10679	1	
4	13240	1	
4	14324	2	
4	16834	1	
4	13772	1	
4	1998	2	
4	9167	1	
4	18391	1	
4	12760	1	
4	6622	1	
4	11232	1	
4	7655	1	
4	17385	1	
4	15857	1	
4	8180	1	
5	12288	1	
5	1415	1	
5	12805	1	
5	7687	1	
5	19464	3	
5	13837	1	
5	22032	1	
5	17943	1	
5	14875	1	
5	1564	1	
5	16304	1	
5	8746	1	
5	3629	2	
5	1076	1	
5	19514	1	
5	12349	1	
5	12354	1	
5	3652	2	
5	12360	1	
5	591	2	
5	10833	1	
5	21586	2	
5	13727	1	
5	3157	1	
5	3159	2	
5	1626	3	
5	15971	1	
5	3182	1	
5	1141	1	
5	1662	1	
5	19583	1	
5	13445	1	
5	18566	1	
5	18455	1	
5	17041	1	
5	3220	1	
5	5798	1	
5	19626	1	
5	17067	1	
5	14509	1	
5	19634	1	
5	3254	1	
5	19133	5	
5	11461	1	
5	5331	1	
5	20695	3	
5	9167	2	
5	14049	1	
5	741	1	
5	743	1	
5	12013	1	
5	20724	1	
5	6399	1	
5	8449	1	
5	4867	1	
5	19721	1	
5	268	1	
5	21782	4	
5	2839	1	
5	2841	2	
5	14469	1	
5	11040	1	
5	293	1	
5	299	1	
5	2873	1	
5	4417	1	
5	13131	1	
5	17231	1	
5	4433	1	
5	15190	2	
5	21305	5	
5	16728	1	
5	7516	1	
5	22368	1	
5	19816	3	
5	20332	1	
5	12663	2	
5	903	1	
5	12189	3	
5	8607	1	
5	13730	1	
5	4003	3	
5	16804	1	
5	4524	2	
5	16301	1	
5	6064	1	
5	7752	1	
5	5051	1	
5	18876	3	
5	12746	1	
5	11723	1	
5	1997	1	
5	13775	1	
5	2000	1	
5	13778	1	
5	8660	1	
5	5199	2	
5	12768	1	
5	19939	3	
5	7655	1	
5	4081	1	
5	9204	1	
5	15869	1	
6	1280	1	
6	8449	2	
6	15874	1	
6	4867	1	
6	13445	1	
6	19718	1	
6	18055	1	
6	14473	1	
6	16778	1	
6	4496	1	
6	9420	1	
6	16686	1	
6	21782	1	
6	17943	2	
6	18073	1	
6	13772	1	
6	17692	1	
6	9887	1	
6	8487	1	
6	4521	2	
6	4524	1	
6	1138	1	
6	17070	1	
6	5551	1	
6	14387	1	
6	5304	1	
6	21305	1	
6	17339	1	
6	10300	1	
6	10557	1	
6	5822	1	
6	8268	1	
6	12746	1	
6	588	2	
6	13389	1	
6	17290	1	
6	5329	1	
6	4438	1	
6	20014	1	
6	14970	1	
6	17016	1	
6	8927	1	
6	22368	1	
6	6121	1	
6	16430	1	
6	19133	1	
6	626	1	
6	18174	1	
6	10814	1	
6	8568	1	
6	11904	1	
6	6652	1	
6	15869	1	
6	1918	1	
6	18965	1	
7	1547	1	
7	16131	1	
7	19588	1	
7	7686	1	
7	19464	1	
7	12076	1	
7	13963	1	
7	4418	1	
7	526	1	
7	9069	1	
7	22032	1	
7	10515	1	
7	22551	2	
7	13444	1	
7	19907	1	
7	13316	1	
7	15903	2	
7	20384	1	
7	15216	2	
7	7203	1	
7	19718	1	
7	13255	1	
7	22188	1	
7	20014	2	
7	14088	1	
7	19634	2	
7	4611	1	
7	18185	1	
7	5304	2	
7	5433	3	
7	9247	1	
7	8124	1	
7	3519	1	
7	22368	1	
7	8770	1	
7	2243	1	
7	15491	1	
7	12101	1	
7	12103	2	
7	13388	1	
7	13389	1	
7	12878	1	
7	17016	1	
7	11662	1	
7	9887	1	
7	11101	1	
7	8927	2	
7	18528	1	
7	10096	1	
7	18108	1	
7	3175	1	
7	19900	2	
7	5996	1	
7	21613	1	
7	494	1	
7	15856	2	
7	7410	1	
7	3060	1	
7	4597	1	
7	707	1	
7	4867	1	
7	5311	1	
