1	7584	1	
1	1163	1	
1	3876	1	
1	15845	1	
1	9702	1	
1	10225	1	
1	20284	1	
1	906	1	
1	17163	1	
1	4364	2	
1	8686	1	
1	12220	1	
1	9777	1	
1	20803	1	
1	20494	2	
1	22262	1	
1	13388	1	
1	13912	1	
1	11834	1	
1	19260	1	
1	10206	1	
2	897	1	
2	18818	1	
2	4868	1	
2	2309	1	
2	1163	1	
2	20877	1	
2	17424	1	
2	6801	1	
2	8086	1	
2	3332	1	
2	22557	1	
2	11806	1	
2	2596	1	
2	12202	1	
2	8236	1	
2	21295	1	
2	7218	1	
2	6964	1	
2	12734	1	
2	12746	2	
2	13516	1	
2	20817	1	
2	20260	1	
2	2394	1	
2	20973	1	
2	20463	1	
2	10737	1	
2	15986	1	
2	1141	1	
2	22262	1	
2	5246	1	
3	897	2	
3	11394	1	
3	3332	2	
3	9729	1	
3	1163	1	
3	20882	1	
3	19	1	
3	8184	1	
3	8214	1	
3	21295	2	
3	22557	2	
3	17952	1	
3	15266	1	
3	9755	1	
3	1706	1	
3	8236	3	
3	5551	1	
3	12471	1	
3	8378	1	
3	5565	1	
3	20159	1	
3	8641	1	
3	12354	1	
3	3907	1	
3	4038	1	
3	17996	1	
3	20429	2	
3	4046	1	
3	19409	1	
3	9945	2	
3	10972	1	
3	1501	1	
3	15971	1	
3	7396	1	
3	12390	1	
3	20177	1	
3	104	1	
3	4590	1	
3	13937	1	
3	11635	1	
3	1141	1	
3	13558	1	
3	2552	1	
3	21311	1	
3	9237	1	
4	9729	1	
4	19243	1	
4	11969	1	
4	7182	1	
4	1163	1	
4	17806	1	
4	16017	1	
4	1044	1	
4	19231	1	
4	17968	1	
4	547	1	
4	5800	1	
4	22442	1	
4	22571	1	
4	21295	1	
4	16048	1	
4	2873	1	
4	18746	1	
4	18975	1	
4	21311	2	
4	6848	1	
4	8641	1	
4	22133	1	
4	12747	1	
4	13516	1	
4	13901	1	
4	206	1	
4	19408	1	
4	11603	1	
4	14677	1	
4	3641	1	
4	10972	1	
4	2271	2	
4	21347	1	
4	7396	1	
4	2918	1	
4	12390	2	
4	21613	2	
4	20463	2	
4	7153	1	
4	9458	1	
4	12659	1	
4	14325	1	
4	21878	1	
4	12280	1	
4	3626	1	
4	18046	2	
5	5638	1	
5	6664	1	
5	14988	1	
5	16272	1	
5	11283	1	
5	7471	1	
5	4764	1	
5	3113	1	
5	22442	2	
5	8749	1	
5	21295	1	
5	19124	3	
5	11708	1	
5	21311	1	
5	20427	1	
5	21586	1	
5	21847	1	
5	15704	1	
5	10972	1	
5	7776	1	
5	4067	1	
5	18046	1	
5	4217	1	
5	12670	1	
6	8641	1	
6	4868	1	
6	1669	1	
6	16775	1	
6	17163	1	
6	15119	2	
6	17424	1	
6	13331	1	
6	19476	1	
6	17688	1	
6	9034	1	
6	9247	1	
6	6568	1	
6	3113	1	
6	22442	1	
6	15404	1	
6	3629	1	
6	17070	1	
6	10927	1	
6	12081	1	
6	13490	1	
6	11318	1	
6	8375	1	
6	8180	1	
6	19131	1	
6	1213	1	
6	7776	1	
6	395	1	
6	69	1	
6	4038	1	
6	200	1	
6	13514	2	
6	13388	2	
6	20813	1	
6	1361	1	
6	13398	1	
6	9047	1	
6	9816	1	
6	15705	1	
6	602	1	
6	18267	4	
6	10975	1	
6	10720	1	
6	22500	1	
6	7655	1	
6	7401	1	
6	13681	2	
6	10484	1	
6	1141	1	
6	14714	1	
6	5755	1	
6	6652	1	
6	7520	1	
6	19070	1	
6	3711	1	
7	22443	1	
7	14725	1	
7	9606	1	
7	13249	1	
7	7180	1	
7	6036	1	
7	9241	1	
7	19396	1	
7	22557	1	
7	15266	1	
7	3364	1	
7	5797	1	
7	20519	1	
7	5800	1	
7	9702	1	
7	11946	1	
7	6571	1	
7	12716	1	
7	19375	1	
7	432	1	
7	16177	1	
7	10034	1	
7	13748	1	
7	13243	1	
7	12878	1	
7	12993	1	
7	11714	1	
7	9038	1	
7	3141	1	
7	20297	1	
7	13514	2	
7	12663	1	
7	13388	1	
7	4942	1	
7	2003	1	
7	22229	1	
7	20900	1	
7	19676	1	
7	2918	1	
7	12390	1	
7	5736	1	
7	13884	1	
7	12906	1	
7	11887	1	
7	12151	1	
7	758	1	
7	11511	1	
7	12664	1	
7	4601	1	
7	18559	1	
8	14592	1	
8	11394	1	
8	14725	3	
8	19208	1	
8	6283	1	
8	13388	1	
8	9617	1	
8	3858	1	
8	4035	2	
8	15128	1	
8	9247	1	
8	20384	1	
8	2085	1	
8	20519	2	
8	13490	1	
8	15666	1	
8	1029	1	
8	5565	1	
8	5054	1	
8	21311	1	
8	6976	1	
8	2243	1	
8	13516	1	
8	6732	1	
8	20177	1	
8	20695	1	
8	2265	1	
8	18528	1	
8	22032	1	
8	19939	1	
8	2278	1	
8	8685	1	
8	10360	1	
8	17151	1	
9	8961	1	
9	7659	1	
9	14725	2	
9	9729	1	
9	7560	1	
9	5207	1	
9	19347	1	
9	16795	1	
9	18080	1	
9	20519	1	
9	4396	1	
9	8752	1	
9	16562	1	
9	1076	1	
9	18872	1	
9	3060	1	
9	1340	1	
9	19133	1	
9	5311	1	
9	13249	2	
9	12354	1	
9	19396	1	
9	4303	1	
9	11600	1	
9	21586	1	
9	21305	1	
9	22232	1	
9	9167	2	
9	10206	1	
9	15971	1	
9	743	1	
9	9212	1	
9	15851	1	
9	15982	1	
9	6511	1	
9	22387	1	
9	1140	1	
9	12153	3	
9	17148	1	
9	17150	1	
9	9727	1	
10	14592	1	
10	3201	1	
10	20075	1	
10	13316	1	
10	1670	1	
10	11790	2	
10	3943	1	
10	4884	1	
10	12055	1	
10	19740	1	
10	22181	1	
10	12081	1	
10	18866	2	
10	3386	1	
10	22464	2	
10	11714	1	
10	20429	1	
10	11600	1	
10	9554	1	
10	14677	3	
10	11992	1	
10	2407	1	
10	3562	1	
10	7911	1	
10	8556	1	
10	1141	2	
10	3958	1	
11	1664	1	
11	22144	1	
11	14595	1	
11	4868	1	
11	7432	1	
11	4364	1	
11	21902	1	
11	17197	1	
11	4867	1	
11	7854	1	
11	11806	1	
11	10019	1	
11	10407	1	
11	13356	1	
11	8237	1	
11	2990	1	
11	21295	1	
11	18866	2	
11	1716	1	
11	7735	1	
11	6715	1	
11	4034	1	
11	20547	1	
11	13516	1	
11	21838	1	
11	1747	1	
11	11790	2	
11	13398	1	
11	4239	1	
11	2273	1	
11	16998	1	
11	9831	1	
11	22121	1	
11	9069	1	
11	11632	1	
11	881	1	
11	18674	1	
11	1140	1	
11	1141	1	
11	18042	1	
12	19072	1	
12	12993	1	
12	22026	1	
12	5398	1	
12	13592	1	
12	11969	1	
12	18851	1	
12	18852	1	
12	22442	1	
12	20780	1	
12	3258	2	
12	8641	1	
12	4034	1	
12	4035	1	
12	21444	1	
12	13514	1	
12	13398	1	
12	13914	1	
12	1118	1	
12	12390	1	
12	2407	1	
12	11242	1	
12	1140	1	
12	8568	1	
12	11946	1	
13	13316	1	
13	7432	3	
13	7433	1	
13	7434	1	
13	16268	1	
13	15117	2	
13	11790	1	
13	4884	2	
13	22551	2	
13	16308	1	
13	21305	1	
13	8636	2	
13	19133	1	
13	8641	1	
13	11714	1	
13	20813	1	
13	11600	1	
13	10972	3	
13	4317	1	
13	9831	1	
13	18282	1	
13	18283	1	
13	8684	1	
13	16957	1	
13	19959	1	
13	8568	1	
13	21908	1	
13	1147	1	
14	1664	1	
14	18049	1	
14	4011	1	
14	21221	1	
14	9606	1	
14	9072	1	
14	22376	1	
14	22186	1	
14	20843	1	
14	13516	1	
14	846	1	
14	4591	1	
14	3760	1	
14	22418	1	
14	19348	1	
14	14677	1	
14	13398	2	
14	10452	1	
14	18746	1	
14	5375	1	
14	22181	1	
15	14081	1	
15	2307	1	
15	6406	1	
15	17162	1	
15	16911	1	
15	5264	1	
15	19348	1	
15	8731	1	
15	9244	1	
15	9247	1	
15	8992	1	
15	15266	1	
15	9606	1	
15	4007	1	
15	5928	1	
15	22442	3	
15	17842	1	
15	1710	1	
15	12081	1	
15	15666	1	
15	8118	1	
15	7736	1	
15	21305	2	
15	14751	1	
15	18496	1	
15	8641	1	
15	15170	1	
15	9924	1	
15	6473	1	
15	13516	1	
15	8143	1	
15	11218	1	
15	11603	1	
15	14677	1	
15	13398	3	
15	5207	1	
15	21723	1	
15	7903	1	
15	7776	1	
15	7952	1	
15	10854	1	
15	12390	1	
15	2407	1	
15	22121	1	
15	20330	1	
15	21617	1	
15	1140	1	
15	13950	1	
15	6775	1	
15	8184	1	
15	21933	1	
15	4602	1	
15	18046	4	
15	15615	1	
16	14592	1	
16	2500	1	
16	22442	1	
16	9035	1	
16	13388	1	
16	12081	1	
16	1141	1	
16	15288	1	
16	9146	1	
16	13755	1	
16	18046	2	
16	13493	2	
17	8641	1	
17	12390	1	
17	11969	1	
17	22442	2	
17	7182	1	
17	12656	1	
17	8338	1	
17	20915	1	
17	12746	1	
17	18046	2	
18	11969	1	
18	20519	1	
18	10408	1	
18	22442	1	
18	20427	1	
18	21586	1	
18	9167	1	
18	3408	1	
18	4881	1	
18	3058	1	
18	20851	1	
18	1844	1	
18	1141	1	
18	7095	1	
18	4601	1	
18	18746	1	
18	797	1	
19	9729	1	
19	3331	1	
19	9606	1	
19	19628	1	
19	14605	1	
19	22030	1	
19	2063	1	
19	20882	1	
19	13459	1	
19	15508	1	
19	8341	1	
19	3735	1	
19	18847	1	
19	21411	1	
19	2596	1	
19	19749	1	
19	8744	1	
19	22442	1	
19	22188	1	
19	15666	1	
19	2990	1	
19	12848	1	
19	21170	1	
19	6458	1	
19	15035	1	
19	15808	1	
19	8641	1	
19	2273	1	
19	13388	1	
19	5450	1	
19	6732	1	
19	9167	1	
19	9170	1	
19	12503	1	
19	7055	1	
19	18746	1	
19	21601	1	
19	21605	1	
19	22119	1	
19	19050	1	
19	18975	1	
19	5356	1	
19	17490	1	
19	4719	1	
19	11632	1	
19	11511	1	
19	14584	1	
19	916	1	
19	22421	1	
20	18179	1	
20	18181	1	
20	22024	2	
20	11862	1	
20	11281	1	
20	9241	1	
20	12570	1	
20	15262	1	
20	11808	1	
20	12848	1	
20	3626	1	
20	13490	1	
20	10927	1	
20	432	1	
20	12081	1	
20	15666	1	
20	13388	1	
20	4941	1	
20	2513	1	
20	19540	1	
20	14677	1	
20	4310	1	
20	7001	1	
20	2911	1	
20	2528	1	
20	13412	1	
20	12390	1	
20	2918	1	
20	19434	1	
21	19847	1	
21	1672	1	
21	16017	1	
21	8344	1	
21	15775	1	
21	15266	1	
21	11555	1	
21	19755	1	
21	8236	1	
21	7982	1	
21	9529	1	
21	18746	2	
21	13255	1	
21	13388	1	
21	4941	1	
21	9167	1	
21	20177	1	
21	9043	1	
21	14677	1	
21	9047	1	
21	19002	1	
21	21617	1	
21	22133	1	
21	17399	1	
22	8976	1	
22	11414	1	
22	5793	1	
22	859	1	
22	3369	2	
22	17066	1	
22	8747	1	
22	7471	1	
22	12471	1	
22	7903	1	
22	8641	1	
22	12354	1	
22	460	1	
22	1099	1	
22	8908	1	
22	13389	1	
22	4945	1	
22	11992	1	
22	15451	1	
22	8543	1	
22	9069	1	
22	20463	1	
22	1141	1	
23	6790	1	
23	6155	1	
23	12567	1	
23	1818	1	
23	8751	1	
23	11549	1	
23	18596	1	
23	4998	1	
23	12081	1	
23	15660	1	
23	19246	1	
23	7471	1	
23	3633	1	
23	12354	1	
23	3524	1	
23	13389	1	
23	15773	3	
23	7204	1	
23	2271	2	
23	12897	1	
23	11748	1	
23	2407	1	
23	6760	1	
23	5867	1	
23	1141	2	
23	14969	1	
24	3201	1	
24	15491	1	
24	4868	1	
24	6791	1	
24	7055	1	
24	15107	1	
24	5524	1	
24	15773	3	
24	931	1	
24	10407	1	
24	16682	1	
24	15660	1	
24	5687	1	
24	2237	1	
24	12354	1	
24	13516	2	
24	17485	1	
24	6361	1	
24	2782	1	
24	5863	1	
24	4647	1	
24	1140	1	
24	4986	1	
24	19582	1	
25	10560	1	
25	13808	1	
25	16834	1	
25	3075	1	
25	12354	1	
25	21957	1	
25	17424	1	
25	22086	1	
25	20285	1	
25	7471	1	
25	6864	1	
25	4946	1	
25	1619	1	
25	9816	1	
25	13979	1	
25	15773	3	
25	19718	1	
25	549	1	
26	20000	2	
26	8236	1	
26	20304	1	
26	6741	1	
26	11511	1	
26	9244	1	
26	2173	1	
27	12800	1	
27	11969	1	
27	13979	1	
27	1526	1	
27	15772	1	
27	7148	1	
27	13389	1	
27	592	1	
27	16017	1	
27	19476	1	
27	10262	1	
27	22167	1	
27	5816	1	
27	1147	2	
27	13532	1	
27	13950	1	
27	18911	1	
28	22464	1	
28	2814	1	
28	15117	1	
28	13452	1	
28	12333	1	
28	13389	1	
28	20463	1	
28	16432	1	
28	7710	1	
28	1526	1	
28	11992	1	
28	20303	1	
28	9244	1	
28	2173	1	
28	12350	1	
28	6741	1	
29	13316	2	
29	19854	1	
29	1069	1	
29	2064	2	
29	19348	1	
29	8341	1	
29	7556	1	
29	13979	1	
29	11164	1	
29	5150	1	
29	4635	1	
29	20519	1	
29	18472	1	
29	3627	1	
29	8236	1	
29	8749	1	
29	20014	1	
29	7471	2	
29	16850	1	
29	4533	1	
29	9398	1	
29	11832	1	
29	13242	2	
29	7870	1	
29	19519	1	
29	6732	1	
29	15809	1	
29	14530	1	
29	2990	1	
29	15432	1	
29	13129	1	
29	13388	1	
29	6989	1	
29	4303	1	
29	4306	1	
29	2899	2	
29	6741	3	
29	8026	1	
29	16379	2	
29	9069	1	
29	8556	1	
29	21613	1	
29	20078	1	
29	20463	1	
29	15344	1	
29	11603	1	
29	1141	2	
29	11511	1	
29	4601	1	
29	4602	1	
29	5755	1	
29	18046	1	
30	12288	1	
30	19072	1	
30	8195	1	
30	18182	1	
30	9296	1	
30	2348	1	
30	395	1	
30	4364	1	
30	10898	1	
30	4960	1	
30	15508	1	
30	19093	1	
30	8342	1	
30	15512	1	
30	1947	1	
30	8605	1	
30	15903	1	
30	11632	1	
30	5155	1	
30	5638	1	
30	20010	1	
30	22188	1	
30	1074	1	
30	2990	2	
30	16175	1	
30	15664	1	
30	5554	1	
30	4533	1	
30	14751	1	
30	1141	1	
30	15808	1	
30	22368	1	
30	8771	1	
30	7236	1	
30	13516	1	
30	13388	2	
30	20301	1	
30	4303	1	
30	4944	1	
30	9684	1	
30	10709	1	
30	15578	1	
30	1743	1	
30	16732	1	
30	11514	1	
30	12510	1	
30	18911	1	
30	21984	1	
30	592	1	
30	20547	1	
30	9050	1	
30	9606	1	
30	19050	1	
30	10096	1	
30	21617	1	
30	11381	1	
30	4602	2	
30	16379	1	
30	16252	1	
30	10365	1	
30	20095	1	
31	10499	1	
31	9606	1	
31	6791	1	
31	10890	1	
31	13078	1	
31	22423	1	
31	19363	1	
31	18596	1	
31	16680	1	
31	15660	1	
31	5552	1	
31	15666	1	
31	11832	1	
31	19900	1	
31	15808	1	
31	11638	1	
31	13389	1	
31	1743	1	
31	20047	1	
31	16479	1	
31	8421	1	
31	12390	1	
31	5867	1	
31	15855	1	
31	2289	1	
31	1141	1	
31	1526	1	
31	4602	1	
32	9475	1	
32	22423	1	
32	4364	1	
32	6414	1	
32	13079	1	
32	10264	1	
32	21403	1	
32	15773	1	
32	15006	1	
32	16543	1	
32	21295	1	
32	21161	1	
32	18222	1	
32	22557	1	
32	15036	1	
32	19133	1	
32	5567	1	
32	3395	1	
32	200	1	
32	588	1	
32	205	1	
32	19926	1	
32	12888	1	
32	2020	1	
32	21980	1	
32	18013	1	
32	21727	1	
32	7780	1	
32	19900	1	
32	9840	1	
32	4081	1	
32	4329	1	
32	10360	1	
32	1147	1	
32	12927	1	
33	12770	1	
33	4868	1	
33	18885	1	
33	20649	3	
33	9580	1	
33	4589	1	
33	16430	1	
33	15119	1	
33	12495	1	
33	13516	1	
33	13078	1	
33	21912	1	
33	4602	1	
33	16799	1	
33	4090	1	
33	9247	2	
34	9863	1	
34	7952	1	
34	22557	1	
34	15262	1	
34	6822	1	
34	10025	1	
34	16135	1	
34	2348	1	
34	18736	1	
34	3633	1	
34	20659	1	
34	12341	1	
34	12471	1	
34	5951	1	
34	11969	1	
34	13388	1	
34	11726	1	
34	14584	1	
34	19411	1	
34	9047	1	
34	15704	1	
34	8026	1	
34	3171	1	
34	19238	1	
34	20330	1	
34	7147	1	
34	18030	1	
34	15864	1	
34	11898	1	
34	1147	1	
34	13950	1	
35	18049	1	
35	18959	1	
35	17424	1	
35	22418	1	
35	22551	1	
35	17435	1	
35	15262	1	
35	11684	1	
35	13481	1	
35	13357	1	
35	3636	1	
35	15160	1	
35	7104	1	
35	21957	1	
35	6868	1	
35	15704	1	
35	22032	1	
35	12390	1	
35	2154	1	
35	21227	1	
35	6509	1	
35	11760	2	
35	2673	1	
35	1140	1	
35	2166	1	
35	10103	1	
35	1147	1	
36	11969	2	
36	20260	1	
36	6760	1	
36	9034	1	
36	7182	1	
36	16017	1	
36	1141	1	
36	10262	1	
36	10041	1	
37	11808	1	
37	20271	1	
37	13316	1	
37	9167	1	
37	6760	1	
37	20427	1	
37	13388	3	
37	7471	1	
37	10035	2	
37	11348	1	
37	17688	1	
37	3524	1	
37	2394	1	
37	15855	1	
37	8636	1	
37	2271	1	
38	9606	2	
38	7560	1	
38	8236	1	
38	13460	1	
38	22551	1	
38	22557	1	
38	11808	2	
38	15660	1	
38	1069	1	
38	16430	1	
38	7471	1	
38	15664	1	
38	15423	1	
38	2243	1	
38	3528	1	
38	13516	1	
38	2001	1	
38	17490	1	
38	7637	1	
38	12888	1	
38	17881	1	
38	19420	1	
38	19060	1	
38	632	1	
38	1919	1	
39	7937	1	
39	9606	2	
39	13452	2	
39	12816	1	
39	18194	1	
39	917	1	
39	19096	1	
39	22557	2	
39	15903	2	
39	15522	1	
39	10972	1	
39	9261	1	
39	3888	2	
39	12209	2	
39	7732	1	
39	15548	1	
39	11974	1	
39	12103	1	
39	13516	2	
39	17997	1	
39	17870	1	
39	1743	1	
39	17872	2	
39	9170	2	
39	9684	1	
39	15704	1	
39	17881	3	
39	20571	1	
39	19420	3	
39	19422	1	
39	18911	2	
39	20028	1	
39	7533	1	
39	5742	1	
39	15855	2	
39	11633	1	
39	3318	2	
39	20692	1	
39	4604	1	
39	10365	1	
40	12704	1	
40	9550	1	
40	549	1	
40	6758	1	
40	9543	1	
40	9034	1	
40	2407	1	
40	17070	1	
40	9172	1	
40	14677	3	
40	12580	1	
40	827	1	
41	3201	1	
41	4868	1	
41	19718	1	
41	6153	1	
41	6155	1	
41	3097	1	
41	12700	2	
41	16680	1	
41	1412	1	
41	15660	1	
41	1074	1	
41	5897	1	
41	11708	1	
41	12350	1	
41	19394	1	
41	17093	1	
41	9543	1	
41	13516	1	
41	11603	1	
41	20692	1	
41	14677	1	
41	9558	1	
41	20570	1	
41	741	1	
41	6760	1	
41	5610	1	
41	15855	2	
41	3318	1	
41	632	1	
42	3318	1	
42	3171	1	
42	12758	2	
42	9606	1	
42	9543	1	
42	3528	1	
42	22442	1	
42	18191	1	
42	17872	1	
42	15160	1	
42	12081	1	
42	3633	1	
42	10262	1	
42	855	1	
42	4038	1	
42	10360	1	
42	10043	1	
42	7937	1	
42	10269	1	
42	17253	1	
43	8193	1	
43	19204	2	
43	9606	1	
43	14985	1	
43	15117	1	
43	21263	1	
43	22418	2	
43	12821	2	
43	2327	1	
43	16159	1	
43	20256	1	
43	17066	1	
43	8236	1	
43	13486	1	
43	15664	2	
43	17202	1	
43	18485	1	
43	2271	1	
43	19777	1	
43	7236	1	
43	3318	1	
43	4038	2	
43	9543	1	
43	15817	1	
43	20427	1	
43	13516	2	
43	20429	1	
43	9550	1	
43	2770	1	
43	14677	1	
43	15574	1	
43	13912	1	
43	14559	1	
43	16481	1	
43	19938	1	
43	7867	1	
43	21604	1	
43	12390	1	
43	6758	1	
43	5863	1	
43	5867	1	
43	18030	1	
43	9839	1	
43	9458	1	
43	3626	1	
43	1526	3	
43	12151	1	
43	3321	1	
43	17788	1	
43	2173	1	
43	13950	1	
43	7637	1	
44	13316	1	
44	6790	1	
44	13453	1	
44	17424	1	
44	19346	1	
44	9895	2	
44	3626	1	
44	3627	1	
44	7471	1	
44	15664	1	
44	9777	1	
44	1076	1	
44	12354	1	
44	3395	1	
44	4038	1	
44	9035	1	
44	18909	1	
44	10206	1	
44	21604	1	
44	18022	1	
44	5867	1	
44	15981	1	
44	5623	1	
44	2173	1	
44	8062	1	
45	7104	1	
45	11760	1	
45	17890	1	
45	9606	1	
45	4647	1	
45	20044	1	
45	16430	1	
45	15664	1	
45	12110	1	
45	13078	1	
45	6263	1	
45	20569	1	
45	4986	1	
45	2394	1	
45	15994	1	
45	13887	1	
46	9729	1	
46	18818	1	
46	15491	1	
46	13316	2	
46	1285	1	
46	6790	1	
46	6791	1	
46	21898	1	
46	4364	1	
46	17806	1	
46	8722	1	
46	3331	1	
46	5524	1	
46	14485	1	
46	7702	1	
46	12567	1	
46	4511	1	
46	17968	1	
46	22181	1	
46	13516	1	
46	14377	1	
46	3626	1	
46	12871	1	
46	18874	1	
46	9647	1	
46	16432	1	
46	17974	1	
46	15817	1	
46	5306	1	
46	18975	1	
46	3260	1	
46	2237	2	
46	12354	1	
46	14148	1	
46	14725	1	
46	4423	1	
46	588	1	
46	13388	1	
46	13389	2	
46	4942	1	
46	20303	1	
46	15574	1	
46	13532	1	
46	11834	1	
46	14435	1	
46	7396	1	
46	2407	1	
46	19816	1	
46	22121	1	
46	6119	1	
46	9180	1	
46	19133	1	
46	4871	1	
46	20456	1	
46	7154	1	
46	1140	2	
46	13950	1	
46	1705	1	
46	4986	2	
46	11708	1	
46	18686	1	
47	12288	1	
47	20610	1	
47	15491	1	
47	13316	1	
47	6790	2	
47	13453	1	
47	16783	1	
47	19346	1	
47	19204	1	
47	11806	1	
47	8993	1	
47	15266	1	
47	931	1	
47	11686	2	
47	4647	2	
47	15144	2	
47	3626	1	
47	13255	1	
47	8236	1	
47	3701	1	
47	15664	1	
47	15541	1	
47	11835	1	
47	2237	1	
47	19519	1	
47	17093	1	
47	16481	2	
47	4552	1	
47	9420	1	
47	22091	1	
47	13516	1	
47	17485	1	
47	22100	1	
47	17621	1	
47	17494	1	
47	10407	1	
47	10078	1	
47	22368	1	
47	9697	1	
47	9451	1	
47	15855	1	
47	18046	1	
47	1526	1	
47	14973	2	
47	13950	1	
47	22229	1	
48	18818	1	
48	22282	1	
48	4290	1	
48	13070	1	
48	15251	1	
48	6934	1	
48	10012	1	
48	9887	1	
48	19361	1	
48	21492	1	
48	2235	1	
48	2442	1	
48	3134	1	
48	12354	1	
48	17485	1	
48	15441	1	
48	1619	1	
48	13404	1	
48	22113	1	
48	17890	1	
48	22245	1	
48	9831	1	
48	2237	2	
48	3058	1	
48	1140	1	
49	13316	1	
49	9606	1	
49	14473	1	
49	13452	1	
49	7182	1	
49	2834	1	
49	21316	1	
49	9244	1	
49	15773	1	
49	16416	1	
49	13858	1	
49	7204	1	
49	549	1	
49	3762	1	
49	16430	1	
49	8669	1	
49	15664	1	
49	15666	1	
49	1076	1	
49	12089	1	
49	14532	1	
49	13388	1	
49	13389	1	
49	11603	1	
49	22100	1	
49	9816	1	
49	10076	1	
49	15709	1	
49	17890	1	
49	19716	1	
49	1639	1	
49	21097	1	
49	5863	1	
49	4947	1	
49	8569	1	
49	2173	1	
49	5246	1	
49	7039	2	
50	5120	1	
50	6787	1	
50	13316	1	
50	18181	1	
50	267	1	
50	13078	1	
50	3332	1	
50	6938	1	
50	7584	1	
50	20002	1	
50	16938	1	
50	12716	1	
50	2997	1	
50	2745	1	
50	17333	1	
50	7236	1	
50	22086	1	
50	9035	1	
50	19405	2	
50	592	1	
50	22229	1	
50	17117	1	
50	6864	1	
50	9831	1	
50	9069	2	
50	6774	1	
50	8568	1	
50	16252	1	
51	11714	1	
51	2407	1	
51	12354	1	
51	16998	1	
51	22086	1	
51	9069	2	
51	1067	1	
51	13516	1	
51	13389	1	
51	18818	1	
51	17807	1	
51	6736	1	
51	14993	1	
51	15666	1	
51	6867	1	
51	22551	2	
51	12888	1	
51	10927	1	
52	19460	1	
52	13445	1	
52	10890	1	
52	11791	1	
52	21136	1	
52	19523	1	
52	7451	1	
52	19740	1	
52	15773	2	
52	5919	1	
52	11821	1	
52	6830	1	
52	6831	1	
52	3888	1	
52	9526	1	
52	22455	1	
52	19133	1	
52	2243	1	
52	21957	1	
52	12360	1	
52	14677	1	
52	15448	1	
52	2394	1	
52	9069	1	
52	16625	1	
52	632	1	
52	11771	1	
52	4605	1	
52	6014	1	
53	17665	1	
53	3073	1	
53	18185	1	
53	1163	1	
53	18904	1	
53	22418	1	
53	15278	1	
53	22551	3	
53	22557	1	
53	9886	1	
53	15903	1	
53	15451	1	
53	22571	1	
53	8749	1	
53	18990	1	
53	3375	1	
53	12471	4	
53	21305	1	
53	9887	1	
53	13884	1	
53	19133	1	
53	11714	1	
53	20429	1	
53	22094	1	
53	11600	1	
53	9425	1	
53	13113	1	
53	15448	1	
53	13915	1	
53	22175	1	
53	22245	1	
53	9702	1	
53	8684	1	
53	13117	1	
53	18289	1	
53	8184	1	
54	9472	1	
54	1281	1	
54	4868	1	
54	3073	1	
54	17928	1	
54	8320	1	
54	22421	1	
54	11672	2	
54	9241	1	
54	14624	1	
54	4901	1	
54	12076	1	
54	7085	1	
54	13744	1	
54	12081	1	
54	21687	1	
54	11708	1	
54	22464	2	
54	18759	1	
54	12746	1	
54	19019	1	
54	17484	1	
54	1229	1	
54	3283	1	
54	2918	1	
54	2150	1	
54	9704	1	
54	21995	1	
54	3054	1	
54	2673	1	
55	12288	1	
55	16131	1	
55	4868	1	
55	8325	1	
55	11969	1	
55	18314	1	
55	8720	1	
55	11665	1	
55	4884	1	
55	11672	1	
55	6568	3	
55	22442	1	
55	22188	1	
55	17197	1	
55	433	2	
55	15028	1	
55	3255	1	
55	2911	1	
55	8636	1	
55	9791	1	
55	13249	1	
55	3528	1	
55	13388	1	
55	12746	1	
55	9036	1	
55	9046	1	
55	4831	1	
55	8417	1	
55	12390	1	
55	3943	1	
55	2407	1	
55	4589	1	
55	20463	1	
55	4392	1	
55	22386	1	
55	14969	1	
56	1281	1	
56	11590	1	
56	18282	1	
56	13516	1	
56	14509	1	
56	3887	1	
56	14800	1	
56	16852	1	
56	1141	1	
56	17846	1	
56	15448	1	
56	1140	1	
56	9839	1	
56	21898	1	
57	19204	1	
57	18181	1	
57	7313	1	
57	17814	1	
57	2328	1	
57	18212	1	
57	22442	1	
57	8236	2	
57	7471	2	
57	1076	1	
57	22202	1	
57	13243	1	
57	10684	1	
57	13516	1	
57	9294	1	
57	7634	1	
57	3796	1	
57	14677	1	
57	15448	1	
57	14944	1	
57	22119	1	
57	19819	1	
57	21613	1	
58	20739	1	
58	13316	1	
58	11787	1	
58	8749	1	
58	13459	1	
58	11029	1	
58	3332	1	
58	20463	1	
58	9244	1	
58	17968	1	
58	20260	1	
58	17197	1	
58	21295	2	
58	7216	1	
58	19124	1	
58	8636	1	
58	1216	1	
58	8906	1	
58	18267	1	
58	9831	1	
58	21613	1	
58	14703	1	
58	14448	1	
59	2273	1	
59	19396	1	
59	1099	1	
59	7180	1	
59	9038	1	
59	22295	1	
59	18267	1	
59	7903	1	
59	11511	1	
