1	4364	2	
1	8079	1	
1	22418	1	
1	19347	1	
1	13979	1	
1	18460	2	
1	7584	1	
1	11946	1	
1	3629	1	
1	306	1	
1	13113	1	
1	2271	1	
1	21308	1	
1	12734	1	
1	1269	1	
1	13252	2	
1	15448	1	
1	18905	1	
1	15709	1	
1	2911	1	
1	15971	1	
1	2407	1	
1	21613	1	
1	18030	1	
1	13937	1	
1	1140	1	
1	4725	1	
1	2173	1	
2	5888	1	
2	1281	2	
2	4650	1	
2	13316	1	
2	9729	1	
2	7084	1	
2	21898	1	
2	13069	1	
2	21613	1	
2	16	1	
2	17041	1	
2	19347	1	
2	22551	1	
2	14744	1	
2	17435	1	
2	5916	1	
2	8989	1	
2	20384	1	
2	16417	1	
2	15266	1	
2	15268	1	
2	19238	1	
2	9244	1	
2	11946	1	
2	12716	1	
2	7854	1	
2	22442	1	
2	16049	1	
2	15199	1	
2	8636	2	
2	5309	1	
2	16373	1	
2	11969	1	
2	1099	1	
2	6732	1	
2	20427	1	
2	13388	2	
2	9038	1	
2	9167	1	
2	3280	1	
2	21586	1	
2	12878	1	
2	4881	1	
2	13912	1	
2	11791	1	
2	8543	1	
2	16224	1	
2	12390	1	
2	9873	1	
2	20329	1	
2	18540	1	
2	9069	1	
2	15855	1	
2	9072	1	
2	13937	1	
2	13182	1	
2	2166	1	
2	3369	1	
2	8568	2	
2	4601	1	
2	3370	1	
2	17790	1	
2	14677	1	
3	9728	1	
3	11008	2	
3	6152	1	
3	11791	1	
3	22032	1	
3	14680	1	
3	11807	1	
3	3113	1	
3	22571	1	
3	1068	1	
3	14386	1	
3	1076	1	
3	3125	1	
3	15199	1	
3	1607	1	
3	1610	1	
3	13388	1	
3	10939	1	
3	12390	1	
3	21613	1	
3	14448	2	
3	13937	1	
3	11894	1	
3	5758	1	
3	5764	1	
3	6790	1	
3	21652	1	
3	21152	1	
3	20129	1	
3	7332	1	
3	12967	1	
3	3245	1	
3	5806	1	
3	21104	1	
3	9247	1	
3	4831	1	
3	19173	1	
3	1257	1	
3	18046	1	
3	17657	1	
3	11514	1	
3	17148	1	
3	14592	3	
3	2307	1	
3	15620	1	
3	12558	1	
3	17169	1	
3	16662	1	
3	1818	1	
3	17183	1	
3	7463	1	
3	6441	1	
3	22339	1	
3	2375	1	
3	328	1	
3	4941	1	
3	11600	1	
3	18776	1	
3	4441	1	
3	8026	1	
3	8028	1	
3	2911	1	
3	16224	1	
3	19810	1	
3	15209	1	
3	881	1	
3	15735	1	
3	13182	1	
3	907	1	
3	9614	1	
3	16272	1	
3	15770	1	
3	20384	1	
3	15266	1	
3	22442	3	
3	2475	1	
3	15279	1	
3	21433	1	
3	4035	1	
3	16838	1	
3	20427	1	
3	13778	1	
3	11749	1	
3	12778	1	
3	16373	1	
3	3064	1	
3	17919	1	
4	14592	4	
4	4326	1	
4	15491	1	
4	19204	2	
4	5638	1	
4	6791	1	
4	6281	1	
4	12682	1	
4	4418	1	
4	22032	1	
4	8280	1	
4	6290	1	
4	9875	1	
4	19348	1	
4	5785	1	
4	5272	1	
4	14489	1	
4	1564	1	
4	13316	1	
4	18080	1	
4	15216	1	
4	15266	1	
4	19718	1	
4	7537	1	
4	22571	1	
4	8641	1	
4	12341	1	
4	19017	1	
4	3258	1	
4	15037	1	
4	22464	1	
4	4417	1	
4	7106	1	
4	13771	1	
4	4036	2	
4	19526	1	
4	17223	1	
4	17608	2	
4	5577	1	
4	5394	1	
4	11511	1	
4	4172	1	
4	5966	1	
4	4303	1	
4	8425	1	
4	9170	1	
4	11603	1	
4	7892	1	
4	12110	1	
4	15574	1	
4	20695	2	
4	14680	1	
4	2394	1	
4	11471	1	
4	13532	1	
4	10436	1	
4	22368	1	
4	19553	1	
4	15971	1	
4	8421	1	
4	9167	2	
4	21097	1	
4	10857	1	
4	21586	2	
4	11760	1	
4	13937	1	
4	8306	1	
4	13809	1	
4	545	1	
4	15863	1	
4	14969	1	
4	18046	1	
5	9606	1	
5	9227	1	
5	10636	1	
5	19855	1	
5	22032	1	
5	12947	1	
5	22551	1	
5	19055	1	
5	9244	1	
5	17185	1	
5	931	1	
5	15268	1	
5	17063	1	
5	14509	1	
5	19378	1	
5	3130	1	
5	5577	1	
5	8892	1	
5	12602	1	
5	11708	1	
5	8509	1	
5	21310	1	
5	8514	1	
5	18505	1	
5	20299	1	
5	15185	1	
5	19922	1	
5	5846	1	
5	13242	1	
5	15330	1	
5	8425	2	
5	13418	1	
5	8683	1	
5	8301	1	
5	879	1	
5	9072	1	
5	5106	1	
5	6547	1	
5	5620	1	
5	10358	1	
5	2171	1	
6	12288	1	
6	18562	1	
6	16771	1	
6	1540	1	
6	19372	1	
6	13962	1	
6	20878	1	
6	20571	1	
6	7952	1	
6	5650	1	
6	18841	1	
6	18948	1	
6	2077	2	
6	16159	1	
6	9691	1	
6	932	1	
6	19036	1	
6	15660	1	
6	1069	1	
6	16175	1	
6	15666	1	
6	7478	1	
6	9145	1	
6	21310	2	
6	7218	1	
6	13516	1	
6	12878	1	
6	9167	1	
6	10962	1	
6	8355	1	
6	12503	1	
6	13019	2	
6	13020	2	
6	20189	1	
6	19555	1	
6	17892	1	
6	7397	1	
6	11750	1	
6	5867	2	
6	10996	1	
6	16373	1	
6	4509	1	
7	18304	1	
7	12288	1	
7	4486	1	
7	1803	1	
7	19470	1	
7	8465	1	
7	15110	1	
7	10644	1	
7	10262	1	
7	17943	1	
7	1947	1	
7	19556	1	
7	8867	1	
7	14970	1	
7	22057	1	
7	22442	1	
7	7083	1	
7	10205	1	
7	14008	1	
7	4033	1	
7	19907	1	
7	8260	1	
7	13514	1	
7	13516	1	
7	11729	1	
7	10067	1	
7	16470	1	
7	740	1	
7	13658	1	
7	22266	1	
7	17892	1	
7	19174	1	
7	21969	1	
7	17516	1	
7	5869	1	
7	17786	1	
7	17787	1	
7	9726	1	
8	13440	1	
8	16850	1	
8	13316	1	
8	7688	1	
8	18577	1	
8	17429	1	
8	13078	1	
8	22551	1	
8	1562	1	
8	549	1	
8	8238	1	
8	15664	1	
8	9142	1	
8	7236	1	
8	13389	1	
8	12878	1	
8	15949	1	
8	4818	1	
8	2899	1	
8	9690	1	
8	9167	1	
8	14689	1	
8	19174	1	
8	8810	1	
8	8043	1	
8	10221	1	
8	18030	1	
8	3954	1	
8	17012	1	
8	15096	1	
8	505	1	
8	22140	1	
8	7530	1	
9	1799	1	
9	2443	1	
9	2445	1	
9	7444	1	
9	22551	1	
9	11160	1	
9	1564	1	
9	8228	1	
9	1959	1	
9	1068	1	
9	3758	1	
9	15664	1	
9	19907	1	
9	17093	1	
9	9033	1	
9	13516	1	
9	14161	1	
9	4818	1	
9	12888	1	
9	14682	1	
9	13019	2	
9	11103	1	
9	20177	1	
9	8425	1	
9	5867	1	
9	12018	1	
9	873	1	
9	22140	1	
10	3339	1	
10	19470	1	
10	22032	1	
10	15509	1	
10	20892	1	
10	22175	1	
10	932	1	
10	20389	2	
10	22442	1	
10	10040	1	
10	18911	1	
10	3009	1	
10	14018	1	
10	1803	1	
10	2628	1	
10	13255	2	
10	20303	1	
10	11729	1	
10	4818	3	
10	9044	1	
10	12891	1	
10	8156	1	
10	8159	1	
10	8160	1	
11	6786	2	
11	2179	1	
11	7684	1	
11	2309	1	
11	15239	1	
11	14985	1	
11	20234	1	
11	20109	1	
11	14991	1	
11	7313	1	
11	19347	1	
11	22551	1	
11	22426	1	
11	19740	2	
11	925	2	
11	547	1	
11	10408	1	
11	1564	1	
11	13357	1	
11	15534	1	
11	12852	1	
11	12471	1	
11	1976	1	
11	5433	2	
11	1978	1	
11	12220	1	
11	22086	1	
11	20343	1	
11	13388	2	
11	17997	1	
11	6741	1	
11	9293	1	
11	2899	1	
11	2900	1	
11	18133	1	
11	9558	1	
11	4440	1	
11	17681	1	
11	13161	1	
11	5867	1	
11	18030	1	
11	3954	1	
11	14803	1	
11	1140	1	
11	21622	1	
11	8425	1	
11	21076	1	
11	12026	1	
11	14463	1	
12	13440	1	
12	11394	1	
12	19715	1	
12	19332	1	
12	4486	1	
12	9833	1	
12	8556	1	
12	16778	1	
12	14475	1	
12	6773	1	
12	2705	1	
12	19347	1	
12	5652	1	
12	1429	1	
12	15660	1	
12	15384	1	
12	4635	1	
12	4639	1	
12	20384	1	
12	16432	1	
12	1947	1	
12	17067	1	
12	6950	1	
12	1670	1	
12	3883	2	
12	4012	2	
12	3954	1	
12	8238	1	
12	15664	1	
12	4019	1	
12	1591	1	
12	6968	1	
12	19900	1	
12	12095	1	
12	6732	1	
12	8641	1	
12	12354	1	
12	15817	1	
12	18286	1	
12	13388	1	
12	12878	2	
12	1743	1	
12	1744	1	
12	13398	1	
12	16220	1	
12	21733	1	
12	22121	1	
12	7660	1	
12	18030	4	
12	9583	1	
12	14448	2	
12	13516	1	
12	13331	1	
12	21108	1	
12	18046	1	
12	16374	1	
12	18295	1	
12	22551	1	
12	14970	1	
12	1147	1	
12	5630	1	
12	917	1	
13	9729	1	
13	13316	2	
13	7693	1	
13	17240	1	
13	21522	1	
13	13331	1	
13	22551	1	
13	7684	1	
13	1562	1	
13	22557	1	
13	11294	1	
13	15903	1	
13	3113	1	
13	20010	1	
13	12341	1	
13	9791	1	
13	20038	1	
13	13388	1	
13	13389	1	
13	6741	2	
13	13398	1	
13	18525	1	
13	16479	1	
13	18528	1	
13	18022	1	
13	22119	1	
13	9831	1	
13	1140	1	
13	10365	1	
13	13950	1	
13	6790	1	
13	11913	1	
13	16543	1	
13	16548	1	
13	22188	1	
13	10271	1	
13	13514	1	
13	13516	1	
13	7886	1	
13	4303	1	
13	7888	1	
13	8919	1	
13	6876	1	
13	5355	1	
13	18046	1	
13	5885	1	
13	11008	1	
13	15618	1	
13	17162	1	
13	14605	1	
13	9487	1	
13	17681	1	
13	8979	1	
13	13592	1	
13	8988	1	
13	7460	1	
13	12585	1	
13	17707	1	
13	18222	1	
13	16691	1	
13	14135	1	
13	10040	1	
13	5433	1	
13	16190	1	
13	19782	1	
13	15688	1	
13	6989	1	
13	9550	1	
13	12625	2	
13	14677	1	
13	15704	1	
13	21850	1	
13	22369	1	
13	2918	1	
13	8569	1	
13	8063	1	
13	897	1	
13	9606	1	
13	907	1	
13	10126	1	
13	6552	1	
13	6045	1	
13	20384	1	
13	22437	1	
13	22442	1	
13	8636	1	
13	11714	1	
13	19396	1	
13	13255	1	
13	20427	1	
13	19405	1	
13	14800	1	
13	9684	1	
13	9687	1	
13	7646	1	
13	15855	1	
13	4601	1	
13	16379	1	
14	16258	1	
14	13316	1	
14	13445	1	
14	1034	1	
14	1803	1	
14	16834	1	
14	2443	1	
14	2704	1	
14	15889	1	
14	19347	1	
14	1564	1	
14	15903	1	
14	4000	1	
14	11428	1	
14	10407	1	
14	4008	1	
14	13226	1	
14	22188	1	
14	14127	1	
14	7219	1	
14	12212	1	
14	7095	1	
14	4823	1	
14	18487	1	
14	6459	1	
14	15548	1	
14	17162	1	
14	15170	1	
14	22339	1	
14	22341	1	
14	200	1	
14	9247	1	
14	1099	1	
14	6732	1	
14	12878	2	
14	4303	1	
14	1744	1	
14	6741	2	
14	15709	1	
14	12503	1	
14	8459	1	
14	11995	1	
14	8797	1	
14	20303	1	
14	18019	1	
14	7527	1	
14	12888	1	
14	8425	1	
14	8556	1	
14	9069	1	
14	20334	1	
14	9071	1	
14	15856	1	
14	1266	1	
14	6774	1	
14	4092	1	
14	3711	1	
15	12288	1	
15	8043	3	
15	13445	1	
15	17162	1	
15	16913	1	
15	1170	1	
15	917	1	
15	22551	1	
15	9247	1	
15	14119	1	
15	10408	1	
15	19755	1	
15	2348	1	
15	3629	1	
15	15664	2	
15	19900	1	
15	13249	1	
15	9543	1	
15	13388	1	
15	1744	1	
15	22100	1	
15	13532	1	
15	9697	1	
15	17890	1	
15	21604	1	
15	21733	1	
15	6760	1	
15	5867	1	
15	8556	1	
15	18962	1	
15	1140	1	
15	1526	1	
15	633	1	
16	897	1	
16	7683	1	
16	15751	1	
16	2443	1	
16	13452	1	
16	20494	1	
16	20882	1	
16	13459	2	
16	10265	1	
16	7451	1	
16	20892	1	
16	22557	1	
16	9247	2	
16	17184	1	
16	17187	1	
16	12580	1	
16	9125	1	
16	3626	1	
16	17223	1	
16	12717	1	
16	20142	1	
16	15666	1	
16	6459	1	
16	20284	1	
16	3134	1	
16	5952	1	
16	15170	1	
16	22341	1	
16	12103	1	
16	200	1	
16	7180	1	
16	9831	1	
16	588	1	
16	1743	1	
16	10065	1	
16	4306	1	
16	7764	1	
16	2958	1	
16	12111	1	
16	12897	1	
16	8929	1	
16	8145	1	
16	5867	1	
16	6506	1	
16	8043	2	
16	9069	1	
16	14448	1	
16	14751	1	
16	12350	2	
16	13255	1	
16	12151	2	
16	18808	1	
16	4601	1	
16	11898	1	
16	6741	1	
17	13316	6	
17	9606	1	
17	20103	1	
17	11913	1	
17	3735	1	
17	3340	1	
17	10510	1	
17	7055	1	
17	7952	1	
17	19347	1	
17	916	2	
17	19093	1	
17	21911	1	
17	18200	1	
17	10820	1	
17	15514	1	
17	7451	1	
17	22557	2	
17	20002	2	
17	1947	1	
17	549	1	
17	10918	1	
17	20519	2	
17	12585	1	
17	3627	1	
17	8236	1	
17	20142	1	
17	9647	1	
17	13233	1	
17	15666	1	
17	8117	1	
17	20794	1	
17	19259	1	
17	7471	3	
17	16831	1	
17	8641	1	
17	15170	1	
17	1099	1	
17	8260	2	
17	9035	2	
17	13389	1	
17	5455	2	
17	19174	1	
17	11603	1	
17	9684	1	
17	12888	1	
17	740	1	
17	10927	1	
17	16605	1	
17	7778	1	
17	19556	1	
17	19814	1	
17	21094	1	
17	9297	1	
17	18851	1	
17	18030	1	
17	13063	1	
17	15217	1	
17	13174	1	
17	12151	1	
17	14713	2	
17	17148	1	
17	3711	1	
18	12716	2	
18	8203	1	
18	12816	1	
18	9234	1	
18	9247	1	
18	1076	1	
18	21570	1	
18	4165	1	
18	12360	1	
18	13389	3	
18	19028	1	
18	6741	2	
18	599	1	
18	15448	1	
18	8797	1	
18	9829	1	
18	16998	1	
18	6760	1	
18	12394	1	
18	6764	1	
18	21613	1	
18	21619	1	
18	6774	1	
18	17016	1	
18	4218	3	
18	14462	1	
18	13445	1	
18	6791	2	
18	14985	1	
18	1163	1	
18	13452	1	
18	9069	2	
18	19096	1	
18	13978	1	
18	18084	1	
18	11946	1	
18	172	1	
18	19124	1	
18	14013	1	
18	11969	1	
18	11979	1	
18	13516	1	
18	20177	2	
18	4831	1	
18	1763	1	
18	7400	1	
18	5867	1	
18	19702	1	
18	5885	1	
18	19212	1	
18	15632	1	
18	10515	1	
18	15129	1	
18	20255	1	
18	11555	1	
18	2344	1	
18	3369	1	
18	7471	1	
18	18736	1	
18	11913	1	
18	12852	1	
18	18746	1	
18	12091	1	
18	14145	1	
18	3395	1	
18	9543	1	
18	17225	1	
18	9035	2	
18	12110	1	
18	20707	1	
18	14677	1	
18	2394	1	
18	2407	1	
18	8043	1	
18	13165	1	
18	11632	1	
18	22385	1	
18	1415	1	
18	10636	1	
18	15249	1	
18	22418	1	
18	1428	1	
18	20384	1	
18	4012	3	
18	15277	1	
18	8636	1	
18	22464	6	
18	455	1	
18	12746	1	
18	13771	1	
18	9169	1	
18	14473	1	
18	19424	1	
18	16373	1	
18	8185	1	
18	4606	1	
18	19285	1	
19	14081	1	
19	7938	1	
19	13316	1	
19	2309	1	
19	13958	1	
19	9606	1	
19	15903	1	
19	11913	1	
19	3339	1	
19	13452	2	
19	12013	1	
19	16017	2	
19	10515	1	
19	1174	1	
19	19096	2	
19	9755	1	
19	16415	1	
19	497	1	
19	16163	1	
19	646	1	
19	4006	1	
19	20519	1	
19	13819	1	
19	18042	1	
19	9608	1	
19	15666	2	
19	20026	3	
19	7867	1	
19	20028	1	
19	19133	1	
19	22464	3	
19	4037	1	
19	3528	1	
19	9034	1	
19	9035	1	
19	13388	1	
19	13389	1	
19	12110	1	
19	4432	1	
19	4073	1	
19	19028	1	
19	14808	1	
19	17881	1	
19	21724	1	
19	3130	1	
19	19422	1	
19	4831	1	
19	7520	1	
19	18275	1	
19	7397	2	
19	19174	1	
19	13969	1	
19	9069	1	
19	21692	1	
19	4330	1	
19	7660	1	
19	12653	1	
19	14574	1	
19	21613	1	
19	13937	1	
19	13459	1	
19	4085	1	
19	15209	1	
19	22266	1	
19	22267	1	
19	14973	1	
19	1918	1	
19	5119	1	
20	12288	1	
20	10625	2	
20	14082	1	
20	13316	2	
20	7686	1	
20	6257	1	
20	13452	1	
20	10626	1	
20	5006	1	
20	5264	1	
20	20882	1	
20	4602	1	
20	4884	1	
20	18841	1	
20	15512	1	
20	6297	1	
20	10780	1	
20	22557	1	
20	18972	1	
20	4639	1	
20	8192	1	
20	10915	1	
20	22181	1	
20	20447	1	
20	13937	2	
20	8232	1	
20	11305	1	
20	8490	1	
20	8238	1	
20	7471	1	
20	15666	1	
20	7475	1	
20	10036	1	
20	1976	1	
20	10682	1	
20	9247	1	
20	3260	2	
20	17470	1	
20	831	2	
20	22464	1	
20	15508	1	
20	22340	1	
20	12357	1	
20	22086	1	
20	5450	1	
20	13388	3	
20	6741	1	
20	9167	1	
20	3411	1	
20	9729	1	
20	20309	1	
20	10967	1	
20	7516	1	
20	8797	1	
20	10206	1	
20	4831	1	
20	15585	1	
20	2403	1	
20	3943	1	
20	13161	1	
20	19050	1	
20	9071	1	
20	3313	1	
20	16373	1	
20	3702	1	
20	3113	1	
20	7892	1	
20	17146	1	
20	21980	1	
20	2173	1	
20	3711	1	
21	10625	3	
21	22274	1	
21	15494	1	
21	11913	1	
21	6537	1	
21	18058	1	
21	12930	1	
21	21077	1	
21	9069	1	
21	19096	1	
21	17811	2	
21	15508	1	
21	5269	1	
21	22422	1	
21	15512	1	
21	13978	1	
21	9244	1	
21	16543	1	
21	3872	1	
21	19377	1	
21	11815	1	
21	8988	1	
21	22442	1	
21	21696	1	
21	3629	1	
21	2990	1	
21	9438	1	
21	14641	1	
21	5554	1	
21	5045	1	
21	17463	1	
21	15160	1	
21	12729	1	
21	12091	2	
21	16062	1	
21	22464	1	
21	7392	1	
21	16194	1	
21	11790	1	
21	15817	1	
21	14671	1	
21	4818	1	
21	2003	1	
21	6741	1	
21	20025	1	
21	12891	1	
21	19136	1	
21	12510	1	
21	22245	1	
21	9824	1	
21	11632	1	
21	12390	1	
21	17510	1	
21	19943	1	
21	21613	1	
21	18030	1	
21	14448	1	
21	17395	1	
21	11381	1	
21	22262	1	
21	8185	1	
21	18042	2	
21	18428	1	
21	18730	1	
21	10366	1	
21	20309	2	
22	9729	1	
22	13316	2	
22	13445	1	
22	15809	1	
22	12716	1	
22	4823	1	
22	4364	1	
22	2064	1	
22	15508	1	
22	22551	2	
22	15512	1	
22	18841	1	
22	18972	1	
22	18080	1	
22	1825	1	
22	15772	1	
22	18732	1	
22	22258	1	
22	8236	1	
22	16265	1	
22	17211	1	
22	6080	1	
22	17312	1	
22	3339	1	
22	15432	1	
22	13771	1	
22	2899	2	
22	6741	1	
22	5207	1	
22	18267	2	
22	21980	1	
22	8797	1	
22	7646	1	
22	7660	1	
22	5106	1	
22	13532	1	
22	11511	1	
22	19476	1	
22	7039	1	
22	12924	1	
22	5119	2	
23	19968	1	
23	22464	1	
23	7938	1	
23	8043	1	
23	11511	1	
23	8459	1	
23	4364	4	
23	13453	2	
23	2063	2	
23	4496	1	
23	18962	1	
23	5934	1	
23	6489	1	
23	11672	1	
23	16260	1	
23	22426	1	
23	14107	1	
23	20384	2	
23	19056	1	
23	9890	1	
23	10915	1	
23	3113	1	
23	20010	1	
23	17223	1	
23	1068	1	
23	8238	1	
23	7471	1	
23	12081	2	
23	7584	2	
23	12471	1	
23	17466	1	
23	12091	1	
23	8764	1	
23	12162	1	
23	15808	1	
23	18080	1	
23	12354	1	
23	6080	1	
23	14791	1	
23	7883	1	
23	5580	1	
23	15266	1	
23	20429	1	
23	21586	1	
23	2899	1	
23	20915	1	
23	7257	1	
23	1167	1	
23	6458	1	
23	17184	1	
23	22368	2	
23	1765	1	
23	9831	2	
23	15977	1	
23	17899	1	
23	8556	1	
23	494	1	
23	2416	1	
23	16625	1	
23	5843	1	
23	12663	3	
23	10365	1	
23	8797	1	
24	12288	1	
24	18818	1	
24	11307	1	
24	7684	2	
24	15751	1	
24	11913	1	
24	2827	1	
24	4364	1	
24	17806	2	
24	11151	1	
24	22418	1	
24	16430	2	
24	6809	1	
24	15772	1	
24	8989	1	
24	16543	1	
24	20384	1	
24	15281	1	
24	7584	1	
24	21797	1	
24	4263	1	
24	17064	1	
24	20010	2	
24	15403	1	
24	10891	1	
24	8238	1	
24	10269	1	
24	16432	1	
24	200	1	
24	16434	1	
24	1459	1	
24	20260	1	
24	11708	1	
24	17338	1	
24	6459	1	
24	15804	1	
24	3517	1	
24	8043	3	
24	22464	1	
24	14752	1	
24	13963	1	
24	11381	1	
24	9262	1	
24	19634	1	
24	10568	1	
24	11850	1	
24	17996	1	
24	19405	1	
24	20686	1	
24	9169	1	
24	18005	1	
24	15432	1	
24	10329	1	
24	15578	1	
24	18267	2	
24	626	1	
24	1466	1	
24	17184	1	
24	4960	1	
24	7137	1	
24	7778	1	
24	9831	1	
24	1468	1	
24	4967	1	
24	7527	1	
24	13458	1	
24	7219	1	
24	8306	1	
24	15548	2	
24	1525	1	
24	2446	1	
24	18921	1	
24	16890	1	
24	1147	1	
24	1919	1	
25	12288	1	
25	12800	1	
25	7683	1	
25	15621	1	
25	5996	1	
25	13452	1	
25	11792	1	
25	7960	1	
25	4547	1	
25	22296	1	
25	18841	1	
25	7964	1	
25	11909	1	
25	7968	1	
25	20642	1	
25	8534	1	
25	17064	1	
25	14509	1	
25	16431	1	
25	1459	1	
25	4534	1	
25	9033	1	
25	8376	1	
25	20794	1	
25	22346	1	
25	8641	2	
25	3395	1	
25	4364	2	
25	11850	1	
25	11851	1	
25	13516	1	
25	7180	1	
25	592	2	
25	9169	2	
25	15574	1	
25	18569	1	
25	18140	1	
25	16605	1	
25	12510	1	
25	4831	1	
25	7952	1	
25	15717	1	
25	18406	1	
25	12391	1	
25	14725	1	
25	18793	1	
25	21228	1	
25	3064	1	
25	12799	1	
25	15612	1	
25	20095	1	
26	12673	1	
26	16771	1	
26	1669	1	
26	9606	1	
26	3339	1	
26	4364	1	
26	13453	1	
26	9069	1	
26	9234	1	
26	15508	3	
26	15512	1	
26	9247	4	
26	801	1	
26	15266	1	
26	3023	1	
26	4267	1	
26	9901	1	
26	8238	1	
26	10931	1	
26	1076	1	
26	15817	1	
26	186	1	
26	15903	1	
26	15548	1	
26	19389	1	
26	13445	1	
26	3009	1	
26	12354	1	
26	6732	3	
26	12343	1	
26	588	1	
26	4941	1	
26	6989	1	
26	593	1	
26	4823	1	
26	18267	1	
26	6458	1	
26	2911	1	
26	19424	1	
26	1459	1	
26	15117	1	
26	7399	1	
26	21097	1	
26	19050	3	
26	2407	1	
26	1133	1	
26	7278	1	
26	9071	1	
26	21617	1	
26	3702	1	
26	12663	1	
26	633	1	
26	4604	1	
27	11008	1	
27	15620	1	
27	2309	1	
27	19718	1	
27	18569	1	
27	1674	1	
27	3339	1	
27	15508	1	
27	10262	1	
27	15512	1	
27	9247	1	
27	15660	1	
27	3629	1	
27	15664	1	
27	10041	1	
27	19348	1	
27	11969	1	
27	451	1	
27	6732	1	
27	592	1	
27	13532	1	
27	15709	1	
27	19422	1	
27	21984	1	
27	19938	1	
27	19050	1	
27	21104	1	
27	10644	1	
27	22010	1	
28	14592	1	
28	1281	1	
28	13316	1	
28	9606	1	
28	8449	1	
28	22024	1	
28	18528	1	
28	15119	1	
28	8338	1	
28	11283	1	
28	13846	1	
28	14743	1	
28	20254	1	
28	16544	1	
28	7463	1	
28	3113	1	
28	22442	1	
28	20142	1	
28	16049	1	
28	8753	1	
28	15543	1	
28	187	1	
28	9918	1	
28	5951	1	
28	22464	1	
28	8641	2	
28	19396	1	
28	4038	1	
28	12151	1	
28	11471	1	
28	10194	1	
28	10453	1	
28	13398	2	
28	22232	1	
28	22368	1	
28	8545	2	
28	2914	1	
28	1766	1	
28	5425	1	
28	18030	1	
28	19056	1	
28	13937	1	
28	1140	2	
28	12663	1	
28	4216	1	
28	831	1	
28	5375	1	
29	19072	1	
29	6790	1	
29	7432	1	
29	364	1	
29	18571	1	
29	7693	1	
29	15119	1	
29	17424	1	
29	13776	1	
29	4846	1	
29	5272	1	
29	21913	1	
29	22557	2	
29	18207	1	
29	19093	1	
29	8229	1	
29	3633	1	
29	5800	1	
29	12660	1	
29	22442	2	
29	10411	1	
29	22188	1	
29	14509	1	
29	11823	1	
29	3760	1	
29	5425	1	
29	11601	1	
29	1591	1	
29	22200	1	
29	21305	1	
29	2618	1	
29	8636	4	
29	8641	2	
29	907	1	
29	18773	1	
29	2375	2	
29	11593	1	
29	13516	1	
29	20302	1	
29	591	1	
29	2640	1	
29	5841	1	
29	10915	1	
29	14677	2	
29	13398	1	
29	15575	1	
29	14680	1	
29	7770	1	
29	18267	1	
29	8749	1	
29	19937	1	
29	4486	1	
29	21094	1	
29	3943	1	
29	9831	1	
29	8684	1	
29	18030	1	
29	879	1	
29	21104	1	
29	18540	1	
29	7794	1	
29	17140	1	
29	12665	1	
29	3711	1	
29	18046	1	
29	11007	1	
30	11008	2	
30	22464	2	
30	5867	1	
30	4868	1	
30	8185	1	
30	9610	1	
30	13452	1	
30	20877	1	
30	19347	1	
30	17046	2	
30	18287	1	
30	7741	1	
30	11392	1	
30	7584	1	
30	19491	1	
30	13476	1	
30	10407	1	
30	17064	1	
30	10409	1	
30	22442	3	
30	8753	1	
30	16434	1	
30	6003	1	
30	2105	3	
30	2911	1	
30	8636	1	
30	8765	1	
30	3134	1	
30	6773	1	
30	10944	1	
30	1140	1	
30	12354	1	
30	13128	1	
30	4364	1	
30	6732	1	
30	4945	1	
30	15971	1	
30	11732	2	
30	22457	1	
30	18852	1	
30	10204	1	
30	15709	1	
30	11999	1	
30	7392	1	
30	1467	1	
30	10854	2	
30	15548	1	
30	19050	1	
30	15851	1	
30	12733	1	
30	10096	1	
30	21617	1	
30	4723	1	
30	2164	1	
30	1141	3	
30	10871	1	
30	17016	1	
30	4601	1	
30	8188	2	
30	4019	1	
31	12288	1	
31	13316	1	
31	6153	1	
31	13331	1	
31	22557	1	
31	15903	1	
31	4640	1	
31	18978	1	
31	22571	1	
31	8749	1	
31	14895	1	
31	7219	2	
31	12350	2	
31	12354	1	
31	13891	1	
31	15432	1	
31	12364	1	
31	6736	1	
31	20570	1	
31	19553	1	
31	19554	1	
31	18540	1	
31	21613	1	
31	18030	1	
31	11887	1	
31	13937	1	
31	1140	1	
31	1141	2	
31	5755	1	
31	14460	1	
31	14466	1	
31	6790	1	
31	6791	1	
31	14473	1	
31	4034	1	
31	14488	2	
31	12441	1	
31	1189	1	
31	10918	1	
31	7336	1	
31	14509	1	
31	12471	2	
31	10936	1	
31	3258	1	
31	15548	2	
31	20000	1	
31	5840	1	
31	10452	1	
31	740	1	
31	8145	1	
31	5864	1	
31	5867	2	
31	17140	1	
31	12533	1	
31	4867	2	
31	4868	1	
31	18181	1	
31	4364	1	
31	22297	1	
31	8988	1	
31	1827	1	
31	15660	2	
31	7476	1	
31	21316	1	
31	9543	1	
31	15688	1	
31	11600	1	
31	10069	1	
31	18267	1	
31	2911	1	
31	8034	1	
31	360	1	
31	20329	1	
31	7039	1	
31	9606	1	
31	395	1	
31	15246	1	
31	19347	1	
31	18841	1	
31	22442	3	
31	2990	1	
31	8641	1	
31	11714	1	
31	7110	1	
31	13255	1	
31	6732	2	
31	9167	1	
31	9169	1	
31	15849	1	
31	16374	1	
31	17912	1	
31	4603	1	
31	14677	1	
32	3075	1	
32	13316	1	
32	6790	1	
32	18056	1	
32	22414	1	
32	17935	1	
32	13457	1	
32	2834	1	
32	19348	1	
32	8324	1	
32	20762	1	
32	5276	1	
32	1069	1	
32	20519	1	
32	6876	1	
32	22442	4	
32	11309	1	
32	7475	1	
32	4276	1	
32	12471	1	
32	13969	1	
32	21305	1	
32	827	1	
32	19133	1	
32	8641	2	
32	9543	1	
32	22344	1	
32	20427	1	
32	13388	1	
32	9167	1	
32	14677	1	
32	9047	1	
32	14680	1	
32	2394	1	
32	18267	1	
32	7644	1	
32	5729	1	
32	12901	1	
32	13937	1	
32	9831	1	
32	3176	1	
32	20329	1	
32	7463	2	
32	16237	1	
32	14448	1	
32	18289	1	
32	1140	1	
32	12663	1	
32	2040	1	
32	4601	1	
32	19582	1	
33	12288	1	
33	12673	1	
33	9352	1	
33	10890	1	
33	22423	2	
33	4364	2	
33	11714	1	
33	8771	1	
33	11760	1	
33	6038	1	
33	10263	1	
33	8642	1	
33	17435	1	
33	797	1	
33	15903	1	
33	17185	1	
33	15266	1	
33	18267	1	
33	12110	1	
33	16430	1	
33	4012	1	
33	4781	1	
33	1582	1	
33	21295	1	
33	16432	1	
33	17672	1	
33	435	1	
33	1076	1	
33	15817	1	
33	6969	1	
33	7354	1	
33	8636	1	
33	11850	3	
33	9918	1	
33	1141	1	
33	7104	1	
33	4161	1	
33	7362	1	
33	20803	1	
33	11334	1	
33	6732	1	
33	4810	1	
33	13452	1	
33	12746	1	
33	588	1	
33	20685	1	
33	6094	1	
33	8144	1	
33	7889	1	
33	11555	1	
33	1109	1	
33	14680	1	
33	12891	1	
33	10972	1	
33	12639	1	
33	16098	1	
33	10160	1	
33	15717	1	
33	22121	1	
33	12394	2	
33	8043	1	
33	11632	2	
33	13043	1	
33	1140	1	
33	6773	1	
33	22210	1	
33	5755	1	
33	7018	2	
34	14475	1	
34	10510	1	
34	17424	1	
34	17435	1	
34	15903	1	
34	17185	1	
34	20260	1	
34	2729	1	
34	3883	1	
34	6828	1	
34	21295	1	
34	15281	1	
34	2487	1	
34	14905	1	
34	20794	1	
34	8636	1	
34	12734	1	
34	13887	1	
34	8642	1	
34	15817	2	
34	21195	1	
34	18002	1	
34	2136	1	
34	740	1	
34	3823	1	
34	10740	1	
34	10360	1	
34	2173	1	
35	13316	1	
35	395	1	
35	17172	1	
35	22423	1	
35	21912	1	
35	17435	1	
35	15903	2	
35	17881	1	
35	13979	1	
35	22442	1	
35	4276	1	
35	3765	1	
35	5691	1	
35	9918	1	
35	8641	1	
35	8006	1	
35	3528	1	
35	21962	1	
35	15824	1	
35	22098	1	
35	467	1	
35	10073	1	
35	11999	1	
35	17872	1	
35	6760	2	
35	1140	1	
35	1526	1	
35	10263	1	
35	11385	1	
35	6142	1	
36	18050	1	
36	9606	1	
36	8641	2	
36	1163	1	
36	4364	1	
36	16981	1	
36	9069	1	
36	22032	2	
36	22418	1	
36	18197	1	
36	19478	1	
36	15772	1	
36	4894	1	
36	6687	1	
36	8993	1	
36	18267	1	
36	19718	1	
36	20519	1	
36	12585	1	
36	22442	2	
36	683	1	
36	15404	1	
36	5806	1	
36	4019	1	
36	20407	1	
36	21305	1	
36	3258	1	
36	13514	1	
36	9918	1	
36	13249	1	
36	12354	1	
36	22086	1	
36	9034	1	
36	11851	1	
36	8144	1	
36	9169	1	
36	18772	1	
36	14677	1	
36	13398	1	
36	4823	1	
36	14680	1	
36	8026	1	
36	5339	1	
36	8929	1	
36	15971	1	
36	19172	1	
36	8421	1	
36	2407	1	
36	20329	1	
36	21613	1	
36	11760	4	
36	3702	1	
36	17530	1	
36	11605	1	
37	11008	1	
37	18049	1	
37	12547	1	
37	16854	1	
37	16774	1	
37	6791	1	
37	6153	1	
37	7055	2	
37	13388	1	
37	20882	1	
37	8184	1	
37	4886	1	
37	18351	1	
37	5916	1	
37	797	1	
37	15774	1	
37	21832	2	
37	7088	1	
37	2594	1	
37	20519	1	
37	22442	1	
37	17927	1	
37	8568	1	
37	22557	1	
37	12673	1	
37	12081	1	
37	10034	1	
37	15262	1	
37	10934	1	
37	13769	1	
37	15800	1	
37	21305	1	
37	9918	1	
37	5951	1	
37	1206	1	
37	17608	2	
37	18505	1	
37	13771	1	
37	13516	2	
37	11726	1	
37	11471	1	
37	12625	2	
37	9729	1	
37	16981	1	
37	13398	2	
37	13912	1	
37	15578	1	
37	16220	1	
37	8797	1	
37	2911	1	
37	9058	1	
37	15971	1	
37	8421	1	
37	12390	1	
37	22121	1	
37	5484	1	
37	21613	2	
37	22229	1	
37	11760	1	
37	3954	1	
37	19702	1	
37	10360	1	
37	11898	1	
37	7514	1	
37	2173	1	
37	18046	1	
37	14677	1	
38	3201	1	
38	13572	1	
38	8641	1	
38	4366	1	
38	10011	1	
38	15390	1	
38	5951	1	
38	8490	1	
38	8327	1	
38	21937	1	
38	15666	1	
38	20794	1	
38	8636	1	
38	9918	2	
38	22463	1	
38	12481	1	
38	12354	1	
38	11334	1	
38	199	1	
38	12360	1	
38	12746	2	
38	13388	1	
38	9038	1	
38	11600	1	
38	16468	1	
38	15704	1	
38	4953	1	
38	14301	1	
38	1380	1	
38	3943	1	
38	17000	1	
38	3260	1	
38	8556	1	
38	637	1	
38	1140	1	
38	8571	1	
38	22442	1	
