1	14592	1	
1	4868	2	
1	14725	1	
1	4358	1	
1	21383	1	
1	17041	1	
1	17290	1	
1	8079	1	
1	4497	1	
1	6776	1	
1	22551	1	
1	10264	1	
1	2329	1	
1	11418	1	
1	8636	1	
1	18013	1	
1	9887	1	
1	9122	1	
1	2343	1	
1	9543	1	
1	3629	1	
1	7471	1	
1	18736	1	
1	15666	1	
1	1843	1	
1	15033	1	
1	7777	1	
1	18108	1	
1	4798	1	
1	15170	1	
1	22339	1	
1	15045	1	
1	10822	1	
1	13255	1	
1	15432	1	
1	12663	1	
1	13730	1	
1	3408	1	
1	17016	1	
1	21586	2	
1	10963	1	
1	4437	1	
1	9047	1	
1	7219	1	
1	8921	1	
1	11482	1	
1	10407	1	
1	11771	1	
1	9440	1	
1	19553	1	
1	3939	1	
1	19174	1	
1	9425	1	
1	15208	1	
1	3260	1	
1	4263	1	
1	21613	1	
1	22389	1	
1	10857	1	
1	1912	1	
1	9593	1	
1	18042	1	
1	6651	1	
1	17788	1	
2	22024	1	
2	22188	1	
2	17424	1	
2	15532	1	
2	8726	1	
2	18181	1	
2	3629	1	
2	12848	1	
2	4151	1	
2	19001	1	
2	15420	1	
2	22082	1	
2	14407	1	
2	15432	1	
2	13388	1	
2	15439	1	
2	21586	1	
2	5717	1	
2	13398	2	
2	8797	1	
2	19553	1	
2	18530	1	
2	13411	1	
2	12390	2	
2	7782	1	
2	9831	1	
2	10857	1	
2	4061	1	
2	22119	1	
2	2674	1	
2	6771	1	
2	1141	1	
2	20599	1	
2	14463	1	
2	4230	1	
2	17176	1	
2	21652	1	
2	5273	1	
2	18080	1	
2	5795	1	
2	10920	1	
2	11946	1	
2	4267	1	
2	2220	1	
2	15534	1	
2	8989	1	
2	4277	1	
2	695	1	
2	3258	1	
2	18975	2	
2	13089	1	
2	6857	1	
2	14542	1	
2	20175	1	
2	16592	1	
2	9425	1	
2	18646	1	
2	11482	1	
2	9167	1	
2	21727	1	
2	7392	1	
2	9424	1	
2	10978	1	
2	4836	1	
2	14545	2	
2	22252	1	
2	9458	1	
2	18022	1	
2	1764	1	
2	22262	1	
2	15096	1	
2	17657	1	
2	11007	1	
2	5890	1	
2	4868	1	
2	6405	1	
2	4358	1	
2	4881	1	
2	4884	1	
2	13077	3	
2	5399	1	
2	1816	1	
2	20762	1	
2	7471	1	
2	797	1	
2	7455	1	
2	7216	1	
2	11555	1	
2	3369	1	
2	11566	1	
2	21295	2	
2	11569	2	
2	3895	1	
2	10975	3	
2	831	1	
2	21312	1	
2	4418	1	
2	22339	2	
2	17719	1	
2	12620	1	
2	10573	1	
2	3408	1	
2	12625	1	
2	14677	6	
2	21334	1	
2	21847	1	
2	10072	1	
2	1369	1	
2	8079	1	
2	22369	1	
2	20322	1	
2	22371	1	
2	22374	1	
2	19816	1	
2	9577	1	
2	1386	1	
2	1900	1	
2	9069	2	
2	5489	2	
2	8562	1	
2	1399	1	
2	7544	1	
2	16762	1	
2	1918	1	
2	8064	1	
2	22442	1	
2	16194	1	
2	7055	2	
2	3395	1	
2	15903	1	
2	2974	1	
2	8607	1	
2	8660	1	
2	423	1	
2	5034	1	
2	21933	1	
2	19886	1	
2	7600	1	
2	7603	1	
2	9652	1	
2	6046	1	
2	7095	1	
2	15800	1	
2	8636	1	
2	10173	1	
2	22463	1	
2	19396	1	
2	13255	2	
2	8012	1	
2	17359	1	
2	19408	1	
2	9684	1	
2	20952	1	
2	2523	1	
2	2525	1	
2	10206	1	
2	15845	2	
2	3409	1	
2	15849	1	
2	7146	1	
2	7660	1	
2	7149	1	
2	680	1	
2	3058	1	
2	16374	1	
2	12202	1	
3	8449	1	
3	14466	1	
3	19460	2	
3	6149	1	
3	16774	1	
3	833	1	
3	21292	1	
3	14474	1	
3	18571	1	
3	7564	1	
3	6338	1	
3	12625	1	
3	17424	1	
3	10641	1	
3	3907	3	
3	14475	1	
3	15534	1	
3	4868	1	
3	2839	3	
3	5764	1	
3	3905	1	
3	16367	1	
3	797	1	
3	12446	1	
3	13445	1	
3	18208	1	
3	13316	1	
3	16390	1	
3	13478	1	
3	16049	1	
3	424	1	
3	1067	1	
3	10540	1	
3	16301	1	
3	18222	1	
3	1309	1	
3	8753	1	
3	11166	1	
3	1590	1	
3	21305	3	
3	12602	1	
3	13398	1	
3	19133	3	
3	8013	1	
3	4032	1	
3	22557	1	
3	11714	1	
3	20547	2	
3	22198	1	
3	12360	1	
3	20236	1	
3	13514	1	
3	15617	1	
3	17229	1	
3	9167	3	
3	9425	1	
3	21586	1	
3	15190	1	
3	5591	1	
3	13144	1	
3	4569	1	
3	13658	1	
3	9691	1	
3	3758	1	
3	4573	1	
3	10206	1	
3	10463	1	
3	21782	1	
3	20384	1	
3	16273	1	
3	21613	1	
3	11887	1	
3	5232	1	
3	21234	1	
3	6771	1	
3	1141	1	
3	15706	1	
3	13950	1	
4	19460	2	
4	15365	1	
4	11275	3	
4	17424	1	
4	16915	1	
4	3604	1	
4	22551	3	
4	1048	3	
4	22557	1	
4	32	2	
4	19493	1	
4	1068	1	
4	11827	1	
4	12852	1	
4	13881	1	
4	17983	1	
4	13835	1	
4	11850	3	
4	17996	1	
4	1588	1	
4	21586	1	
4	1626	1	
4	7774	1	
4	11792	1	
4	4198	1	
4	19560	1	
4	21613	3	
4	3182	1	
4	14448	3	
4	13937	1	
4	1141	2	
4	3197	1	
4	14462	1	
4	4223	1	
4	4227	1	
4	14469	1	
4	19593	1	
4	2699	1	
4	14488	1	
4	6809	2	
4	20649	1	
4	4267	1	
4	22188	1	
4	9901	1	
4	20142	1	
4	16049	1	
4	22198	2	
4	8378	1	
4	20155	2	
4	18108	1	
4	19133	5	
4	703	2	
4	15556	3	
4	2245	1	
4	22223	1	
4	7889	1	
4	17108	1	
4	13525	1	
4	4310	1	
4	20695	4	
4	6361	1	
4	4826	1	
4	10463	2	
4	3809	1	
4	21730	1	
4	12010	2	
4	18155	1	
4	3829	1	
4	15609	1	
4	3199	1	
4	15102	1	
4	15617	6	
4	4868	2	
4	15621	1	
4	8236	1	
4	20235	1	
4	4876	1	
4	19257	1	
4	19726	1	
4	1296	1	
4	3203	2	
4	21782	8	
4	2839	3	
4	2841	6	
4	285	1	
4	7463	1	
4	5929	1	
4	1836	1	
4	13101	1	
4	2873	1	
4	19258	1	
4	4831	1	
4	16702	1	
4	4415	1	
4	8512	1	
4	3905	2	
4	14475	1	
4	15491	1	
4	15184	1	
4	2387	1	
4	6484	1	
4	15701	1	
4	21305	5	
4	19804	1	
4	1375	1	
4	7529	1	
4	15210	3	
4	9072	1	
4	16242	1	
4	16760	1	
4	18154	1	
4	13182	1	
4	17216	2	
4	17290	2	
4	7565	1	
4	16784	1	
4	20882	1	
4	20547	2	
4	9621	1	
4	11672	1	
4	20384	1	
4	2977	1	
4	22442	1	
4	4016	1	
4	18363	1	
4	13216	1	
4	13763	1	
4	13764	1	
4	7109	1	
4	3907	2	
4	11726	1	
4	9167	3	
4	9686	1	
4	4569	1	
4	10204	1	
4	10209	1	
4	10210	1	
4	19939	1	
4	15332	1	
4	4590	1	
4	20466	1	
4	502	1	
4	4599	1	
4	6651	1	
5	5633	1	
5	5638	1	
5	13832	1	
5	13331	2	
5	1048	2	
5	7686	1	
5	7718	1	
5	1068	1	
5	3629	1	
5	10798	1	
5	10799	1	
5	19464	1	
5	12852	1	
5	12341	1	
5	1590	2	
5	19124	1	
5	7741	1	
5	64	1	
5	20547	3	
5	12360	1	
5	588	1	
5	15441	1	
5	21586	3	
5	13398	2	
5	9817	1	
5	1627	1	
5	14437	1	
5	18528	1	
5	10337	1	
5	19557	1	
5	18026	1	
5	21613	1	
5	14448	2	
5	13425	1	
5	13938	1	
5	3702	1	
5	18039	1	
5	14970	1	
5	19580	1	
5	3197	1	
5	13950	2	
5	4223	1	
5	22464	1	
5	1670	1	
5	6791	1	
5	10888	1	
5	10392	1	
5	10397	1	
5	13477	1	
5	13478	1	
5	20655	1	
5	11444	1	
5	12471	1	
5	19133	1	
5	21696	1	
5	13507	1	
5	15556	1	
5	12151	1	
5	13516	1	
5	11982	1	
5	8401	1	
5	10963	1	
5	5333	1	
5	10454	1	
5	10968	1	
5	15579	1	
5	3621	1	
5	7400	1	
5	1257	1	
5	748	1	
5	15096	1	
5	20218	1	
5	15102	1	
5	4868	2	
5	8236	1	
5	13069	1	
5	7952	1	
5	17170	1	
5	21782	2	
5	2839	3	
5	7448	1	
5	2841	1	
5	8989	1	
5	7463	1	
5	19243	1	
5	7471	2	
5	1841	1	
5	21305	1	
5	5951	1	
5	3905	1	
5	4418	1	
5	3907	1	
5	17225	1	
5	8013	1	
5	19285	1	
5	15190	2	
5	15710	1	
5	5993	2	
5	6511	1	
5	5489	1	
5	7538	1	
5	745	1	
5	8064	1	
5	16775	1	
5	10636	1	
5	3991	1	
5	19354	1	
5	21916	1	
5	20384	1	
5	14753	1	
5	3492	1	
5	13223	1	
5	22442	1	
5	329	1	
5	15808	1	
5	9167	4	
5	9171	1	
5	15317	1	
5	9686	1	
5	7147	1	
5	20972	1	
5	8685	1	
5	3060	1	
5	10494	1	
5	4090	1	
6	12288	1	
6	15874	1	
6	19460	1	
6	9733	1	
6	16902	1	
6	13834	1	
6	19468	1	
6	17424	1	
6	17943	3	
6	3621	1	
6	11817	1	
6	1590	1	
6	7223	1	
6	7224	1	
6	22196	1	
6	1375	1	
6	572	1	
6	11329	1	
6	20547	2	
6	1092	1	
6	6213	1	
6	8268	1	
6	21586	2	
6	5717	1	
6	5718	1	
6	7767	1	
6	1626	1	
6	5391	1	
6	18023	2	
6	19048	1	
6	21613	2	
6	21102	1	
6	6257	1	
6	1650	1	
6	10360	1	
6	633	1	
6	14970	2	
6	19579	1	
6	6269	2	
6	13950	1	
6	13951	1	
6	2688	1	
6	14784	1	
6	12930	1	
6	19588	1	
6	4886	1	
6	15499	1	
6	13388	1	
6	3217	1	
6	18030	1	
6	11931	1	
6	14493	2	
6	19616	1	
6	17691	1	
6	13477	3	
6	13937	1	
6	15528	1	
6	1591	1	
6	17066	1	
6	16049	1	
6	19124	1	
6	13398	1	
6	7867	1	
6	18108	1	
6	19133	3	
6	7870	1	
6	21696	1	
6	15558	1	
6	12151	2	
6	18128	1	
6	8401	2	
6	20690	1	
6	10963	1	
6	18133	1	
6	4310	1	
6	20695	4	
6	729	2	
6	10972	1	
6	15994	1	
6	14049	1	
6	13425	1	
6	7400	1	
6	12009	1	
6	12010	1	
6	22258	1	
6	10408	1	
6	10453	1	
6	4867	1	
6	4868	2	
6	7432	1	
6	20234	1	
6	20237	1	
6	19726	1	
6	18191	1	
6	19730	1	
6	4884	1	
6	21782	2	
6	7451	1	
6	8988	1	
6	20255	1	
6	1415	1	
6	18222	1	
6	21305	3	
6	7487	1	
6	8512	1	
6	16706	1	
6	4421	1	
6	17225	1	
6	17227	1	
6	15180	3	
6	8015	1	
6	21841	1	
6	8536	1	
6	2394	1	
6	18783	1	
6	16224	1	
6	22369	2	
6	2407	1	
6	9069	1	
6	20847	3	
6	6000	1	
6	8562	1	
6	21878	1	
6	12663	1	
6	8064	2	
6	16773	1	
6	15751	1	
6	11662	1	
6	7568	1	
6	20882	1	
6	3987	1	
6	8086	1	
6	3991	1	
6	3992	1	
6	7065	1	
6	4509	1	
6	20384	2	
6	18851	1	
6	3492	1	
6	15273	1	
6	2480	3	
6	15794	1	
6	7607	1	
6	8636	1	
6	12733	1	
6	22464	2	
6	4000	1	
6	13763	1	
6	13255	2	
6	17228	1	
6	4555	1	
6	13772	1	
6	4003	1	
6	9684	1	
6	11737	1	
6	10205	2	
6	10727	1	
6	12778	1	
6	8683	1	
6	7148	2	
6	19950	1	
6	21160	1	
6	7160	1	
6	505	1	
6	13819	1	
6	6652	2	
7	14854	1	
7	7690	1	
7	19468	1	
7	15376	1	
7	10072	1	
7	10264	1	
7	10265	1	
7	15903	4	
7	20519	1	
7	11821	1	
7	16946	1	
7	7224	1	
7	13889	1	
7	11843	1	
7	15432	1	
7	15442	1	
7	5717	1	
7	18530	1	
7	9832	1	
7	7785	1	
7	19056	1	
7	19048	1	
7	14969	1	
7	20094	1	
7	12930	1	
7	3731	1	
7	7829	1	
7	3176	1	
7	14448	2	
7	16030	1	
7	10401	1	
7	21160	1	
7	19133	2	
7	2243	1	
7	15556	1	
7	6345	1	
7	12151	1	
7	4303	1	
7	10963	2	
7	11479	1	
7	8920	1	
7	3023	1	
7	10972	1	
7	18144	1	
7	1764	1	
7	17637	1	
7	17638	1	
7	745	1	
7	22262	1	
7	4867	1	
7	10503	1	
7	18185	1	
7	17163	1	
7	4886	1	
7	797	1	
7	16691	1	
7	6965	1	
7	17719	1	
7	21305	2	
7	6976	1	
7	9543	1	
7	15180	1	
7	17230	1	
7	3408	1	
7	11832	1	
7	4438	1	
7	19800	1	
7	15709	1	
7	12656	1	
7	15218	1	
7	12663	1	
7	4074	1	
7	17790	1	
7	8064	1	
7	16775	1	
7	10121	1	
7	4496	1	
7	10641	1	
7	20882	1	
7	3992	1	
7	16799	1	
7	20384	1	
7	4001	1	
7	3493	1	
7	4011	1	
7	7600	1	
7	6075	1	
7	20695	1	
7	11724	1	
7	9167	2	
7	10205	1	
7	15338	1	
7	8685	1	
7	16367	1	
7	19952	1	
7	10408	1	
7	6136	1	
7	4601	1	
7	6651	1	
7	18005	1	
8	12288	1	
8	19460	1	
8	14081	1	
8	17931	1	
8	2578	1	
8	21524	1	
8	15534	1	
8	12825	1	
8	22557	1	
8	9759	1	
8	3620	1	
8	8744	1	
8	22571	1	
8	3629	1	
8	47	1	
8	48	1	
8	49	1	
8	50	1	
8	18995	2	
8	6715	1	
8	3649	2	
8	13890	1	
8	1092	1	
8	1163	1	
8	18505	1	
8	13388	1	
8	18510	1	
8	21586	6	
8	596	1	
8	8797	1	
8	18529	1	
8	18530	1	
8	18023	1	
8	18876	1	
8	13425	1	
8	1650	1	
8	15476	1	
8	17016	1	
8	14969	1	
8	14458	1	
8	16661	2	
8	13445	1	
8	5768	1	
8	18569	1	
8	4235	1	
8	15500	1	
8	4238	1	
8	17041	1	
8	2706	1	
8	21146	1	
8	11931	1	
8	14492	1	
8	9887	1	
8	673	1	
8	13478	1	
8	22188	1	
8	3758	1	
8	16049	1	
8	20155	1	
8	18108	1	
8	19133	2	
8	7870	1	
8	12481	1	
8	2244	2	
8	12151	1	
8	11471	1	
8	7888	1	
8	14033	1	
8	10963	1	
8	20695	3	
8	8143	1	
8	6367	1	
8	16592	1	
8	10449	2	
8	1257	1	
8	12011	1	
8	12013	1	
8	4335	1	
8	6902	1	
8	15102	2	
8	8449	2	
8	4867	1	
8	4868	1	
8	14088	1	
8	4364	1	
8	18197	1	
8	2839	1	
8	7451	1	
8	18209	1	
8	17188	1	
8	17229	1	
8	7463	3	
8	12585	1	
8	8502	1	
8	21305	2	
8	20291	1	
8	8006	1	
8	22344	2	
8	17741	1	
8	9038	1	
8	3408	1	
8	21845	1	
8	15704	1	
8	6489	1	
8	13658	1	
8	19807	1	
8	1376	1	
8	1380	1	
8	9167	1	
8	13159	1	
8	743	1	
8	879	1	
8	20343	1	
8	16252	2	
8	893	1	
8	1408	1	
8	902	1	
8	16775	3	
8	8401	1	
8	20882	1	
8	3991	3	
8	3992	1	
8	3652	2	
8	8607	1	
8	4003	1	
8	11180	1	
8	1453	1	
8	15791	1	
8	5554	1	
8	20915	1	
8	671	1	
8	1980	1	
8	16831	1	
8	22464	1	
8	11714	2	
8	7112	1	
8	20429	1	
8	8013	1	
8	5593	1	
8	1499	1	
8	2524	1	
8	5085	1	
8	16891	1	
8	12778	1	
8	8683	1	
8	10225	1	
8	8180	1	
8	8184	1	
8	16377	1	
8	11771	1	
8	6652	1	
8	16893	1	
8	15701	1	
9	13316	1	
9	18952	1	
9	1545	1	
9	22026	1	
9	9227	1	
9	13836	1	
9	19800	1	
9	16915	1	
9	1044	1	
9	12309	1	
9	12310	1	
9	5977	1	
9	10265	1	
9	18975	1	
9	18267	1	
9	8229	1	
9	6694	2	
9	22571	3	
9	3629	1	
9	22062	1	
9	12354	1	
9	1092	1	
9	1606	1	
9	15432	1	
9	22601	1	
9	13388	1	
9	21586	1	
9	13912	1	
9	15452	1	
9	11870	1	
9	9831	1	
9	21608	1	
9	21613	1	
9	9839	1	
9	3652	1	
9	13937	1	
9	3702	1	
9	15479	1	
9	21963	1	
9	12930	1	
9	6282	1	
9	12427	1	
9	1167	1	
9	1304	1	
9	4754	1	
9	11926	1	
9	18072	1	
9	5927	1	
9	10396	1	
9	673	1	
9	10915	1	
9	13477	2	
9	9901	1	
9	1711	1	
9	4277	1	
9	20151	1	
9	8892	1	
9	19133	1	
9	4799	1	
9	6339	1	
9	16075	1	
9	4303	2	
9	18128	1	
9	4306	1	
9	10963	1	
9	18133	1	
9	11471	3	
9	19460	1	
9	4831	1	
9	4323	1	
9	4836	1	
9	1256	1	
9	14448	1	
9	746	1	
9	5867	1	
9	21202	1	
9	4850	1	
9	8062	1	
9	9684	1	
9	4867	1	
9	20234	1	
9	11021	1	
9	17172	1	
9	16661	1	
9	18200	1	
9	1305	1	
9	16668	1	
9	18209	1	
9	7463	1	
9	21803	1	
9	16691	1	
9	12086	1	
9	15671	1	
9	21305	1	
9	10045	1	
9	13120	1	
9	17225	1	
9	8013	1	
9	3408	1	
9	12625	3	
9	14677	1	
9	4440	1	
9	6489	1	
9	1371	1	
9	15205	1	
9	360	1	
9	9065	1	
9	999	1	
9	364	1	
9	9069	3	
9	6511	1	
9	13681	1	
9	17788	1	
9	1917	1	
9	17790	2	
9	18818	1	
9	16775	1	
9	10636	1	
9	10392	1	
9	20882	1	
9	15954	1	
9	3992	1	
9	7236	1	
9	8607	2	
9	20384	1	
9	15266	1	
9	13223	1	
9	11932	1	
9	9644	1	
9	8621	1	
9	15794	1	
9	15800	1	
9	12716	1	
9	16833	1	
9	19396	1	
9	11723	1	
9	21455	1	
9	8660	1	
9	7637	1	
9	9691	1	
9	19939	1	
9	10727	1	
9	7658	1	
9	7660	1	
9	8685	1	
9	7154	1	
9	4601	1	
9	16891	1	
9	6652	1	
9	21845	1	
10	12288	2	
10	19464	1	
10	13834	1	
10	13331	1	
10	12825	2	
10	6687	1	
10	4654	1	
10	7237	1	
10	18532	1	
10	21094	1	
10	9831	1	
10	6771	1	
10	14969	1	
10	18042	1	
10	6269	1	
10	12930	2	
10	14473	1	
10	17041	1	
10	11931	1	
10	13255	1	
10	13488	1	
10	19124	1	
10	3258	1	
10	18975	1	
10	19133	1	
10	2239	1	
10	6345	1	
10	4303	1	
10	5333	1	
10	20695	1	
10	5337	1	
10	7901	1	
10	1764	2	
10	8421	1	
10	1766	1	
10	7400	1	
10	1257	1	
10	21227	1	
10	21230	1	
10	762	1	
10	4868	1	
10	2309	1	
10	18182	1	
10	19208	1	
10	16661	2	
10	4886	1	
10	2839	1	
10	7457	1	
10	5927	1	
10	2873	1	
10	12602	1	
10	8512	1	
10	4418	1	
10	22346	1	
10	8013	2	
10	3408	1	
10	21841	1	
10	21845	1	
10	4438	1	
10	21305	1	
10	22368	1	
10	19811	1	
10	364	1	
10	9069	2	
10	6511	1	
10	6516	1	
10	5498	1	
10	3392	1	
10	16260	1	
10	16775	1	
10	20384	1	
10	15784	1	
10	9142	1	
10	18876	1	
10	16833	1	
10	19398	1	
10	11719	1	
10	4555	1	
10	9167	1	
10	1506	2	
10	19939	1	
10	8683	1	
10	8685	1	
10	16367	2	
10	16373	1	
10	14327	1	
10	16891	1	
10	6652	1	
10	3413	1	
11	12288	1	
11	19460	1	
11	15190	1	
11	7687	1	
11	3088	1	
11	5464	1	
11	19478	1	
11	1048	1	
11	16409	1	
11	2589	1	
11	6687	1	
11	19491	1	
11	22571	1	
11	3629	1	
11	5682	1	
11	6718	1	
11	14919	1	
11	12360	1	
11	7241	2	
11	588	2	
11	13389	1	
11	7764	1	
11	15971	1	
11	13933	1	
11	13937	1	
11	14974	1	
11	19588	1	
11	6281	1	
11	13969	1	
11	659	1	
11	16539	1	
11	10096	1	
11	2211	1	
11	9892	3	
11	13425	1	
11	2216	2	
11	16901	1	
11	3758	1	
11	10269	1	
11	15903	1	
11	10428	1	
11	19133	2	
11	11979	3	
11	20686	1	
11	721	1	
11	9434	2	
11	14051	1	
11	7400	1	
11	3825	1	
11	1067	1	
11	19718	1	
11	17671	1	
11	20237	1	
11	17171	1	
11	18197	2	
11	21782	1	
11	8988	1	
11	11042	1	
11	18222	1	
11	13113	1	
11	19263	1	
11	12609	1	
11	19787	1	
11	3408	2	
11	12625	1	
11	15186	1	
11	4438	1	
11	21305	2	
11	15192	1	
11	17241	1	
11	18267	1	
11	22364	1	
11	1375	1	
11	22368	2	
11	22369	1	
11	2914	1	
11	5475	1	
11	15206	1	
11	5995	1	
11	13167	1	
11	15216	1	
11	12663	1	
11	2943	2	
11	1921	1	
11	18818	1	
11	15751	1	
11	5513	1	
11	17290	1	
11	2446	2	
11	10733	1	
11	4496	1	
11	20882	1	
11	10644	1	
11	3991	1	
11	1945	1	
11	20384	1	
11	13979	1	
11	12201	1	
11	4011	1	
11	15279	1	
11	16308	1	
11	1466	1	
11	1467	2	
11	11714	1	
11	4053	1	
11	10205	1	
11	6622	1	
11	7655	1	
11	4073	1	
11	4074	1	
11	16877	1	
11	16366	1	
11	1013	1	
11	16374	1	
11	4602	1	
11	13819	1	
12	7683	1	
12	7684	3	
12	19461	1	
12	7686	2	
12	7687	1	
12	15532	1	
12	1547	1	
12	17936	1	
12	15890	1	
12	18965	1	
12	5142	1	
12	19460	1	
12	10267	1	
12	13316	2	
12	15903	4	
12	3621	1	
12	14088	1	
12	1074	1	
12	19124	2	
12	11787	1	
12	14919	1	
12	7241	1	
12	17485	2	
12	10833	1	
12	21586	5	
12	5718	1	
12	7258	1	
12	7777	1	
12	5733	1	
12	10731	1	
12	7868	2	
12	13421	2	
12	21102	1	
12	2159	1	
12	625	1	
12	6770	1	
12	21619	1	
12	17014	1	
12	14456	1	
12	20095	1	
12	6275	1	
12	13444	1	
12	13445	2	
12	13961	1	
12	7827	1	
12	18030	3	
12	12446	1	
12	9887	2	
12	9892	2	
12	13425	3	
12	10408	1	
12	22188	2	
12	14509	1	
12	3764	1	
12	13493	1	
12	10428	1	
12	4799	2	
12	22209	1	
12	11979	3	
12	15566	1	
12	3796	1	
12	12501	1	
12	11991	1	
12	14552	1	
12	9434	1	
12	10973	1	
12	21727	1	
12	7397	1	
12	7400	1	
12	10985	1	
12	748	1	
12	2944	1	
12	14574	2	
12	11513	1	
12	15613	1	
12	8449	3	
12	14082	1	
12	4868	1	
12	2309	1	
12	10504	1	
12	18185	1	
12	17163	1	
12	6925	1	
12	17172	1	
12	745	1	
12	14469	1	
12	8992	1	
12	10531	1	
12	7463	1	
12	2348	1	
12	7471	2	
12	8500	1	
12	3392	1	
12	4419	1	
12	13129	1	
12	12110	2	
12	3408	1	
12	21330	1	
12	17747	1	
12	14677	1	
12	15190	1	
12	8027	1	
12	5474	1	
12	10214	1	
12	999	1	
12	9069	1	
12	17128	1	
12	12151	1	
12	21364	1	
12	6377	1	
12	2943	1	
12	1408	1	
12	1922	1	
12	3459	1	
12	16774	1	
12	2442	1	
12	3991	3	
12	17815	1	
12	13723	1	
12	5534	1	
12	15775	1	
12	17312	2	
12	10145	1	
12	20389	1	
12	11180	1	
12	9033	1	
12	6065	1	
12	4531	2	
12	4533	1	
12	17225	1	
12	1976	1	
12	1466	1	
12	6075	1	
12	11708	1	
12	20384	2	
12	6561	1	
12	15819	1	
12	13772	2	
12	20429	1	
12	9167	1	
12	13274	1	
12	8668	1	
12	486	1	
12	3047	1	
12	10407	1	
12	5970	1	
12	16367	1	
12	11760	1	
12	2216	1	
12	7155	1	
12	3060	1	
12	16888	1	
12	6652	2	
13	12288	1	
13	8193	1	
13	15874	1	
13	19460	2	
13	19286	1	
13	1545	1	
13	7690	2	
13	526	1	
13	15376	1	
13	10261	1	
13	1048	1	
13	10265	1	
13	15903	2	
13	19490	1	
13	19492	1	
13	3621	1	
13	4647	1	
13	22571	1	
13	3629	1	
13	10287	1	
13	20915	1	
13	1076	1	
13	14686	1	
13	3130	1	
13	20027	1	
13	13887	1	
13	15426	1	
13	8771	2	
13	7236	1	
13	12360	1	
13	6924	1	
13	13388	1	
13	18510	1	
13	10832	1	
13	4491	2	
13	15442	1	
13	4695	1	
13	8720	1	
13	19555	1	
13	10854	1	
13	15548	3	
13	12394	1	
13	21613	1	
13	21617	1	
13	6771	1	
13	10357	1	
13	7785	2	
13	12920	1	
13	15994	1	
13	19900	1	
13	4221	2	
13	13950	1	
13	15491	1	
13	13961	1	
13	14474	1	
13	19480	1	
13	6290	1	
13	10392	1	
13	13979	1	
13	10397	1	
13	14495	1	
13	9072	1	
13	13766	1	
13	13937	3	
13	13992	1	
13	6126	1	
13	11946	1	
13	22188	1	
13	1711	2	
13	10928	1	
13	712	1	
13	19124	1	
13	12471	1	
13	3258	1	
13	8892	3	
13	19133	1	
13	6337	1	
13	17608	1	
13	15566	1	
13	632	1	
13	11992	1	
13	4313	1	
13	1754	2	
13	19675	1	
13	10972	2	
13	5755	1	
13	12010	1	
13	22252	1	
13	19694	1	
13	6896	1	
13	14583	1	
13	18174	1	
13	1281	1	
13	14082	1	
13	11524	1	
13	20232	1	
13	20234	1	
13	17163	2	
13	4364	1	
13	12625	1	
13	8749	1	
13	10515	3	
13	16662	1	
13	8989	1	
13	14622	1	
13	8992	1	
13	9691	1	
13	804	1	
13	7463	1	
13	5929	2	
13	1459	1	
13	18222	1	
13	15666	1	
13	16691	1	
13	20277	1	
13	19258	1	
13	12604	1	
13	19263	1	
13	3392	1	
13	833	1	
13	4418	1	
13	20803	1	
13	4421	1	
13	993	1	
13	19787	1	
13	17228	1	
13	12110	1	
13	3408	3	
13	15185	1	
13	21330	1	
13	10579	1	
13	8020	1	
13	14677	1	
13	4438	1	
13	22363	1	
13	861	1	
13	22366	1	
13	15202	1	
13	2407	1	
13	5993	3	
13	21323	1	
13	8043	1	
13	9069	4	
13	4463	1	
13	12656	1	
13	2416	1	
13	4868	1	
13	20343	1	
13	17788	1	
13	1918	1	
13	5503	1	
13	18818	1	
13	12163	1	
13	1924	1	
13	4486	1	
13	2442	2	
13	17291	1	
13	2446	2	
13	8079	1	
13	4496	2	
13	11156	1	
13	7150	1	
13	11162	2	
13	13723	1	
13	17818	1	
13	17312	1	
13	7592	1	
13	15279	3	
13	7752	1	
13	17331	1	
13	1466	3	
13	1467	1	
13	1468	1	
13	22464	1	
13	13763	1	
13	4550	1	
13	13772	2	
13	9167	1	
13	4049	1	
13	10201	1	
13	18907	1	
13	10206	1	
13	15184	1	
13	20452	1	
13	3047	1	
13	10222	1	
13	10225	1	
13	18686	1	
13	19016	1	
13	13821	1	
14	12288	1	
14	19460	1	
14	9227	1	
14	17424	1	
14	3090	1	
14	10265	1	
14	13316	1	
14	15903	1	
14	19492	1	
14	16049	1	
14	8753	1	
14	1074	1	
14	568	1	
14	13889	1	
14	12354	1	
14	1092	2	
14	588	1	
14	13389	2	
14	590	1	
14	592	1	
14	17490	1	
14	7765	1	
14	17494	1	
14	8797	1	
14	4193	1	
14	12390	1	
14	700	1	
14	21615	1	
14	17520	1	
14	625	1	
14	9067	1	
14	13444	1	
14	19589	1	
14	13963	1	
14	19599	1	
14	13969	1	
14	11887	2	
14	9072	1	
14	5795	1	
14	13937	1	
14	11434	2	
14	10928	1	
14	13768	1	
14	19124	2	
14	5301	1	
14	19126	1	
14	8892	2	
14	8898	1	
14	17608	1	
14	13514	2	
14	11479	1	
14	5337	1	
14	10975	1	
14	7397	1	
14	9169	1	
14	745	1	
14	4330	1	
14	20723	1	
14	2307	1	
14	4868	1	
14	14088	1	
14	17163	1	
14	4364	1	
14	7952	1	
14	16661	1	
14	5911	1	
14	15128	1	
14	5764	1	
14	7451	1	
14	13445	1	
14	10531	1	
14	21292	1	
14	5936	1	
14	1844	1	
14	1336	1	
14	12602	1	
14	11067	1	
14	5443	1	
14	22344	1	
14	13129	1	
14	12110	1	
14	3408	4	
14	12625	1	
14	8532	1	
14	21845	2	
14	12632	1	
14	1371	1	
14	22368	1	
14	3217	1	
14	8043	1	
14	9069	1	
14	6511	1	
14	12656	1	
14	16242	1	
14	7540	1	
14	12151	1	
14	1924	1	
14	4491	2	
14	10636	1	
14	10637	1	
14	2446	1	
14	4506	1	
14	6554	1	
14	20384	2	
14	15266	1	
14	15268	1	
14	13223	1	
14	15784	1	
14	7600	1	
14	1459	1	
14	7604	1	
14	1466	2	
14	6075	1	
14	19900	1	
14	1992	1	
14	4049	1	
14	9687	1	
14	9691	1	
14	10205	2	
14	11600	1	
14	13797	2	
14	21586	3	
14	7664	1	
14	14324	1	
14	4602	1	
14	6651	1	
14	14677	1	
15	7684	1	
15	22188	2	
15	7690	1	
15	15371	1	
15	13838	1	
15	528	1	
15	1047	1	
15	1048	1	
15	13316	2	
15	15903	2	
15	3106	1	
15	700	1	
15	2596	1	
15	22571	1	
15	8749	1	
15	16434	1	
15	7603	1	
15	13834	1	
15	12354	1	
15	12360	1	
15	15948	1	
15	9809	1	
15	21586	2	
15	7764	1	
15	11193	1	
15	15432	1	
15	7769	1	
15	602	1	
15	8797	1	
15	17424	2	
15	13412	1	
15	9831	1	
15	21097	1	
15	15981	1	
15	20095	1	
15	13451	1	
15	19599	1	
15	13969	1	
15	21141	1	
15	6809	1	
15	17066	1	
15	15532	2	
15	1711	1	
15	2224	1	
15	6331	1	
15	8892	2	
15	800	1	
15	5318	1	
15	17608	1	
15	719	1	
15	16592	1	
15	5841	1	
15	18645	1	
15	19204	1	
15	11482	1	
15	10972	1	
15	10975	3	
15	18144	1	
15	22252	1	
15	22262	1	
15	17659	1	
15	8064	1	
15	14082	1	
15	4868	1	
15	2309	1	
15	9232	1	
15	2314	1	
15	7952	1	
15	5394	1	
15	4884	2	
15	16661	1	
15	16662	1	
15	7451	1	
15	14622	1	
15	20256	1	
15	13532	1	
15	1841	1	
15	4403	1	
15	1335	1	
15	20281	1	
15	12604	1	
15	12609	1	
15	15170	1	
15	13963	1	
15	22340	1	
15	12110	1	
15	4432	1	
15	12625	1	
15	14677	2	
15	4438	1	
15	9047	2	
15	2394	1	
15	22364	1	
15	11113	1	
15	9069	1	
15	6511	1	
15	10096	2	
15	17791	1	
15	1408	1	
15	16774	1	
15	2446	1	
15	4496	1	
15	4498	1	
15	10652	1	
15	15774	1	
15	20384	1	
15	15266	1	
15	20389	1	
15	12716	1	
15	7601	2	
15	1458	1	
15	4019	1	
15	16825	1	
15	10172	1	
15	1469	1	
15	7584	1	
15	13768	1	
15	9167	1	
15	14800	1	
15	10205	1	
15	6622	1	
15	11232	1	
15	7660	2	
15	16882	1	
15	6646	1	
15	505	1	
15	18428	1	
15	8021	1	
16	11779	1	
16	10244	1	
16	9733	1	
16	9227	1	
16	15376	1	
16	15378	1	
16	10264	1	
16	19460	2	
16	17436	1	
16	15903	3	
16	6694	1	
16	11815	1	
16	3627	1	
16	3629	1	
16	2098	1	
16	12852	1	
16	18014	1	
16	13889	2	
16	8771	1	
16	4677	1	
16	8262	1	
16	16970	1	
16	13388	1	
16	590	1	
16	9809	1	
16	21586	2	
16	10323	1	
16	5716	1	
16	5207	1	
16	20569	1	
16	1118	1	
16	19553	1	
16	9831	1	
16	10857	2	
16	6770	1	
16	7785	2	
16	14969	1	
16	7608	1	
16	1668	1	
16	5767	1	
16	13961	1	
16	12938	1	
16	13963	1	
16	13970	1	
16	11931	1	
16	18076	1	
16	16541	1	
16	13985	1	
16	15532	1	
16	689	1	
16	19124	1	
16	5301	1	
16	3258	1	
16	8892	2	
16	7361	1	
16	17608	1	
16	9170	1	
16	20343	1	
16	721	1	
16	14552	1	
16	10972	1	
16	10975	3	
16	16608	2	
16	14800	2	
16	7396	1	
16	13031	1	
16	13778	1	
16	9458	1	
16	22262	1	
16	14583	1	
16	18686	1	
16	11007	1	
16	14082	1	
16	4868	1	
16	1410	1	
16	5391	1	
16	17681	1	
16	2834	1	
16	16661	1	
16	15128	1	
16	20255	1	
16	17185	1	
16	15653	1	
16	7463	1	
16	5929	1	
16	10205	1	
16	12076	1	
16	18222	1	
16	7471	2	
16	21304	1	
16	12602	1	
16	831	1	
16	833	1	
16	835	1	
16	22346	1	
16	8012	1	
16	12110	1	
16	15184	1	
16	12625	2	
16	14677	1	
16	9047	2	
16	4440	1	
16	8026	1	
16	18267	1	
16	2399	1	
16	4451	1	
16	2407	1	
16	19816	1	
16	8043	1	
16	9069	1	
16	12656	1	
16	5489	1	
16	12663	2	
16	17788	1	
16	1918	1	
16	1408	1	
16	18818	1	
16	12779	1	
16	16772	1	
16	15751	1	
16	7050	1	
16	10636	1	
16	5517	1	
16	7566	1	
16	17807	1	
16	4496	1	
16	20803	2	
16	7584	1	
16	15266	2	
16	1443	1	
16	15273	1	
16	19373	1	
16	7600	2	
16	9141	1	
16	6070	1	
16	1976	1	
16	6075	1	
16	19900	1	
16	15808	1	
16	20384	1	
16	13255	1	
16	13772	1	
16	9167	1	
16	13776	1	
16	15314	1	
16	6099	1	
16	9687	1	
16	5592	1	
16	9691	1	
16	4573	1	
16	14814	1	
16	19938	1	
16	13979	1	
16	3047	1	
16	6652	2	
16	15339	1	
16	499	1	
16	2556	1	
17	12288	2	
17	13316	2	
17	7686	1	
17	21601	1	
17	7690	1	
17	1547	1	
17	9232	1	
17	17428	1	
17	19460	1	
17	10780	1	
17	18975	1	
17	21168	1	
17	3621	1	
17	1068	1	
17	12336	1	
17	4145	1	
17	1074	1	
17	12354	1	
17	7236	1	
17	14407	1	
17	17480	1	
17	11341	1	
17	592	1	
17	16978	1	
17	4691	2	
17	15444	1	
17	7765	1	
17	7768	1	
17	602	1	
17	12891	2	
17	13404	1	
17	8797	1	
17	19553	1	
17	21606	1	
17	7782	1	
17	8892	1	
17	19050	1	
17	13937	1	
17	15986	1	
17	15987	1	
17	11113	1	
17	6776	1	
17	18042	1	
17	14459	1	
17	12394	1	
17	5246	1	
17	13445	1	
17	7303	1	
17	18569	1	
17	1163	1	
17	1164	1	
17	1167	1	
17	1170	1	
17	3731	1	
17	21141	1	
17	10265	1	
17	7323	1	
17	625	1	
17	14509	1	
17	13488	1	
17	10417	1	
17	19124	1	
17	4284	1	
17	19133	3	
17	703	1	
17	10433	1	
17	13510	1	
17	7880	1	
17	16586	1	
17	4314	1	
17	10975	1	
17	6368	1	
17	7915	1	
17	4969	1	
17	7409	1	
17	9458	1	
17	11007	1	
17	14081	1	
17	6405	2	
17	18183	1	
17	7952	3	
17	15128	1	
17	797	1	
17	1825	1	
17	2344	1	
17	5929	1	
17	18222	1	
17	7471	1	
17	13961	1	
17	20794	1	
17	7903	1	
17	15170	1	
17	19783	1	
17	19787	1	
17	10854	1	
17	12110	1	
17	7508	1	
17	4438	1	
17	6489	1	
17	18267	1	
17	4451	1	
17	4452	1	
17	19817	1	
17	8043	2	
17	9069	3	
17	7684	1	
17	6516	1	
17	12162	1	
17	15682	1	
17	7062	1	
17	15770	1	
17	22437	1	
17	7081	1	
17	15275	1	
17	9644	2	
17	18864	1	
17	15432	1	
17	1976	1	
17	1466	1	
17	19900	1	
17	13763	1	
17	4037	1	
17	13766	1	
17	13772	1	
17	20429	1	
17	9167	2	
17	9170	1	
17	9171	1	
17	18393	1	
17	10205	1	
17	21586	1	
17	12360	1	
17	6652	2	
18	12288	2	
18	8193	1	
18	19460	1	
18	7686	1	
18	22024	1	
18	11815	1	
18	13834	1	
18	11792	1	
18	2068	1	
18	10264	1	
18	10265	1	
18	15903	4	
18	3621	2	
18	6695	1	
18	10798	1	
18	17463	1	
18	18227	1	
18	5186	1	
18	8771	2	
18	3652	1	
18	22601	1	
18	11850	1	
18	592	1	
18	21586	3	
18	13404	1	
18	5732	1	
18	4199	1	
18	18030	1	
18	13937	1	
18	18546	1	
18	18042	1	
18	6269	1	
18	14463	1	
18	15491	1	
18	6276	1	
18	14469	1	
18	1163	1	
18	1164	1	
18	1679	1	
18	13969	1	
18	19093	1	
18	20505	1	
18	7323	2	
18	16540	1	
18	16030	1	
18	4255	1	
18	7844	1	
18	14509	3	
18	3258	1	
18	19133	5	
18	1227	1	
18	4303	1	
18	7888	1	
18	19675	1	
18	15994	1	
18	18144	1	
18	6372	2	
18	16103	1	
18	10472	1	
18	747	1	
18	1833	1	
18	11007	1	
18	1280	1	
18	14081	1	
18	4364	1	
18	15632	1	
18	4884	2	
18	797	1	
18	20255	1	
18	8992	1	
18	2345	1	
18	12076	1	
18	18222	1	
18	16691	1	
18	20794	1	
18	7483	1	
18	12604	2	
18	7485	1	
18	7487	1	
18	3392	2	
18	10566	1	
18	15694	1	
18	8015	1	
18	3408	3	
18	12625	2	
18	8532	1	
18	14677	2	
18	9047	1	
18	3935	1	
18	8549	1	
18	11264	1	
18	8043	1	
18	9069	2	
18	13681	1	
18	6516	1	
18	626	1	
18	19323	1	
18	4486	1	
18	7560	1	
18	10636	1	
18	10638	1	
18	4495	1	
18	15266	1	
18	18851	1	
18	20389	2	
18	13223	1	
18	11471	1	
18	1459	1	
18	1466	1	
18	11709	1	
18	22464	3	
18	7621	1	
18	13772	2	
18	9167	1	
18	16848	1	
18	9687	1	
18	18393	1	
18	4574	1	
18	9125	1	
18	13796	1	
18	7655	2	
18	15849	1	
18	11757	1	
18	499	1	
18	16373	1	
18	505	1	
18	6651	1	
19	5632	1	
19	19460	1	
19	12805	1	
19	11787	1	
19	9232	1	
19	10264	1	
19	10268	1	
19	8236	1	
19	16430	1	
19	1076	1	
19	8771	2	
19	1092	1	
19	17996	1	
19	13389	1	
19	21586	1	
19	13412	1	
19	14448	1	
19	21619	1	
19	17016	1	
19	14969	1	
19	14985	2	
19	1163	1	
19	13994	1	
19	19124	1	
19	5301	1	
19	8378	1	
19	8892	1	
19	19133	1	
19	6857	1	
19	20686	1	
19	721	1	
19	6372	3	
19	15609	1	
19	2812	1	
19	11007	1	
19	16131	1	
19	20012	1	
19	20234	1	
19	13069	1	
19	7952	1	
19	16662	1	
19	285	1	
19	17188	1	
19	21295	1	
19	19764	1	
19	16705	1	
19	20803	1	
19	4421	1	
19	8012	1	
19	4941	1	
19	12110	1	
19	3408	1	
19	12625	1	
19	11603	1	
19	4438	1	
19	18267	1	
19	3943	1	
19	8043	1	
19	9072	1	
19	13682	1	
19	20343	1	
19	1410	1	
19	5509	1	
19	7568	1	
19	15763	1	
19	8086	1	
19	13723	1	
19	4509	1	
19	15774	1	
19	20384	1	
19	15266	1	
19	1445	1	
19	9644	1	
19	12787	1	
19	16831	1	
19	22464	4	
19	11714	1	
19	13766	1	
19	13768	2	
19	16204	1	
19	13772	1	
19	7635	1	
19	22437	1	
19	10725	1	
19	15185	1	
19	6127	1	
19	21843	1	
19	14324	1	
19	6652	1	
20	19460	1	
20	16901	1	
20	13832	2	
20	9227	1	
20	17424	1	
20	10264	1	
20	19993	1	
20	10268	1	
20	5149	1	
20	4639	2	
20	11850	1	
20	11817	2	
20	8236	1	
20	3629	1	
20	10798	1	
20	18955	1	
20	569	1	
20	8765	2	
20	8771	1	
20	8261	1	
20	15434	1	
20	588	1	
20	21586	3	
20	5717	1	
20	3676	1	
20	8797	1	
20	12897	1	
20	15976	1	
20	7785	2	
20	3943	1	
20	21613	1	
20	5742	1	
20	13937	3	
20	17013	1	
20	17016	1	
20	6777	1	
20	9398	1	
20	2179	2	
20	19589	1	
20	5119	1	
20	14985	1	
20	20109	1	
20	13969	3	
20	5661	1	
20	18030	1	
20	19094	1	
20	19607	1	
20	7323	2	
20	7326	1	
20	2416	2	
20	21845	1	
20	10920	1	
20	11434	1	
20	17067	2	
20	22188	1	
20	9901	1	
20	15534	1	
20	1711	1	
20	4785	1	
20	19126	1	
20	8375	1	
20	21364	1	
20	3258	1	
20	15903	1	
20	8892	1	
20	19133	1	
20	20167	1	
20	17608	1	
20	20686	1	
20	15567	1	
20	721	2	
20	5331	1	
20	18133	1	
20	4310	1	
20	22232	1	
20	4314	1	
20	13255	3	
20	10972	1	
20	6368	1	
20	6372	2	
20	7400	2	
20	22252	1	
20	15090	1	
20	1918	1	
20	22262	1	
20	15610	1	
20	14081	1	
20	10499	1	
20	4868	1	
20	19718	1	
20	21889	1	
20	20012	1	
20	17162	1	
20	19726	1	
20	5391	1	
20	17170	2	
20	17172	1	
20	16661	2	
20	15127	1	
20	15128	1	
20	7471	1	
20	8988	1	
20	13445	2	
20	11483	1	
20	19238	1	
20	7463	2	
20	18222	1	
20	21295	1	
20	19764	2	
20	9527	1	
20	3392	1	
20	20806	1	
20	16203	1	
20	16204	2	
20	20813	1	
20	3408	2	
20	4433	1	
20	14677	3	
20	4438	1	
20	9047	1	
20	4440	1	
20	18267	1	
20	861	1	
20	22369	2	
20	4497	1	
20	5993	1	
20	10727	1	
20	9069	2	
20	6511	1	
20	1392	1	
20	13957	1	
20	20343	1	
20	8571	1	
20	17790	1	
20	7041	1	
20	14725	1	
20	15751	2	
20	4492	1	
20	8079	1	
20	16273	1	
20	22418	1	
20	409	1	
20	15774	2	
20	20384	1	
20	15266	3	
20	2980	1	
20	1445	2	
20	7592	1	
20	7600	1	
20	435	1	
20	19900	2	
20	8778	1	
20	1174	1	
20	22464	7	
20	13763	1	
20	673	1	
20	13388	1	
20	9167	1	
20	13776	1	
20	10209	1	
20	19938	1	
20	12625	3	
20	1002	1	
20	7659	1	
20	16366	2	
20	10096	1	
20	7664	1	
20	16882	1	
20	15548	1	
20	5627	1	
20	10410	1	
20	12799	1	
21	12288	2	
21	7680	2	
21	7683	1	
21	7690	1	
21	12311	1	
21	10264	1	
21	10265	3	
21	15903	1	
21	10928	1	
21	10276	1	
21	3621	1	
21	4647	1	
21	8750	1	
21	4146	1	
21	12852	2	
21	4671	1	
21	9072	1	
21	20547	1	
21	13389	1	
21	6734	1	
21	11855	1	
21	11856	1	
21	21586	3	
21	595	1	
21	5716	1	
21	4366	1	
21	5207	1	
21	13404	1	
21	19555	1	
21	7782	1	
21	15976	1	
21	4284	1	
21	19730	1	
21	14448	1	
21	6770	1	
21	4723	1	
21	22133	1	
21	7785	1	
21	17016	1	
21	6265	1	
21	4218	1	
21	4220	1	
21	15808	2	
21	19588	1	
21	14469	1	
21	14985	1	
21	3217	1	
21	11927	1	
21	10096	1	
21	13766	2	
21	10407	1	
21	17066	1	
21	5951	1	
21	22188	1	
21	9901	1	
21	11440	1	
21	19124	6	
21	7867	1	
21	8892	3	
21	19133	6	
21	17013	1	
21	4294	1	
21	17608	1	
21	9417	1	
21	17015	1	
21	13516	2	
21	15566	1	
21	719	1	
21	16082	1	
21	16083	1	
21	17108	1	
21	10453	1	
21	17017	1	
21	4313	1	
21	11995	2	
21	10972	1	
21	14970	1	
21	1758	1	
21	10975	1	
21	8571	1	
21	12010	1	
21	748	2	
21	8771	1	
21	22262	1	
21	10452	1	
21	18686	1	
21	11007	1	
21	18181	1	
21	3846	1	
21	17671	1	
21	20232	1	
21	4873	1	
21	17163	1	
21	4364	2	
21	13069	1	
21	3342	2	
21	5391	1	
21	19728	1	
21	4056	1	
21	17170	1	
21	5996	1	
21	16662	1	
21	18200	1	
21	13444	1	
21	797	1	
21	19743	1	
21	20256	1	
21	8993	1	
21	19746	1	
21	18222	1	
21	7471	2	
21	18133	1	
21	14473	1	
21	21304	1	
21	2873	1	
21	20794	1	
21	9023	1	
21	17216	1	
21	15170	1	
21	4421	1	
21	1351	1	
21	13131	1	
21	3408	1	
21	12625	2	
21	11603	1	
21	4438	2	
21	21817	1	
21	858	2	
21	22368	2	
21	9569	1	
21	1890	1	
21	1380	1	
21	5993	1	
21	8043	2	
21	3948	1	
21	9069	2	
21	6512	1	
21	10097	1	
21	16242	1	
21	16758	1	
21	19519	1	
21	12670	1	
21	1408	1	
21	1410	1	
21	16774	1	
21	13445	1	
21	22252	1	
21	4492	1	
21	2417	1	
21	12905	1	
21	19347	1	
21	14743	1	
21	15774	2	
21	13727	1	
21	20384	2	
21	15266	1	
21	1443	1	
21	20389	1	
21	13223	1	
21	17322	1	
21	18864	1	
21	1459	1	
21	17846	1	
21	10679	1	
21	1466	1	
21	22464	6	
21	11714	1	
21	17861	1	
21	19398	1	
21	13961	1	
21	9167	1	
21	18053	1	
21	18851	1	
21	20952	1	
21	10206	1	
21	7655	1	
21	18420	1	
21	6136	1	
21	13821	1	
21	15957	1	
22	1537	1	
22	6149	1	
22	16385	1	
22	14858	1	
22	17424	2	
22	13331	2	
22	1047	1	
22	17435	1	
22	4636	1	
22	18975	1	
22	4128	1	
22	7690	1	
22	7655	1	
22	18477	1	
22	4142	1	
22	6193	1	
22	17973	1	
22	572	1	
22	8765	1	
22	17985	1	
22	12354	2	
22	3260	1	
22	4145	1	
22	8262	1	
22	2119	1	
22	4169	1	
22	21579	1	
22	13389	2	
22	11855	1	
22	21586	5	
22	4691	1	
22	6233	1	
22	5722	1	
22	13412	1	
22	12390	1	
22	4284	1	
22	11887	1	
22	14448	1	
22	21617	1	
22	10867	1	
22	22132	1	
22	6773	1	
22	5482	1	
22	4225	1	
22	6786	1	
22	15491	1	
22	5765	1	
22	15494	1	
22	18568	1	
22	13961	1	
22	7306	1	
22	13451	1	
22	3217	1	
22	10386	1	
22	13763	1	
22	19093	1	
22	19606	1	
22	673	1	
22	13937	1	
22	7848	1	
22	17066	1	
22	15532	1	
22	18282	1	
22	21679	1	
22	6771	1	
22	19124	3	
22	15033	1	
22	20255	1	
22	8892	2	
22	19133	2	
22	9918	1	
22	1141	1	
22	2244	1	
22	15558	1	
22	12663	2	
22	20686	1	
22	18128	1	
22	721	1	
22	16082	1	
22	11992	2	
22	7897	1	
22	8412	2	
22	4831	1	
22	4304	1	
22	10717	1	
22	14545	1	
22	4844	1	
22	14469	1	
22	21232	1	
22	4852	1	
22	17657	1	
22	15610	1	
22	17661	1	
22	15102	1	
22	5888	1	
22	17154	1	
22	4868	1	
22	20234	1	
22	17164	1	
22	19726	1	
22	5394	1	
22	4885	1	
22	2329	1	
22	21295	1	
22	19741	1	
22	13957	1	
22	21979	1	
22	7463	1	
22	1834	1	
22	5935	1	
22	5936	1	
22	1841	1	
22	12082	1	
22	2357	1	
22	2416	1	
22	12602	1	
22	4411	1	
22	12604	2	
22	7999	1	
22	6464	1	
22	835	1	
22	10566	1	
22	17225	2	
22	8015	1	
22	3408	1	
22	4945	1	
22	21330	1	
22	14677	2	
22	4438	1	
22	2397	1	
22	15185	1	
22	14176	2	
22	5994	1	
22	8043	1	
22	9069	2	
22	9072	1	
22	13681	1	
22	12151	1	
22	10975	1	
22	12673	1	
22	4491	1	
22	10636	1	
22	4496	1	
22	20882	1	
22	15763	1	
22	12782	1	
22	3478	1	
22	8604	1	
22	7237	1	
22	17312	1	
22	15266	1	
22	19364	1	
22	16294	1	
22	13223	1	
22	22442	1	
22	16301	1	
22	18862	1	
22	19900	1	
22	15806	1	
22	22464	3	
22	1099	1	
22	9169	1	
22	13779	1	
22	9684	1	
22	4056	1	
22	15439	1	
22	10205	1	
22	15328	1	
22	4070	1	
22	12625	2	
22	10728	1	
22	15849	1	
22	16366	1	
22	2552	1	
22	7471	1	
22	6652	2	
23	12288	2	
23	19460	1	
23	16901	1	
23	13832	1	
23	11787	1	
23	15378	1	
23	10264	2	
23	22041	1	
23	18975	1	
23	20000	1	
23	7600	1	
23	19498	1	
23	569	1	
23	12352	1	
23	15441	1	
23	7765	1	
23	18014	1	
23	12897	1	
23	13412	1	
23	9831	1	
23	3260	1	
23	22123	1	
23	620	1	
23	11887	1	
23	13937	2	
23	6770	1	
23	10857	1	
23	18046	1	
23	649	1	
23	14489	1	
23	4263	1	
23	7336	1	
23	10415	1	
23	7865	1	
23	15903	1	
23	700	1	
23	8381	1	
23	4831	1	
23	10943	1	
23	11471	1	
23	14545	1	
23	740	1	
23	11992	1	
23	10975	1	
23	7392	1	
23	7905	1	
23	18148	1	
23	6951	1	
23	22258	1	
23	4868	3	
23	17671	1	
23	18185	1	
23	4884	1	
23	13077	1	
23	5911	1	
23	7471	1	
23	7463	2	
23	11564	1	
23	21295	1	
23	5936	1	
23	4402	1	
23	1844	1	
23	2871	1	
23	12602	1	
23	7903	1	
23	10636	2	
23	12110	1	
23	12625	1	
23	9047	1	
23	3300	1	
23	5996	1	
23	11638	1	
23	14721	1	
23	1410	1	
23	5509	1	
23	4492	1	
23	7055	1	
23	4499	1	
23	20384	1	
23	3492	1	
23	20389	1	
23	7088	1	
23	4019	1	
23	22455	2	
23	15288	1	
23	8636	1	
23	22463	2	
23	22464	2	
23	13766	1	
23	13961	1	
23	7633	1	
23	6099	1	
23	14985	1	
23	15849	1	
23	10920	1	
23	7160	1	
23	10837	1	
24	12288	1	
24	13316	1	
24	6150	1	
24	17066	1	
24	22026	1	
24	11787	1	
24	7768	1	
24	18965	1	
24	19460	2	
24	14032	1	
24	8229	1	
24	22571	2	
24	8236	1	
24	3629	1	
24	6770	2	
24	20534	1	
24	1600	1	
24	17931	1	
24	8262	1	
24	15431	1	
24	11850	1	
24	13389	2	
24	592	1	
24	21586	5	
24	15448	2	
24	8797	1	
24	15456	1	
24	12897	1	
24	9832	1	
24	13932	1	
24	14448	2	
24	13937	1	
24	1138	1	
24	9332	1	
24	3702	1	
24	19817	1	
24	16504	1	
24	4217	1	
24	4556	1	
24	20095	1	
24	13444	1	
24	8327	1	
24	18028	1	
24	13451	1	
24	7313	1	
24	4754	1	
24	9072	1	
24	7842	1	
24	7451	1	
24	6310	1	
24	6826	1	
24	14509	1	
24	15534	1	
24	10928	1	
24	1201	1	
24	5301	1	
24	12471	1	
24	3260	1	
24	12503	1	
24	5311	1	
24	17608	1	
24	6857	1	
24	12663	1	
24	719	1	
24	11984	1	
24	14033	1	
24	18133	2	
24	7801	1	
24	15579	1	
24	6876	1	
24	7392	1	
24	16848	1	
24	7397	1	
24	19174	1	
24	10474	1	
24	18540	1	
24	9458	1	
24	5876	1	
24	21749	1	
24	11511	2	
24	3711	1	
24	1280	1	
24	17155	1	
24	18181	1	
24	19718	1	
24	17163	2	
24	4364	1	
24	13069	1	
24	13071	1	
24	5394	1	
24	4884	1	
24	1839	1	
24	8988	1	
24	1834	1	
24	5419	1	
24	5932	1	
24	7471	1	
24	5424	1	
24	15666	1	
24	1844	2	
24	21814	1	
24	13961	1	
24	7483	1	
24	7485	2	
24	16703	1	
24	1163	1	
24	12625	2	
24	21330	1	
24	18404	1	
24	2394	1	
24	18267	3	
24	22364	1	
24	18783	1	
24	22368	1	
24	8550	1	
24	2407	1	
24	5993	1	
24	8043	2	
24	364	1	
24	9069	2	
24	15216	1	
24	5489	1	
24	15763	1	
24	3047	2	
24	8062	1	
24	12163	1	
24	14725	1	
24	4491	1	
24	8079	1	
24	4496	1	
24	22418	1	
24	20803	2	
24	21912	1	
24	6042	1	
24	15774	1	
24	2980	1	
24	12202	1	
24	4026	1	
24	19900	2	
24	13245	1	
24	14283	1	
24	13772	2	
24	9167	1	
24	15312	1	
24	9170	1	
24	16855	1	
24	10832	1	
24	13796	1	
24	21841	1	
24	10218	1	
24	16366	1	
24	2040	1	
24	6652	3	
24	11946	1	
25	12288	1	
25	18955	1	
25	7694	1	
25	17936	1	
25	12306	1	
25	8026	1	
25	11806	1	
25	18975	1	
25	2596	2	
25	1067	1	
25	1375	1	
25	19523	1	
25	18773	1	
25	7752	1	
25	15434	2	
25	11851	1	
25	18510	1	
25	10832	1	
25	21586	2	
25	15447	1	
25	18014	1	
25	18528	1	
25	12897	1	
25	18022	1	
25	10857	1	
25	620	1	
25	12733	1	
25	14448	1	
25	6770	1	
25	19060	1	
25	17015	1	
25	17016	2	
25	14973	1	
25	14469	1	
25	14985	1	
25	19595	1	
25	19599	1	
25	20112	2	
25	4284	1	
25	10389	1	
25	11927	1	
25	10392	1	
25	2244	1	
25	14495	1	
25	10915	1	
25	4263	1	
25	10920	1	
25	17066	1	
25	4779	1	
25	626	1	
25	13853	1	
25	9069	1	
25	3102	2	
25	3258	1	
25	8892	3	
25	4799	1	
25	10436	1	
25	6826	2	
25	16588	1	
25	14543	1	
25	721	1	
25	13010	1	
25	5331	1	
25	5844	1	
25	4303	1	
25	10975	3	
25	16608	1	
25	6378	1	
25	18540	1	
25	6901	1	
25	22262	1	
25	5880	1	
25	10408	1	
25	15102	1	
25	14592	1	
25	2307	1	
25	4868	2	
25	12558	1	
25	7952	1	
25	10515	1	
25	5911	1	
25	21295	1	
25	11995	2	
25	5414	1	
25	7463	1	
25	16169	1	
25	7471	1	
25	4204	1	
25	2873	1	
25	7483	1	
25	12609	1	
25	16194	1	
25	14475	1	
25	21318	1	
25	7785	1	
25	17225	1	
25	20300	1	
25	3408	1	
25	12625	1	
25	21845	1	
25	4438	1	
25	9047	1	
25	2394	1	
25	8542	1	
25	1163	1	
25	1378	1	
25	8039	1	
25	5993	1	
25	8043	1	
25	18851	1	
25	5489	1	
25	20343	2	
25	592	1	
25	14713	1	
25	8571	1	
25	1918	1	
25	21889	1	
25	19845	1	
25	4491	1	
25	10636	1	
25	4418	1	
25	7055	1	
25	4496	2	
25	4497	1	
25	19347	1	
25	8604	1	
25	20384	2	
25	15266	2	
25	17315	1	
25	20389	1	
25	4011	1	
25	12716	1	
25	1457	1	
25	9887	2	
25	3517	1	
25	12746	1	
25	9167	2	
25	7635	1	
25	9684	2	
25	13274	1	
25	3553	2	
25	13796	1	
25	3047	1	
25	15854	1	
25	4593	1	
25	6652	1	
25	15869	1	
25	14677	2	
26	12288	1	
26	16901	1	
26	16902	1	
26	7690	1	
26	16911	1	
26	11792	1	
26	12306	1	
26	10259	1	
26	4628	1	
26	21014	1	
26	700	1	
26	6695	1	
26	860	1	
26	16431	1	
26	16434	1	
26	9269	1	
26	13881	1	
26	13884	1	
26	13885	1	
26	13888	1	
26	11851	1	
26	592	1	
26	15441	1	
26	21586	3	
26	15448	1	
26	8976	1	
26	13412	1	
26	18022	2	
26	15548	1	
26	18029	1	
26	10350	1	
26	13937	2	
26	1138	2	
26	5748	1	
26	14970	1	
26	5755	1	
26	20099	2	
26	14473	1	
26	20111	1	
26	7323	1	
26	2416	1	
26	10408	1	
26	20137	1	
26	11946	1	
26	683	1	
26	22130	1	
26	20142	1	
26	2747	1	
26	21692	1	
26	14016	2	
26	8898	1	
26	6859	1	
26	4303	1	
26	721	1	
26	10452	2	
26	14552	1	
26	11995	1	
26	10972	1	
26	7392	1	
26	16609	1	
26	18154	1	
26	12018	1	
26	10996	1	
26	11511	1	
26	17671	1	
26	18185	1	
26	20234	1	
26	17163	1	
26	7952	1	
26	4884	1	
26	8636	1	
26	17183	1	
26	20256	1	
26	4385	1	
26	19238	2	
26	7471	1	
26	1844	1	
26	8512	1	
26	17218	1	
26	10564	1	
26	20809	1	
26	9546	1	
26	4942	1	
26	12625	3	
26	18773	1	
26	858	1	
26	16220	1	
26	15709	1	
26	16223	1	
26	15713	1	
26	4497	1	
26	5993	1	
26	15211	1	
26	9069	2	
26	15216	2	
26	13681	1	
26	1420	1	
26	10638	1	
26	4496	5	
26	3473	1	
26	19348	1	
26	8604	1	
26	14751	1	
26	7584	1	
26	15266	1	
26	19364	1	
26	15784	1	
26	11180	1	
26	16301	2	
26	1454	1	
26	434	1	
26	19900	1	
26	3517	1	
26	13763	2	
26	19396	1	
26	19397	1	
26	5578	1	
26	15308	1	
26	7638	1	
26	9687	1	
26	11737	1	
26	3553	1	
26	5623	1	
26	6652	1	
26	16893	1	
26	14677	1	
27	12288	1	
27	8705	1	
27	10243	1	
27	16901	1	
27	22022	1	
27	13832	1	
27	18955	1	
27	7180	1	
27	13839	1	
27	17424	1	
27	4115	1	
27	13844	1	
27	16406	1	
27	7764	1	
27	22368	1	
27	22557	1	
27	11815	1	
27	16432	1	
27	1076	1	
27	7223	1	
27	3643	2	
27	20545	1	
27	12354	2	
27	16972	1	
27	10322	1	
27	4692	1	
27	13398	1	
27	5207	1	
27	602	1	
27	8797	1	
27	10096	1	
27	22119	1	
27	11708	1	
27	9960	1	
27	15982	1	
27	14448	1	
27	13937	1	
27	11891	1	
27	22133	1	
27	10857	1	
27	14969	1	
27	5311	1	
27	15706	1	
27	18046	1	
27	13440	1	
27	14985	1	
27	11714	2	
27	655	1	
27	13970	1	
27	3227	1	
27	20125	1	
27	14495	1	
27	9072	1	
27	9331	2	
27	19124	3	
27	22198	1	
27	22200	1	
27	15033	1	
27	3258	1	
27	8892	2	
27	19133	6	
27	15981	1	
27	2243	1	
27	17185	1	
27	20168	1	
27	10530	1	
27	15566	1	
27	11471	1	
27	9424	1	
27	9425	2	
27	17108	1	
27	10974	1	
27	10464	1	
27	13026	1	
27	10467	4	
27	19172	1	
27	22245	1	
27	22248	2	
27	15996	1	
27	18154	1	
27	4843	1	
27	22252	2	
27	20722	2	
27	8063	1	
27	13952	1	
27	1835	1	
27	4868	2	
27	2310	1	
27	3339	1	
27	4364	3	
27	10510	1	
27	15119	1	
27	10515	1	
27	18197	2	
27	20519	1	
27	8636	1	
27	14622	1	
27	8992	1	
27	18209	1	
27	18210	2	
27	17188	1	
27	4647	1	
27	10539	1	
27	12076	1	
27	16177	1	
27	15666	1	
27	2355	1	
27	3894	1	
27	2416	1	
27	21305	1	
27	15170	2	
27	9033	1	
27	17741	1	
27	12625	1	
27	14677	1	
27	9047	1	
27	740	1	
27	13658	1	
27	18783	1	
27	7520	1	
27	22369	1	
27	7010	2	
27	17251	1	
27	9069	6	
27	15216	1	
27	1256	1	
27	380	1	
27	1917	2	
27	11135	1	
27	14721	1	
27	17899	1	
27	9093	1	
27	16774	2	
27	15425	1	
27	17801	2	
27	10636	1	
27	4418	2	
27	7055	1	
27	20882	1	
27	19348	1	
27	917	1	
27	7063	1	
27	7582	1	
27	13727	1	
27	15266	2	
27	18853	2	
27	16806	1	
27	12200	1	
27	15273	2	
27	1457	1	
27	954	1	
27	4540	1	
27	4542	1	
27	22464	1	
27	15809	1	
27	16834	1	
27	13763	1	
27	19396	1	
27	748	2	
27	4038	1	
27	13255	1	
27	15820	1	
27	464	1	
27	17593	1	
27	10206	2	
27	11771	2	
27	5605	1	
27	8683	1	
27	21586	1	
27	16882	1	
27	3574	1	
27	16888	3	
27	505	1	
27	6651	1	
27	15869	1	
27	18773	1	
28	12288	4	
28	15362	1	
28	19460	2	
28	7686	1	
28	15369	1	
28	13844	3	
28	19478	1	
28	19479	1	
28	10265	1	
28	14879	3	
28	3626	1	
28	8749	1	
28	6702	1	
28	12341	1	
28	17975	1	
28	3641	2	
28	19514	1	
28	13883	1	
28	572	1	
28	16445	1	
28	9791	1	
28	1600	1	
28	4161	1	
28	12354	3	
28	1604	1	
28	19016	1	
28	15434	1	
28	8375	1	
28	588	1	
28	13901	1	
28	21586	1	
28	1619	1	
28	13398	1	
28	954	1	
28	22117	1	
28	12897	1	
28	7782	2	
28	21094	1	
28	21097	1	
28	7791	1	
28	14448	1	
28	13937	3	
28	7796	1	
28	7797	1	
28	18042	1	
28	16508	1	
28	17534	1	
28	17544	3	
28	9069	2	
28	17041	1	
28	20676	1	
28	11931	2	
28	11932	1	
28	10398	1	
28	12741	1	
28	19619	1	
28	13476	1	
28	4263	2	
28	11946	2	
28	22197	1	
28	22198	2	
28	12471	1	
28	22200	1	
28	22202	1	
28	8892	1	
28	19133	3	
28	9918	1	
28	7968	1	
28	18114	1	
28	9924	1	
28	8906	1	
28	13514	1	
28	12151	1	
28	13516	1	
28	15567	1	
28	5841	1	
28	20690	3	
28	10452	1	
28	7897	1	
28	10972	1	
28	10975	1	
28	15584	1	
28	17121	1	
28	13026	2	
28	10467	1	
28	9425	1	
28	22248	1	
28	18154	1	
28	20722	4	
28	2291	1	
28	5877	1	
28	6906	1	
28	8443	1	
28	16682	1	
28	2003	1	
28	1280	1	
28	4867	2	
28	4868	2	
28	4364	1	
28	15119	1	
28	20526	1	
28	8474	2	
28	8988	1	
28	20254	1	
28	16160	1	
28	4901	1	
28	7463	1	
28	16092	3	
28	21802	1	
28	15666	1	
28	17203	1	
28	16694	1	
28	15671	1	
28	7992	1	
28	13113	1	
28	20794	2	
28	4831	1	
28	21821	1	
28	3392	1	
28	15170	1	
28	20291	1	
28	6982	1	
28	16609	1	
28	22344	1	
28	12343	1	
28	21305	1	
28	21841	1	
28	1251	1	
28	3413	1	
28	4438	2	
28	9047	1	
28	8539	1	
28	12730	1	
28	22369	1	
28	10555	1	
28	3949	1	
28	15697	1	
28	13167	1	
28	2416	1	
28	12663	1	
28	8568	1	
28	380	1	
28	12390	1	
28	7550	1	
28	14721	1	
28	16260	1	
28	7558	1	
28	904	1	
28	17801	1	
28	17804	1	
28	12866	1	
28	4495	1	
28	6032	2	
28	11672	1	
28	1945	1	
28	7578	1	
28	15773	1	
28	15268	2	
28	18853	1	
28	14761	1	
28	16812	1	
28	2989	1	
28	1967	1	
28	15432	1	
28	5875	1	
28	12725	1	
28	3514	1	
28	22464	2	
28	15809	1	
28	11714	2	
28	21323	1	
28	9157	1	
28	17484	1	
28	12746	1	
28	9167	2	
28	4600	1	
28	7635	2	
28	7637	1	
28	20952	1	
28	19418	1	
28	2525	1	
28	6622	1	
28	3551	1	
28	20454	1	
28	12625	1	
28	20972	1	
28	4589	1	
28	8175	1	
28	16888	1	
28	16890	1	
28	11771	1	
28	6715	1	
28	14677	2	
29	12288	2	
29	7686	3	
29	22198	1	
29	19476	1	
29	13846	1	
29	22551	1	
29	17432	1	
29	22553	1	
29	2596	1	
29	22022	1	
29	4647	1	
29	11817	3	
29	21034	1	
29	1067	1	
29	6703	1	
29	21552	1	
29	9777	3	
29	11832	1	
29	22585	2	
29	13883	2	
29	9791	2	
29	11931	1	
29	1089	1	
29	1604	1	
29	10309	1	
29	12870	1	
29	7777	1	
29	15948	2	
29	7261	1	
29	12897	1	
29	12390	2	
29	7782	1	
29	12917	1	
29	16508	1	
29	18046	1	
29	9343	1	
29	21653	1	
29	22168	1	
29	11418	2	
29	13979	1	
29	19397	1	
29	4263	1	
29	4267	1	
29	1201	1	
29	1206	1	
29	12471	1	
29	6331	1	
29	8892	2	
29	19133	1	
29	2243	1	
29	9924	1	
29	18209	1	
29	20168	1	
29	7881	1	
29	13516	5	
29	8913	1	
29	1234	1	
29	9947	1	
29	10464	1	
29	10467	1	
29	1253	1	
29	5866	1	
29	20519	1	
29	22252	1	
29	14574	2	
29	18160	1	
29	8443	1	
29	4868	1	
29	19718	2	
29	6924	1	
29	19726	1	
29	15119	1	
29	7952	1	
29	1816	1	
29	8988	1	
29	20254	1	
29	16159	1	
29	18208	1	
29	7457	1	
29	8996	1	
29	16682	1	
29	11563	1	
29	7471	1	
29	2872	1	
29	13113	1	
29	7999	2	
29	15170	2	
29	835	1	
29	20292	3	
29	21323	1	
29	12625	1	
29	14677	1	
29	9558	1	
29	825	1	
29	4441	1	
29	3643	1	
29	2407	1	
29	9069	3	
29	370	1	
29	14707	1	
29	6516	1	
29	14721	1	
29	17801	1	
29	16194	1	
29	17806	1	
29	5272	1	
29	11672	2	
29	15775	1	
29	2464	1	
29	15266	1	
29	18851	1	
29	11684	2	
29	5044	1	
29	9146	1	
29	22464	2	
29	9157	2	
29	3528	3	
29	13772	1	
29	6100	1	
29	9687	1	
29	17899	1	
29	3574	1	
29	14327	2	
29	16888	2	
29	16890	1	
29	11771	1	
29	16893	1	
30	12288	1	
30	4610	1	
30	19463	1	
30	18955	1	
30	17424	2	
30	4115	1	
30	6687	1	
30	11815	1	
30	11817	1	
30	8749	1	
30	6193	1	
30	14800	1	
30	1079	1	
30	4665	1	
30	5969	1	
30	19520	1	
30	20545	1	
30	15432	2	
30	3340	1	
30	15948	2	
30	13905	1	
30	7764	1	
30	19726	1	
30	6234	1	
30	5391	1	
30	7782	1	
30	9831	1	
30	4284	1	
30	21102	2	
30	14448	1	
30	13937	2	
30	4723	1	
30	464	1	
30	10357	1	
30	7798	2	
30	7799	1	
30	13950	1	
30	13445	1	
30	7303	1	
30	14475	1	
30	15982	1	
30	12446	1	
30	12625	3	
30	15216	1	
30	7844	1	
30	13989	1	
30	625	1	
30	683	1	
30	19124	3	
30	8892	3	
30	19133	10	
30	2243	1	
30	11461	2	
30	20168	1	
30	13514	1	
30	13516	2	
30	15567	1	
30	8913	1	
30	4310	1	
30	10464	6	
30	10465	1	
30	13026	1	
30	13027	1	
30	19172	1	
30	14053	1	
30	18154	2	
30	12013	5	
30	8943	1	
30	20722	1	
30	3828	1	
30	18686	1	
30	14285	1	
30	1835	1	
30	3332	1	
30	21889	1	
30	20234	2	
30	4364	4	
30	13582	1	
30	15119	1	
30	8468	1	
30	16260	1	
30	8988	1	
30	10358	1	
30	20256	1	
30	7463	2	
30	13611	1	
30	7471	2	
30	8502	1	
30	21304	1	
30	20794	1	
30	7485	1	
30	10051	1	
30	18759	1	
30	20299	1	
30	15185	1	
30	10467	5	
30	9047	2	
30	6489	1	
30	10075	1	
30	22368	5	
30	15205	1	
30	7655	1	
30	9069	6	
30	9072	1	
30	13182	1	
30	8065	1	
30	18818	1	
30	1924	1	
30	14725	1	
30	16774	1	
30	16775	1	
30	7055	1	
30	4500	1	
30	7584	1	
30	15266	2	
30	11684	4	
30	16806	1	
30	18862	1	
30	5551	1	
30	22604	1	
30	15801	1	
30	954	1	
30	4540	1	
30	3629	1	
30	12734	1	
30	22464	2	
30	20384	1	
30	20418	3	
30	3528	1	
30	588	1	
30	12746	1	
30	9122	1	
30	4046	1	
30	13776	1	
30	16888	1	
30	10194	1	
30	7635	1	
30	14807	1	
30	15268	1	
30	11771	1	
30	10833	1	
30	3562	1	
30	4263	1	
30	13816	1	
30	16890	1	
30	6651	1	
30	6652	1	
31	13316	2	
31	17424	3	
31	4117	1	
31	19993	2	
31	15903	1	
31	21032	1	
31	1067	1	
31	17216	1	
31	12852	1	
31	10814	1	
31	7237	1	
31	15432	2	
31	8781	1	
31	21586	1	
31	13398	1	
31	7771	1	
31	10338	1	
31	15971	1	
31	8892	2	
31	5745	1	
31	7796	1	
31	6776	1	
31	1163	1	
31	3217	1	
31	10386	1	
31	14488	1	
31	13764	1	
31	669	1	
31	14495	1	
31	18081	1	
31	4263	1	
31	5808	1	
31	5301	1	
31	12471	1	
31	2747	1	
31	3260	1	
31	19133	4	
31	12663	1	
31	719	1	
31	17105	1	
31	19460	1	
31	10975	1	
31	14049	1	
31	12008	1	
31	22252	1	
31	4851	1	
31	13937	1	
31	1278	1	
31	8449	1	
31	10499	1	
31	4359	1	
31	7800	1	
31	4364	1	
31	19725	1	
31	15119	1	
31	18222	1	
31	2326	1	
31	15128	1	
31	1305	1	
31	19740	1	
31	5421	1	
31	5934	1	
31	10555	2	
31	6464	1	
31	4421	1	
31	21841	1	
31	10069	1	
31	4441	1	
31	15706	1	
31	22368	1	
31	22369	2	
31	19771	1	
31	15206	1	
31	9069	2	
31	8562	1	
31	20343	3	
31	1918	3	
31	5503	2	
31	7041	1	
31	18819	1	
31	16773	1	
31	17810	1	
31	3992	1	
31	17312	1	
31	15266	3	
31	15276	1	
31	7600	1	
31	19386	1	
31	19900	1	
31	22464	1	
31	13763	1	
31	19396	1	
31	13255	1	
31	15820	1	
31	13730	1	
31	7633	1	
31	7635	1	
31	12759	1	
31	18911	1	
31	6651	2	
31	10214	2	
31	10218	1	
31	17899	1	
31	10226	1	
31	11771	1	
31	14677	1	
32	12292	1	
32	17424	1	
32	15378	1	
32	12462	1	
32	20502	1	
32	19993	3	
32	15451	1	
32	17016	1	
32	21552	1	
32	16434	1	
32	6198	1	
32	569	1	
32	22082	1	
32	1092	1	
32	15432	2	
32	16969	1	
32	11348	1	
32	3674	1	
32	11355	1	
32	21264	1	
32	13412	1	
32	21097	1	
32	21102	1	
32	13937	1	
32	12917	1	
32	1654	1	
32	6776	2	
32	11897	1	
32	10262	1	
32	13961	1	
32	10890	1	
32	4238	1	
32	16016	1	
32	13970	1	
32	10899	1	
32	15508	2	
32	14488	2	
32	16544	2	
32	673	1	
32	5800	1	
32	22188	1	
32	17070	1	
32	8892	3	
32	19133	1	
32	1141	1	
32	4303	1	
32	721	1	
32	4826	1	
32	10972	4	
32	4317	1	
32	11998	1	
32	10975	1	
32	1627	1	
32	4328	1	
32	748	1	
32	22258	1	
32	15609	1	
32	1280	1	
32	14081	1	
32	15621	1	
32	4364	1	
32	7952	1	
32	787	1	
32	13445	1	
32	13089	1	
32	5935	1	
32	7485	1	
32	16191	1	
32	1865	1	
32	14677	2	
32	8026	1	
32	13148	1	
32	15205	1	
32	6516	1	
32	10616	1	
32	22252	1	
32	10636	1	
32	909	1	
32	4496	1	
32	7236	1	
32	15273	1	
32	15279	1	
32	7600	1	
32	16306	1	
32	16307	1	
32	1468	1	
32	22464	1	
32	13767	1	
32	13772	1	
32	9167	1	
32	14811	1	
32	10728	1	
32	7664	1	
32	4602	1	
32	21845	1	
33	15874	1	
33	13316	1	
33	8449	1	
33	12808	1	
33	9047	1	
33	15378	1	
33	7502	1	
33	13846	1	
33	19480	1	
33	19993	2	
33	1068	1	
33	20014	1	
33	17459	1	
33	3636	1	
33	1076	1	
33	4868	1	
33	18503	1	
33	15432	1	
33	13389	2	
33	9294	1	
33	5717	1	
33	1626	1	
33	7777	1	
33	7779	1	
33	4709	1	
33	14448	1	
33	6770	1	
33	12916	1	
33	20095	1	
33	7303	1	
33	13965	1	
33	12944	1	
33	13969	1	
33	15508	1	
33	19094	1	
33	10265	1	
33	15512	1	
33	671	1	
33	673	1	
33	16547	1	
33	10407	2	
33	10408	1	
33	15530	1	
33	9901	1	
33	12462	1	
33	12465	3	
33	16050	1	
33	13493	1	
33	3258	1	
33	20155	1	
33	8892	3	
33	19133	1	
33	21696	2	
33	11969	1	
33	15820	1	
33	15565	1	
33	16592	2	
33	11479	1	
33	22232	1	
33	10975	2	
33	7392	1	
33	8421	1	
33	22252	1	
33	5364	1	
33	12670	1	
33	15609	1	
33	15610	1	
33	15617	1	
33	4867	1	
33	19716	2	
33	14088	1	
33	8236	1	
33	20234	1	
33	6927	1	
33	17172	1	
33	18197	1	
33	5398	1	
33	11040	1	
33	10531	1	
33	16166	1	
33	7463	1	
33	12585	1	
33	1836	1	
33	11568	1	
33	16177	1	
33	1844	1	
33	21305	1	
33	10555	1	
33	6464	1	
33	15170	1	
33	18759	1	
33	1864	1	
33	20813	1	
33	12110	1	
33	12625	3	
33	9044	1	
33	5973	1	
33	16215	1	
33	5433	1	
33	1889	1	
33	20329	1	
33	9069	1	
33	11632	1	
33	5489	1	
33	21363	1	
33	6516	1	
33	7550	1	
33	7039	1	
33	12673	1	
33	10636	1	
33	22418	1	
33	3991	1	
33	3992	1	
33	17312	1	
33	6561	1	
33	11684	2	
33	12713	1	
33	22442	1	
33	5551	1	
33	1456	1	
33	3517	1	
33	3953	1	
33	1440	1	
33	11714	1	
33	13763	1	
33	13255	1	
33	15817	1	
33	15818	1	
33	13772	1	
33	14286	1	
33	9169	1	
33	9171	1	
33	9684	1	
33	18389	1	
33	16804	1	
33	15322	1	
33	10205	2	
33	18920	1	
33	7660	1	
33	14833	1	
33	12787	1	
33	4084	1	
33	21106	1	
33	12279	1	
33	6651	1	
33	6652	1	
34	19460	3	
34	17424	1	
34	22188	2	
34	15376	1	
34	13331	1	
34	19476	1	
34	20503	1	
34	19993	1	
34	2394	1	
34	13316	1	
34	15903	1	
34	21026	1	
34	18468	1	
34	22054	1	
34	6695	1	
34	11817	1	
34	19498	1	
34	13828	1	
34	7217	1	
34	4019	1	
34	13833	1	
34	569	1	
34	12351	1	
34	12352	2	
34	12354	1	
34	684	1	
34	10337	1	
34	7752	1	
34	15948	1	
34	9810	1	
34	4691	1	
34	5207	2	
34	602	1	
34	7777	1	
34	15971	1	
34	18022	1	
34	19559	1	
34	8636	1	
34	9831	1	
34	4204	1	
34	5742	1	
34	18543	1	
34	14448	1	
34	6770	1	
34	10857	1	
34	17016	1	
34	3197	1	
34	5764	1	
34	14469	1	
34	649	1	
34	12939	1	
34	7820	1	
34	14477	1	
34	21652	1	
34	15982	1	
34	672	1	
34	13989	1	
34	5800	1	
34	17066	1	
34	4779	1	
34	15532	3	
34	17070	1	
34	16049	2	
34	13493	1	
34	2747	1	
34	8892	2	
34	3262	1	
34	7871	1	
34	13514	1	
34	16588	1	
34	1744	1	
34	5843	1	
34	22232	1	
34	2596	1	
34	7900	1	
34	10974	1	
34	4831	1	
34	14051	1	
34	2001	1	
34	4329	1	
34	3825	1	
34	12897	1	
34	18686	1	
34	21250	1	
34	4868	1	
34	19718	1	
34	14088	1	
34	20234	1	
34	13069	1	
34	15119	2	
34	6417	1	
34	4884	1	
34	5765	1	
34	21281	1	
34	13090	1	
34	10019	1	
34	10972	3	
34	18214	1	
34	5929	1	
34	17195	1	
34	12076	1	
34	6622	1	
34	10555	1	
34	7562	1	
34	4418	1	
34	8518	1	
34	22344	1	
34	331	1	
34	8012	1	
34	15185	1	
34	18772	1	
34	14677	3	
34	9558	1	
34	9047	1	
34	4440	2	
34	7514	1	
34	3935	1	
34	19814	1	
34	19943	1	
34	9069	1	
34	8571	1	
34	17789	1	
34	8062	1	
34	8064	1	
34	12673	1	
34	10975	1	
34	7559	1	
34	5513	1	
34	5514	1	
34	5516	1	
34	17807	1	
34	16366	1	
34	21912	1	
34	5551	1	
34	5552	1	
34	8115	1	
34	437	1	
34	11195	1	
34	19900	3	
34	22464	3	
34	13255	2	
34	15820	3	
34	9167	2	
34	15825	1	
34	18393	1	
34	10206	1	
34	2529	1	
34	22500	1	
34	10727	1	
34	10728	1	
34	7660	1	
34	10322	1	
34	6126	1	
34	12791	2	
34	505	1	
34	7163	1	
34	21845	1	
35	12288	1	
35	7683	2	
35	16902	1	
35	1547	1	
35	20494	1	
35	2063	1	
35	22551	2	
35	10264	1	
35	10265	1	
35	15903	5	
35	5156	1	
35	11817	1	
35	11821	1	
35	1076	2	
35	1591	1	
35	8248	1	
35	15931	1	
35	13884	1	
35	8765	1	
35	10814	1	
35	13887	1	
35	10817	1	
35	69	1	
35	70	1	
35	7752	1	
35	15434	1	
35	588	1	
35	6733	1	
35	21586	1	
35	18005	1	
35	15033	1	
35	7777	1	
35	16998	3	
35	18028	1	
35	18030	1	
35	6771	1	
35	21620	1	
35	632	1	
35	14970	1	
35	6787	1	
35	1047	1	
35	1167	1	
35	2712	1	
35	20642	1	
35	4263	1	
35	10408	1	
35	4780	1	
35	11439	1	
35	5301	2	
35	2745	1	
35	6687	1	
35	8892	1	
35	20686	5	
35	719	1	
35	8401	1	
35	14037	1	
35	2264	1	
35	17943	1	
35	18455	1	
35	7408	1	
35	7409	1	
35	7410	1	
35	14583	2	
35	248	1	
35	15610	1	
35	15102	1	
35	4868	1	
35	20232	1	
35	18185	3	
35	21264	1	
35	2327	1	
35	14622	1	
35	17184	1	
35	4385	1	
35	12585	1	
35	17706	1	
35	6446	1	
35	2351	1	
35	1844	1	
35	7487	1	
35	16706	1	
35	835	1	
35	12625	1	
35	9047	1	
35	1375	1	
35	7527	1	
35	17810	1	
35	9645	1	
35	1405	1	
35	16363	1	
35	14725	1	
35	7570	1	
35	918	1	
35	1431	1	
35	11672	1	
35	6554	1	
35	7582	1	
35	4000	1	
35	4002	1	
35	11684	1	
35	11334	1	
35	15784	1	
35	1266	1	
35	15432	1	
35	8627	1	
35	437	1	
35	17337	1	
35	1466	1	
35	19900	1	
35	15808	1	
35	17312	3	
35	11714	1	
35	13763	1	
35	16837	1	
35	13255	1	
35	12746	1	
35	13772	1	
35	6623	1	
35	12768	1	
35	12770	1	
35	8187	1	
35	10407	1	
35	492	1	
35	18925	1	
35	502	1	
35	5623	2	
35	12360	1	
35	505	1	
35	11771	1	
36	8705	1	
36	17494	1	
36	19464	1	
36	526	1	
36	11181	1	
36	22032	3	
36	4116	1	
36	19478	1	
36	22551	1	
36	1560	1	
36	1562	1	
36	22557	1	
36	15903	2	
36	5668	1	
36	1578	1	
36	15403	1	
36	15404	1	
36	6702	1	
36	16434	2	
36	16947	1	
36	1076	1	
36	17973	1	
36	9270	1	
36	18185	1	
36	14687	1	
36	13885	1	
36	15432	2	
36	16301	1	
36	15434	1	
36	22603	1	
36	13389	1	
36	1617	1	
36	21586	2	
36	15444	1	
36	18005	3	
36	13398	1	
36	13912	1	
36	8797	1	
36	3171	2	
36	7780	1	
36	16998	4	
36	18364	1	
36	13418	1	
36	21613	2	
36	20078	1	
36	14448	1	
36	21617	1	
36	13428	3	
36	13941	1	
36	14970	1	
36	3519	1	
36	4221	1	
36	13445	1	
36	646	1	
36	18055	1	
36	13452	1	
36	5144	1	
36	6938	1	
36	12446	1	
36	880	1	
36	4263	1	
36	10410	1	
36	19124	1	
36	4277	1	
36	5815	2	
36	8892	1	
36	707	1	
36	15820	1	
36	16586	2	
36	13516	1	
36	16592	1	
36	19596	1	
36	3796	1	
36	12501	1	
36	22232	1	
36	15994	1	
36	10975	1	
36	10464	1	
36	8421	1	
36	18155	1	
36	1266	1	
36	22262	1	
36	22266	1	
36	9467	1	
36	18174	1	
36	14592	1	
36	1067	1	
36	7432	1	
36	4396	1	
36	20234	1	
36	4364	2	
36	12589	1	
36	21782	1	
36	14618	1	
36	8988	1	
36	797	1	
36	4382	1	
36	1823	1	
36	13089	1	
36	15494	1	
36	1836	1	
36	1074	1	
36	16175	1	
36	1844	4	
36	5433	1	
36	4831	1	
36	9269	1	
36	8512	1	
36	22339	1	
36	841	2	
36	12620	1	
36	17741	1	
36	15184	1	
36	12625	1	
36	11603	1	
36	4438	1	
36	8538	1	
36	8539	2	
36	15199	1	
36	7010	1	
36	2918	1	
36	3217	2	
36	11113	1	
36	5994	1	
36	9069	2	
36	9072	1	
36	13681	1	
36	16243	1	
36	13685	1	
36	12663	1	
36	17790	1	
36	18818	1	
36	18819	1	
36	16774	1	
36	917	1	
36	3991	2	
36	13723	1	
36	15266	2	
36	6563	1	
36	15268	2	
36	16973	1	
36	9645	1	
36	12852	1	
36	1466	1	
36	19900	1	
36	22463	1	
36	11714	1	
36	1099	1	
36	15308	1	
36	1442	1	
36	8781	1	
36	3492	1	
36	9691	1	
36	6622	1	
36	18406	1	
36	15855	1	
36	16374	1	
36	5623	3	
36	15864	1	
36	505	1	
36	12799	2	
37	13316	1	
37	10758	1	
37	10763	1	
37	22030	1	
37	17070	1	
37	19478	1	
37	10263	1	
37	1048	1	
37	13849	1	
37	18975	1	
37	11817	1	
37	22571	1	
37	3629	2	
37	13828	1	
37	2105	3	
37	10814	1	
37	13887	1	
37	15432	2	
37	4169	1	
37	11850	1	
37	4693	1	
37	5210	1	
37	18022	1	
37	10854	1	
37	10857	1	
37	21613	1	
37	11889	1	
37	17012	1	
37	17013	1	
37	10264	1	
37	15994	1	
37	13445	1	
37	8327	1	
37	13961	1	
37	3217	1	
37	19607	1	
37	5489	1	
37	6826	1	
37	15534	3	
37	12471	1	
37	19133	3	
37	2244	1	
37	15558	1	
37	20167	1	
37	6346	1	
37	14037	1	
37	2264	1	
37	19460	1	
37	6375	1	
37	748	1	
37	13937	1	
37	4868	1	
37	2310	1	
37	4364	3	
37	17168	1	
37	22232	3	
37	13090	1	
37	13611	1	
37	1844	2	
37	6622	1	
37	21305	3	
37	7485	1	
37	833	1	
37	14660	1	
37	3408	1	
37	2387	1	
37	858	1	
37	3419	1	
37	9067	1	
37	9069	1	
37	15216	1	
37	13681	1	
37	9075	1	
37	16252	1	
37	5502	1	
37	1924	1	
37	16774	1	
37	15751	2	
37	4497	1	
37	1442	1	
37	12198	1	
37	15784	1	
37	10158	1	
37	11193	1	
37	22464	1	
37	8641	1	
37	13763	1	
37	1991	1	
37	13768	1	
37	19407	1	
37	16848	1	
37	9171	1	
37	16347	1	
37	10205	1	
37	10206	1	
37	5087	1	
37	4081	1	
37	3058	1	
37	3060	1	
37	16375	1	
37	15864	1	
37	15869	1	
37	16382	1	
38	12288	1	
38	15874	1	
38	7686	1	
38	13835	1	
38	1044	1	
38	1049	1	
38	5660	1	
38	9758	1	
38	11295	1	
38	15393	1	
38	5667	1	
38	2596	1	
38	18476	1	
38	3629	1	
38	21841	1	
38	16431	1	
38	14386	2	
38	6195	1	
38	12852	1	
38	3129	1	
38	13887	3	
38	2113	2	
38	12354	1	
38	8771	1	
38	12357	1	
38	22369	2	
38	15432	2	
38	11851	1	
38	15948	1	
38	8782	1	
38	7952	1	
38	21606	1	
38	10854	1	
38	19900	1	
38	9839	1	
38	14448	1	
38	20343	1	
38	15808	1	
38	2166	1	
38	16513	1	
38	13445	1	
38	4230	1	
38	4238	1	
38	19599	1	
38	4772	1	
38	18086	1	
38	12775	1	
38	19124	1	
38	11294	1	
38	9398	1	
38	5303	1	
38	2745	1	
38	15903	2	
38	15548	1	
38	19133	3	
38	12151	1	
38	20686	1	
38	14545	1	
38	14036	1	
38	17614	1	
38	5514	1	
38	10975	1	
38	2279	1	
38	7419	1	
38	4868	1	
38	773	1	
38	4364	1	
38	10510	1	
38	8976	1	
38	13073	1	
38	10515	1	
38	12565	1	
38	2329	1	
38	6938	1	
38	13957	1	
38	13089	1	
38	1844	1	
38	8502	1	
38	3895	1	
38	21305	1	
38	20284	1	
38	20285	2	
38	19263	1	
38	8514	1	
38	12103	1	
38	3468	1	
38	12110	2	
38	12625	2	
38	14677	1	
38	2105	4	
38	858	1	
38	18267	1	
38	8033	1	
38	19943	1	
38	9069	1	
38	13679	1	
38	15216	1	
38	12663	2	
38	9023	1	
38	1917	1	
38	7550	2	
38	15754	2	
38	10636	2	
38	2446	1	
38	8079	1	
38	4497	1	
38	19349	1	
38	15266	1	
38	20389	1	
38	1446	1	
38	14761	1	
38	15275	1	
38	11186	1	
38	11708	1	
38	22464	4	
38	4038	1	
38	13255	1	
38	13768	1	
38	7633	1	
38	6099	1	
38	18392	1	
38	13787	1	
38	16865	1	
38	18919	1	
38	15857	1	
38	7154	1	
38	14324	1	
38	3061	1	
38	5623	1	
38	18975	2	
38	4601	2	
38	5118	1	
