1	6145	1	
1	13316	1	
1	6149	1	
1	13832	1	
1	9226	1	
1	22032	3	
1	9755	1	
1	20519	1	
1	13866	1	
1	18485	1	
1	15432	2	
1	1099	1	
1	592	2	
1	21586	1	
1	9816	1	
1	18528	2	
1	17936	1	
1	15971	1	
1	17004	1	
1	21613	2	
1	21103	1	
1	14448	1	
1	7471	1	
1	18546	1	
1	1141	1	
1	14969	1	
1	19578	1	
1	640	1	
1	1669	1	
1	1671	1	
1	14474	1	
1	13452	1	
1	14991	1	
1	6801	1	
1	6816	1	
1	12656	1	
1	5285	1	
1	19622	1	
1	22386	2	
1	18608	1	
1	16049	1	
1	5815	1	
1	22303	1	
1	3260	1	
1	2243	1	
1	12663	1	
1	8927	1	
1	21733	1	
1	8954	1	
1	1284	1	
1	6408	1	
1	4364	1	
1	4884	1	
1	7451	1	
1	797	1	
1	12575	1	
1	1824	1	
1	7457	2	
1	14127	1	
1	20794	1	
1	11075	1	
1	9033	1	
1	16717	1	
1	4432	2	
1	21841	1	
1	5459	1	
1	6489	1	
1	18267	7	
1	13161	2	
1	19312	1	
1	10098	1	
1	12151	1	
1	12673	1	
1	11662	1	
1	7584	1	
1	5029	1	
1	7081	1	
1	15276	1	
1	22457	1	
1	13242	1	
1	9152	2	
1	11714	1	
1	13763	1	
1	13771	1	
1	13772	1	
1	15014	1	
1	2025	1	
1	22508	1	
1	10096	1	
1	496	1	
1	5625	1	
1	6651	1	
2	1280	1	
2	16901	1	
2	17424	1	
2	20502	1	
2	11294	1	
2	18975	1	
2	18977	1	
2	1576	1	
2	18993	1	
2	17971	1	
2	1076	1	
2	11832	1	
2	6204	1	
2	8766	1	
2	17984	1	
2	12354	2	
2	3654	1	
2	4169	1	
2	13388	3	
2	21584	1	
2	22032	2	
2	15971	2	
2	13412	1	
2	21094	1	
2	22119	1	
2	20076	1	
2	21613	1	
2	14448	1	
2	13937	1	
2	18546	1	
2	1141	2	
2	18042	1	
2	8315	1	
2	18049	1	
2	14978	1	
2	5764	2	
2	13445	2	
2	14992	1	
2	7313	1	
2	9884	1	
2	21153	1	
2	7844	1	
2	5285	1	
2	6310	1	
2	2220	1	
2	3760	1	
2	13493	1	
2	10939	1	
2	22232	1	
2	17627	1	
2	8425	1	
2	14574	1	
2	15096	2	
2	10489	1	
2	14592	5	
2	14082	1	
2	2309	1	
2	13576	1	
2	4396	1	
2	11039	1	
2	17678	1	
2	14096	1	
2	16661	1	
2	5400	1	
2	10522	1	
2	2844	1	
2	14981	1	
2	1824	1	
2	18209	1	
2	5414	1	
2	13611	1	
2	12076	1	
2	20783	1	
2	8500	1	
2	21305	1	
2	12602	1	
2	7483	1	
2	20285	1	
2	1342	1	
2	20288	1	
2	22344	1	
2	4432	1	
2	12625	2	
2	9554	2	
2	14677	2	
2	9558	1	
2	14177	1	
2	6511	1	
2	12656	1	
2	9587	1	
2	592	2	
2	16271	1	
2	18832	2	
2	5009	1	
2	10136	3	
2	17818	1	
2	15773	1	
2	15266	1	
2	21935	1	
2	12746	2	
2	13771	1	
2	19412	1	
2	18908	1	
2	15013	1	
2	11600	4	
2	21841	2	
2	10225	1	
2	10230	1	
2	3065	1	
2	20990	1	
3	12288	3	
3	515	1	
3	13316	3	
3	7766	1	
3	11787	1	
3	770	1	
3	11791	1	
3	17424	3	
3	2072	1	
3	15386	1	
3	9733	1	
3	20000	1	
3	547	2	
3	4647	1	
3	20008	1	
3	8236	1	
3	14600	1	
3	5764	1	
3	16947	1	
3	12852	1	
3	7223	1	
3	16952	1	
3	21050	1	
3	3647	1	
3	3652	1	
3	15432	2	
3	21586	1	
3	13398	1	
3	4696	1	
3	21007	1	
3	8796	1	
3	10847	1	
3	22032	2	
3	15971	3	
3	21613	2	
3	14448	1	
3	21617	3	
3	2164	1	
3	11894	1	
3	17016	1	
3	11898	2	
3	1664	1	
3	3201	1	
3	14978	1	
3	1668	1	
3	10006	1	
3	2306	1	
3	1163	1	
3	17688	1	
3	21653	1	
3	19094	1	
3	18081	1	
3	5796	1	
3	11434	1	
3	1906	1	
3	22303	1	
3	19133	1	
3	7870	1	
3	14016	1	
3	2166	1	
3	17611	1	
3	11471	3	
3	8912	1	
3	16817	1	
3	14552	1	
3	6876	1	
3	15994	1	
3	4831	1	
3	9953	1	
3	17637	1	
3	1767	1	
3	8425	1	
3	1776	1	
3	8950	2	
3	8954	1	
3	5885	2	
3	14592	3	
3	21831	1	
3	4868	1	
3	17159	1	
3	14088	1	
3	22232	1	
3	2834	1	
3	16661	1	
3	13078	1	
3	22295	1	
3	18200	1	
3	1412	1	
3	7451	1	
3	20254	1	
3	12575	2	
3	18209	1	
3	12589	1	
3	7471	2	
3	15752	1	
3	7476	1	
3	2873	2	
3	6976	1	
3	4837	1	
3	5959	1	
3	13129	1	
3	9038	1	
3	14677	4	
3	11095	1	
3	14680	1	
3	6489	4	
3	18267	4	
3	861	1	
3	16223	1	
3	22368	1	
3	15205	1	
3	745	1	
3	20847	1	
3	10096	1	
3	13681	1	
3	22386	1	
3	20851	1	
3	3958	1	
3	12151	1	
3	16252	1	
3	16260	1	
3	901	1	
3	1928	2	
3	22508	1	
3	21392	1	
3	7569	1	
3	17818	1	
3	20384	1	
3	13040	1	
3	15266	3	
3	11684	1	
3	22442	2	
3	8519	1	
3	16301	1	
3	5041	1	
3	8636	3	
3	1982	1	
3	11714	1	
3	7397	1	
3	12746	2	
3	9167	1	
3	1497	1	
3	22500	2	
3	8684	1	
3	494	1	
3	10225	1	
3	8180	1	
3	18424	1	
3	4601	1	
4	13316	3	
4	12461	1	
4	17424	1	
4	15894	3	
4	2072	1	
4	2073	1	
4	9755	1	
4	22386	1	
4	9250	1	
4	18267	1	
4	1576	1	
4	7219	1	
4	1076	1	
4	11832	1	
4	20307	1	
4	12354	2	
4	20547	1	
4	17479	1	
4	17481	1	
4	13388	1	
4	12878	2	
4	4623	1	
4	19553	2	
4	15971	2	
4	18022	2	
4	18023	1	
4	22119	2	
4	21613	1	
4	13937	1	
4	20329	1	
4	18042	1	
4	16661	1	
4	1664	1	
4	5764	2	
4	14475	1	
4	5912	1	
4	19093	1	
4	6809	2	
4	13979	1	
4	13980	1	
4	18592	1	
4	13992	1	
4	9901	1	
4	15534	1	
4	10927	1	
4	2740	1	
4	4894	1	
4	9398	1	
4	696	1	
4	11969	2	
4	12747	1	
4	10274	1	
4	9425	1	
4	4473	1	
4	11992	1	
4	7897	1	
4	19166	1	
4	4831	1	
4	9953	1	
4	10978	1	
4	7396	1	
4	7397	1	
4	7911	1	
4	8950	1	
4	17657	1	
4	8954	2	
4	18686	1	
4	11007	1	
4	14592	3	
4	8449	1	
4	2306	1	
4	17671	1	
4	7432	1	
4	15625	1	
4	14091	1	
4	5390	1	
4	9492	1	
4	5909	1	
4	15128	1	
4	15129	1	
4	795	1	
4	797	2	
4	20766	1	
4	11555	1	
4	12081	1	
4	4396	1	
4	19760	1	
4	1928	1	
4	10551	1	
4	13113	1	
4	10555	1	
4	12604	1	
4	6976	4	
4	14657	1	
4	16194	1	
4	21319	1	
4	22344	1	
4	9831	1	
4	6477	1	
4	6483	1	
4	14677	1	
4	12089	1	
4	14680	5	
4	8027	1	
4	9951	1	
4	13663	1	
4	355	1	
4	2918	1	
4	8552	1	
4	1852	1	
4	7532	1	
4	20847	1	
4	20848	1	
4	1906	1	
4	1908	1	
4	12153	1	
4	16260	1	
4	10120	1	
4	5527	2	
4	10636	1	
4	3991	1	
4	3992	1	
4	409	2	
4	17818	1	
4	14751	1	
4	11684	1	
4	22442	2	
4	16299	1	
4	11193	1	
4	8607	1	
4	14283	1	
4	9167	1	
4	16848	1	
4	2003	1	
4	10709	1	
4	4571	1	
4	988	1	
4	17890	1	
4	22500	2	
4	999	1	
4	10728	1	
4	11603	1	
5	13316	7	
5	4694	1	
5	1032	1	
5	9226	1	
5	22028	1	
5	22032	3	
5	17425	2	
5	21527	1	
5	11294	1	
5	11807	1	
5	3106	1	
5	3621	1	
5	3113	1	
5	9261	1	
5	8753	1	
5	7219	1	
5	12852	2	
5	16952	1	
5	1076	1	
5	5216	1	
5	17481	1	
5	19019	1	
5	6732	1	
5	18510	1	
5	13398	1	
5	3676	1	
5	1120	1	
5	17424	1	
5	13412	1	
5	13937	1	
5	17015	1	
5	18046	1	
5	14978	1	
5	13955	1	
5	19137	1	
5	18569	1	
5	13388	1	
5	13969	1	
5	6290	1	
5	5780	1	
5	14485	4	
5	14486	1	
5	19096	1	
5	18080	2	
5	18083	1	
5	22188	1	
5	13490	1	
5	20255	1	
5	700	2	
5	7870	2	
5	11969	1	
5	15556	1	
5	5318	1	
5	4897	1	
5	9417	1	
5	10963	1	
5	10452	1	
5	18505	2	
5	5852	1	
5	10973	1	
5	2782	1	
5	4831	2	
5	15585	1	
5	6887	1	
5	6378	1	
5	6380	1	
5	7920	1	
5	7924	1	
5	8950	2	
5	8954	3	
5	14592	3	
5	14595	1	
5	4364	1	
5	1069	1	
5	5394	1	
5	4884	1	
5	4169	1	
5	18200	1	
5	1818	1	
5	12575	2	
5	18209	1	
5	19238	1	
5	7217	1	
5	1835	1	
5	12081	2	
5	7476	2	
5	5433	1	
5	20285	1	
5	6976	3	
5	20803	1	
5	21318	1	
5	20300	1	
5	10573	1	
5	10574	1	
5	14677	4	
5	14680	2	
5	11097	1	
5	8026	2	
5	9067	1	
5	20329	1	
5	1767	1	
5	879	2	
5	9072	2	
5	13681	1	
5	12663	1	
5	21652	1	
5	4159	1	
5	18819	1	
5	16260	2	
5	5509	1	
5	9622	2	
5	14751	2	
5	4000	2	
5	929	1	
5	931	1	
5	22442	7	
5	4011	1	
5	22455	1	
5	11193	1	
5	8636	1	
5	22464	4	
5	20384	1	
5	17860	1	
5	1992	1	
5	588	1	
5	12746	3	
5	11726	1	
5	21837	1	
5	7635	2	
5	13781	1	
5	20442	1	
5	22266	1	
5	8161	2	
5	22500	1	
5	12778	1	
5	7147	1	
5	22508	4	
5	21485	1	
5	10225	2	
5	5110	1	
5	4601	1	
6	12288	1	
6	13316	2	
6	15105	1	
6	1032	1	
6	22032	3	
6	1048	1	
6	18460	1	
6	20520	2	
6	12841	1	
6	8749	2	
6	12852	3	
6	1084	1	
6	7230	1	
6	11334	1	
6	13901	1	
6	7248	1	
6	21597	1	
6	4191	1	
6	18528	1	
6	15971	3	
6	5220	1	
6	12390	1	
6	19056	1	
6	625	1	
6	6771	1	
6	19580	1	
6	14978	1	
6	18052	1	
6	14981	1	
6	14017	1	
6	4236	1	
6	4239	1	
6	13969	1	
6	21656	1	
6	6809	1	
6	9884	1	
6	9380	1	
6	680	1	
6	11946	1	
6	4276	1	
6	1311	1	
6	18108	1	
6	11969	1	
6	11979	1	
6	18209	1	
6	17608	1	
6	17611	1	
6	17621	2	
6	12503	1	
6	4317	1	
6	2273	1	
6	5348	1	
6	17638	2	
6	6378	1	
6	7922	1	
6	8947	1	
6	1918	1	
6	8950	2	
6	3113	2	
6	15096	1	
6	14592	1	
6	17665	1	
6	15106	1	
6	2307	1	
6	11524	1	
6	2310	1	
6	20234	1	
6	4364	1	
6	15117	1	
6	11028	1	
6	18200	1	
6	7471	1	
6	797	1	
6	20255	2	
6	20257	1	
6	9606	1	
6	21295	1	
6	4401	1	
6	15666	1	
6	7476	1	
6	13113	1	
6	20794	1	
6	1852	1	
6	20285	2	
6	14144	1	
6	20813	1	
6	21841	1	
6	14677	4	
6	14680	1	
6	9569	1	
6	19810	1	
6	3943	1	
6	364	1	
6	9069	1	
6	18287	1	
6	15216	1	
6	18921	1	
6	8062	1	
6	20864	1	
6	16260	1	
6	20358	2	
6	19849	1	
6	19347	1	
6	7579	1	
6	17819	1	
6	22442	3	
6	17324	1	
6	19886	1	
6	7601	1	
6	1979	1	
6	8636	2	
6	11719	1	
6	12746	2	
6	6092	1	
6	17359	1	
6	2003	1	
6	18904	1	
6	6652	1	
6	19435	1	
6	16367	1	
6	20468	1	
6	16374	1	
6	7164	1	
7	18688	1	
7	18049	1	
7	14743	1	
7	15109	1	
7	19718	1	
7	22188	2	
7	7306	1	
7	1163	1	
7	13452	1	
7	4238	1	
7	22032	2	
7	17426	1	
7	15508	1	
7	11760	1	
7	17943	1	
7	17688	1	
7	13316	3	
7	17435	1	
7	3103	1	
7	20257	4	
7	18267	1	
7	15268	1	
7	22442	2	
7	1068	1	
7	8749	1	
7	7471	1	
7	7088	1	
7	15432	2	
7	1076	2	
7	20277	1	
7	7862	1	
7	21303	1	
7	3130	1	
7	8636	2	
7	8641	1	
7	12354	1	
7	3702	1	
7	11334	1	
7	10145	1	
7	14536	2	
7	7241	1	
7	1099	1	
7	14592	1	
7	9167	3	
7	21586	1	
7	467	1	
7	8161	1	
7	13398	3	
7	1752	1	
7	17188	1	
7	11471	2	
7	8032	1	
7	17424	1	
7	9380	1	
7	8421	1	
7	1766	1	
7	15849	1	
7	22252	1	
7	21357	1	
7	4846	1	
7	22127	1	
7	7664	1	
7	21617	1	
7	1906	1	
7	2003	1	
7	15990	1	
7	19553	1	
7	18168	1	
7	673	1	
7	8570	1	
7	18046	1	
7	20095	1	
8	1537	1	
8	13316	2	
8	1032	1	
8	15276	1	
8	11787	2	
8	22032	5	
8	14680	1	
8	6695	1	
8	22571	1	
8	16430	1	
8	1076	2	
8	19212	1	
8	588	1	
8	591	1	
8	592	1	
8	21586	2	
8	18521	1	
8	19556	1	
8	22119	2	
8	21613	2	
8	13937	2	
8	10867	1	
8	638	1	
8	3201	1	
8	18051	1	
8	13445	1	
8	18055	1	
8	13449	1	
8	4238	1	
8	19093	1	
8	12143	2	
8	19102	1	
8	7854	1	
8	19124	1	
8	4277	1	
8	19133	1	
8	7870	1	
8	14530	1	
8	7880	1	
8	22229	1	
8	18144	1	
8	9953	3	
8	5347	1	
8	8421	1	
8	5351	1	
8	13037	1	
8	6900	1	
8	8950	1	
8	3321	1	
8	8954	2	
8	1280	1	
8	14081	1	
8	20234	1	
8	4364	1	
8	16661	1	
8	17688	1	
8	17181	1	
8	21305	1	
8	9033	2	
8	22346	1	
8	10573	1	
8	21731	1	
8	4440	1	
8	18267	1	
8	22369	1	
8	2920	1	
8	5993	1	
8	9069	2	
8	20847	1	
8	10096	1	
8	10097	1	
8	1906	3	
8	9587	1	
8	19323	1	
8	8064	1	
8	20384	1	
8	15273	1	
8	12716	1	
8	2990	1	
8	22464	1	
8	13388	1	
8	9675	1	
8	10709	1	
8	12778	1	
8	13808	1	
8	20470	2	
9	12673	1	
9	18051	1	
9	13316	1	
9	13445	2	
9	19718	1	
9	14474	1	
9	3339	2	
9	13453	1	
9	22032	2	
9	22289	1	
9	16787	1	
9	18197	1	
9	15727	1	
9	2309	1	
9	15776	1	
9	289	1	
9	4647	1	
9	16773	1	
9	11946	1	
9	22188	1	
9	1459	1	
9	7471	1	
9	7088	3	
9	13875	1	
9	1076	1	
9	7095	1	
9	21305	1	
9	20155	1	
9	17212	1	
9	19133	1	
9	12746	1	
9	11714	1	
9	19595	1	
9	15940	1	
9	11850	3	
9	4941	1	
9	12878	1	
9	719	1	
9	7248	1	
9	17337	1	
9	5458	1	
9	5459	1	
9	19156	1	
9	14807	1	
9	15449	1	
9	602	2	
9	988	3	
9	18013	1	
9	7776	1	
9	19938	1	
9	8421	1	
9	5863	1	
9	7016	1	
9	15593	1	
9	22252	1	
9	21586	1	
9	14469	1	
9	22385	1	
9	21874	1	
9	21108	1	
9	10358	1	
9	15864	1	
9	5627	1	
9	8188	1	
9	4989	1	
9	14974	1	
9	16661	1	
10	12288	1	
10	13316	2	
10	7686	1	
10	4104	1	
10	3082	1	
10	13452	1	
10	19716	1	
10	6686	1	
10	18463	1	
10	10275	1	
10	4647	1	
10	22571	1	
10	8749	1	
10	13873	1	
10	1076	1	
10	7690	1	
10	5186	1	
10	18505	2	
10	11850	2	
10	15948	1	
10	6733	1	
10	21586	1	
10	15459	1	
10	22100	1	
10	16982	1	
10	4695	1	
10	13404	1	
10	15971	1	
10	10857	1	
10	21617	1	
10	14970	1	
10	10366	1	
10	13445	1	
10	1163	1	
10	19596	1	
10	5264	1	
10	5270	1	
10	15512	3	
10	2245	1	
10	9889	1	
10	18083	1	
10	13832	1	
10	12471	1	
10	2747	1	
10	8387	1	
10	5829	1	
10	11471	1	
10	6865	1	
10	4309	1	
10	17627	1	
10	4831	1	
10	5867	1	
10	12013	1	
10	14081	1	
10	4868	2	
10	17162	1	
10	4364	1	
10	16147	1	
10	22295	1	
10	18200	1	
10	7964	1	
10	15645	1	
10	20255	1	
10	11995	1	
10	19238	2	
10	18222	1	
10	816	1	
10	13113	1	
10	10555	1	
10	17212	1	
10	16705	1	
10	14659	1	
10	17220	1	
10	10568	1	
10	9033	1	
10	17231	1	
10	9041	1	
10	4438	2	
10	7520	1	
10	8042	1	
10	8043	1	
10	9069	3	
10	15216	1	
10	10097	1	
10	4992	1	
10	1924	1	
10	18831	1	
10	22418	1	
10	17818	1	
10	20384	1	
10	15266	1	
10	10155	1	
10	5551	1	
10	7088	1	
10	19901	1	
10	22464	1	
10	4512	1	
10	21445	1	
10	9167	1	
10	988	1	
10	11760	2	
10	16373	1	
10	13819	1	
11	12288	2	
11	13316	1	
11	7178	1	
11	12815	1	
11	22032	1	
11	4116	1	
11	7684	1	
11	5551	1	
11	15903	1	
11	3621	1	
11	15408	1	
11	1076	1	
11	13834	1	
11	20547	1	
11	22086	1	
11	22088	1	
11	11850	2	
11	21586	1	
11	7764	1	
11	18540	1	
11	6770	1	
11	6773	1	
11	17016	1	
11	633	1	
11	18197	2	
11	6787	1	
11	13445	1	
11	13961	2	
11	1163	1	
11	5264	1	
11	13969	1	
11	7827	1	
11	660	1	
11	19095	1	
11	9887	2	
11	20649	1	
11	14016	3	
11	2243	1	
11	3784	2	
11	14025	1	
11	14033	1	
11	2264	1	
11	3316	1	
11	16124	1	
11	1280	1	
11	8449	1	
11	4868	1	
11	14088	1	
11	4364	2	
11	21264	1	
11	16661	1	
11	17184	1	
11	7979	1	
11	1844	1	
11	16702	1	
11	8512	1	
11	13131	1	
11	12625	2	
11	21330	1	
11	18267	1	
11	3935	1	
11	19816	1	
11	15216	1	
11	4414	1	
11	12663	1	
11	15752	1	
11	17290	1	
11	2446	1	
11	7747	1	
11	15855	1	
11	15774	1	
11	14751	1	
11	4012	1	
11	15279	1	
11	15432	1	
11	1465	1	
11	1466	1	
11	1979	1	
11	12734	1	
11	11714	1	
11	19907	1	
11	13255	1	
11	10706	1	
11	6639	1	
11	10225	1	
11	3058	1	
11	4601	1	
12	13316	1	
12	17424	1	
12	22188	1	
12	22032	6	
12	17426	1	
12	8216	1	
12	22041	1	
12	18975	1	
12	20000	1	
12	21295	1	
12	2091	1	
12	19378	1	
12	9775	1	
12	6193	1	
12	18994	1	
12	7230	1	
12	8260	1	
12	15432	1	
12	22601	1	
12	13388	1	
12	15439	1	
12	18002	1	
12	19555	1	
12	9816	2	
12	9308	1	
12	1118	1	
12	12816	1	
12	15971	3	
12	10857	1	
12	13930	1	
12	21613	3	
12	11887	2	
12	7471	1	
12	18546	1	
12	6773	1	
12	3702	1	
12	7306	1	
12	2196	1	
12	5272	1	
12	6297	1	
12	19614	1	
12	18081	1	
12	5282	1	
12	4209	1	
12	11946	1	
12	15532	3	
12	8365	1	
12	5806	1	
12	4808	1	
12	4276	1	
12	12471	1	
12	3258	3	
12	10939	1	
12	19133	1	
12	9924	1	
12	20168	1	
12	4810	1	
12	11992	1	
12	8422	1	
12	4843	1	
12	22252	1	
12	7635	1	
12	9684	2	
12	13570	1	
12	19716	1	
12	2309	1	
12	14088	1	
12	4364	1	
12	14096	1	
12	17681	1	
12	18197	1	
12	20762	1	
12	16175	1	
12	8479	1	
12	18209	1	
12	7217	1	
12	4396	1	
12	22319	1	
12	7475	1	
12	1844	1	
12	14136	1	
12	2873	1	
12	20285	1	
12	1342	1	
12	11592	1	
12	11600	2	
12	11605	1	
12	9558	1	
12	11095	1	
12	14680	1	
12	6489	1	
12	21850	1	
12	5986	1	
12	21865	1	
12	6510	1	
12	19312	1	
12	13681	1	
12	14709	1	
12	8062	1	
12	9600	1	
12	14215	1	
12	17806	1	
12	7055	1	
12	18837	1	
12	4502	1	
12	15773	1	
12	14751	1	
12	13222	1	
12	15273	1	
12	22442	2	
12	19377	1	
12	15794	1	
12	7095	1	
12	8636	1	
12	5565	1	
12	22463	1	
12	22464	1	
12	11714	1	
12	20429	1	
12	9167	1	
12	9169	1	
12	2003	1	
12	4564	1	
12	3321	1	
12	20559	1	
12	8158	1	
12	19938	1	
12	11243	1	
12	8684	1	
12	14677	1	
