1	9729	1	
1	7690	1	
1	15534	1	
1	10265	1	
1	12317	1	
1	18975	1	
1	20000	1	
1	9761	1	
1	22572	1	
1	9777	1	
1	20532	1	
1	18784	1	
1	13389	1	
1	18510	1	
1	12558	1	
1	5207	1	
1	18528	1	
1	19555	1	
1	22119	1	
1	9832	1	
1	8892	2	
1	21613	2	
1	9839	1	
1	7794	2	
1	15987	1	
1	22133	1	
1	18042	1	
1	16661	1	
1	1155	1	
1	1266	1	
1	16030	1	
1	672	1	
1	6308	1	
1	10407	1	
1	15532	1	
1	8878	1	
1	12465	1	
1	19124	2	
1	15032	1	
1	2745	1	
1	3258	1	
1	6844	1	
1	19133	1	
1	9918	1	
1	6847	1	
1	711	1	
1	13514	2	
1	11471	1	
1	7889	1	
1	10963	1	
1	12502	1	
1	20187	1	
1	10972	1	
1	4317	1	
1	21182	1	
1	14033	1	
1	20205	1	
1	9458	1	
1	18080	1	
1	11007	2	
1	8449	2	
1	7938	1	
1	6030	1	
1	6406	1	
1	17162	1	
1	10510	1	
1	7952	1	
1	6419	1	
1	1813	1	
1	4868	1	
1	2329	1	
1	16175	1	
1	797	1	
1	11043	1	
1	8412	1	
1	12588	1	
1	5934	1	
1	7471	4	
1	18736	1	
1	8500	1	
1	21305	2	
1	8512	1	
1	3393	1	
1	15170	1	
1	20803	2	
1	9543	1	
1	910	1	
1	9047	1	
1	18783	1	
1	7520	1	
1	22373	1	
1	9167	2	
1	3943	1	
1	3948	1	
1	9069	3	
1	11632	1	
1	20343	2	
1	8571	1	
1	8062	2	
1	12162	1	
1	14725	1	
1	16775	1	
1	15752	1	
1	10638	1	
1	3991	1	
1	20384	1	
1	15273	1	
1	15274	1	
1	4011	1	
1	16301	2	
1	433	1	
1	19379	1	
1	15800	1	
1	8636	1	
1	15808	1	
1	8641	1	
1	11714	1	
1	19907	1	
1	19396	1	
1	11898	1	
1	2510	1	
1	13901	1	
1	9169	1	
1	2525	2	
1	17376	1	
1	15845	1	
1	8684	1	
1	14832	1	
1	15857	1	
1	12799	1	
1	5034	1	
1	14677	3	
2	12288	1	
2	8705	1	
2	10243	1	
2	19460	1	
2	16390	1	
2	18955	1	
2	15192	2	
2	13331	1	
2	17428	1	
2	18453	1	
2	13334	1	
2	15384	1	
2	13852	1	
2	3629	1	
2	4654	1	
2	8753	1	
2	1590	1	
2	6715	2	
2	4668	1	
2	12354	1	
2	20547	1	
2	3652	2	
2	16966	1	
2	15434	1	
2	588	1	
2	10831	1	
2	21586	4	
2	7768	1	
2	15119	2	
2	8797	1	
2	7777	1	
2	9831	1	
2	626	1	
2	16915	1	
2	15479	1	
2	6776	1	
2	14459	1	
2	6269	1	
2	10372	1	
2	6281	1	
2	13451	1	
2	12429	1	
2	2706	1	
2	1305	1	
2	11931	2	
2	673	2	
2	4263	1	
2	16041	1	
2	4267	1	
2	22188	1	
2	15534	1	
2	16049	3	
2	4276	1	
2	20151	1	
2	8376	1	
2	18108	1	
2	19133	2	
2	703	1	
2	6337	1	
2	7457	1	
2	5838	1	
2	4303	1	
2	9425	1	
2	10963	2	
2	9422	1	
2	12503	1	
2	9423	1	
2	7397	1	
2	14703	1	
2	5356	1	
2	6901	1	
2	17148	1	
2	4867	2	
2	2309	1	
2	10540	1	
2	3339	1	
2	5391	1	
2	16661	1	
2	2839	2	
2	5764	1	
2	18208	1	
2	18209	1	
2	2344	1	
2	15751	1	
2	12076	1	
2	11569	1	
2	15666	1	
2	1844	1	
2	21305	2	
2	20285	1	
2	14475	1	
2	8143	1	
2	3408	1	
2	21330	1	
2	3413	1	
2	4438	1	
2	5464	1	
2	13658	2	
2	5988	1	
2	9069	3	
2	6511	1	
2	8571	1	
2	17790	1	
2	17791	1	
2	17931	1	
2	18818	1	
2	21995	1	
2	16775	1	
2	22252	1	
2	10636	1	
2	10641	1	
2	20882	3	
2	3992	1	
2	15771	1	
2	14751	1	
2	20384	1	
2	15777	1	
2	16806	1	
2	11181	1	
2	4019	1	
2	14772	1	
2	14324	2	
2	19900	1	
2	450	1	
2	19396	1	
2	9167	2	
2	7637	1	
2	7638	1	
2	21804	1	
2	8668	1	
2	6622	2	
2	14306	1	
2	8683	1	
2	7660	1	
2	16882	1	
2	500	1	
3	12288	2	
3	19460	1	
3	16904	1	
3	17424	1	
3	22551	1	
3	6687	1	
3	4128	1	
3	12296	1	
3	4668	2	
3	13887	1	
3	15426	1	
3	8771	1	
3	1092	1	
3	588	1	
3	21586	1	
3	14422	1	
3	10340	1	
3	20155	1	
3	15460	1	
3	22119	1	
3	21613	1	
3	11887	1	
3	13937	1	
3	1652	1	
3	14970	1	
3	6269	1	
3	12930	1	
3	5764	1	
3	8332	1	
3	18882	1	
3	5276	2	
3	18077	1	
3	19102	1	
3	5301	1	
3	7862	1	
3	15903	1	
3	19133	2	
3	14020	1	
3	6345	1	
3	13514	1	
3	10444	1	
3	15566	1	
3	10963	1	
3	20695	1	
3	18140	1	
3	7905	1	
3	6898	1	
3	11007	1	
3	21250	1	
3	4364	2	
3	18197	1	
3	797	1	
3	19238	1	
3	9777	1	
3	10972	1	
3	15666	1	
3	1844	1	
3	7479	1	
3	1336	1	
3	21305	2	
3	16699	1	
3	16702	1	
3	3392	1	
3	8518	1	
3	12110	1	
3	5005	1	
3	3408	1	
3	15185	1	
3	13113	1	
3	17761	1	
3	15209	1	
3	9069	4	
3	3954	1	
3	3647	1	
3	12163	1	
3	1415	1	
3	8077	1	
3	1425	1	
3	10644	1	
3	11670	1	
3	3992	1	
3	3652	1	
3	7579	1	
3	5534	2	
3	4003	1	
3	11180	1	
3	17840	1	
3	18876	3	
3	11714	1	
3	502	1	
3	11723	1	
3	5069	1	
3	19408	1	
3	13778	1	
3	9686	1	
3	6622	1	
3	4579	1	
3	1518	1	
3	16367	1	
3	14324	2	
3	16373	1	
3	16374	2	
3	18424	1	
3	4603	1	
3	15869	1	
4	12288	3	
4	2304	1	
4	19460	3	
4	14854	1	
4	12296	1	
4	19900	1	
4	18955	1	
4	16913	1	
4	16915	1	
4	15893	1	
4	7707	1	
4	21994	1	
4	6	1	
4	9767	3	
4	1068	1	
4	19464	1	
4	3647	1	
4	64	1	
4	66	1	
4	20547	1	
4	7236	1	
4	11334	2	
4	15432	1	
4	19017	1	
4	18364	1	
4	17996	1	
4	11855	1	
4	592	1	
4	21586	2	
4	18516	1	
4	1626	1	
4	1627	1	
4	18524	1	
4	19048	1	
4	11708	1	
4	10862	1	
4	13937	1	
4	1140	1	
4	1141	3	
4	17016	1	
4	2171	1	
4	6269	1	
4	13951	1	
4	21632	1	
4	1010	1	
4	12930	1	
4	2179	1	
4	12933	1	
4	15494	1	
4	1160	1	
4	6281	2	
4	139	1	
4	4238	1	
4	13969	1	
4	19093	1	
4	16665	1	
4	19098	1	
4	9887	1	
4	13474	2	
4	13477	1	
4	13478	1	
4	10014	1	
4	22198	1	
4	698	1	
4	19133	2	
4	16588	1	
4	20687	1	
4	8401	2	
4	10963	1	
4	3796	1	
4	20695	1	
4	4831	1	
4	17637	1	
4	7400	1	
4	246	1	
4	10452	1	
4	14592	1	
4	13952	1	
4	3182	3	
4	17163	1	
4	4364	2	
4	3853	1	
4	19729	1	
4	15491	1	
4	18197	1	
4	21782	4	
4	15128	1	
4	1305	1	
4	8989	2	
4	4382	1	
4	1669	1	
4	8992	1	
4	19238	1	
4	6446	1	
4	7471	1	
4	1844	1	
4	16694	1	
4	2873	1	
4	11070	1	
4	16706	1	
4	8013	1	
4	15184	1	
4	21841	1	
4	15190	4	
4	21305	2	
4	13658	1	
4	22369	1	
4	20692	1	
4	3985	1	
4	9072	2	
4	1906	1	
4	12151	2	
4	19837	1	
4	16774	1	
4	16775	1	
4	16778	1	
4	1421	1	
4	9617	1	
4	20882	1	
4	3992	2	
4	1948	1	
4	18339	1	
4	13223	1	
4	22442	1	
4	16301	1	
4	7241	1	
4	18876	3	
4	4030	1	
4	22464	2	
4	18882	1	
4	19397	1	
4	11719	1	
4	7633	1	
4	5593	1	
4	591	1	
4	15338	2	
4	22262	1	
4	16367	2	
4	20465	1	
4	10226	1	
4	6142	1	
4	16374	1	
4	6651	1	
4	20990	1	
4	12799	1	
5	12288	1	
5	19460	1	
5	19468	1	
5	16911	1	
5	22551	1	
5	9767	3	
5	16430	1	
5	4144	1	
5	61	1	
5	3647	1	
5	1092	1	
5	588	1	
5	21586	1	
5	602	1	
5	18528	2	
5	11887	1	
5	13937	1	
5	15478	1	
5	14970	1	
5	1147	1	
5	12930	1	
5	15494	1	
5	7306	2	
5	17041	1	
5	6290	1	
5	4263	1	
5	4265	1	
5	11434	1	
5	15532	1	
5	20155	1	
5	700	1	
5	19133	1	
5	7870	1	
5	20256	1	
5	18114	1	
5	15558	2	
5	13514	1	
5	11471	2	
5	16592	1	
5	8401	1	
5	3796	1	
5	20695	1	
5	4831	1	
5	20689	1	
5	15609	1	
5	15614	1	
5	2305	1	
5	2306	1	
5	19208	1	
5	20234	1	
5	17163	1	
5	4364	3	
5	15119	1	
5	21782	1	
5	8989	1	
5	18208	1	
5	15751	1	
5	2351	2	
5	21305	2	
5	15180	1	
5	15705	1	
5	2394	1	
5	18267	1	
5	13088	1	
5	22368	1	
5	22369	1	
5	9069	1	
5	9072	1	
5	12151	1	
5	7889	1	
5	63	1	
5	17791	1	
5	13190	1	
5	16775	1	
5	7148	1	
5	20882	1	
5	20384	1	
5	9121	1	
5	9122	1	
5	15273	1	
5	17331	1	
5	13778	1	
5	19939	1	
5	19943	1	
5	8683	2	
5	7660	1	
5	2130	1	
5	4601	1	
5	11771	1	
5	1532	1	
5	5119	1	
6	12288	2	
6	20481	1	
6	6146	1	
6	515	1	
6	6150	1	
6	6145	1	
6	1544	1	
6	17932	1	
6	525	1	
6	8451	1	
6	19478	1	
6	12825	2	
6	20519	1	
6	3629	4	
6	22062	1	
6	12336	1	
6	12852	1	
6	19124	1	
6	4668	1	
6	12354	1	
6	3652	1	
6	7180	1	
6	12471	1	
6	21586	3	
6	13398	2	
6	13912	1	
6	19552	1	
6	7778	1	
6	15460	1	
6	21097	1	
6	10862	1	
6	19056	1	
6	626	1	
6	15987	1	
6	1140	1	
6	12917	1	
6	19561	1	
6	19582	1	
6	20099	1	
6	13445	1	
6	4235	1	
6	2706	1	
6	1174	1	
6	16539	2	
6	18080	1	
6	10096	1	
6	10915	1	
6	6817	1	
6	6309	2	
6	4263	1	
6	17066	2	
6	14509	1	
6	7343	1	
6	13490	1	
6	21684	1	
6	16054	1	
6	14537	1	
6	20255	1	
6	18108	1	
6	19133	3	
6	13508	1	
6	18209	1	
6	20168	1	
6	2761	1	
6	13516	2	
6	4301	1	
6	5838	1	
6	15567	1	
6	6355	1	
6	17621	1	
6	11479	1	
6	22232	1	
6	11471	1	
6	18140	1	
6	7901	1	
6	10975	1	
6	740	1	
6	2278	1	
6	6375	1	
6	7400	1	
6	10473	1	
6	21228	1	
6	12018	1	
6	21750	1	
6	21251	1	
6	3321	1	
6	17280	1	
6	20739	1	
6	4868	1	
6	17163	1	
6	17166	1	
6	8989	1	
6	19589	1	
6	7457	1	
6	7460	1	
6	10533	1	
6	19238	2	
6	1833	1	
6	20782	1	
6	18224	1	
6	12083	1	
6	18229	1	
6	21305	3	
6	20285	1	
6	1856	1	
6	14475	1	
6	12625	1	
6	9047	1	
6	1764	1	
6	861	1	
6	18783	1	
6	22369	2	
6	5988	1	
6	15717	1	
6	19814	1	
6	9617	1	
6	360	1	
6	9069	5	
6	21870	1	
6	9072	2	
6	12153	1	
6	17788	1	
6	15850	1	
6	9600	1	
6	6464	2	
6	21995	1	
6	4484	1	
6	1420	1	
6	8079	1	
6	9105	1	
6	20384	3	
6	15266	1	
6	4003	1	
6	15268	1	
6	10154	1	
6	4011	1	
6	1452	1	
6	15790	1	
6	7087	1	
6	17840	1	
6	14264	1	
6	11193	1	
6	19396	1	
6	22262	1	
6	7110	1	
6	13255	2	
6	3529	1	
6	1994	1	
6	4087	1	
6	20429	1	
6	14286	1	
6	17359	2	
6	2001	1	
6	13778	1	
6	1699	1	
6	7637	2	
6	14807	1	
6	8668	1	
6	8669	1	
6	5335	1	
6	10723	4	
6	7658	1	
6	14827	1	
6	16367	2	
6	11762	1	
6	13451	1	
6	16373	1	
6	14327	1	
6	4602	1	
6	13819	1	
6	12933	1	
6	4603	1	
7	19460	1	
7	17424	1	
7	21518	1	
7	9232	1	
7	13844	1	
7	5142	1	
7	17943	1	
7	4632	1	
7	22557	1	
7	1568	1	
7	3621	1	
7	4647	1	
7	1579	1	
7	4654	1	
7	7218	1	
7	17973	1	
7	16952	1	
7	6651	2	
7	3652	3	
7	70	1	
7	4364	1	
7	8270	1	
7	11855	1	
7	21586	3	
7	13398	2	
7	10340	1	
7	18528	1	
7	21601	2	
7	5732	1	
7	4199	1	
7	7785	1	
7	3182	1	
7	14448	1	
7	1141	2	
7	4214	1	
7	15551	1	
7	19580	1	
7	19588	1	
7	13445	1	
7	20103	1	
7	1167	1	
7	3220	2	
7	661	1	
7	18072	1	
7	21657	1	
7	4255	1	
7	4256	1	
7	7451	1	
7	17066	1	
7	22188	1	
7	16050	1	
7	21686	2	
7	12471	1	
7	2747	1	
7	19133	1	
7	7870	1	
7	703	1	
7	17088	1	
7	19140	1	
7	5829	1	
7	14024	1	
7	13514	2	
7	5835	1	
7	20686	1	
7	719	1	
7	11477	1	
7	20695	2	
7	11471	2	
7	4323	1	
7	8422	1	
7	14583	1	
7	8660	1	
7	5371	1	
7	2812	1	
7	7933	1	
7	555	1	
7	12044	1	
7	4884	1	
7	18197	1	
7	21782	1	
7	1322	1	
7	1925	1	
7	11042	1	
7	19238	1	
7	1834	1	
7	17707	1	
7	12076	1	
7	16691	1	
7	21305	1	
7	19258	1	
7	8511	1	
7	16353	1	
7	13129	1	
7	3408	1	
7	12625	1	
7	10723	1	
7	14677	1	
7	15190	1	
7	2873	1	
7	18776	1	
7	22363	1	
7	22369	1	
7	870	1	
7	8040	1	
7	879	1	
7	880	1	
7	12151	1	
7	8568	1	
7	18068	1	
7	17788	1	
7	1406	1	
7	4484	1	
7	14725	1	
7	15754	1	
7	7567	1	
7	10641	1	
7	3991	1	
7	2968	1	
7	2969	1	
7	17818	1	
7	8607	5	
7	18337	1	
7	8613	1	
7	10162	1	
7	1460	1	
7	6075	1	
7	11708	2	
7	11714	1	
7	9684	2	
7	5591	1	
7	9887	1	
7	1501	1	
7	10206	1	
7	18911	1	
7	15841	1	
7	11771	1	
7	17660	1	
7	22508	2	
7	2387	1	
7	21499	1	
8	11777	1	
8	19460	2	
8	6150	1	
8	13832	1	
8	9227	1	
8	15448	1	
8	5551	2	
8	22557	1	
8	18975	1	
8	2596	1	
8	16425	1	
8	10798	1	
8	1074	1	
8	12852	2	
8	16952	1	
8	4158	1	
8	5935	1	
8	68	1	
8	1094	1	
8	12878	1	
8	21586	5	
8	13398	1	
8	9816	1	
8	12897	1	
8	10939	1	
8	10862	1	
8	8815	1	
8	1141	1	
8	6776	1	
8	15994	1	
8	19582	1	
8	7807	1	
8	5248	1	
8	4032	1	
8	12930	2	
8	12935	2	
8	7313	1	
8	6809	1	
8	2209	1	
8	13474	1	
8	13477	1	
8	4263	1	
8	22188	1	
8	19630	1	
8	19124	1	
8	10423	1	
8	20155	1	
8	19133	2	
8	5321	1	
8	11471	1	
8	1744	1	
8	9759	1	
8	22234	1	
8	18140	1	
8	7901	1	
8	10975	1	
8	18128	1	
8	12018	1	
8	638	1	
8	14583	1	
8	15096	1	
8	11004	1	
8	18174	1	
8	8449	4	
8	4867	2	
8	7432	1	
8	20234	1	
8	17163	1	
8	4364	3	
8	19726	1	
8	16656	1	
8	4884	1	
8	795	1	
8	8989	1	
8	1834	1	
8	21292	1	
8	21295	1	
8	1844	2	
8	21305	3	
8	4831	1	
8	6464	1	
8	4418	1	
8	328	1	
8	14677	1	
8	2394	1	
8	22368	1	
8	15216	1	
8	9069	3	
8	6511	1	
8	9072	1	
8	7537	1	
8	7540	1	
8	5501	1	
8	14722	1	
8	14725	2	
8	902	1	
8	16775	1	
8	4548	1	
8	4496	1	
8	10644	1	
8	8086	3	
8	3652	3	
8	4509	1	
8	8607	2	
8	20384	3	
8	15266	2	
8	12717	1	
8	16302	1	
8	8623	1	
8	4529	1	
8	3060	1	
8	6075	1	
8	22464	1	
8	14276	1	
8	673	1	
8	12747	2	
8	13778	1	
8	8660	3	
8	7637	1	
8	18904	1	
8	18393	1	
8	6622	1	
8	13989	1	
8	15841	1	
8	3047	1	
8	7144	1	
8	20969	1	
8	3058	1	
8	499	1	
8	20468	1	
8	2040	1	
8	6652	3	
8	12799	3	
9	12288	1	
9	19460	2	
9	9047	1	
9	4629	1	
9	4631	1	
9	1048	2	
9	7706	1	
9	22557	2	
9	15903	1	
9	16419	1	
9	17244	1	
9	8747	1	
9	8236	1	
9	8749	1	
9	7217	1	
9	18483	1	
9	1076	1	
9	4332	1	
9	11444	1	
9	4668	1	
9	3647	1	
9	13889	1	
9	22082	1	
9	8260	1	
9	71	1	
9	72	1	
9	3340	1	
9	15434	1	
9	17996	2	
9	15438	1	
9	10831	1	
9	592	1	
9	21586	4	
9	602	1	
9	14427	1	
9	19551	1	
9	15457	1	
9	8379	1	
9	10854	1	
9	18022	1	
9	4199	1	
9	19562	1	
9	21613	1	
9	14448	3	
9	15476	2	
9	13941	1	
9	632	1	
9	19580	1	
9	6269	1	
9	19582	1	
9	5248	1	
9	19588	1	
9	13445	2	
9	6790	1	
9	7303	1	
9	18571	1	
9	15500	1	
9	4238	1	
9	1167	3	
9	18068	1	
9	20635	1	
9	14492	1	
9	14495	1	
9	12656	1	
9	13475	1	
9	9380	1	
9	13477	1	
9	17067	1	
9	22188	1	
9	9757	1	
9	20148	1	
9	19126	1	
9	3258	2	
9	20155	1	
9	19133	4	
9	22210	1	
9	2243	1	
9	2105	2	
9	11471	1	
9	20695	7	
9	11992	1	
9	5337	1	
9	4314	1	
9	4303	1	
9	4317	1	
9	7903	2	
9	5351	1	
9	748	1	
9	1266	1	
9	6270	1	
9	14583	2	
9	17791	1	
9	18174	1	
9	10495	1	
9	1067	1	
9	20230	1	
9	4364	2	
9	18197	3	
9	7451	1	
9	22234	1	
9	290	1	
9	19238	1	
9	7463	1	
9	1833	1	
9	3376	1	
9	11569	3	
9	8502	1	
9	21305	4	
9	12604	1	
9	1342	1	
9	13633	1	
9	16196	3	
9	16197	3	
9	16199	1	
9	13129	3	
9	20303	1	
9	22414	1	
9	14649	1	
9	18776	2	
9	15707	2	
9	4956	1	
9	16224	1	
9	22369	3	
9	8041	2	
9	10727	1	
9	9069	4	
9	9583	1	
9	6000	1	
9	10097	1	
9	6515	1	
9	16758	1	
9	17788	1	
9	5501	1	
9	7550	2	
9	9599	1	
9	7552	1	
9	1921	1	
9	6531	2	
9	7823	1	
9	8585	1	
9	2442	1	
9	11662	1	
9	20882	2	
9	10644	1	
9	3992	1	
9	3652	1	
9	7579	1	
9	7582	1	
9	8607	3	
9	20384	1	
9	8613	1	
9	11175	1	
9	9644	1	
9	7752	1	
9	1458	1	
9	1466	1	
9	1468	1	
9	1469	1	
9	1471	1	
9	22464	2	
9	4547	1	
9	5246	1	
9	21957	1	
9	7111	1	
9	460	1	
9	4046	1	
9	464	1	
9	2003	1	
9	8660	4	
9	10830	1	
9	15835	1	
9	6622	1	
9	19939	1	
9	10725	1	
9	13799	2	
9	13800	1	
9	12778	1	
9	16366	1	
9	16367	1	
9	7153	1	
9	5199	1	
9	4602	1	
9	13819	2	
9	15869	1	
9	21845	1	
10	19589	1	
10	11779	1	
10	19460	3	
10	16902	1	
10	15448	1	
10	16915	1	
10	15903	1	
10	7771	1	
10	2596	1	
10	8744	1	
10	22571	1	
10	13357	1	
10	8751	1	
10	4661	1	
10	22082	1	
10	3651	1	
10	580	1	
10	18773	1	
10	12897	1	
10	588	1	
10	13389	1	
10	4176	1	
10	21586	2	
10	15444	1	
10	7765	1	
10	9816	1	
10	14427	1	
10	6237	1	
10	5729	1	
10	18530	1	
10	13411	1	
10	9831	1	
10	10428	2	
10	10862	1	
10	15994	1	
10	19582	2	
10	22464	7	
10	12930	3	
10	15491	1	
10	13445	1	
10	5768	1	
10	657	1	
10	21102	1	
10	16539	1	
10	6303	1	
10	6828	1	
10	8878	1	
10	16049	1	
10	17074	1	
10	13493	1	
10	6687	1	
10	8892	1	
10	19133	2	
10	4798	1	
10	18114	1	
10	13516	1	
10	15566	1	
10	20695	2	
10	13528	1	
10	5337	4	
10	13532	1	
10	4831	2	
10	7905	1	
10	1764	4	
10	18154	1	
10	15600	1	
10	15096	1	
10	15610	2	
10	17154	1	
10	4867	1	
10	4868	1	
10	2310	1	
10	17793	1	
10	4364	5	
10	8461	1	
10	5394	1	
10	4884	2	
10	18197	2	
10	16662	1	
10	8988	1	
10	12933	1	
10	17184	2	
10	15651	1	
10	1833	1	
10	3975	1	
10	3376	3	
10	11569	2	
10	16691	1	
10	1844	1	
10	1336	1	
10	21305	2	
10	10975	1	
10	4417	2	
10	15457	1	
10	17225	2	
10	3408	1	
10	11603	1	
10	14677	1	
10	19257	1	
10	8536	1	
10	15705	1	
10	1370	1	
10	16224	1	
10	22369	3	
10	15717	1	
10	3435	1	
10	9069	4	
10	10096	2	
10	12151	1	
10	16760	1	
10	1918	1	
10	17791	1	
10	8064	1	
10	12673	2	
10	18818	1	
10	1924	1	
10	14725	1	
10	16775	1	
10	7560	1	
10	4497	1	
10	20882	1	
10	10644	1	
10	10646	1	
10	14831	1	
10	8607	2	
10	20384	1	
10	7579	1	
10	15273	1	
10	1607	1	
10	18352	2	
10	1976	1	
10	1465	1	
10	1466	1	
10	14751	2	
10	16829	1	
10	4030	1	
10	4031	1	
10	4032	1	
10	13763	1	
10	7109	1	
10	14798	1	
10	9167	1	
10	7634	1	
10	8660	2	
10	14306	1	
10	19939	1	
10	20459	1	
10	7660	1	
10	493	1	
10	16367	2	
10	8180	1	
10	3061	1	
10	5717	1	
11	12288	1	
11	16385	1	
11	19460	2	
11	12805	1	
11	18952	1	
11	13834	1	
11	4525	1	
11	10259	1	
11	18436	1	
11	6685	1	
11	6687	1	
11	603	1	
11	4135	1	
11	8236	2	
11	16430	1	
11	10799	1	
11	13875	1	
11	12852	1	
11	21557	1	
11	21563	1	
11	22082	2	
11	1092	1	
11	12360	1	
11	73	1	
11	591	1	
11	592	1	
11	21586	1	
11	4698	1	
11	14427	1	
11	4700	1	
11	15457	1	
11	15971	1	
11	21606	1	
11	15976	1	
11	21609	1	
11	18540	1	
11	21613	1	
11	21097	1	
11	5246	1	
11	16661	1	
11	22464	3	
11	12930	1	
11	13445	2	
11	10886	1	
11	12935	2	
11	1160	1	
11	1674	1	
11	21442	1	
11	3217	2	
11	659	1	
11	15514	1	
11	9380	1	
11	17062	1	
11	6826	1	
11	4779	1	
11	9901	2	
11	15539	1	
11	11444	1	
11	12471	1	
11	7870	1	
11	2239	2	
11	2243	1	
11	5321	2	
11	15565	1	
11	20695	2	
11	5337	1	
11	11482	1	
11	13532	1	
11	4831	1	
11	745	1	
11	5356	2	
11	14081	1	
11	17154	1	
11	10499	1	
11	19204	1	
11	11479	1	
11	4364	4	
11	16653	1	
11	2834	1	
11	18197	1	
11	278	1	
11	8989	1	
11	8993	1	
11	16775	1	
11	20269	1	
11	3376	4	
11	9046	1	
11	19258	1	
11	6464	1	
11	20813	1	
11	11604	2	
11	14677	1	
11	854	1	
11	11434	1	
11	18776	1	
11	15706	1	
11	16223	1	
11	22369	1	
11	17250	1	
11	15786	2	
11	9069	3	
11	20343	2	
11	8571	1	
11	12673	1	
11	18818	1	
11	14725	2	
11	3975	1	
11	8026	1	
11	7055	1	
11	4496	1	
11	16273	1	
11	6036	1	
11	17819	1	
11	8607	1	
11	20384	1	
11	18339	1	
11	13223	1	
11	10154	1	
11	12717	1	
11	16302	1	
11	16308	1	
11	16310	1	
11	4032	1	
11	11714	1	
11	22468	1	
11	11723	1	
11	8660	2	
11	18911	1	
11	5088	1	
11	7659	2	
11	7663	1	
11	3058	1	
11	3060	1	
11	6652	1	
11	13821	1	
12	12288	2	
12	9729	1	
12	15874	1	
12	19460	2	
12	6150	1	
12	14508	1	
12	4623	1	
12	17428	1	
12	10776	1	
12	15903	1	
12	19494	1	
12	6695	1	
12	12333	1	
12	16431	2	
12	12852	1	
12	13880	1	
12	15199	1	
12	13890	1	
12	5699	1	
12	3652	1	
12	22369	1	
12	12360	1	
12	11851	1	
12	13388	1	
12	18512	1	
12	13398	1	
12	9816	1	
12	14427	2	
12	5936	2	
12	15457	1	
12	22119	1	
12	6770	1	
12	5748	1	
12	1141	1	
12	3702	1	
12	14969	1	
12	16661	1	
12	10881	1	
12	12930	3	
12	17029	1	
12	14470	1	
12	15495	1	
12	5768	1	
12	2244	1	
12	15514	1	
12	16539	1	
12	14493	1	
12	12446	1	
12	14495	1	
12	4264	1	
12	22188	1	
12	14509	1	
12	22196	1	
12	10423	1	
12	19131	1	
12	19133	1	
12	14016	1	
12	2243	1	
12	708	1	
12	16586	1	
12	17099	1	
12	11471	1	
12	18128	1	
12	18131	1	
12	5332	1	
12	20695	1	
12	13532	1	
12	15582	1	
12	5347	1	
12	5354	1	
12	6386	1	
12	10963	1	
12	10491	1	
12	17155	1	
12	3201	1	
12	4364	1	
12	19726	1	
12	18197	1	
12	16662	1	
12	7451	1	
12	13445	1	
12	17185	1	
12	15580	1	
12	12935	2	
12	3375	1	
12	3376	2	
12	21305	1	
12	12602	1	
12	7486	1	
12	5951	1	
12	12354	1	
12	11979	1	
12	4432	1	
12	10065	1	
12	11604	1	
12	19804	1	
12	11101	2	
12	16223	1	
12	8033	1	
12	22371	1	
12	5988	1	
12	21862	1	
12	13159	1	
12	9069	1	
12	10096	1	
12	10097	1	
12	13682	1	
12	1342	1	
12	12670	1	
12	12673	1	
12	2442	2	
12	4492	1	
12	22082	1	
12	7055	1	
12	20882	1	
12	10646	1	
12	1092	1	
12	4509	1	
12	8607	2	
12	15776	1	
12	15266	1	
12	18851	1	
12	6059	1	
12	20532	1	
12	1466	1	
12	4030	1	
12	22464	1	
12	4547	1	
12	12747	2	
12	3023	1	
12	8660	2	
12	16347	1	
12	15331	1	
12	7655	1	
12	7659	1	
12	22508	1	
12	11760	1	
12	13809	1	
12	6652	1	
12	12799	3	
13	12288	1	
13	10753	1	
13	18946	1	
13	19460	1	
13	10	1	
13	15448	5	
13	13849	1	
13	1054	1	
13	7715	3	
13	17100	1	
13	20519	1	
13	8747	3	
13	8236	2	
13	4654	1	
13	16432	1	
13	7217	2	
13	16434	2	
13	12852	1	
13	12342	1	
13	13880	1	
13	7225	1	
13	19520	1	
13	5699	1	
13	11334	1	
13	6728	1	
13	73	1	
13	74	1	
13	11851	1	
13	17996	1	
13	592	2	
13	7768	1	
13	14427	1	
13	719	3	
13	3413	1	
13	4199	1	
13	17000	1	
13	18108	1	
13	18540	1	
13	13937	1	
13	1650	2	
13	20343	1	
13	17016	1	
13	6269	1	
13	5246	1	
13	277	1	
13	13952	1	
13	10881	1	
13	12930	2	
13	1668	1	
13	12933	1	
13	12935	4	
13	7823	1	
13	9873	1	
13	14493	2	
13	9887	1	
13	10404	1	
13	4263	1	
13	5801	1	
13	17067	2	
13	14508	1	
13	1138	2	
13	15539	1	
13	19124	1	
13	13493	1	
13	15036	1	
13	19133	4	
13	4831	1	
13	12481	1	
13	7880	1	
13	5321	1	
13	17099	1	
13	10444	1	
13	718	2	
13	14031	1	
13	16592	1	
13	20695	1	
13	11482	1	
13	11471	2	
13	1245	1	
13	1758	1	
13	10975	1	
13	14049	2	
13	4834	1	
13	18148	2	
13	5352	4	
13	1257	1	
13	21227	1	
13	17790	1	
13	14583	1	
13	10491	1	
13	17151	1	
13	22571	1	
13	19208	1	
13	16651	1	
13	4364	6	
13	18818	1	
13	19726	2	
13	16661	2	
13	18200	2	
13	797	1	
13	1669	1	
13	17185	1	
13	19238	1	
13	10289	1	
13	3375	1	
13	3376	1	
13	11569	1	
13	21305	4	
13	8507	1	
13	4415	1	
13	17216	1	
13	13129	3	
13	21323	1	
13	17740	1	
13	3408	1	
13	21330	2	
13	10580	1	
13	21845	1	
13	13113	1	
13	18776	1	
13	6489	1	
13	16220	1	
13	11101	1	
13	15199	1	
13	22369	1	
13	13969	2	
13	9069	5	
13	13681	1	
13	12151	1	
13	14714	1	
13	12670	1	
13	12673	2	
13	1922	1	
13	9816	4	
13	2442	5	
13	7055	1	
13	22416	1	
13	3481	1	
13	7582	1	
13	8607	7	
13	20384	2	
13	15777	1	
13	15778	1	
13	4012	2	
13	15774	4	
13	15800	1	
13	14495	1	
13	22464	2	
13	7111	2	
13	588	1	
13	3023	1	
13	14800	2	
13	8660	4	
13	8185	1	
13	16347	1	
13	8668	1	
13	10720	1	
13	13819	1	
13	4070	1	
13	12778	1	
13	16367	2	
13	13809	1	
13	14324	2	
13	15864	1	
13	11604	2	
13	12799	3	
13	14677	3	
14	12288	3	
14	12800	1	
14	11779	1	
14	19460	1	
14	17414	1	
14	1281	1	
14	4104	1	
14	4012	1	
14	17424	3	
14	19476	1	
14	19479	1	
14	18180	1	
14	15903	2	
14	7714	1	
14	7715	1	
14	6150	2	
14	10247	1	
14	8236	3	
14	6702	1	
14	1074	1	
14	16435	1	
14	13877	1	
14	8761	1	
14	19008	1	
14	22082	1	
14	11334	1	
14	15432	1	
14	14427	1	
14	74	1	
14	13388	2	
14	21586	3	
14	10323	1	
14	15448	4	
14	602	1	
14	15451	1	
14	20155	1	
14	16998	1	
14	615	1	
14	13930	1	
14	21102	1	
14	5232	1	
14	21617	1	
14	21618	2	
14	1141	3	
14	4214	1	
14	532	1	
14	7805	1	
14	10881	1	
14	12930	2	
14	13445	2	
14	12935	2	
14	16968	1	
14	22551	1	
14	4546	1	
14	13677	1	
14	13969	1	
14	6303	1	
14	4779	1	
14	4263	1	
14	17066	1	
14	17067	1	
14	15532	1	
14	9901	2	
14	7854	1	
14	21679	1	
14	10928	1	
14	16049	1	
14	20147	1	
14	19126	1	
14	6004	1	
14	10939	2	
14	19133	1	
14	7360	1	
14	7361	1	
14	2243	1	
14	7880	1	
14	6345	1	
14	13514	1	
14	11471	2	
14	18128	1	
14	18131	1	
14	5844	1	
14	11479	1	
14	1231	1	
14	10975	1	
14	11072	1	
14	10978	1	
14	5352	1	
14	1257	1	
14	21230	1	
14	15997	1	
14	763	1	
14	4441	1	
14	8449	4	
14	4868	1	
14	14088	1	
14	5387	1	
14	4364	1	
14	10515	1	
14	4884	1	
14	10286	1	
14	278	1	
14	17688	1	
14	21184	1	
14	11037	1	
14	7903	1	
14	17184	1	
14	17185	1	
14	10532	1	
14	1833	1	
14	18222	1	
14	11055	1	
14	11569	2	
14	1844	1	
14	21305	1	
14	12602	1	
14	10043	1	
14	1342	1	
14	6464	2	
14	21318	1	
14	11723	1	
14	4942	1	
14	3408	1	
14	12625	3	
14	14677	3	
14	19799	1	
14	3417	1	
14	8026	1	
14	22366	1	
14	8033	1	
14	3427	1	
14	7313	1	
14	9069	7	
14	7540	2	
14	20798	1	
14	4032	1	
14	14714	3	
14	16891	1	
14	12673	1	
14	16775	1	
14	3976	1	
14	906	1	
14	4491	1	
14	8077	1	
14	4496	2	
14	10646	1	
14	7578	1	
14	4509	1	
14	7582	1	
14	8607	2	
14	20384	1	
14	15266	2	
14	15268	1	
14	13223	1	
14	15273	1	
14	12202	1	
14	21419	1	
14	11692	3	
14	4527	1	
14	5553	1	
14	3060	1	
14	8636	1	
14	12733	1	
14	22464	2	
14	11714	1	
14	4547	2	
14	22468	1	
14	13766	1	
14	5577	1	
14	12747	2	
14	2040	1	
14	8660	4	
14	18904	1	
14	6622	1	
14	5285	1	
14	15752	1	
14	19939	2	
14	3047	1	
14	10219	1	
14	10220	1	
14	5618	1	
14	20468	1	
14	22518	1	
14	6057	1	
14	3064	1	
14	5625	1	
14	16890	1	
14	6651	2	
14	6652	2	
14	6058	1	
14	12799	4	
15	12288	5	
15	8195	1	
15	19460	1	
15	4694	1	
15	17424	1	
15	5635	1	
15	1054	1	
15	18975	1	
15	7714	3	
15	7715	1	
15	4135	2	
15	22571	2	
15	8749	1	
15	21618	2	
15	8753	1	
15	1074	1	
15	13875	1	
15	12852	2	
15	6770	1	
15	12354	3	
15	1092	1	
15	7237	1	
15	11334	1	
15	15432	2	
15	74	1	
15	15435	1	
15	588	1	
15	10832	1	
15	21586	1	
15	13398	2	
15	15448	1	
15	9818	1	
15	20155	1	
15	7785	1	
15	21613	1	
15	10862	1	
15	21949	1	
15	13937	2	
15	1138	1	
15	21622	1	
15	3197	1	
15	16661	1	
15	22464	2	
15	12930	2	
15	15491	1	
15	12933	1	
15	1670	1	
15	649	1	
15	13677	3	
15	3217	1	
15	21652	1	
15	12446	1	
15	14495	1	
15	18080	2	
15	12961	1	
15	4263	3	
15	9901	1	
15	8989	1	
15	10928	1	
15	21948	1	
15	19124	1	
15	5301	1	
15	19126	1	
15	2745	1	
15	15903	1	
15	700	1	
15	19133	1	
15	2245	1	
15	13514	2	
15	7889	1	
15	10963	1	
15	22232	1	
15	22234	1	
15	4831	3	
15	10976	1	
15	5347	1	
15	4836	1	
15	21629	1	
15	14583	1	
15	1280	2	
15	8449	2	
15	19719	1	
15	14088	1	
15	20234	3	
15	17163	2	
15	3340	1	
15	5391	1	
15	274	1	
15	1813	1	
15	278	1	
15	1305	1	
15	8988	1	
15	11482	1	
15	1669	1	
15	17184	2	
15	1833	1	
15	7471	1	
15	11569	2	
15	21305	1	
15	20285	1	
15	5951	1	
15	8512	1	
15	1248	1	
15	11590	1	
15	11600	1	
15	11604	1	
15	14677	1	
15	854	1	
15	22369	1	
15	4451	1	
15	9069	5	
15	14714	1	
15	12670	1	
15	15751	1	
15	13890	2	
15	10646	1	
15	11692	2	
15	16304	1	
15	1458	2	
15	19900	1	
15	1469	2	
15	4032	1	
15	4033	1	
15	1099	1	
15	1482	1	
15	4555	2	
15	8660	2	
15	13787	1	
15	14306	1	
15	8683	2	
15	13877	1	
15	11760	1	
15	20468	1	
15	8184	1	
15	6652	1	
16	12288	1	
16	19460	1	
16	13833	1	
16	18955	1	
16	12717	1	
16	7714	1	
16	7715	1	
16	15915	1	
16	8749	1	
16	12852	1	
16	1589	1	
16	7224	1	
16	5182	1	
16	13889	1	
16	13890	1	
16	588	2	
16	10831	2	
16	13398	1	
16	9816	1	
16	9817	1	
16	14427	1	
16	16997	1	
16	9831	1	
16	9832	1	
16	21097	1	
16	10859	2	
16	4030	1	
16	17016	1	
16	4032	1	
16	12930	2	
16	1669	1	
16	1670	1	
16	673	1	
16	17063	1	
16	796	1	
16	17067	1	
16	15532	1	
16	3758	1	
16	10928	1	
16	3259	1	
16	19133	2	
16	10943	1	
16	5838	1	
16	7380	1	
16	4831	2	
16	22252	1	
16	14574	2	
16	4867	1	
16	16649	1	
16	20234	1	
16	4364	2	
16	7952	2	
16	2834	1	
16	795	1	
16	8988	1	
16	7455	1	
16	17185	1	
16	5935	1	
16	3376	1	
16	17202	1	
16	1844	1	
16	8504	1	
16	21305	2	
16	831	1	
16	13129	2	
16	17740	1	
16	1336	1	
16	14677	1	
16	9046	1	
16	9047	1	
16	3417	1	
16	860	1	
16	22369	1	
16	9069	4	
16	13682	1	
16	16243	1	
16	12663	1	
16	12153	1	
16	1922	1	
16	17290	1	
16	21388	1	
16	11662	2	
16	10641	1	
16	20882	2	
16	10644	1	
16	7065	1	
16	8607	1	
16	7584	1	
16	14753	1	
16	15275	1	
16	11180	1	
16	16301	1	
16	1458	1	
16	8180	1	
16	9662	2	
16	22464	3	
16	20384	1	
16	18337	1	
16	464	1	
16	8660	4	
16	11737	1	
16	20442	1	
16	6622	3	
16	16366	1	
16	16367	2	
16	14324	1	
17	12288	2	
17	19460	1	
17	10246	1	
17	13331	1	
17	13849	1	
17	7714	1	
17	3621	1	
17	16426	1	
17	22571	1	
17	22572	1	
17	4654	1	
17	18494	1	
17	13889	1	
17	5186	2	
17	3652	1	
17	1206	1	
17	70	1	
17	15434	1	
17	13389	2	
17	4176	1	
17	15971	1	
17	13398	1	
17	9816	1	
17	602	1	
17	11870	1	
17	18528	1	
17	18529	1	
17	19131	1	
17	9831	1	
17	9832	1	
17	10857	1	
17	12906	1	
17	21613	1	
17	11887	1	
17	14448	1	
17	625	1	
17	771	1	
17	19070	1	
17	18197	1	
17	16661	1	
17	13445	1	
17	646	1	
17	1673	1	
17	19599	1	
17	16030	1	
17	22175	1	
17	17568	1	
17	10915	1	
17	7537	1	
17	19740	1	
17	17066	1	
17	683	1	
17	15532	1	
17	9901	1	
17	15534	2	
17	13493	1	
17	21686	1	
17	3258	1	
17	2747	1	
17	10436	2	
17	13514	1	
17	13516	1	
17	718	1	
17	11471	2	
17	4304	1	
17	8913	1	
17	4306	1	
17	10452	1	
17	10453	1	
17	20695	2	
17	956	1	
17	14714	1	
17	10974	1	
17	10975	1	
17	5838	1	
17	8421	1	
17	6380	1	
17	7412	1	
17	17659	1	
17	21250	1	
17	4867	1	
17	4868	1	
17	16138	1	
17	4364	1	
17	15119	1	
17	4884	1	
17	10286	1	
17	8988	1	
17	8989	1	
17	7455	1	
17	555	1	
17	7463	2	
17	5929	1	
17	12076	2	
17	6622	1	
17	12602	1	
17	19771	1	
17	22344	1	
17	17225	1	
17	8013	1	
17	3408	1	
17	12625	3	
17	21845	1	
17	9047	1	
17	3417	1	
17	858	1	
17	18267	2	
17	16224	1	
17	22369	1	
17	4451	1	
17	8037	1	
17	796	1	
17	5484	1	
17	9069	3	
17	1393	1	
17	5488	1	
17	13681	1	
17	21364	1	
17	5182	1	
17	20343	1	
17	5498	1	
17	1408	1	
17	16775	1	
17	4491	1	
17	10636	1	
17	20882	1	
17	16276	1	
17	21914	1	
17	7579	1	
17	17818	1	
17	8607	1	
17	20384	2	
17	8603	1	
17	8613	1	
17	8620	1	
17	1361	1	
17	11193	1	
17	10172	1	
17	1469	1	
17	16831	1	
17	4032	1	
17	7584	1	
17	11714	2	
17	17350	1	
17	20813	1	
17	13776	1	
17	19619	1	
17	7637	1	
17	20952	1	
17	19421	1	
17	10206	2	
17	18911	1	
17	3553	1	
17	14306	1	
17	7655	1	
17	8683	1	
17	7660	2	
17	16367	1	
17	7160	1	
17	13819	1	
17	6652	1	
18	12800	1	
18	7683	1	
18	16901	1	
18	22024	1	
18	7690	1	
18	18955	1	
18	22232	1	
18	525	1	
18	22030	1	
18	13841	1	
18	19476	1	
18	10219	1	
18	22551	4	
18	4868	1	
18	4637	1	
18	15903	3	
18	4130	1	
18	18267	1	
18	3620	1	
18	11815	1	
18	4127	1	
18	11817	1	
18	8236	1	
18	2397	1	
18	19464	2	
18	51	1	
18	1076	1	
18	13881	1	
18	1375	1	
18	13884	5	
18	13885	1	
18	1598	1	
18	13888	2	
18	3650	1	
18	523	1	
18	2747	1	
18	10337	1	
18	15432	4	
18	11851	1	
18	588	1	
18	6733	1	
18	11855	1	
18	19536	1	
18	21586	2	
18	6245	1	
18	18528	2	
18	7777	1	
18	3171	1	
18	12390	1	
18	10854	2	
18	3175	1	
18	13847	1	
18	7868	1	
18	17170	1	
18	22133	1	
18	632	1	
18	633	1	
18	13435	1	
18	4221	1	
18	22464	1	
18	14473	1	
18	1163	2	
18	1167	2	
18	13969	1	
18	7827	1	
18	10265	1	
18	16030	1	
18	15216	1	
18	19619	1	
18	4263	1	
18	10410	2	
18	17067	1	
18	14509	1	
18	22557	1	
18	11448	1	
18	2745	2	
18	5818	1	
18	3259	1	
18	8892	2	
18	19133	1	
18	1729	1	
18	21187	1	
18	20168	1	
18	375	1	
18	13516	2	
18	15567	1	
18	14032	1	
18	14033	2	
18	3285	1	
18	2264	1	
18	1743	1	
18	21726	1	
18	6372	1	
18	21733	2	
18	743	1	
18	7400	2	
18	6377	1	
18	12317	1	
18	6901	1	
18	15610	1	
18	14037	1	
18	3332	1	
18	11295	1	
18	18185	2	
18	4364	2	
18	15119	1	
18	7952	1	
18	17169	1	
18	6418	1	
18	6446	1	
18	1304	1	
18	16773	1	
18	13088	1	
18	18209	1	
18	10530	1	
18	19238	1	
18	18481	1	
18	5929	1	
18	17707	3	
18	19599	1	
18	5934	1	
18	16176	1	
18	1844	4	
18	6622	1	
18	822	1	
18	7479	1	
18	21305	1	
18	1851	1	
18	20285	1	
18	22179	1	
18	8512	1	
18	833	1	
18	16706	1	
18	13451	1	
18	6982	1	
18	19784	1	
18	16695	1	
18	4432	1	
18	12625	2	
18	21330	1	
18	11434	1	
18	10468	1	
18	2394	1	
18	7823	1	
18	15709	1	
18	8421	1	
18	7010	1	
18	4452	1	
18	7013	1	
18	15722	1	
18	7019	1	
18	5996	1	
18	11632	2	
18	5489	1	
18	6718	1	
18	12458	1	
18	16252	1	
18	12778	1	
18	4002	1	
18	1408	1	
18	897	1	
18	16363	2	
18	16260	1	
18	14725	1	
18	5186	1	
18	910	1	
18	3984	1	
18	15763	1	
18	11672	4	
18	13723	1	
18	20384	5	
18	10145	1	
18	15266	1	
18	11684	3	
18	9637	1	
18	7081	1	
18	15275	1	
18	11180	1	
18	2990	1	
18	9145	1	
18	17338	1	
18	19900	1	
18	11709	1	
18	15808	1	
18	19396	1	
18	13255	1	
18	13961	1	
18	13730	1	
18	9167	1	
18	9169	1	
18	13778	1	
18	9171	1	
18	13268	1	
18	7637	1	
18	20388	1	
18	13276	1	
18	10205	1	
18	10206	1	
18	17184	1	
18	3408	1	
18	11771	1	
18	13800	1	
18	15850	1	
18	10407	1	
18	493	1	
18	15855	1	
18	11760	2	
18	3058	1	
18	3060	2	
18	7670	1	
18	15864	1	
18	505	1	
18	6651	1	
18	6652	1	
18	17066	1	
18	10238	1	
19	11777	1	
19	9755	1	
19	7708	1	
19	15903	3	
19	18267	1	
19	22571	1	
19	16430	1	
19	51	1	
19	1076	1	
19	2105	1	
19	9274	1	
19	8765	1	
19	5301	1	
19	13888	2	
19	8771	1	
19	72	1	
19	5716	1	
19	18005	1	
19	2648	2	
19	10854	2	
19	21617	1	
19	18548	1	
19	7797	1	
19	14969	1	
19	20604	1	
19	6269	1	
19	3711	1	
19	18056	1	
19	13963	1	
19	1167	1	
19	14495	1	
19	3758	1	
19	3765	1	
19	10423	1	
19	2745	1	
19	4795	1	
19	19133	3	
19	12481	1	
19	20686	2	
19	5753	1	
19	10975	1	
19	7392	1	
19	22262	1	
19	14583	1	
19	4868	1	
19	18185	1	
19	20234	1	
19	4364	1	
19	6416	1	
19	16661	1	
19	1304	1	
19	284	1	
19	8989	1	
19	4382	1	
19	18208	1	
19	4385	1	
19	2348	1	
19	14387	1	
19	21305	3	
19	19263	3	
19	12103	1	
19	5455	1	
19	15184	1	
19	12625	1	
19	14622	1	
19	3417	1	
19	3419	1	
19	860	1	
19	7010	1	
19	22371	1	
19	3435	1	
19	9069	1	
19	13885	1	
19	373	1	
19	12153	1	
19	12673	1	
19	15751	2	
19	2446	1	
19	10644	1	
19	17312	1	
19	15266	1	
19	4003	1	
19	19367	1	
19	15273	1	
19	2990	1	
19	12360	1	
19	11708	1	
19	4030	1	
19	16831	1	
19	6103	1	
19	19938	1	
19	19939	2	
19	16362	1	
19	16366	1	
19	15855	1	
19	11760	1	
19	5623	2	
19	8184	1	
19	6651	1	
19	6652	1	
19	15869	1	
20	13316	2	
20	16901	1	
20	1544	1	
20	5141	2	
20	22551	1	
20	3609	1	
20	3099	1	
20	11292	1	
20	15903	3	
20	700	1	
20	1068	1	
20	14386	1	
20	9269	1	
20	568	1	
20	2105	2	
20	2108	1	
20	2111	1	
20	2113	1	
20	18503	1	
20	11850	1	
20	21586	1	
20	5716	1	
20	5717	1	
20	16477	1	
20	7782	1	
20	10854	2	
20	9832	1	
20	10857	1	
20	18030	1	
20	14448	1	
20	21617	1	
20	5747	1	
20	3190	1	
20	15479	1	
20	19580	1	
20	6787	1	
20	13445	1	
20	15495	1	
20	13961	1	
20	12943	1	
20	8341	1	
20	19094	1	
20	8352	1	
20	4263	1	
20	10922	1	
20	11439	1	
20	19124	2	
20	12471	1	
20	15032	1	
20	2745	1	
20	2747	1	
20	8892	1	
20	19133	3	
20	12162	1	
20	21696	3	
20	2243	1	
20	15558	1	
20	14024	1	
20	22219	1	
20	4306	1	
20	6361	1	
20	13532	1	
20	7397	2	
20	16105	1	
20	748	3	
20	8943	1	
20	16625	1	
20	10510	1	
20	6901	1	
20	3844	1	
20	15610	1	
20	4868	4	
20	3845	1	
20	4364	2	
20	20237	1	
20	19726	1	
20	4884	2	
20	13078	1	
20	1305	1	
20	7471	2	
20	8989	1	
20	4382	2	
20	1825	1	
20	1829	1	
20	5929	1	
20	20997	1	
20	1074	1	
20	2351	1	
20	21305	2	
20	10555	1	
20	7485	1	
20	16704	1	
20	3393	1	
20	16706	1	
20	13129	1	
20	13131	2	
20	5452	1	
20	4942	1	
20	3408	1	
20	12625	1	
20	19939	1	
20	9044	2	
20	14677	1	
20	9046	1	
20	9047	1	
20	1369	1	
20	13658	1	
20	18267	1	
20	4960	1	
20	868	1	
20	22373	1	
20	9069	1	
20	16701	1	
20	11632	2	
20	7548	1	
20	1918	1	
20	1922	1	
20	1923	1	
20	14725	1	
20	16774	1	
20	22252	1	
20	3468	1	
20	7055	1	
20	4496	1	
20	16273	1	
20	1309	1	
20	918	1	
20	18841	2	
20	17818	1	
20	15266	2	
20	20389	1	
20	12200	1	
20	12713	1	
20	17840	1	
20	22464	1	
20	19907	1	
20	20593	1	
20	15310	1	
20	9167	2	
20	17376	1	
20	11771	1	
20	16373	1	
20	16374	1	
20	8187	1	
20	15869	1	
20	5118	2	
21	13316	3	
21	13829	1	
21	7686	1	
21	22024	1	
21	16911	1	
21	13331	1	
21	19460	2	
21	3674	1	
21	15903	1	
21	16422	1	
21	22571	1	
21	8236	1	
21	20534	1	
21	4663	1	
21	2105	1	
21	15432	1	
21	11850	1	
21	19531	1	
21	592	1	
21	21586	1	
21	19027	1	
21	5210	2	
21	19553	2	
21	9831	1	
21	13937	2	
21	6770	1	
21	16502	1	
21	1655	1	
21	17016	1	
21	18042	1	
21	20095	1	
21	4225	1	
21	1668	1	
21	15494	1	
21	6791	1	
21	7306	1	
21	11714	1	
21	17041	1	
21	6809	1	
21	21146	1	
21	4774	1	
21	21617	1	
21	15532	2	
21	15534	1	
21	22557	1	
21	12471	1	
21	3770	1	
21	18975	2	
21	6844	1	
21	19133	2	
21	4799	1	
21	20675	1	
21	15558	1	
21	22219	1	
21	9423	1	
21	7888	1	
21	8913	1	
21	8412	1	
21	10975	2	
21	14049	1	
21	740	1	
21	14545	1	
21	4846	1	
21	9458	1	
21	17141	1	
21	10488	1	
21	18174	1	
21	17154	1	
21	4364	1	
21	18200	1	
21	19740	1	
21	7463	2	
21	21295	1	
21	1841	1	
21	15666	1	
21	21305	1	
21	20794	1	
21	20798	1	
21	833	1	
21	8518	1	
21	17223	1	
21	17229	1	
21	3408	1	
21	12625	1	
21	14677	2	
21	4442	1	
21	13147	1	
21	4451	1	
21	13031	1	
21	9069	1	
21	12151	1	
21	12663	1	
21	8571	1	
21	7036	1	
21	17794	1	
21	8579	1	
21	10636	1	
21	10637	1	
21	7055	1	
21	16275	1	
21	8086	1	
21	14743	1	
21	21912	1	
21	15273	1	
21	19900	2	
21	10314	1	
21	7618	1	
21	9167	1	
21	10194	1	
21	21981	1	
21	10206	1	
21	4579	1	
21	3049	1	
21	7658	1	
21	595	1	
21	13822	1	
21	4601	1	
21	5118	1	
22	19712	1	
22	1029	1	
22	22188	2	
22	7690	2	
22	22030	1	
22	9231	1	
22	22032	1	
22	2065	1	
22	2990	1	
22	8726	1	
22	22551	1	
22	3609	1	
22	15903	3	
22	6064	1	
22	10075	1	
22	2596	1	
22	3621	1	
22	4647	2	
22	4649	1	
22	6699	1	
22	8236	1	
22	20914	1	
22	8238	1	
22	4663	1	
22	2105	3	
22	15932	1	
22	8766	1	
22	18496	1	
22	577	1	
22	3652	1	
22	19525	1	
22	15432	1	
22	22094	1	
22	21586	1	
22	5716	1	
22	10332	1	
22	8797	1	
22	8720	1	
22	7782	1	
22	10857	1	
22	13937	2	
22	15986	1	
22	6771	1	
22	6777	1	
22	18042	1	
22	15485	1	
22	13445	1	
22	13961	1	
22	13451	1	
22	19093	1	
22	5785	1	
22	10397	1	
22	5791	1	
22	4464	1	
22	4774	1	
22	4263	1	
22	15532	1	
22	21618	1	
22	4276	1	
22	4277	1	
22	16054	1	
22	12471	1	
22	18975	2	
22	8892	1	
22	19133	3	
22	7870	1	
22	10436	1	
22	15558	1	
22	4814	1	
22	21202	2	
22	22229	1	
22	22232	1	
22	8921	1	
22	9167	2	
22	5340	1	
22	4317	1	
22	14047	1	
22	8571	1	
22	19173	1	
22	19174	1	
22	6378	1	
22	9453	1	
22	6901	1	
22	22262	2	
22	3321	1	
22	1280	1	
22	8449	1	
22	17154	1	
22	22571	1	
22	4868	2	
22	1918	1	
22	17671	1	
22	17163	1	
22	3629	1	
22	10006	1	
22	12505	1	
22	15128	4	
22	3878	1	
22	7463	2	
22	17194	1	
22	21305	3	
22	20794	1	
22	10975	2	
22	15166	1	
22	6464	1	
22	16708	1	
22	17225	1	
22	13131	1	
22	8012	1	
22	8013	1	
22	14677	1	
22	4440	1	
22	13147	1	
22	860	1	
22	22369	2	
22	4969	1	
22	9069	4	
22	3438	1	
22	11632	1	
22	19124	1	
22	12663	1	
22	8568	1	
22	891	1	
22	7914	1	
22	7550	2	
22	21653	1	
22	21889	1	
22	16774	1	
22	2113	1	
22	4496	1	
22	3473	1	
22	7570	1	
22	917	1	
22	18841	1	
22	12188	1	
22	17312	1	
22	15266	4	
22	18852	1	
22	4941	1	
22	7081	1	
22	9644	1	
22	15278	1	
22	15280	1	
22	7601	1	
22	6066	1	
22	13129	1	
22	19900	3	
22	22464	2	
22	13763	1	
22	4038	1	
22	10573	1	
22	9171	1	
22	18002	1	
22	20900	1	
22	10206	1	
22	19938	1	
22	21617	1	
22	15849	1	
22	1650	1	
22	11757	1	
22	6512	1	
22	14324	1	
22	12713	1	
22	10263	1	
22	5118	2	
23	12288	2	
23	512	1	
23	7683	1	
23	6660	1	
23	19461	1	
23	9729	1	
23	11180	1	
23	9227	1	
23	17933	1	
23	21007	1	
23	16916	1	
23	5141	1	
23	3609	1	
23	22368	1	
23	13316	1	
23	15903	4	
23	5667	1	
23	4135	1	
23	20010	1	
23	6699	1	
23	8238	1	
23	1074	1	
23	4019	1	
23	1076	1	
23	9269	1	
23	14766	1	
23	2105	3	
23	4666	1	
23	2113	1	
23	8771	1	
23	18503	1	
23	11850	1	
23	11856	1	
23	18513	1	
23	11858	1	
23	10837	1	
23	1844	1	
23	5208	1	
23	4623	1	
23	8803	1	
23	7780	1	
23	10854	1	
23	18022	1	
23	15976	2	
23	7785	1	
23	12394	1	
23	18030	2	
23	14448	1	
23	1650	1	
23	9331	1	
23	10857	1	
23	6265	1	
23	18042	1	
23	21912	1	
23	13444	1	
23	18056	2	
23	13963	1	
23	5400	1	
23	17044	1	
23	4267	1	
23	13979	1	
23	14492	1	
23	11632	1	
23	7332	1	
23	10407	1	
23	15528	1	
23	11946	1	
23	17067	1	
23	22188	1	
23	19124	1	
23	19133	4	
23	2243	1	
23	12151	1	
23	11981	1	
23	718	1	
23	10452	1	
23	14969	2	
23	10972	1	
23	19460	1	
23	4831	1	
23	7904	1	
23	5414	1	
23	16616	2	
23	18267	1	
23	6695	1	
23	22252	1	
23	1918	1	
23	22262	1	
23	6392	1	
23	4349	1	
23	18686	2	
23	22571	1	
23	4868	3	
23	6407	1	
23	19208	1	
23	4364	3	
23	18818	1	
23	17678	1	
23	15119	1	
23	17169	1	
23	16661	1	
23	19734	2	
23	15128	1	
23	20100	1	
23	7964	1	
23	21280	1	
23	1829	1	
23	3878	2	
23	3881	1	
23	1834	1	
23	10540	1	
23	14386	3	
23	18222	1	
23	7471	1	
23	18228	1	
23	8502	1	
23	21305	2	
23	20794	1	
23	18911	1	
23	7485	1	
23	16706	1	
23	13451	1	
23	20809	1	
23	13130	1	
23	3408	1	
23	12625	1	
23	9044	1	
23	5518	1	
23	9047	1	
23	19800	1	
23	1369	1	
23	858	1	
23	13147	2	
23	860	1	
23	15709	1	
23	3934	1	
23	4960	1	
23	22369	3	
23	22373	1	
23	8679	1	
23	9069	2	
23	3438	1	
23	6512	1	
23	8563	1	
23	20343	1	
23	8062	1	
23	1410	1	
23	9092	1	
23	3974	1	
23	15751	1	
23	12680	1	
23	17290	1	
23	834	1	
23	2446	3	
23	493	1	
23	4497	2	
23	3479	1	
23	1944	1	
23	18842	1	
23	7582	1	
23	17312	4	
23	15266	2	
23	18851	1	
23	12713	2	
23	14763	1	
23	15276	2	
23	2990	1	
23	7600	1	
23	7601	1	
23	20915	1	
23	17225	1	
23	19900	3	
23	10244	1	
23	7584	1	
23	17349	1	
23	13255	1	
23	9167	2	
23	7121	1	
23	13778	1	
23	8250	1	
23	10205	1	
23	13279	1	
23	19938	1	
23	19939	1	
23	21841	1	
23	7658	1	
23	21586	1	
23	15855	1	
23	13821	1	
23	5118	2	
23	6741	1	
24	15874	1	
24	19460	1	
24	6150	1	
24	13838	1	
24	15378	1	
24	5141	1	
24	19204	1	
24	17435	1	
24	15903	4	
24	5552	1	
24	5667	2	
24	2596	1	
24	4647	1	
24	17671	2	
24	1581	1	
24	4654	1	
24	15119	1	
24	1076	1	
24	17463	1	
24	12345	1	
24	5690	1	
24	11835	1	
24	15425	1	
24	17163	1	
24	1092	1	
24	11850	1	
24	16972	1	
24	15439	1	
24	11340	1	
24	15442	1	
24	4692	1	
24	5208	1	
24	5391	1	
24	13404	1	
24	1118	1	
24	7776	1	
24	13412	1	
24	10857	1	
24	18030	1	
24	20080	1	
24	625	1	
24	10870	1	
24	7785	2	
24	3711	1	
24	19072	1	
24	7019	1	
24	5764	1	
24	19589	1	
24	13961	1	
24	13452	1	
24	8898	1	
24	17688	1	
24	11926	1	
24	10392	1	
24	1186	1	
24	1189	1	
24	13937	1	
24	10920	1	
24	15532	1	
24	14621	1	
24	16049	1	
24	4276	2	
24	3770	1	
24	2747	1	
24	10428	1	
24	19133	1	
24	8992	1	
24	14530	1	
24	2243	1	
24	3702	1	
24	13004	1	
24	13514	1	
24	16588	1	
24	14543	1	
24	7888	1	
24	14545	1	
24	19666	1	
24	5844	1	
24	18137	1	
24	10975	2	
24	20177	1	
24	9449	1	
24	17227	1	
24	13778	1	
24	21230	1	
24	15600	1	
24	9458	1	
24	18847	1	
24	12670	2	
24	6441	2	
24	15609	1	
24	11514	1	
24	5760	1	
24	14082	1	
24	18179	1	
24	4868	1	
24	1918	1	
24	19719	1	
24	19208	1	
24	9483	1	
24	4364	2	
24	3342	1	
24	3629	1	
24	7952	1	
24	17169	1	
24	15128	2	
24	8989	1	
24	2328	1	
24	13445	1	
24	17184	2	
24	4385	1	
24	8892	1	
24	8996	1	
24	5414	1	
24	1833	1	
24	10539	2	
24	12076	1	
24	18227	1	
24	1844	1	
24	18232	1	
24	21305	1	
24	17210	1	
24	4831	3	
24	8512	1	
24	4417	1	
24	16706	1	
24	12013	1	
24	17225	1	
24	13130	1	
24	13131	1	
24	17740	1	
24	5455	1	
24	4432	1	
24	12625	4	
24	14677	1	
24	4438	1	
24	7225	1	
24	6489	1	
24	8026	1	
24	861	1	
24	1375	1	
24	15202	1	
24	4451	1	
24	4452	1	
24	21861	1	
24	15718	1	
24	19817	1	
24	5994	1	
24	3047	1	
24	9069	1	
24	6511	1	
24	592	1	
24	14714	1	
24	5400	1	
24	1405	1	
24	8062	1	
24	8063	2	
24	12163	1	
24	7558	2	
24	7559	1	
24	8043	1	
24	10636	1	
24	7055	1	
24	4497	2	
24	8086	1	
24	19023	1	
24	16799	1	
24	7584	5	
24	15266	4	
24	16803	1	
24	1446	3	
24	13223	2	
24	15273	1	
24	7600	2	
24	13129	1	
24	6074	1	
24	1979	1	
24	8636	2	
24	10244	1	
24	22464	2	
24	8641	1	
24	16835	1	
24	13255	1	
24	588	1	
24	12746	1	
24	9122	1	
24	9167	2	
24	2001	1	
24	15314	1	
24	18339	1	
24	9684	1	
24	6136	2	
24	9687	1	
24	11855	1	
24	10205	1	
24	800	1	
24	3408	1	
24	19938	1	
24	19939	1	
24	3409	1	
24	18921	1	
24	7146	1	
24	423	1	
24	21586	2	
24	10225	1	
24	3060	2	
24	7160	1	
24	12791	1	
24	16888	2	
24	6652	4	
24	2105	1	
24	19285	1	
25	12800	1	
25	14509	1	
25	22032	1	
25	1047	1	
25	15903	2	
25	5666	1	
25	2596	1	
25	1578	1	
25	22571	1	
25	861	1	
25	13887	1	
25	12354	2	
25	8262	1	
25	19527	1	
25	16969	1	
25	11851	1	
25	592	1	
25	21586	1	
25	6741	1	
25	15448	1	
25	7776	1	
25	3171	1	
25	16998	1	
25	21606	1	
25	18023	1	
25	18028	1	
25	6770	1	
25	11891	1	
25	13428	1	
25	17016	1	
25	15994	1	
25	6786	1	
25	7812	1	
25	13957	1	
25	7303	1	
25	13963	1	
25	3220	1	
25	13983	1	
25	683	1	
25	6514	1	
25	15534	1	
25	2745	1	
25	18975	1	
25	8892	1	
25	19133	1	
25	17703	1	
25	8898	1	
25	17608	1	
25	16588	2	
25	13005	1	
25	4302	1	
25	11471	1	
25	11995	1	
25	21727	1	
25	12010	1	
25	747	1	
25	22262	1	
25	15610	1	
25	15102	1	
25	6402	2	
25	2310	1	
25	18185	1	
25	4364	2	
25	17680	1	
25	7463	1	
25	1336	1	
25	4831	1	
25	16702	1	
25	8512	1	
25	22340	1	
25	12625	2	
25	14677	2	
25	15709	1	
25	12135	1	
25	15208	1	
25	15209	1	
25	9069	2	
25	7537	1	
25	2418	1	
25	22551	1	
25	17788	1	
25	1918	3	
25	1408	1	
25	1410	1	
25	16775	2	
25	7561	1	
25	10638	1	
25	13723	1	
25	7584	1	
25	15266	1	
25	18851	1	
25	15784	1	
25	15273	1	
25	7600	1	
25	1976	1	
25	22464	2	
25	20384	1	
25	9167	1	
25	9169	1	
25	6102	1	
25	6137	2	
25	11737	1	
25	18921	1	
25	492	1	
25	5623	1	
25	5625	1	
25	18005	1	
26	14592	1	
26	21632	1	
26	1798	1	
26	8705	1	
26	21228	1	
26	18191	1	
26	22032	1	
26	10641	1	
26	8855	1	
26	11672	1	
26	13850	1	
26	15903	1	
26	646	1	
26	3878	1	
26	10407	1	
26	15976	1	
26	1578	1	
26	17067	1	
26	1580	1	
26	4019	1	
26	19124	1	
26	9142	1	
26	13244	1	
26	19133	1	
26	12342	1	
26	8518	1	
26	7628	1	
26	12878	3	
26	12625	1	
26	21586	1	
26	18005	1	
26	21727	1	
26	13712	1	
26	1380	1	
26	8421	2	
26	7400	1	
26	12010	1	
26	364	1	
26	7537	1	
26	12663	1	
26	7544	1	
26	633	1	
26	6651	1	
26	17066	1	
26	18686	1	
