1	21632	1	
1	9901	1	
1	19588	1	
1	20284	1	
1	4360	1	
1	4364	1	
1	17203	1	
1	8079	2	
1	2835	1	
1	15764	1	
1	18197	1	
1	8086	1	
1	22551	1	
1	13849	1	
1	18458	1	
1	1179	1	
1	9887	1	
1	21536	1	
1	15266	1	
1	13832	1	
1	9777	1	
1	15528	1	
1	12713	1	
1	3626	2	
1	9543	1	
1	3629	2	
1	18222	1	
1	11832	1	
1	433	1	
1	14386	1	
1	16691	1	
1	1844	1	
1	19764	1	
1	13880	1	
1	19124	1	
1	15903	1	
1	18108	1	
1	19133	1	
1	831	2	
1	800	1	
1	11714	1	
1	3260	1	
1	3141	1	
1	5703	2	
1	6601	1	
1	13130	1	
1	22200	1	
1	16429	1	
1	16846	1	
1	18128	1	
1	21841	1	
1	19596	1	
1	22030	1	
1	13398	1	
1	9047	1	
1	4541	1	
1	3609	1	
1	9425	1	
1	1765	1	
1	18528	1	
1	18529	1	
1	21889	1	
1	2915	1	
1	10340	1	
1	741	1	
1	19716	1	
1	487	1	
1	10857	1	
1	4960	1	
1	5970	1	
1	19712	1	
1	11887	1	
1	5746	1	
1	11708	1	
1	19060	1	
1	17016	1	
1	15609	1	
1	6651	1	
1	19580	1	
1	12842	1	
1	15486	1	
1	4117	1	
2	12288	2	
2	19460	2	
2	6149	1	
2	12296	1	
2	1545	1	
2	22551	2	
2	22557	3	
2	3621	2	
2	6694	1	
2	41	1	
2	555	1	
2	3629	1	
2	3633	1	
2	7224	1	
2	12349	1	
2	1092	1	
2	16968	1	
2	1626	1	
2	18528	1	
2	15971	1	
2	15465	1	
2	10862	1	
2	17017	1	
2	15486	1	
2	12930	2	
2	5764	1	
2	7303	1	
2	1160	1	
2	4235	2	
2	11714	3	
2	4238	1	
2	13969	1	
2	16540	1	
2	13477	1	
2	4267	1	
2	20147	1	
2	3254	1	
2	15036	1	
2	19133	3	
2	703	1	
2	801	1	
2	9170	1	
2	16589	1	
2	4303	1	
2	11477	1	
2	20695	6	
2	11992	1	
2	11999	1	
2	8421	1	
2	12013	1	
2	11902	1	
2	15102	1	
2	4867	1	
2	11524	1	
2	20234	1	
2	5591	1	
2	4364	1	
2	8749	1	
2	7952	1	
2	17169	1	
2	276	1	
2	14618	1	
2	7903	1	
2	18209	1	
2	5927	1	
2	5928	2	
2	11053	1	
2	18222	1	
2	7471	2	
2	20277	1	
2	21305	3	
2	12602	1	
2	10975	1	
2	20285	1	
2	8511	2	
2	8512	1	
2	14475	1	
2	16197	3	
2	6982	1	
2	21841	1	
2	11603	1	
2	4438	1	
2	18775	1	
2	19804	1	
2	22368	1	
2	19816	1	
2	8041	1	
2	15722	1	
2	9069	3	
2	12151	3	
2	1917	1	
2	17790	1	
2	1922	1	
2	20882	1	
2	16195	1	
2	10646	1	
2	12189	2	
2	19367	1	
2	5051	1	
2	18876	4	
2	22464	1	
2	18882	1	
2	11723	1	
2	9167	2	
2	7634	1	
2	9687	1	
2	15841	1	
2	6630	1	
2	2025	1	
2	15856	2	
2	4087	1	
2	15869	1	
3	12288	1	
3	20994	1	
3	13850	1	
3	17435	1	
3	18460	1	
3	13854	1	
3	18975	1	
3	19718	1	
3	8744	1	
3	555	1	
3	3629	1	
3	1076	1	
3	7224	1	
3	12349	1	
3	3647	1	
3	3652	1	
3	3254	1	
3	8270	1	
3	18528	1	
3	10337	1	
3	13412	1	
3	21606	1	
3	15465	1	
3	21102	1	
3	14448	1	
3	8511	1	
3	4225	1	
3	4227	1	
3	4230	1	
3	1167	1	
3	19098	1	
3	16030	1	
3	22175	1	
3	19619	1	
3	22188	1	
3	7880	1	
3	19124	1	
3	9398	1	
3	12471	1	
3	19133	4	
3	4831	1	
3	21696	2	
3	20256	1	
3	21187	1	
3	2245	1	
3	6342	1	
3	20167	1	
3	20168	4	
3	13515	1	
3	3621	2	
3	20686	1	
3	10447	1	
3	10449	1	
3	3285	3	
3	20695	4	
3	10974	1	
3	11999	1	
3	7392	1	
3	7889	1	
3	12013	1	
3	1263	1	
3	753	1	
3	2310	1	
3	17170	1	
3	3353	3	
3	21295	1	
3	4382	1	
3	17184	1	
3	18209	1	
3	5928	1	
3	7471	1	
3	16691	1	
3	19254	1	
3	21305	4	
3	7482	1	
3	10975	1	
3	19775	1	
3	16197	3	
3	3408	1	
3	4433	1	
3	11604	1	
3	4440	1	
3	3417	1	
3	13821	1	
3	22368	1	
3	22369	2	
3	19816	1	
3	15209	1	
3	6511	1	
3	7537	1	
3	12151	2	
3	12663	2	
3	5498	1	
3	8571	1	
3	1918	2	
3	16773	2	
3	17804	1	
3	16269	1	
3	7917	1	
3	6036	1	
3	12189	2	
3	12190	1	
3	20384	1	
3	14755	1	
3	16807	1	
3	16302	1	
3	437	1	
3	18876	5	
3	4029	1	
3	22464	1	
3	449	1	
3	9167	2	
3	13776	1	
3	9687	1	
3	10205	1	
3	10206	1	
3	10723	1	
3	10727	1	
3	7658	1	
3	16367	1	
3	15856	1	
3	14324	1	
3	6652	1	
3	801	1	
4	12288	2	
4	19460	1	
4	19461	1	
4	13852	1	
4	602	1	
4	15903	1	
4	7714	1	
4	7715	3	
4	7716	1	
4	8236	1	
4	8749	1	
4	564	1	
4	10289	1	
4	12852	1	
4	1079	1	
4	13881	1	
4	8378	1	
4	12349	3	
4	13890	1	
4	19723	1	
4	19126	2	
4	15432	1	
4	15441	1	
4	1626	1	
4	6235	2	
4	8797	1	
4	15971	1	
4	16997	1	
4	10859	2	
4	21102	1	
4	13937	1	
4	6770	2	
4	7287	2	
4	4032	1	
4	12930	4	
4	15491	1	
4	5764	1	
4	5765	1	
4	15494	1	
4	14473	1	
4	4235	1	
4	8332	1	
4	11479	1	
4	20639	1	
4	20642	1	
4	17063	1	
4	15528	1	
4	8878	1	
4	19124	2	
4	3254	3	
4	3258	1	
4	3260	1	
4	19133	6	
4	14016	3	
4	14017	1	
4	21187	1	
4	7880	1	
4	18128	1	
4	20695	5	
4	1627	1	
4	5347	1	
4	7400	1	
4	5356	1	
4	15096	1	
4	15610	2	
4	15102	1	
4	1281	1	
4	4276	1	
4	3339	1	
4	4364	1	
4	1922	1	
4	7952	1	
4	17169	1	
4	8988	1	
4	8993	1	
4	10531	1	
4	1834	1	
4	7477	1	
4	19766	1	
4	1336	1	
4	21305	6	
4	16195	5	
4	16197	2	
4	17225	1	
4	20194	1	
4	21841	1	
4	8536	1	
4	22364	1	
4	1375	1	
4	15717	1	
4	1895	1	
4	9069	9	
4	13682	1	
4	20343	1	
4	5498	2	
4	7550	1	
4	7552	1	
4	13697	1	
4	18818	1	
4	6038	1	
4	1415	1	
4	6026	1	
4	10641	1	
4	20882	1	
4	10646	1	
4	5527	1	
4	7579	1	
4	20384	3	
4	15771	1	
4	4011	1	
4	12717	1	
4	18352	1	
4	16968	1	
4	16308	1	
4	18876	8	
4	4030	1	
4	22464	3	
4	11714	1	
4	7670	1	
4	15818	1	
4	9167	1	
4	11737	1	
4	10205	1	
4	6622	1	
4	20448	1	
4	18924	1	
4	16367	2	
4	1011	1	
4	1013	2	
4	16374	2	
4	5623	2	
4	15865	1	
4	13819	3	
4	13821	1	
5	12288	1	
5	13316	1	
5	13832	1	
5	19460	1	
5	602	1	
5	10783	1	
5	7714	1	
5	8753	1	
5	12852	1	
5	1405	1	
5	7224	1	
5	12349	1	
5	19131	1	
5	8262	1	
5	588	1	
5	4686	1	
5	7764	1	
5	13398	1	
5	1626	3	
5	1094	1	
5	10938	1	
5	12897	1	
5	15971	1	
5	3688	2	
5	15465	1	
5	21102	2	
5	5232	2	
5	20593	1	
5	6770	1	
5	12153	1	
5	4219	1	
5	1668	1	
5	22209	1	
5	18056	1	
5	4235	2	
5	8332	1	
5	2704	1	
5	3217	1	
5	10862	1	
5	10392	1	
5	21657	2	
5	16030	1	
5	20642	1	
5	19626	1	
5	9901	1	
5	3254	1	
5	3258	2	
5	10939	2	
5	19133	1	
5	4801	1	
5	10436	1	
5	7880	1	
5	17612	1	
5	7889	1	
5	11474	1	
5	11555	1	
5	20695	5	
5	15582	1	
5	7903	1	
5	20194	1	
5	5347	1	
5	502	1	
5	12013	1	
5	5358	1	
5	1917	1	
5	753	1	
5	1272	1	
5	1274	1	
5	3339	1	
5	1298	1	
5	4884	2	
5	16661	1	
5	18200	1	
5	8989	1	
5	4894	1	
5	800	1	
5	10531	1	
5	1833	1	
5	13611	1	
5	6446	1	
5	7471	2	
5	1844	1	
5	310	1	
5	21305	1	
5	19258	1	
5	4831	1	
5	11070	1	
5	7487	1	
5	15681	1	
5	14475	3	
5	16197	1	
5	16199	2	
5	19596	1	
5	21323	1	
5	11604	1	
5	21845	1	
5	9047	1	
5	20794	1	
5	22368	1	
5	22369	2	
5	9069	5	
5	15215	1	
5	10097	3	
5	12659	2	
5	4414	1	
5	15224	1	
5	8569	1	
5	11133	1	
5	17793	1	
5	16772	1	
5	4493	1	
5	10128	1	
5	13714	1	
5	14489	1	
5	11672	1	
5	4335	1	
5	6561	2	
5	9122	1	
5	11684	1	
5	9125	5	
5	6809	1	
5	9645	1	
5	5551	1	
5	18876	1	
5	22464	3	
5	11714	1	
5	16374	1	
5	15818	1	
5	1442	1	
5	13779	1	
5	12760	1	
5	11737	1	
5	6109	1	
5	20448	1	
5	21242	1	
5	12778	1	
5	16367	1	
5	1013	1	
5	7670	1	
5	15869	1	
6	13316	2	
6	16902	1	
6	13832	1	
6	11787	1	
6	17435	1	
6	7715	1	
6	12852	1	
6	12342	1	
6	864	1	
6	12360	1	
6	13388	2	
6	13389	1	
6	9816	1	
6	1627	1	
6	1118	1	
6	3173	1	
6	22119	1	
6	8636	1	
6	15982	2	
6	14448	1	
6	13950	2	
6	13077	1	
6	12930	1	
6	9067	1	
6	1669	1	
6	1670	1	
6	5768	1	
6	1174	1	
6	12446	1	
6	22175	1	
6	13477	2	
6	4267	1	
6	15534	1	
6	20147	1	
6	19126	1	
6	3258	1	
6	19133	3	
6	6345	1	
6	13516	4	
6	11471	1	
6	18128	1	
6	11479	1	
6	18140	1	
6	15581	2	
6	10975	2	
6	4836	1	
6	12010	1	
6	18174	1	
6	4867	1	
6	3339	1	
6	17169	1	
6	4884	2	
6	16661	2	
6	22295	1	
6	7451	1	
6	5765	1	
6	10532	1	
6	4486	1	
6	4397	1	
6	5909	1	
6	8502	1	
6	21305	3	
6	4831	1	
6	8511	1	
6	833	1	
6	4418	1	
6	16195	1	
6	21841	1	
6	14677	1	
6	6489	1	
6	22368	1	
6	4451	1	
6	10727	2	
6	9069	3	
6	15735	1	
6	11133	1	
6	9600	1	
6	12673	1	
6	16774	1	
6	15751	1	
6	20882	1	
6	20384	2	
6	18876	3	
6	20695	2	
6	9151	1	
6	22464	3	
6	19396	1	
6	13255	1	
6	4555	1	
6	13772	1	
6	8144	1	
6	6622	1	
6	12625	1	
7	8705	1	
7	13316	3	
7	9227	1	
7	17424	1	
7	19478	1	
7	7715	1	
7	3621	1	
7	8749	1	
7	22574	1	
7	12349	1	
7	3651	1	
7	1608	1	
7	588	1	
7	13398	1	
7	18528	1	
7	18023	1	
7	14448	1	
7	15985	1	
7	6770	1	
7	5760	1	
7	3201	1	
7	12930	2	
7	1669	1	
7	2704	1	
7	12446	2	
7	4267	2	
7	22188	1	
7	3254	1	
7	10426	1	
7	19133	2	
7	18114	1	
7	20168	1	
7	10445	1	
7	5838	1	
7	7888	1	
7	10449	1	
7	3285	1	
7	20695	4	
7	22232	1	
7	4313	1	
7	15581	1	
7	12007	1	
7	5352	1	
7	18267	2	
7	748	1	
7	3309	1	
7	6383	1	
7	17657	1	
7	15102	1	
7	14592	1	
7	3339	1	
7	4364	1	
7	16653	1	
7	3629	1	
7	17169	1	
7	4884	1	
7	7451	1	
7	8988	1	
7	17188	1	
7	21305	2	
7	16197	1	
7	16199	2	
7	21321	1	
7	17741	1	
7	21841	1	
7	9555	1	
7	18773	1	
7	4438	1	
7	22363	1	
7	22368	1	
7	19816	1	
7	12151	2	
7	5498	1	
7	15751	1	
7	20878	1	
7	7578	1	
7	12189	1	
7	1458	1	
7	18876	3	
7	13772	1	
7	9167	1	
7	19943	1	
7	8683	1	
7	496	1	
7	12788	1	
7	13819	2	
8	12288	1	
8	12296	1	
8	13834	1	
8	4623	2	
8	22032	2	
8	13849	1	
8	3629	1	
8	49	1	
8	3636	1	
8	55	1	
8	12344	1	
8	19124	1	
8	1076	3	
8	19553	1	
8	13388	1	
8	7521	1	
8	15441	1	
8	13411	1	
8	18528	1	
8	15376	1	
8	3171	1	
8	2663	1	
8	15981	1	
8	13950	1	
8	15491	1	
8	13958	1	
8	14475	1	
8	12431	1	
8	13969	1	
8	6809	2	
8	15002	1	
8	4267	1	
8	9901	1	
8	10928	1	
8	13490	1	
8	21172	1	
8	11792	1	
8	19133	2	
8	13508	2	
8	3532	1	
8	18128	1	
8	10452	1	
8	4309	1	
8	11992	1	
8	9167	1	
8	10974	1	
8	11999	1	
8	18148	1	
8	10981	1	
8	4326	1	
8	12007	1	
8	5352	1	
8	22252	1	
8	13778	1	
8	4847	1	
8	2291	1	
8	21750	1	
8	18132	1	
8	13611	1	
8	2309	1	
8	7433	1	
8	4884	1	
8	2325	1	
8	2839	1	
8	11555	1	
8	19238	1	
8	3975	1	
8	1841	1	
8	15666	1	
8	6622	1	
8	17208	1	
8	21305	2	
8	20285	1	
8	3907	1	
8	22346	1	
8	8012	3	
8	11600	1	
8	12625	1	
8	4579	1	
8	11604	1	
8	14677	1	
8	15190	1	
8	2905	1	
8	13658	1	
8	22363	1	
8	17637	1	
8	22368	1	
8	22369	1	
8	19174	1	
8	7313	2	
8	3217	1	
8	20329	1	
8	11628	1	
8	9069	3	
8	7546	1	
8	17790	1	
8	8063	1	
8	21891	1	
8	15751	1	
8	10128	1	
8	9617	1	
8	16195	1	
8	21914	1	
8	8607	1	
8	15266	3	
8	19364	1	
8	15273	1	
8	16301	1	
8	19886	1	
8	10162	1	
8	9145	1	
8	18876	2	
8	7101	1	
8	18882	2	
8	19396	1	
8	4038	1	
8	11724	1	
8	3023	1	
8	9170	1	
8	7637	1	
8	15866	2	
8	10206	1	
8	3408	1	
8	2018	1	
8	19939	1	
8	21477	1	
8	7148	1	
8	15971	1	
8	4602	1	
8	11771	1	
9	19456	1	
9	14422	1	
9	22032	1	
9	8724	1	
9	19478	2	
9	8781	1	
9	6687	1	
9	3629	1	
9	4654	1	
9	1076	1	
9	11832	1	
9	20234	1	
9	3647	1	
9	18364	1	
9	588	1	
9	13389	1	
9	13398	1	
9	9816	1	
9	19553	1	
9	15465	1	
9	15982	1	
9	14448	2	
9	5749	1	
9	7785	1	
9	6265	1	
9	703	1	
9	14973	1	
9	13950	1	
9	5760	2	
9	15494	1	
9	6791	1	
9	14473	1	
9	12426	1	
9	21136	1	
9	13969	1	
9	13979	1	
9	8878	1	
9	6329	1	
9	19133	1	
9	15551	1	
9	2243	1	
9	13508	1	
9	5838	1	
9	3796	1	
9	5753	1	
9	22232	2	
9	10972	1	
9	10975	1	
9	18148	1	
9	19173	1	
9	745	1	
9	748	1	
9	19938	1	
9	4222	1	
9	15614	1	
9	8449	1	
9	10499	1	
9	4868	1	
9	773	1	
9	17162	1	
9	4364	1	
9	1069	1	
9	18222	1	
9	7447	1	
9	1305	1	
9	8988	2	
9	19757	1	
9	5934	1	
9	5936	1	
9	21305	1	
9	7482	1	
9	7487	1	
9	833	1	
9	15170	1	
9	3907	1	
9	17225	1	
9	8013	1	
9	3408	1	
9	12625	5	
9	4579	1	
9	4438	2	
9	2905	1	
9	22363	1	
9	6494	1	
9	22369	1	
9	4450	1	
9	19817	1	
9	9069	1	
9	6512	1	
9	21875	1	
9	12151	1	
9	13176	1	
9	12670	1	
9	14725	1	
9	15751	1	
9	10636	1	
9	16706	1	
9	4173	1	
9	3991	1	
9	13222	1	
9	15273	2	
9	22442	1	
9	18865	1	
9	435	1	
9	17336	1	
9	18876	2	
9	22464	1	
9	18882	1	
9	13763	1	
9	19396	2	
9	13388	1	
9	9167	1	
9	15190	1	
9	9687	1	
9	10205	1	
9	10206	1	
9	2018	1	
9	19939	1	
9	21841	1	
9	8683	1	
9	7148	1	
9	11760	1	
9	12788	1	
9	15866	1	
9	11771	2	
10	15874	1	
10	16390	1	
10	1281	1	
10	1545	1	
10	16913	1	
10	13334	1	
10	22551	2	
10	15903	1	
10	13863	1	
10	22571	1	
10	13357	1	
10	16430	1	
10	12852	1	
10	1590	1	
10	7224	1	
10	57	1	
10	4668	2	
10	13887	1	
10	12354	2	
10	17163	1	
10	1092	2	
10	15432	1	
10	15434	1	
10	21586	4	
10	1626	3	
10	12891	3	
10	15971	1	
10	9831	1	
10	10859	2	
10	15982	1	
10	14448	3	
10	1140	1	
10	10360	1	
10	6269	1	
10	5246	1	
10	1152	1	
10	12930	2	
10	3203	1	
10	6790	1	
10	18056	1	
10	14475	2	
10	1168	1	
10	1169	1	
10	281	1	
10	14488	1	
10	20638	1	
10	13477	1	
10	22188	1	
10	9901	1	
10	15534	1	
10	16049	1	
10	19634	1	
10	19124	1	
10	5301	1	
10	22198	1	
10	2745	1	
10	10938	1	
10	19133	7	
10	15041	1	
10	18633	1	
10	11979	1	
10	13516	1	
10	20686	3	
10	11471	1	
10	16592	1	
10	10963	2	
10	17108	1	
10	20695	2	
10	22232	1	
10	5337	2	
10	10972	3	
10	21727	1	
10	10468	1	
10	5356	1	
10	14575	1	
10	10482	1	
10	7550	1	
10	6902	1	
10	21841	1	
10	14592	1	
10	8449	1	
10	4867	1	
10	8967	1	
10	267	1	
10	4364	1	
10	17169	1	
10	13358	1	
10	5554	1	
10	2839	1	
10	2841	5	
10	14622	1	
10	901	1	
10	800	1	
10	292	2	
10	19238	1	
10	5928	1	
10	21295	1	
10	10206	2	
10	19254	1	
10	21305	7	
10	20794	1	
10	15679	1	
10	16704	1	
10	16706	1	
10	4235	1	
10	16196	1	
10	17225	1	
10	13880	1	
10	4434	1	
10	21845	1	
10	4438	2	
10	16727	1	
10	13658	1	
10	7517	1	
10	1889	1	
10	5475	1	
10	3943	1	
10	14725	2	
10	15210	1	
10	8679	1	
10	364	1	
10	9069	6	
10	9072	2	
10	12659	1	
10	7527	1	
10	17790	1	
10	12673	1	
10	1922	1	
10	16363	1	
10	16773	1	
10	16774	1	
10	904	1	
10	5513	1	
10	906	1	
10	16365	1	
10	20882	2	
10	3991	1	
10	3992	2	
10	15771	2	
10	15772	1	
10	20384	1	
10	15275	1	
10	12716	1	
10	18162	1	
10	18862	2	
10	20914	1	
10	4019	1	
10	12446	1	
10	16832	1	
10	16833	1	
10	11714	1	
10	7687	1	
10	460	1	
10	9167	1	
10	464	1	
10	7633	1	
10	2003	1	
10	15317	1	
10	11737	1	
10	6622	1	
10	12625	2	
10	8683	2	
10	4589	1	
10	16367	1	
10	7664	1	
10	4601	1	
10	11771	1	
10	5119	2	
11	6464	2	
11	7527	1	
11	14725	1	
11	519	1	
11	20110	1	
11	1167	1	
11	3992	1	
11	15508	2	
11	1650	1	
11	22551	4	
11	5400	1	
11	13849	1	
11	21295	1	
11	1627	1	
11	14622	1	
11	15903	1	
11	17312	1	
11	7911	1	
11	20642	1	
11	16035	1	
11	11428	1	
11	18342	1	
11	15528	1	
11	8236	1	
11	9901	1	
11	15567	1	
11	7401	1	
11	12465	1	
11	12466	1	
11	9247	1	
11	3260	2	
11	4799	1	
11	13445	1	
11	800	1	
11	4419	1	
11	18222	1	
11	15432	2	
11	16586	1	
11	13388	1	
11	8013	1	
11	15566	1	
11	20303	1	
11	7888	1	
11	5969	1	
11	21586	2	
11	16547	1	
11	20686	1	
11	22232	1	
11	1370	1	
11	12891	2	
11	13532	1	
11	4831	1	
11	18016	1	
11	19553	1	
11	7010	1	
11	9167	1	
11	18023	1	
11	19132	1	
11	16363	2	
11	22252	1	
11	11887	1	
11	11632	1	
11	20465	1	
11	6770	1	
11	10227	1	
11	15808	1	
11	6902	1	
11	759	2	
11	6651	1	
11	15869	1	
11	10975	1	
12	22024	1	
12	19478	1	
12	13849	1	
12	15791	1	
12	3626	1	
12	9777	1	
12	5687	1	
12	3134	1	
12	2113	3	
12	12354	1	
12	1092	1	
12	13388	1	
12	10833	1	
12	10837	1	
12	1626	1	
12	13412	1	
12	11887	1	
12	6776	1	
12	14969	1	
12	14974	1	
12	20095	1	
12	5760	1	
12	14016	1	
12	13445	1	
12	15508	2	
12	15512	1	
12	12446	1	
12	16547	2	
12	16548	1	
12	15528	1	
12	15530	1	
12	12461	1	
12	12463	1	
12	12464	2	
12	12465	1	
12	12471	1	
12	3258	1	
12	19133	1	
12	21696	1	
12	15567	1	
12	7893	1	
12	633	1	
12	12505	1	
12	4303	1	
12	10975	1	
12	741	1	
12	7401	2	
12	748	1	
12	14579	1	
12	6902	1	
12	14584	1	
12	763	1	
12	4867	1	
12	16651	1	
12	4364	1	
12	10510	1	
12	5391	1	
12	7952	1	
12	21267	1	
12	17172	1	
12	16661	1	
12	15642	1	
12	8988	1	
12	14622	2	
12	800	1	
12	1834	1	
12	12589	1	
12	5551	1	
12	21305	1	
12	7485	1	
12	831	1	
12	6464	2	
12	22339	1	
12	17228	1	
12	18766	1	
12	3408	1	
12	12625	4	
12	22354	1	
12	16215	1	
12	4441	1	
12	16223	1	
12	22368	1	
12	11632	1	
12	8568	1	
12	16252	1	
12	7041	2	
12	917	2	
12	4502	1	
12	3991	1	
12	3992	1	
12	1945	1	
12	21915	1	
12	12188	1	
12	18852	1	
12	15275	1	
12	9644	1	
12	15279	1	
12	18360	1	
12	16845	1	
12	14286	1	
12	9167	3	
12	4601	1	
12	8666	1	
12	9691	1	
12	10205	1	
12	6622	1	
12	15184	1	
12	10725	1	
12	18919	1	
12	4074	1	
12	4594	1	
12	16374	2	
12	505	1	
12	13821	1	
12	5118	1	
12	5119	1	
13	12288	2	
13	8706	1	
13	9733	1	
13	2570	1	
13	22032	1	
13	4116	3	
13	13846	1	
13	22551	1	
13	12825	1	
13	14853	1	
13	11440	1	
13	22562	1	
13	11815	1	
13	22581	1	
13	2105	1	
13	6715	1	
13	13382	1	
13	15432	1	
13	19019	2	
13	17484	1	
13	5716	1	
13	9305	1	
13	8797	1	
13	19048	1	
13	1644	1	
13	15976	1	
13	13428	1	
13	17172	1	
13	14969	1	
13	14970	1	
13	13440	1	
13	13445	1	
13	1160	1	
13	14488	1	
13	2207	1	
13	5793	1	
13	10928	1	
13	19124	1	
13	14519	1	
13	6687	1	
13	14017	1	
13	19140	1	
13	13516	1	
13	8401	1	
13	3796	2	
13	11992	1	
13	15579	2	
13	13532	2	
13	11999	1	
13	10464	1	
13	4834	1	
13	13027	1	
13	7397	1	
13	7400	1	
13	748	2	
13	20722	1	
13	741	1	
13	15609	1	
13	14591	1	
13	20234	1	
13	9432	1	
13	6982	1	
13	16661	1	
13	16175	1	
13	20774	1	
13	3881	2	
13	12589	2	
13	19758	1	
13	5935	1	
13	15666	3	
13	7733	1	
13	19782	2	
13	13026	1	
13	4433	1	
13	19282	1	
13	11604	1	
13	6489	1	
13	15706	1	
13	8539	4	
13	7516	1	
13	13663	1	
13	1889	1	
13	2914	1	
13	13667	1	
13	6512	1	
13	15223	1	
13	5496	1	
13	17788	1	
13	12670	1	
13	18818	2	
13	18668	1	
13	15251	1	
13	14741	1	
13	4507	1	
13	4509	2	
13	20382	1	
13	11760	1	
13	7579	1	
13	22437	1	
13	9644	1	
13	3501	1	
13	18352	1	
13	13238	2	
13	18364	1	
13	16831	1	
13	13255	2	
13	4555	2	
13	7120	1	
13	979	1	
13	13723	1	
13	21841	1	
13	7660	2	
13	15856	1	
14	12288	1	
14	2578	1	
14	17943	1	
14	6173	1	
14	18975	1	
14	4128	1	
14	13858	1	
14	5669	1	
14	22571	1	
14	1069	1	
14	12341	1	
14	57	2	
14	3643	1	
14	13887	1	
14	15426	1	
14	20547	2	
14	1094	1	
14	15432	1	
14	8268	1	
14	8272	1	
14	13398	1	
14	602	1	
14	19035	1	
14	16998	2	
14	14950	1	
14	2663	1	
14	9832	1	
14	13418	3	
14	10859	1	
14	13423	1	
14	5750	1	
14	18562	1	
14	13445	1	
14	18055	1	
14	139	1	
14	15504	1	
14	18067	1	
14	14020	1	
14	12446	1	
14	16035	1	
14	5801	1	
14	20147	1	
14	9247	1	
14	12481	1	
14	18628	1	
14	19142	1	
14	10963	1	
14	3796	2	
14	11992	1	
14	13532	1	
14	1758	1	
14	11999	1	
14	10464	1	
14	8421	1	
14	753	1	
14	17149	1	
14	4868	1	
14	2309	1	
14	1798	1	
14	19719	1	
14	267	1	
14	20236	1	
14	2834	1	
14	18197	1	
14	19734	1	
14	8989	1	
14	11040	1	
14	15580	1	
14	16173	1	
14	7471	1	
14	1844	1	
14	21782	1	
14	328	1	
14	15184	1	
14	22358	1	
14	21850	1	
14	7517	1	
14	4453	1	
14	13159	1	
14	8568	1	
14	3962	1	
14	12673	1	
14	18818	1	
14	15751	1	
14	20882	1	
14	3991	3	
14	15903	1	
14	12712	2	
14	18857	1	
14	22442	1	
14	9644	1	
14	16301	1	
14	435	1	
14	8180	1	
14	18364	1	
14	22464	2	
14	11714	1	
14	19396	1	
14	7110	1	
14	13255	2	
14	15817	1	
14	1482	1	
14	15820	1	
14	7120	1	
14	12760	1	
14	6622	1	
14	14306	1	
14	8683	1	
14	7660	1	
14	11760	2	
14	14324	1	
14	502	1	
14	15273	1	
14	4601	1	
