1	14592	1	
1	19072	1	
1	13316	1	
1	4364	1	
1	22032	2	
1	8989	1	
1	22442	1	
1	21295	1	
1	9777	1	
1	1074	1	
1	7475	2	
1	19124	1	
1	10935	1	
1	14794	1	
1	21828	1	
1	12746	1	
1	8375	1	
1	9170	1	
1	21588	1	
1	13514	1	
1	4442	1	
1	21981	2	
1	7952	1	
1	8161	1	
1	13411	1	
1	12905	1	
1	21613	1	
1	22386	1	
1	1141	1	
1	8490	1	
2	2306	1	
2	18056	1	
2	5158	1	
2	20494	1	
2	1032	1	
2	22551	2	
2	18201	1	
2	7066	1	
2	7451	1	
2	12189	1	
2	8100	1	
2	13832	1	
2	20519	1	
2	1576	1	
2	20914	2	
2	16049	2	
2	15666	1	
2	13769	1	
2	20284	1	
2	19519	1	
2	21832	3	
2	9033	1	
2	1818	1	
2	20429	1	
2	4818	1	
2	12503	1	
2	12248	1	
2	12018	1	
2	8161	1	
2	11749	1	
2	22252	1	
2	9583	1	
2	4850	1	
2	3315	1	
2	8953	1	
3	5248	1	
3	12288	1	
3	18948	1	
3	20357	1	
3	6790	1	
3	1031	1	
3	2184	1	
3	17801	1	
3	12354	1	
3	17709	1	
3	11281	1	
3	20882	1	
3	4115	2	
3	8852	1	
3	6807	1	
3	19737	1	
3	1818	1	
3	8953	1	
3	12189	1	
3	13316	1	
3	8607	1	
3	1568	1	
3	11714	1	
3	17148	1	
3	13937	1	
3	10410	1	
3	4267	1	
3	1836	1	
3	1069	1	
3	5934	1	
3	7855	1	
3	7088	1	
3	689	1	
3	15666	1	
3	13877	1	
3	13432	1	
3	19771	1	
3	8892	1	
3	11709	1	
3	16318	1	
3	2229	1	
3	18528	1	
3	17090	1	
3	8566	1	
3	13514	1	
3	12746	1	
3	13771	1	
3	4303	1	
3	4433	1	
3	7890	1	
3	22355	1	
3	9684	1	
3	3065	1	
3	10456	1	
3	16475	1	
3	16224	1	
3	19553	1	
3	22188	1	
3	19172	1	
3	13030	1	
3	8422	1	
3	12625	1	
3	19816	1	
3	21225	1	
3	4647	1	
3	22252	1	
3	20717	1	
3	15216	1	
3	8817	1	
3	12018	1	
3	14725	1	
3	18668	1	
3	8950	3	
3	2770	1	
3	3961	1	
3	12026	1	
3	13819	1	
3	3580	1	
3	1760	1	
3	5780	1	
4	1280	1	
4	6592	2	
4	15108	1	
4	6790	1	
4	18049	1	
4	7432	1	
4	22155	1	
4	22156	1	
4	22032	2	
4	11992	1	
4	1032	2	
4	2841	1	
4	7471	1	
4	12848	1	
4	17620	3	
4	22057	1	
4	1834	1	
4	1835	1	
4	12076	1	
4	22319	1	
4	10928	1	
4	7089	2	
4	22200	1	
4	20155	1	
4	22464	1	
4	8144	1	
4	17619	1	
4	7764	1	
4	5208	1	
4	603	2	
4	860	1	
4	3962	1	
4	7903	1	
4	7483	1	
4	17639	1	
4	22123	1	
4	11887	1	
4	17649	1	
4	1141	1	
4	4598	1	
4	2167	1	
4	6776	1	
4	8953	1	
4	15738	1	
4	18174	1	
5	12288	1	
5	13316	2	
5	7432	1	
5	19347	1	
5	4117	1	
5	6423	1	
5	6424	1	
5	5785	1	
5	1818	2	
5	16795	1	
5	18202	1	
5	14384	1	
5	5415	1	
5	5800	2	
5	7471	1	
5	3760	1	
5	2226	1	
5	20547	1	
5	12746	1	
5	5838	1	
5	17620	1	
5	17230	1	
5	12502	1	
5	18267	2	
5	7516	1	
5	15738	1	
5	8161	1	
5	13799	1	
5	13937	1	
5	6258	1	
5	17140	2	
5	4601	1	
5	8954	2	
5	20095	1	
6	19715	1	
6	6790	2	
6	19336	1	
6	11692	1	
6	11787	1	
6	20494	1	
6	22032	2	
6	2563	1	
6	5652	1	
6	1032	1	
6	5527	1	
6	21912	1	
6	2203	3	
6	22557	2	
6	1822	1	
6	20384	1	
6	17331	1	
6	9755	1	
6	7460	1	
6	20519	1	
6	8236	1	
6	7088	1	
6	7089	1	
6	1459	1	
6	12471	2	
6	4831	2	
6	21828	3	
6	21832	1	
6	12746	2	
6	9294	1	
6	20303	1	
6	592	1	
6	12878	1	
6	5340	1	
6	20701	1	
6	21727	1	
6	7392	1	
6	15201	1	
6	8425	1	
6	5994	1	
6	21613	2	
6	9969	1	
6	22386	2	
6	4211	1	
6	8180	1	
6	20213	1	
6	8566	2	
6	2025	1	
6	15994	1	
6	2173	1	
6	15102	1	
7	14978	1	
7	15491	1	
7	12164	1	
7	14102	1	
7	19334	1	
7	19719	1	
7	1032	1	
7	17162	1	
7	9227	2	
7	22032	1	
7	3217	1	
7	19716	1	
7	12280	1	
7	12566	1	
7	17943	2	
7	15384	1	
7	6809	1	
7	4122	1	
7	7451	1	
7	20000	1	
7	15266	2	
7	931	2	
7	6982	1	
7	5414	1	
7	7463	1	
7	5800	1	
7	15273	1	
7	17066	1	
7	11335	1	
7	12589	1	
7	22319	1	
7	7088	2	
7	7089	2	
7	14131	1	
7	4278	1	
7	9783	1	
7	3641	1	
7	5435	1	
7	1988	1	
7	5437	1	
7	22464	1	
7	20384	1	
7	13963	2	
7	21828	1	
7	14277	2	
7	19398	1	
7	15201	1	
7	11336	2	
7	12746	1	
7	20299	1	
7	8855	1	
7	12878	1	
7	593	1	
7	22483	1	
7	10709	1	
7	14969	1	
7	22616	1	
7	19675	1	
7	5340	1	
7	12026	1	
7	10206	1	
7	4831	2	
7	2273	1	
7	7396	1	
7	19375	1	
7	7782	1	
7	11281	1	
7	5993	1	
7	8556	1	
7	6000	1	
7	881	1	
7	18022	1	
7	3060	1	
7	8425	2	
7	13432	1	
7	21881	1	
7	4090	1	
7	5755	1	
7	5500	1	
8	12288	1	
8	1538	1	
8	2923	1	
8	13445	1	
8	7433	1	
8	20234	1	
8	9227	3	
8	15246	1	
8	16271	1	
8	17424	1	
8	20882	1	
8	21653	1	
8	12566	1	
8	2839	2	
8	1049	1	
8	1819	1	
8	2166	2	
8	4677	1	
8	15266	1	
8	931	2	
8	17188	1	
8	12453	1	
8	20774	1	
8	16177	1	
8	7976	1	
8	22442	1	
8	22188	1	
8	4397	1	
8	8236	1	
8	7088	1	
8	12872	1	
8	1074	1	
8	1076	1	
8	5414	1	
8	20168	1	
8	16062	2	
8	6847	1	
8	364	2	
8	2271	1	
8	5437	1	
8	12350	1	
8	1525	1	
8	22464	2	
8	4392	1	
8	13963	1	
8	15994	1	
8	7878	1	
8	11335	1	
8	11336	1	
8	17162	1	
8	1099	1	
8	6477	1	
8	846	1	
8	9167	1	
8	8144	1	
8	5944	1	
8	15955	1	
8	14677	2	
8	5337	2	
8	13658	1	
8	8954	3	
8	8158	1	
8	4831	2	
8	22032	2	
8	17637	1	
8	21606	1	
8	18408	1	
8	8425	1	
8	20330	1	
8	11303	1	
8	1947	1	
8	21613	1	
8	22382	1	
8	4208	2	
8	12712	1	
8	20212	1	
8	16757	1	
8	8950	1	
8	13432	1	
8	13177	1	
8	13434	1	
8	2171	1	
8	1578	1	
8	5246	1	
9	9600	1	
9	4867	1	
9	4486	1	
9	7432	1	
9	12335	1	
9	13207	1	
9	20882	1	
9	1667	1	
9	13844	1	
9	2839	2	
9	5785	1	
9	10522	1	
9	6811	1	
9	1562	1	
9	1823	1	
9	20384	1	
9	17638	1	
9	180	1	
9	8100	1	
9	19078	1	
9	18215	1	
9	3113	2	
9	8490	3	
9	1068	1	
9	21295	1	
9	1032	1	
9	18866	1	
9	1076	1	
9	181	1	
9	182	1	
9	13879	1	
9	184	1	
9	9652	2	
9	10555	1	
9	11708	1	
9	13245	1	
9	13877	1	
9	22557	1	
9	2625	1	
9	8514	1	
9	4548	1	
9	1526	1	
9	14677	1	
9	11336	1	
9	7114	1	
9	183	1	
9	2129	1	
9	7089	1	
9	595	1	
9	9428	1	
9	1568	1	
9	5433	1	
9	8425	1	
9	20701	2	
9	21733	1	
9	19938	1	
9	7011	1	
9	11878	1	
9	2918	1	
9	19817	1	
9	957	1	
9	12018	1	
9	12151	1	
9	17141	1	
9	8950	1	
9	5801	1	
9	8953	1	
9	931	1	
9	3541	1	
10	14592	1	
10	22592	1	
10	2306	1	
10	13316	2	
10	15109	1	
10	6790	1	
10	1031	1	
10	11275	2	
10	4364	1	
10	5005	1	
10	22032	2	
10	22418	1	
10	14868	1	
10	14488	1	
10	18460	1	
10	11807	1	
10	14882	1	
10	547	1	
10	11941	1	
10	9256	1	
10	8490	1	
10	18220	1	
10	12719	1	
10	931	1	
10	13877	1	
10	12855	1	
10	184	1	
10	19770	1	
10	8607	1	
10	5181	1	
10	13504	1	
10	12481	1	
10	21828	1	
10	11894	1	
10	9953	1	
10	11336	1	
10	17225	1	
10	13514	1	
10	2274	1	
10	12878	1	
10	9167	1	
10	17616	1	
10	17699	1	
10	9174	1	
10	8797	1	
10	16224	1	
10	3937	1	
10	14306	1	
10	13669	1	
10	19174	1	
10	2920	1	
10	8425	1	
10	8684	1	
10	21613	1	
10	8566	1	
10	13562	1	
10	8954	1	
10	11134	1	
11	19712	1	
11	10241	1	
11	2306	1	
11	11524	1	
11	3397	2	
11	1031	3	
11	7432	1	
11	13961	2	
11	13963	1	
11	11790	1	
11	22032	1	
11	4881	1	
11	20882	1	
11	1171	2	
11	4884	1	
11	8376	1	
11	22551	1	
11	11675	1	
11	16260	1	
11	14703	2	
11	5020	2	
11	2166	1	
11	7582	1	
11	8607	2	
11	1568	1	
11	18857	1	
11	547	1	
11	2213	1	
11	20774	1	
11	11303	1	
11	17961	1	
11	22442	1	
11	1067	1	
11	1076	1	
11	14985	1	
11	184	1	
11	11449	1	
11	14992	1	
11	13658	1	
11	1141	1	
11	14240	1	
11	11714	1	
11	17989	1	
11	21829	1	
11	8161	1	
11	21832	1	
11	2763	1	
11	17996	1	
11	20429	3	
11	12878	1	
11	9167	1	
11	18769	2	
11	9170	2	
11	2839	1	
11	9729	1	
11	846	1	
11	13398	1	
11	12248	1	
11	7634	1	
11	8158	1	
11	19553	1	
11	12770	1	
11	19555	1	
11	1140	1	
11	1895	1	
11	17384	1	
11	8425	2	
11	19306	1	
11	8660	1	
11	22418	1	
11	17696	1	
11	360	1	
11	9458	2	
11	4723	2	
11	10100	1	
11	1662	1	
11	8950	1	
11	20727	2	
11	12948	1	
11	15994	1	
11	13418	1	
11	11134	2	
11	19839	1	
12	12288	1	
12	19715	1	
12	11524	1	
12	1798	1	
12	13963	1	
12	19340	1	
12	19470	1	
12	22416	1	
12	20882	2	
12	2196	1	
12	2839	1	
12	11673	1	
12	8346	1	
12	8607	1	
12	931	1	
12	1076	1	
12	12341	1	
12	12471	1	
12	10168	1	
12	12089	1	
12	18494	1	
12	22464	2	
12	20292	1	
12	22369	1	
12	12746	1	
12	9167	2	
12	8425	2	
12	19174	1	
12	9947	1	
12	11357	1	
12	4831	2	
12	19553	3	
12	21733	1	
12	2918	1	
12	360	1	
12	3177	1	
12	22252	1	
12	15216	1	
12	22385	1	
12	21108	1	
12	8950	1	
12	20727	1	
12	11134	1	
12	11135	1	
13	19332	1	
13	3077	1	
13	1798	1	
13	1031	1	
13	7432	2	
13	21228	1	
13	599	1	
13	3086	1	
13	22032	2	
13	2196	1	
13	2841	1	
13	21914	1	
13	2588	1	
13	10269	1	
13	15903	1	
13	14240	1	
13	4486	1	
13	10408	1	
13	20905	1	
13	4780	1	
13	9901	1	
13	20701	1	
13	5554	1	
13	12979	1	
13	4276	1	
13	13790	1	
13	22200	1	
13	21087	1	
13	18933	1	
13	13963	1	
13	20429	1	
13	974	1	
13	12625	1	
13	19470	1	
13	21847	1	
13	11992	1	
13	19549	1	
13	10206	2	
13	11301	1	
13	12897	1	
13	14969	1	
13	13420	1	
13	17901	1	
13	11887	1	
13	4981	1	
13	16374	1	
13	13433	1	
13	7419	1	
13	8702	1	
13	14677	1	
14	22147	1	
14	4484	1	
14	13445	1	
14	1031	1	
14	19336	1	
14	8236	1	
14	22551	1	
14	13452	1	
14	1346	1	
14	20494	1	
14	4881	1	
14	17539	1	
14	6804	1	
14	13846	1	
14	6423	1	
14	19716	1	
14	3226	1	
14	13980	1	
14	21687	1	
14	926	1	
14	18983	1	
14	5414	1	
14	11303	3	
14	20648	1	
14	14216	1	
14	1578	4	
14	4267	1	
14	22188	2	
14	14509	1	
14	5934	1	
14	7088	1	
14	7432	1	
14	21682	1	
14	13877	1	
14	15096	1	
14	21303	1	
14	21305	1	
14	7303	1	
14	20157	1	
14	21310	1	
14	19519	1	
14	8153	1	
14	2755	1	
14	1092	1	
14	4607	1	
14	13769	1	
14	2762	1	
14	759	1	
14	2841	1	
14	2044	1	
14	1032	1	
14	15184	1	
14	18769	1	
14	9170	1	
14	2556	1	
14	13398	1	
14	16983	1	
14	7321	1	
14	4441	1	
14	13658	1	
14	6876	1	
14	16733	1	
14	8161	1	
14	15460	1	
14	20774	1	
14	360	1	
14	8425	2	
14	15991	1	
14	15085	1	
14	14448	1	
14	13937	1	
14	12018	1	
14	19347	1	
14	14324	1	
14	8950	2	
14	11511	1	
14	10360	2	
14	8953	2	
14	2214	1	
14	9595	1	
14	4604	1	
14	20727	1	
15	5248	1	
15	9729	1	
15	1031	1	
15	7432	1	
15	12076	1	
15	19987	1	
15	13078	1	
15	22551	2	
15	22041	1	
15	12190	1	
15	11301	1	
15	20774	1	
15	11303	1	
15	4396	1	
15	14509	1	
15	7471	1	
15	7089	1	
15	7986	1	
15	13877	2	
15	4277	1	
15	897	1	
15	13249	1	
15	12870	1	
15	1354	1	
15	587	1	
15	18767	1	
15	16850	1	
15	14677	1	
15	3321	1	
15	13912	1	
15	10205	1	
15	8161	1	
15	14306	2	
15	15460	1	
15	13159	1	
15	2025	1	
15	6593	1	
15	1141	1	
15	4601	1	
15	8702	2	
16	897	2	
16	11275	2	
16	22551	2	
16	13727	1	
16	14881	1	
16	14882	1	
16	19238	1	
16	7463	1	
16	8232	1	
16	10410	1	
16	1067	1	
16	19372	1	
16	15408	1	
16	8892	1	
16	2622	1	
16	19648	1	
16	12870	1	
16	11335	1	
16	15432	1	
16	13516	1	
16	587	1	
16	17996	1	
16	8546	1	
16	9167	1	
16	9301	1	
16	4601	1	
16	20440	1	
16	2509	1	
16	15199	1	
16	8161	1	
16	14306	1	
16	7397	1	
16	11625	1	
16	12269	1	
16	12492	1	
16	3321	1	
16	2171	1	
16	11134	1	
17	5248	1	
17	7463	1	
17	13704	1	
17	13961	1	
17	3927	1	
17	9581	1	
17	7952	1	
17	9254	1	
17	20882	2	
17	1171	1	
17	916	1	
17	7111	1	
17	17943	3	
17	11675	1	
17	11676	1	
17	22557	1	
17	5150	2	
17	7109	1	
17	14881	1	
17	14882	2	
17	603	1	
17	11941	1	
17	20774	1	
17	13863	1	
17	1067	1	
17	8236	2	
17	4397	1	
17	7112	1	
17	6578	1	
17	4277	1	
17	182	1	
17	184	1	
17	6713	1	
17	17468	1	
17	11709	1	
17	12350	2	
17	11711	1	
17	2880	1	
17	11714	1	
17	364	2	
17	11335	2	
17	11336	5	
17	5321	1	
17	19403	1	
17	15266	1	
17	9167	1	
17	15184	1	
17	4822	1	
17	11449	1	
17	16276	1	
17	9435	1	
17	20303	1	
17	1580	1	
17	18528	1	
17	8161	2	
17	14306	1	
17	21310	1	
17	19238	1	
17	3943	1	
17	8425	1	
17	13418	1	
17	16112	1	
17	8300	3	
17	13549	1	
17	12656	1	
17	10482	1	
17	11923	1	
17	13428	2	
17	9214	1	
17	20343	1	
17	2196	2	
17	13182	1	
17	2559	1	
18	17921	1	
18	12165	1	
18	18817	1	
18	8300	1	
18	11275	1	
18	21613	1	
18	17424	2	
18	4881	1	
18	12179	1	
18	2196	2	
18	17943	3	
18	13979	1	
18	8988	1	
18	8709	1	
18	22562	1	
18	1564	1	
18	11335	1	
18	1076	1	
18	11832	1	
18	6593	1	
18	13255	1	
18	11336	2	
18	17225	1	
18	12746	1	
18	13388	1	
18	9294	1	
18	3536	1	
18	14677	1	
18	11791	1	
18	8158	1	
18	8161	1	
18	14306	1	
18	15845	2	
18	360	1	
18	8425	1	
18	8556	1	
18	18157	1	
18	2289	1	
18	13428	2	
18	1141	1	
19	7680	1	
19	3392	4	
19	6150	1	
19	14985	1	
19	13963	1	
19	9484	1	
19	22082	1	
19	17807	1	
19	7952	1	
19	14993	2	
19	20242	1	
19	11923	1	
19	10646	1	
19	6423	1	
19	8180	1	
19	1818	1	
19	1947	1	
19	20468	1	
19	9886	1	
19	14882	1	
19	2289	1	
19	11398	1	
19	10097	1	
19	5929	1	
19	1578	1	
19	15404	1	
19	12089	1	
19	18222	1	
19	8989	1	
19	691	1	
19	4277	1	
19	18872	1	
19	10996	1	
19	6330	1	
19	1467	1	
19	8892	2	
19	12350	1	
19	17855	1	
19	3520	1	
19	13428	1	
19	12354	1	
19	11275	1	
19	22464	1	
19	13511	1	
19	21832	1	
19	13771	1	
19	9167	1	
19	10704	1	
19	3157	1	
19	13881	1	
19	11941	1	
19	22368	1	
19	11193	1	
19	19938	1	
19	8425	1	
19	13863	1	
19	12269	2	
19	494	1	
19	13937	1	
19	19058	1	
19	13556	1	
19	20213	1	
19	20343	1	
19	14969	1	
19	12026	1	
19	20882	1	
19	5246	3	
20	9600	1	
20	897	1	
20	3203	1	
20	13316	1	
20	10886	1	
20	16903	1	
20	19336	1	
20	7178	1	
20	22551	1	
20	7463	1	
20	4433	1	
20	7055	1	
20	8425	1	
20	18834	1	
20	19715	1	
20	917	3	
20	5529	3	
20	5785	2	
20	13467	1	
20	12188	1	
20	1823	1	
20	20000	1	
20	7089	1	
20	3490	1	
20	931	5	
20	8356	1	
20	20389	1	
20	20465	3	
20	10408	1	
20	11690	1	
20	1067	1	
20	5935	1	
20	8584	2	
20	12471	1	
20	184	3	
20	18363	1	
20	8892	1	
20	21621	1	
20	3075	1	
20	13255	1	
20	15432	1	
20	2841	1	
20	20429	1	
20	20303	1	
20	3536	6	
20	5841	1	
20	17490	1	
20	9171	1	
20	14605	1	
20	3541	2	
20	11336	3	
20	932	1	
20	9167	1	
20	21980	1	
20	10205	1	
20	10206	2	
20	881	1	
20	7011	1	
20	8804	1	
20	8421	2	
20	19716	1	
20	22119	1	
20	17943	1	
20	17769	1	
20	13159	1	
20	494	1	
20	8303	1	
20	15216	1	
20	20648	3	
20	12018	2	
20	6483	1	
20	6773	1	
20	3958	1	
20	10359	1	
20	5972	1	
20	2171	2	
20	2965	2	
21	5888	1	
21	3200	1	
21	13316	1	
21	3077	1	
21	18182	1	
21	13963	1	
21	7952	2	
21	2196	1	
21	2965	1	
21	17943	1	
21	11672	1	
21	1564	1	
21	20510	1	
21	22175	1	
21	8353	1	
21	931	1	
21	4870	1	
21	1959	1	
21	18414	1	
21	10412	1	
21	13229	1	
21	8797	1	
21	5552	1	
21	14574	1	
21	9139	1	
21	11193	1	
21	6331	1	
21	11452	1	
21	6718	1	
21	13887	1	
21	13255	1	
21	12746	1	
21	8908	1	
21	5838	1	
21	9043	1	
21	9684	1	
21	22585	1	
21	9816	1	
21	9435	1	
21	1141	1	
21	8543	1	
21	8161	1	
21	9443	1	
21	8425	1	
21	5742	1	
21	8180	1	
21	11381	2	
21	7542	1	
21	20727	1	
21	1147	1	
21	14716	1	
22	15616	1	
22	12288	2	
22	19715	2	
22	16132	1	
22	19718	1	
22	21601	1	
22	3339	1	
22	14605	1	
22	22030	1	
22	21392	1	
22	13459	1	
22	1092	1	
22	7451	1	
22	5151	1	
22	14448	1	
22	5531	2	
22	10407	1	
22	1578	1	
22	11307	1	
22	8749	1	
22	10798	1	
22	14689	1	
22	11444	1	
22	5321	1	
22	184	1	
22	21828	1	
22	13255	1	
22	7241	1	
22	9035	1	
22	17231	1	
22	11600	1	
22	21586	1	
22	595	1	
22	18267	1	
22	8797	1	
22	6622	1	
22	18528	1	
22	22032	1	
22	20706	1	
22	8166	1	
22	13167	1	
22	15216	1	
22	5623	1	
22	15610	1	
22	17788	1	
22	183	1	
22	18686	1	
23	15616	2	
23	1280	1	
23	22571	1	
23	13704	1	
23	18185	1	
23	15499	1	
23	3197	1	
23	22032	3	
23	6801	1	
23	7683	1	
23	14870	1	
23	18200	1	
23	14235	1	
23	1564	2	
23	20739	1	
23	13502	1	
23	20384	1	
23	10096	1	
23	1827	1	
23	13863	2	
23	10408	3	
23	12713	1	
23	1578	5	
23	17067	1	
23	22188	1	
23	17069	2	
23	7432	2	
23	5554	1	
23	8803	1	
23	1161	1	
23	184	2	
23	185	1	
23	18363	1	
23	12746	1	
23	1342	1	
23	633	1	
23	18528	1	
23	11714	1	
23	17068	1	
23	18116	1	
23	1633	1	
23	9034	1	
23	11726	1	
23	595	1	
23	3927	1	
23	16131	1	
23	603	1	
23	5340	1	
23	17819	1	
23	1482	1	
23	14689	2	
23	13736	4	
23	19172	1	
23	13159	3	
23	21608	1	
23	8425	3	
23	16490	1	
23	10407	1	
23	13293	1	
23	9583	1	
23	7408	1	
23	13937	2	
23	19347	1	
23	5246	2	
23	13161	1	
23	4601	1	
23	13226	1	
23	7678	1	
24	13316	1	
24	9863	1	
24	22024	1	
24	18185	1	
24	9866	1	
24	9867	1	
24	13453	1	
24	20494	1	
24	4112	1	
24	22467	1	
24	21146	1	
24	13723	1	
24	2394	1	
24	15216	1	
24	14235	1	
24	13733	1	
24	22385	1	
24	10408	1	
24	13737	1	
24	1578	4	
24	1068	1	
24	17070	1	
24	14280	1	
24	16434	1	
24	1076	1	
24	6622	1	
24	21305	1	
24	19133	1	
24	7870	1	
24	21951	1	
24	12746	1	
24	20291	1	
24	15432	1	
24	14281	1	
24	2250	2	
24	3171	1	
24	7637	1	
24	18394	2	
24	18140	1	
24	16606	1	
24	10469	1	
24	22369	1	
24	21310	1	
24	8421	1	
24	7463	1	
24	8815	1	
24	14448	1	
24	13736	6	
24	7410	1	
24	19315	1	
24	13428	1	
24	16373	1	
24	12663	1	
24	633	1	
24	13821	1	
24	20565	2	
24	10837	1	
25	12288	1	
25	8961	1	
25	4868	1	
25	646	1	
25	6791	1	
25	18185	1	
25	13452	2	
25	13453	1	
25	22032	1	
25	21605	1	
25	13459	1	
25	19093	1	
25	18455	1	
25	19096	1	
25	13316	1	
25	1947	1	
25	1564	2	
25	8989	1	
25	14096	1	
25	18079	1	
25	4000	1	
25	13723	1	
25	12453	1	
25	13736	7	
25	12700	1	
25	1578	1	
25	17067	1	
25	16684	1	
25	5781	1	
25	15282	1	
25	10291	1	
25	3638	1	
25	20447	1	
25	12214	1	
25	21952	1	
25	15170	1	
25	22467	1	
25	1988	1	
25	12342	1	
25	11604	1	
25	12746	1	
25	588	1	
25	18769	1	
25	3171	1	
25	20692	1	
25	2755	1	
25	4823	1	
25	18394	1	
25	2394	1	
25	7892	1	
25	6622	1	
25	4831	1	
25	18528	1	
25	22369	1	
25	17890	1	
25	15459	1	
25	10981	1	
25	13737	1	
25	8425	2	
25	16490	1	
25	15855	2	
25	1136	1	
25	7409	1	
25	3113	1	
25	633	1	
25	15610	1	
25	10538	1	
25	18175	1	
26	15616	1	
26	18817	1	
26	1067	1	
26	4484	1	
26	19973	1	
26	4486	1	
26	11969	1	
26	13961	1	
26	12119	1	
26	13452	2	
26	17806	1	
26	1069	1	
26	22032	2	
26	22418	1	
26	916	2	
26	7319	1	
26	18200	1	
26	19972	1	
26	20892	1	
26	13316	1	
26	8197	1	
26	7088	1	
26	15268	1	
26	3796	1	
26	22569	1	
26	1578	2	
26	22571	1	
26	12089	1	
26	7982	1	
26	7471	3	
26	13232	1	
26	7089	1	
26	15666	1	
26	19676	1	
26	12341	1	
26	12471	1	
26	185	1	
26	8607	1	
26	5182	1	
26	831	1	
26	14016	2	
26	13249	1	
26	20292	1	
26	20038	1	
26	20427	1	
26	13516	6	
26	8660	1	
26	6841	1	
26	19675	1	
26	9308	1	
26	8158	1	
26	11511	2	
26	7520	1	
26	16100	1	
26	13159	1	
26	20456	1	
26	4604	1	
26	5867	2	
26	22057	1	
26	14574	1	
26	21743	1	
26	5864	1	
26	2036	1	
26	1141	1	
26	3113	1	
26	2552	1	
26	8953	1	
26	15994	2	
26	22140	3	
26	5246	2	
27	15616	4	
27	8964	1	
27	1161	1	
27	17290	1	
27	3339	1	
27	13452	2	
27	5005	1	
27	22032	1	
27	22418	1	
27	8342	1	
27	22423	1	
27	14488	1	
27	13316	1	
27	20892	1	
27	9375	1	
27	1824	1	
27	932	1	
27	12453	1	
27	10408	1	
27	1564	2	
27	1067	1	
27	15660	1	
27	12717	1	
27	5934	2	
27	15664	1	
27	16946	2	
27	11315	1	
27	1076	2	
27	15157	1	
27	5641	1	
27	9912	1	
27	22585	2	
27	5050	1	
27	10555	1	
27	18364	2	
27	15498	1	
27	2625	1	
27	12354	1	
27	5443	1	
27	14407	1	
27	12746	3	
27	9035	1	
27	5198	1	
27	13453	1	
27	15672	1	
27	185	1	
27	16984	2	
27	18395	2	
27	3679	1	
27	8161	2	
27	19938	1	
27	1763	1	
27	19174	1	
27	8425	2	
27	17515	1	
27	8300	1	
27	14973	1	
27	11632	1	
27	12018	1	
27	13428	1	
27	5499	1	
27	14204	1	
27	5501	1	
27	3198	1	
28	15616	2	
28	6787	1	
28	13062	1	
28	18185	1	
28	17162	1	
28	12683	1	
28	4364	2	
28	20494	1	
28	17069	1	
28	22032	5	
28	10898	1	
28	22551	1	
28	22041	1	
28	15794	1	
28	6686	1	
28	11555	1	
28	4486	1	
28	2475	1	
28	8749	1	
28	16431	1	
28	7088	1	
28	7089	1	
28	16434	1	
28	13113	1	
28	7690	1	
28	9918	1	
28	5567	1	
28	11714	1	
28	2244	1	
28	13255	1	
28	13516	1	
28	11723	1	
28	588	1	
28	13389	1	
28	718	1	
28	719	1	
28	21586	1	
28	4942	1	
28	4438	1	
28	3762	1	
28	6489	1	
28	7055	1	
28	15459	1	
28	5527	1	
28	21605	1	
28	7014	1	
28	22119	1	
28	13452	1	
28	3943	1	
28	15216	1	
28	19816	1	
28	3058	1	
28	8180	1	
28	7870	1	
28	18424	1	
28	22140	1	
28	12670	1	
28	2559	1	
29	1538	1	
29	6790	1	
29	18185	1	
29	20494	1	
29	17424	3	
29	22423	1	
29	19737	1	
29	11887	1	
29	13727	1	
29	8993	1	
29	20389	1	
29	8236	1	
29	2173	1	
29	22464	2	
29	7241	1	
29	12746	1	
29	17996	1	
29	13389	1	
29	20303	1	
29	8161	1	
29	1765	1	
29	15855	1	
29	11760	1	
29	13681	1	
29	15735	1	
29	14973	1	
30	14592	1	
30	1281	1	
30	13445	1	
30	8961	1	
30	9352	1	
30	18185	2	
30	7690	1	
30	3339	1	
30	22032	2	
30	13459	1	
30	2839	1	
30	409	1	
30	18955	1	
30	13475	1	
30	20260	1	
30	12453	1	
30	15273	1	
30	17067	1	
30	12717	1	
30	21172	1	
30	13449	1	
30	16180	1	
30	7870	1	
30	22464	3	
30	12354	1	
30	2243	1	
30	11336	1	
30	11850	1	
30	13389	2	
30	12878	1	
30	9167	1	
30	592	1	
30	12625	1	
30	4180	1	
30	13398	1	
30	15199	1	
30	1765	1	
30	10470	1	
30	10833	1	
30	7785	1	
30	21613	1	
30	9839	1	
30	15216	1	
30	21617	1	
30	21618	1	
30	8180	1	
30	13433	1	
30	15994	1	
31	15616	1	
31	12673	1	
31	12746	1	
31	13316	1	
31	13445	2	
31	6790	1	
31	13961	1	
31	5005	1	
31	11662	1	
31	22032	2	
31	916	1	
31	22423	1	
31	13592	1	
31	17435	1	
31	12188	1	
31	15774	1	
31	4639	1	
31	20384	2	
31	2416	1	
31	10530	1	
31	16547	1	
31	9380	1	
31	12453	1	
31	21617	1	
31	15273	1	
31	9261	1	
31	2351	1	
31	15432	1	
31	1074	2	
31	6068	1	
31	15541	1	
31	11963	1	
31	14016	1	
31	21949	1	
31	22464	2	
31	7392	2	
31	20470	1	
31	18120	1	
31	11850	2	
31	17229	1	
31	9167	1	
31	720	1	
31	12625	1	
31	12670	1	
31	3288	1	
31	2394	1	
31	8570	1	
31	2911	1	
31	21984	1	
31	15585	1	
31	14725	1	
31	10300	1	
31	18343	1	
31	17262	1	
31	15855	1	
31	12656	1	
31	7665	1	
31	4723	1	
31	4725	1	
31	19702	1	
31	11385	1	
31	15610	1	
31	21629	1	
31	15486	1	
31	22385	1	
32	12288	1	
32	3201	1	
32	4868	1	
32	13445	1	
32	11398	2	
32	19719	1	
32	18185	1	
32	7690	1	
32	9483	1	
32	4364	2	
32	4238	1	
32	22032	4	
32	2834	1	
32	5354	1	
32	1564	1	
32	22557	1	
32	12532	1	
32	9638	1	
32	13062	1	
32	11434	1	
32	12089	1	
32	17070	1	
32	17821	1	
32	14493	1	
32	11569	1	
32	691	1	
32	19124	1	
32	20277	1	
32	185	1	
32	19131	1	
32	15036	1	
32	17162	1	
32	13389	1	
32	11334	1	
32	11335	1	
32	21832	1	
32	13452	1	
32	11850	1	
32	11511	1	
32	21305	1	
32	20303	1	
32	7634	1	
32	8180	1	
32	18005	2	
32	4438	1	
32	4695	1	
32	4441	1	
32	12453	1	
32	19555	1	
32	4326	1	
32	20494	1	
32	8892	1	
32	16362	1	
32	4818	1	
32	19133	1	
32	11760	1	
32	5233	1	
32	13428	1	
32	5246	1	
32	8425	1	
32	8954	1	
32	17149	1	
32	11902	1	
32	12927	1	
33	12288	1	
33	13316	2	
33	12805	1	
33	22032	10	
33	4115	1	
33	22551	1	
33	1564	1	
33	16414	1	
33	2309	1	
33	3627	1	
33	11309	1	
33	16430	1	
33	1074	1	
33	10291	1	
33	3638	2	
33	17161	1	
33	3130	1	
33	15432	1	
33	11850	1	
33	13389	2	
33	12878	1	
33	592	1	
33	10833	1	
33	16468	1	
33	3679	1	
33	12816	1	
33	21607	1	
33	16488	1	
33	12394	1	
33	14448	1	
33	1140	1	
33	6773	1	
33	6774	1	
33	632	1	
33	22140	1	
33	14973	1	
33	13445	1	
33	6790	1	
33	1674	1	
33	13452	2	
33	13459	3	
33	7319	2	
33	10407	1	
33	17066	1	
33	3954	1	
33	12471	3	
33	22209	1	
33	13515	1	
33	9947	1	
33	1763	1	
33	8422	1	
33	8425	1	
33	5869	1	
33	21629	1	
33	11511	1	
33	15616	4	
33	14082	1	
33	19715	1	
33	18181	1	
33	18185	2	
33	4364	2	
33	18191	1	
33	7471	1	
33	8988	1	
33	17696	1	
33	20187	1	
33	2854	1	
33	22319	1	
33	14135	1	
33	15672	1	
33	14649	1	
33	10555	2	
33	20292	1	
33	3408	1	
33	18769	1	
33	2394	1	
33	18267	1	
33	7014	1	
33	13673	1	
33	15723	1	
33	11632	2	
33	10097	1	
33	13682	1	
33	389	1	
33	19854	1	
33	22418	1	
33	3396	1	
33	6554	1	
33	22426	1	
33	20384	1	
33	15266	1	
33	7110	1	
33	12746	2	
33	9167	1	
33	18393	1	
33	16347	1	
33	7847	1	
33	8175	2	
33	11760	1	
33	6652	2	
34	14592	5	
34	8449	1	
34	19204	2	
34	2309	1	
34	7432	1	
34	8236	2	
34	15119	1	
34	22032	2	
34	19093	1	
34	15773	1	
34	8607	1	
34	5536	1	
34	22442	1	
34	1068	1	
34	7088	2	
34	4019	2	
34	21305	1	
34	19770	2	
34	21023	1	
34	21308	1	
34	6718	1	
34	13445	1	
34	8641	1	
34	12354	1	
34	21832	1	
34	12746	1	
34	12151	1	
34	20429	1	
34	4941	1	
34	8144	1	
34	7122	2	
34	22229	1	
34	13398	1	
34	5207	1	
34	14680	3	
34	1753	1	
34	4589	1	
34	3536	1	
34	15971	1	
34	17637	2	
34	18022	1	
34	9831	3	
34	20329	1	
34	21613	1	
34	9072	1	
34	6644	1	
34	8566	1	
34	1568	2	
34	12202	1	
34	14677	1	
35	11008	4	
35	14592	3	
35	3332	1	
35	9093	1	
35	6186	1	
35	897	1	
35	15369	1	
35	22032	2	
35	4881	1	
35	11284	2	
35	10158	1	
35	13316	1	
35	1818	1	
35	22442	2	
35	15133	1	
35	16030	1	
35	17183	1	
35	20256	1	
35	15266	1	
35	20260	1	
35	551	1	
35	8744	1	
35	8490	1	
35	8878	1	
35	1199	1	
35	10160	1	
35	10163	1	
35	8375	1	
35	1013	1	
35	704	1	
35	11714	1	
35	14535	1	
35	9417	1	
35	7504	1	
35	12625	1	
35	17490	2	
35	20565	1	
35	13398	1	
35	18267	1	
35	18042	1	
35	9831	1	
35	5993	1	
35	2407	1	
35	21613	1	
35	11887	1	
35	4723	2	
35	14708	1	
35	13813	1	
35	17271	1	
35	11898	2	
35	19114	1	
36	14592	2	
36	11008	2	
36	7723	1	
36	18436	1	
36	1798	1	
36	1032	1	
36	14473	1	
36	12183	1	
36	10636	1	
36	22119	1	
36	7952	1	
36	16275	1	
36	2196	1	
36	6039	1	
36	15128	1	
36	13316	2	
36	8988	1	
36	22557	1	
36	12288	1	
36	17183	2	
36	20384	1	
36	18209	1	
36	11939	1	
36	20900	1	
36	10246	1	
36	21617	2	
36	5928	2	
36	3113	1	
36	8747	1	
36	15534	1	
36	12360	1	
36	9269	1	
36	8375	1	
36	2873	1	
36	1979	1	
36	9662	1	
36	14016	1	
36	9926	1	
36	22344	1	
36	12471	1	
36	16588	1	
36	10573	1	
36	12878	1	
36	11471	1	
36	12625	1	
36	7507	1	
36	13398	1	
36	14680	1	
36	3127	1	
36	18267	1	
36	16496	1	
36	12279	1	
36	22032	1	
36	2407	1	
36	18022	3	
36	9831	1	
36	13033	2	
36	3435	1	
36	21613	1	
36	14703	1	
36	15216	1	
36	22001	1	
36	7977	1	
36	12343	1	
36	18428	1	
36	7399	1	
37	3073	1	
37	4867	2	
37	13444	1	
37	2309	1	
37	8647	1	
37	1032	3	
37	18570	2	
37	17163	1	
37	10636	1	
37	11790	1	
37	9069	4	
37	5264	1	
37	11632	1	
37	15122	1	
37	16276	1	
37	5934	1	
37	22032	1	
37	17435	1	
37	14725	1	
37	18080	2	
37	5691	1	
37	14677	2	
37	11939	2	
37	6308	1	
37	8614	1	
37	18993	1	
37	3113	1	
37	4267	1	
37	3629	1	
37	18862	1	
37	7600	1	
37	16049	1	
37	17203	1	
37	10036	1	
37	8502	1	
37	12471	2	
37	15545	1	
37	11835	1	
37	700	1	
37	12081	2	
37	6718	1	
37	22464	1	
37	9286	1	
37	13255	1	
37	7768	1	
37	8649	1	
37	7458	1	
37	18510	1	
37	18255	1	
37	7632	1	
37	13778	1	
37	11555	1	
37	22024	1	
37	21070	1	
37	15871	1	
37	14680	2	
37	9177	1	
37	7055	1	
37	8954	1	
37	7520	1	
37	17424	2	
37	15971	1	
37	18532	1	
37	19238	1	
37	8422	1	
37	21617	1	
37	5352	1	
37	20095	1	
37	3562	2	
37	8427	1	
37	2540	1	
37	21613	1	
37	1917	1	
37	9072	1	
37	10984	1	
37	14751	1	
37	12350	1	
37	22262	1	
37	10857	1	
37	4217	1	
37	18042	1	
37	8929	1	
37	6652	1	
37	13437	1	
37	11007	1	
38	14592	3	
38	1280	1	
38	11394	1	
38	8641	2	
38	13316	2	
38	2309	1	
38	9606	1	
38	9607	1	
38	22024	1	
38	15575	1	
38	6413	1	
38	11790	1	
38	14479	1	
38	22032	1	
38	14680	1	
38	21305	1	
38	14743	1	
38	13981	1	
38	4382	1	
38	14751	1	
38	20000	1	
38	17185	1	
38	20900	1	
38	13733	1	
38	12081	1	
38	9901	1	
38	12207	2	
38	7432	2	
38	13490	1	
38	4019	2	
38	6197	1	
38	12471	1	
38	12345	1	
38	13398	1	
38	19133	1	
38	6718	1	
38	7873	1	
38	12354	1	
38	16416	1	
38	20297	1	
38	13514	1	
38	12279	1	
38	20556	1	
38	20429	3	
38	16206	1	
38	4432	1	
38	11941	1	
38	10452	2	
38	19414	1	
38	9047	1	
38	11992	1	
38	5207	1	
38	18267	1	
38	10975	1	
38	10096	1	
38	15971	1	
38	18022	1	
38	15441	1	
38	21095	1	
38	7400	1	
38	18921	1	
38	11392	1	
38	4391	1	
38	364	1	
38	21613	1	
38	14448	1	
38	9201	1	
38	11250	1	
38	13937	1	
38	673	1	
38	5498	1	
38	11007	1	
39	11008	2	
39	14592	5	
39	4484	1	
39	6790	1	
39	8193	1	
39	1800	1	
39	9227	1	
39	4238	1	
39	8685	1	
39	22032	1	
39	10912	1	
39	13331	1	
39	5994	1	
39	7451	1	
39	9247	1	
39	8992	1	
39	6150	1	
39	19238	1	
39	20519	1	
39	17066	1	
39	22188	4	
39	16301	1	
39	19549	1	
39	13744	1	
39	8753	1	
39	4019	2	
39	4673	2	
39	12471	1	
39	19900	1	
39	19775	1	
39	11969	1	
39	3127	1	
39	13389	2	
39	5838	1	
39	975	1	
39	21586	1	
39	15402	1	
39	14037	1	
39	15575	1	
39	11992	2	
39	8797	1	
39	18023	1	
39	6632	1	
39	10857	1	
39	5866	1	
39	9831	1	
39	21613	3	
39	18030	1	
39	4723	1	
39	21097	2	
39	5567	1	
39	4604	1	
39	22442	1	
40	14592	2	
40	13316	1	
40	2309	1	
40	11398	1	
40	6791	1	
40	7823	1	
40	13331	1	
40	7062	1	
40	21097	1	
40	19737	1	
40	14751	1	
40	15119	1	
40	17188	1	
40	549	1	
40	22442	1	
40	15276	1	
40	14509	1	
40	1582	1	
40	4399	1	
40	4019	1	
40	9924	1	
40	13880	1	
40	21305	1	
40	19900	1	
40	19396	1	
40	8906	1	
40	4941	1	
40	9167	1	
40	592	1	
40	21586	1	
40	9043	1	
40	7892	1	
40	13398	1	
40	14680	1	
40	21849	1	
40	12815	1	
40	10960	1	
40	15971	1	
40	743	1	
40	744	1	
40	10857	2	
40	745	1	
40	8556	1	
40	21617	1	
40	8307	1	
40	4725	1	
40	12663	1	
40	15864	1	
40	17148	1	
40	20045	1	
41	9729	1	
41	2309	2	
41	2310	1	
41	11969	1	
41	10120	1	
41	7306	1	
41	22032	1	
41	20625	1	
41	10515	1	
41	16661	1	
41	3991	3	
41	13979	2	
41	13981	1	
41	15903	1	
41	3696	1	
41	19718	1	
41	7463	1	
41	15528	1	
41	22442	2	
41	12589	1	
41	1076	1	
41	1590	1	
41	9887	1	
41	15548	1	
41	15808	2	
41	8641	2	
41	17218	1	
41	20547	3	
41	6348	1	
41	8650	1	
41	1099	1	
41	588	1	
41	13389	1	
41	12625	1	
41	9170	1	
41	467	1	
41	13398	1	
41	22232	1	
41	10972	2	
41	12510	1	
41	9831	1	
41	16835	1	
41	15216	1	
41	13937	1	
41	1147	1	
41	13771	1	
42	11008	1	
42	8705	1	
42	20994	1	
42	16899	1	
42	4868	1	
42	8662	1	
42	6791	1	
42	17290	1	
42	22551	1	
42	7952	1	
42	13841	1	
42	9237	1	
42	6935	1	
42	10011	1	
42	4636	1	
42	8989	1	
42	18847	1	
42	1568	1	
42	7457	1	
42	180	1	
42	6052	1	
42	5797	1	
42	7463	1	
42	16169	1	
42	22442	1	
42	9652	1	
42	21305	1	
42	19770	1	
42	8607	1	
42	5567	1	
42	5059	1	
42	19397	1	
42	20169	1	
42	20427	1	
42	13388	2	
42	6477	1	
42	5838	1	
42	20557	1	
42	8144	1	
42	11941	1	
42	9171	1	
42	8660	5	
42	14677	2	
42	13398	1	
42	16651	1	
42	9563	1	
42	8158	1	
42	7903	1	
42	8161	1	
42	20329	1	
42	18412	2	
42	18817	1	
42	13937	1	
42	17141	1	
42	8950	1	
42	15735	1	
42	13432	1	
42	8953	1	
42	4604	1	
43	14592	1	
43	11008	1	
43	15199	1	
43	13078	1	
43	6150	1	
43	897	1	
43	18569	1	
43	17162	1	
43	15575	1	
43	10636	1	
43	15771	1	
43	11791	1	
43	22032	1	
43	19347	1	
43	16366	1	
43	7318	1	
43	14743	1	
43	21912	1	
43	17818	1	
43	1947	1	
43	11676	1	
43	15774	1	
43	4639	2	
43	16416	1	
43	14753	1	
43	8995	1	
43	5576	1	
43	11941	1	
43	551	1	
43	1576	1	
43	12585	1	
43	5248	1	
43	15751	1	
43	12717	1	
43	18793	1	
43	13744	1	
43	8753	1	
43	4019	1	
43	9398	1	
43	8503	1	
43	21305	1	
43	13398	1	
43	8607	4	
43	11708	1	
43	650	1	
43	22464	1	
43	12354	2	
43	17987	1	
43	8260	1	
43	11719	1	
43	21832	1	
43	13516	1	
43	846	1	
43	9167	1	
43	8660	2	
43	12878	1	
43	15574	1	
43	3927	1	
43	22223	1	
43	10972	1	
43	6652	1	
43	11999	1	
43	18528	1	
43	4834	1	
43	5347	1	
43	6632	1	
43	8425	1	
43	7785	1	
43	18030	2	
43	13937	1	
43	8950	1	
43	12663	1	
43	632	1	
43	14970	1	
43	17231	1	
43	22140	1	
44	14592	2	
44	19460	1	
44	2442	1	
44	4364	1	
44	11714	1	
44	22032	1	
44	22551	1	
44	18200	1	
44	13316	1	
44	21295	1	
44	17435	1	
44	547	1	
44	3113	1	
44	22188	1	
44	7087	1	
44	18736	1	
44	20571	1	
44	19124	1	
44	12345	1	
44	21312	1	
44	18114	1	
44	7876	1	
44	22369	1	
44	6732	2	
44	12878	2	
44	18128	2	
44	8532	1	
44	4441	1	
44	18267	1	
44	19396	2	
44	8797	1	
44	18911	1	
44	7392	1	
44	12897	1	
44	1140	1	
44	1141	1	
44	3702	1	
44	12799	2	
45	14081	2	
45	16898	1	
45	2179	1	
45	13316	1	
45	5638	1	
45	11913	1	
45	2442	1	
45	8043	1	
45	16268	1	
45	910	1	
45	17424	2	
45	17688	1	
45	13516	1	
45	2990	1	
45	16664	1	
45	17818	1	
45	17435	4	
45	12700	1	
45	7968	1	
45	646	1	
45	5489	1	
45	8745	1	
45	8747	1	
45	16302	1	
45	3631	1	
45	18736	1	
45	9777	1	
45	20851	1	
45	13288	1	
45	10552	1	
45	12916	1	
45	11708	1	
45	19133	1	
45	8766	1	
45	1141	1	
45	15808	1	
45	4640	1	
45	12354	1	
45	2243	1	
45	19140	1	
45	17996	1	
45	12350	1	
45	6732	2	
45	5325	1	
45	7960	1	
45	6989	1	
45	20816	1	
45	18389	1	
45	9047	2	
45	16092	1	
45	13388	1	
45	3171	1	
45	7397	1	
45	9606	1	
45	6760	1	
45	4969	1	
45	551	1	
45	9069	1	
45	18030	2	
45	11632	1	
45	13937	1	
45	21619	1	
45	17012	1	
45	11381	1	
45	18042	1	
45	10365	1	
46	15618	1	
46	4868	1	
46	11909	2	
46	9351	1	
46	14603	1	
46	13452	1	
46	15630	1	
46	12589	1	
46	1168	1	
46	22418	3	
46	20547	1	
46	4884	1	
46	5554	1	
46	22423	1	
46	13316	3	
46	16828	1	
46	7964	1	
46	19589	1	
46	15119	1	
46	545	1	
46	15266	1	
46	12558	1	
46	9894	1	
46	10407	1	
46	21161	1	
46	8749	2	
46	3758	1	
46	5551	1	
46	2994	1	
46	7219	1	
46	1076	1	
46	12341	1	
46	4534	1	
46	3130	1	
46	8764	1	
46	7741	1	
46	3006	1	
46	22076	1	
46	1475	1	
46	12358	1	
46	13255	1	
46	15432	1	
46	12746	1	
46	7474	1	
46	460	1	
46	6989	2	
46	15953	1	
46	9171	1	
46	9684	1	
46	16981	1	
46	11385	2	
46	15503	1	
46	22295	1	
46	4831	1	
46	22032	3	
46	15548	2	
46	12778	1	
46	364	1	
46	9069	3	
46	15855	1	
46	15216	1	
46	1141	1	
46	12663	3	
46	15609	1	
46	16252	1	
46	14717	1	
46	14677	1	
47	12673	1	
47	15618	3	
47	2179	1	
47	13316	1	
47	6790	1	
47	3209	1	
47	14603	1	
47	14082	1	
47	19726	1	
47	22032	2	
47	22418	1	
47	16661	1	
47	11161	1	
47	13978	1	
47	19740	1	
47	19234	1	
47	22437	1	
47	8749	1	
47	9262	1	
47	7219	2	
47	1076	1	
47	7220	1	
47	15548	1	
47	19518	1	
47	22464	1	
47	7392	1	
47	12354	1	
47	15431	1	
47	13516	1	
47	6989	1	
47	10709	1	
47	8185	1	
47	21850	1	
47	21984	1	
47	22369	1	
47	19938	1	
47	1459	1	
47	18022	1	
47	20968	1	
47	14574	1	
47	7650	1	
47	12663	1	
47	11385	4	
47	4090	1	
47	1147	1	
47	2990	1	
47	18686	1	
47	13141	1	
48	8192	1	
48	5248	1	
48	15618	1	
48	16132	1	
48	13445	1	
48	21126	1	
48	17162	3	
48	14603	1	
48	2178	2	
48	4589	1	
48	17484	3	
48	1813	1	
48	7319	1	
48	15000	1	
48	11161	1	
48	13978	1	
48	4507	1	
48	12188	1	
48	20125	2	
48	15903	1	
48	16416	1	
48	15856	1	
48	11555	1	
48	22437	1	
48	19238	1	
48	14119	1	
48	12200	1	
48	17066	2	
48	8107	1	
48	15660	2	
48	8749	1	
48	17070	1	
48	19248	1	
48	15855	1	
48	7219	1	
48	22198	1	
48	21687	2	
48	4818	2	
48	21305	1	
48	3130	1	
48	7867	1	
48	15548	1	
48	19133	1	
48	3134	1	
48	17184	1	
48	3398	1	
48	20167	1	
48	15688	1	
48	13129	1	
48	13516	5	
48	6989	1	
48	9167	1	
48	13650	1	
48	21987	1	
48	3332	1	
48	18505	1	
48	2135	1	
48	18267	1	
48	13404	1	
48	22109	1	
48	18911	1	
48	15948	1	
48	22032	1	
48	7650	2	
48	17467	1	
48	21733	1	
48	7782	1	
48	11708	1	
48	6122	1	
48	5867	1	
48	9069	1	
48	367	1	
48	14448	1	
48	625	1	
48	21619	1	
48	9461	1	
48	18295	1	
48	13560	1	
48	8185	1	
48	11887	1	
48	1918	1	
49	8704	1	
49	7938	1	
49	8043	1	
49	4868	1	
49	13445	1	
49	646	1	
49	17066	1	
49	19464	1	
49	13451	1	
49	13452	1	
49	10510	1	
49	15664	1	
49	1936	1	
49	14994	1	
49	11726	1	
49	6294	1	
49	1945	1	
49	7960	1	
49	20292	1	
49	4506	1	
49	2351	1	
49	13978	1	
49	13316	1	
49	20000	1	
49	9072	1	
49	19718	1	
49	18267	1	
49	12110	1	
49	15013	1	
49	4941	1	
49	9777	1	
49	3626	1	
49	9543	1	
49	15660	2	
49	7471	1	
49	944	1	
49	8753	1	
49	12558	1	
49	4723	1	
49	3636	1	
49	20280	1	
49	1972	1	
49	10555	1	
49	19900	1	
49	4029	1	
49	22463	1	
49	5232	1	
49	12354	1	
49	7236	1	
49	13255	1	
49	4364	1	
49	1818	1	
49	13389	2	
49	16462	1	
49	5325	1	
49	15953	1	
49	9172	1	
49	16341	1	
49	15575	1	
49	9167	1	
49	7645	1	
49	9695	1	
49	7392	1	
49	5755	1	
49	21604	1	
49	7782	1	
49	6989	1	
49	6760	1	
49	15266	1	
49	9895	1	
49	18030	1	
49	18736	1	
49	11632	1	
49	21617	1	
49	19124	2	
49	15620	1	
49	15609	1	
49	14202	1	
49	17531	1	
49	15869	1	
50	12288	1	
50	15618	1	
50	13316	2	
50	8709	1	
50	7432	1	
50	15404	1	
50	14603	1	
50	7180	1	
50	17069	1	
50	22032	4	
50	2834	1	
50	20014	1	
50	11161	1	
50	10910	1	
50	15903	1	
50	15521	1	
50	16547	1	
50	7055	1	
50	7081	1	
50	20010	4	
50	15660	3	
50	1069	1	
50	16302	1	
50	5551	2	
50	7219	1	
50	7220	1	
50	12341	2	
50	14135	1	
50	8892	1	
50	17337	1	
50	17339	1	
50	15548	2	
50	4541	2	
50	3134	1	
50	5301	1	
50	9582	1	
50	14019	1	
50	13089	1	
50	15432	1	
50	4364	1	
50	13516	1	
50	13389	1	
50	19405	1	
50	3408	1	
50	8885	1	
50	9684	2	
50	6741	1	
50	12891	1	
50	7645	1	
50	4831	1	
50	6864	1	
50	11151	1	
50	13412	1	
50	6989	1	
50	19900	1	
50	16543	1	
50	17262	1	
50	15855	3	
50	14448	1	
50	2220	1	
50	2166	1	
50	11385	4	
50	5755	1	
50	10365	1	
50	7039	2	
51	14592	1	
51	7937	1	
51	13316	1	
51	6790	1	
51	8193	2	
51	14603	3	
51	22032	1	
51	5394	1	
51	10515	1	
51	18030	1	
51	22551	1	
51	1818	1	
51	17185	1	
51	9606	1	
51	11817	1	
51	22442	1	
51	14509	2	
51	19549	2	
51	12471	3	
51	16314	1	
51	5567	1	
51	8641	1	
51	21699	1	
51	4037	1	
51	9761	1	
51	13389	2	
51	5838	1	
51	592	1	
51	5841	1	
51	6741	2	
51	15575	1	
51	15704	1	
51	18267	1	
51	14081	1	
51	8797	1	
51	7903	1	
51	22369	1	
51	22119	2	
51	2025	2	
51	6826	1	
51	21613	1	
51	6382	1	
51	7633	1	
51	1141	1	
51	3113	1	
51	17066	1	
51	14677	1	
52	12288	1	
52	3075	1	
52	3332	1	
52	9351	1	
52	18185	1	
52	6027	3	
52	4364	2	
52	1375	1	
52	14509	1	
52	16272	1	
52	22418	1	
52	4884	1	
52	12316	1	
52	7584	1	
52	6308	1	
52	20000	1	
52	3113	1	
52	683	2	
52	19373	1	
52	3633	1	
52	1719	1	
52	21727	1	
52	11708	1	
52	3134	1	
52	20256	1	
52	19259	1	
52	13514	1	
52	11851	1	
52	13388	1	
52	20429	1	
52	10190	1	
52	16589	1	
52	13650	1	
52	9550	1	
52	14677	1	
52	5591	1	
52	11225	1	
52	4831	1	
52	2747	1	
52	5993	1	
52	9454	1	
52	14448	1	
52	22262	1	
52	4329	1	
53	22024	1	
53	16777	1	
53	17163	1	
53	4364	1	
53	12717	1	
53	22032	1	
53	22421	1	
53	13979	1	
53	9887	2	
53	20256	1	
53	548	1	
53	22571	1	
53	15033	1	
53	11438	1	
53	4019	1	
53	13880	1	
53	21305	1	
53	2747	1	
53	18108	1	
53	19133	1	
53	12734	2	
53	7584	1	
53	13516	1	
53	20429	1	
53	9425	1	
53	16468	2	
53	9047	2	
53	6873	1	
53	8797	1	
53	9831	1	
53	20076	1	
53	9069	1	
53	8686	1	
53	1140	1	
53	17016	1	
53	13435	1	
54	17280	1	
54	14592	1	
54	13316	3	
54	12288	2	
54	9729	2	
54	1032	1	
54	22032	1	
54	5920	1	
54	15266	1	
54	6565	1	
54	7463	1	
54	22442	2	
54	8747	1	
54	7085	1	
54	3765	1	
54	185	1	
54	19519	1	
54	12993	1	
54	8260	1	
54	11335	1	
54	12360	1	
54	12746	1	
54	20427	1	
54	20429	1	
54	14033	2	
54	11476	1	
54	15704	1	
54	8425	1	
54	12381	1	
54	10206	1	
54	2273	1	
54	9831	1	
54	8553	1	
54	2407	1	
54	3315	1	
54	8566	1	
54	13559	1	
54	10165	1	
54	18042	2	
54	1147	1	
54	17661	1	
55	21613	1	
55	9038	1	
55	12625	1	
55	21334	1	
55	13978	1	
55	15292	1	
55	8989	1	
55	22463	1	
