1	20096	1	
1	14081	1	
1	9606	1	
1	18056	1	
1	22281	1	
1	9227	1	
1	4364	1	
1	13453	1	
1	17806	1	
1	8079	1	
1	4881	1	
1	12050	1	
1	4884	1	
1	5529	1	
1	21295	1	
1	7457	1	
1	22181	1	
1	11992	1	
1	2218	2	
1	13358	1	
1	3375	1	
1	1074	1	
1	19124	1	
1	15030	1	
1	12734	1	
1	22464	1	
1	13252	2	
1	14497	2	
1	20428	1	
1	15563	1	
1	20172	1	
1	13650	1	
1	14677	1	
1	15448	1	
1	18905	1	
1	15451	1	
1	17633	1	
1	12390	1	
1	16998	2	
1	3943	1	
1	20463	2	
1	1141	1	
1	7542	1	
1	1399	1	
1	1147	1	
2	12288	1	
2	5248	1	
2	4868	1	
2	18056	4	
2	8079	1	
2	2834	2	
2	19396	1	
2	22426	1	
2	21295	2	
2	3105	1	
2	17819	1	
2	1220	2	
2	22442	1	
2	7083	1	
2	14509	1	
2	12207	1	
2	7088	2	
2	5425	1	
2	19124	2	
2	3629	1	
2	7613	1	
2	15295	1	
2	8641	1	
2	11714	1	
2	17091	1	
2	7236	1	
2	13558	1	
2	8993	2	
2	1994	1	
2	5323	1	
2	11471	3	
2	8272	1	
2	1491	1	
2	7124	1	
2	14677	1	
2	5207	1	
2	22232	1	
2	6489	1	
2	20854	1	
2	9198	2	
2	20463	1	
2	9584	1	
2	11987	1	
2	3060	1	
2	21238	1	
2	1399	2	
2	2552	1	
2	17148	1	
2	19326	1	
3	14340	1	
3	7	1	
3	22032	2	
3	12825	1	
3	22557	1	
3	13854	1	
3	3629	3	
3	3633	1	
3	22071	2	
3	13881	1	
3	18494	1	
3	181	1	
3	11335	1	
3	588	1	
3	21586	1	
3	13398	1	
3	9820	1	
3	15971	1	
3	18540	1	
3	21613	1	
3	13937	1	
3	1140	3	
3	1147	3	
3	5246	1	
3	5248	1	
3	11394	1	
3	11289	1	
3	6811	1	
3	3233	1	
3	15523	1	
3	8869	1	
3	22385	1	
3	14509	1	
3	19637	1	
3	3258	1	
3	13514	1	
3	9947	1	
3	10463	1	
3	18152	1	
3	20203	1	
3	13549	1	
3	18162	1	
3	3315	1	
3	6904	1	
3	8449	1	
3	14595	1	
3	4868	1	
3	12930	1	
3	2839	1	
3	2841	2	
3	1818	1	
3	1823	1	
3	5920	1	
3	5929	1	
3	8490	3	
3	19766	1	
3	2873	1	
3	17723	1	
3	13117	1	
3	21311	1	
3	14145	1	
3	20292	1	
3	18759	1	
3	3639	1	
3	846	1	
3	11604	3	
3	11613	1	
3	20795	1	
3	1904	1	
3	7537	1	
3	3954	1	
3	1399	2	
3	6529	1	
3	13187	1	
3	8077	1	
3	13210	1	
3	5022	1	
3	18853	1	
3	22442	2	
3	4011	1	
3	19886	1	
3	7088	1	
3	13236	1	
3	15292	1	
3	15295	1	
3	8641	2	
3	11207	1	
3	3528	1	
3	12746	1	
3	20429	1	
3	9167	3	
3	11732	1	
3	3037	1	
3	8679	2	
3	18420	1	
4	16001	2	
4	11523	1	
4	4868	1	
4	1671	1	
4	11272	1	
4	19977	1	
4	12299	1	
4	12173	1	
4	10221	1	
4	14595	1	
4	3861	1	
4	7832	1	
4	2308	1	
4	11546	2	
4	20463	1	
4	17868	1	
4	17185	1	
4	8867	1	
4	11373	1	
4	808	1	
4	3881	1	
4	22442	1	
4	11271	1	
4	3721	1	
4	13129	1	
4	15279	1	
4	3528	1	
4	7476	1	
4	7477	1	
4	16054	1	
4	12471	1	
4	953	2	
4	13244	1	
4	20029	1	
4	12352	1	
4	3578	1	
4	12354	1	
4	1163	1	
4	16836	1	
4	2629	2	
4	14839	1	
4	12360	1	
4	20169	1	
4	9034	2	
4	20171	1	
4	20172	2	
4	12878	1	
4	10360	1	
4	14035	1	
4	11604	1	
4	14677	1	
4	3966	1	
4	13313	2	
4	8502	1	
4	21733	1	
4	16103	1	
4	1819	1	
4	3639	1	
4	6338	1	
4	21630	1	
4	5998	1	
4	10479	1	
4	22385	1	
4	13298	1	
4	1141	1	
4	16758	1	
4	6903	1	
4	8696	2	
4	4986	1	
4	1147	3	
4	15102	1	
5	16001	2	
5	12034	1	
5	11651	1	
5	4868	1	
5	11272	2	
5	16812	1	
5	3082	1	
5	19723	1	
5	10636	1	
5	11789	1	
5	11790	1	
5	6799	1	
5	2449	1	
5	9234	1	
5	4867	3	
5	4650	1	
5	5806	1	
5	1048	1	
5	21659	1	
5	2221	1	
5	16672	1	
5	15280	1	
5	5929	1	
5	22442	2	
5	1580	1	
5	1837	1	
5	13358	1	
5	13487	1	
5	14293	1	
5	19122	1	
5	5909	1	
5	12471	3	
5	2873	1	
5	11322	2	
5	7483	1	
5	13244	1	
5	21898	1	
5	9791	1	
5	20292	1	
5	2885	1	
5	839	5	
5	20169	1	
5	12151	1	
5	20172	1	
5	14798	1	
5	9167	1	
5	17872	1	
5	14035	1	
5	9678	1	
5	13398	1	
5	953	2	
5	11992	1	
5	20570	1	
5	11791	1	
5	18140	2	
5	15052	1	
5	7180	1	
5	12390	1	
5	8296	1	
5	16489	1	
5	20075	1	
5	11374	1	
5	22385	1	
5	19954	1	
5	19923	1	
5	14070	1	
5	2025	1	
5	10360	1	
5	18042	1	
5	14973	1	
5	14677	1	
6	5120	1	
6	16001	1	
6	15817	1	
6	4868	1	
6	19717	1	
6	19718	1	
6	8449	2	
6	13960	1	
6	3082	1	
6	5527	1	
6	10253	1	
6	11790	1	
6	8749	1	
6	14744	1	
6	16787	1	
6	17172	1	
6	917	2	
6	18326	1	
6	919	1	
6	11672	1	
6	13316	1	
6	20463	1	
6	8988	1	
6	4254	1	
6	6149	1	
6	16672	2	
6	3074	1	
6	18851	1	
6	13397	1	
6	13477	1	
6	19740	1	
6	3629	1	
6	4014	1	
6	7471	3	
6	5554	2	
6	1459	1	
6	7476	1	
6	18998	1	
6	21321	1	
6	7992	1	
6	21305	4	
6	8378	1	
6	19133	4	
6	588	2	
6	11711	1	
6	9922	1	
6	18287	1	
6	12354	1	
6	12357	1	
6	839	2	
6	20300	1	
6	20171	3	
6	20172	2	
6	19405	1	
6	9678	1	
6	467	1	
6	12153	1	
6	14677	3	
6	953	1	
6	9380	2	
6	22423	1	
6	20571	2	
6	348	1	
6	3758	1	
6	5991	1	
6	14798	1	
6	13295	2	
6	10097	2	
6	19954	4	
6	1140	1	
6	1141	1	
6	1399	4	
6	10360	1	
6	11412	1	
6	1917	2	
6	13950	1	
6	17023	1	
7	13313	1	
7	13314	1	
7	14595	1	
7	1415	1	
7	6022	1	
7	11271	1	
7	22024	1	
7	1004	2	
7	20169	1	
7	17163	1	
7	18946	1	
7	11790	1	
7	7055	2	
7	22032	1	
7	9234	1	
7	4867	1	
7	16001	1	
7	3375	1	
7	18080	1	
7	16223	1	
7	4006	1	
7	7089	2	
7	6824	1	
7	1705	1	
7	22442	1	
7	1671	1	
7	16812	1	
7	13357	2	
7	7471	2	
7	15280	1	
7	4872	1	
7	8641	3	
7	1076	1	
7	9013	1	
7	12471	3	
7	953	1	
7	7483	1	
7	20029	1	
7	5568	1	
7	13505	1	
7	8642	1	
7	19723	1	
7	21957	1	
7	21613	1	
7	8647	1	
7	20172	2	
7	20171	1	
7	2508	1	
7	1488	1	
7	20818	1	
7	9047	1	
7	18904	1	
7	19290	1	
7	12891	2	
7	20574	1	
7	7903	2	
7	17424	1	
7	9698	1	
7	2275	1	
7	16103	1	
7	20329	1	
7	5415	1	
7	8684	3	
7	9069	2	
7	20463	1	
7	6000	1	
7	6770	1	
7	9491	3	
7	1140	2	
7	1399	3	
7	8568	1	
7	18042	1	
7	1147	2	
8	1664	1	
8	13313	1	
8	4867	1	
8	3332	1	
8	18181	1	
8	17798	1	
8	9729	1	
8	22024	3	
8	267	1	
8	11405	1	
8	6798	1	
8	7055	2	
8	20498	1	
8	1811	1	
8	19093	2	
8	11287	1	
8	6297	1	
8	11546	1	
8	9246	1	
8	22442	1	
8	15266	1	
8	11555	1	
8	9152	1	
8	10021	1	
8	7976	1	
8	7081	1	
8	12842	1	
8	21696	1	
8	7471	2	
8	18056	1	
8	6069	1	
8	14262	1	
8	12471	1	
8	21901	1	
8	6713	1	
8	11963	1	
8	13300	1	
8	9918	1	
8	6592	2	
8	11969	2	
8	14530	2	
8	5319	1	
8	14920	1	
8	330	1	
8	9831	1	
8	20172	1	
8	846	1	
8	8527	1	
8	1489	1	
8	7637	1	
8	12089	1	
8	16103	1	
8	8028	1	
8	13434	1	
8	21344	1	
8	8375	2	
8	21733	1	
8	22119	3	
8	12779	1	
8	8684	1	
8	11373	1	
8	21613	1	
8	9072	1	
8	7537	1	
8	1140	1	
8	15477	1	
8	1399	1	
8	17273	1	
8	3578	1	
8	16682	1	
8	17662	1	
8	9599	1	
9	3075	1	
9	9227	1	
9	22032	5	
9	11281	1	
9	22557	1	
9	17671	1	
9	8770	1	
9	13388	2	
9	18002	1	
9	13398	1	
9	19553	1	
9	11874	1	
9	18540	1	
9	15981	1	
9	13937	2	
9	21618	1	
9	10867	1	
9	1141	1	
9	14969	2	
9	22138	1	
9	1147	2	
9	5246	1	
9	7104	1	
9	13445	1	
9	1671	1	
9	18056	1	
9	13963	1	
9	4238	1	
9	21613	1	
9	9873	1	
9	2196	1	
9	6809	1	
9	6300	1	
9	11941	1	
9	10920	1	
9	19121	1	
9	5306	1	
9	19133	1	
9	10357	1	
9	13505	1	
9	20168	1	
9	20169	1	
9	20170	2	
9	1399	1	
9	20172	2	
9	11992	2	
9	5337	1	
9	5340	1	
9	20774	1	
9	16679	1	
9	16639	1	
9	1280	1	
9	19718	1	
9	17159	1	
9	7952	1	
9	9432	1	
9	16662	1	
9	7451	1	
9	17181	1	
9	22303	1	
9	16672	1	
9	17188	1	
9	9509	1	
9	5414	1	
9	7463	1	
9	4904	1	
9	7471	8	
9	9013	1	
9	21305	1	
9	19852	1	
9	12625	1	
9	21332	1	
9	3927	1	
9	11614	1	
9	17248	1	
9	5986	1	
9	5993	1	
9	8556	1	
9	6546	1	
9	20851	1	
9	3958	1	
9	12663	1	
9	897	2	
9	12162	1	
9	20871	1	
9	21896	1	
9	10636	1	
9	12354	1	
9	20882	1	
9	917	1	
9	12190	1	
9	931	1	
9	19377	2	
9	11195	1	
9	6592	1	
9	11210	1	
9	8158	1	
9	7655	1	
9	10834	1	
9	15855	1	
9	11760	1	
9	20469	1	
9	4603	1	
9	8188	1	
10	10112	1	
10	12673	2	
10	17003	1	
10	13316	1	
10	11909	2	
10	6790	1	
10	6529	1	
10	19336	1	
10	9687	1	
10	22119	2	
10	12625	1	
10	17176	1	
10	3943	1	
10	19348	1	
10	4868	1	
10	14542	1	
10	17412	1	
10	1818	1	
10	14236	1	
10	9246	1	
10	17183	1	
10	801	1	
10	5414	1	
10	5800	1	
10	6791	1	
10	22188	1	
10	9074	1	
10	17672	1	
10	19124	1	
10	9782	2	
10	6345	1	
10	1076	1	
10	20794	1	
10	1823	1	
10	13884	1	
10	5437	1	
10	6773	1	
10	4161	1	
10	11787	2	
10	20804	1	
10	21793	1	
10	14664	1	
10	15817	1	
10	20170	3	
10	20427	1	
10	13388	1	
10	13389	1	
10	12110	1	
10	3023	1	
10	6864	1	
10	4945	1	
10	12878	1	
10	19286	1	
10	4729	1	
10	857	1	
10	20297	1	
10	15199	1	
10	7392	1	
10	6000	1	
10	19938	1	
10	11969	1	
10	20453	1	
10	8679	1	
10	1256	2	
10	8043	1	
10	18030	3	
10	20463	2	
10	9072	1	
10	13682	1	
10	1141	2	
10	1399	2	
10	4728	1	
10	5625	1	
10	15994	1	
10	1147	1	
11	7427	1	
11	1669	3	
11	1671	1	
11	16139	1	
11	20297	1	
11	18541	1	
11	22416	1	
11	2834	1	
11	21699	1	
11	1044	1	
11	15534	1	
11	2029	1	
11	7451	1	
11	18460	1	
11	21406	1	
11	17184	1	
11	13532	1	
11	22442	1	
11	8236	1	
11	3629	2	
11	7854	1	
11	16850	1	
11	12081	2	
11	9911	1	
11	12089	1	
11	3643	1	
11	21322	1	
11	21579	1	
11	3528	1	
11	20169	2	
11	20298	1	
11	12471	2	
11	11600	2	
11	12625	1	
11	11858	1	
11	9043	1	
11	20692	1	
11	16220	1	
11	20957	1	
11	8158	1	
11	7903	1	
11	21195	1	
11	8033	1	
11	2915	1	
11	16814	1	
11	21094	1	
11	9041	1	
11	19050	1	
11	3943	1	
11	7660	1	
11	21613	1	
11	20463	1	
11	9072	1	
11	13937	1	
11	1140	2	
11	1399	2	
11	3065	1	
11	17146	1	
11	1147	1	
11	4604	1	
11	3626	1	
12	8193	1	
12	1669	3	
12	9606	1	
12	22024	1	
12	13452	1	
12	22418	1	
12	20371	1	
12	10644	1	
12	9237	1	
12	8988	2	
12	10398	1	
12	4640	1	
12	18851	1	
12	19718	1	
12	11947	1	
12	13360	1	
12	22581	1	
12	14537	2	
12	11156	1	
12	21824	1	
12	20292	1	
12	14664	1	
12	9033	1	
12	13516	1	
12	14030	1	
12	19408	1	
12	12625	2	
12	20564	1	
12	8022	1	
12	4601	1	
12	861	1	
12	5993	1	
12	491	1	
12	18030	1	
12	4723	1	
12	12151	1	
12	15864	1	
12	3321	1	
12	21883	1	
12	5501	1	
13	15296	1	
13	14466	1	
13	4868	1	
13	1669	1	
13	9606	1	
13	7	1	
13	18828	1	
13	8079	1	
13	21264	1	
13	22418	1	
13	19348	1	
13	20502	1	
13	19352	2	
13	11652	1	
13	1819	1	
13	7937	1	
13	19870	1	
13	18851	1	
13	21824	1	
13	1074	2	
13	7219	1	
13	15030	1	
13	20463	1	
13	20794	1	
13	15293	1	
13	15808	1	
13	20169	1	
13	20427	1	
13	20172	1	
13	20429	1	
13	6741	2	
13	4303	1	
13	17016	1	
13	4949	1	
13	6489	2	
13	9435	1	
13	8927	1	
13	19555	1	
13	9167	1	
13	20203	2	
13	21613	2	
13	3951	1	
13	916	1	
13	18162	1	
13	1140	1	
13	1141	2	
13	4364	1	
13	1399	1	
13	8184	1	
13	4601	1	
13	4602	1	
13	1147	1	
13	11414	1	
13	14677	1	
14	588	1	
14	12673	1	
14	13459	1	
14	15491	1	
14	8193	1	
14	20172	1	
14	17681	1	
14	22418	1	
14	6547	1	
14	19348	2	
14	10262	1	
14	6938	1	
14	13723	1	
14	8988	1	
14	931	2	
14	8357	1	
14	9777	1	
14	10920	1	
14	938	1	
14	3373	1	
14	7854	1	
14	19375	1	
14	1399	3	
14	3125	1	
14	20537	1	
14	6464	1	
14	20169	1	
14	11511	1	
14	13516	2	
14	20429	5	
14	19208	1	
14	13389	1	
14	1744	1	
14	595	1	
14	6741	1	
14	14993	1	
14	7644	1	
14	15709	1	
14	11600	1	
14	19938	2	
14	7104	1	
14	9701	1	
14	2025	1	
14	3943	5	
14	5993	1	
14	19050	1	
14	20463	1	
14	11760	1	
14	19571	1	
14	1140	1	
14	20470	1	
14	12535	1	
14	8312	1	
14	633	1	
14	15994	1	
14	14677	1	
15	5638	1	
15	11790	2	
15	22032	1	
15	18975	1	
15	548	1	
15	12089	1	
15	3633	1	
15	22581	1	
15	22582	1	
15	587	1	
15	13388	1	
15	5210	1	
15	13404	1	
15	8797	2	
15	5220	1	
15	9831	1	
15	21613	2	
15	9839	1	
15	13937	1	
15	1140	3	
15	19580	1	
15	6791	1	
15	7823	1	
15	14495	1	
15	22181	1	
15	11946	1	
15	683	1	
15	7854	1	
15	14518	1	
15	3258	1	
15	19133	1	
15	9918	1	
15	17599	1	
15	1220	1	
15	11974	1	
15	20169	2	
15	8906	1	
15	1399	4	
15	13516	2	
15	7888	1	
15	5841	1	
15	13022	1	
15	740	1	
15	9449	1	
15	8940	1	
15	7928	1	
15	17150	1	
15	4868	1	
15	6920	1	
15	16138	1	
15	4364	1	
15	4881	1	
15	8987	1	
15	5920	1	
15	7471	1	
15	13113	1	
15	20297	1	
15	21305	1	
15	5455	1	
15	11600	1	
15	14677	1	
15	12630	1	
15	855	3	
15	6489	1	
15	8026	2	
15	22418	1	
15	15214	1	
15	9074	1	
15	22387	1	
15	21878	1	
15	12151	1	
15	8568	1	
15	20882	2	
15	916	1	
15	12188	1	
15	19870	1	
15	20384	2	
15	20389	1	
15	22442	3	
15	20406	1	
15	8641	2	
15	19396	1	
15	9167	4	
15	19410	1	
15	16340	1	
15	18904	1	
15	5456	1	
15	19939	1	
15	9198	1	
15	20463	1	
15	18420	1	
16	3073	1	
16	13316	1	
16	1558	1	
16	17089	1	
16	3201	2	
16	15113	1	
16	17290	1	
16	13358	1	
16	17806	1	
16	7055	1	
16	16856	1	
16	12739	1	
16	916	1	
16	19310	1	
16	8214	1	
16	16793	1	
16	4868	1	
16	7066	1	
16	7451	1	
16	14492	1	
16	22557	1	
16	8479	1	
16	20384	1	
16	18030	1	
16	10631	1	
16	18341	1	
16	20000	1	
16	22442	1	
16	1067	1	
16	17580	1	
16	21933	1	
16	7854	1	
16	8989	1	
16	16850	3	
16	8641	1	
16	13111	1	
16	12089	2	
16	12093	2	
16	1141	1	
16	11969	1	
16	22466	1	
16	20547	1	
16	17188	1	
16	12742	1	
16	9033	1	
16	9418	2	
16	1399	1	
16	13113	1	
16	19408	1	
16	13650	1	
16	21987	1	
16	14677	1	
16	9046	1	
16	9047	1	
16	13528	1	
16	10073	1	
16	14081	1	
16	9900	1	
16	15845	1	
16	12390	1	
16	9831	1	
16	16360	1	
16	13161	1	
16	8940	1	
16	21613	1	
16	9198	1	
16	22572	1	
16	20818	1	
16	3315	1	
16	5246	1	
16	2025	1	
16	9080	1	
16	18812	1	
16	8490	1	
16	17150	1	
16	5920	1	
17	3339	1	
17	8079	1	
17	14096	1	
17	22339	1	
17	4884	1	
17	17433	1	
17	9121	1	
17	22571	1	
17	12716	1	
17	3629	1	
17	5047	1	
17	21305	1	
17	3258	1	
17	11963	1	
17	12093	1	
17	8641	1	
17	13507	1	
17	21828	1	
17	14538	1	
17	1099	1	
17	22093	1	
17	9038	2	
17	11471	2	
17	11600	1	
17	12625	2	
17	11604	1	
17	8026	1	
17	22032	1	
17	1766	1	
17	4326	1	
17	3943	1	
17	20203	1	
17	4304	1	
17	21613	2	
17	19133	1	
17	1140	1	
17	21878	1	
17	1399	2	
