1	9729	1	
1	5635	1	
1	8193	1	
1	6153	1	
1	9047	1	
1	22030	1	
1	9232	1	
1	11182	1	
1	13334	1	
1	17943	1	
1	5150	1	
1	16385	1	
1	6694	1	
1	22571	1	
1	3629	1	
1	6702	1	
1	12341	1	
1	11832	1	
1	16691	1	
1	9791	1	
1	1600	1	
1	1092	1	
1	7237	1	
1	19886	1	
1	15432	1	
1	13388	1	
1	15442	1	
1	13398	1	
1	7743	1	
1	22032	1	
1	3171	1	
1	4709	1	
1	7785	1	
1	21613	1	
1	11887	2	
1	14448	1	
1	3260	1	
1	17016	1	
1	17020	1	
1	15486	1	
1	13440	1	
1	7300	1	
1	22209	2	
1	22551	1	
1	5268	1	
1	1174	1	
1	20119	1	
1	2714	1	
1	9887	1	
1	3233	1	
1	14500	1	
1	4263	2	
1	14509	2	
1	18108	1	
1	19133	1	
1	9918	2	
1	11969	1	
1	14024	1	
1	9423	1	
1	16592	1	
1	10963	1	
1	18645	1	
1	12503	1	
1	10972	1	
1	7392	1	
1	20206	1	
1	19582	1	
1	9975	1	
1	15609	1	
1	17659	1	
1	14592	2	
1	21632	1	
1	4868	2	
1	7432	1	
1	20234	1	
1	10515	2	
1	15128	1	
1	7456	1	
1	7457	1	
1	11044	1	
1	1152	1	
1	21292	1	
1	18736	1	
1	17203	1	
1	19764	1	
1	21813	1	
1	17718	1	
1	1844	1	
1	6464	2	
1	3398	1	
1	9038	1	
1	15185	1	
1	21332	1	
1	14677	1	
1	18263	1	
1	22369	1	
1	15714	1	
1	11632	1	
1	13174	1	
1	9080	1	
1	14399	1	
1	8065	1	
1	7062	1	
1	16775	1	
1	19849	1	
1	17290	1	
1	8079	1	
1	3473	1	
1	9621	1	
1	406	1	
1	11672	1	
1	17983	1	
1	5019	1	
1	9637	1	
1	17318	1	
1	22442	1	
1	2990	1	
1	432	1	
1	11192	1	
1	5760	1	
1	11708	1	
1	15808	2	
1	15819	1	
1	9169	1	
1	15317	1	
1	16855	1	
1	17373	1	
1	3041	1	
1	12775	1	
1	8683	1	
1	21586	1	
1	15857	1	
1	3572	1	
1	14327	1	
1	14846	1	
2	12288	1	
2	22272	1	
2	19460	2	
2	13832	1	
2	22188	1	
2	9227	1	
2	4623	1	
2	22032	7	
2	6232	1	
2	4867	1	
2	15893	1	
2	19478	1	
2	17435	2	
2	1564	1	
2	13854	1	
2	15903	1	
2	16932	1	
2	11815	1	
2	14595	1	
2	1578	1	
2	555	1	
2	8236	1	
2	3629	1	
2	7216	3	
2	8753	1	
2	5682	1	
2	1076	1	
2	1886	1	
2	13367	1	
2	9873	2	
2	19770	2	
2	4668	2	
2	10303	1	
2	12354	1	
2	7237	1	
2	7752	2	
2	7241	1	
2	14545	1	
2	18364	1	
2	13388	1	
2	17997	1	
2	590	1	
2	592	2	
2	21586	5	
2	7765	1	
2	13398	2	
2	15432	1	
2	1626	2	
2	18191	1	
2	17424	2	
2	22119	1	
2	7785	1	
2	13418	8	
2	2407	1	
2	21613	1	
2	18030	1	
2	11887	1	
2	14448	1	
2	13937	1	
2	6770	1	
2	13428	2	
2	633	1	
2	14970	1	
2	2239	1	
2	18453	1	
2	13440	1	
2	12930	1	
2	3203	1	
2	5765	1	
2	646	1	
2	20103	1	
2	18568	1	
2	4235	1	
2	17070	1	
2	3217	2	
2	18068	1	
2	4247	2	
2	7303	1	
2	20124	1	
2	9041	1	
2	4263	3	
2	17066	1	
2	4267	1	
2	15532	2	
2	9901	1	
2	15534	1	
2	21168	1	
2	6979	1	
2	19131	1	
2	8892	1	
2	19133	5	
2	15550	1	
2	15551	4	
2	13507	2	
2	14023	1	
2	17608	2	
2	13514	1	
2	12663	1	
2	719	1	
2	721	1	
2	4306	1	
2	5332	1	
2	12501	1	
2	20695	1	
2	11992	2	
2	12495	1	
2	19676	1	
2	1757	1	
2	4831	2	
2	7392	1	
2	8421	1	
2	8422	1	
2	9169	2	
2	1257	1	
2	8445	1	
2	18686	1	
2	11008	2	
2	8449	2	
2	17154	3	
2	22571	1	
2	4868	5	
2	7432	2	
2	15626	1	
2	15629	1	
2	15119	1	
2	2322	1	
2	12055	1	
2	19736	1	
2	6938	1	
2	8988	1	
2	2846	1	
2	7455	1	
2	13601	1	
2	13611	1	
2	12076	1	
2	11569	2	
2	13110	1	
2	21305	5	
2	19258	2	
2	19771	1	
2	20284	2	
2	15754	3	
2	15681	1	
2	7836	1	
2	13963	1	
2	8013	1	
2	12625	1	
2	21330	1	
2	16213	1	
2	4438	1	
2	1369	1	
2	18267	1	
2	12602	1	
2	17246	1	
2	17637	1	
2	22369	1	
2	7313	2	
2	1852	1	
2	15723	1	
2	9069	1	
2	15215	1	
2	16242	1	
2	16243	1	
2	13389	1	
2	3064	1	
2	7401	1	
2	745	1	
2	8571	1	
2	21374	1	
2	901	1	
2	10630	1	
2	9816	1	
2	16778	1	
2	18071	1	
2	7052	1	
2	20882	2	
2	15763	1	
2	11760	1	
2	3991	6	
2	11672	1	
2	15771	1	
2	15774	2	
2	15775	1	
2	15776	1	
2	15777	4	
2	15266	5	
2	11792	1	
2	20389	1	
2	7592	2	
2	15273	3	
2	12716	1	
2	7088	1	
2	7089	3	
2	16308	1	
2	18420	1	
2	5051	1	
2	11708	2	
2	1470	1	
2	22464	7	
2	21953	1	
2	13766	1	
2	13255	2	
2	7112	1	
2	460	1	
2	9167	2	
2	2001	1	
2	12878	1	
2	4056	1	
2	12766	1	
2	16805	1	
2	13793	1	
2	19939	1	
2	10727	1	
2	12777	1	
2	5885	1	
2	13808	1	
2	15548	3	
2	8180	1	
2	5621	1	
2	15864	2	
2	2133	1	
3	12288	5	
3	16385	1	
3	1370	1	
3	4438	3	
3	14969	1	
3	22024	1	
3	13835	1	
3	3084	1	
3	22119	1	
3	11563	1	
3	9645	1	
3	9232	1	
3	4867	1	
3	3092	1	
3	19478	1	
3	19460	2	
3	17435	2	
3	11293	1	
3	15754	1	
3	2309	1	
3	7714	1	
3	7715	1	
3	1062	1	
3	22571	1	
3	8749	2	
3	16430	2	
3	15920	1	
3	8241	4	
3	1074	2	
3	8243	1	
3	1076	2	
3	8245	2	
3	1590	2	
3	1591	1	
3	8248	1	
3	4668	1	
3	12349	1	
3	21173	1	
3	22082	1	
3	20547	1	
3	1092	1	
3	1579	1	
3	12360	1	
3	18505	1	
3	11850	1	
3	11851	1	
3	17484	2	
3	2640	2	
3	21586	1	
3	4180	1	
3	85	1	
3	13398	1	
3	602	1	
3	1627	1	
3	605	1	
3	7263	1	
3	18528	2	
3	17424	2	
3	15971	2	
3	7782	1	
3	18023	1	
3	19048	1	
3	8636	5	
3	9831	1	
3	21613	1	
3	4206	1	
3	14448	2	
3	13937	2	
3	6770	1	
3	1651	1	
3	5748	1	
3	6773	1	
3	10199	1	
3	7287	1	
3	6687	1	
3	7801	1	
3	4218	1	
3	13951	1	
3	1153	1	
3	11394	1	
3	6787	1	
3	18052	1	
3	4795	1	
3	1670	1	
3	13961	1	
3	16663	2	
3	15500	1	
3	15213	1	
3	656	1	
3	13969	1	
3	2706	1	
3	659	1	
3	11414	1	
3	2841	6	
3	6296	1	
3	12446	1	
3	2207	2	
3	6927	1	
3	20592	1	
3	2211	1	
3	14500	1	
3	17062	1	
3	13425	2	
3	19624	1	
3	11434	1	
3	16049	1	
3	12147	1	
3	19595	1	
3	9909	2	
3	3257	2	
3	20155	1	
3	700	1	
3	19133	11	
3	2239	1	
3	21696	1	
3	19464	1	
3	15558	2	
3	20168	1	
3	12663	1	
3	13516	1	
3	20686	1	
3	10963	1	
3	3796	2	
3	18645	1	
3	20695	5	
3	11992	1	
3	17626	1	
3	3803	2	
3	12510	1	
3	4831	2	
3	15584	1	
3	18148	1	
3	19494	1	
3	7399	1	
3	12296	1	
3	5927	1	
3	748	1	
3	13040	1	
3	12018	2	
3	5876	1	
3	17790	1	
3	3469	1	
3	10452	1	
3	17231	1	
3	3418	1	
3	18174	1	
3	4053	3	
3	1280	1	
3	8449	3	
3	16643	1	
3	15621	2	
3	16646	1	
3	20234	1	
3	3339	2	
3	4364	2	
3	12930	3	
3	22573	1	
3	5618	1	
3	17171	1	
3	6283	1	
3	12053	2	
3	4886	1	
3	2839	4	
3	2840	1	
3	1305	2	
3	8989	1	
3	7455	1	
3	11040	1	
3	11043	1	
3	20260	1	
3	18214	1	
3	8753	2	
3	16775	2	
3	402	1	
3	5935	1	
3	18736	1	
3	11827	2	
3	19254	1	
3	21305	11	
3	19258	1	
3	17290	1	
3	15866	5	
3	4235	1	
3	16196	1	
3	16197	1	
3	3232	1	
3	17737	1	
3	17463	1	
3	8012	1	
3	8013	2	
3	12110	1	
3	909	1	
3	3408	1	
3	14677	1	
3	15190	1	
3	2873	2	
3	13658	2	
3	19803	1	
3	11101	1	
3	11104	1	
3	1378	1	
3	355	1	
3	22373	1	
3	20625	1	
3	15210	1	
3	6375	1	
3	21357	1	
3	14427	1	
3	2877	1	
3	9072	2	
3	13681	1	
3	21874	1	
3	12151	1	
3	18391	1	
3	20343	2	
3	12665	1	
3	14716	1	
3	1917	1	
3	1918	2	
3	7552	1	
3	18818	1	
3	16705	1	
3	8585	1	
3	16778	1	
3	17291	1	
3	9069	4	
3	7565	2	
3	8685	1	
3	20882	2	
3	20803	1	
3	11777	1	
3	3991	1	
3	3992	1	
3	18841	1	
3	7663	1	
3	4654	1	
3	7582	1	
3	8607	5	
3	4000	1	
3	15777	2	
3	8611	1	
3	3493	1	
3	4520	3	
3	4521	1	
3	6058	1	
3	16301	1	
3	16302	1	
3	15432	1	
3	4754	1	
3	7241	1	
3	1465	1	
3	21948	1	
3	3629	2	
3	449	1	
3	20235	1	
3	21454	1	
3	9167	4	
3	19408	1	
3	7634	1	
3	467	1	
3	8660	4	
3	469	1	
3	9687	1	
3	12760	1	
3	18876	2	
3	3919	1	
3	10205	1	
3	10206	1	
3	1141	3	
3	14306	1	
3	11771	1	
3	999	1	
3	7148	1	
3	10221	1	
3	16367	1	
3	20384	1	
3	4081	1	
3	4594	1	
3	14324	1	
3	5623	1	
3	11770	1	
3	6651	4	
3	6652	2	
3	15869	1	
4	8193	1	
4	15874	1	
4	19555	1	
4	17424	2	
4	19476	1	
4	3758	1	
4	22551	1	
4	22557	2	
4	4138	1	
4	8749	1	
4	7217	1	
4	1076	1	
4	1591	1	
4	13885	1	
4	4670	1	
4	3647	1	
4	15456	1	
4	12354	1	
4	3339	1	
4	16054	1	
4	11335	1	
4	15432	1	
4	20151	1	
4	15971	1	
4	15444	1	
4	13398	3	
4	1626	1	
4	6235	1	
4	19550	1	
4	18528	2	
4	4707	1	
4	13418	1	
4	3182	2	
4	10351	1	
4	13937	1	
4	6770	1	
4	13440	1	
4	12930	1	
4	12933	1	
4	20103	1	
4	11714	1	
4	11919	1	
4	19607	1	
4	6809	1	
4	13979	1	
4	673	1	
4	16662	1	
4	18595	1	
4	14500	2	
4	13478	2	
4	15534	1	
4	8989	1	
4	17072	1	
4	20147	1	
4	4277	1	
4	9398	1	
4	1719	1	
4	10939	1	
4	8892	1	
4	19133	2	
4	703	1	
4	14016	1	
4	4555	1	
4	718	1	
4	20695	4	
4	1760	1	
4	8421	1	
4	7399	1	
4	6897	1	
4	9458	1	
4	18174	1	
4	15317	1	
4	14592	1	
4	13952	1	
4	4867	1	
4	4868	2	
4	2309	1	
4	14088	1	
4	20235	2	
4	5390	1	
4	20239	1	
4	18197	1	
4	21782	2	
4	8153	1	
4	15128	1	
4	8988	2	
4	797	2	
4	13090	1	
4	5929	1	
4	16775	1	
4	5936	1	
4	17206	1	
4	21305	2	
4	12602	1	
4	3392	1	
4	16706	1	
4	17230	1	
4	4421	1	
4	17741	1	
4	7502	1	
4	8015	1	
4	3408	1	
4	12625	2	
4	21845	1	
4	15190	1	
4	14649	1	
4	18267	1	
4	15199	1	
4	11113	1	
4	9069	3	
4	366	1	
4	6511	1	
4	13682	2	
4	21881	1	
4	893	1	
4	7550	1	
4	6976	1	
4	16774	1	
4	65	1	
4	906	1	
4	15762	1	
4	16788	1	
4	14489	1	
4	3992	2	
4	18841	2	
4	7664	1	
4	15266	1	
4	4599	1	
4	7595	1	
4	16301	1	
4	20882	2	
4	15279	1	
4	5554	1	
4	18876	1	
4	16831	1	
4	18882	1	
4	16835	2	
4	7670	1	
4	12746	1	
4	11723	1	
4	17359	1	
4	10194	1	
4	13475	1	
4	8014	1	
4	9686	1	
4	6103	1	
4	15172	1	
4	5593	4	
4	18911	1	
4	6651	1	
4	20452	2	
4	11760	1	
4	14324	1	
4	16374	1	
4	15863	1	
4	16196	1	
4	11007	2	
4	7676	1	
5	8706	1	
5	9733	1	
5	13834	1	
5	15874	1	
5	17155	1	
5	12823	4	
5	8728	1	
5	12825	3	
5	17435	1	
5	6694	1	
5	20519	1	
5	8744	1	
5	8236	1	
5	3629	2	
5	8753	1	
5	4146	1	
5	7220	1	
5	12341	1	
5	11832	1	
5	14397	1	
5	11843	1	
5	3652	2	
5	15432	1	
5	17484	2	
5	12878	1	
5	10833	1	
5	21586	1	
5	13398	1	
5	599	1	
5	1113	1	
5	19550	1	
5	19553	2	
5	15971	1	
5	18022	1	
5	21612	1	
5	21613	1	
5	14448	1	
5	13937	1	
5	626	1	
5	12307	1	
5	6773	1	
5	1654	1	
5	13950	1	
5	5758	1	
5	14649	1	
5	6788	1	
5	4235	1	
5	11714	1	
5	3636	1	
5	17041	2	
5	4754	1	
5	3220	1	
5	17046	1	
5	281	1	
5	15002	1	
5	13478	1	
5	4263	2	
5	10408	1	
5	5319	1	
5	17225	1	
5	21107	1	
5	12471	1	
5	3258	1	
5	19133	4	
5	4287	1	
5	13508	1	
5	20167	2	
5	5321	1	
5	13516	2	
5	15567	1	
5	20690	1	
5	7892	1	
5	14037	1	
5	14038	1	
5	20695	2	
5	15582	1	
5	11771	1	
5	7396	1	
5	13425	1	
5	8611	1	
5	6893	1	
5	6383	1	
5	753	1	
5	12018	1	
5	6900	1	
5	20725	1	
5	18686	1	
5	8449	1	
5	8451	2	
5	4868	2	
5	20236	1	
5	17166	1	
5	2834	1	
5	12053	1	
5	16663	1	
5	5764	1	
5	18208	1	
5	7460	1	
5	5414	1	
5	19244	1	
5	1074	1	
5	5935	1	
5	5936	1	
5	1841	1	
5	1336	1	
5	21305	3	
5	5434	1	
5	6879	1	
5	8512	2	
5	17737	1	
5	331	1	
5	8012	1	
5	8013	2	
5	3408	1	
5	12625	1	
5	19939	1	
5	18773	1	
5	4438	1	
5	21847	1	
5	4442	1	
5	16223	1	
5	22369	1	
5	16226	1	
5	9873	1	
5	11628	1	
5	9069	4	
5	21871	1	
5	7537	1	
5	12151	1	
5	1917	1	
5	12670	1	
5	12673	1	
5	16260	1	
5	3974	1	
5	16775	2	
5	7660	1	
5	11152	1	
5	20882	1	
5	15939	1	
5	2761	1	
5	918	1	
5	7065	2	
5	4847	1	
5	4000	1	
5	13730	1	
5	13723	1	
5	12710	1	
5	15273	1	
5	16308	1	
5	7605	1	
5	7095	1	
5	8636	2	
5	11710	1	
5	16833	1	
5	7106	1	
5	13763	1	
5	502	1	
5	20939	1	
5	11724	1	
5	13778	2	
5	9171	1	
5	7634	1	
5	22418	1	
5	10723	1	
5	19943	1	
5	1532	1	
5	4074	1	
5	8683	1	
5	22508	1	
5	9201	1	
5	11765	1	
5	16374	1	
5	7672	2	
5	13819	1	
5	6652	1	
5	21617	1	
5	12799	1	
6	12288	1	
6	15874	1	
6	19464	1	
6	9231	1	
6	17429	1	
6	10500	1	
6	13850	1	
6	18460	1	
6	11298	4	
6	19494	2	
6	4647	1	
6	1579	1	
6	8236	1	
6	3629	3	
6	4146	1	
6	12852	1	
6	7224	1	
6	4665	1	
6	14033	1	
6	14687	1	
6	3652	2	
6	15943	1	
6	15432	1	
6	587	3	
6	17484	3	
6	21586	1	
6	20418	1	
6	5390	1	
6	5207	1	
6	13912	1	
6	89	1	
6	19550	1	
6	10338	1	
6	15971	1	
6	18022	1	
6	22119	3	
6	10857	1	
6	9831	2	
6	15177	1	
6	14448	1	
6	13937	1	
6	21618	1	
6	1140	4	
6	21110	1	
6	14969	1	
6	4219	1	
6	13950	1	
6	6271	1	
6	5760	2	
6	12930	1	
6	13445	1	
6	6791	1	
6	13961	1	
6	2839	1	
6	18882	1	
6	3636	1	
6	2704	1	
6	20625	4	
6	15809	1	
6	11461	2	
6	14488	1	
6	13985	1	
6	4122	1	
6	11422	4	
6	671	1	
6	19056	1	
6	8140	1	
6	13478	1	
6	17576	2	
6	17577	1	
6	10410	1	
6	22188	1	
6	15474	1	
6	3758	1	
6	3760	1	
6	19124	3	
6	16054	3	
6	20151	1	
6	13952	1	
6	19133	5	
6	2239	1	
6	22209	1	
6	2243	1	
6	2245	1	
6	10953	1	
6	9418	1	
6	6860	1	
6	718	1	
6	2767	1	
6	21710	1	
6	8568	1	
6	10963	1	
6	22228	1	
6	14037	1	
6	20695	1	
6	3803	1	
6	15580	2	
6	10973	1	
6	14046	1	
6	7392	1	
6	13537	3	
6	13435	1	
6	16934	1	
6	7399	1	
6	5352	1	
6	18155	1	
6	21228	1	
6	21230	1	
6	13040	1	
6	753	2	
6	22258	1	
6	17142	1	
6	3321	4	
6	18174	1	
6	10453	3	
6	15617	1	
6	15199	1	
6	22571	1	
6	4868	1	
6	1798	2	
6	11015	2	
6	7895	1	
6	4364	1	
6	17165	1	
6	19726	1	
6	13357	1	
6	2834	1	
6	18197	1	
6	6423	1	
6	1816	1	
6	3353	1	
6	1308	1	
6	11042	1	
6	19238	1	
6	1834	1	
6	18222	1	
6	21295	1	
6	1758	1	
6	21305	4	
6	20284	1	
6	3392	1	
6	13451	1	
6	5445	1	
6	17737	4	
6	15128	1	
6	12110	1	
6	10467	1	
6	4438	1	
6	13657	1	
6	21733	1	
6	2915	1	
6	17041	1	
6	15209	2	
6	6337	1	
6	9069	2	
6	15216	1	
6	13682	1	
6	12147	1	
6	5493	1	
6	12663	1	
6	16248	1	
6	21881	1	
6	12666	1	
6	1918	1	
6	18818	3	
6	4484	1	
6	16774	1	
6	15751	1	
6	22252	1	
6	15754	1	
6	493	1	
6	11664	1	
6	17048	1	
6	9621	1	
6	3992	2	
6	19353	1	
6	13723	1	
6	13212	1	
6	20384	3	
6	15266	1	
6	1957	1	
6	15275	1	
6	18862	2	
6	4015	1	
6	18865	1	
6	14772	1	
6	13238	1	
6	10679	1	
6	18876	1	
6	1716	1	
6	4032	3	
6	4033	1	
6	11714	1	
6	13763	1	
6	19396	1	
6	4038	2	
6	13255	1	
6	588	1	
6	1482	1	
6	13772	1	
6	20429	1	
6	9167	1	
6	14800	1	
6	7634	1	
6	7635	1	
6	4053	3	
6	10204	1	
6	10205	1	
6	14306	2	
6	19939	1	
6	9195	1	
6	4589	1	
6	3055	1	
6	5800	1	
6	16882	1	
6	20649	1	
6	1530	1	
6	6652	1	
7	12288	2	
7	5632	1	
7	17185	1	
7	6291	1	
7	4438	1	
7	7686	1	
7	9223	1	
7	13834	1	
7	3074	1	
7	13838	1	
7	22032	1	
7	4867	1	
7	19478	1	
7	10775	1	
7	8216	1	
7	17435	1	
7	2588	1	
7	2589	1	
7	15903	1	
7	5552	1	
7	12891	1	
7	2596	1	
7	19494	1	
7	16049	1	
7	1576	2	
7	1067	1	
7	15404	1	
7	3629	3	
7	15818	1	
7	4146	1	
7	1076	1	
7	9269	2	
7	10806	1	
7	6711	1	
7	11832	1	
7	1716	1	
7	16223	1	
7	19516	1	
7	1599	3	
7	1600	1	
7	12354	1	
7	15943	3	
7	15432	1	
7	3661	1	
7	1614	1	
7	3151	2	
7	10323	1	
7	9300	1	
7	5207	1	
7	5208	2	
7	10340	1	
7	16474	1	
7	6235	1	
7	3164	1	
7	20573	1	
7	15971	3	
7	14436	1	
7	22119	3	
7	14953	1	
7	15266	1	
7	13159	1	
7	14495	1	
7	21102	1	
7	15983	1	
7	20592	1	
7	13937	2	
7	1140	1	
7	1141	2	
7	17172	1	
7	10360	1	
7	14969	2	
7	6778	1	
7	20095	1	
7	16695	1	
7	12930	2	
7	15491	1	
7	18569	1	
7	10890	1	
7	15499	1	
7	15500	1	
7	1986	1	
7	20625	3	
7	18067	1	
7	5780	1	
7	20118	1	
7	5783	1	
7	14489	1	
7	19098	1	
7	16539	1	
7	14492	1	
7	11422	1	
7	9887	1	
7	14497	2	
7	8867	1	
7	14500	2	
7	9670	1	
7	15473	1	
7	17576	1	
7	17067	1	
7	22188	2	
7	6075	1	
7	12975	1	
7	12977	2	
7	22196	1	
7	13493	1	
7	12471	1	
7	5748	1	
7	17594	1	
7	6687	1	
7	19133	3	
7	7870	2	
7	14016	2	
7	22209	1	
7	2325	1	
7	11461	2	
7	16417	1	
7	7880	1	
7	20681	1	
7	9418	1	
7	11979	1	
7	13516	1	
7	11471	1	
7	20689	2	
7	14037	3	
7	9432	1	
7	5668	1	
7	22234	1	
7	13019	1	
7	21727	1	
7	8421	3	
7	7400	2	
7	14448	1	
7	19181	1	
7	19182	1	
7	19183	2	
7	17141	1	
7	17142	1	
7	3321	1	
7	3217	1	
7	22581	1	
7	18686	1	
7	17154	1	
7	13059	1	
7	15624	1	
7	20524	1	
7	2314	2	
7	3339	1	
7	4364	1	
7	11021	1	
7	11024	2	
7	17681	1	
7	4884	1	
7	18197	1	
7	14026	1	
7	2327	1	
7	15128	1	
7	8989	1	
7	6942	1	
7	15749	1	
7	4385	1	
7	18210	1	
7	10531	1	
7	14117	1	
7	21406	1	
7	5415	1	
7	15064	2	
7	20665	1	
7	8705	1	
7	7477	1	
7	1161	1	
7	12089	2	
7	16952	1	
7	4831	2	
7	1340	1	
7	15754	5	
7	19775	1	
7	15170	1	
7	13053	1	
7	17737	1	
7	20811	1	
7	21305	2	
7	3408	1	
7	12625	1	
7	21330	1	
7	19939	1	
7	11604	1	
7	14677	1	
7	854	1	
7	8761	1	
7	3417	2	
7	13821	1	
7	18746	1	
7	13663	1	
7	22368	1	
7	3643	1	
7	14139	1	
7	11108	1	
7	2552	1	
7	22374	1	
7	3943	1	
7	15066	1	
7	1852	1	
7	14699	1	
7	9069	3	
7	6511	1	
7	6000	1	
7	18289	1	
7	19124	1	
7	5680	1	
7	21878	2	
7	10473	1	
7	10105	1	
7	7035	1	
7	8572	1	
7	15850	1	
7	1918	2	
7	9600	1	
7	14723	1	
7	1412	1	
7	14725	1	
7	7559	1	
7	17290	1	
7	17804	1	
7	5186	1	
7	21905	1	
7	16787	1	
7	18324	1	
7	18837	1	
7	5022	1	
7	20384	1	
7	13730	1	
7	5028	1	
7	1446	1	
7	425	1	
7	22442	1	
7	4011	1	
7	12852	3	
7	7600	2	
7	7603	1	
7	15774	1	
7	3060	1	
7	2491	1	
7	18364	1	
7	3517	1	
7	22464	3	
7	6593	1	
7	11714	2	
7	22467	1	
7	19396	1	
7	5573	1	
7	4038	2	
7	14792	1	
7	12746	1	
7	15820	1	
7	20429	1	
7	11726	1	
7	12478	1	
7	8656	1	
7	2001	1	
7	13778	1	
7	4053	2	
7	14807	1	
7	3647	1	
7	22571	1	
7	10721	1	
7	20962	1	
7	5627	1	
7	22502	1	
7	4433	1	
7	2025	1	
7	4074	1	
7	9195	4	
7	22508	1	
7	13295	1	
7	15856	1	
7	1704	1	
7	17395	1	
7	10740	1	
7	4087	1	
7	14798	1	
7	1530	3	
7	2555	1	
7	15869	1	
8	12288	1	
8	9729	1	
8	8195	1	
8	10244	1	
8	4101	1	
8	16902	1	
8	15879	1	
8	1544	1	
8	13834	1	
8	22027	1	
8	6923	1	
8	9474	1	
8	11790	1	
8	22032	2	
8	19475	1	
8	8214	1	
8	3417	1	
8	8216	1	
8	19460	1	
8	5658	1	
8	9755	1	
8	2589	1	
8	15903	2	
8	4128	2	
8	7714	1	
8	5934	1	
8	3621	1	
8	22055	1	
8	5160	6	
8	15913	1	
8	4138	1	
8	10283	1	
8	20524	4	
8	3629	3	
8	10798	1	
8	19208	1	
8	13874	2	
8	1076	1	
8	1590	1	
8	16952	1	
8	13881	1	
8	11471	1	
8	12349	1	
8	18494	1	
8	2623	1	
8	14688	1	
8	12354	2	
8	15939	1	
8	4658	1	
8	7237	1	
8	16966	1	
8	13880	1	
8	17790	1	
8	3340	1	
8	4435	1	
8	8779	1	
8	588	2	
8	13389	1	
8	10833	1	
8	21586	3	
8	10851	1	
8	9300	2	
8	10837	1	
8	5208	1	
8	20684	1	
8	6235	1	
8	11870	2	
8	1089	1	
8	15971	1	
8	3173	1	
8	10727	1	
8	9832	1	
8	15465	1	
8	13418	1	
8	7788	1	
8	10862	1	
8	11887	1	
8	14448	3	
8	6770	1	
8	10515	1	
8	13428	1	
8	1141	1	
8	6776	1	
8	14969	2	
8	22355	1	
8	14783	1	
8	6269	2	
8	10881	1	
8	12930	1	
8	10883	1	
8	18052	1	
8	5765	1	
8	11969	3	
8	18056	1	
8	1163	1	
8	12429	1	
8	7823	1	
8	8728	1	
8	20114	1	
8	7829	2	
8	1174	1	
8	19607	1	
8	6809	1	
8	19098	1	
8	13979	2	
8	14495	1	
8	20592	1	
8	795	1	
8	14500	1	
8	17062	1	
8	881	1	
8	17576	1	
8	5801	1	
8	17067	3	
8	14810	1	
8	5806	2	
8	17072	1	
8	17075	1	
8	4276	4	
8	13493	1	
8	6260	1	
8	18975	1	
8	21692	1	
8	19133	2	
8	9918	1	
8	12917	1	
8	14016	1	
8	14017	2	
8	8898	1	
8	18234	1	
8	17607	1	
8	10444	1	
8	7370	1	
8	8514	1	
8	719	1	
8	12981	1	
8	4306	1	
8	10963	2	
8	5844	1	
8	15310	1	
8	4110	1	
8	15064	1	
8	15577	1	
8	15567	1	
8	8702	1	
8	19804	1	
8	13022	1	
8	4831	1	
8	1760	1	
8	18657	1	
8	10469	1	
8	1611	1	
8	15593	2	
8	18154	1	
8	20519	1	
8	5356	1	
8	12089	1	
8	19183	1	
8	15601	1	
8	18163	1	
8	12670	1	
8	11817	1	
8	2770	1	
8	3321	1	
8	10491	1	
8	17660	1	
8	3626	1	
8	7400	1	
8	8449	2	
8	17154	1	
8	17156	1	
8	2309	1	
8	13078	1	
8	21256	1	
8	16651	1	
8	11020	1	
8	10285	1	
8	7952	1	
8	17681	1	
8	20242	1	
8	20243	1	
8	4884	1	
8	18222	1	
8	16662	1	
8	2840	1	
8	7451	1	
8	8988	2	
8	8989	2	
8	3449	1	
8	20256	1	
8	17185	1	
8	3641	1	
8	4657	1	
8	15656	1	
8	12076	1	
8	16946	1	
8	20270	1	
8	5768	1	
8	16179	1	
8	20878	1	
8	7992	1	
8	21305	1	
8	5434	1	
8	15165	1	
8	831	1	
8	833	1	
8	16194	1	
8	13451	1	
8	5445	1	
8	13537	1	
8	2377	1	
8	331	1	
8	12865	1	
8	17976	1	
8	19939	2	
8	11604	1	
8	14677	3	
8	21902	1	
8	569	1	
8	6489	2	
8	1370	1	
8	1372	1	
8	3421	2	
8	8421	1	
8	22368	1	
8	22369	1	
8	2915	1	
8	1257	1	
8	3047	1	
8	9069	2	
8	13885	1	
8	15216	1	
8	13681	2	
8	13682	2	
8	13873	1	
8	21878	1	
8	12663	2	
8	5415	1	
8	3961	6	
8	3450	1	
8	8571	1	
8	17788	3	
8	1918	1	
8	7040	1	
8	12673	1	
8	15943	1	
8	12163	1	
8	10631	1	
8	7660	1	
8	15754	3	
8	10636	1	
8	15938	1	
8	17806	1	
8	18832	1	
8	7575	1	
8	408	1	
8	4037	1	
8	12188	2	
8	16968	1	
8	20384	2	
8	15266	1	
8	16539	1	
8	5543	1	
8	9129	1	
8	10806	2	
8	16301	1	
8	8568	1	
8	12852	1	
8	18352	2	
8	15432	1	
8	5554	3	
8	1976	2	
8	4538	1	
8	21696	1	
8	7101	1	
8	3519	1	
8	22464	9	
8	1140	1	
8	450	1	
8	13763	1	
8	8026	1	
8	4598	1	
8	4038	1	
8	13255	3	
8	12746	1	
8	4555	1	
8	13772	1	
8	14286	1	
8	14800	1	
8	9169	1	
8	10006	2	
8	15831	1	
8	3647	1	
8	17882	1	
8	4062	1	
8	12768	1	
8	19938	1	
8	10723	1	
8	16400	1	
8	1361	1	
8	9195	2	
8	18924	1	
8	15855	1	
8	11662	1	
8	10225	1	
8	5618	1	
8	13811	1	
8	10740	1	
8	11765	1	
8	2625	1	
8	15273	1	
8	2552	1	
8	1530	1	
8	16893	1	
8	13822	1	
8	3413	1	
9	12288	1	
9	8705	3	
9	13316	1	
9	16902	1	
9	7687	1	
9	13832	1	
9	12716	1	
9	7690	1	
9	17932	1	
9	13838	1	
9	5814	1	
9	22551	1	
9	10264	1	
9	19460	1	
9	4818	1	
9	15903	1	
9	2594	1	
9	3621	1	
9	1578	3	
9	10283	1	
9	1580	1	
9	21841	1	
9	16431	1	
9	2096	1	
9	1074	1	
9	17066	1	
9	12343	1	
9	1887	1	
9	10300	3	
9	13887	1	
9	7237	1	
9	7777	1	
9	16968	1	
9	4364	1	
9	8778	1	
9	13388	1	
9	8781	1	
9	12878	4	
9	592	1	
9	21586	1	
9	5207	1	
9	3674	1	
9	12897	1	
9	2661	1	
9	21607	1	
9	3176	1	
9	19900	1	
9	1810	1	
9	11887	1	
9	21104	1	
9	8817	1	
9	16166	1	
9	21950	1	
9	6262	1	
9	16504	1	
9	633	2	
9	19580	2	
9	21633	1	
9	14980	1	
9	19589	1	
9	15494	1	
9	14475	1	
9	13453	1	
9	3217	1	
9	8855	1	
9	13444	1	
9	22171	1	
9	9884	1	
9	8866	1	
9	6257	1	
9	10410	1	
9	18375	1	
9	15532	1	
9	5806	1	
9	10593	1	
9	16049	1	
9	5810	1	
9	694	1	
9	7865	1	
9	17183	1	
9	21692	2	
9	19133	1	
9	4799	1	
9	10432	1	
9	20168	1	
9	11979	1	
9	13516	1	
9	4306	1	
9	17823	1	
9	19675	1	
9	9442	1	
9	10467	1	
9	8421	4	
9	7400	1	
9	4329	1	
9	12013	1	
9	14574	1	
9	22258	1	
9	17660	1	
9	18686	1	
9	5888	1	
9	20227	1	
9	4868	1	
9	2310	1	
9	18185	2	
9	22282	1	
9	19212	1	
9	18191	2	
9	12562	1	
9	18197	1	
9	1305	1	
9	19740	1	
9	6943	2	
9	17184	1	
9	7216	1	
9	18210	1	
9	18212	1	
9	16677	1	
9	20774	2	
9	2344	1	
9	1841	1	
9	16691	2	
9	18229	1	
9	9526	1	
9	1848	1	
9	21305	1	
9	5434	1	
9	20284	1	
9	21312	1	
9	833	1	
9	4418	1	
9	22339	1	
9	22340	1	
9	6982	2	
9	10571	1	
9	17229	1	
9	653	1	
9	3408	2	
9	12625	1	
9	11604	1	
9	4438	1	
9	12089	1	
9	8027	1	
9	8028	1	
9	14686	1	
9	2399	1	
9	22369	1	
9	3984	1	
9	15717	1	
9	20028	1	
9	15210	1	
9	15723	1	
9	9069	1	
9	6511	1	
9	15216	1	
9	21364	1	
9	8425	1	
9	3960	1	
9	18809	1	
9	5498	1	
9	19588	1	
9	8579	1	
9	15237	1	
9	4486	1	
9	16775	1	
9	17801	1	
9	2442	1	
9	13712	1	
9	20882	2	
9	917	1	
9	17818	1	
9	15774	1	
9	13727	1	
9	20384	1	
9	15266	1	
9	13445	1	
9	6054	1	
9	7686	1	
9	4011	1	
9	9644	1	
9	20722	1	
9	15279	1	
9	13232	1	
9	15432	2	
9	16308	1	
9	10680	1	
9	11193	1	
9	17851	2	
9	11708	1	
9	8193	1	
9	11710	2	
9	22464	3	
9	11714	2	
9	13255	1	
9	12746	2	
9	15820	1	
9	7629	1	
9	14592	2	
9	8144	1	
9	18424	1	
9	7637	1	
9	4056	1	
9	10205	1	
9	14306	1	
9	8167	1	
9	15337	1	
9	10407	3	
9	16366	1	
9	15855	1	
9	4081	1	
9	13451	1	
9	16374	1	
9	14327	1	
9	15864	1	
9	6651	1	
9	6652	1	
9	11434	1	
9	7167	1	
10	7683	1	
10	10468	1	
10	16902	1	
10	13832	1	
10	15276	1	
10	13834	1	
10	22030	1	
10	16911	1	
10	4112	1	
10	11793	1	
10	10263	1	
10	10265	1	
10	17435	1	
10	22557	2	
10	15903	1	
10	4128	1	
10	1576	2	
10	1578	5	
10	21618	1	
10	12336	1	
10	12852	1	
10	1590	1	
10	12343	1	
10	7690	1	
10	13887	7	
10	22369	1	
10	15432	3	
10	11850	1	
10	1099	1	
10	13901	1	
10	18513	1	
10	595	2	
10	9816	1	
10	3674	1	
10	18191	1	
10	6687	1	
10	7777	1	
10	1467	1	
10	13412	1	
10	3175	1	
10	11708	2	
10	9831	1	
10	10861	1	
10	18030	1	
10	14448	1	
10	13937	1	
10	19058	2	
10	16848	1	
10	14456	1	
10	14974	1	
10	12053	2	
10	6080	1	
10	6786	1	
10	18051	1	
10	11703	1	
10	13961	1	
10	1163	1	
10	20109	1	
10	16014	1	
10	19599	1	
10	7313	1	
10	2194	2	
10	3220	1	
10	19607	1	
10	14488	1	
10	6809	1	
10	15514	1	
10	18077	1	
10	10407	2	
10	4776	2	
10	17066	1	
10	683	1	
10	22188	1	
10	14509	1	
10	3758	1	
10	10593	1	
10	17072	1	
10	14024	1	
10	5811	1	
10	12471	2	
10	16159	1	
10	8892	1	
10	6338	2	
10	17608	2	
10	6345	1	
10	6076	1	
10	9422	1	
10	719	1	
10	18128	1	
10	14033	4	
10	19238	1	
10	7380	1	
10	4310	1	
10	8569	1	
10	21723	1	
10	10975	1	
10	7392	1	
10	14032	1	
10	9442	1	
10	13540	1	
10	16166	1	
10	742	1	
10	16616	2	
10	12010	1	
10	22252	1	
10	18157	1	
10	14717	1	
10	12670	2	
10	22262	1	
10	20180	1	
10	14592	1	
10	4868	1	
10	2310	1	
10	897	1	
10	18185	7	
10	20234	3	
10	3339	2	
10	4364	2	
10	13582	2	
10	5391	2	
10	6275	1	
10	16661	2	
10	2841	1	
10	7451	1	
10	8989	1	
10	17183	1	
10	20256	1	
10	4385	2	
10	16677	2	
10	20774	2	
10	2348	1	
10	18222	1	
10	1844	1	
10	5086	1	
10	19769	1	
10	7483	1	
10	16704	1	
10	1857	1	
10	19595	1	
10	5449	1	
10	7498	1	
10	8013	1	
10	17037	1	
10	3408	1	
10	12625	3	
10	4438	2	
10	855	1	
10	3812	1	
10	8421	2	
10	3937	1	
10	15714	3	
10	4451	1	
10	5994	1	
10	17260	2	
10	22551	1	
10	6512	1	
10	3958	2	
10	20343	1	
10	10616	1	
10	18809	1	
10	18810	1	
10	3647	1	
10	14716	2	
10	1405	1	
10	9086	1	
10	12673	2	
10	10120	1	
10	3978	1	
10	11927	1	
10	3982	1	
10	9453	1	
10	20882	1	
10	1633	5	
10	22426	1	
10	13728	1	
10	15777	1	
10	15266	1	
10	19878	1	
10	18120	1	
10	15278	1	
10	5551	1	
10	17225	1	
10	17339	1	
10	19900	2	
10	15434	1	
10	22463	1	
10	22464	8	
10	20384	1	
10	7397	2	
10	22468	1	
10	13768	1	
10	12746	1	
10	13772	1	
10	17229	1	
10	8144	1	
10	9169	1	
10	9684	2	
10	6102	1	
10	15609	1	
10	6622	1	
10	18911	2	
10	13793	1	
10	11771	1	
10	4945	1	
10	12779	1	
10	7660	1	
10	10323	1	
10	3060	1	
10	12790	1	
10	5625	1	
10	6651	3	
10	6652	2	
10	15869	2	
11	2063	1	
11	1369	1	
11	10264	1	
11	13316	2	
11	12317	1	
11	12325	2	
11	8236	1	
11	8238	1	
11	16431	1	
11	16434	1	
11	22585	1	
11	10300	1	
11	8260	1	
11	20565	1	
11	93	4	
11	8892	4	
11	14448	3	
11	9918	1	
11	10360	1	
11	10365	1	
11	14473	1	
11	22551	11	
11	6291	1	
11	10397	1	
11	18592	2	
11	14497	1	
11	10407	4	
11	10408	1	
11	20649	3	
11	10410	2	
11	12471	1	
11	4280	1	
11	6338	1	
11	16588	1	
11	20686	1	
11	12495	2	
11	16592	1	
11	12497	2	
11	10451	1	
11	12503	1	
11	12505	1	
11	16608	1	
11	2275	1	
11	8421	2	
11	18686	1	
11	14592	1	
11	8449	1	
11	2310	1	
11	4364	3	
11	12575	1	
11	16774	2	
11	14645	1	
11	20794	1	
11	4417	1	
11	10573	1	
11	18766	4	
11	12625	3	
11	2387	1	
11	8532	1	
11	4438	2	
11	12345	1	
11	4451	1	
11	6512	1	
11	12663	1	
11	14721	1	
11	4484	1	
11	14725	1	
11	12678	1	
11	18828	1	
11	20882	1	
11	14743	1	
11	18841	1	
11	4507	1	
11	4509	1	
11	16798	1	
11	12746	1	
11	17485	1	
11	14807	1	
11	6622	3	
11	12770	1	
11	12773	1	
11	10727	1	
11	12779	1	
11	502	1	
11	4601	1	
11	6651	1	
11	12799	1	
11	12805	1	
11	20227	1	
11	12825	1	
11	6687	1	
11	6695	1	
11	16936	1	
11	4649	1	
11	20573	1	
11	18185	1	
11	12870	1	
11	585	6	
11	588	1	
11	12878	2	
11	10837	1	
11	602	1	
11	12891	1	
11	16998	1	
11	19900	2	
11	10872	1	
11	4756	1	
11	10920	1	
11	10932	1	
11	12981	1	
11	2745	1	
11	19132	1	
11	19133	5	
11	4799	1	
11	13772	1	
11	6860	1	
11	4818	2	
11	19156	1	
11	10974	1	
11	19180	1	
11	19182	1	
11	19184	1	
11	4868	1	
11	17162	1	
11	15119	1	
11	4881	1	
11	2841	1	
11	8988	1	
11	8989	1	
11	19238	2	
11	6951	1	
11	4909	1	
11	6964	1	
11	2873	1	
11	831	1	
11	6982	1	
11	17225	1	
11	21305	2	
11	4945	1	
11	9047	1	
11	19599	1	
11	11104	1	
11	873	2	
11	15210	1	
11	2416	1	
11	15218	1	
11	18579	1	
11	15227	2	
11	15229	1	
11	9092	1	
11	7069	3	
11	17312	1	
11	15266	1	
11	9125	1	
11	17336	1	
11	11196	1	
11	14496	1	
11	13255	1	
11	9167	2	
11	7120	1	
11	15317	3	
11	3042	1	
11	3058	1	
11	10263	1	
11	5119	2	
11	21508	1	
11	9223	1	
11	1074	1	
11	7219	2	
11	1092	1	
11	15431	1	
11	15432	3	
11	13389	1	
11	21586	3	
11	17494	1	
11	5210	1	
11	21601	1	
11	13412	1	
11	21619	1	
11	13428	4	
11	13161	1	
11	13440	1	
11	13445	1	
11	9351	1	
11	15499	1	
11	1167	3	
11	1168	2	
11	1174	1	
11	7319	1	
11	5276	1	
11	15532	1	
11	15534	1	
11	11449	4	
11	11461	1	
11	15610	1	
11	15614	1	
11	19716	1	
11	5390	1	
11	21782	2	
11	1305	1	
11	15643	1	
11	7457	1	
11	17707	2	
11	15672	1	
11	19783	1	
11	5448	2	
11	3408	2	
11	3417	1	
11	13658	1	
11	5475	1	
11	1380	1	
11	7529	1	
11	7531	1	
11	19826	1	
11	11708	1	
11	1410	1	
11	15751	1	
11	15752	1	
11	15754	2	
11	5523	1	
11	15767	1	
11	11672	3	
11	13723	1	
11	15774	1	
11	13730	1	
11	11684	4	
11	1448	1	
11	1449	1	
11	19886	1	
11	5553	1	
11	15801	1	
11	7611	1	
11	1468	1	
11	11710	1	
11	11714	4	
11	7619	1	
11	15819	2	
11	7628	1	
11	19362	1	
11	9684	1	
11	7637	2	
11	7638	1	
11	17890	1	
11	15856	1	
11	5623	2	
11	15864	1	
11	11771	3	
11	5629	1	
11	15874	1	
11	7683	2	
11	17925	1	
11	7687	1	
11	22032	1	
11	13841	1	
11	17943	4	
11	17945	1	
11	13850	1	
11	13854	2	
11	15903	2	
11	17961	3	
11	22064	1	
11	17973	1	
11	1590	1	
11	13884	1	
11	15935	1	
11	13888	1	
11	20051	1	
11	18005	2	
11	3674	1	
11	7778	1	
11	7780	1	
11	7785	2	
11	19460	2	
11	18030	1	
11	5746	1	
11	5748	1	
11	22133	1	
11	5760	1	
11	6080	2	
11	13963	1	
11	7823	1	
11	20112	1	
11	18075	1	
11	22175	1	
11	16035	2	
11	22188	1	
11	9901	1	
11	5818	1	
11	7870	1	
11	11969	3	
11	1733	1	
11	7888	1	
11	3796	1	
11	22232	2	
11	12011	1	
11	22252	1	
11	22258	1	
11	16123	1	
11	18174	1	
11	18175	1	
11	14081	2	
11	16131	1	
11	1798	1	
11	20233	1	
11	7952	1	
11	18200	1	
11	16177	1	
11	18227	1	
11	1844	3	
11	1864	1	
11	8013	1	
11	5973	1	
11	12119	1	
11	12120	1	
11	1887	1	
11	16224	1	
11	16226	1	
11	20329	1	
11	5996	1	
11	14214	1	
11	16705	1	
11	3978	1	
11	3981	1	
11	8086	1	
11	3991	1	
11	3992	2	
11	12188	1	
11	20384	2	
11	6053	1	
11	20465	1	
11	22442	1	
11	16301	1	
11	18354	1	
11	18364	4	
11	22463	1	
11	22464	2	
11	8144	1	
11	4058	1	
11	10206	1	
11	14304	1	
11	14306	1	
11	11524	1	
11	16363	1	
11	16367	1	
11	4081	1	
11	18426	1	
12	12288	1	
12	4116	2	
12	17936	1	
12	22551	1	
12	12312	1	
12	10265	2	
12	4122	1	
12	28	1	
12	12317	1	
12	10280	1	
12	16432	1	
12	16778	1	
12	4161	3	
12	12360	1	
12	18524	1	
12	18528	2	
12	10939	1	
12	14448	1	
12	14449	1	
12	16502	1	
12	14469	2	
12	12426	1	
12	8342	1	
12	12446	1	
12	2416	2	
12	20642	1	
12	4263	1	
12	2225	1	
12	4278	1	
12	12471	2	
12	16581	1	
12	16588	1	
12	4310	1	
12	12505	1	
12	16605	1	
12	2271	1	
12	14565	1	
12	6375	1	
12	16625	1	
12	4364	8	
12	6416	1	
12	16661	1	
12	16663	1	
12	18736	1	
12	14649	1	
12	12602	3	
12	10975	2	
12	6461	3	
12	16702	1	
12	8512	1	
12	20805	1	
12	10573	1	
12	397	1	
12	12625	3	
12	14677	1	
12	4440	1	
12	2407	1	
12	8556	1	
12	6511	1	
12	6512	1	
12	3134	2	
12	16774	3	
12	2442	1	
12	10636	1	
12	20877	1	
12	20882	1	
12	4503	1	
12	18841	1	
12	4507	1	
12	4509	5	
12	18847	1	
12	418	1	
12	20914	1	
12	10679	1	
12	18872	1	
12	4554	1	
12	4555	1	
12	4557	1	
12	18911	1	
12	12779	1	
12	17490	2	
12	11760	1	
12	4601	1	
12	18942	1	
12	12799	2	
12	16901	1	
12	18952	1	
12	1111	1	
12	529	1	
12	16915	1	
12	6685	1	
12	18975	1	
12	8749	1	
12	16946	1	
12	12870	2	
12	21601	1	
12	585	3	
12	8778	1	
12	588	1	
12	8782	1	
12	592	2	
12	10862	1	
12	6770	3	
12	4723	1	
12	6773	1	
12	17016	1	
12	638	1	
12	2704	1	
12	6801	1	
12	10920	1	
12	17070	1	
12	19124	1	
12	2747	1	
12	8892	2	
12	19133	8	
12	705	1	
12	8898	1	
12	6853	2	
12	6856	1	
12	4818	1	
12	17107	1	
12	10972	2	
12	4831	1	
12	15102	1	
12	11007	1	
12	4868	1	
12	15119	3	
12	15128	1	
12	8989	3	
12	13088	1	
12	19241	1	
12	19244	2	
12	21295	2	
12	17203	1	
12	13113	1	
12	17211	1	
12	15170	1	
12	9033	1	
12	20279	1	
12	17229	2	
12	9043	1	
12	21305	3	
12	1167	2	
12	7010	1	
12	15210	1	
12	9069	5	
12	7040	1	
12	7044	1	
12	4997	1	
12	7660	1	
12	17290	1	
12	7055	1	
12	917	2	
12	918	1	
12	21409	1	
12	15266	1	
12	9125	5	
12	2990	2	
12	17331	1	
12	13129	2	
12	13244	1	
12	21438	1	
12	13255	1	
12	9167	2	
12	7138	1	
12	3049	1	
12	3058	1	
12	19460	4	
12	19464	1	
12	11436	1	
12	7178	1	
12	9047	1	
12	7180	1	
12	17424	1	
12	19478	1	
12	19479	1	
12	17436	1	
12	19493	1	
12	1074	1	
12	7219	2	
12	1076	1	
12	7223	1	
12	7225	1	
12	9275	1	
12	13834	1	
12	1086	1	
12	7236	1	
12	7237	1	
12	15432	4	
12	7241	1	
12	13389	1	
12	15439	1	
12	21586	5	
12	17494	1	
12	5207	1	
12	5210	1	
12	15457	1	
12	3175	2	
12	19571	1	
12	5246	1	
12	13440	2	
12	13445	1	
12	15494	1	
12	7303	1	
12	13452	1	
12	13453	1	
12	19599	3	
12	19607	1	
12	7320	1	
12	15521	1	
12	2110	1	
12	1189	1	
12	15532	1	
12	15534	1	
12	15539	1	
12	6687	1	
12	15548	3	
12	21696	1	
12	17608	1	
12	15567	1	
12	17621	1	
12	15574	1	
12	21727	1	
12	15584	1	
12	9442	1	
12	7400	1	
12	1266	1	
12	15609	1	
12	15610	1	
12	15618	1	
12	3332	1	
12	10454	2	
12	17671	1	
12	3339	2	
12	5391	1	
12	5394	1	
12	7451	1	
12	1308	1	
12	17706	1	
12	17719	1	
12	7483	1	
12	3398	1	
12	1351	1	
12	15688	1	
12	3408	4	
12	21841	2	
12	11603	1	
12	21845	1	
12	7546	2	
12	17788	1	
12	1408	1	
12	1409	2	
12	1410	1	
12	15751	1	
12	3468	1	
12	3469	1	
12	7570	1	
12	11672	2	
12	7578	1	
12	15774	5	
12	15777	1	
12	11684	2	
12	15781	1	
12	9644	1	
12	15791	1	
12	1466	1	
12	11708	1	
12	11709	1	
12	11710	1	
12	15808	1	
12	11714	5	
12	13763	1	
12	17861	2	
12	13768	1	
12	13772	2	
12	7629	1	
12	19938	1	
12	20168	2	
12	7664	1	
12	15869	1	
12	5635	1	
12	22024	1	
12	7690	1	
12	22032	1	
12	15890	1	
12	13844	1	
12	15903	5	
12	7717	1	
12	11817	1	
12	11827	1	
12	11835	1	
12	3647	1	
12	3652	1	
12	11850	1	
12	7095	1	
12	11870	2	
12	18016	3	
12	7785	1	
12	11887	3	
12	13937	3	
12	22133	1	
12	3702	1	
12	15994	1	
12	5760	1	
12	22464	2	
12	18051	1	
12	13963	1	
12	20112	1	
12	7826	1	
12	7827	1	
12	9839	1	
12	16030	1	
12	9887	1	
12	9892	1	
12	22188	2	
12	3758	1	
12	1717	1	
12	7870	2	
12	14020	1	
12	1733	1	
12	14024	1	
12	16075	1	
12	7888	1	
12	14037	1	
12	11995	2	
12	18042	1	
12	1763	1	
12	12008	1	
12	12010	1	
12	22252	1	
12	5869	1	
12	12018	1	
12	16121	1	
12	16124	2	
12	18182	1	
12	7952	1	
12	18197	4	
12	18205	1	
12	20260	1	
12	5929	1	
12	7982	1	
12	1844	1	
12	18231	1	
12	16193	1	
12	22340	2	
12	3919	1	
12	12112	1	
12	10066	1	
12	22358	2	
12	18267	1	
12	1886	1	
12	3935	1	
12	22369	1	
12	5993	1	
12	14189	1	
12	10096	1	
12	10097	1	
12	17225	1	
12	1918	1	
12	12165	1	
12	3974	2	
12	3975	1	
12	3979	1	
12	16273	2	
12	3991	1	
12	20384	3	
12	22437	7	
12	16308	1	
12	18420	1	
12	4032	1	
12	4038	1	
12	20429	1	
12	4049	1	
12	10206	3	
12	14306	1	
12	4433	1	
12	16367	1	
12	14324	1	
12	6138	1	
12	8187	1	
13	13825	1	
13	16901	1	
13	19464	1	
13	9047	1	
13	14350	1	
13	17424	1	
13	19473	1	
13	1042	1	
13	4115	1	
13	20502	1	
13	7513	1	
13	10264	1	
13	17435	4	
13	17436	1	
13	15903	2	
13	1063	1	
13	1576	1	
13	3627	1	
13	8712	1	
13	4019	2	
13	3636	1	
13	12341	1	
13	16442	1	
13	1375	1	
13	8764	1	
13	577	1	
13	12897	2	
13	15432	1	
13	22601	1	
13	15434	1	
13	21579	1	
13	16972	1	
13	13389	1	
13	592	1	
13	15441	2	
13	21586	5	
13	4692	1	
13	6741	1	
13	13398	2	
13	9816	1	
13	9817	1	
13	602	1	
13	5724	1	
13	12218	1	
13	18529	1	
13	12390	1	
13	1639	1	
13	10857	1	
13	17005	1	
13	21613	2	
13	18030	1	
13	3261	1	
13	10489	1	
13	6419	1	
13	1140	1	
13	11711	1	
13	15365	1	
13	18046	1	
13	3201	1	
13	21635	1	
13	14469	1	
13	7303	1	
13	5085	2	
13	1164	1	
13	16834	1	
13	19599	1	
13	17041	2	
13	22032	1	
13	21658	1	
13	9839	1	
13	12958	1	
13	18080	1	
13	17570	1	
13	10915	2	
13	679	1	
13	11946	2	
13	6791	1	
13	9398	1	
13	19133	3	
13	9918	1	
13	14016	1	
13	13508	1	
13	9928	1	
13	13514	1	
13	12663	1	
13	11471	1	
13	14032	1	
13	10963	1	
13	7380	1	
13	17108	1	
13	8569	1	
13	22234	1	
13	10972	1	
13	7903	1	
13	7376	1	
13	8421	1	
13	12007	1	
13	12009	1	
13	6695	1	
13	13778	1	
13	9455	1	
13	10994	1	
13	17140	1	
13	20265	1	
13	10452	1	
13	8443	1	
13	5885	1	
13	5888	1	
13	8449	1	
13	13570	1	
13	4868	1	
13	20234	1	
13	17163	1	
13	4364	1	
13	10510	1	
13	15119	1	
13	1765	1	
13	11858	1	
13	15128	2	
13	19737	1	
13	21295	1	
13	19740	1	
13	802	1	
13	17188	1	
13	7463	1	
13	7055	1	
13	6441	1	
13	13611	1	
13	1837	1	
13	18222	1	
13	7471	1	
13	18736	1	
13	11059	1	
13	2357	1	
13	21304	1	
13	21305	3	
13	15166	1	
13	9269	1	
13	21312	1	
13	20803	1	
13	7498	1	
13	9038	1	
13	12625	2	
13	14677	1	
13	4438	1	
13	18775	1	
13	21848	1	
13	8025	1	
13	17657	2	
13	6848	1	
13	3935	1	
13	7520	1	
13	15714	1	
13	8556	1	
13	9069	3	
13	9072	1	
13	14705	1	
13	17726	1	
13	20343	1	
13	11641	1	
13	1918	1	
13	6464	1	
13	4843	1	
13	14725	1	
13	5514	1	
13	10636	1	
13	8685	1	
13	11152	1	
13	3907	1	
13	3478	1	
13	11672	1	
13	4719	1	
13	7582	1	
13	20384	1	
13	3492	1	
13	11176	1	
13	15273	2	
13	4011	1	
13	16813	1	
13	16814	1	
13	5551	1	
13	11187	1	
13	11934	1	
13	10682	1	
13	13755	1	
13	8636	1	
13	22463	1	
13	7106	1	
13	14592	2	
13	9167	2	
13	9170	1	
13	5881	1	
13	18393	1	
13	2524	1	
13	10205	1	
13	20450	1	
13	22500	1	
13	4263	1	
13	10221	1	
13	11760	1	
13	1521	1	
13	3058	1	
13	7155	1	
13	3572	1	
13	11771	1	
13	18428	1	
