1	1600	1	
1	8579	1	
1	4868	1	
1	12805	1	
1	16137	1	
1	3082	1	
1	4364	1	
1	11790	1	
1	8079	1	
1	22032	1	
1	13516	1	
1	13846	1	
1	18393	1	
1	20292	1	
1	17659	1	
1	3951	1	
1	9884	1	
1	17626	1	
1	2207	1	
1	3489	1	
1	8866	1	
1	13992	1	
1	5801	1	
1	22442	2	
1	22571	1	
1	9260	1	
1	3629	1	
1	21295	1	
1	7856	1	
1	19124	1	
1	22581	1	
1	21814	1	
1	8377	1	
1	3643	1	
1	13514	1	
1	12734	1	
1	1141	1	
1	21824	1	
1	11714	1	
1	2883	1	
1	13252	1	
1	19397	1	
1	18374	1	
1	13255	1	
1	6345	1	
1	9290	1	
1	20171	2	
1	13388	2	
1	9167	1	
1	3792	1	
1	14675	1	
1	16340	1	
1	6741	1	
1	3158	1	
1	12089	1	
1	15448	1	
1	18905	1	
1	5210	1	
1	20571	1	
1	11488	1	
1	21392	1	
1	3299	1	
1	20172	2	
1	21606	1	
1	2278	1	
1	13161	1	
1	20203	1	
1	20463	1	
1	8268	1	
1	839	2	
1	17807	1	
1	8638	1	
1	8310	1	
1	1399	4	
1	6904	1	
1	13844	1	
1	19120	1	
1	16379	1	
1	17404	1	
1	19582	1	
1	14677	1	
2	7370	1	
2	12930	1	
2	4868	1	
2	12805	1	
2	1032	1	
2	7471	1	
2	18592	1	
2	11789	1	
2	22032	1	
2	4881	1	
2	4115	1	
2	14484	1	
2	797	1	
2	9367	1	
2	7451	1	
2	5529	1	
2	22426	1	
2	20463	1	
2	1564	1	
2	7453	1	
2	18975	1	
2	20384	1	
2	13218	1	
2	11939	1	
2	22181	2	
2	3366	1	
2	20209	1	
2	14677	1	
2	12870	1	
2	3375	1	
2	7089	1	
2	15666	1	
2	12852	1	
2	6345	1	
2	21305	2	
2	8636	1	
2	12093	1	
2	9791	1	
2	17729	1	
2	11714	1	
2	587	1	
2	3269	1	
2	838	1	
2	839	4	
2	18504	1	
2	20169	2	
2	12746	1	
2	20427	1	
2	13516	2	
2	13858	1	
2	12878	1	
2	4303	1	
2	17872	1	
2	3154	1	
2	9043	1	
2	16341	1	
2	4591	1	
2	22319	1	
2	13231	1	
2	13388	1	
2	6437	1	
2	8416	1	
2	3792	1	
2	20774	1	
2	10984	1	
2	8425	1	
2	11498	1	
2	9069	1	
2	19133	2	
2	14448	1	
2	22385	3	
2	11471	1	
2	2003	1	
2	1140	1	
2	5237	1	
2	3702	1	
2	1399	5	
2	592	1	
2	12799	1	
2	3060	1	
2	17150	1	
2	20727	1	
3	18817	1	
3	8579	1	
3	4868	1	
3	22024	1	
3	9227	1	
3	18828	1	
3	17293	1	
3	14283	1	
3	13677	1	
3	22416	1	
3	17688	1	
3	20882	1	
3	6675	1	
3	4117	1	
3	5272	1	
3	8217	1	
3	20463	1	
3	12190	2	
3	5920	2	
3	12833	2	
3	12635	1	
3	9152	1	
3	15013	2	
3	2727	1	
3	12202	1	
3	12203	1	
3	12076	1	
3	18883	1	
3	7471	1	
3	3592	1	
3	3762	1	
3	22581	1	
3	15030	1	
3	12471	1	
3	11832	1	
3	2873	1	
3	18106	1	
3	7996	1	
3	13885	1	
3	9973	1	
3	5184	1	
3	8641	1	
3	11714	1	
3	12739	1	
3	8134	1	
3	9033	1	
3	13514	2	
3	1399	1	
3	13516	1	
3	8398	2	
3	22607	1	
3	2003	1	
3	12089	1	
3	12495	1	
3	3258	1	
3	5301	1	
3	19938	1	
3	1765	1	
3	13159	1	
3	18280	3	
3	13161	1	
3	8878	1	
3	17260	1	
3	5246	2	
3	21613	1	
3	13937	1	
3	14325	1	
3	18294	1	
3	9577	1	
3	1147	1	
3	8490	1	
3	8062	1	
3	7957	1	
4	13316	2	
4	12295	1	
4	1032	1	
4	3082	2	
4	22032	1	
4	1044	1	
4	15903	1	
4	20000	1	
4	22057	1	
4	3626	1	
4	7	1	
4	17467	1	
4	5694	2	
4	1600	1	
4	13891	1	
4	7236	1	
4	2631	1	
4	12360	1	
4	13901	1	
4	22100	1	
4	13398	1	
4	5208	1	
4	20570	2	
4	20571	1	
4	8033	1	
4	12816	1	
4	12475	1	
4	5733	1	
4	21613	1	
4	10862	1	
4	5748	1	
4	1141	2	
4	22140	1	
4	13957	1	
4	8641	1	
4	18056	1	
4	14987	1	
4	15981	1	
4	18200	1	
4	14484	1	
4	2197	1	
4	15000	1	
4	20127	2	
4	5806	1	
4	5816	1	
4	1140	2	
4	3258	1	
4	7867	1	
4	11969	1	
4	20169	1	
4	12151	2	
4	20172	3	
4	3792	1	
4	22229	1	
4	11992	1	
4	9947	1	
4	4317	1	
4	4319	1	
4	2273	1	
4	19238	1	
4	20209	1	
4	18162	1	
4	14081	1	
4	22571	1	
4	19719	1	
4	5899	1	
4	7952	1	
4	9432	1	
4	9496	2	
4	11548	1	
4	14114	1	
4	16678	1	
4	7304	1	
4	20277	1	
4	20794	1	
4	20292	3	
4	19781	1	
4	839	3	
4	9033	1	
4	21834	1	
4	21841	1	
4	22369	1	
4	20329	2	
4	1399	2	
4	8568	2	
4	20354	1	
4	13710	1	
4	22418	1	
4	916	1	
4	12188	1	
4	7069	1	
4	11680	1	
4	15266	1	
4	3484	1	
4	22442	3	
4	7088	2	
4	19016	1	
4	22455	1	
4	11708	1	
4	7104	1	
4	20384	1	
4	12746	1	
4	17875	1	
4	11744	1	
4	9699	1	
4	6122	1	
4	17899	1	
4	13295	1	
4	11760	1	
4	10740	1	
4	18421	1	
4	4603	1	
5	13316	1	
5	11272	1	
5	18442	1	
5	9237	1	
5	9755	1	
5	1564	1	
5	14882	1	
5	11815	1	
5	3626	1	
5	22571	1	
5	8236	1	
5	11323	1	
5	3082	4	
5	2622	1	
5	13388	1	
5	12878	2	
5	591	1	
5	592	1	
5	20569	1	
5	20571	1	
5	5741	1	
5	11374	1	
5	15986	1	
5	1140	1	
5	1141	1	
5	10360	1	
5	15994	1	
5	22140	2	
5	21117	1	
5	18046	1	
5	15491	1	
5	13959	1	
5	9870	1	
5	14993	1	
5	9364	1	
5	6297	1	
5	13428	1	
5	11452	1	
5	19133	1	
5	20169	1	
5	14538	1	
5	20171	5	
5	20172	3	
5	15055	1	
5	19238	2	
5	3796	1	
5	14549	1	
5	11992	1	
5	11471	1	
5	6876	1	
5	19167	1	
5	3299	1	
5	16678	1	
5	7400	1	
5	8425	1	
5	2685	1	
5	3318	1	
5	6904	1	
5	4867	1	
5	4868	1	
5	2834	1	
5	17996	1	
5	20774	1	
5	13095	1	
5	21305	1	
5	839	2	
5	9033	1	
5	20300	1	
5	846	1	
5	18769	1	
5	9069	1	
5	18801	1	
5	1399	1	
5	18068	1	
5	6528	1	
5	21896	1	
5	9610	1	
5	13710	1	
5	20882	1	
5	2455	1	
5	22426	1	
5	7579	1	
5	3484	1	
5	22442	1	
5	2990	1	
5	18357	1	
5	11708	1	
5	9673	1	
5	14794	1	
5	13771	1	
5	9167	1	
5	9680	1	
5	7633	1	
5	2540	1	
5	16882	1	
5	4601	1	
6	14338	1	
6	4867	1	
6	7	1	
6	1032	1	
6	12558	2	
6	11791	1	
6	15491	1	
6	5806	2	
6	20300	1	
6	17996	1	
6	1569	1	
6	16678	2	
6	20391	1	
6	13020	1	
6	18162	1	
6	7854	1	
6	19122	1	
6	4916	1	
6	3629	1	
6	695	1	
6	18996	1	
6	20794	1	
6	9034	1	
6	16064	1	
6	16672	1	
6	12354	1	
6	20171	1	
6	19396	1	
6	20169	3	
6	20298	1	
6	14411	1	
6	588	1	
6	591	1	
6	6864	1	
6	13398	2	
6	15448	1	
6	13658	1	
6	11612	1	
6	18528	1	
6	11600	1	
6	13412	1	
6	13030	1	
6	9831	1	
6	8424	1	
6	22140	2	
6	8684	1	
6	9072	1	
6	15484	1	
6	3058	1	
6	9587	1	
6	1140	2	
6	1399	2	
6	13308	1	
6	12471	1	
7	11008	1	
7	15105	1	
7	5252	1	
7	19718	1	
7	10817	1	
7	904	1	
7	4492	1	
7	13710	1	
7	3629	1	
7	11992	1	
7	11538	1	
7	9876	1	
7	14592	1	
7	1302	1	
7	19133	2	
7	8857	2	
7	1818	1	
7	15855	1	
7	9244	1	
7	16672	4	
7	1569	1	
7	2594	1	
7	12558	1	
7	21157	1	
7	16678	1	
7	20519	1	
7	1576	1	
7	1833	1	
7	22442	2	
7	20298	1	
7	21618	1	
7	5806	1	
7	3528	1	
7	1074	1	
7	9907	1	
7	2487	1	
7	13497	1	
7	5306	1	
7	3643	1	
7	11821	1	
7	4831	2	
7	10815	1	
7	9152	1	
7	8641	1	
7	15508	1	
7	20171	1	
7	20292	1	
7	7749	1	
7	11207	1	
7	11208	1	
7	20169	2	
7	11210	1	
7	11211	1	
7	20172	1	
7	13218	1	
7	15054	1	
7	14677	1	
7	5207	1	
7	9678	1	
7	12580	1	
7	15194	1	
7	21305	1	
7	3245	1	
7	2015	1	
7	8289	1	
7	7483	1	
7	9831	1	
7	22140	3	
7	22464	1	
7	5863	1	
7	10483	1	
7	13295	1	
7	15984	1	
7	882	1	
7	18049	1	
7	1140	1	
7	1032	2	
7	12663	1	
7	18808	1	
7	3220	1	
7	4603	1	
7	17020	1	
7	8993	1	
7	9496	1	
8	14722	1	
8	3075	1	
8	13316	1	
8	13445	1	
8	1032	1	
8	20169	1	
8	5808	1	
8	12558	1	
8	5648	1	
8	8209	1	
8	22418	1	
8	7701	1	
8	22032	1	
8	5527	1	
8	1818	1	
8	18460	1	
8	5509	1	
8	20384	1	
8	7457	1	
8	8866	1	
8	7204	1	
8	16678	1	
8	22442	2	
8	22571	2	
8	22188	1	
8	12589	1	
8	5806	1	
8	3760	1	
8	3762	2	
8	19124	1	
8	18999	1	
8	21305	1	
8	5435	1	
8	12093	1	
8	22093	2	
8	12354	1	
8	15817	1	
8	20298	1	
8	20172	1	
8	6562	1	
8	20047	1	
8	3792	1	
8	12625	1	
8	14751	1	
8	13398	1	
8	5208	1	
8	5210	1	
8	13019	1	
8	21981	1	
8	13388	1	
8	11600	1	
8	2278	2	
8	5863	1	
8	21993	1	
8	21613	1	
8	18030	1	
8	19133	1	
8	5618	1	
8	19571	1	
8	1140	3	
8	6773	1	
8	1399	2	
8	22140	2	
8	19093	1	
9	13316	1	
9	7	1	
9	7688	1	
9	21847	1	
9	22032	1	
9	18962	1	
9	887	1	
9	18964	1	
9	21850	1	
9	13858	1	
9	15404	1	
9	3629	1	
9	15818	2	
9	9777	1	
9	1076	1	
9	12354	2	
9	588	1	
9	12878	1	
9	592	1	
9	16981	1	
9	12888	1	
9	20571	1	
9	8797	1	
9	21613	1	
9	18030	1	
9	1140	1	
9	13942	1	
9	10359	1	
9	15994	1	
9	22140	2	
9	5246	1	
9	13963	1	
9	13452	2	
9	13388	1	
9	15508	1	
9	5742	2	
9	7319	1	
9	10407	1	
9	10408	1	
9	15541	1	
9	6329	1	
9	5309	1	
9	16062	1	
9	22209	1	
9	13514	1	
9	11895	1	
9	4823	2	
9	13532	1	
9	20774	1	
9	14574	2	
9	18162	1	
9	1280	2	
9	16131	1	
9	4868	1	
9	17678	1	
9	17679	1	
9	21264	1	
9	1818	2	
9	7457	1	
9	5414	1	
9	5425	1	
9	7475	1	
9	5433	1	
9	6459	1	
9	1345	1	
9	395	1	
9	839	1	
9	20297	1	
9	21330	1	
9	2899	2	
9	12089	1	
9	2394	3	
9	21733	1	
9	13159	1	
9	15216	1	
9	22385	1	
9	1399	2	
9	888	1	
9	12153	1	
9	2443	1	
9	20882	1	
9	19348	1	
9	12191	1	
9	20384	1	
9	932	1	
9	22442	1	
9	7089	1	
9	11711	1	
9	8641	1	
9	18886	1	
9	15817	1	
9	12746	1	
9	9684	2	
9	8158	1	
9	15330	1	
9	15850	1	
9	10740	1	
10	19457	1	
10	6155	1	
10	8214	1	
10	10263	1	
10	8218	1	
10	1564	1	
10	15903	1	
10	6701	1	
10	9782	3	
10	20537	1	
10	7739	1	
10	12354	1	
10	19012	1	
10	1605	1	
10	20047	1	
10	20569	1	
10	20570	1	
10	8804	1	
10	2661	2	
10	18022	1	
10	22121	1	
10	2666	1	
10	18030	4	
10	21617	1	
10	1140	2	
10	8311	2	
10	13440	2	
10	16001	1	
10	10262	2	
10	14986	1	
10	5259	1	
10	7318	1	
10	19397	2	
10	14496	1	
10	14497	1	
10	7844	1	
10	22181	1	
10	21671	1	
10	10920	2	
10	8361	1	
10	13487	1	
10	20662	1	
10	12471	1	
10	19133	2	
10	16062	1	
10	17093	1	
10	1399	4	
10	11987	1	
10	14550	1	
10	11995	1	
10	5863	1	
10	20203	1	
10	12089	1	
10	5248	1	
10	11528	1	
10	15113	2	
10	17679	1	
10	1302	1	
10	6938	1	
10	17181	1	
10	12580	1	
10	3881	1	
10	1839	1	
10	1840	1	
10	21305	1	
10	10044	1	
10	12093	1	
10	11403	1	
10	9543	1	
10	17225	1	
10	2899	1	
10	14677	1	
10	3927	1	
10	2407	2	
10	19816	1	
10	6508	1	
10	9069	1	
10	12656	1	
10	4980	1	
10	18295	1	
10	12390	1	
10	8579	1	
10	9606	2	
10	19336	1	
10	8770	2	
10	17807	1	
10	21907	1	
10	19348	1	
10	2459	2	
10	931	1	
10	22437	1	
10	937	1	
10	943	1	
10	9648	1	
10	9652	1	
10	13237	1	
10	953	1	
10	3629	1	
10	7104	1	
10	4037	1	
10	974	2	
10	6609	1	
10	5625	1	
10	7644	1	
10	8158	1	
10	19365	1	
10	5628	1	
10	10407	1	
10	20463	1	
10	11603	1	
10	1526	1	
10	4601	1	
10	3579	1	
10	3580	1	
10	5629	1	
11	12288	1	
11	13316	1	
11	8198	1	
11	22024	2	
11	22032	2	
11	18962	1	
11	545	2	
11	2597	1	
11	19113	1	
11	22571	1	
11	8240	1	
11	9777	1	
11	9782	2	
11	11832	1	
11	5182	1	
11	8373	1	
11	8769	1	
11	588	1	
11	13389	2	
11	20048	1	
11	15971	1	
11	12884	1	
11	6741	1	
11	602	1	
11	7778	1	
11	3171	1	
11	6760	1	
11	18030	4	
11	13937	1	
11	1140	2	
11	1141	2	
11	3702	1	
11	11385	3	
11	1147	1	
11	11388	1	
11	15485	1	
11	1668	1	
11	14985	1	
11	14475	1	
11	13452	1	
11	17044	1	
11	12446	1	
11	11426	1	
11	8360	1	
11	21161	2	
11	20142	1	
11	15540	1	
11	15541	1	
11	20255	1	
11	18111	1	
11	1399	11	
11	1744	1	
11	17621	1	
11	2271	1	
11	4832	1	
11	13540	1	
11	3366	1	
11	19174	1	
11	16616	1	
11	21739	1	
11	8940	1	
11	14576	1	
11	2289	1	
11	3829	1	
11	17150	1	
11	11521	1	
11	2309	1	
11	19718	1	
11	4364	1	
11	4368	1	
11	18393	1	
11	18200	1	
11	7451	1	
11	20254	1	
11	22303	1	
11	17185	1	
11	4900	1	
11	5414	1	
11	2351	1	
11	17210	1	
11	12093	1	
11	9543	1	
11	4936	1	
11	5450	1	
11	17229	1	
11	11600	1	
11	2899	2	
11	14677	1	
11	9047	2	
11	5993	1	
11	15216	1	
11	12151	1	
11	9606	1	
11	15240	1	
11	2442	1	
11	22414	1	
11	3473	1	
11	22418	3	
11	22421	1	
11	22423	1	
11	17818	2	
11	14235	1	
11	12190	1	
11	22437	1	
11	12734	1	
11	6732	2	
11	17345	1	
11	5570	1	
11	15811	1	
11	3524	1	
11	15817	1	
11	13771	1	
11	20429	1	
11	9167	2	
11	18387	1	
11	17881	1	
11	11747	2	
11	15845	2	
11	9190	1	
11	8679	1	
11	8180	1	
11	18686	1	
11	19625	1	
11	18424	1	
11	18426	1	
11	16379	1	
11	9726	1	
12	15616	1	
12	832	1	
12	5635	1	
12	13316	3	
12	1669	1	
12	8449	1	
12	11528	1	
12	13452	1	
12	16017	1	
12	20882	1	
12	13516	2	
12	10263	1	
12	14492	1	
12	16798	1	
12	6687	1	
12	4941	1	
12	10407	1	
12	19113	1	
12	15403	1	
12	7471	1	
12	15664	1	
12	3889	1	
12	1076	1	
12	10654	1	
12	9527	1	
12	20025	3	
12	20047	1	
12	9887	1	
12	1468	1	
12	11850	1	
12	12350	1	
12	6592	1	
12	20547	3	
12	21573	1	
12	3526	1	
12	4423	1	
12	3528	1	
12	4364	2	
12	9034	1	
12	7095	3	
12	588	2	
12	18087	1	
12	590	1	
12	9167	1	
12	17872	1	
12	17016	1	
12	13907	1	
12	15709	1	
12	9047	2	
12	3684	1	
12	7645	1	
12	20571	1	
12	19549	1	
12	12510	1	
12	2911	1	
12	4943	1	
12	11748	1	
12	21605	1	
12	18108	1	
12	16490	1	
12	5867	1	
12	11294	1	
12	15714	1	
12	16238	1	
12	11887	1	
12	1140	2	
12	9777	1	
12	1399	5	
12	8184	1	
12	11385	4	
12	5629	2	
12	1918	1	
12	7039	1	
13	5634	1	
13	2435	1	
13	14743	1	
13	9606	1	
13	16625	1	
13	14985	2	
13	9355	1	
13	4364	1	
13	12354	1	
13	15119	1	
13	17424	1	
13	3473	1	
13	9241	1	
13	22551	1	
13	12056	1	
13	18841	1	
13	7471	1	
13	5276	1	
13	7069	1	
13	13316	2	
13	9247	1	
13	16546	1	
13	5155	1	
13	16804	3	
13	12325	1	
13	22186	1	
13	14492	1	
13	20010	7	
13	20142	1	
13	925	1	
13	19248	1	
13	9069	1	
13	18953	1	
13	13880	1	
13	16543	1	
13	20285	3	
13	5951	1	
13	16193	1	
13	11714	1	
13	1099	1	
13	3524	1	
13	7877	1	
13	1607	1	
13	13129	1	
13	9034	1	
13	12151	1	
13	17177	1	
13	4941	1	
13	11161	1	
13	16850	1	
13	11381	1	
13	14677	2	
13	9047	2	
13	17700	2	
13	7044	1	
13	8797	1	
13	10206	1	
13	4960	1	
13	18960	1	
13	16379	1	
13	7319	1	
13	22119	2	
13	14312	1	
13	6509	1	
13	16616	1	
13	22423	1	
13	1141	2	
13	1399	6	
13	11385	3	
13	11898	2	
13	1147	2	
13	16324	1	
13	5629	1	
13	18686	1	
13	6741	1	
14	11392	1	
14	22464	1	
14	15618	1	
14	12163	1	
14	4868	1	
14	1669	1	
14	2310	1	
14	7937	1	
14	12939	1	
14	1410	1	
14	15119	1	
14	22032	1	
14	4881	1	
14	22418	2	
14	19347	1	
14	916	1	
14	3694	1	
14	12313	1	
14	7960	1	
14	17177	1	
14	9237	1	
14	11294	2	
14	18975	1	
14	20384	1	
14	7856	1	
14	18083	1	
14	2854	1	
14	18986	1	
14	12587	1	
14	12805	1	
14	7088	1	
14	9777	1	
14	9651	1	
14	20407	1	
14	17091	1	
14	9913	1	
14	20794	1	
14	7483	1	
14	12734	1	
14	6464	1	
14	11714	1	
14	1163	1	
14	15557	1	
14	9929	1	
14	20170	1	
14	1399	6	
14	20429	1	
14	3408	1	
14	14291	1	
14	7380	1	
14	14677	2	
14	19285	1	
14	9047	1	
14	8026	1	
14	20188	1	
14	10206	1	
14	7903	1	
14	3425	1	
14	4067	1	
14	22500	1	
14	22121	1	
14	22122	1	
14	21739	2	
14	7278	1	
14	4723	1	
14	1140	1	
14	1141	2	
14	2166	1	
14	13161	2	
14	2004	1	
14	18042	1	
14	17150	1	
14	7039	1	
15	8214	1	
15	22557	1	
15	11815	1	
15	3629	1	
15	9777	1	
15	1074	1	
15	1076	1	
15	9782	1	
15	15113	1	
15	20026	1	
15	12350	1	
15	19013	1	
15	15543	1	
15	13388	1	
15	14426	1	
15	5207	1	
15	20570	1	
15	7776	1	
15	7778	1	
15	15971	1	
15	16488	1	
15	18030	1	
15	13937	1	
15	1140	2	
15	1141	2	
15	14969	1	
15	1149	1	
15	11392	1	
15	10262	1	
15	8641	4	
15	13452	3	
15	21647	1	
15	3217	1	
15	13459	2	
15	21614	3	
15	9886	1	
15	4776	5	
15	19113	1	
15	22188	1	
15	13490	1	
15	12471	1	
15	11973	1	
15	18119	1	
15	13516	2	
15	7380	1	
15	21739	1	
15	22262	1	
15	4868	1	
15	13064	1	
15	18185	1	
15	18194	1	
15	6935	1	
15	6937	1	
15	17179	1	
15	19740	1	
15	17188	1	
15	6438	1	
15	6791	1	
15	20781	1	
15	7471	1	
15	20303	1	
15	9047	2	
15	2394	1	
15	9061	1	
15	19814	1	
15	20329	1	
15	17260	1	
15	1399	1	
15	20203	1	
15	9606	2	
15	5000	1	
15	20882	1	
15	22423	1	
15	22426	1	
15	19951	1	
15	4006	1	
15	13736	1	
15	22442	1	
15	11180	1	
15	21953	2	
15	4037	2	
15	3528	2	
15	16340	1	
15	16341	1	
15	17881	1	
15	7644	1	
15	12765	1	
15	4067	1	
15	20463	1	
15	8360	1	
15	3058	1	
15	1526	1	
15	20649	1	
15	1528	1	
15	5625	1	
15	12202	1	
16	14592	2	
16	11392	1	
16	4868	1	
16	1669	1	
16	6790	1	
16	11272	1	
16	18185	1	
16	11787	1	
16	16911	1	
16	22032	1	
16	2834	1	
16	13459	1	
16	6679	1	
16	13316	1	
16	22554	1	
16	13979	3	
16	22557	1	
16	15262	1	
16	20384	2	
16	13218	1	
16	8869	1	
16	20519	1	
16	4776	1	
16	22442	3	
16	11564	1	
16	3629	1	
16	6702	1	
16	7471	1	
16	22024	1	
16	21299	1	
16	15113	1	
16	13113	2	
16	11595	1	
16	13883	1	
16	8636	1	
16	12081	1	
16	13118	1	
16	7999	1	
16	3392	1	
16	21953	1	
16	21699	1	
16	8260	1	
16	11719	1	
16	3528	1	
16	5323	1	
16	13516	1	
16	9167	1	
16	11600	1	
16	9169	1	
16	18002	1	
16	14677	1	
16	9047	1	
16	15704	1	
16	7483	1	
16	602	1	
16	12891	1	
16	13532	1	
16	13989	1	
16	7776	1	
16	14176	1	
16	4067	1	
16	5092	1	
16	6758	1	
16	1988	1	
16	6760	1	
16	12844	1	
16	6506	1	
16	5867	1	
16	1682	1	
16	14448	1	
16	18067	1	
16	1140	1	
16	21878	1	
16	1399	3	
16	18195	1	
16	761	1	
16	18745	1	
16	7039	1	
17	9729	1	
17	12162	2	
17	3331	1	
17	21699	1	
17	11271	1	
17	11272	2	
17	15754	1	
17	11787	1	
17	21004	1	
17	18946	1	
17	12013	1	
17	17424	1	
17	19345	1	
17	2755	1	
17	19093	1	
17	13592	1	
17	2416	1	
17	18587	1	
17	18460	1	
17	22442	3	
17	11808	1	
17	13473	1	
17	15266	1	
17	20900	1	
17	8229	1	
17	7592	1	
17	11946	1	
17	7303	1	
17	1580	1	
17	5554	1	
17	16814	1	
17	3293	1	
17	15666	1	
17	9169	1	
17	7476	1	
17	5431	1	
17	1681	1	
17	19124	1	
17	20794	1	
17	10939	1	
17	1340	1	
17	9918	1	
17	5951	1	
17	785	1	
17	17163	1	
17	4548	1	
17	20169	1	
17	839	1	
17	17608	1	
17	13769	1	
17	12746	1	
17	1099	1	
17	13388	2	
17	20302	1	
17	11471	2	
17	8636	1	
17	6867	1	
17	14677	1	
17	14294	1	
17	14595	1	
17	17103	1	
17	20445	2	
17	22032	1	
17	19938	1	
17	9187	1	
17	5092	1	
17	7911	1	
17	15548	1	
17	10221	1	
17	11760	1	
17	22385	2	
17	17395	1	
17	1140	3	
17	6517	1	
17	1399	2	
17	10360	1	
17	11898	2	
17	18813	1	
17	18046	1	
18	9729	1	
18	13316	1	
18	1032	1	
18	13912	1	
18	545	1	
18	3113	1	
18	18990	1	
18	5172	1	
18	20547	1	
18	17479	1	
18	10834	1	
18	20564	2	
18	7765	1	
18	5207	2	
18	9816	1	
18	9831	1	
18	22121	2	
18	18540	1	
18	21613	1	
18	13937	1	
18	1140	2	
18	1141	1	
18	3702	1	
18	17530	1	
18	13435	1	
18	1664	1	
18	22464	1	
18	13979	1	
18	13981	1	
18	11946	1	
18	7339	1	
18	7855	1	
18	16049	1	
18	12471	1	
18	5306	1	
18	7869	1	
18	9918	1	
18	11969	1	
18	11974	1	
18	20169	1	
18	13514	3	
18	7380	1	
18	16092	1	
18	12510	1	
18	10463	1	
18	17637	1	
18	8425	1	
18	21739	2	
18	18745	1	
18	14592	1	
18	14081	1	
18	4868	1	
18	7432	1	
18	5394	1	
18	7451	1	
18	7457	1	
18	16679	1	
18	5928	1	
18	5340	1	
18	3374	1	
18	7471	1	
18	12082	1	
18	21299	1	
18	16181	1	
18	12089	1	
18	7483	1	
18	13118	1	
18	3393	1	
18	4420	1	
18	3553	1	
18	846	1	
18	3408	1	
18	13650	1	
18	19286	1	
18	13113	1	
18	3943	1	
18	4969	1	
18	2416	1	
18	1399	3	
18	16260	1	
18	17290	1	
18	16273	1	
18	22426	1	
18	20384	1	
18	15266	1	
18	20389	1	
18	22442	1	
18	4019	1	
18	13236	1	
18	8636	3	
18	15808	1	
18	8641	1	
18	11714	1	
18	19397	1	
18	5576	1	
18	20429	3	
18	3536	1	
18	11732	1	
18	9038	1	
18	11600	1	
18	6121	1	
18	8684	1	
18	20816	1	
18	3060	1	
18	15868	1	
19	12288	1	
19	897	1	
19	11969	1	
19	6924	1	
19	8079	1	
19	19604	1	
19	19093	1	
19	5276	1	
19	15266	1	
19	1399	2	
19	20900	1	
19	5929	1	
19	813	1	
19	7471	1	
19	7088	1	
19	21832	1	
19	3258	1	
19	5951	1	
19	8641	4	
19	18114	1	
19	3553	1	
19	3528	1	
19	20427	1	
19	9038	1	
19	9167	1	
19	12625	1	
19	11604	1	
19	14677	1	
19	2522	1	
19	19167	1	
19	15456	1	
19	13025	1	
19	15971	1	
19	4326	1	
19	4969	1	
19	3562	1	
19	20203	1	
19	13295	1	
19	5246	1	
19	12151	1	
19	18424	1	
19	15508	1	
19	18042	1	
19	1147	1	
19	8574	1	
