1	1280	1	
1	13316	1	
1	11273	1	
1	13834	1	
1	11789	1	
1	16301	1	
1	22032	1	
1	2578	1	
1	14359	1	
1	19478	1	
1	22551	1	
1	4868	2	
1	14364	1	
1	11295	1	
1	21536	1	
1	22055	1	
1	8236	1	
1	3629	3	
1	19506	1	
1	4019	1	
1	1076	1	
1	4149	1	
1	18880	1	
1	7224	1	
1	12349	1	
1	13887	2	
1	12354	2	
1	12360	1	
1	13388	1	
1	12878	1	
1	21586	2	
1	10837	1	
1	5207	1	
1	12852	1	
1	5210	1	
1	18528	1	
1	21601	1	
1	3171	1	
1	9831	2	
1	8892	1	
1	21613	2	
1	10862	1	
1	11887	1	
1	13937	1	
1	17016	1	
1	4218	1	
1	5758	1	
1	22464	1	
1	11394	1	
1	15491	1	
1	18052	1	
1	9864	1	
1	12426	1	
1	15499	1	
1	7319	1	
1	9887	1	
1	10920	1	
1	1564	1	
1	9901	2	
1	3758	1	
1	3254	1	
1	10426	1	
1	6687	1	
1	18108	1	
1	19133	5	
1	10943	1	
1	14528	1	
1	13516	1	
1	8397	1	
1	9424	1	
1	7892	1	
1	18128	1	
1	17125	1	
1	1917	1	
1	15593	1	
1	6380	1	
1	4847	1	
1	22262	1	
1	3060	2	
1	14592	1	
1	14081	1	
1	8451	2	
1	4356	1	
1	2826	1	
1	3339	1	
1	4364	1	
1	19586	1	
1	18197	1	
1	18200	1	
1	284	1	
1	15651	1	
1	2343	1	
1	1833	1	
1	13611	1	
1	7982	1	
1	14645	1	
1	21305	5	
1	4746	1	
1	9543	1	
1	20299	1	
1	21324	1	
1	8013	1	
1	8015	1	
1	3408	1	
1	14677	1	
1	7481	1	
1	20312	1	
1	22369	1	
1	14060	1	
1	1895	1	
1	15209	1	
1	1899	1	
1	8556	1	
1	21874	1	
1	893	1	
1	11134	1	
1	8063	1	
1	12673	1	
1	12162	1	
1	13187	1	
1	11140	1	
1	16775	1	
1	4489	1	
1	8079	1	
1	918	1	
1	11672	1	
1	19183	1	
1	13213	1	
1	12190	1	
1	20384	4	
1	18222	1	
1	5543	1	
1	22442	1	
1	12716	1	
1	9645	1	
1	8623	1	
1	9139	1	
1	436	1	
1	9141	1	
1	15800	1	
1	17849	1	
1	14495	1	
1	3517	1	
1	10244	1	
1	15808	1	
1	11714	1	
1	17859	1	
1	15751	1	
1	7110	1	
1	12746	1	
1	5069	2	
1	5071	1	
1	13778	1	
1	14807	1	
1	9691	1	
1	2525	1	
1	6114	1	
1	2025	1	
1	15850	1	
1	15857	1	
1	16372	1	
1	5621	1	
1	7670	2	
1	11771	1	
1	5034	1	
2	512	1	
2	2049	1	
2	19180	1	
2	10758	1	
2	7	1	
2	8	1	
2	11273	1	
2	6156	1	
2	14	1	
2	9901	1	
2	2578	1	
2	11798	3	
2	20505	1	
2	2589	1	
2	7201	1	
2	2596	3	
2	3621	1	
2	15913	1	
2	15915	1	
2	12333	2	
2	3421	1	
2	11827	1	
2	9	1	
2	11832	1	
2	22585	1	
2	6715	1	
2	12878	1	
2	21586	1	
2	20717	1	
2	3158	1	
2	18645	1	
2	14431	1	
2	10859	1	
2	10862	1	
2	6770	1	
2	6772	1	
2	3703	1	
2	14969	2	
2	13435	1	
2	3197	2	
2	4223	1	
2	11904	1	
2	18051	1	
2	5765	1	
2	1163	1	
2	22210	1	
2	10901	1	
2	13849	1	
2	16030	1	
2	20649	1	
2	22188	1	
2	15021	1	
2	16561	1	
2	19124	1	
2	22198	1	
2	8375	1	
2	6331	1	
2	12481	1	
2	8898	1	
2	10952	1	
2	13516	1	
2	15567	1	
2	16592	1	
2	3796	2	
2	14037	1	
2	19204	1	
2	15579	1	
2	15580	3	
2	18141	2	
2	18142	1	
2	4831	1	
2	2278	1	
2	19178	1	
2	14060	1	
2	13549	1	
2	19183	2	
2	753	1	
2	12018	1	
2	19478	1	
2	17151	1	
2	14081	1	
2	4868	3	
2	2309	1	
2	11528	1	
2	11531	1	
2	20236	1	
2	11821	1	
2	19732	1	
2	4886	1	
2	18200	1	
2	1819	1	
2	4381	1	
2	4741	1	
2	9506	3	
2	20774	1	
2	7219	1	
2	10043	1	
2	15170	1	
2	7508	1	
2	3417	1	
2	7517	1	
2	21855	1	
2	22368	1	
2	22369	1	
2	1380	1	
2	4326	1	
2	1895	2	
2	15209	1	
2	20330	1	
2	4975	1	
2	17781	1	
2	12663	1	
2	17272	1	
2	1918	1	
2	18818	2	
2	13187	1	
2	21228	1	
2	8591	1	
2	10644	1	
2	10646	1	
2	11673	1	
2	6895	1	
2	13216	1	
2	7579	2	
2	9645	1	
2	4018	1	
2	16372	1	
2	13244	2	
2	5053	1	
2	18882	2	
2	7110	1	
2	13255	1	
2	5069	2	
2	18390	1	
2	14807	3	
2	11737	1	
2	10205	1	
2	19939	3	
2	10731	1	
2	8687	1	
2	20468	1	
2	7670	2	
2	5623	2	
2	2556	1	
2	13821	2	
3	12288	2	
3	13316	1	
3	13398	2	
3	7937	1	
3	19464	1	
3	11273	1	
3	9227	1	
3	11789	1	
3	22032	1	
3	4867	1	
3	13776	1	
3	2596	1	
3	22571	2	
3	12333	1	
3	6702	1	
3	13873	2	
3	11827	1	
3	13876	1	
3	12341	2	
3	7223	1	
3	22585	1	
3	22589	1	
3	12725	1	
3	13889	1	
3	15939	1	
3	1092	1	
3	8262	1	
3	12360	1	
3	4364	1	
3	8375	1	
3	8270	1	
3	14417	1	
3	21586	3	
3	16468	1	
3	3158	1	
3	8377	1	
3	602	2	
3	11024	1	
3	15971	1	
3	9832	1	
3	6249	1	
3	2407	1	
3	21613	1	
3	20592	1	
3	21107	1	
3	17014	1	
3	6269	1	
3	5248	2	
3	5764	1	
3	6790	1	
3	1163	1	
3	18882	3	
3	9873	1	
3	21305	3	
3	14495	2	
3	12089	1	
3	7110	1	
3	4262	1	
3	11434	1	
3	22188	1	
3	12471	1	
3	15545	2	
3	4795	1	
3	19133	4	
3	703	1	
3	13508	1	
3	10950	1	
3	18128	1	
3	1748	1	
3	4311	1	
3	18140	1	
3	7219	1	
3	9954	1	
3	19172	1	
3	20774	1	
3	20717	1	
3	21230	1	
3	7920	1	
3	18162	1	
3	8062	1	
3	2294	1	
3	248	1	
3	14081	1	
3	20739	1	
3	4868	3	
3	17164	1	
3	19214	1	
3	3629	1	
3	7952	2	
3	273	1	
3	15128	2	
3	11547	1	
3	5920	1	
3	8482	1	
3	10531	1	
3	17188	2	
3	19238	1	
3	13611	2	
3	18222	1	
3	18227	1	
3	7993	1	
3	10043	2	
3	10044	1	
3	8000	1	
3	834	1	
3	17225	1	
3	21324	1	
3	9442	1	
3	12625	3	
3	16185	1	
3	4441	1	
3	7514	1	
3	3419	1	
3	1375	1	
3	14176	1	
3	4451	1	
3	14418	1	
3	1895	1	
3	5994	1	
3	9069	4	
3	21870	1	
3	21874	1	
3	11123	2	
3	20343	1	
3	1917	1	
3	21374	1	
3	8063	1	
3	1408	1	
3	20288	1	
3	16773	1	
3	15751	1	
3	12177	1	
3	16787	1	
3	10644	1	
3	10646	1	
3	7579	3	
3	12190	1	
3	20384	1	
3	15600	1	
3	13723	1	
3	9637	1	
3	12202	1	
3	9645	1	
3	19886	1	
3	8628	1	
3	7582	1	
3	11703	1	
3	18876	3	
3	7101	2	
3	4030	1	
3	16834	1	
3	502	1	
3	4038	1	
3	18887	2	
3	12746	1	
3	15820	1	
3	8144	1	
3	10488	1	
3	13778	1	
3	2003	1	
3	17366	1	
3	14807	1	
3	11941	1	
3	4067	1	
3	7658	1	
3	7659	1	
3	8684	2	
3	493	1	
3	11760	2	
3	1523	1	
3	8180	1	
3	7670	1	
3	503	1	
3	11771	4	
3	6652	1	
3	11946	1	
4	15874	1	
4	13316	1	
4	8199	1	
4	19464	1	
4	11273	1	
4	11787	1	
4	10253	1	
4	12333	1	
4	22032	1	
4	15532	1	
4	6171	1	
4	11293	1	
4	15903	3	
4	2091	1	
4	3629	2	
4	8238	1	
4	7218	1	
4	7219	1	
4	13876	1	
4	57	1	
4	1085	1	
4	6651	1	
4	22082	1	
4	11850	1	
4	15948	1	
4	12878	2	
4	2640	1	
4	21586	2	
4	9300	1	
4	5717	1	
4	13398	1	
4	5391	1	
4	8797	1	
4	18528	1	
4	17424	1	
4	15971	1	
4	19900	1	
4	4716	1	
4	2271	1	
4	626	1	
4	21107	1	
4	15465	1	
4	15994	1	
4	3197	1	
4	18051	1	
4	13445	1	
4	13450	1	
4	14475	1	
4	1164	1	
4	1170	1	
4	1818	1	
4	14495	1	
4	15525	1	
4	683	1	
4	22188	2	
4	21678	1	
4	22557	1	
4	16564	1	
4	12471	1	
4	12986	1	
4	6687	1	
4	15036	1	
4	19133	6	
4	22209	2	
4	13508	1	
4	11461	1	
4	20429	1	
4	13799	1	
4	20168	2	
4	8397	2	
4	15567	1	
4	5841	1	
4	10453	1	
4	11992	1	
4	15581	1	
4	14046	1	
4	7903	1	
4	15584	1	
4	18148	1	
4	7397	1	
4	14055	1	
4	7400	1	
4	12089	1	
4	16624	1	
4	4990	1	
4	14583	2	
4	14073	1	
4	20218	1	
4	14592	2	
4	8449	2	
4	15403	1	
4	4868	3	
4	588	1	
4	17162	1	
4	3913	1	
4	4653	1	
4	7952	1	
4	22232	1	
4	10515	3	
4	18200	2	
4	14618	1	
4	20255	1	
4	8992	1	
4	10530	1	
4	11555	1	
4	13611	1	
4	13874	1	
4	18222	1	
4	7471	2	
4	5425	1	
4	9522	2	
4	10035	1	
4	17207	1	
4	21305	4	
4	10043	1	
4	15491	1	
4	13129	1	
4	420	1	
4	18766	1	
4	20303	1	
4	4432	1	
4	4433	1	
4	9047	1	
4	3813	1	
4	8532	1	
4	14677	2	
4	7481	1	
4	18267	3	
4	741	1	
4	22368	1	
4	7529	1	
4	15210	1	
4	20967	1	
4	364	1	
4	9069	5	
4	21870	2	
4	9072	1	
4	5352	1	
4	19124	1	
4	6516	1	
4	12663	3	
4	13693	1	
4	11134	2	
4	18837	1	
4	14798	2	
4	14725	1	
4	15754	1	
4	12177	1	
4	917	1	
4	10646	1	
4	15855	1	
4	5537	1	
4	18851	1	
4	11684	1	
4	20389	1	
4	13223	1	
4	15273	1	
4	16302	1	
4	10672	1	
4	9033	1	
4	500	1	
4	11708	1	
4	18882	1	
4	13388	1	
4	12746	1	
4	5069	3	
4	5070	1	
4	17359	1	
4	9684	1	
4	5081	1	
4	6108	1	
4	6375	1	
4	1482	1	
4	11771	4	
4	12625	1	
4	14759	1	
4	7660	1	
4	5103	1	
4	11760	1	
4	5618	1	
4	3060	1	
4	7670	1	
4	7672	1	
4	6484	1	
4	2555	1	
4	13821	1	
5	15874	1	
5	13316	1	
5	8449	3	
5	19464	1	
5	11787	2	
5	22551	1	
5	4868	1	
5	17947	1	
5	1568	1	
5	8749	1	
5	1544	1	
5	57	1	
5	3643	1	
5	19520	1	
5	22082	1	
5	12870	1	
5	18505	1	
5	588	2	
5	9293	1	
5	11348	1	
5	13398	1	
5	18008	1	
5	19551	1	
5	15971	1	
5	14437	2	
5	7785	1	
5	16493	1	
5	13937	1	
5	1140	1	
5	18042	2	
5	5246	1	
5	5248	1	
5	12930	1	
5	3203	1	
5	653	1	
5	18200	1	
5	14495	1	
5	8376	3	
5	19572	1	
5	8892	1	
5	19133	2	
5	7870	1	
5	703	1	
5	19137	1	
5	13508	2	
5	16592	1	
5	19156	2	
5	9434	1	
5	15591	1	
5	8940	1	
5	18686	1	
5	14081	1	
5	16132	1	
5	18185	1	
5	3339	1	
5	4364	1	
5	13078	1	
5	17688	1	
5	2841	1	
5	6950	1	
5	6441	1	
5	5935	1	
5	14640	1	
5	17206	1	
5	10040	1	
5	21305	1	
5	15675	1	
5	22345	1	
5	21324	1	
5	16719	1	
5	12625	2	
5	11603	1	
5	8532	1	
5	15190	1	
5	22369	1	
5	20322	1	
5	13627	1	
5	15210	1	
5	9069	2	
5	7537	1	
5	10611	1	
5	11662	1	
5	19349	1	
5	7579	1	
5	7582	1	
5	20384	1	
5	15266	1	
5	13723	1	
5	5033	1	
5	9887	1	
5	19900	1	
5	7103	1	
5	1984	1	
5	13763	1	
5	7122	3	
5	7124	1	
5	19413	1	
5	9691	1	
5	19938	1	
5	19939	1	
5	10733	1	
5	11760	2	
5	7673	1	
5	11771	1	
5	7165	1	
6	8193	1	
6	19460	3	
6	1030	1	
6	11273	1	
6	11787	1	
6	9232	1	
6	1048	2	
6	2578	2	
6	15532	2	
6	19478	2	
6	1560	1	
6	1561	1	
6	17435	2	
6	11293	1	
6	15903	2	
6	18267	1	
6	19493	1	
6	8749	1	
6	7215	1	
6	17969	1	
6	562	1	
6	14387	1	
6	12852	3	
6	12341	2	
6	12342	1	
6	1079	1	
6	20024	1	
6	1375	1	
6	12349	1	
6	5182	2	
6	4672	1	
6	13889	1	
6	12354	1	
6	9227	1	
6	19016	1	
6	7241	1	
6	13388	3	
6	13389	1	
6	591	2	
6	21586	3	
6	3171	1	
6	18005	3	
6	13398	1	
6	5721	1	
6	20239	1	
6	1629	1	
6	19553	1	
6	15971	1	
6	16997	1	
6	18022	1	
6	10857	2	
6	13418	2	
6	10859	1	
6	21613	1	
6	13422	1	
6	14448	1	
6	6770	1	
6	1651	1	
6	1141	2	
6	7785	1	
6	632	1	
6	14969	1	
6	18042	1	
6	17020	1	
6	3197	1	
6	21781	2	
6	12930	1	
6	15491	1	
6	13445	1	
6	18056	1	
6	15497	1	
6	4746	2	
6	13963	1	
6	652	1	
6	11714	1	
6	13677	2	
6	3217	1	
6	13970	1	
6	9876	1	
6	19093	1	
6	19606	1	
6	19140	1	
6	11931	1	
6	4795	1	
6	18080	1	
6	4263	1	
6	13992	1	
6	22188	1	
6	15534	1	
6	19124	6	
6	22198	1	
6	10938	1	
6	18975	1	
6	19133	5	
6	4831	1	
6	13507	1	
6	14020	2	
6	7223	1	
6	20429	1	
6	22093	1	
6	3621	1	
6	11471	1	
6	7888	1	
6	8412	1	
6	12501	2	
6	10972	1	
6	11898	1	
6	13022	1	
6	8415	1	
6	18144	1	
6	10978	1	
6	1764	1	
6	8421	2	
6	7400	1	
6	1257	1	
6	748	1	
6	753	1	
6	10484	1	
6	15742	1	
6	22262	1	
6	10452	1	
6	7771	1	
6	22229	1	
6	588	1	
6	8449	2	
6	4867	1	
6	4868	1	
6	7432	1	
6	17163	1	
6	15119	1	
6	11024	2	
6	8425	1	
6	5394	1	
6	2179	1	
6	13077	1	
6	21782	2	
6	2839	1	
6	15128	1	
6	2841	1	
6	796	2	
6	8989	1	
6	19231	1	
6	19238	1	
6	5929	1	
6	13611	1	
6	6445	1	
6	2840	1	
6	7471	4	
6	8502	1	
6	1336	1	
6	21305	5	
6	20794	1	
6	10463	1	
6	17973	1	
6	8512	1	
6	9526	1	
6	8518	1	
6	5601	1	
6	4663	1	
6	12620	1	
6	19938	1	
6	5456	1	
6	3796	1	
6	14677	1	
6	11792	1	
6	18776	1	
6	3417	2	
6	655	1	
6	8229	1	
6	1765	1	
6	7520	1	
6	16699	1	
6	22373	1	
6	9873	1	
6	9069	8	
6	9072	2	
6	4980	1	
6	12151	1	
6	3962	1	
6	8571	1	
6	3562	1	
6	8062	1	
6	12673	1	
6	1922	1	
6	16775	1	
6	10515	1	
6	17041	1	
6	21905	1	
6	20882	1	
6	10644	1	
6	3991	1	
6	3992	1	
6	11675	1	
6	7581	1	
6	8607	1	
6	15266	1	
6	1446	1	
6	15273	1	
6	9644	1	
6	9645	2	
6	19886	1	
6	18352	1	
6	11187	1	
6	437	1	
6	8636	2	
6	1982	1	
6	4032	1	
6	8641	1	
6	12738	1	
6	19396	1	
6	7109	1	
6	8268	2	
6	15820	3	
6	5069	1	
6	9167	1	
6	19408	1	
6	8660	3	
6	11737	1	
6	2525	1	
6	3408	1	
6	12770	1	
6	19939	1	
6	4006	1	
6	10218	1	
6	8683	1	
6	16367	1	
6	11760	1	
6	11762	1	
6	18420	1	
6	5623	3	
6	7672	1	
7	12288	1	
7	16385	2	
7	20482	1	
7	11779	1	
7	13316	1	
7	10758	1	
7	17066	1	
7	3084	1	
7	8705	1	
7	11181	1	
7	22032	1	
7	15363	1	
7	17943	1	
7	19460	4	
7	13850	1	
7	17435	1	
7	9244	1	
7	15903	2	
7	18267	1	
7	1689	1	
7	16430	1	
7	11827	1	
7	12852	2	
7	9269	1	
7	1590	1	
7	22071	1	
7	13880	1	
7	8761	2	
7	13884	2	
7	12349	3	
7	12354	1	
7	14915	1	
7	19018	1	
7	8268	2	
7	13389	1	
7	8272	1	
7	21586	3	
7	9300	1	
7	18005	1	
7	13398	4	
7	5207	1	
7	9816	2	
7	1115	2	
7	20547	1	
7	4795	1	
7	20155	1	
7	8297	1	
7	21613	1	
7	18030	1	
7	7785	1	
7	13435	1	
7	3197	1	
7	22464	1	
7	12930	2	
7	18051	1	
7	12933	4	
7	18055	1	
7	20787	1	
7	22295	1	
7	13388	1	
7	21652	1	
7	3737	1	
7	20642	1	
7	10920	1	
7	5801	1	
7	11434	1	
7	22188	1	
7	15534	1	
7	2223	1	
7	16049	1	
7	19124	2	
7	3254	2	
7	12471	1	
7	10939	1	
7	19133	3	
7	703	1	
7	15042	2	
7	19140	1	
7	7880	1	
7	13772	1	
7	5394	1	
7	12151	1	
7	13516	3	
7	718	1	
7	10449	1	
7	10963	1	
7	6875	1	
7	10972	1	
7	10975	1	
7	17121	1	
7	1256	1	
7	17129	4	
7	14060	3	
7	7379	1	
7	8062	1	
7	10999	1	
7	17657	1	
7	14592	2	
7	8449	3	
7	13059	1	
7	4868	5	
7	20234	1	
7	17163	2	
7	4364	1	
7	19726	1	
7	17681	1	
7	17170	1	
7	17172	1	
7	16661	2	
7	5398	1	
7	2327	1	
7	2840	1	
7	2841	2	
7	8988	1	
7	14622	1	
7	19589	1	
7	20256	1	
7	7457	1	
7	9506	1	
7	10531	1	
7	16166	1	
7	6446	1	
7	7471	2	
7	16691	1	
7	1844	2	
7	6622	3	
7	21305	3	
7	12602	1	
7	16702	1	
7	12341	1	
7	7905	1	
7	5449	1	
7	12343	1	
7	7504	1	
7	21841	1	
7	21330	1	
7	4438	1	
7	8536	1	
7	3419	1	
7	861	1	
7	19816	1	
7	4668	1	
7	5994	1	
7	9069	1	
7	14703	1	
7	9072	1	
7	21874	1	
7	12663	1	
7	8568	1	
7	13204	1	
7	1855	1	
7	12670	1	
7	12673	1	
7	1415	1	
7	7560	1	
7	15754	1	
7	11662	1	
7	15210	1	
7	15939	1	
7	21908	1	
7	3991	2	
7	16367	1	
7	12188	1	
7	7583	1	
7	15266	1	
7	4520	2	
7	4524	5	
7	9645	1	
7	6075	2	
7	11850	2	
7	14270	1	
7	4032	1	
7	18882	1	
7	15817	1	
7	15818	2	
7	15820	2	
7	14800	1	
7	10205	1	
7	10206	1	
7	6651	2	
7	12625	1	
7	8683	2	
7	6809	1	
7	11760	1	
7	16372	1	
7	502	1	
7	18423	1	
7	15864	1	
7	11771	3	
7	15869	1	
8	15874	1	
8	19460	1	
8	7686	1	
8	13834	1	
8	11275	3	
8	19468	1	
8	10253	1	
8	11792	1	
8	2578	1	
8	9732	1	
8	13658	1	
8	13316	1	
8	15903	1	
8	6	1	
8	4135	1	
8	1577	1	
8	17671	1	
8	8236	2	
8	3629	1	
8	561	1	
8	16434	2	
8	9139	1	
8	22581	1	
8	8246	1	
8	11832	1	
8	18489	1	
8	11615	4	
8	4668	2	
8	12349	1	
8	9791	1	
8	22082	1	
8	11843	1	
8	3652	1	
8	12360	1	
8	4683	1	
8	10830	1	
8	591	1	
8	11960	1	
8	3155	1	
8	7765	3	
8	13398	1	
8	15801	1	
8	15448	2	
8	6234	1	
8	18529	1	
8	15971	1	
8	16997	1	
8	18022	1	
8	9832	1	
8	10860	1	
8	10861	1	
8	22205	1	
8	14448	2	
8	6770	1	
8	1140	1	
8	1141	1	
8	14969	1	
8	14649	1	
8	638	1	
8	21781	1	
8	1664	1	
8	3201	1	
8	12930	1	
8	1156	1	
8	1669	1	
8	5768	1	
8	4746	1	
8	4235	1	
8	3197	1	
8	1167	1	
8	17041	2	
8	2706	1	
8	2841	2	
8	18162	2	
8	18075	2	
8	12446	1	
8	14495	1	
8	19616	1	
8	673	1	
8	9892	1	
8	17064	1	
8	13255	1	
8	14509	1	
8	15128	1	
8	19124	3	
8	6331	1	
8	15543	1	
8	8376	1	
8	10939	1	
8	8892	1	
8	19133	5	
8	12481	1	
8	11723	1	
8	13516	1	
8	22200	1	
8	14028	1	
8	16592	1	
8	20689	1	
8	10452	2	
8	19204	1	
8	12503	1	
8	1752	2	
8	11482	1	
8	9952	1	
8	13026	2	
8	18148	1	
8	2279	1	
8	1916	1	
8	6695	1	
8	19180	1	
8	7122	1	
8	6895	1	
8	12528	1	
8	20209	1	
8	12018	1	
8	12670	1	
8	9684	1	
8	1786	1	
8	17148	2	
8	16639	1	
8	14594	1	
8	555	1	
8	4868	3	
8	1921	1	
8	7432	2	
8	4364	4	
8	20237	1	
8	20239	1	
8	11024	1	
8	4884	1	
8	277	1	
8	16662	1	
8	2840	1	
8	281	1	
8	284	1	
8	8989	1	
8	7457	2	
8	11555	1	
8	5246	1	
8	5928	1	
8	9514	1	
8	18222	1	
8	1160	1	
8	1844	1	
8	21305	6	
8	8973	1	
8	21782	1	
8	20803	1	
8	16196	1	
8	3796	1	
8	15180	1	
8	6989	1	
8	10637	1	
8	4432	1	
8	12625	2	
8	6484	1	
8	4438	1	
8	2873	1	
8	15192	2	
8	17754	1	
8	18267	1	
8	860	1	
8	1375	1	
8	22368	1	
8	5473	1	
8	6715	1	
8	3217	1	
8	8041	1	
8	15210	2	
8	19943	1	
8	13677	1	
8	2415	1	
8	20848	3	
8	10097	1	
8	9074	3	
8	12151	1	
8	17788	1	
8	1918	1	
8	7552	1	
8	8065	1	
8	1412	1	
8	4485	1	
8	15751	1	
8	7660	1	
8	9069	8	
8	8077	1	
8	21902	2	
8	10127	1	
8	20882	1	
8	20547	1	
8	16788	1	
8	16367	1	
8	14748	1	
8	8607	1	
8	20384	1	
8	5623	2	
8	15273	1	
8	11181	1	
8	4019	1	
8	1465	2	
8	671	1	
8	6645	1	
8	4033	1	
8	11714	4	
8	13252	1	
8	7110	1	
8	11719	1	
8	16375	1	
8	9167	1	
8	7632	1	
8	466	1	
8	4051	2	
8	8660	2	
8	7637	1	
8	16633	1	
8	1497	1	
8	10205	2	
8	6622	1	
8	14306	1	
8	18406	1	
8	8679	1	
8	12199	1	
8	492	1	
8	8687	1	
8	14324	2	
8	16373	1	
8	502	1	
8	503	1	
8	16890	1	
8	18005	1	
9	19460	1	
9	16902	1	
9	9644	1	
9	11275	2	
9	5646	1	
9	17424	1	
9	12823	2	
9	12825	2	
9	15791	1	
9	11293	2	
9	13858	1	
9	4647	1	
9	17451	1	
9	3629	1	
9	15567	1	
9	7219	2	
9	1076	2	
9	17973	1	
9	3641	1	
9	4668	1	
9	6651	1	
9	10453	1	
9	587	1	
9	21586	1	
9	15971	1	
9	13398	2	
9	20059	1	
9	8797	1	
9	18528	1	
9	3259	1	
9	11771	1	
9	20585	1	
9	17005	1	
9	15982	1	
9	14448	1	
9	19571	1	
9	18042	1	
9	5764	1	
9	15495	1	
9	4746	1	
9	13452	1	
9	17041	4	
9	10900	1	
9	18030	1	
9	14492	1	
9	21104	1	
9	4263	1	
9	1991	1	
9	9901	1	
9	13486	1	
9	21619	1	
9	19124	3	
9	8376	1	
9	6331	1	
9	8892	1	
9	19133	6	
9	14020	1	
9	2759	1	
9	22220	1	
9	14028	1	
9	8397	1	
9	4303	1	
9	20690	1	
9	12501	1	
9	5337	1	
9	719	1	
9	10975	2	
9	19172	1	
9	21733	1	
9	15593	1	
9	5867	1	
9	6383	1	
9	1266	1	
9	16120	1	
9	18175	1	
9	14592	1	
9	14081	1	
9	3627	1	
9	4055	1	
9	4364	2	
9	14093	1	
9	15119	1	
9	16661	1	
9	6934	1	
9	18200	1	
9	1309	1	
9	1824	1	
9	4385	1	
9	1827	1	
9	10540	1	
9	15666	1	
9	5942	1	
9	21305	6	
9	19258	1	
9	11999	1	
9	4414	1	
9	11007	1	
9	16197	1	
9	8012	1	
9	8013	1	
9	4432	1	
9	9047	1	
9	11603	1	
9	10126	1	
9	2105	1	
9	4440	1	
9	7055	1	
9	7520	1	
9	1378	1	
9	11298	1	
9	9873	1	
9	9069	3	
9	9072	1	
9	5489	2	
9	21874	1	
9	12663	1	
9	20345	1	
9	8063	1	
9	17801	1	
9	15754	1	
9	10637	1	
9	11662	1	
9	11151	1	
9	20882	2	
9	10644	1	
9	10646	1	
9	3991	1	
9	3992	1	
9	17818	1	
9	3055	1	
9	7584	1	
9	9121	1	
9	1444	1	
9	10154	1	
9	16812	1	
9	9645	1	
9	12852	2	
9	7095	1	
9	9145	1	
9	16831	1	
9	22464	1	
9	11714	1	
9	4038	1	
9	13255	1	
9	9167	1	
9	13778	1	
9	9171	1	
9	469	1	
9	14807	1	
9	10205	1	
9	7138	1	
9	19939	1	
9	7148	1	
9	16367	1	
9	497	1	
9	16373	1	
9	7672	1	
9	19963	1	
9	12799	1	
10	12288	1	
10	19460	2	
10	15190	1	
10	7688	1	
10	1545	1	
10	21209	1	
10	18955	1	
10	3088	1	
10	15891	1	
10	4116	2	
10	1415	1	
10	10263	1	
10	12825	5	
10	4122	1	
10	15706	1	
10	13854	2	
10	15903	1	
10	14369	1	
10	11298	1	
10	12325	1	
10	18140	1	
10	6695	1	
10	1068	1	
10	16430	1	
10	8797	1	
10	7219	2	
10	3636	1	
10	1590	1	
10	4663	1	
10	13881	1	
10	10299	1	
10	4668	1	
10	14103	1	
10	14475	1	
10	578	1	
10	9227	1	
10	587	1	
10	13901	1	
10	4686	1	
10	11273	2	
10	21586	2	
10	4692	1	
10	10510	1	
10	9305	1	
10	605	1	
10	4709	1	
10	19048	2	
10	10857	1	
10	21102	2	
10	19056	1	
10	13937	3	
10	6770	1	
10	21619	1	
10	1140	1	
10	1141	1	
10	15465	1	
10	14969	1	
10	18042	1	
10	20882	2	
10	19580	1	
10	3197	1	
10	13950	1	
10	16661	1	
10	1664	1	
10	22464	1	
10	2179	1	
10	13445	1	
10	6791	1	
10	14985	1	
10	4235	1	
10	17203	1	
10	7313	1	
10	16835	1	
10	7303	1	
10	13980	1	
10	14493	1	
10	2245	1	
10	14497	2	
10	13476	1	
10	17577	1	
10	10410	1	
10	20651	1	
10	22188	1	
10	14509	1	
10	16054	1	
10	20665	2	
10	3258	1	
10	8892	2	
10	19133	3	
10	20670	1	
10	13884	1	
10	16064	1	
10	21187	1	
10	20165	1	
10	6860	1	
10	13858	1	
10	7888	1	
10	9425	1	
10	10963	1	
10	3796	2	
10	14037	1	
10	20585	1	
10	5337	1	
10	10972	1	
10	14970	1	
10	10975	1	
10	13537	1	
10	18148	1	
10	8401	1	
10	1256	1	
10	6268	1	
10	22252	1	
10	13778	1	
10	1266	1	
10	20212	1	
10	16120	1	
10	3321	1	
10	14592	1	
10	14081	1	
10	4867	1	
10	4032	2	
10	1798	1	
10	11015	1	
10	7432	1	
10	4364	1	
10	14448	1	
10	20238	1	
10	7952	1	
10	2834	1	
10	20270	1	
10	4868	2	
10	22233	1	
10	14618	1	
10	4894	1	
10	12933	1	
10	1829	1	
10	6950	1	
10	5929	1	
10	16775	1	
10	12076	1	
10	18222	2	
10	5935	1	
10	18736	1	
10	15666	1	
10	16691	1	
10	18229	1	
10	14649	1	
10	14047	1	
10	4417	1	
10	16195	1	
10	7785	1	
10	6479	1	
10	11600	1	
10	21841	1	
10	12625	1	
10	21845	1	
10	4438	1	
10	21305	1	
10	740	1	
10	2394	1	
10	18267	3	
10	6715	1	
10	17041	2	
10	13161	1	
10	9067	1	
10	9069	3	
10	6511	1	
10	9832	1	
10	12663	1	
10	5501	1	
10	8062	1	
10	15751	1	
10	748	2	
10	22418	1	
10	18837	1	
10	3991	1	
10	3992	2	
10	4509	1	
10	11760	1	
10	4002	2	
10	1046	1	
10	12091	1	
10	4081	2	
10	22442	2	
10	16301	2	
10	1370	1	
10	5356	1	
10	17012	1	
10	20915	1	
10	7604	1	
10	13238	1	
10	8636	1	
10	10244	1	
10	15808	1	
10	11388	1	
10	13763	3	
10	19396	1	
10	13255	1	
10	11937	1	
10	463	1	
10	3536	3	
10	9170	1	
10	14807	1	
10	4570	1	
10	9691	1	
10	17372	1	
10	10205	1	
10	10206	2	
10	12768	2	
10	14306	3	
10	18404	1	
10	4433	1	
10	15849	1	
10	7660	1	
10	494	1	
10	13808	1	
10	497	1	
10	6644	1	
10	502	1	
10	7160	1	
10	4601	1	
10	13819	1	
10	15869	1	
11	8449	1	
11	1922	1	
11	7684	1	
11	14725	2	
11	18056	1	
11	20873	1	
11	20494	2	
11	2063	1	
11	1168	2	
11	7570	1	
11	8878	1	
11	22551	3	
11	12825	2	
11	1947	1	
11	11292	1	
11	7069	1	
11	15621	1	
11	19619	3	
11	9050	1	
11	9901	1	
11	8238	1	
11	11444	1	
11	5301	1	
11	5321	1	
11	11449	1	
11	15903	1	
11	3629	1	
11	19263	1	
11	6464	1	
11	11714	2	
11	11723	1	
11	1626	1	
11	7749	1	
11	16585	1	
11	10359	1	
11	16588	1	
11	20686	3	
11	2000	1	
11	14584	1	
11	18005	1	
11	20695	2	
11	89	1	
11	90	1	
11	1167	1	
11	10972	1	
11	18528	1	
11	10214	1	
11	16998	1	
11	18919	2	
11	873	1	
11	16363	1	
11	14324	2	
11	1141	1	
11	12663	1	
11	248	2	
11	505	1	
11	3221	2	
12	12288	2	
12	8747	1	
12	7684	3	
12	12805	1	
12	13526	1	
12	5385	1	
12	16593	1	
12	4247	1	
12	4364	2	
12	20494	1	
12	2063	1	
12	1169	1	
12	4611	1	
12	4884	1	
12	22551	1	
12	7764	2	
12	281	1	
12	11931	2	
12	4382	1	
12	15903	2	
12	15119	1	
12	14448	1	
12	19619	2	
12	20519	1	
12	92	1	
12	17067	2	
12	12716	1	
12	8238	1	
12	7471	1	
12	7217	1	
12	5764	1	
12	11444	1	
12	5301	2	
12	2416	1	
12	11449	1	
12	1466	3	
12	13776	1	
12	573	1	
12	4799	1	
12	15184	1	
12	4417	2	
12	578	3	
12	4419	1	
12	20167	4	
12	14024	1	
12	16588	1	
12	13516	1	
12	20686	2	
12	13778	1	
12	248	1	
12	21586	1	
12	15971	1	
12	20961	1	
12	21845	1	
12	22230	1	
12	18005	1	
12	18267	2	
12	13532	1	
12	8378	1	
12	6622	1	
12	10194	1	
12	592	1	
12	22188	1	
12	8745	1	
12	12625	3	
12	15976	2	
12	9831	1	
12	9069	2	
12	15982	1	
12	6000	1	
12	7409	3	
12	7410	1	
12	20243	1	
12	500	1	
12	20343	1	
12	14584	1	
12	505	2	
12	10495	1	
13	22464	2	
13	15874	1	
13	18051	1	
13	86	1	
13	8449	1	
13	15499	2	
13	12354	1	
13	19726	1	
13	1169	2	
13	20882	1	
13	20547	1	
13	15508	2	
13	7745	1	
13	22551	7	
13	19993	1	
13	7514	1	
13	7915	1	
13	14725	1	
13	16547	1	
13	19238	1	
13	10407	1	
13	10408	1	
13	9351	2	
13	8236	2	
13	9901	1	
13	8238	3	
13	12209	1	
13	1076	1	
13	5355	1	
13	5364	2	
13	18420	1	
13	5818	1	
13	11708	1	
13	6464	1	
13	7617	2	
13	11714	3	
13	21699	3	
13	19396	1	
13	7749	5	
13	1889	1	
13	15432	1	
13	4826	1	
13	2766	1	
13	15565	1	
13	20424	1	
13	21841	1	
13	9171	1	
13	9684	1	
13	3342	1	
13	13398	1	
13	10328	1	
13	89	1	
13	4058	2	
13	1627	1	
13	395	1	
13	8797	1	
13	8287	1	
13	18528	1	
13	10209	1	
13	17393	1	
13	90	1	
13	873	2	
13	4263	1	
13	5356	1	
13	9839	1	
13	13937	1	
13	21696	2	
13	15808	1	
13	1067	1	
13	8568	1	
13	15486	1	
13	5119	1	
14	13316	1	
14	12806	1	
14	12807	1	
14	12808	1	
14	7178	1	
14	11787	1	
14	22551	5	
14	4868	1	
14	2394	1	
14	18975	1	
14	18267	1	
14	8236	1	
14	8238	2	
14	9777	1	
14	1074	1	
14	17466	1	
14	3134	1	
14	7745	1	
14	7749	2	
14	15432	3	
14	13388	1	
14	13389	1	
14	91	1	
14	22119	1	
14	14268	1	
14	21613	1	
14	19571	1	
14	1141	1	
14	7800	1	
14	14459	1	
14	21632	1	
14	18055	1	
14	20111	1	
14	20118	1	
14	1305	1	
14	15512	1	
14	16030	2	
14	16035	1	
14	10407	1	
14	22188	1	
14	14509	2	
14	7823	1	
14	5301	3	
14	11449	1	
14	15903	1	
14	2243	1	
14	20686	1	
14	1167	2	
14	751	1	
14	1266	1	
14	14579	1	
14	15616	1	
14	8449	2	
14	19716	1	
14	12043	1	
14	4364	2	
14	13069	1	
14	2835	1	
14	281	1	
14	8989	1	
14	1841	1	
14	19764	2	
14	17719	1	
14	16190	1	
14	8512	1	
14	4418	1	
14	14148	1	
14	6982	1	
14	17229	1	
14	9550	1	
14	20303	1	
14	4432	1	
14	12625	1	
14	21330	1	
14	9044	1	
14	14677	1	
14	15704	1	
14	6489	1	
14	9050	1	
14	8027	1	
14	7014	1	
14	3943	1	
14	2416	1	
14	395	1	
14	3468	1	
14	6541	2	
14	7069	1	
14	414	1	
14	20384	1	
14	20389	1	
14	6054	1	
14	22442	1	
14	2990	1	
14	5551	1	
14	1466	1	
14	11708	2	
14	15809	1	
14	16834	1	
14	6090	1	
14	3408	1	
14	15322	1	
14	17218	1	
14	10209	1	
14	10210	1	
14	7139	1	
14	18919	4	
14	6652	1	
14	4263	1	
14	3055	1	
14	4601	1	
14	8187	1	
14	18940	1	
14	5118	2	
15	16512	1	
15	4227	1	
15	8583	1	
15	18056	1	
15	3339	1	
15	4364	1	
15	7055	1	
15	22553	1	
15	14575	1	
15	22557	1	
15	11760	1	
15	19619	1	
15	9351	1	
15	2224	1	
15	19124	2	
15	21305	2	
15	19133	2	
15	19263	1	
15	320	1	
15	588	1	
15	16588	1	
15	20686	1	
15	4438	1	
15	89	1	
15	14682	1	
15	18267	1	
15	10972	2	
15	18013	1	
15	20194	2	
15	14574	1	
15	1469	1	
15	15856	2	
15	3313	1	
15	18162	1	
16	4611	1	
16	15874	1	
16	15875	1	
16	3674	1	
16	4746	1	
16	4364	1	
16	11714	1	
16	3344	2	
16	3992	1	
16	274	1	
16	16787	1	
16	90	2	
16	16789	3	
16	89	1	
16	17688	2	
16	3652	3	
16	11293	1	
16	9759	2	
16	1092	1	
16	18267	3	
16	17067	1	
16	17062	1	
16	13863	2	
16	5841	1	
16	3626	1	
16	15915	1	
16	8236	1	
16	11434	1	
16	6446	1	
16	21295	1	
16	15539	1	
16	19124	4	
16	5301	1	
16	8502	3	
16	21305	5	
16	698	1	
16	15903	1	
16	15036	1	
16	19133	5	
16	17854	1	
16	19263	2	
16	320	1	
16	12481	1	
16	15426	3	
16	8260	1	
16	8779	2	
16	588	1	
16	20686	5	
16	2640	2	
16	22571	1	
16	11555	1	
16	4056	1	
16	18005	3	
16	14807	1	
16	15448	1	
16	4942	1	
16	13530	1	
16	12891	1	
16	3676	1	
16	4602	1	
16	18917	1	
16	22368	1	
16	11792	1	
16	20194	4	
16	11771	1	
16	4966	2	
16	10214	1	
16	8167	2	
16	8168	1	
16	7911	1	
16	18924	1	
16	1469	2	
16	15856	1	
16	18162	1	
16	5246	2	
16	20343	2	
16	248	2	
16	505	1	
16	15907	1	
16	6651	1	
16	1917	1	
16	8446	1	
17	12288	1	
17	15874	1	
17	17067	1	
17	19460	2	
17	5142	2	
17	19993	2	
17	11293	2	
17	21024	1	
17	18267	2	
17	4135	1	
17	11817	1	
17	15404	1	
17	11698	1	
17	16430	2	
17	9777	1	
17	5684	1	
17	13890	1	
17	8260	2	
17	11334	1	
17	3937	1	
17	15432	5	
17	4681	1	
17	588	1	
17	8270	1	
17	21586	2	
17	10837	1	
17	7618	1	
17	90	1	
17	12891	2	
17	19131	1	
17	13412	1	
17	613	3	
17	16998	2	
17	1627	2	
17	15987	1	
17	21111	1	
17	21112	1	
17	5246	1	
17	2766	1	
17	13963	1	
17	11714	2	
17	1167	1	
17	4547	1	
17	3220	1	
17	15512	1	
17	9887	2	
17	16544	1	
17	4260	1	
17	4263	1	
17	10410	1	
17	4267	1	
17	5661	1	
17	2224	1	
17	19124	2	
17	19126	1	
17	21690	3	
17	3259	2	
17	21694	1	
17	21695	1	
17	14016	1	
17	1626	1	
17	16586	1	
17	20686	3	
17	16592	1	
17	7892	1	
17	22229	1	
17	18005	2	
17	9167	1	
17	10972	1	
17	8415	1	
17	720	1	
17	20194	5	
17	10985	1	
17	7920	1	
17	3313	1	
17	1266	1	
17	7635	1	
17	248	1	
17	12505	1	
17	2814	1	
17	15616	1	
17	8449	2	
17	14082	1	
17	4868	2	
17	4364	1	
17	17168	1	
17	7447	1	
17	13088	3	
17	10531	2	
17	10532	1	
17	10545	1	
17	19764	1	
17	10975	1	
17	1340	1	
17	19263	3	
17	8512	1	
17	4017	1	
17	4419	1	
17	8012	1	
17	3408	1	
17	21330	1	
17	10069	1	
17	14682	1	
17	22363	1	
17	22369	1	
17	4966	1	
17	5993	1	
17	9069	1	
17	6511	1	
17	16252	1	
17	1917	1	
17	7039	1	
17	1922	1	
17	4492	1	
17	7567	1	
17	16789	1	
17	10646	1	
17	5529	2	
17	14751	1	
17	20384	2	
17	15778	1	
17	15276	1	
17	16301	1	
17	15280	1	
17	11185	1	
17	19378	1	
17	8627	2	
17	16308	1	
17	437	1	
17	19900	1	
17	4032	1	
17	17312	1	
17	16834	1	
17	16835	1	
17	18423	1	
17	13730	1	
17	463	1	
17	9171	1	
17	7637	2	
17	20955	1	
17	10206	1	
17	10209	1	
17	10210	2	
17	11771	1	
17	8168	1	
17	18921	3	
17	490	1	
17	16366	1	
17	11760	4	
17	13822	1	
17	5623	2	
17	4601	1	
17	4090	1	
17	6651	3	
17	6652	1	
17	6142	1	
17	12799	1	
18	12288	3	
18	6	1	
18	12717	1	
18	22551	1	
18	9244	1	
18	15903	2	
18	8236	1	
18	3633	1	
18	1076	1	
18	4661	1	
18	17975	1	
18	10299	1	
18	13884	1	
18	12352	1	
18	3652	1	
18	15432	1	
18	11850	1	
18	588	1	
18	8781	1	
18	12878	1	
18	7777	1	
18	18075	1	
18	18023	1	
18	15548	1	
18	13159	1	
18	10862	1	
18	20592	1	
18	2164	1	
18	22133	1	
18	633	1	
18	19900	1	
18	5246	1	
18	13445	1	
18	18056	1	
18	14475	1	
18	3221	1	
18	19607	2	
18	14488	1	
18	11931	1	
18	14495	1	
18	10407	1	
18	15528	1	
18	9901	1	
18	12471	1	
18	5816	1	
18	8892	1	
18	19133	1	
18	7870	1	
18	12481	1	
18	20168	1	
18	12786	1	
18	14028	1	
18	719	1	
18	14037	1	
18	4831	1	
18	7399	1	
18	5356	2	
18	18162	1	
18	12026	1	
18	14081	1	
18	4868	1	
18	12673	1	
18	18191	2	
18	10515	1	
18	16661	1	
18	1304	1	
18	284	1	
18	8989	1	
18	18207	1	
18	19238	1	
18	17707	1	
18	15666	1	
18	7477	1	
18	310	1	
18	4417	1	
18	19782	1	
18	19784	1	
18	17737	1	
18	20303	2	
18	6487	1	
18	7527	1	
18	15723	1	
18	10097	1	
18	9600	1	
18	13697	1	
18	1415	1	
18	3977	1	
18	1420	1	
18	11672	2	
18	4003	2	
18	11684	2	
18	9125	1	
18	16301	2	
18	2990	1	
18	9145	1	
18	1466	1	
18	11708	1	
18	15808	1	
18	11714	2	
18	15751	1	
18	11723	1	
18	465	1	
18	8611	1	
18	15317	1	
18	14807	2	
18	17372	1	
18	3055	2	
18	4081	1	
18	16882	1	
18	15864	1	
18	6651	1	
18	19454	1	
19	12288	1	
19	19460	3	
19	7690	1	
19	18208	1	
19	10265	1	
19	15386	1	
19	7710	1	
19	6687	1	
19	13147	1	
19	4647	1	
19	3629	1	
19	16431	1	
19	7216	1	
19	16434	1	
19	20915	1	
19	9269	1	
19	13884	1	
19	13888	1	
19	12354	1	
19	15432	1	
19	11850	1	
19	14415	1	
19	21586	1	
19	17679	1	
19	8797	1	
19	12910	1	
19	10351	1	
19	13937	1	
19	6770	1	
19	15987	1	
19	6263	1	
19	14969	1	
19	19578	1	
19	13950	1	
19	5760	1	
19	6787	1	
19	13445	1	
19	11969	1	
19	13970	1	
19	10398	1	
19	2416	1	
19	10915	1	
19	10410	1	
19	9901	1	
19	14024	1	
19	3260	1	
19	14016	1	
19	7361	1	
19	2243	1	
19	7880	1	
19	16586	1	
19	14028	1	
19	719	1	
19	12505	1	
19	6778	1	
19	8571	1	
19	5864	1	
19	22252	1	
19	1266	1	
19	5246	1	
19	7933	1	
19	18686	1	
19	15216	1	
19	4868	1	
19	774	1	
19	19244	1	
19	4364	1	
19	15119	1	
19	16661	1	
19	7983	1	
19	17184	1	
19	17706	1	
19	12076	1	
19	5935	1	
19	7219	1	
19	1844	1	
19	2873	1	
19	10555	1	
19	20285	1	
19	19775	1	
19	3392	1	
19	17218	1	
19	19782	1	
19	19783	1	
19	19787	1	
19	12625	2	
19	2394	1	
19	18267	1	
19	11632	1	
19	7400	1	
19	3958	1	
19	5498	2	
19	5439	1	
19	14725	1	
19	15751	2	
19	909	1	
19	10644	1	
19	11760	1	
19	14743	1	
19	11672	1	
19	4000	1	
19	14753	1	
19	4003	1	
19	11684	2	
19	4081	2	
19	15784	1	
19	15794	1	
19	4019	1	
19	10679	1	
19	19900	1	
19	16831	1	
19	22464	1	
19	11714	1	
19	20420	1	
19	21409	1	
19	12746	1	
19	13772	1	
19	9167	2	
19	8144	1	
19	7633	1	
19	9684	1	
19	14807	1	
19	18393	1	
19	3055	2	
19	19952	1	
19	8177	1	
19	3058	1	
19	18940	1	
19	15869	1	
19	12799	1	
20	12288	1	
20	15874	1	
20	19460	2	
20	13834	1	
20	529	1	
20	13849	1	
20	22571	2	
20	3629	1	
20	16434	1	
20	7471	1	
20	5186	1	
20	15432	1	
20	11850	1	
20	595	1	
20	3674	1	
20	18530	1	
20	9831	1	
20	13931	1	
20	18544	1	
20	21617	1	
20	631	1	
20	6787	1	
20	17030	1	
20	21642	1	
20	12825	1	
20	6000	1	
20	17066	1	
20	3758	1	
20	12466	1	
20	3260	1	
20	7870	1	
20	20165	1	
20	20168	1	
20	13516	2	
20	11471	1	
20	720	1	
20	19156	1	
20	14038	1	
20	11482	1	
20	10972	1	
20	10975	2	
20	742	1	
20	7400	1	
20	1266	1	
20	19716	1	
20	20234	1	
20	4364	3	
20	15119	1	
20	18197	1	
20	16662	1	
20	5935	1	
20	22234	1	
20	18210	1	
20	12076	1	
20	16175	1	
20	1844	1	
20	15170	1	
20	6982	1	
20	18759	1	
20	8013	1	
20	15184	1	
20	12625	1	
20	14677	1	
20	4438	1	
20	6489	1	
20	18267	1	
20	15709	1	
20	22369	1	
20	9069	1	
20	9072	1	
20	7650	1	
20	12663	2	
20	11641	1	
20	384	1	
20	7041	1	
20	1922	1	
20	8579	1	
20	2949	1	
20	909	1	
20	910	2	
20	8079	1	
20	4496	1	
20	10644	1	
20	3992	1	
20	18841	1	
20	13723	1	
20	20384	1	
20	21929	1	
20	11186	1	
20	11708	1	
20	4032	2	
20	11714	1	
20	7110	2	
20	15820	1	
20	9167	1	
20	15312	1	
20	8154	1	
20	10206	1	
20	5089	1	
20	19938	1	
20	999	1	
20	13821	1	
20	16891	1	
20	22186	1	
21	12288	1	
21	15874	1	
21	8108	1	
21	22551	2	
21	12825	1	
21	11293	1	
21	11806	1	
21	9247	1	
21	4647	1	
21	8238	1	
21	22064	2	
21	3641	1	
21	9274	1	
21	13887	1	
21	22082	1	
21	3652	1	
21	7241	1	
21	588	2	
21	13389	2	
21	12878	1	
21	21586	1	
21	15444	1	
21	18005	1	
21	89	1	
21	15971	1	
21	7780	1	
21	16998	1	
21	15804	1	
21	10862	1	
21	6770	2	
21	10867	1	
21	13161	1	
21	6777	1	
21	6778	1	
21	13435	1	
21	18044	1	
21	16661	1	
21	3201	1	
21	5764	1	
21	14469	1	
21	646	1	
21	21642	1	
21	19596	1	
21	3731	1	
21	622	1	
21	15000	1	
21	665	1	
21	2715	2	
21	6306	1	
21	4263	1	
21	10408	1	
21	4779	1	
21	3758	1	
21	8989	1	
21	17074	1	
21	1139	1	
21	19124	1	
21	22198	1	
21	9093	1	
21	15033	1	
21	11969	1	
21	20168	1	
21	14028	1	
21	13516	1	
21	11471	1	
21	7888	1	
21	4306	1	
21	20692	1	
21	14969	1	
21	13532	1	
21	4831	1	
21	10464	2	
21	17121	1	
21	13026	1	
21	6371	1	
21	744	1	
21	10985	1	
21	21740	1	
21	18162	1	
21	15603	1	
21	13558	1	
21	12585	1	
21	14592	1	
21	15617	1	
21	4868	1	
21	18185	1	
21	20234	1	
21	471	1	
21	4364	2	
21	277	1	
21	16663	1	
21	8988	1	
21	13085	1	
21	16773	1	
21	16432	1	
21	18210	1	
21	3880	1	
21	10972	1	
21	20722	1	
21	2348	1	
21	2351	1	
21	18736	1	
21	1844	1	
21	17206	1	
21	1336	1	
21	2873	1	
21	21727	1	
21	3392	1	
21	15170	1	
21	4419	1	
21	18759	2	
21	14673	1	
21	4441	1	
21	2394	2	
21	3419	1	
21	22368	3	
21	13667	1	
21	15717	1	
21	11113	1	
21	364	1	
21	9069	1	
21	10096	1	
21	10098	1	
21	15987	1	
21	12663	2	
21	379	1	
21	12670	1	
21	3455	1	
21	1409	1	
21	2949	1	
21	16775	1	
21	11180	1	
21	909	1	
21	10644	1	
21	8086	1	
21	3055	1	
21	7582	1	
21	18851	1	
21	9124	1	
21	11692	1	
21	1266	1	
21	18393	1	
21	8627	1	
21	437	1	
21	9142	1	
21	18872	1	
21	11708	1	
21	1469	1	
21	11714	2	
21	16092	1	
21	7110	1	
21	17484	1	
21	9167	1	
21	578	1	
21	14807	1	
21	11684	2	
21	10205	1	
21	5089	1	
21	19939	1	
21	13290	1	
21	7660	1	
21	16367	1	
21	11760	1	
21	7666	1	
21	5623	1	
21	11771	1	
21	6652	1	
21	15869	1	
21	12799	1	
22	8705	1	
22	13835	1	
22	22030	1	
22	19478	1	
22	12823	1	
22	12825	1	
22	9255	1	
22	1069	2	
22	18005	1	
22	12336	1	
22	5682	1	
22	11680	1	
22	13876	1	
22	11832	1	
22	19514	1	
22	15935	1	
22	1089	1	
22	18108	1	
22	12870	1	
22	17484	1	
22	21586	1	
22	4000	1	
22	596	1	
22	10837	2	
22	15119	1	
22	11870	1	
22	18528	1	
22	16998	1	
22	11708	1	
22	21613	1	
22	7799	1	
22	14970	1	
22	8831	1	
22	18049	1	
22	11398	1	
22	1266	1	
22	22551	1	
22	12428	1	
22	11714	1	
22	2706	1	
22	9876	1	
22	19607	1	
22	2244	1	
22	11632	1	
22	13475	1	
22	5798	1	
22	4263	2	
22	5801	1	
22	17066	1	
22	22188	1	
22	9901	1	
22	7343	1	
22	19120	1	
22	19122	1	
22	19126	1	
22	11447	1	
22	6330	1	
22	21692	1	
22	19133	1	
22	12479	1	
22	9924	1	
22	14028	1	
22	11471	1	
22	5841	1	
22	20690	1	
22	17621	1	
22	20695	1	
22	22232	1	
22	17626	1	
22	21727	1	
22	12512	1	
22	10467	1	
22	22248	1	
22	10985	1	
22	20519	3	
22	20722	1	
22	15096	3	
22	8063	1	
22	4868	1	
22	19718	1	
22	12503	1	
22	3629	1	
22	15064	1	
22	17791	1	
22	8980	1	
22	20255	1	
22	18208	1	
22	18210	1	
22	5929	1	
22	15751	1	
22	11058	1	
22	15666	1	
22	21305	1	
22	16195	1	
22	17225	1	
22	17227	1	
22	4432	1	
22	21841	1	
22	20095	1	
22	13164	1	
22	13167	1	
22	10096	1	
22	3443	1	
22	12663	1	
22	7039	1	
22	20545	1	
22	910	1	
22	14743	1	
22	3055	1	
22	20384	2	
22	4011	1	
22	21234	1	
22	16828	2	
22	6593	1	
22	20418	1	
22	3915	1	
22	7109	1	
22	7110	1	
22	9676	1	
22	10701	2	
22	11218	1	
22	12018	3	
22	10206	1	
22	14306	1	
22	15855	1	
22	7160	1	
22	6741	1	
23	12288	2	
23	19460	1	
23	7686	1	
23	16367	2	
23	7690	1	
23	13843	1	
23	4116	1	
23	19439	1	
23	11293	1	
23	11850	1	
23	4647	1	
23	15914	1	
23	17451	1	
23	8236	1	
23	8749	1	
23	21841	1	
23	21551	1	
23	1076	1	
23	1592	1	
23	13887	1	
23	12354	1	
23	8262	1	
23	3681	1	
23	12360	3	
23	15434	1	
23	588	1	
23	13389	1	
23	18005	2	
23	89	1	
23	3678	1	
23	7265	1	
23	16998	1	
23	9831	1	
23	9832	1	
23	14448	1	
23	4115	1	
23	12916	1	
23	22133	1	
23	17016	1	
23	6787	1	
23	13445	2	
23	15494	1	
23	7617	1	
23	4744	1	
23	1163	1	
23	5232	1	
23	16547	1	
23	4263	1	
23	17067	2	
23	9901	1	
23	13486	1	
23	19124	1	
23	22202	1	
23	3260	1	
23	19133	2	
23	21696	1	
23	14020	1	
23	20167	1	
23	19147	1	
23	5324	1	
23	7892	1	
23	14037	1	
23	19671	2	
23	9442	1	
23	10985	2	
23	6695	1	
23	12013	1	
23	3311	2	
23	12018	1	
23	12535	1	
23	15096	1	
23	20218	1	
23	18689	1	
23	22571	1	
23	4868	1	
23	2310	1	
23	18185	1	
23	20234	1	
23	4364	1	
23	3344	1	
23	17681	1	
23	2179	1	
23	7463	1	
23	18218	1	
23	18736	1	
23	1841	1	
23	16694	1	
23	15170	1	
23	8502	1	
23	6982	3	
23	5960	1	
23	17229	1	
23	3408	1	
23	12625	1	
23	18267	1	
23	22368	1	
23	4451	1	
23	15717	1	
23	5996	1	
23	14189	1	
23	14703	1	
23	2416	1	
23	7537	1	
23	5490	1	
23	21364	1	
23	18818	1	
23	12183	1	
23	17293	3	
23	1425	2	
23	22418	2	
23	10644	1	
23	9111	1	
23	13723	1	
23	7582	1	
23	17823	1	
23	4000	1	
23	4003	1	
23	19782	1	
23	22442	1	
23	12190	1	
23	1466	1	
23	1469	1	
23	22463	1	
23	4032	1	
23	20384	2	
23	11714	1	
23	7110	2	
23	13255	1	
23	19915	1	
23	12870	1	
23	10701	1	
23	9167	1	
23	20643	1	
23	11733	1	
23	14807	1	
23	10206	1	
23	19943	1	
23	15850	1	
23	3055	1	
23	11760	1	
23	1014	1	
23	7160	1	
23	6651	1	
23	5717	1	
24	12288	1	
24	19460	4	
24	22024	2	
24	4110	1	
24	10262	1	
24	1048	1	
24	4121	1	
24	17947	2	
24	15903	2	
24	7003	1	
24	16430	1	
24	8753	2	
24	1074	1	
24	3636	1	
24	11832	1	
24	4665	1	
24	13885	1	
24	15425	1	
24	12354	1	
24	15428	1	
24	7752	2	
24	15434	1	
24	17485	3	
24	592	1	
24	21586	1	
24	18005	1	
24	5208	1	
24	22108	1	
24	21605	1	
24	7952	1	
24	7778	1	
24	16998	1	
24	21606	1	
24	14448	1	
24	13425	4	
24	18051	1	
24	13445	1	
24	7303	1	
24	3723	1	
24	1170	1	
24	3220	1	
24	19993	1	
24	15528	1	
24	17067	1	
24	5804	1	
24	8878	1	
24	19124	1	
24	9398	1	
24	12471	1	
24	3258	1	
24	8892	1	
24	6847	1	
24	21696	1	
24	721	1	
24	6622	1	
24	9434	4	
24	21211	1	
24	10972	1	
24	13026	1	
24	21733	1	
24	6375	1	
24	10985	1	
24	22252	2	
24	1266	1	
24	1269	1	
24	12535	1	
24	2814	1	
24	14081	1	
24	17671	1	
24	18185	1	
24	2314	1	
24	4364	2	
24	5390	3	
24	10265	1	
24	21264	2	
24	16661	1	
24	18210	1	
24	21801	1	
24	16682	1	
24	13611	1	
24	16434	1	
24	7982	1	
24	7471	1	
24	1844	1	
24	20277	1	
24	8502	1	
24	12852	1	
24	20794	1	
24	15754	1	
24	1856	1	
24	22339	1	
24	4421	1	
24	12625	2	
24	4438	1	
24	12089	1	
24	1371	1	
24	1374	1	
24	22369	1	
24	13666	1	
24	11684	1	
24	15206	1	
24	11665	2	
24	8053	1	
24	14713	1	
24	21372	1	
24	4989	1	
24	12670	1	
24	8066	1	
24	3974	1	
24	3977	1	
24	2442	1	
24	4497	1	
24	20803	1	
24	1436	1	
24	12190	1	
24	13727	1	
24	15266	1	
24	4003	1	
24	16804	1	
24	22437	2	
24	20234	1	
24	15275	1	
24	16308	2	
24	1466	2	
24	17339	1	
24	11708	1	
24	16970	1	
24	22464	2	
24	11714	1	
24	8646	1	
24	13255	1	
24	9167	4	
24	9171	1	
24	18852	1	
24	10205	3	
24	10206	1	
24	7138	1	
24	21841	1	
24	10728	1	
24	18921	1	
24	10733	1	
24	16366	1	
24	4081	2	
24	3058	1	
24	13817	1	
24	11771	1	
24	6652	2	
24	12799	1	
25	12288	1	
25	8705	3	
25	16301	1	
25	4116	1	
25	12823	2	
25	16132	1	
25	17840	1	
25	6694	1	
25	15400	1	
25	1578	1	
25	22571	1	
25	16431	1	
25	1076	1	
25	1590	1	
25	1591	1	
25	13887	1	
25	3650	1	
25	7237	1	
25	8781	1	
25	12878	2	
25	4196	1	
25	13412	1	
25	2661	1	
25	9831	2	
25	17004	1	
25	622	3	
25	4209	1	
25	6263	1	
25	633	1	
25	6778	1	
25	13437	1	
25	13440	1	
25	19588	1	
25	15496	1	
25	655	1	
25	22041	1	
25	18075	1	
25	6816	1	
25	16035	1	
25	17060	1	
25	21617	1	
25	16839	1	
25	22188	1	
25	10928	1	
25	19133	1	
25	12478	1	
25	13516	1	
25	718	1	
25	22223	1	
25	7889	1	
25	4831	1	
25	10464	1	
25	13026	1	
25	8421	1	
25	14973	1	
25	20722	2	
25	16639	1	
25	4868	2	
25	19718	1	
25	18185	2	
25	4364	1	
25	20237	1	
25	19731	1	
25	4884	1	
25	18197	1	
25	7471	1	
25	16673	1	
25	20774	2	
25	16679	1	
25	12076	1	
25	2351	1	
25	1844	1	
25	2873	1	
25	17225	1	
25	19787	1	
25	21841	1	
25	14165	1	
25	21847	1	
25	6489	1	
25	2394	1	
25	22368	1	
25	3937	1	
25	14196	1	
25	3958	1	
25	12663	1	
25	386	1	
25	4484	1	
25	15237	1	
25	15752	1	
25	3468	1	
25	12354	1	
25	11662	1	
25	16272	1	
25	5535	1	
25	20384	1	
25	6054	1	
25	18861	1	
25	13232	1	
25	16833	1	
25	11714	1	
25	18887	1	
25	12746	1	
25	15820	1	
25	9170	1	
25	9684	1	
25	18917	1	
25	18406	1	
25	15337	1	
25	15850	1	
25	7660	1	
25	503	1	
25	7672	1	
26	8705	2	
26	19460	2	
26	14081	1	
26	22032	1	
26	2578	1	
26	19478	1	
26	22551	4	
26	7684	1	
26	6687	1	
26	1578	2	
26	16430	1	
26	3633	1	
26	10300	1	
26	21620	1	
26	7237	1	
26	15432	1	
26	588	1	
26	12878	2	
26	596	1	
26	18005	2	
26	16569	1	
26	602	1	
26	92	1	
26	7777	1	
26	16998	2	
26	12394	1	
26	18030	1	
26	13428	1	
26	6265	1	
26	13418	1	
26	18561	1	
26	12823	1	
26	15500	1	
26	20418	1	
26	19599	1	
26	13388	1	
26	9876	1	
26	18075	1	
26	11932	1	
26	16544	1	
26	16547	1	
26	16548	1	
26	10407	1	
26	10408	1	
26	10410	1	
26	9901	1	
26	11444	1	
26	11449	3	
26	15903	1	
26	12481	1	
26	19142	1	
26	11471	1	
26	10963	1	
26	13532	2	
26	10975	1	
26	10467	1	
26	8421	2	
26	22248	1	
26	19694	1	
26	7408	1	
26	7410	1	
26	17790	1	
26	248	1	
26	1786	2	
26	22267	1	
26	15616	1	
26	14593	1	
26	10499	1	
26	19718	1	
26	7476	1	
26	18185	1	
26	17163	1	
26	7952	1	
26	8238	1	
26	281	2	
26	284	1	
26	797	1	
26	4382	1	
26	8993	1	
26	18140	1	
26	18222	1	
26	1844	2	
26	9015	1	
26	5433	1	
26	21727	1	
26	5951	1	
26	4417	1	
26	6982	1	
26	5448	1	
26	841	1	
26	4942	1	
26	15184	1	
26	4433	1	
26	21817	1	
26	4441	1	
26	22369	1	
26	1378	1	
26	11113	1	
26	7400	1	
26	12670	1	
26	833	1	
26	3977	1	
26	3991	1	
26	16367	1	
26	7069	3	
26	10821	1	
26	6561	1	
26	15266	1	
26	4003	1	
26	4011	1	
26	11180	2	
26	1466	1	
26	11708	1	
26	1469	1	
26	7617	1	
26	11714	2	
26	8268	1	
26	5623	4	
26	15820	2	
26	16035	1	
26	5085	1	
26	3408	1	
26	14306	1	
26	4263	1	
26	8685	1	
26	3055	1	
26	16374	1	
26	18423	1	
26	5119	1	
27	12288	1	
27	19460	1	
27	13837	1	
27	22032	1	
27	1046	1	
27	17943	1	
27	1560	1	
27	17435	1	
27	3674	1	
27	4640	1	
27	17443	1	
27	2310	1	
27	13863	1	
27	17961	1	
27	1578	1	
27	16940	1	
27	7090	1	
27	16430	1	
27	17968	2	
27	3636	1	
27	17973	2	
27	7735	1	
27	3130	1	
27	4667	1	
27	13887	6	
27	19523	1	
27	7236	1	
27	8264	1	
27	588	1	
27	19725	1	
27	21586	3	
27	595	1	
27	12670	1	
27	5208	1	
27	7258	1	
27	6235	1	
27	9090	2	
27	7777	1	
27	9832	1	
27	13418	1	
27	5232	1	
27	13425	2	
27	6770	1	
27	13428	4	
27	6773	1	
27	18554	1	
27	9919	1	
27	11388	1	
27	19582	1	
27	18197	1	
27	6786	2	
27	5251	1	
27	7812	1	
27	19734	1	
27	10375	1	
27	10890	1	
27	13451	1	
27	19596	1	
27	10264	1	
27	3731	1	
27	1174	1	
27	13979	1	
27	16544	1	
27	4771	1	
27	13937	2	
27	22188	1	
27	4277	1	
27	16054	1	
27	13681	1	
27	11967	1	
27	8898	1	
27	9924	1	
27	18120	1	
27	16588	1	
27	13516	2	
27	5838	1	
27	8912	1	
27	3960	1	
27	5843	1	
27	7892	1	
27	11992	1	
27	4986	1	
27	19166	1	
27	21727	1	
27	9299	1	
27	7396	1	
27	7400	1	
27	6695	1	
27	14574	2	
27	21231	1	
27	16625	1	
27	17790	1	
27	12538	1	
27	1280	1	
27	15110	1	
27	18185	4	
27	17163	1	
27	4364	1	
27	13069	1	
27	10510	1	
27	13073	1	
27	10515	1	
27	12053	1	
27	21782	1	
27	2841	1	
27	7471	1	
27	13085	1	
27	4894	1	
27	9509	1	
27	16166	1	
27	6951	1	
27	16682	1	
27	20281	1	
27	6959	1	
27	15666	1	
27	1844	2	
27	1758	1	
27	6787	1	
27	1076	1	
27	18234	1	
27	22581	1	
27	833	1	
27	16194	1	
27	1163	2	
27	16201	1	
27	21323	1	
27	12625	1	
27	4438	1	
27	855	1	
27	18267	1	
27	13663	1	
27	22369	1	
27	15714	1	
27	4451	1	
27	13159	1	
27	9069	1	
27	1410	1	
27	17265	1	
27	372	1	
27	373	1	
27	13876	2	
27	9080	1	
27	3961	1	
27	14714	2	
27	9085	1	
27	9086	2	
27	14722	1	
27	16778	1	
27	17291	1	
27	1424	1	
27	11153	1	
27	15939	3	
27	10644	1	
27	1604	1	
27	13723	1	
27	20384	1	
27	13730	1	
27	18853	1	
27	8619	1	
27	12716	1	
27	18353	1	
27	1458	1	
27	15177	1	
27	18364	1	
27	22463	1	
27	6080	1	
27	21953	1	
27	11714	1	
27	15432	1	
27	21068	1	
27	12746	3	
27	11723	1	
27	13772	1	
27	9167	1	
27	14800	1	
27	4051	1	
27	9686	1	
27	12760	1	
27	11855	1	
27	10206	1	
27	17890	1	
27	10725	1	
27	15855	2	
27	1520	1	
27	12787	2	
27	7670	3	
27	15864	1	
27	6652	2	
27	15869	1	
27	6741	1	
28	4610	1	
28	13316	1	
28	22540	3	
28	8209	1	
28	4116	1	
28	10263	1	
28	10264	1	
28	20505	1	
28	14875	1	
28	22557	1	
28	13854	1	
28	9247	1	
28	13345	1	
28	1798	1	
28	17960	1	
28	15404	1	
28	16431	1	
28	8243	1	
28	1076	1	
28	22581	1	
28	4663	1	
28	15945	1	
28	588	1	
28	12878	1	
28	591	1	
28	3975	1	
28	3674	1	
28	22108	1	
28	18014	1	
28	7780	1	
28	16998	1	
28	10854	1	
28	6760	1	
28	11708	1	
28	13418	2	
28	8300	1	
28	10861	2	
28	17000	1	
28	13428	3	
28	6775	1	
28	9322	1	
28	1813	1	
28	13440	1	
28	13445	1	
28	20103	1	
28	444	1	
28	4235	1	
28	1176	1	
28	13978	1	
28	14493	1	
28	2207	1	
28	21668	1	
28	10407	1	
28	5052	1	
28	22188	1	
28	20142	1	
28	19126	1	
28	22205	1	
28	7870	1	
28	11967	1	
28	22304	1	
28	19140	1	
28	16075	1	
28	13516	1	
28	20180	1	
28	19671	1	
28	1243	1	
28	15584	1	
28	7400	1	
28	748	1	
28	8317	1	
28	5248	1	
28	4868	1	
28	2310	1	
28	3031	1	
28	4364	1	
28	15630	1	
28	7952	1	
28	18197	1	
28	4377	1	
28	12847	1	
28	797	1	
28	6432	4	
28	7303	1	
28	16175	1	
28	1844	1	
28	16181	1	
28	16695	1	
28	19771	1	
28	831	1	
28	16706	1	
28	835	1	
28	17737	1	
28	17890	1	
28	20303	1	
28	19282	1	
28	15190	1	
28	15191	1	
28	861	1	
28	8553	1	
28	13161	1	
28	9069	1	
28	3441	1	
28	12663	2	
28	22551	1	
28	16252	1	
28	1917	1	
28	18818	1	
28	8579	1	
28	903	1	
28	7660	2	
28	15682	1	
28	3991	1	
28	5529	1	
28	4509	1	
28	5534	1	
28	8611	1	
28	11180	1	
28	15279	1	
28	18352	1	
28	19379	1	
28	12617	1	
28	17337	1	
28	19900	1	
28	446	2	
28	11714	2	
28	6615	1	
28	13416	1	
28	9691	1	
28	18401	1	
28	14306	2	
28	13798	1	
28	7148	1	
28	10066	1	
28	16367	1	
28	5623	2	
28	5119	1	
29	1922	1	
29	7684	1	
29	19718	2	
29	15751	1	
29	18185	3	
29	14743	1	
29	4364	1	
29	13837	1	
29	22542	2	
29	1167	1	
29	18197	1	
29	4263	1	
29	22551	3	
29	10265	2	
29	18159	1	
29	4509	1	
29	13854	1	
29	15227	1	
29	6432	1	
29	7203	1	
29	12325	2	
29	4647	1	
29	4776	1	
29	4779	1	
29	9645	1	
29	8238	1	
29	15666	1	
29	9527	1	
29	1466	1	
29	8892	1	
29	4030	1	
29	11714	1	
29	13963	1	
29	7236	1	
29	1733	1	
29	13255	1	
29	15432	1	
29	19145	1	
29	16951	1	
29	13772	2	
29	6741	1	
29	12495	1	
29	21841	1	
29	5390	1	
29	3796	1	
29	18645	1	
29	12279	1	
29	10205	1	
29	10974	1	
29	18911	2	
29	14306	1	
29	2915	1	
29	16998	1	
29	21097	1	
29	13418	2	
29	10407	1	
29	19180	1	
29	19694	1	
29	3055	1	
29	7410	3	
29	13428	3	
29	5623	3	
29	8568	1	
29	633	1	
29	635	1	
29	15438	1	
29	5119	1	
30	8449	1	
30	18185	2	
30	6925	1	
30	20238	2	
30	7567	1	
30	3758	1	
30	22551	2	
30	20384	1	
30	12325	2	
30	10408	1	
30	17577	2	
30	8236	1	
30	15218	1	
30	8238	1	
30	21305	2	
30	13884	1	
30	19133	2	
30	13428	1	
30	11714	1	
30	12870	5	
30	19915	1	
30	14028	1	
30	4818	3	
30	15317	1	
30	20649	4	
30	11870	2	
30	22368	2	
30	17000	1	
30	19132	1	
30	7531	1	
30	3055	1	
30	7409	1	
30	1266	5	
30	14324	2	
30	5623	3	
31	8449	2	
31	7684	2	
31	14725	1	
31	9223	1	
31	2063	1	
31	18185	1	
31	4364	2	
31	7567	2	
31	1168	2	
31	22551	3	
31	281	1	
31	13723	1	
31	1167	1	
31	17312	1	
31	17313	1	
31	12325	1	
31	3878	2	
31	8615	1	
31	15751	1	
31	11821	1	
31	8238	1	
31	11449	1	
31	12602	1	
31	13884	3	
31	19133	1	
31	13887	1	
31	13888	2	
31	11714	2	
31	71	1	
31	72	1	
31	2841	2	
31	1997	1	
31	17485	1	
31	13905	1	
31	21305	1	
31	6104	1	
31	1883	1	
31	1466	1	
31	13026	1	
31	7397	1	
31	15979	1	
31	22252	1	
31	9069	1	
31	14575	2	
31	15218	4	
31	14324	2	
31	15221	2	
31	5623	1	
31	10360	1	
31	5625	1	
31	17148	1	
31	5246	1	
32	12288	1	
32	15874	1	
32	19460	1	
32	16901	1	
32	16902	1	
32	525	1	
32	10254	1	
32	19476	1	
32	7708	1	
32	22557	1	
32	15903	1	
32	10928	2	
32	10283	1	
32	18991	1	
32	16432	1	
32	13875	1	
32	13876	1	
32	1076	3	
32	15936	1	
32	15939	2	
32	15428	1	
32	7237	1	
32	11850	4	
32	588	1	
32	13901	3	
32	18510	1	
32	10833	1	
32	21586	2	
32	1465	1	
32	602	1	
32	3676	1	
32	11870	1	
32	5729	1	
32	13412	1	
32	16998	1	
32	4199	1	
32	3688	1	
32	8892	1	
32	13933	1	
32	14448	1	
32	632	1	
32	20095	1	
32	14469	2	
32	18055	1	
32	13961	1	
32	10383	1	
32	9552	1	
32	18577	1	
32	3220	2	
32	15536	2	
32	12471	3	
32	15548	1	
32	19133	3	
32	8898	1	
32	2243	1	
32	4293	1	
32	9418	1	
32	5840	2	
32	4818	1	
32	19156	1	
32	4311	1	
32	22232	1	
32	3812	1	
32	8421	1	
32	22252	2	
32	14081	1	
32	1067	1	
32	19716	1	
32	13069	1	
32	12558	1	
32	21264	1	
32	13085	1	
32	4385	1	
32	11048	1	
32	5929	2	
32	9095	1	
32	12076	2	
32	5421	1	
32	5934	2	
32	7471	2	
32	5424	1	
32	16436	1	
32	12602	2	
32	21168	1	
32	16193	1	
32	14660	1	
32	8013	1	
32	9488	1	
32	12625	1	
32	5458	1	
32	4438	2	
32	21305	2	
32	11101	2	
32	10292	1	
32	7019	2	
32	14703	1	
32	15216	1	
32	5489	1	
32	15220	1	
32	4986	1	
32	4988	1	
32	4989	1	
32	16774	1	
32	10631	1	
32	2446	2	
32	11669	1	
32	14743	1	
32	17823	1	
32	13730	1	
32	4011	1	
32	10159	1	
32	10161	1	
32	4019	1	
32	17846	1	
32	17337	1	
32	21946	1	
32	7617	1	
32	20418	1	
32	4038	1	
32	13255	1	
32	15266	1	
32	9167	1	
32	8270	1	
32	17968	1	
32	8668	1	
32	10206	1	
32	3408	1	
32	4603	1	
32	11760	3	
32	502	1	
32	11771	1	
33	12288	2	
33	7680	1	
33	19460	1	
33	4012	1	
33	7691	1	
33	12815	1	
33	4115	1	
33	19478	1	
33	15903	2	
33	11817	1	
33	22571	1	
33	16430	1	
33	12852	1	
33	1589	1	
33	1592	1	
33	4665	1	
33	13887	1	
33	12354	2	
33	3141	2	
33	15432	3	
33	588	1	
33	7010	1	
33	18510	1	
33	11855	1	
33	592	1	
33	7765	1	
33	18519	1	
33	15448	1	
33	89	1	
33	602	1	
33	18528	1	
33	7780	1	
33	12476	1	
33	15979	1	
33	21102	1	
33	2237	1	
33	13937	1	
33	6770	1	
33	632	2	
33	5246	1	
33	5760	1	
33	3201	1	
33	14978	1	
33	17003	1	
33	19588	1	
33	14985	2	
33	12426	1	
33	4235	1	
33	10382	1	
33	14993	1	
33	4547	1	
33	1174	1	
33	19607	2	
33	11444	1	
33	4764	1	
33	9892	1	
33	4781	1	
33	5811	1	
33	773	1	
33	12471	1	
33	696	1	
33	698	1	
33	2747	1	
33	18108	1	
33	19133	3	
33	14016	1	
33	4802	1	
33	11979	1	
33	718	1	
33	19156	2	
33	21727	1	
33	741	1	
33	748	2	
33	18162	1	
33	11514	1	
33	21756	1	
33	767	1	
33	13440	1	
33	19717	1	
33	3335	1	
33	20234	2	
33	4364	4	
33	13069	1	
33	5391	1	
33	7952	1	
33	281	1	
33	8988	1	
33	4382	1	
33	11041	1	
33	290	1	
33	21285	1	
33	5929	1	
33	22314	2	
33	2348	1	
33	18222	1	
33	7471	1	
33	16176	1	
33	15666	1	
33	21305	2	
33	1076	1	
33	6974	1	
33	831	2	
33	21314	1	
33	5447	1	
33	1352	1	
33	21841	1	
33	19282	1	
33	9358	1	
33	7519	1	
33	3936	1	
33	22369	1	
33	2914	1	
33	5996	1	
33	9069	2	
33	8568	1	
33	8570	1	
33	17790	1	
33	1414	1	
33	1415	1	
33	9458	1	
33	5514	2	
33	3979	1	
33	1420	1	
33	11662	1	
33	20882	2	
33	7578	1	
33	7237	1	
33	4000	1	
33	18928	1	
33	15275	1	
33	11692	2	
33	4013	1	
33	1460	1	
33	17336	1	
33	17337	1	
33	1469	2	
33	22464	1	
33	20384	1	
33	11714	1	
33	13763	1	
33	4087	1	
33	13772	1	
33	19405	1	
33	9167	3	
33	469	1	
33	14809	1	
33	22418	2	
33	22499	1	
33	488	1	
33	1514	2	
33	1515	1	
33	1517	1	
33	494	1	
33	11760	1	
33	7155	1	
33	502	1	
33	18935	1	
33	11771	1	
33	15869	2	
34	19460	1	
34	19464	1	
34	8728	1	
34	1053	1	
34	7201	1	
34	18267	1	
34	8742	1	
34	3627	1	
34	16431	1	
34	8753	1	
34	4665	1	
34	13887	2	
34	11841	1	
34	3652	1	
34	7241	1	
34	11850	1	
34	10833	1	
34	7765	1	
34	7952	1	
34	10851	1	
34	11887	1	
34	13937	2	
34	17016	1	
34	21629	1	
34	14649	1	
34	4032	1	
34	13954	1	
34	13445	1	
34	6791	1	
34	3217	1	
34	13970	1	
34	3220	1	
34	11931	1	
34	5276	1	
34	22188	1	
34	15548	1	
34	19133	1	
34	14024	1	
34	16586	1	
34	22220	1	
34	11471	1	
34	22229	1	
34	719	1	
34	10972	1	
34	10975	1	
34	6375	1	
34	7407	1	
34	1266	2	
34	17141	1	
34	17142	2	
34	18174	1	
34	14081	1	
34	13066	1	
34	4364	3	
34	13069	1	
34	5390	1	
34	17168	1	
34	10515	2	
34	16661	1	
34	16662	1	
34	5400	1	
34	8988	1	
34	18207	1	
34	10016	1	
34	19238	1	
34	5415	1	
34	1835	1	
34	18222	1	
34	1844	2	
34	16694	1	
34	2873	1	
34	4831	1	
34	17290	1	
34	17227	1	
34	8013	1	
34	3919	1	
34	12625	1	
34	4438	1	
34	21305	1	
34	1371	1	
34	7104	1	
34	19814	1	
34	9069	2	
34	11632	1	
34	13873	1	
34	21880	1	
34	3978	1	
34	1420	1	
34	917	1	
34	7065	1	
34	1092	1	
34	7578	1	
34	7582	1	
34	4000	1	
34	15266	1	
34	10155	1	
34	11180	1	
34	21933	1	
34	5554	1	
34	15795	1	
34	10679	1	
34	1013	1	
34	22464	1	
34	11714	2	
34	16854	1	
34	4601	1	
34	18911	1	
34	3553	1	
34	10727	1	
34	11760	1	
34	11765	1	
34	7673	1	
34	11771	2	
34	6652	1	
34	12799	1	
35	13316	2	
35	3220	1	
35	17068	1	
35	9227	1	
35	19460	1	
35	11292	1	
35	6175	1	
35	21295	1	
35	8741	1	
35	8742	3	
35	3627	1	
35	8236	2	
35	12333	1	
35	6770	1	
35	1545	1	
35	3647	1	
35	3648	1	
35	22082	1	
35	15428	1	
35	15432	1	
35	20236	1	
35	11851	1	
35	588	4	
35	21586	4	
35	7764	1	
35	15448	1	
35	602	3	
35	1627	1	
35	3676	1	
35	3171	1	
35	21606	1	
35	3688	2	
35	3689	1	
35	1648	1	
35	13937	3	
35	21618	1	
35	10867	1	
35	18042	1	
35	13445	1	
35	7306	1	
35	13451	1	
35	16900	1	
35	7313	1	
35	9876	1	
35	19093	1	
35	10392	1	
35	14489	1	
35	17053	1	
35	19102	1	
35	14495	2	
35	1136	1	
35	13986	1	
35	17067	1	
35	11436	2	
35	9901	1	
35	20142	1	
35	19124	1	
35	12471	1	
35	5818	1	
35	18975	1	
35	19133	3	
35	7875	1	
35	11469	1	
35	7374	1	
35	11471	1	
35	9644	1	
35	10684	1	
35	15582	1	
35	15583	1	
35	7905	1	
35	7911	1	
35	5353	2	
35	5354	1	
35	20717	1	
35	3311	1	
35	7635	1	
35	1785	1	
35	18686	1	
35	1280	1	
35	2310	1	
35	18185	3	
35	5591	1	
35	4364	5	
35	20237	1	
35	8749	1	
35	21264	1	
35	10515	1	
35	19736	1	
35	19737	1	
35	7451	2	
35	8988	1	
35	14469	1	
35	1826	1	
35	17195	1	
35	18222	1	
35	7471	1	
35	17200	1	
35	10206	1	
35	21305	2	
35	2442	1	
35	7999	1	
35	16705	1	
35	22344	1	
35	7497	1	
35	7504	1	
35	12625	1	
35	5972	1	
35	6489	1	
35	18267	6	
35	4496	11	
35	8550	1	
35	7016	1	
35	20329	1	
35	5351	1	
35	14700	1	
35	9069	1	
35	11632	5	
35	15218	1	
35	12663	1	
35	8569	1	
35	4988	1	
35	1918	2	
35	9600	1	
35	4417	1	
35	17290	3	
35	5186	1	
35	22416	1	
35	4497	1	
35	22418	1	
35	2451	2	
35	13717	1	
35	13719	1	
35	11672	1	
35	5529	1	
35	7579	1	
35	926	2	
35	20012	1	
35	7584	2	
35	13723	1	
35	3493	1	
35	15276	1	
35	5552	1	
35	596	1	
35	15774	1	
35	11195	1	
35	6076	1	
35	1982	1	
35	22463	1	
35	14272	1	
35	11714	1	
35	16835	1	
35	16837	1	
35	13255	1	
35	13768	1	
35	20429	1	
35	14798	2	
35	17360	1	
35	13779	1	
35	7638	1	
35	14807	3	
35	4056	1	
35	10717	1	
35	6622	1	
35	19938	1	
35	6651	1	
35	11760	4	
35	502	1	
35	15863	2	
35	5625	2	
35	11771	3	
35	15869	2	
36	12288	1	
36	14592	2	
36	20998	1	
36	19464	1	
36	7690	1	
36	16915	1	
36	22551	1	
36	4356	1	
36	9244	1	
36	18463	1	
36	22574	1	
36	16431	3	
36	16434	1	
36	9269	1	
36	19512	1	
36	569	2	
36	1594	1	
36	16443	1	
36	19516	1	
36	12354	1	
36	19126	1	
36	11337	1	
36	11850	2	
36	21586	3	
36	5208	1	
36	19551	1	
36	18528	1	
36	4708	1	
36	12905	1	
36	14448	1	
36	13937	1	
36	10857	1	
36	4219	1	
36	16661	1	
36	1154	1	
36	18052	1	
36	4230	1	
36	648	1	
36	649	1	
36	650	1	
36	15499	1	
36	7618	1	
36	17041	1	
36	13970	1	
36	18067	1	
36	14488	2	
36	6816	1	
36	673	1	
36	22186	1	
36	15532	1	
36	16054	1	
36	12471	1	
36	10798	1	
36	8892	2	
36	9918	1	
36	21696	1	
36	20165	1	
36	18632	1	
36	8908	1	
36	1227	1	
36	16588	1	
36	719	1	
36	18808	1	
36	4831	1	
36	1763	1	
36	7397	1	
36	4326	1	
36	4328	1	
36	22252	1	
36	1266	1	
36	22266	1	
36	18173	1	
36	1280	1	
36	4868	5	
36	6925	1	
36	18197	1	
36	7447	1	
36	8989	1	
36	18209	2	
36	10531	1	
36	19238	1	
36	5928	1	
36	2348	1	
36	21295	1	
36	10975	2	
36	20285	1	
36	15166	1	
36	13451	1	
36	20292	1	
36	17225	1	
36	12429	1	
36	12625	1	
36	9047	1	
36	4441	1	
36	2394	1	
36	16224	1	
36	11946	1	
36	13161	1	
36	14703	2	
36	6517	1	
36	21880	1	
36	10105	1	
36	893	1	
36	12673	5	
36	12164	1	
36	7563	1	
36	8086	1	
36	20384	1	
36	435	1	
36	4169	1	
36	11714	1	
36	5576	1	
36	12746	1	
36	20429	1	
36	6643	1	
36	8180	2	
36	18975	1	
36	16891	1	
36	6652	1	
36	13821	1	
36	12799	1	
