1	15488	1	
1	22368	1	
1	4868	1	
1	20357	1	
1	9479	1	
1	18696	1	
1	3991	1	
1	22573	1	
1	8079	1	
1	1174	1	
1	22551	1	
1	21295	1	
1	9887	1	
1	20384	1	
1	18851	1	
1	6951	1	
1	12585	2	
1	3629	1	
1	5806	1	
1	15791	1	
1	433	1	
1	18393	1	
1	7095	1	
1	2525	1	
1	10555	1	
1	8892	1	
1	19133	1	
1	6489	1	
1	15808	1	
1	15809	1	
1	11714	1	
1	18108	1	
1	15045	1	
1	9543	1	
1	12465	1	
1	15434	1	
1	20299	1	
1	13388	1	
1	17293	1	
1	9169	1	
1	6099	1	
1	12717	1	
1	11741	1	
1	10975	1	
1	18528	1	
1	7783	1	
1	14725	1	
1	20329	2	
1	7897	1	
1	7463	1	
1	7536	1	
1	18932	1	
1	16373	1	
1	17016	1	
2	18947	1	
2	13316	1	
2	4950	1	
2	18177	1	
2	1546	1	
2	22032	1	
2	13844	1	
2	10926	1	
2	10774	1	
2	3608	1	
2	3332	1	
2	22557	1	
2	16901	1	
2	8225	1	
2	12379	1	
2	8741	1	
2	22057	1	
2	22571	1	
2	1580	1	
2	13360	1	
2	9777	1	
2	11826	1	
2	12852	2	
2	1078	1	
2	4873	1	
2	1594	1	
2	14909	1	
2	4670	1	
2	3647	1	
2	7776	1	
2	8260	1	
2	10821	1	
2	1607	2	
2	19016	1	
2	74	1	
2	13901	1	
2	15439	1	
2	11856	1	
2	15441	1	
2	4691	1	
2	5207	4	
2	6345	1	
2	10331	2	
2	13404	1	
2	11870	2	
2	18016	1	
2	15971	1	
2	13412	1	
2	12390	1	
2	9831	1	
2	8892	1	
2	19460	1	
2	7783	1	
2	9837	1	
2	18030	1	
2	14448	1	
2	9333	1	
2	6776	1	
2	14969	1	
2	11898	1	
2	9854	1	
2	13440	1	
2	13445	1	
2	6791	1	
2	14475	2	
2	21613	1	
2	9873	1	
2	10900	1	
2	10904	1	
2	16030	1	
2	18080	1	
2	17264	1	
2	9381	1	
2	14504	1	
2	9901	1	
2	21678	1	
2	14365	1	
2	16049	2	
2	19124	1	
2	10934	1	
2	12471	1	
2	3258	1	
2	15903	1	
2	3260	1	
2	19133	2	
2	7870	1	
2	2243	1	
2	18628	1	
2	20165	1	
2	20167	1	
2	18632	4	
2	18633	2	
2	13514	1	
2	8908	1	
2	2255	1	
2	18128	1	
2	377	1	
2	22232	1	
2	15579	1	
2	18140	1	
2	15582	1	
2	16608	1	
2	10978	1	
2	8935	1	
2	8532	1	
2	18267	1	
2	13549	1	
2	893	3	
2	6389	1	
2	16890	1	
2	15096	1	
2	15609	1	
2	15610	2	
2	14592	1	
2	14081	1	
2	7938	1	
2	19243	1	
2	4868	1	
2	4870	1	
2	8236	1	
2	4364	2	
2	8461	1	
2	18192	2	
2	18819	1	
2	17172	1	
2	12565	1	
2	15128	1	
2	16260	1	
2	2351	1	
2	8989	1	
2	2847	1	
2	8480	1	
2	5414	1	
2	7463	1	
2	5929	2	
2	9351	1	
2	21295	6	
2	18228	1	
2	12599	1	
2	7988	1	
2	7996	1	
2	7485	1	
2	8511	1	
2	6464	1	
2	4417	1	
2	11318	1	
2	8518	1	
2	22343	1	
2	7564	1	
2	10573	1	
2	9038	1	
2	3408	1	
2	12625	1	
2	15456	1	
2	18772	1	
2	14677	2	
2	9558	1	
2	13658	2	
2	10075	1	
2	1374	2	
2	13663	1	
2	22369	1	
2	20329	4	
2	10096	1	
2	12151	3	
2	21880	2	
2	12153	1	
2	9791	1	
2	13693	1	
2	8063	1	
2	14722	1	
2	13187	1	
2	1412	1	
2	14725	1	
2	7558	1	
2	18528	1	
2	10636	1	
2	20877	1	
2	10525	1	
2	4496	1	
2	9621	1	
2	3321	1	
2	7069	1	
2	7582	1	
2	20384	4	
2	6563	1	
2	6564	1	
2	18853	3	
2	1446	1	
2	10151	1	
2	18857	2	
2	11692	1	
2	7085	1	
2	8630	1	
2	15293	1	
2	22464	1	
2	8641	1	
2	11714	1	
2	10180	1	
2	13255	2	
2	3528	1	
2	11726	1	
2	16848	1	
2	7638	1	
2	5591	1	
2	2525	1	
2	1445	1	
2	2640	1	
2	19938	1	
2	14830	1	
2	11760	2	
2	10621	1	
2	4601	1	
2	4602	2	
3	17323	1	
3	12805	1	
3	7686	1	
3	1545	1	
3	21874	1	
3	10727	1	
3	22032	1	
3	15532	1	
3	14359	1	
3	19480	1	
3	17435	3	
3	31	1	
3	7600	2	
3	10277	1	
3	21032	1	
3	15402	1	
3	22571	2	
3	7537	1	
3	9265	1	
3	1074	1	
3	4787	1	
3	17463	1	
3	3130	1	
3	11835	1	
3	4668	2	
3	20234	1	
3	12351	1	
3	19520	1	
3	4448	1	
3	22082	1	
3	22369	2	
3	15432	2	
3	15434	2	
3	588	5	
3	13389	1	
3	11855	5	
3	10320	1	
3	21586	3	
3	15971	1	
3	7764	1	
3	5207	2	
3	15448	2	
3	89	1	
3	602	3	
3	7771	1	
3	8797	1	
3	18528	1	
3	99	1	
3	13937	3	
3	18023	1	
3	15464	1	
3	7783	1	
3	18540	1	
3	21613	2	
3	11887	1	
3	20080	1	
3	1137	1	
3	20343	1	
3	9918	1	
3	3702	1	
3	8041	1	
3	17017	1	
3	4218	1	
3	3197	1	
3	1385	1	
3	5248	2	
3	7019	2	
3	14981	1	
3	9351	1	
3	7306	1	
3	12429	1	
3	9069	1	
3	3217	2	
3	6290	1	
3	661	1	
3	18628	4	
3	17071	1	
3	12446	1	
3	14495	2	
3	17569	1	
3	21873	1	
3	5801	1	
3	11434	1	
3	683	1	
3	1708	1	
3	9901	2	
3	11438	1	
3	19741	2	
3	16049	3	
3	6323	2	
3	19124	10	
3	13493	1	
3	21686	1	
3	21364	1	
3	698	1	
3	12575	1	
3	19133	4	
3	7870	1	
3	703	1	
3	7874	1	
3	10436	1	
3	20165	5	
3	13514	1	
3	20167	1	
3	20168	2	
3	18633	2	
3	7370	1	
3	1227	1	
3	22220	1	
3	719	1	
3	7888	1	
3	5331	1	
3	17806	1	
3	11992	1	
3	5337	1	
3	11482	1	
3	11471	1	
3	13532	1	
3	11898	2	
3	4831	2	
3	8416	2	
3	2273	1	
3	22188	1	
3	740	1	
3	7397	1	
3	5352	2	
3	4329	1	
3	5354	1	
3	12013	1	
3	20723	2	
3	5929	1	
3	1272	1	
3	17657	1	
3	5498	1	
3	1280	1	
3	9600	1	
3	14082	1	
3	4868	1	
3	14088	1	
3	18185	1	
3	9482	1	
3	4364	3	
3	271	1	
3	7952	1	
3	22232	1	
3	4886	3	
3	15128	1	
3	19737	3	
3	12570	1	
3	7471	3	
3	8989	1	
3	4894	1	
3	8479	1	
3	17185	1	
3	21797	1	
3	5414	1	
3	6441	1	
3	3975	1	
3	21295	6	
3	8502	2	
3	21305	2	
3	15674	1	
3	20284	1	
3	17034	1	
3	1342	1	
3	831	1	
3	21312	1	
3	22338	1	
3	20803	1	
3	16694	1	
3	20303	1	
3	15184	1	
3	12625	1	
3	21330	1	
3	11604	1	
3	14677	5	
3	9047	2	
3	18776	1	
3	6489	2	
3	11098	1	
3	18267	6	
3	1372	1	
3	20794	1	
3	22368	1	
3	11152	1	
3	3426	1	
3	20329	1	
3	8043	2	
3	8741	5	
3	21870	1	
3	14703	1	
3	10096	1	
3	11496	1	
3	9074	1	
3	21875	1	
3	7540	1	
3	15166	1	
3	12151	1	
3	14714	1	
3	1918	1	
3	5504	1	
3	15751	1	
3	1445	1	
3	15754	3	
3	10636	1	
3	13113	1	
3	11151	1	
3	4496	10	
3	4497	3	
3	13716	1	
3	11672	1	
3	5529	1	
3	12188	1	
3	7581	1	
3	8606	2	
3	11760	7	
3	15266	5	
3	9637	1	
3	18345	1	
3	4011	1	
3	21849	1	
3	16301	2	
3	18862	2	
3	10397	1	
3	21936	2	
3	7601	2	
3	7582	2	
3	16961	1	
3	14256	1	
3	18632	2	
3	11850	1	
3	22464	4	
3	13901	1	
3	13766	1	
3	13255	1	
3	4328	1	
3	9167	3	
3	7633	2	
3	15314	1	
3	16851	1	
3	9684	1	
3	9687	2	
3	20952	1	
3	13787	1	
3	20389	1	
3	11856	3	
3	4581	1	
3	4433	2	
3	21993	1	
3	13440	1	
3	15869	2	
3	21488	1	
3	10225	1	
3	11250	1	
3	3574	1	
3	11771	1	
3	6652	4	
3	5629	1	
3	9727	1	
4	4612	1	
4	17424	1	
4	14865	1	
4	13316	1	
4	17435	1	
4	22557	2	
4	15903	1	
4	8236	2	
4	12852	2	
4	4668	2	
4	3650	1	
4	7237	1	
4	17991	1	
4	18505	1	
4	17994	1	
4	588	1	
4	22115	1	
4	15975	1	
4	18030	1	
4	13937	4	
4	21618	1	
4	19571	1	
4	4884	1	
4	22464	1	
4	2179	1	
4	14475	3	
4	17550	1	
4	13969	1	
4	17046	1	
4	22167	1	
4	19098	1	
4	16539	1	
4	12446	2	
4	1706	1	
4	17259	1	
4	15532	1	
4	19124	1	
4	6326	2	
4	12471	2	
4	15033	2	
4	4284	2	
4	19133	7	
4	2239	1	
4	14016	1	
4	15554	1	
4	22220	2	
4	11471	1	
4	9424	1	
4	4818	1	
4	11477	1	
4	4310	1	
4	11479	1	
4	1753	1	
4	7392	1	
4	16848	1	
4	7396	1	
4	17141	2	
4	759	1	
4	8443	1	
4	17150	1	
4	14595	1	
4	16651	1	
4	22292	1	
4	7455	1	
4	17184	1	
4	2860	1	
4	20269	1	
4	21295	6	
4	14654	1	
4	6464	1	
4	15584	1	
4	20303	1	
4	15184	1	
4	12625	3	
4	17747	1	
4	14677	1	
4	13658	1	
4	18267	1	
4	22368	1	
4	22369	2	
4	9873	1	
4	8043	1	
4	9069	2	
4	21871	1	
4	17265	1	
4	21874	1	
4	12663	1	
4	7560	1	
4	4496	3	
4	4497	3	
4	8600	1	
4	10147	1	
4	18857	1	
4	18862	1	
4	5551	1	
4	11337	1	
4	21949	1	
4	12734	1	
4	16832	1	
4	11714	1	
4	21957	2	
4	16842	1	
4	20431	1	
4	17360	2	
4	10721	1	
4	12778	1	
4	500	1	
4	2552	1	
4	13819	1	
4	15869	1	
5	9729	1	
5	15874	1	
5	12292	1	
5	12805	1	
5	1537	1	
5	15532	1	
5	6146	1	
5	14	1	
5	17424	1	
5	19478	1	
5	13849	1	
5	17435	3	
5	22557	1	
5	2594	1	
5	7771	1	
5	555	1	
5	8236	3	
5	4146	1	
5	12852	1	
5	4149	1	
5	12342	1	
5	12855	1	
5	1716	1	
5	4670	1	
5	11334	1	
5	17991	1	
5	72	1	
5	21586	3	
5	5208	1	
5	12891	1	
5	1094	1	
5	11870	1	
5	3171	1	
5	18022	1	
5	3688	1	
5	18540	1	
5	15473	1	
5	1538	1	
5	10867	2	
5	3190	1	
5	16832	1	
5	10603	1	
5	6791	1	
5	1163	1	
5	4240	1	
5	13973	2	
5	10392	1	
5	6809	1	
5	13252	1	
5	17053	1	
5	14021	1	
5	17569	1	
5	20643	1	
5	10917	1	
5	11945	1	
5	22188	1	
5	15534	1	
5	21679	1	
5	19124	3	
5	12471	1	
5	8378	1	
5	8892	2	
5	19133	5	
5	8992	1	
5	4293	1	
5	13514	1	
5	9424	1	
5	11992	1	
5	7897	1	
5	22234	1	
5	14046	1	
5	741	1	
5	13778	1	
5	4846	1	
5	22258	1	
5	20227	1	
5	4868	2	
5	2310	1	
5	22572	1	
5	4364	1	
5	10510	2	
5	16656	1	
5	787	2	
5	7451	1	
5	1824	1	
5	18222	2	
5	21295	2	
5	9522	1	
5	2416	1	
5	13113	1	
5	11066	1	
5	7996	1	
5	4414	1	
5	8511	1	
5	16195	1	
5	11318	1	
5	20813	1	
5	6991	1	
5	3408	2	
5	14677	2	
5	22369	1	
5	8043	3	
5	9069	3	
5	11632	1	
5	18773	1	
5	886	1	
5	8569	1	
5	1918	1	
5	5513	1	
5	4493	1	
5	4496	4	
5	7057	1	
5	8086	1	
5	21657	1	
5	13720	1	
5	410	1	
5	8603	1	
5	4509	1	
5	16197	1	
5	15777	1	
5	15266	1	
5	6564	1	
5	18853	1	
5	1446	1	
5	15273	1	
5	11692	3	
5	18862	2	
5	22464	2	
5	4547	1	
5	5060	1	
5	12746	1	
5	13772	1	
5	19408	1	
5	9170	1	
5	4569	1	
5	15184	1	
5	15850	1	
5	3060	1	
5	12799	1	
6	11777	2	
6	4612	1	
6	16397	1	
6	22032	1	
6	20142	1	
6	18966	1	
6	1568	1	
6	1627	4	
6	14769	1	
6	22571	1	
6	20014	1	
6	14895	1	
6	3130	1	
6	12354	2	
6	7241	1	
6	11851	1	
6	13389	1	
6	591	1	
6	21586	1	
6	7764	1	
6	13398	1	
6	13912	1	
6	1626	1	
6	7771	1	
6	7262	1	
6	7263	1	
6	17424	1	
6	13412	1	
6	7785	1	
6	13420	1	
6	11887	1	
6	13937	1	
6	6770	1	
6	10357	1	
6	15977	1	
6	14969	1	
6	5755	1	
6	18965	1	
6	21696	1	
6	13445	1	
6	13959	1	
6	4234	1	
6	14475	1	
6	4241	1	
6	9072	2	
6	11438	1	
6	10928	1	
6	19124	2	
6	15033	1	
6	19133	8	
6	4287	4	
6	14016	2	
6	4293	2	
6	16588	1	
6	18128	1	
6	20690	1	
6	14037	1	
6	11992	3	
6	7392	1	
6	7397	1	
6	5352	1	
6	4647	1	
6	1273	1	
6	14592	1	
6	8449	2	
6	16131	1	
6	3844	1	
6	19718	1	
6	3201	1	
6	9687	2	
6	6924	1	
6	20237	1	
6	7471	1	
6	20255	1	
6	3877	2	
6	20266	1	
6	18222	2	
6	21295	5	
6	8502	1	
6	21305	2	
6	16701	2	
6	8511	3	
6	1163	1	
6	4421	1	
6	1865	1	
6	1867	1	
6	4942	2	
6	14677	1	
6	18267	2	
6	8421	1	
6	22368	2	
6	11152	1	
6	1380	1	
6	15207	1	
6	8043	2	
6	9069	4	
6	14703	2	
6	6000	1	
6	3958	1	
6	1918	1	
6	4496	3	
6	7570	1	
6	4500	2	
6	3991	1	
6	19866	1	
6	7581	1	
6	7584	1	
6	15266	2	
6	19364	1	
6	11175	1	
6	15273	6	
6	4011	1	
6	18862	1	
6	18865	1	
6	4019	1	
6	13129	1	
6	15305	1	
6	9684	1	
6	14807	1	
6	4569	1	
6	10214	1	
6	13800	1	
6	4364	2	
6	14761	4	
6	5625	1	
6	6651	1	
7	11904	1	
7	11777	1	
7	17028	1	
7	1029	1	
7	4617	1	
7	2442	1	
7	4364	2	
7	2446	1	
7	4496	1	
7	20113	1	
7	409	1	
7	3844	2	
7	18503	1	
7	10814	1	
7	14492	1	
7	7581	1	
7	7749	1	
7	7216	1	
7	1826	1	
7	18267	2	
7	15273	1	
7	6955	1	
7	11692	1	
7	7600	1	
7	19124	2	
7	17207	1	
7	5304	1	
7	10214	1	
7	19133	1	
7	1342	1	
7	15679	1	
7	13445	1	
7	12354	1	
7	7875	1	
7	19396	1	
7	4293	1	
7	9121	1	
7	13129	1	
7	14583	1	
7	719	1	
7	13776	1	
7	12625	1	
7	21586	1	
7	4414	1	
7	9684	1	
7	20695	1	
7	6651	1	
7	7771	1	
7	11771	1	
7	4960	1	
7	22369	1	
7	15971	1	
7	10981	1	
7	12518	1	
7	5352	1	
7	10122	1	
7	11760	2	
7	7537	1	
7	15218	1	
7	10227	1	
7	13182	1	
7	12663	1	
7	9044	1	
7	6777	1	
7	4287	1	
7	7497	1	
8	14592	1	
8	11777	1	
8	8449	1	
8	906	1	
8	4364	1	
8	1167	1	
8	22032	2	
8	2325	1	
8	20384	1	
8	7600	1	
8	15266	1	
8	20774	1	
8	11121	1	
8	15273	1	
8	21292	1	
8	1280	1	
8	7216	1	
8	19124	3	
8	21305	1	
8	18364	1	
8	19133	1	
8	4414	1	
8	14016	1	
8	11024	1	
8	7109	1	
8	4046	1	
8	21330	1	
8	9684	1	
8	5207	1	
8	18267	2	
8	605	1	
8	22369	1	
8	19238	1	
8	18022	1	
8	7527	1	
8	700	1	
8	15856	1	
8	20465	1	
8	11511	1	
8	10105	1	
8	7546	1	
8	6652	1	
8	5498	1	
9	12288	3	
9	19464	1	
9	4623	1	
9	17424	1	
9	4138	1	
9	3629	1	
9	11832	1	
9	13887	2	
9	13889	1	
9	7237	1	
9	12360	1	
9	11851	1	
9	588	1	
9	13901	1	
9	11856	1	
9	21586	2	
9	5719	1	
9	13912	1	
9	602	1	
9	7263	1	
9	15971	1	
9	2153	1	
9	15979	1	
9	13937	1	
9	6770	1	
9	7785	1	
9	17016	1	
9	2239	1	
9	3201	1	
9	13445	1	
9	2704	2	
9	3220	1	
9	11431	1	
9	11436	2	
9	17075	2	
9	19124	4	
9	19133	12	
9	4287	1	
9	14016	2	
9	18113	1	
9	19651	1	
9	20690	1	
9	17108	1	
9	4310	1	
9	22232	1	
9	4831	1	
9	7396	1	
9	7397	1	
9	5356	1	
9	10996	1	
9	5371	1	
9	19718	1	
9	20232	1	
9	16650	1	
9	17163	1	
9	20237	1	
9	10510	1	
9	17171	1	
9	18222	2	
9	19737	1	
9	7471	2	
9	5933	1	
9	814	1	
9	21295	1	
9	8502	1	
9	21305	6	
9	1342	1	
9	8518	1	
9	17740	1	
9	4942	1	
9	3408	1	
9	18773	1	
9	858	2	
9	18267	5	
9	22369	1	
9	15207	1	
9	9069	5	
9	14703	2	
9	6000	2	
9	20343	1	
9	1918	2	
9	5503	1	
9	13697	1	
9	4496	6	
9	11672	1	
9	7578	1	
9	7580	1	
9	7584	2	
9	15266	1	
9	15273	2	
9	16812	1	
9	18862	2	
9	7600	1	
9	13749	1	
9	12734	1	
9	13759	1	
9	13778	1	
9	18393	1	
9	15329	1	
9	494	1	
9	11760	1	
9	6136	1	
9	11771	3	
9	6652	1	
9	16893	1	
9	14677	4	
10	9729	1	
10	13316	1	
10	19464	1	
10	17424	2	
10	7854	1	
10	20502	1	
10	17435	1	
10	10783	1	
10	7601	1	
10	12852	1	
10	12855	1	
10	19519	1	
10	8033	1	
10	17994	2	
10	588	1	
10	21586	1	
10	9300	1	
10	5207	2	
10	13912	1	
10	7779	1	
10	7785	1	
10	21613	1	
10	11887	1	
10	14448	2	
10	13941	1	
10	2167	1	
10	14969	1	
10	11898	1	
10	18044	1	
10	18557	1	
10	5246	1	
10	15491	1	
10	1670	1	
10	16539	1	
10	7848	2	
10	5801	1	
10	22188	1	
10	5806	1	
10	10928	2	
10	6323	1	
10	19124	2	
10	13493	1	
10	19133	4	
10	5311	1	
10	6338	1	
10	10436	1	
10	17608	1	
10	13514	1	
10	13516	1	
10	21709	1	
10	718	1	
10	14546	1	
10	17108	1	
10	10454	1	
10	3127	1	
10	17359	4	
10	7901	1	
10	5347	1	
10	7397	1	
10	20198	1	
10	18668	1	
10	11474	1	
10	2686	1	
10	17143	1	
10	10452	1	
10	6917	1	
10	20234	1	
10	20236	1	
10	11029	1	
10	18393	1	
10	20253	1	
10	19238	1	
10	7463	2	
10	10540	1	
10	21305	1	
10	20284	1	
10	14730	1	
10	4414	1	
10	22341	1	
10	1867	1	
10	4945	1	
10	14677	3	
10	8026	1	
10	863	1	
10	10080	1	
10	22369	2	
10	7010	1	
10	5480	1	
10	8043	2	
10	19308	1	
10	9069	5	
10	21870	1	
10	9072	2	
10	7025	1	
10	4496	3	
10	12663	1	
10	1918	1	
10	5503	1	
10	21889	1	
10	12162	1	
10	21898	1	
10	11152	1	
10	4497	1	
10	2451	1	
10	4500	1	
10	8604	2	
10	4509	1	
10	20384	1	
10	931	1	
10	19364	1	
10	15273	3	
10	22442	1	
10	9067	1	
10	11692	1	
10	16301	1	
10	431	1	
10	18865	1	
10	10682	1	
10	6075	1	
10	21949	1	
10	17141	1	
10	22464	2	
10	10179	1	
10	19396	1	
10	13255	1	
10	11340	1	
10	20900	1	
10	9167	1	
10	13778	1	
10	9684	1	
10	7638	1	
10	5591	1	
10	15268	1	
10	18911	1	
10	19939	1	
10	12625	4	
10	13800	1	
10	13992	2	
10	15864	1	
10	7764	1	
11	15874	1	
11	19460	1	
11	16902	1	
11	11292	1	
11	33	1	
11	4647	1	
11	1578	1	
11	1068	2	
11	46	1	
11	8236	1	
11	1074	1	
11	3636	1	
11	10300	1	
11	13885	1	
11	2133	1	
11	13887	1	
11	18784	1	
11	7236	1	
11	15432	2	
11	18505	1	
11	11850	1	
11	12880	1	
11	21586	1	
11	2645	1	
11	15448	1	
11	602	1	
11	7265	1	
11	3171	1	
11	18022	1	
11	6248	1	
11	18540	1	
11	14448	1	
11	13937	1	
11	1650	1	
11	13428	1	
11	7870	1	
11	3190	2	
11	20329	1	
11	14969	1	
11	4218	1	
11	3197	1	
11	3201	1	
11	17259	1	
11	13445	1	
11	1163	1	
11	2704	1	
11	3217	2	
11	1136	1	
11	13986	1	
11	11428	1	
11	683	1	
11	11436	1	
11	11438	1	
11	2224	1	
11	371	1	
11	19124	3	
11	19133	2	
11	9918	1	
11	12481	1	
11	13772	1	
11	11471	2	
11	19155	1	
11	12665	1	
11	22232	1	
11	6778	1	
11	4831	1	
11	15584	2	
11	7905	1	
11	6372	1	
11	6375	2	
11	15593	1	
11	12010	1	
11	22252	2	
11	12013	1	
11	14717	1	
11	12529	3	
11	5331	1	
11	17140	1	
11	22262	1	
11	14176	1	
11	14594	1	
11	4868	1	
11	18185	1	
11	4364	2	
11	7952	1	
11	17170	1	
11	7451	1	
11	14469	1	
11	17184	1	
11	7457	1	
11	5934	1	
11	13113	1	
11	20794	1	
11	1852	1	
11	1855	1	
11	15170	1	
11	6979	1	
11	9038	1	
11	12625	1	
11	8532	1	
11	18773	1	
11	21305	2	
11	858	1	
11	18267	1	
11	3934	1	
11	15199	1	
11	22368	2	
11	22369	1	
11	15204	1	
11	10897	1	
11	8041	1	
11	8043	3	
11	9069	1	
11	15215	1	
11	3955	1	
11	12663	1	
11	3960	1	
11	12153	1	
11	14714	1	
11	14716	1	
11	4989	1	
11	1918	1	
11	1921	1	
11	4492	1	
11	4496	1	
11	917	1	
11	7578	2	
11	411	1	
11	7582	1	
11	7584	1	
11	15266	2	
11	7579	1	
11	18853	2	
11	17137	1	
11	7601	1	
11	13749	1	
11	20927	1	
11	22464	2	
11	20384	1	
11	5572	1	
11	14677	1	
11	16844	1	
11	13776	1	
11	7638	1	
11	18904	1	
11	19938	1	
11	15854	1	
11	10225	1	
11	3058	1	
11	12279	1	
11	11771	4	
11	6652	2	
11	10238	1	
11	16981	1	
12	12288	1	
12	19460	1	
12	1544	1	
12	12301	1	
12	19476	1	
12	17429	1	
12	5142	1	
12	5149	1	
12	16414	1	
12	16419	1	
12	16049	2	
12	1576	1	
12	554	1	
12	13885	2	
12	11850	1	
12	588	2	
12	15949	1	
12	11855	1	
12	1617	1	
12	21586	2	
12	7764	1	
12	7771	1	
12	16480	1	
12	22119	1	
12	19561	1	
12	11887	1	
12	14448	1	
12	3190	2	
12	5251	1	
12	10886	1	
12	1163	1	
12	13969	1	
12	1688	1	
12	9887	1	
12	7329	1	
12	7345	1	
12	2226	1	
12	6323	1	
12	19124	3	
12	11960	1	
12	4284	1	
12	19133	3	
12	7875	1	
12	14020	1	
12	17096	1	
12	5331	2	
12	10452	1	
12	22232	1	
12	7897	1	
12	3878	1	
12	13031	1	
12	21228	1	
12	17134	1	
12	8062	1	
12	1833	2	
12	7418	1	
12	13354	1	
12	8449	1	
12	2310	1	
12	20234	1	
12	4364	2	
12	9485	1	
12	20269	1	
12	7952	1	
12	21635	1	
12	4884	1	
12	16661	1	
12	6938	1	
12	17184	2	
12	7457	1	
12	17188	1	
12	19238	1	
12	3881	1	
12	1415	1	
12	3885	1	
12	21295	1	
12	16177	1	
12	21305	2	
12	13116	1	
12	5437	1	
12	4414	1	
12	9536	1	
12	4418	1	
12	1351	1	
12	20303	1	
12	12625	4	
12	18267	1	
12	8421	2	
12	11152	1	
12	8547	2	
12	3428	1	
12	15205	1	
12	15207	1	
12	8043	1	
12	8556	1	
12	9069	2	
12	3958	1	
12	4073	1	
12	14713	1	
12	1918	2	
12	3392	1	
12	18818	1	
12	16775	2	
12	22252	1	
12	15754	2	
12	11151	1	
12	4496	1	
12	7570	1	
12	7581	1	
12	7582	1	
12	17312	1	
12	9122	1	
12	18853	2	
12	19367	1	
12	15275	1	
12	9644	2	
12	18862	1	
12	7600	1	
12	11196	1	
12	16831	1	
12	22464	3	
12	7584	2	
12	13255	1	
12	15266	3	
12	7637	1	
12	2232	1	
12	10206	1	
12	11771	2	
12	15849	1	
12	12778	1	
12	16367	1	
12	4593	1	
12	13809	1	
12	3060	1	
12	6136	1	
12	7675	1	
12	6652	3	
12	4603	1	
13	3073	1	
13	18946	1	
13	13316	1	
13	22358	1	
13	22032	2	
13	19473	1	
13	4441	1	
13	12292	1	
13	26	1	
13	2596	1	
13	12852	1	
13	4668	1	
13	10814	1	
13	12354	1	
13	15939	1	
13	1607	1	
13	21586	2	
13	7771	1	
13	605	1	
13	7263	1	
13	3688	1	
13	18540	1	
13	21617	1	
13	3203	1	
13	13445	1	
13	12426	1	
13	1163	1	
13	4238	1	
13	2704	1	
13	7313	1	
13	14489	1	
13	13981	1	
13	13937	1	
13	15532	1	
13	16049	1	
13	6323	1	
13	19124	4	
13	19126	1	
13	4284	1	
13	4293	1	
13	15567	1	
13	11992	1	
13	18141	1	
13	15582	1	
13	16608	1	
13	7901	1	
13	5347	1	
13	8421	2	
13	5351	1	
13	3819	1	
13	22252	1	
13	2812	1	
13	18174	1	
13	1283	1	
13	16651	1	
13	4364	5	
13	7952	1	
13	282	1	
13	1819	1	
13	7813	1	
13	1835	1	
13	815	1	
13	15499	1	
13	12625	1	
13	22354	1	
13	4438	1	
13	1369	1	
13	18267	1	
13	1380	1	
13	8043	1	
13	9069	1	
13	5503	3	
13	12162	1	
13	1924	1	
13	15751	1	
13	10633	1	
13	4496	3	
13	5525	1	
13	8603	1	
13	7582	1	
13	15266	4	
13	15268	1	
13	15273	2	
13	7600	1	
13	7607	1	
13	22464	2	
13	13252	1	
13	13255	1	
13	9122	1	
13	4048	1	
13	13800	1	
13	18921	1	
13	5623	1	
14	7680	1	
14	19460	1	
14	5637	1	
14	16903	1	
14	22032	3	
14	26	1	
14	9755	1	
14	18975	1	
14	3621	1	
14	4647	1	
14	21032	1	
14	3629	1	
14	14895	1	
14	16446	1	
14	12354	1	
14	15432	1	
14	15434	1	
14	16462	1	
14	15441	1	
14	21586	2	
14	17678	1	
14	13912	1	
14	8797	1	
14	5726	1	
14	10339	1	
14	13412	1	
14	9831	1	
14	3688	1	
14	17016	1	
14	6777	1	
14	21629	1	
14	19583	1	
14	14474	1	
14	1167	1	
14	5790	1	
14	6823	1	
14	17067	1	
14	5804	1	
14	19124	3	
14	1717	1	
14	11449	1	
14	10938	1	
14	4284	1	
14	19133	3	
14	4287	1	
14	18113	1	
14	15555	1	
14	20681	1	
14	13514	1	
14	12663	1	
14	21709	1	
14	12665	1	
14	21720	1	
14	15582	1	
14	4831	1	
14	8421	2	
14	4326	1	
14	7913	1	
14	22252	1	
14	764	1	
14	14593	1	
14	2309	1	
14	4364	3	
14	19725	1	
14	19726	1	
14	17688	1	
14	8476	1	
14	20255	1	
14	4396	1	
14	21295	1	
14	310	1	
14	21305	1	
14	7482	1	
14	8511	1	
14	22340	1	
14	17225	1	
14	12625	1	
14	2387	1	
14	14677	2	
14	854	2	
14	18267	1	
14	21733	1	
14	22369	1	
14	15206	1	
14	9065	2	
14	9069	2	
14	12659	1	
14	6516	1	
14	15849	1	
14	14713	1	
14	15232	1	
14	18818	1	
14	4490	1	
14	21900	1	
14	4496	1	
14	15266	3	
14	13219	1	
14	15274	1	
14	8623	1	
14	7600	1	
14	21943	1	
14	8636	2	
14	12733	1	
14	22464	7	
14	13763	1	
14	7635	1	
14	7637	2	
14	20954	1	
14	4073	1	
14	10225	1	
14	2552	1	
14	15865	1	
14	6651	1	
15	9729	2	
15	18946	1	
15	12292	1	
15	16902	2	
15	14856	1	
15	22232	1	
15	13838	1	
15	17424	1	
15	14595	1	
15	14359	1	
15	4635	1	
15	5210	1	
15	15903	1	
15	37	1	
15	8232	1	
15	42	1	
15	12848	1	
15	1544	1	
15	16435	1	
15	1076	1	
15	7224	1	
15	1089	1	
15	6723	1	
15	15432	1	
15	1099	1	
15	15439	1	
15	11856	3	
15	15317	1	
15	21586	1	
15	11348	1	
15	15448	1	
15	1626	3	
15	10331	1	
15	18143	1	
15	15456	1	
15	19553	1	
15	16998	1	
15	18022	1	
15	3688	1	
15	18026	1	
15	18031	1	
15	1136	1	
15	1138	3	
15	1139	2	
15	13429	1	
15	17016	1	
15	2442	1	
15	5246	1	
15	1152	1	
15	15491	1	
15	13445	1	
15	4230	1	
15	4236	1	
15	962	1	
15	7830	1	
15	13969	1	
15	5778	1	
15	5780	1	
15	8342	1	
15	14488	1	
15	14495	1	
15	673	1	
15	17435	2	
15	9892	1	
15	6826	2	
15	10928	1	
15	16049	1	
15	19124	2	
15	16054	1	
15	19133	5	
15	9918	1	
15	10433	2	
15	2243	2	
15	5428	1	
15	18632	1	
15	12151	1	
15	16592	1	
15	16504	1	
15	11479	1	
15	11992	2	
15	11482	2	
15	16605	1	
15	4831	1	
15	15584	2	
15	4560	1	
15	20262	1	
15	7400	1	
15	15096	1	
15	15100	1	
15	17149	1	
15	18175	1	
15	17154	2	
15	20739	1	
15	4868	1	
15	2309	1	
15	14088	1	
15	17569	1	
15	4364	3	
15	17169	1	
15	7471	3	
15	3290	1	
15	14500	1	
15	4385	1	
15	6950	1	
15	12336	1	
15	5929	1	
15	13611	1	
15	18222	3	
15	21295	1	
15	7475	1	
15	1844	1	
15	602	1	
15	14648	1	
15	12852	1	
15	7483	1	
15	7485	1	
15	4421	1	
15	20299	1	
15	20303	1	
15	19792	1	
15	12625	1	
15	14677	2	
15	21305	1	
15	18267	2	
15	8028	1	
15	16224	1	
15	22369	1	
15	15675	1	
15	1380	1	
15	4241	1	
15	8041	1	
15	8043	1	
15	9069	3	
15	366	1	
15	9072	1	
15	4328	1	
15	6514	1	
15	12663	1	
15	8568	1	
15	21883	2	
15	1922	1	
15	14725	1	
15	7560	1	
15	393	1	
15	14730	1	
15	8587	1	
15	14732	1	
15	5005	1	
15	4496	5	
15	4497	3	
15	20882	1	
15	17819	1	
15	10652	1	
15	988	1	
15	15774	1	
15	16197	1	
15	15776	1	
15	11760	1	
15	15266	1	
15	1446	1	
15	19369	1	
15	16812	1	
15	1967	1	
15	435	1	
15	7611	1	
15	8636	1	
15	8641	1	
15	11714	1	
15	13252	1	
15	13255	1	
15	16846	1	
15	16848	2	
15	7635	1	
15	7637	2	
15	5078	1	
15	15831	1	
15	8153	1	
15	11855	3	
15	9887	1	
15	22500	2	
15	11238	1	
15	12779	1	
15	8684	1	
15	15856	1	
15	3058	1	
15	9204	1	
15	15864	1	
16	12288	1	
16	1408	1	
16	19460	1	
16	773	1	
16	7638	1	
16	15754	1	
16	4364	4	
16	20237	1	
16	5391	1	
16	4496	3	
16	17170	1	
16	4884	1	
16	15773	1	
16	16414	1	
16	1824	1	
16	18209	1	
16	7716	3	
16	9637	1	
16	20262	2	
16	6695	1	
16	16430	1	
16	4509	1	
16	14001	1	
16	12852	5	
16	13877	1	
16	19124	1	
16	14016	1	
16	4668	1	
16	17085	1	
16	18632	1	
16	22464	1	
16	18113	1	
16	7633	1	
16	13763	2	
16	22344	1	
16	18633	1	
16	20303	1	
16	11856	2	
16	21841	1	
16	7764	1	
16	4310	1	
16	602	1	
16	20794	1	
16	18911	1	
16	17424	1	
16	14050	1	
16	12625	2	
16	5993	1	
16	20882	3	
16	19133	2	
16	1138	3	
16	8180	1	
16	17013	1	
16	17017	1	
16	13819	2	
16	13821	1	
16	15102	1	
17	14592	1	
17	17424	3	
17	16414	1	
17	18975	1	
17	18267	2	
17	7716	1	
17	8741	1	
17	21875	1	
17	1074	1	
17	20147	1	
17	15425	1	
17	15971	1	
17	4284	1	
17	13937	1	
17	1138	1	
17	3711	1	
17	4230	1	
17	1163	1	
17	6309	1	
17	17067	1	
17	4787	1	
17	19124	2	
17	21686	1	
17	7455	1	
17	700	1	
17	19133	7	
17	703	1	
17	18628	2	
17	20165	1	
17	20167	1	
17	18632	1	
17	13514	1	
17	7371	1	
17	3277	1	
17	11992	1	
17	5337	1	
17	5347	1	
17	7397	2	
17	18154	1	
17	9458	1	
17	1280	1	
17	1281	1	
17	20739	1	
17	2310	1	
17	14088	3	
17	4886	1	
17	19737	1	
17	12570	1	
17	8479	1	
17	18208	1	
17	19238	1	
17	5416	1	
17	18222	1	
17	21295	2	
17	17202	1	
17	17203	1	
17	21305	2	
17	4421	1	
17	8012	1	
17	3408	1	
17	12625	2	
17	14677	2	
17	1371	1	
17	8421	1	
17	22369	1	
17	7016	1	
17	20329	1	
17	6512	1	
17	15763	1	
17	13716	1	
17	893	1	
17	10122	1	
17	4496	3	
17	2451	1	
17	4500	1	
17	5529	1	
17	4509	1	
17	18862	1	
17	21936	1	
17	4019	1	
17	11708	1	
17	22464	2	
17	13764	1	
17	15819	1	
17	20429	1	
17	7635	1	
17	7637	1	
17	1499	1	
17	4579	1	
17	16367	1	
17	11760	1	
17	11771	1	
17	6652	1	
18	6149	1	
18	17424	1	
18	7691	1	
18	7341	1	
18	22032	1	
18	4116	1	
18	1626	1	
18	16417	1	
18	4132	1	
18	38	1	
18	13863	1	
18	8745	1	
18	3629	1	
18	17968	1	
18	7217	1	
18	13874	1	
18	1591	1	
18	17588	1	
18	13884	1	
18	12349	1	
18	3650	1	
18	20547	1	
18	7237	1	
18	12360	1	
18	13388	1	
18	12878	1	
18	9807	4	
18	21586	2	
18	99	1	
18	3975	1	
18	13398	1	
18	5208	2	
18	15449	2	
18	9818	1	
18	95	1	
18	18528	2	
18	4624	1	
18	98	1	
18	15971	1	
18	21097	1	
18	3691	2	
18	21613	1	
18	19133	1	
18	14448	1	
18	1138	1	
18	1139	1	
18	632	1	
18	19580	1	
18	1153	1	
18	2667	1	
18	14469	1	
18	6791	1	
18	1673	2	
18	4235	2	
18	17041	1	
18	17046	2	
18	671	1	
18	4263	1	
18	6826	1	
18	683	1	
18	14509	1	
18	13488	1	
18	19124	1	
18	13493	1	
18	16054	1	
18	12471	1	
18	18108	2	
18	7370	1	
18	21182	1	
18	18628	1	
18	17605	1	
18	20167	1	
18	13514	1	
18	13515	1	
18	719	1	
18	4304	1	
18	4306	1	
18	20695	6	
18	9167	2	
18	10975	1	
18	13537	2	
18	4330	1	
18	16423	1	
18	749	1	
18	20718	1	
18	4847	1	
18	20209	1	
18	1266	1	
18	5929	1	
18	14592	1	
18	8449	1	
18	4868	1	
18	4364	1	
18	787	1	
18	277	2	
18	2839	1	
18	2840	1	
18	2841	3	
18	7471	1	
18	15979	1	
18	797	2	
18	18209	1	
18	20690	1	
18	12585	1	
18	16775	1	
18	18222	1	
18	5935	1	
18	17200	1	
18	10206	2	
18	21305	1	
18	18234	1	
18	14730	1	
18	6464	1	
18	4418	1	
18	5445	1	
18	13128	1	
18	17227	1	
18	21324	1	
18	8526	1	
18	847	1	
18	3408	1	
18	12625	1	
18	2387	1	
18	14677	1	
18	9047	1	
18	19258	1	
18	1895	1	
18	9069	6	
18	9072	3	
18	12147	1	
18	16758	1	
18	12151	1	
18	2936	2	
18	11275	2	
18	17790	2	
18	1547	1	
18	8512	1	
18	18818	1	
18	16773	1	
18	17287	1	
18	13704	1	
18	17290	1	
18	20882	5	
18	10646	1	
18	13212	1	
18	4510	1	
18	20384	1	
18	13730	1	
18	15268	1	
18	16301	1	
18	433	1	
18	16818	1	
18	9139	1	
18	11193	1	
18	2207	2	
18	15808	1	
18	11714	1	
18	13766	1	
18	20300	1	
18	11723	1	
18	15266	1	
18	17359	1	
18	15827	1	
18	18391	1	
18	17370	1	
18	6107	1	
18	22418	1	
18	19938	1	
18	12775	1	
18	13800	1	
18	7658	1	
18	8683	1	
18	7660	1	
18	494	1	
18	15857	1	
18	8180	1	
18	7672	1	
18	6651	1	
18	12799	1	
19	13316	1	
19	16902	1	
19	11273	1	
19	22032	3	
19	12825	1	
19	15903	1	
19	1060	1	
19	3629	1	
19	17968	3	
19	51	1	
19	12852	2	
19	17973	2	
19	3647	1	
19	608	1	
19	22082	1	
19	7236	1	
19	18529	1	
19	15432	1	
19	19019	1	
19	13388	1	
19	7762	1	
19	18005	1	
19	13398	1	
19	5208	1	
19	9305	1	
19	3676	1	
19	18528	1	
19	97	1	
19	15548	1	
19	13418	2	
19	14448	1	
19	13428	1	
19	1141	3	
19	13950	2	
19	9343	1	
19	15494	1	
19	12426	1	
19	11422	1	
19	9072	1	
19	13477	1	
19	10407	1	
19	16049	3	
19	19124	1	
19	8892	1	
19	19133	1	
19	14020	2	
19	5829	1	
19	20168	1	
19	11466	1	
19	11471	1	
19	7888	1	
19	19238	2	
19	3796	1	
19	22234	1	
19	19460	1	
19	8421	1	
19	8425	1	
19	8426	1	
19	8427	1	
19	10963	1	
19	7380	1	
19	15610	2	
19	14592	2	
19	8449	1	
19	4867	3	
19	4868	2	
19	773	1	
19	5391	1	
19	7952	1	
19	21782	4	
19	2839	2	
19	15128	1	
19	2841	1	
19	7455	1	
19	6950	1	
19	7463	1	
19	11563	1	
19	11566	1	
19	10205	1	
19	18736	1	
19	3894	1	
19	13113	2	
19	6282	1	
19	4418	1	
19	20803	1	
19	329	1	
19	3408	1	
19	12625	1	
19	14677	3	
19	21305	1	
19	1371	1	
19	21817	1	
19	7524	1	
19	8550	1	
19	20329	1	
19	1900	1	
19	9069	1	
19	10096	1	
19	17788	1	
19	8063	1	
19	8064	1	
19	12354	1	
19	21902	2	
19	8079	1	
19	20882	3	
19	3991	1	
19	20384	1	
19	18851	1	
19	17737	1	
19	5051	1	
19	16833	1	
19	20418	1	
19	16835	1	
19	7110	1	
19	15817	1	
19	5069	1	
19	9167	2	
19	7634	1	
19	9684	2	
19	15325	1	
19	478	1	
19	15525	1	
19	12770	2	
19	15850	1	
19	11760	1	
19	22004	1	
19	16373	1	
20	12288	1	
20	19460	1	
20	16902	1	
20	12296	2	
20	7690	1	
20	17424	1	
20	9816	1	
20	13331	2	
20	11438	1	
20	17435	1	
20	22557	2	
20	10162	1	
20	1568	2	
20	4130	1	
20	16419	1	
20	1062	1	
20	1578	1	
20	3627	2	
20	8236	1	
20	3629	5	
20	4417	1	
20	4668	1	
20	13834	1	
20	3652	2	
20	15432	2	
20	99	1	
20	13400	3	
20	13401	1	
20	91	1	
20	13404	1	
20	13408	3	
20	22032	1	
20	10850	1	
20	6331	1	
20	21606	1	
20	19559	1	
20	7785	1	
20	11887	1	
20	1141	1	
20	17016	1	
20	15485	1	
20	5246	1	
20	12930	3	
20	5764	1	
20	13445	1	
20	11398	1	
20	12481	1	
20	4235	1	
20	2704	1	
20	3217	1	
20	3220	1	
20	16539	1	
20	673	1	
20	9755	1	
20	10407	1	
20	11436	1	
20	15534	1	
20	1206	1	
20	12471	1	
20	8379	1	
20	19133	2	
20	7870	1	
20	16416	1	
20	6338	1	
20	2243	2	
20	10436	1	
20	718	1	
20	7888	1	
20	5337	1	
20	4317	1	
20	4831	1	
20	18148	1	
20	17637	1	
20	1257	1	
20	1263	1	
20	20723	1	
20	5208	1	
20	21757	1	
20	4867	1	
20	4868	2	
20	18181	2	
20	18185	1	
20	20234	1	
20	15119	1	
20	7952	1	
20	16661	2	
20	7455	1	
20	20256	1	
20	292	1	
20	19238	1	
20	2781	1	
20	7476	1	
20	6965	1	
20	21305	2	
20	20284	2	
20	6976	2	
20	3393	1	
20	6979	1	
20	22340	1	
20	3408	3	
20	21330	1	
20	9047	1	
20	6489	1	
20	22369	1	
20	5988	1	
20	9069	5	
20	366	1	
20	15216	1	
20	8562	1	
20	12151	3	
20	9600	1	
20	16775	3	
20	904	1	
20	17290	1	
20	8079	1	
20	20882	3	
20	15971	1	
20	12190	1	
20	8607	5	
20	20384	1	
20	11760	2	
20	13730	1	
20	15268	1	
20	9637	1	
20	15273	1	
20	11692	1	
20	6561	1	
20	1458	1	
20	6076	1	
20	4000	1	
20	18882	2	
20	13255	2	
20	15817	1	
20	11723	1	
20	14798	1	
20	9167	1	
20	8184	1	
20	7634	2	
20	8660	8	
20	8661	1	
20	18876	1	
20	4603	1	
20	7654	1	
20	4074	1	
20	8683	1	
20	8685	1	
20	4590	1	
20	18173	1	
20	15344	1	
20	16374	1	
20	7160	1	
20	4601	2	
20	1019	1	
20	13822	1	
21	12288	1	
21	19464	1	
21	2063	1	
21	2578	2	
21	19478	1	
21	9758	1	
21	16417	3	
21	3629	2	
21	10798	1	
21	16434	1	
21	13880	2	
21	4668	4	
21	3647	6	
21	3649	2	
21	3652	6	
21	8262	1	
21	7241	1	
21	592	1	
21	99	1	
21	19551	1	
21	15971	1	
21	18540	1	
21	10360	1	
21	276	1	
21	14973	1	
21	21632	1	
21	1158	5	
21	18882	2	
21	1167	2	
21	2704	1	
21	1169	1	
21	1170	1	
21	6809	2	
21	20126	1	
21	14495	1	
21	20642	1	
21	16041	1	
21	22188	1	
21	19634	1	
21	19124	1	
21	13493	1	
21	21686	2	
21	11449	1	
21	8378	1	
21	20155	1	
21	18108	2	
21	19133	4	
21	10436	2	
21	16592	1	
21	5841	1	
21	1998	1	
21	11992	1	
21	5337	2	
21	10973	1	
21	2000	1	
21	14574	2	
21	7550	1	
21	14583	2	
21	5381	1	
21	774	1	
21	4364	1	
21	17171	1	
21	4884	1	
21	17688	1	
21	284	1	
21	7455	1	
21	9691	1	
21	18222	1	
21	7471	1	
21	8502	1	
21	8503	1	
21	21305	4	
21	4414	1	
21	16195	1	
21	16196	1	
21	20303	1	
21	11600	1	
21	12625	2	
21	7514	1	
21	22368	1	
21	13161	1	
21	9069	2	
21	9072	1	
21	7540	1	
21	20343	1	
21	17790	1	
21	13697	1	
21	1924	1	
21	904	1	
21	8079	1	
21	4497	1	
21	20882	1	
21	14489	1	
21	4003	2	
21	20389	1	
21	16301	1	
21	1465	1	
21	18876	4	
21	22464	1	
21	16834	1	
21	1988	1	
21	5070	3	
21	464	1	
21	5594	1	
21	4571	1	
21	18207	1	
21	15339	1	
21	16366	1	
21	14324	1	
21	502	1	
21	5623	1	
22	13834	1	
22	4635	1	
22	8232	1	
22	8236	1	
22	16431	2	
22	13368	1	
22	578	2	
22	20547	1	
22	3652	1	
22	16966	1	
22	15432	1	
22	15948	1	
22	13389	2	
22	21586	3	
22	9816	2	
22	8797	1	
22	97	1	
22	98	1	
22	19561	1	
22	10360	1	
22	14969	1	
22	20604	1	
22	20608	1	
22	22464	2	
22	16834	1	
22	6290	1	
22	19616	1	
22	673	1	
22	19995	1	
22	16753	1	
22	4267	1	
22	22188	2	
22	1206	1	
22	19133	2	
22	18628	1	
22	5321	2	
22	12663	1	
22	15566	1	
22	7897	2	
22	11482	1	
22	15582	1	
22	4831	1	
22	7394	1	
22	748	1	
22	1266	1	
22	6900	1	
22	5880	1	
22	4867	1	
22	2309	1	
22	2310	1	
22	7432	1	
22	3339	1	
22	19741	1	
22	7463	1	
22	6965	1	
22	21305	2	
22	13125	1	
22	13129	1	
22	1866	1	
22	8012	1	
22	8013	1	
22	847	1	
22	3408	1	
22	15199	1	
22	20329	1	
22	10097	1	
22	1906	1	
22	375	1	
22	16775	2	
22	3992	1	
22	8607	1	
22	20384	1	
22	12200	1	
22	15273	1	
22	22442	1	
22	16968	1	
22	18876	3	
22	15808	1	
22	18882	1	
22	4547	1	
22	7329	1	
22	5069	2	
22	14798	1	
22	2009	1	
22	9691	1	
22	15845	1	
22	15849	1	
22	8683	1	
22	4590	1	
22	8180	1	
22	4601	1	
22	12799	1	
23	13838	1	
23	22032	1	
23	2578	1	
23	14475	1	
23	5149	1	
23	8735	2	
23	1092	1	
23	20519	1	
23	3115	2	
23	3629	4	
23	8753	1	
23	1074	2	
23	13881	1	
23	4668	3	
23	7741	1	
23	13888	1	
23	3649	2	
23	22082	1	
23	20547	1	
23	3652	4	
23	7237	1	
23	11335	1	
23	15432	1	
23	588	2	
23	18510	1	
23	16177	1	
23	8749	1	
23	19551	1	
23	18528	1	
23	97	3	
23	98	1	
23	15971	1	
23	15982	1	
23	5232	1	
23	13937	1	
23	6770	1	
23	17206	1	
23	1141	3	
23	14970	1	
23	3197	1	
23	5246	1	
23	22464	1	
23	12930	5	
23	11444	1	
23	278	1	
23	7303	2	
23	139	1	
23	1167	3	
23	10862	1	
23	18075	1	
23	7326	1	
23	671	1	
23	673	1	
23	19619	2	
23	2000	2	
23	10407	1	
23	17066	1	
23	7341	1	
23	5295	1	
23	19634	1	
23	19124	1	
23	6331	1	
23	11449	1	
23	22560	1	
23	20155	1	
23	19133	1	
23	12481	1	
23	13507	1	
23	11471	2	
23	16592	1	
23	4306	1	
23	10963	1	
23	4235	1	
23	20695	4	
23	10973	1	
23	10974	1	
23	21727	1	
23	7905	1	
23	17638	1	
23	16252	1	
23	6269	1	
23	1266	1	
23	19705	1	
23	15610	1	
23	3541	5	
23	14592	1	
23	14595	1	
23	4364	1	
23	269	1	
23	12046	1	
23	15119	1	
23	7952	1	
23	17170	1	
23	2325	1	
23	21782	1	
23	2839	1	
23	4377	1	
23	17185	1	
23	7463	1	
23	5929	1	
23	3886	1	
23	904	1	
23	2355	1	
23	19764	1	
23	15338	1	
23	310	1	
23	21305	1	
23	6976	2	
23	6979	1	
23	16196	1	
23	19254	1	
23	17229	1	
23	22352	1	
23	12625	2	
23	20818	1	
23	20821	1	
23	15190	3	
23	9047	2	
23	18267	2	
23	860	1	
23	15201	1	
23	15590	1	
23	18279	2	
23	873	1	
23	9069	2	
23	8765	1	
23	22295	1	
23	14709	1	
23	12151	1	
23	17788	2	
23	1917	1	
23	17790	2	
23	17791	1	
23	7552	1	
23	8683	1	
23	1415	1	
23	13704	1	
23	20362	1	
23	10636	1	
23	5517	1	
23	15763	1	
23	5529	1	
23	8607	1	
23	20384	1	
23	4003	1	
23	15275	1	
23	16301	1	
23	1465	1	
23	13755	1	
23	11708	1	
23	1469	1	
23	16831	1	
23	16832	1	
23	16833	1	
23	11714	2	
23	13763	1	
23	14677	1	
23	15820	1	
23	1998	1	
23	9167	1	
23	3536	3	
23	19925	2	
23	8153	1	
23	10204	1	
23	13979	1	
23	18917	1	
23	7655	1	
23	13800	1	
23	15850	2	
23	16363	1	
23	7660	1	
23	16366	1	
23	16367	1	
23	15856	1	
23	20465	1	
23	14324	2	
23	502	1	
23	6651	1	
23	12799	1	
24	515	1	
24	6	1	
24	19464	1	
24	21536	1	
24	38	1	
24	4654	1	
24	3633	1	
24	18483	1	
24	4668	1	
24	12349	1	
24	22082	1	
24	7237	1	
24	11335	1	
24	10320	1	
24	13400	1	
24	96	2	
24	15971	1	
24	9831	1	
24	19562	1	
24	21613	1	
24	1140	1	
24	7288	1	
24	11898	1	
24	1152	1	
24	1153	1	
24	12930	1	
24	12933	1	
24	15042	1	
24	7823	1	
24	17041	1	
24	14489	1	
24	11931	1	
24	17066	1	
24	14508	1	
24	20148	1	
24	13493	1	
24	6345	1	
24	3260	1	
24	19133	3	
24	6338	1	
24	2243	1	
24	2761	1	
24	12151	1	
24	13516	1	
24	20689	1	
24	12503	1	
24	3308	1	
24	18162	1	
24	18174	1	
24	14592	1	
24	8064	1	
24	4868	1	
24	2309	1	
24	20695	2	
24	292	1	
24	11564	1	
24	7471	1	
24	21305	3	
24	6976	1	
24	22340	1	
24	4425	1	
24	20303	1	
24	3408	1	
24	14677	1	
24	18775	1	
24	18267	1	
24	9105	1	
24	5993	1	
24	9069	2	
24	20343	1	
24	5499	1	
24	7550	1	
24	17791	1	
24	7552	2	
24	14725	1	
24	16775	1	
24	13704	1	
24	17290	1	
24	17291	1	
24	21902	1	
24	20888	2	
24	9623	1	
24	11672	1	
24	16196	3	
24	10821	1	
24	14761	1	
24	11692	1	
24	16301	1	
24	5551	1	
24	11714	1	
24	1482	1	
24	475	1	
24	6630	1	
24	8683	1	
24	8685	1	
24	16367	1	
24	1522	1	
24	4601	1	
25	12288	2	
25	3201	1	
25	12930	2	
25	22571	1	
25	13445	1	
25	6791	2	
25	4746	1	
25	13537	1	
25	12	1	
25	11714	1	
25	11406	1	
25	4497	1	
25	9105	1	
25	2578	2	
25	19476	1	
25	16430	1	
25	19478	1	
25	279	1	
25	17041	3	
25	1092	1	
25	17185	1	
25	4003	2	
25	19238	1	
25	15864	1	
25	555	1	
25	3629	4	
25	17454	1	
25	21679	1	
25	3633	1	
25	18483	1	
25	11444	1	
25	17737	1	
25	15800	1	
25	21305	1	
25	3259	1	
25	4668	4	
25	11850	1	
25	15041	1	
25	14786	1	
25	16593	1	
25	3652	5	
25	14369	1	
25	4364	1	
25	1482	1	
25	14583	1	
25	13516	1	
25	20429	1	
25	5199	1	
25	16592	1	
25	9425	1	
25	21586	1	
25	4819	2	
25	19553	1	
25	20695	1	
25	592	1	
25	95	1	
25	5959	1	
25	2000	1	
25	15971	1	
25	18917	1	
25	21606	1	
25	10641	1	
25	18108	1	
25	7897	1	
25	17387	2	
25	9069	2	
25	19133	1	
25	15856	1	
25	10097	1	
25	6770	1	
25	17125	2	
25	1141	1	
25	12151	1	
25	8184	1	
25	673	2	
25	4602	1	
25	15486	1	
26	12800	1	
26	3073	1	
26	6146	1	
26	19460	1	
26	1538	1	
26	9901	1	
26	22032	1	
26	12823	1	
26	12825	3	
26	1578	1	
26	10283	1	
26	3629	2	
26	15874	1	
26	12852	1	
26	12345	1	
26	3134	1	
26	15935	1	
26	16966	1	
26	20554	1	
26	13388	1	
26	10320	1	
26	21586	1	
26	7765	1	
26	15448	4	
26	22620	1	
26	11870	1	
26	95	1	
26	96	1	
26	15971	1	
26	7783	1	
26	19559	1	
26	3517	1	
26	13937	1	
26	6770	1	
26	1141	1	
26	14969	1	
26	19580	1	
26	12930	1	
26	12933	1	
26	21638	1	
26	12427	1	
26	4241	1	
26	12952	1	
26	16539	1	
26	11424	1	
26	4263	1	
26	6826	1	
26	2674	1	
26	8892	2	
26	14538	1	
26	2239	1	
26	2243	1	
26	10436	1	
26	1733	1	
26	7880	1	
26	10444	1	
26	13514	1	
26	14539	1	
26	13516	1	
26	719	1	
26	4304	1	
26	721	1	
26	20690	1	
26	18646	1	
26	11471	1	
26	7903	1	
26	17129	1	
26	13357	1	
26	1266	1	
26	18173	1	
26	4868	1	
26	2310	1	
26	4364	1	
26	20239	1	
26	4886	1	
26	17041	2	
26	19737	2	
26	8988	1	
26	19238	1	
26	3636	1	
26	14139	2	
26	21314	1	
26	854	1	
26	22368	1	
26	22369	1	
26	13969	1	
26	17259	1	
26	9069	1	
26	13681	1	
26	20851	1	
26	20343	2	
26	1917	1	
26	1918	1	
26	18818	1	
26	3974	1	
26	16775	2	
26	4496	3	
26	20882	1	
26	408	1	
26	1945	1	
26	15773	1	
26	15266	2	
26	4006	1	
26	7083	1	
26	15791	1	
26	5552	1	
26	13159	1	
26	11189	1	
26	15434	1	
26	16831	1	
26	11714	1	
26	14795	1	
26	16333	1	
26	21454	1	
26	18393	1	
26	12773	1	
26	18122	1	
26	15850	1	
26	22508	2	
26	22509	1	
26	4074	1	
26	11762	1	
26	4603	1	
26	7676	1	
26	5717	1	
27	9729	1	
27	19460	1	
27	13834	1	
27	19473	1	
27	22551	1	
27	12825	5	
27	16417	1	
27	3621	1	
27	18473	1	
27	1067	2	
27	3629	5	
27	17966	1	
27	9775	1	
27	3633	1	
27	14898	1	
27	3124	1	
27	11832	1	
27	3134	2	
27	12352	2	
27	16224	1	
27	7236	1	
27	97	1	
27	15432	1	
27	12878	2	
27	4691	1	
27	5391	1	
27	7777	1	
27	98	2	
27	19555	1	
27	7785	1	
27	18540	1	
27	21613	1	
27	360	1	
27	1141	1	
27	10360	1	
27	14969	1	
27	3706	1	
27	19588	1	
27	9863	1	
27	15499	1	
27	13452	1	
27	2704	1	
27	17041	2	
27	2196	2	
27	3734	1	
27	12952	4	
27	14489	1	
27	16539	1	
27	19397	2	
27	11424	1	
27	14500	1	
27	13992	1	
27	22188	1	
27	7341	1	
27	3258	1	
27	8892	1	
27	19133	3	
27	14017	1	
27	6338	1	
27	11461	1	
27	20168	1	
27	13772	1	
27	13514	1	
27	11471	2	
27	20690	1	
27	19833	2	
27	2265	1	
27	12666	1	
27	4831	2	
27	8421	2	
27	12519	1	
27	10985	1	
27	21227	1	
27	15119	1	
27	20717	1	
27	1266	1	
27	21761	1	
27	4868	2	
27	4870	1	
27	3339	1	
27	4364	1	
27	11023	1	
27	4881	1	
27	16430	1	
27	22295	1	
27	7903	1	
27	19238	2	
27	21305	2	
27	14139	1	
27	20284	1	
27	14653	1	
27	4414	2	
27	831	1	
27	19776	1	
27	833	1	
27	21314	1	
27	14475	1	
27	331	1	
27	6989	1	
27	20303	1	
27	15184	1	
27	18769	1	
27	2387	1	
27	14677	1	
27	9046	1	
27	13113	1	
27	6489	1	
27	7397	1	
27	22368	1	
27	22369	6	
27	13969	1	
27	19816	1	
27	20329	2	
27	9069	10	
27	6512	1	
27	7537	1	
27	12823	1	
27	8568	1	
27	18068	1	
27	4986	1	
27	16252	1	
27	18410	1	
27	1918	2	
27	9600	1	
27	13697	1	
27	14725	1	
27	1089	1	
27	834	1	
27	8079	1	
27	4497	5	
27	20882	1	
27	22339	1	
27	3991	1	
27	20384	1	
27	1953	1	
27	15266	3	
27	16804	1	
27	6979	1	
27	1607	1	
27	12360	1	
27	19378	1	
27	7604	1	
27	5047	1	
27	11708	1	
27	19901	1	
27	16831	1	
27	22464	3	
27	11714	1	
27	22467	1	
27	17349	1	
27	7110	1	
27	5063	1	
27	1482	2	
27	14795	1	
27	15820	2	
27	17359	1	
27	19924	1	
27	18510	1	
27	10206	1	
27	19939	1	
27	10728	1	
27	9194	1	
27	22508	1	
27	494	1	
27	13808	1	
27	4602	1	
27	2559	1	
27	6652	1	
27	13821	1	
27	12799	1	
28	19456	1	
28	9729	1	
28	15874	1	
28	4433	1	
28	22032	1	
28	10259	1	
28	14475	1	
28	19478	1	
28	12825	2	
28	15903	1	
28	2596	1	
28	3621	1	
28	20519	1	
28	8232	1	
28	1578	1	
28	22571	1	
28	3629	1	
28	16432	1	
28	3636	3	
28	9873	1	
28	14744	1	
28	5690	1	
28	5691	1	
28	14399	1	
28	1089	1	
28	5699	1	
28	3652	1	
28	11334	1	
28	7777	1	
28	15432	2	
28	20556	1	
28	10317	1	
28	12878	1	
28	592	1	
28	21586	2	
28	8275	1	
28	7764	1	
28	11790	1	
28	5207	1	
28	603	1	
28	6652	2	
28	12382	1	
28	12897	1	
28	7782	1	
28	18022	1	
28	8552	1	
28	12307	1	
28	1141	1	
28	632	1	
28	15481	1	
28	2239	1	
28	4221	1	
28	1984	1	
28	12930	1	
28	15491	2	
28	13445	1	
28	4235	1	
28	7106	1	
28	1167	1	
28	656	1	
28	17041	2	
28	7536	1	
28	10320	1	
28	6826	1	
28	13488	2	
28	12466	1	
28	19124	1	
28	5813	1	
28	5816	1	
28	19131	1	
28	18108	1	
28	19133	1	
28	14583	1	
28	2243	1	
28	20165	2	
28	19142	1	
28	20168	2	
28	9417	1	
28	13514	1	
28	11471	1	
28	9425	1	
28	20690	1	
28	20695	1	
28	22234	1	
28	1743	1	
28	13532	1	
28	19166	1	
28	7903	1	
28	10976	1	
28	17360	2	
28	740	1	
28	7397	1	
28	14033	1	
28	11496	4	
28	16252	1	
28	22252	1	
28	12529	1	
28	16114	1	
28	10484	1	
28	8062	1	
28	22262	1	
28	17143	1	
28	4868	1	
28	7433	1	
28	4364	1	
28	5390	1	
28	15119	1	
28	7451	1	
28	18208	1	
28	290	1	
28	19238	2	
28	6952	1	
28	1833	1	
28	20782	1	
28	3894	1	
28	7992	1	
28	12852	1	
28	19258	1	
28	4831	2	
28	8511	1	
28	6464	1	
28	15584	1	
28	16195	1	
28	330	1	
28	9072	3	
28	15185	1	
28	12625	1	
28	14677	2	
28	4438	1	
28	9047	1	
28	13658	2	
28	15709	1	
28	8421	2	
28	22369	3	
28	15204	1	
28	13969	1	
28	19816	1	
28	11113	1	
28	3047	1	
28	364	1	
28	9069	4	
28	15216	1	
28	5489	2	
28	3955	1	
28	3958	1	
28	20343	1	
28	21880	1	
28	10618	1	
28	17788	1	
28	4989	1	
28	10975	1	
28	14725	1	
28	7559	1	
28	10636	1	
28	909	1	
28	8079	1	
28	4496	1	
28	4497	2	
28	917	1	
28	3992	1	
28	15855	1	
28	7582	1	
28	20384	1	
28	14753	1	
28	15266	1	
28	18853	2	
28	16807	1	
28	10154	1	
28	7604	1	
28	3060	3	
28	16829	1	
28	4341	1	
28	22464	3	
28	7584	1	
28	11714	1	
28	13763	2	
28	19396	1	
28	11723	1	
28	13772	1	
28	13776	1	
28	7637	1	
28	10206	1	
28	10721	1	
28	13799	1	
28	6121	1	
28	493	2	
28	16367	1	
28	4593	1	
28	11763	1	
28	8180	1	
28	503	1	
28	20472	2	
28	11771	1	
28	18428	1	
29	19457	1	
29	12805	1	
29	18952	1	
29	7690	1	
29	6829	1	
29	22032	1	
29	19473	1	
29	19478	1	
29	7451	1	
29	2078	2	
29	18975	1	
29	16417	1	
29	19494	1	
29	8236	2	
29	3629	1	
29	4142	1	
29	11825	3	
29	3636	1	
29	13887	1	
29	12352	3	
29	11334	1	
29	15432	2	
29	1099	1	
29	16374	1	
29	11855	1	
29	592	1	
29	21586	1	
29	4691	1	
29	4692	1	
29	5207	2	
29	15448	1	
29	97	1	
29	15971	1	
29	14448	1	
29	15473	1	
29	1163	1	
29	11897	1	
29	3707	1	
29	15485	1	
29	3711	1	
29	18052	1	
29	5765	1	
29	6790	1	
29	14475	3	
29	10896	1	
29	9873	1	
29	5780	1	
29	6809	1	
29	21786	1	
29	1136	1	
29	20642	1	
29	2723	2	
29	9380	1	
29	21958	1	
29	17062	1	
29	21873	1	
29	6826	6	
29	6828	1	
29	9901	1	
29	7854	3	
29	16049	1	
29	19124	5	
29	16414	1	
29	8649	1	
29	8376	1	
29	15033	1	
29	698	2	
29	19133	1	
29	18628	1	
29	20165	1	
29	20168	1	
29	11127	1	
29	14114	1	
29	11471	1	
29	5840	1	
29	5331	1	
29	7380	1	
29	22232	1	
29	5337	1	
29	7901	1	
29	15582	3	
29	4831	3	
29	15312	1	
29	7397	1	
29	11496	4	
29	22252	1	
29	17140	1	
29	2812	1	
29	18174	2	
29	9600	2	
29	14595	1	
29	2310	1	
29	14088	1	
29	16649	1	
29	16651	3	
29	4364	4	
29	15064	1	
29	20782	2	
29	7897	1	
29	15128	1	
29	19588	1	
29	20762	1	
29	21295	2	
29	19743	1	
29	10530	1	
29	15139	1	
29	20260	2	
29	12076	1	
29	1326	1	
29	7471	1	
29	16695	1	
29	12852	1	
29	20794	1	
29	10975	1	
29	8508	1	
29	4418	1	
29	6283	1	
29	6982	1	
29	13127	1	
29	17225	1	
29	15184	1	
29	9555	1	
29	14677	2	
29	854	1	
29	2873	1	
29	4441	1	
29	2394	1	
29	22368	1	
29	22369	2	
29	2407	1	
29	9069	2	
29	6511	1	
29	13681	1	
29	20343	1	
29	1918	1	
29	13695	1	
29	5504	1	
29	18818	1	
29	14725	1	
29	15751	1	
29	7055	1	
29	4496	7	
29	11153	1	
29	20882	2	
29	14489	3	
29	8602	1	
29	7582	1	
29	20384	1	
29	13730	1	
29	18857	1	
29	7600	1	
29	4529	1	
29	8626	2	
29	17331	1	
29	8636	1	
29	12734	1	
29	22464	2	
29	8608	1	
29	11714	1	
29	21957	3	
29	19398	1	
29	21961	1	
29	17360	2	
29	7634	1	
29	15315	1	
29	1497	1	
29	11771	1	
29	13799	1	
29	15850	2	
29	11762	1	
29	8180	1	
29	502	1	
29	20472	1	
29	16891	2	
29	6652	1	
29	1706	1	
30	12288	1	
30	683	1	
30	19463	1	
30	19473	1	
30	7683	1	
30	17203	1	
30	18975	1	
30	1578	1	
30	11825	1	
30	12852	2	
30	13880	1	
30	19514	1	
30	10080	1	
30	8778	1	
30	12878	2	
30	5711	1	
30	14417	1	
30	4694	1	
30	5208	1	
30	20573	1	
30	19553	1	
30	22119	1	
30	9836	1	
30	15982	1	
30	14448	1	
30	6771	1	
30	13950	1	
30	13445	2	
30	6792	1	
30	21642	2	
30	9924	1	
30	20639	1	
30	10096	1	
30	4263	1	
30	17067	2	
30	22188	1	
30	14509	1	
30	19124	1	
30	5813	1	
30	3258	1	
30	6331	1	
30	16064	1	
30	12481	1	
30	18116	1	
30	20168	3	
30	20689	1	
30	4818	1	
30	1235	1	
30	22234	1	
30	4831	1	
30	10467	1	
30	8421	2	
30	17141	2	
30	11511	1	
30	7987	1	
30	14592	1	
30	14595	1	
30	4868	1	
30	7942	1	
30	20234	1	
30	16651	1	
30	4364	1	
30	15119	2	
30	2834	1	
30	6942	1	
30	19589	1	
30	6950	1	
30	16679	1	
30	5934	1	
30	16691	1	
30	1076	1	
30	8514	1	
30	11088	1	
30	14677	2	
30	22358	1	
30	13113	1	
30	15199	1	
30	22368	2	
30	22369	1	
30	15210	1	
30	9069	1	
30	9583	1	
30	15216	1	
30	7537	1	
30	12151	1	
30	3975	1	
30	3468	1	
30	4418	1	
30	4496	2	
30	18841	1	
30	13722	1	
30	7584	1	
30	6054	1	
30	13227	1	
30	11708	1	
30	22464	2	
30	20384	1	
30	13763	1	
30	19396	1	
30	15817	1	
30	16333	1	
30	13876	1	
30	4056	1	
30	16349	1	
30	15184	1	
30	14306	1	
30	494	1	
30	16882	1	
30	2552	1	
30	11771	1	
30	6652	1	
31	4610	1	
31	7683	4	
31	7684	5	
31	16901	1	
31	7687	5	
31	11436	1	
31	20494	3	
31	2063	1	
31	15890	1	
31	3171	1	
31	22551	12	
31	13316	2	
31	22557	1	
31	15903	8	
31	20000	1	
31	3220	1	
31	7601	1	
31	8236	2	
31	8238	2	
31	7537	1	
31	12336	1	
31	7218	1	
31	4617	3	
31	13884	1	
31	13885	1	
31	1717	1	
31	12868	3	
31	12357	1	
31	11851	1	
31	588	3	
31	7570	2	
31	12216	1	
31	21586	2	
31	15971	1	
31	6741	1	
31	2648	2	
31	603	1	
31	97	2	
31	98	4	
31	99	6	
31	3260	1	
31	18540	1	
31	10861	1	
31	1648	1	
31	626	1	
31	9331	1	
31	873	1	
31	10360	2	
31	13444	1	
31	13445	1	
31	6791	1	
31	21642	1	
31	1167	2	
31	1168	5	
31	4241	1	
31	7826	1	
31	3227	1	
31	1049	1	
31	8892	1	
31	11931	1	
31	8989	1	
31	16543	1	
31	16544	2	
31	19619	7	
31	679	1	
31	17067	1	
31	4780	1	
31	9901	1	
31	11439	1	
31	4723	1	
31	773	1	
31	5301	4	
31	13969	1	
31	11449	10	
31	3258	1	
31	2747	1	
31	10428	1	
31	14016	1	
31	4293	1	
31	12487	1	
31	14537	1	
31	13514	1	
31	20686	4	
31	11471	1	
31	9425	1	
31	14552	1	
31	22234	3	
31	10972	4	
31	4831	1	
31	2273	1	
31	22252	1	
31	12013	1	
31	14574	4	
31	1266	1	
31	15606	1	
31	15610	1	
31	3418	1	
31	19717	1	
31	5382	2	
31	14088	1	
31	11820	1	
31	20234	1	
31	4364	4	
31	17678	1	
31	5391	1	
31	5392	1	
31	15128	1	
31	19588	1	
31	11482	1	
31	14725	1	
31	17184	1	
31	7457	1	
31	1827	1	
31	16547	1	
31	19238	1	
31	7463	1	
31	5929	1	
31	18222	1	
31	18851	1	
31	9527	1	
31	18746	1	
31	9536	1	
31	4417	1	
31	6979	1	
31	22340	1	
31	3909	1	
31	10977	1	
31	5960	1	
31	17225	2	
31	12625	1	
31	21330	1	
31	8019	1	
31	9047	1	
31	15705	1	
31	2394	2	
31	7823	2	
31	1375	1	
31	22368	1	
31	2704	1	
31	5475	1	
31	1380	1	
31	3217	2	
31	7528	1	
31	8041	1	
31	364	2	
31	17554	1	
31	13679	1	
31	5489	1	
31	15218	1	
31	14195	1	
31	4433	1	
31	11641	1	
31	2429	1	
31	1410	1	
31	9093	1	
31	15751	1	
31	10641	1	
31	20882	1	
31	918	1	
31	7069	10	
31	20384	1	
31	17313	1	
31	1179	1	
31	9637	1	
31	7410	1	
31	5448	1	
31	7090	1	
31	1459	1	
31	1460	1	
31	7608	1	
31	11708	1	
31	12734	1	
31	22464	1	
31	7584	2	
31	11714	1	
31	1099	1	
31	1997	1	
31	14800	1	
31	9171	1	
31	10510	1	
31	22418	1	
31	4070	1	
31	9069	4	
31	13800	1	
31	11858	1	
31	4594	5	
31	18420	1	
31	7670	1	
31	5623	2	
31	5625	3	
31	12799	1	
32	19460	1	
32	22032	1	
32	12770	1	
32	4868	2	
32	15903	1	
32	6694	1	
32	3629	2	
32	16432	1	
32	5682	1	
32	1076	2	
32	12354	1	
32	20547	2	
32	7237	1	
32	12878	1	
32	16978	1	
32	4691	1	
32	15448	1	
32	18528	3	
32	17424	1	
32	19131	1	
32	13418	1	
32	18540	1	
32	3182	1	
32	4029	1	
32	5232	1	
32	6771	1	
32	1141	3	
32	21622	1	
32	15486	1	
32	12825	1	
32	18055	1	
32	1163	1	
32	20625	1	
32	17046	1	
32	18071	1	
32	18628	2	
32	17569	1	
32	12089	1	
32	14500	1	
32	4263	1	
32	17577	1	
32	683	1	
32	19741	1	
32	19571	1	
32	18975	1	
32	19133	3	
32	7870	1	
32	10436	1	
32	16586	1	
32	8397	1	
32	14542	1	
32	9425	1	
32	15579	1	
32	18144	1	
32	4322	1	
32	8421	1	
32	12013	1	
32	4846	1	
32	6383	1	
32	1266	1	
32	16120	1	
32	3321	1	
32	20218	1	
32	14592	1	
32	4356	1	
32	14088	1	
32	17163	1	
32	14094	1	
32	19501	1	
32	21782	1	
32	18205	1	
32	18208	1	
32	5929	1	
32	7471	1	
32	20277	1	
32	21305	2	
32	15675	1	
32	831	1	
32	3392	1	
32	6979	1	
32	8012	2	
32	10210	1	
32	847	1	
32	15184	1	
32	12625	2	
32	14677	1	
32	15190	1	
32	21817	1	
32	13514	1	
32	7514	1	
32	22368	1	
32	22369	1	
32	21874	1	
32	4981	1	
32	21880	1	
32	4986	1	
32	17788	1	
32	21374	1	
32	8512	1	
32	3975	1	
32	21324	1	
32	15754	1	
32	3980	1	
32	8079	2	
32	11156	1	
32	3991	1	
32	20384	1	
32	9121	1	
32	15266	2	
32	18853	1	
32	5551	1	
32	15293	1	
32	22464	1	
32	11714	1	
32	7110	1	
32	15817	1	
32	15820	2	
32	9167	1	
32	17360	1	
32	7638	1	
32	18391	1	
32	14306	1	
32	21586	3	
32	16366	1	
32	5620	1	
32	11765	1	
32	3574	1	
32	7672	2	
32	11771	1	
32	12799	1	
33	12288	2	
33	16901	1	
33	15366	1	
33	10763	1	
33	4111	1	
33	5142	3	
33	1626	1	
33	15365	1	
33	603	4	
33	6180	4	
33	18981	1	
33	15407	1	
33	1074	1	
33	12852	1	
33	13887	1	
33	8261	1	
33	8262	1	
33	15432	2	
33	13901	2	
33	15950	1	
33	9809	2	
33	10573	1	
33	9817	1	
33	3674	1	
33	1627	2	
33	19552	1	
33	21090	1	
33	6244	1	
33	613	2	
33	11708	1	
33	13937	3	
33	15987	1	
33	7870	1	
33	21111	1	
33	20099	2	
33	13445	2	
33	6593	1	
33	13961	1	
33	15500	1	
33	1167	1	
33	15508	1	
33	15514	1	
33	14492	1	
33	12446	1	
33	9887	3	
33	12463	3	
33	12464	1	
33	12465	1	
33	17074	1	
33	19124	1	
33	12471	1	
33	21690	2	
33	18975	1	
33	21694	1	
33	21696	3	
33	5825	1	
33	19139	1	
33	7370	1	
33	4818	1	
33	5332	1	
33	10453	1	
33	12505	1	
33	2394	1	
33	4322	1	
33	745	1	
33	4330	1	
33	7920	1	
33	22262	1	
33	15613	1	
33	18686	1	
33	1280	3	
33	8449	4	
33	17154	1	
33	4868	1	
33	7952	1	
33	7897	1	
33	8989	1	
33	17703	1	
33	17706	2	
33	3885	1	
33	4402	1	
33	16695	1	
33	7485	1	
33	16190	1	
33	16705	1	
33	6982	1	
33	7785	1	
33	15177	1	
33	10210	1	
33	3408	1	
33	12625	2	
33	2387	1	
33	15190	1	
33	21847	1	
33	9050	3	
33	18267	1	
33	860	1	
33	861	1	
33	5470	1	
33	7011	1	
33	20329	1	
33	9069	1	
33	21871	1	
33	4445	1	
33	20343	1	
33	8568	1	
33	3220	2	
33	395	2	
33	17806	1	
33	4496	1	
33	15763	1	
33	9621	1	
33	3991	2	
33	1432	1	
33	20549	1	
33	17312	2	
33	22442	1	
33	15275	1	
33	11184	2	
33	11185	1	
33	12212	1	
33	12216	2	
33	19900	2	
33	6592	1	
33	4000	1	
33	13763	1	
33	15949	1	
33	16848	1	
33	15328	1	
33	12770	1	
33	10211	4	
33	1431	1	
33	12773	2	
33	13800	1	
33	18921	2	
33	12778	1	
33	7147	1	
33	11244	1	
33	16366	1	
33	14589	1	
33	11760	1	
33	7665	1	
33	6651	3	
33	6652	1	
33	15869	1	
34	19460	1	
34	10246	1	
34	14969	1	
34	7180	1	
34	22551	1	
34	19993	3	
34	22557	1	
34	18975	1	
34	11815	1	
34	22571	1	
34	7216	1	
34	12852	3	
34	1590	1	
34	4151	1	
34	17466	1	
34	7743	1	
34	20547	1	
34	4678	1	
34	12360	1	
34	7241	1	
34	1099	1	
34	13901	1	
34	1588	1	
34	21586	2	
34	10837	1	
34	18521	1	
34	1626	1	
34	1627	4	
34	10338	2	
34	99	1	
34	613	3	
34	18022	1	
34	15976	1	
34	7785	2	
34	19050	1	
34	5232	1	
34	13937	2	
34	1650	1	
34	21619	1	
34	18548	1	
34	1141	1	
34	873	1	
34	633	1	
34	19900	4	
34	13437	1	
34	15488	1	
34	13444	1	
34	13445	1	
34	13959	1	
34	18571	2	
34	1167	3	
34	3217	1	
34	13459	2	
34	19094	1	
34	15512	2	
34	11931	1	
34	8989	1	
34	8352	1	
34	7329	1	
34	10408	1	
34	10409	1	
34	7852	1	
34	6770	1	
34	12463	2	
34	12465	2	
34	18547	1	
34	21690	3	
34	2747	1	
34	7870	1	
34	11893	1	
34	21696	1	
34	705	1	
34	18644	1	
34	18505	2	
34	20695	1	
34	10972	1	
34	7901	1	
34	4831	1	
34	19174	1	
34	9169	1	
34	7913	1	
34	22252	1	
34	14574	1	
34	1457	1	
34	5366	1	
34	4857	1	
34	18173	1	
34	8449	1	
34	4867	1	
34	4868	2	
34	16135	1	
34	4364	1	
34	5391	1	
34	2839	1	
34	19741	1	
34	4385	1	
34	3878	2	
34	13532	1	
34	5934	1	
34	8502	1	
34	13113	1	
34	9019	1	
34	16190	2	
34	831	1	
34	10720	1	
34	15499	1	
34	17463	1	
34	8012	1	
34	20813	1	
34	5970	1	
34	9046	1	
34	18267	1	
34	22368	1	
34	22369	1	
34	13161	2	
34	13681	1	
34	20798	1	
34	11708	1	
34	19324	1	
34	395	1	
34	4494	1	
34	7055	1	
34	15763	1	
34	3992	1	
34	8604	1	
34	8607	1	
34	17312	6	
34	17313	1	
34	15778	1	
34	11334	1	
34	1959	2	
34	17322	1	
34	15432	2	
34	19378	1	
34	1651	1	
34	4533	1	
34	4681	2	
34	17823	1	
34	8636	2	
34	11710	1	
34	22464	10	
34	20384	1	
34	13763	1	
34	13255	1	
34	16840	1	
34	15820	2	
34	14798	1	
34	9167	1	
34	15825	1	
34	7122	1	
34	7637	1	
34	10208	1	
34	6651	10	
34	10214	1	
34	10727	1	
34	10728	1	
34	18921	9	
34	12779	1	
34	10220	1	
34	494	1	
34	15863	1	
34	6139	1	
34	6652	6	
35	13316	1	
35	22032	1	
35	13854	1	
35	18975	1	
35	3621	1	
35	11815	1	
35	12329	1	
35	16430	2	
35	16432	2	
35	12852	1	
35	17975	1	
35	12354	2	
35	15432	1	
35	15434	1	
35	590	1	
35	21586	1	
35	15971	1	
35	18004	1	
35	18005	1	
35	15459	1	
35	16998	3	
35	3175	1	
35	8892	3	
35	17004	1	
35	5742	1	
35	13428	1	
35	3711	1	
35	3201	2	
35	5764	1	
35	646	1	
35	15500	1	
35	4546	1	
35	19599	1	
35	4763	1	
35	20639	1	
35	19619	1	
35	17062	1	
35	4263	1	
35	22188	2	
35	11444	1	
35	5818	1	
35	21692	1	
35	21708	2	
35	20686	1	
35	719	1	
35	10960	1	
35	4818	1	
35	3803	1	
35	12325	1	
35	7911	1	
35	10985	1	
35	1798	1	
35	18185	1	
35	20234	1	
35	4364	3	
35	7952	1	
35	22295	1	
35	1844	2	
35	12602	1	
35	5448	1	
35	8013	1	
35	12625	1	
35	11604	1	
35	4438	1	
35	19804	1	
35	7010	1	
35	13159	1	
35	15723	1	
35	9069	1	
35	366	1	
35	10096	1	
35	15221	2	
35	20343	1	
35	15227	3	
35	12673	1	
35	904	1	
35	3979	1	
35	20384	1	
35	15266	1	
35	9645	1	
35	11471	1	
35	1465	1	
35	6075	1	
35	16828	1	
35	22463	1	
35	22464	1	
35	11714	1	
35	13252	1	
35	9122	1	
35	13778	1	
35	18393	1	
35	9691	1	
35	10206	1	
35	14306	1	
35	4081	2	
35	3058	1	
36	12288	1	
36	19460	1	
36	4438	1	
36	20494	1	
36	12823	1	
36	15903	1	
36	4640	1	
36	3621	1	
36	11815	1	
36	1067	1	
36	16430	1	
36	3652	2	
36	7241	1	
36	15948	1	
36	12891	1	
36	18528	1	
36	15969	1	
36	19555	1	
36	15548	1	
36	13932	1	
36	17017	1	
36	13440	1	
36	13443	1	
36	7303	1	
36	15499	1	
36	1167	1	
36	4756	1	
36	16544	1	
36	13986	1	
36	5799	1	
36	22188	1	
36	19120	1	
36	19124	1	
36	12471	1	
36	9759	1	
36	8892	2	
36	19133	2	
36	11969	1	
36	6345	1	
36	16586	1	
36	719	1	
36	433	1	
36	7892	1	
36	20695	1	
36	22234	1	
36	10975	1	
36	721	1	
36	11496	1	
36	21230	1	
36	5876	1	
36	10487	1	
36	7380	1	
36	4868	1	
36	9479	1	
36	4364	1	
36	5390	1	
36	18191	1	
36	10515	1	
36	16661	1	
36	3353	1	
36	21295	1	
36	6951	1	
36	18222	1	
36	7471	2	
36	22327	1	
36	21305	1	
36	6459	1	
36	3978	1	
36	1855	1	
36	8013	1	
36	15184	1	
36	15185	1	
36	21332	1	
36	14677	2	
36	9558	1	
36	5433	1	
36	1371	1	
36	1380	1	
36	6375	1	
36	9069	3	
36	7537	1	
36	12670	1	
36	12673	1	
36	15754	1	
36	17807	1	
36	4497	1	
36	11672	1	
36	5019	1	
36	16798	1	
36	13730	1	
36	18852	1	
36	16807	1	
36	19881	1	
36	15791	1	
36	1457	1	
36	10679	1	
36	15800	1	
36	22457	1	
36	20927	1	
36	22464	1	
36	20418	1	
36	9167	1	
36	12759	1	
36	16804	1	
36	3047	1	
36	10728	1	
36	3055	1	
36	505	1	
36	7163	1	
