1	4364	2	
1	8079	1	
1	15760	1	
1	18577	1	
1	14743	1	
1	8636	1	
1	8476	1	
1	22557	1	
1	20638	1	
1	9887	1	
1	6816	1	
1	11641	1	
1	21276	1	
1	22442	1	
1	1707	1	
1	3629	1	
1	6702	1	
1	12345	1	
1	17225	1	
1	21305	2	
1	7483	1	
1	18108	1	
1	19133	2	
1	6976	1	
1	8513	1	
1	11846	1	
1	15432	1	
1	8649	1	
1	5713	1	
1	21586	1	
1	16851	1	
1	9046	1	
1	13113	1	
1	15225	1	
1	8797	1	
1	18528	1	
1	7400	1	
1	10857	1	
1	6951	1	
1	9069	3	
1	21613	1	
1	19056	1	
1	15473	1	
1	1140	1	
1	15350	1	
1	17016	1	
1	6521	1	
1	19900	1	
1	5629	1	
2	15874	1	
2	515	2	
2	19460	1	
2	16902	2	
2	1544	1	
2	9645	1	
2	22032	2	
2	15893	2	
2	19478	1	
2	13849	1	
2	7201	1	
2	1571	1	
2	3621	1	
2	22571	1	
2	9772	1	
2	12333	1	
2	564	1	
2	7217	1	
2	11827	1	
2	12852	2	
2	22581	1	
2	12342	1	
2	57	1	
2	13884	1	
2	13885	1	
2	13887	1	
2	10453	1	
2	11843	2	
2	1604	1	
2	18505	1	
2	588	2	
2	21586	1	
2	1895	1	
2	7764	1	
2	18005	2	
2	13398	1	
2	87	1	
2	9816	1	
2	11870	1	
2	18529	1	
2	13418	1	
2	10859	1	
2	15981	1	
2	11887	1	
2	14448	2	
2	13937	1	
2	4723	1	
2	13428	2	
2	1141	1	
2	7287	1	
2	18557	1	
2	20607	1	
2	22464	1	
2	12930	7	
2	13445	1	
2	16833	1	
2	1160	1	
2	6283	1	
2	13452	1	
2	7823	1	
2	2704	1	
2	17041	1	
2	2243	1	
2	19398	1	
2	22188	2	
2	20148	1	
2	13969	1	
2	17012	1	
2	4795	2	
2	10428	1	
2	19133	4	
2	15042	1	
2	13507	2	
2	16586	1	
2	17015	1	
2	13516	1	
2	5838	1	
2	719	1	
2	7888	1	
2	9425	1	
2	20690	1	
2	10963	1	
2	18645	1	
2	20695	2	
2	9432	1	
2	10972	1	
2	10973	1	
2	13022	1	
2	7903	1	
2	8617	4	
2	7397	1	
2	14033	1	
2	4328	1	
2	19183	1	
2	8950	6	
2	17657	1	
2	8954	2	
2	14037	1	
2	1280	1	
2	8449	1	
2	4868	1	
2	2310	1	
2	20234	2	
2	267	1	
2	4364	1	
2	5391	1	
2	2322	1	
2	4884	2	
2	18222	1	
2	16662	1	
2	2327	1	
2	7455	1	
2	4385	1	
2	11042	2	
2	19238	1	
2	16775	2	
2	1838	1	
2	21295	3	
2	11570	2	
2	11059	1	
2	8502	2	
2	21305	2	
2	12602	1	
2	8508	1	
2	12341	1	
2	6976	7	
2	13451	1	
2	2375	2	
2	328	1	
2	21842	1	
2	11662	1	
2	5465	1	
2	6490	2	
2	18267	3	
2	860	1	
2	14686	1	
2	22369	1	
2	5988	2	
2	3217	2	
2	13161	1	
2	5994	2	
2	9069	4	
2	9072	1	
2	21874	1	
2	19124	2	
2	21364	1	
2	12151	2	
2	8255	1	
2	17788	1	
2	7658	1	
2	1415	2	
2	15752	1	
2	4493	1	
2	20366	1	
2	4496	2	
2	917	2	
2	14744	1	
2	1092	2	
2	17818	1	
2	14748	2	
2	7578	1	
2	7582	1	
2	8607	1	
2	7584	1	
2	9122	1	
2	1447	1	
2	4599	1	
2	15273	1	
2	1452	1	
2	1453	1	
2	13749	1	
2	6075	1	
2	16831	2	
2	1984	1	
2	20384	1	
2	13252	2	
2	7110	1	
2	17863	1	
2	13388	1	
2	1482	1	
2	11723	1	
2	15266	1	
2	13778	2	
2	7637	1	
2	7638	1	
2	3321	1	
2	5593	2	
2	16348	1	
2	6622	1	
2	22181	1	
2	13793	1	
2	18406	1	
2	19943	1	
2	15338	1	
2	19367	1	
2	22354	1	
2	1518	1	
2	16367	2	
2	11760	2	
2	5623	1	
2	6651	1	
2	6652	1	
3	12288	1	
3	8064	1	
3	19883	1	
3	19460	1	
3	11273	2	
3	17932	1	
3	7938	1	
3	9645	1	
3	17424	1	
3	9816	2	
3	19478	1	
3	9755	1	
3	11293	1	
3	12319	1	
3	16416	1	
3	3419	1	
3	3621	1	
3	13866	1	
3	15404	1	
3	7895	1	
3	7432	2	
3	16434	1	
3	3636	1	
3	22071	1	
3	57	1	
3	20234	1	
3	13887	1	
3	8257	1	
3	3650	1	
3	15939	1	
3	1092	1	
3	21066	1	
3	588	2	
3	3661	1	
3	12878	2	
3	21586	2	
3	15971	1	
3	13398	3	
3	2648	1	
3	15119	1	
3	21499	1	
3	20384	2	
3	8636	1	
3	7164	1	
3	9839	1	
3	21617	1	
3	1141	2	
3	4579	2	
3	7799	1	
3	12852	1	
3	13759	1	
3	3197	1	
3	21781	1	
3	18049	1	
3	18052	1	
3	13445	1	
3	6790	1	
3	15495	1	
3	4746	1	
3	19595	1	
3	3217	3	
3	13970	1	
3	2755	1	
3	19093	1	
3	4574	1	
3	8815	1	
3	5795	1	
3	22181	1	
3	4779	1	
3	11436	1	
3	9901	1	
3	19401	1	
3	3258	1	
3	3259	1	
3	8892	1	
3	19133	5	
3	12320	1	
3	2243	1	
3	12151	1	
3	13516	1	
3	5069	2	
3	14546	1	
3	19155	1	
3	10452	1	
3	10453	2	
3	20695	1	
3	4831	1	
3	18144	1	
3	7905	1	
3	10978	1	
3	3812	1	
3	17637	1	
3	4326	2	
3	5351	1	
3	7400	1	
3	15593	2	
3	8427	1	
3	14060	1	
3	753	1	
3	20723	1	
3	1918	1	
3	7663	1	
3	1786	1	
3	19583	1	
3	8449	1	
3	8450	1	
3	4868	2	
3	19717	1	
3	19208	1	
3	8236	1	
3	2314	1	
3	267	1	
3	4364	2	
3	19726	1	
3	5391	1	
3	17168	1	
3	19732	1	
3	19733	1	
3	5400	1	
3	22297	1	
3	19411	1	
3	7455	1	
3	5419	1	
3	7471	1	
3	15666	1	
3	17203	1	
3	6622	1	
3	21305	5	
3	15676	1	
3	20285	2	
3	10976	1	
3	15849	1	
3	18759	1	
3	4433	1	
3	19939	1	
3	14677	2	
3	4438	1	
3	343	1	
3	11059	1	
3	2394	1	
3	18267	1	
3	860	1	
3	22368	2	
3	1378	1	
3	21861	1	
3	19814	1	
3	360	1	
3	20284	1	
3	15723	2	
3	9069	2	
3	11120	1	
3	10097	1	
3	1906	1	
3	12663	1	
3	11156	1	
3	4986	1	
3	4989	1	
3	11134	1	
3	9600	1	
3	6355	1	
3	16775	1	
3	22082	1	
3	7055	1	
3	11152	1	
3	20882	1	
3	10644	2	
3	10646	1	
3	14743	1	
3	13723	1	
3	7584	1	
3	15856	1	
3	15266	2	
3	15268	1	
3	4011	1	
3	1453	1	
3	9953	2	
3	18865	1	
3	7604	1	
3	15800	2	
3	1979	1	
3	18876	1	
3	16831	1	
3	22464	1	
3	8641	1	
3	16374	1	
3	7110	1	
3	13388	2	
3	1482	1	
3	11723	1	
3	15820	2	
3	14285	1	
3	14798	2	
3	13389	1	
3	14800	1	
3	7635	1	
3	7637	1	
3	11737	1	
3	10718	1	
3	13819	1	
3	7145	1	
3	8683	1	
3	16367	1	
3	11760	1	
3	4593	1	
3	11762	2	
3	500	1	
3	1013	1	
3	7670	4	
3	11771	2	
3	6652	2	
4	12288	1	
4	13316	1	
4	19464	1	
4	4110	1	
4	11792	1	
4	529	1	
4	16915	1	
4	15893	1	
4	22551	1	
4	19460	2	
4	539	1	
4	4955	1	
4	11301	1	
4	22571	1	
4	3629	1	
4	4654	1	
4	14385	1	
4	1076	1	
4	12341	1	
4	5182	3	
4	3649	1	
4	12354	1	
4	3652	3	
4	15432	2	
4	22601	1	
4	9802	1	
4	15435	2	
4	21068	1	
4	592	1	
4	21586	1	
4	6329	1	
4	9817	1	
4	3417	3	
4	18528	1	
4	5988	1	
4	13930	1	
4	10859	1	
4	274	1	
4	10862	1	
4	19056	1	
4	9841	1	
4	1141	1	
4	17017	1	
4	19582	1	
4	1152	1	
4	17539	2	
4	19589	2	
4	6790	1	
4	6791	1	
4	19595	1	
4	21613	1	
4	14020	1	
4	673	1	
4	4263	2	
4	8988	1	
4	11434	1	
4	683	1	
4	14509	2	
4	19124	1	
4	11449	1	
4	20255	2	
4	3260	1	
4	19133	3	
4	13504	1	
4	10436	1	
4	15794	1	
4	14545	1	
4	6355	1	
4	11479	1	
4	10447	1	
4	1758	1	
4	17637	1	
4	10449	1	
4	7400	1	
4	8940	1	
4	15600	1	
4	10963	1	
4	11902	2	
4	13937	1	
4	18174	1	
4	1280	1	
4	13952	1	
4	2306	1	
4	4364	1	
4	5391	1	
4	2834	1	
4	12051	1	
4	4886	1	
4	796	3	
4	18207	1	
4	18208	1	
4	7457	1	
4	15651	1	
4	19238	1	
4	5929	1	
4	7471	1	
4	16691	1	
4	12602	1	
4	12604	1	
4	4417	1	
4	22339	1	
4	7498	1	
4	3408	1	
4	12625	1	
4	15192	3	
4	21849	1	
4	4954	1	
4	18267	1	
4	22364	1	
4	5986	1	
4	356	1	
4	360	1	
4	5994	1	
4	364	1	
4	9069	2	
4	20914	1	
4	1906	1	
4	5498	1	
4	19837	1	
4	14725	1	
4	16775	1	
4	21388	1	
4	6979	1	
4	10644	1	
4	14743	1	
4	17818	1	
4	20389	1	
4	22024	1	
4	11471	1	
4	15791	1	
4	7600	1	
4	7090	1	
4	20927	1	
4	9152	1	
4	11714	1	
4	13763	1	
4	1988	1	
4	11723	2	
4	17359	1	
4	17360	1	
4	7637	1	
4	17366	1	
4	21976	1	
4	5593	1	
4	18911	1	
4	21473	1	
4	8779	1	
4	21499	1	
4	18406	1	
4	21841	1	
4	15338	1	
4	22508	1	
4	16366	1	
4	7664	1	
4	16373	1	
4	6136	1	
4	13819	1	
4	12799	1	
5	12288	2	
5	8705	1	
5	515	1	
5	19460	3	
5	16901	1	
5	8013	1	
5	7687	1	
5	10499	1	
5	19478	1	
5	12823	1	
5	12825	3	
5	17435	1	
5	13316	1	
5	6687	1	
5	4128	1	
5	2596	1	
5	9255	1	
5	1069	1	
5	8238	2	
5	7537	1	
5	7217	1	
5	14386	1	
5	18483	1	
5	1076	1	
5	8765	1	
5	3652	1	
5	1607	1	
5	15432	1	
5	4684	1	
5	21586	1	
5	15971	1	
5	87	1	
5	90	1	
5	11870	1	
5	18528	1	
5	18529	1	
5	7779	1	
5	13412	1	
5	18022	1	
5	14448	3	
5	1141	1	
5	7287	1	
5	17016	1	
5	14969	1	
5	20602	1	
5	13435	1	
5	12930	2	
5	13445	2	
5	4746	1	
5	13963	1	
5	7823	1	
5	17041	3	
5	2706	2	
5	2243	1	
5	17046	1	
5	13849	1	
5	11931	1	
5	16030	1	
5	9887	1	
5	16544	1	
5	5232	1	
5	19619	1	
5	10337	1	
5	10920	1	
5	17067	1	
5	16047	1	
5	19124	1	
5	11449	1	
5	4795	2	
5	10428	1	
5	19133	3	
5	15042	1	
5	11723	1	
5	20168	1	
5	4303	1	
5	7888	1	
5	14033	1	
5	1748	1	
5	20695	4	
5	2271	1	
5	12512	1	
5	4837	1	
5	21224	1	
5	6380	1	
5	12018	1	
5	13255	1	
5	15096	1	
5	673	1	
5	17148	1	
5	18174	1	
5	8449	1	
5	19715	1	
5	17163	1	
5	4364	2	
5	11394	1	
5	15119	1	
5	16430	2	
5	281	2	
5	797	1	
5	5921	1	
5	4899	1	
5	5936	1	
5	15666	1	
5	1844	1	
5	10206	1	
5	310	1	
5	21305	3	
5	20794	1	
5	10975	1	
5	20284	1	
5	7904	1	
5	16195	1	
5	19782	1	
5	17737	1	
5	6989	1	
5	3408	1	
5	12625	2	
5	4438	1	
5	655	1	
5	3421	2	
5	22368	1	
5	16226	1	
5	8041	1	
5	9069	3	
5	13681	1	
5	22551	2	
5	5499	1	
5	14725	1	
5	16775	1	
5	7831	1	
5	20882	1	
5	7069	1	
5	20384	1	
5	4002	2	
5	4003	2	
5	12716	1	
5	9645	1	
5	1460	1	
5	3629	1	
5	15819	1	
5	4031	1	
5	4000	1	
5	11714	1	
5	11719	1	
5	503	1	
5	9676	1	
5	9167	1	
5	11729	1	
5	18393	1	
5	5085	1	
5	15838	1	
5	13793	1	
5	15338	1	
5	8683	1	
5	8685	1	
5	15856	1	
5	13809	1	
5	3060	1	
5	5623	1	
5	6651	1	
5	15869	1	
5	13822	1	
5	12799	1	
6	12288	1	
6	9733	1	
6	11787	1	
6	4110	1	
6	4111	1	
6	22032	1	
6	14509	1	
6	13331	1	
6	13334	1	
6	17435	1	
6	13854	1	
6	18975	1	
6	14369	1	
6	11298	1	
6	12325	1	
6	2600	1	
6	3629	1	
6	3636	1	
6	4668	1	
6	5182	1	
6	12354	1	
6	20554	1	
6	587	1	
6	21586	2	
6	83	1	
6	3162	1	
6	7780	1	
6	2661	1	
6	21606	1	
6	9832	1	
6	15980	1	
6	21613	1	
6	22133	1	
6	17014	1	
6	17016	1	
6	15210	1	
6	5760	1	
6	1160	1	
6	14473	1	
6	17041	3	
6	4754	1	
6	19098	1	
6	13979	1	
6	16030	1	
6	10407	1	
6	10410	1	
6	20653	1	
6	3758	1	
6	3258	1	
6	19133	3	
6	21182	1	
6	14016	1	
6	12481	1	
6	2243	1	
6	20167	1	
6	14028	1	
6	13516	3	
6	15566	1	
6	10963	1	
6	7380	1	
6	17125	1	
6	746	1	
6	7782	1	
6	21750	1	
6	21751	1	
6	3796	1	
6	14081	1	
6	4867	2	
6	20234	1	
6	16661	1	
6	796	1	
6	17200	1	
6	293	1	
6	16176	1	
6	15666	1	
6	7475	1	
6	1844	1	
6	21305	2	
6	10558	1	
6	831	1	
6	10560	1	
6	4417	1	
6	15170	1	
6	16212	1	
6	2873	1	
6	3417	1	
6	18267	1	
6	7516	1	
6	17761	1	
6	15717	1	
6	5994	1	
6	9069	5	
6	21871	1	
6	8562	1	
6	15222	1	
6	12663	1	
6	12153	1	
6	16775	2	
6	10127	1	
6	9105	2	
6	15763	1	
6	19348	1	
6	13727	1	
6	20384	1	
6	15266	1	
6	16539	1	
6	10679	1	
6	22262	1	
6	3532	1	
6	14306	1	
6	3055	2	
6	15856	1	
6	9201	1	
6	16888	1	
7	13316	1	
7	12815	1	
7	19478	1	
7	17943	2	
7	5144	1	
7	19460	1	
7	1062	1	
7	20519	1	
7	17451	1	
7	8236	1	
7	4653	1	
7	16430	1	
7	7215	1	
7	9777	1	
7	14387	1	
7	12852	1	
7	22071	1	
7	1080	1	
7	4668	1	
7	20547	2	
7	3652	1	
7	633	1	
7	4364	2	
7	1099	1	
7	13388	1	
7	13901	1	
7	20560	1	
7	2129	1	
7	21586	1	
7	10837	1	
7	15119	2	
7	13404	1	
7	18528	1	
7	15971	1	
7	21097	1	
7	3182	1	
7	13423	1	
7	14448	1	
7	13425	1	
7	1138	1	
7	1141	4	
7	7287	1	
7	6777	1	
7	11904	2	
7	17019	1	
7	20604	1	
7	3197	1	
7	21781	1	
7	1152	1	
7	12930	2	
7	5251	1	
7	13444	1	
7	21782	4	
7	15494	1	
7	7823	1	
7	20112	1	
7	19093	1	
7	14488	1	
7	18116	1	
7	22339	1	
7	10397	1	
7	12446	1	
7	17569	1	
7	20642	1	
7	13475	1	
7	17066	1	
7	22188	1	
7	19124	2	
7	18633	1	
7	4795	1	
7	18108	1	
7	19133	6	
7	3265	1	
7	15042	1	
7	18628	1	
7	2761	2	
7	22220	1	
7	1744	1	
7	20690	1	
7	3796	1	
7	6265	1	
7	15579	2	
7	7903	1	
7	21968	1	
7	10978	1	
7	10469	1	
7	2279	1	
7	6695	1	
7	5873	1	
7	5875	1	
7	8449	2	
7	16683	2	
7	4868	1	
7	7433	1	
7	17163	1	
7	11020	1	
7	7438	1	
7	3629	2	
7	4884	1	
7	18197	1	
7	19734	1	
7	7455	1	
7	8892	1	
7	19238	1	
7	5929	1	
7	11563	1	
7	1844	1	
7	14645	1	
7	3894	1	
7	21305	5	
7	6976	1	
7	20803	1	
7	846	1	
7	6982	1	
7	18766	1	
7	847	1	
7	3408	1	
7	21841	1	
7	15952	1	
7	4441	2	
7	18267	1	
7	22369	1	
7	2918	2	
7	8679	1	
7	9069	1	
7	21364	1	
7	12663	3	
7	10644	1	
7	17788	1	
7	3627	1	
7	12162	1	
7	16773	1	
7	16775	1	
7	15754	1	
7	17292	1	
7	11662	1	
7	12691	1	
7	13516	2	
7	12694	1	
7	3991	1	
7	11332	1	
7	10142	1	
7	20384	3	
7	15266	1	
7	4520	2	
7	22442	1	
7	11181	1	
7	435	1	
7	8636	2	
7	11714	1	
7	13255	1	
7	8268	1	
7	14754	1	
7	9167	1	
7	14288	1	
7	7637	1	
7	5591	1	
7	13793	1	
7	12625	3	
7	15442	1	
7	16367	1	
7	15856	1	
7	11762	1	
7	16374	1	
7	5623	2	
7	15864	1	
7	11771	4	
7	13822	1	
8	12288	1	
8	4611	1	
8	16901	1	
8	6	1	
8	11275	5	
8	22030	1	
8	16911	1	
8	17424	3	
8	16947	1	
8	4115	1	
8	13401	1	
8	12823	1	
8	10264	2	
8	12825	3	
8	4122	1	
8	17435	1	
8	10780	1	
8	13658	1	
8	13854	3	
8	20000	1	
8	14369	2	
8	11298	5	
8	9255	1	
8	22572	1	
8	3629	2	
8	9264	1	
8	9265	2	
8	1074	1	
8	7219	1	
8	1076	1	
8	12341	1	
8	16951	1	
8	13880	1	
8	13881	1	
8	3130	1	
8	9277	1	
8	5935	1	
8	12354	1	
8	7236	1	
8	15528	1	
8	19553	1	
8	587	4	
8	15948	2	
8	21586	1	
8	13398	2	
8	87	1	
8	9305	1	
8	20059	3	
8	3088	1	
8	19556	1	
8	8805	1	
8	18022	1	
8	18023	1	
8	9832	1	
8	15465	1	
8	22119	1	
8	21613	2	
8	13779	1	
8	22205	1	
8	21617	1	
8	1140	1	
8	19900	1	
8	14973	1	
8	5246	1	
8	13952	1	
8	4032	2	
8	10859	1	
8	5764	1	
8	10262	1	
8	6791	1	
8	13451	1	
8	20625	2	
8	448	1	
8	4247	1	
8	6809	1	
8	19610	1	
8	14493	1	
8	12446	1	
8	19619	1	
8	14500	1	
8	5797	1	
8	13479	1	
8	17576	1	
8	17577	1	
8	22188	1	
8	17754	1	
8	11449	1	
8	15548	1	
8	19133	3	
8	6848	1	
8	3992	1	
8	13508	1	
8	10679	1	
8	20168	3	
8	15820	1	
8	13516	2	
8	718	2	
8	15567	1	
8	7888	1	
8	20690	1	
8	10963	1	
8	7380	1	
8	12501	1	
8	20695	3	
8	1047	1	
8	9434	1	
8	10972	1	
8	10974	1	
8	4831	2	
8	18144	1	
8	13937	1	
8	18154	1	
8	9170	1	
8	6898	1	
8	7635	1	
8	10484	1	
8	14583	1	
8	16120	2	
8	10452	2	
8	16634	1	
8	18174	1	
8	17154	1	
8	14088	1	
8	11020	1	
8	15119	2	
8	17484	1	
8	10515	1	
8	15128	1	
8	8636	1	
8	14621	1	
8	7455	1	
8	11040	1	
8	10530	1	
8	4387	1	
8	10535	1	
8	1833	1	
8	7471	1	
8	2355	1	
8	1844	1	
8	21305	1	
8	10975	1	
8	4417	1	
8	16197	1	
8	13129	2	
8	9831	1	
8	4432	1	
8	21841	1	
8	6483	1	
8	7865	1	
8	4438	2	
8	2394	1	
8	18267	1	
8	15199	1	
8	3936	1	
8	7313	1	
8	15210	1	
8	9069	2	
8	14703	1	
8	6516	1	
8	13174	1	
8	1917	1	
8	7039	2	
8	7552	1	
8	18364	1	
8	15754	1	
8	9105	2	
8	22418	1	
8	2451	1	
8	917	1	
8	408	1	
8	4506	1	
8	4507	1	
8	4509	1	
8	15774	2	
8	15777	2	
8	13730	1	
8	18853	1	
8	13809	1	
8	22442	1	
8	15275	1	
8	16301	1	
8	16302	3	
8	18865	1	
8	4019	1	
8	16030	1	
8	7095	1	
8	11708	1	
8	9662	1	
8	22463	1	
8	22464	4	
8	14786	1	
8	7109	1	
8	15817	1	
8	11723	1	
8	9676	1	
8	15266	1	
8	14290	1	
8	13475	1	
8	4572	1	
8	10206	1	
8	14306	3	
8	20451	1	
8	12625	3	
8	15338	2	
8	4263	1	
8	493	1	
8	4081	1	
8	16882	1	
8	16588	1	
8	3577	1	
8	11771	1	
8	6652	1	
8	13822	1	
9	512	1	
9	12288	1	
9	7683	1	
9	7684	1	
9	7687	2	
9	7180	1	
9	13837	1	
9	17424	1	
9	19478	1	
9	12823	1	
9	12825	2	
9	15903	1	
9	16430	4	
9	9777	1	
9	17162	1	
9	19519	1	
9	8769	2	
9	12360	3	
9	15948	1	
9	13389	1	
9	18005	1	
9	90	1	
9	22032	2	
9	7780	1	
9	16998	1	
9	19050	1	
9	622	1	
9	2676	1	
9	22133	1	
9	14969	1	
9	5246	2	
9	2179	1	
9	19588	1	
9	13445	2	
9	15496	1	
9	10890	1	
9	22551	1	
9	7823	1	
9	3221	2	
9	19993	1	
9	13679	2	
9	671	1	
9	673	1	
9	19619	1	
9	10408	1	
9	8988	1	
9	22188	2	
9	12465	1	
9	11444	2	
9	11449	1	
9	13516	2	
9	20686	4	
9	15567	1	
9	14545	1	
9	15566	1	
9	20695	1	
9	13532	1	
9	21733	1	
9	721	2	
9	5867	1	
9	22252	1	
9	7410	1	
9	248	2	
9	20234	1	
9	4364	4	
9	10510	1	
9	8238	1	
9	281	1	
9	19740	1	
9	8989	1	
9	4899	1	
9	1829	1	
9	7463	1	
9	19248	1	
9	10555	2	
9	831	1	
9	6464	1	
9	16193	1	
9	22339	1	
9	12103	1	
9	13129	1	
9	5450	4	
9	12625	3	
9	2394	1	
9	1167	1	
9	15709	1	
9	1886	1	
9	1887	1	
9	7527	1	
9	873	2	
9	6511	1	
9	11632	1	
9	2314	1	
9	1918	1	
9	7039	1	
9	7041	2	
9	12162	1	
9	8401	1	
9	3991	1	
9	910	1	
9	14743	1	
9	7069	1	
9	20384	2	
9	18851	1	
9	19364	1	
9	7081	1	
9	9644	1	
9	8264	1	
9	8627	1	
9	1465	1	
9	17339	1	
9	19900	3	
9	15808	1	
9	17312	2	
9	11714	2	
9	19401	1	
9	13772	1	
9	20429	1	
9	9167	1	
9	9684	1	
9	7637	1	
9	6622	1	
9	13793	1	
9	18921	1	
9	16363	1	
9	3055	1	
9	15856	1	
9	18420	1	
9	6651	2	
9	6652	1	
9	6741	1	
10	7041	1	
10	11853	1	
10	10499	1	
10	4868	1	
10	2949	1	
10	8988	1	
10	4364	1	
10	909	2	
10	910	1	
10	5993	1	
10	17168	2	
10	13969	1	
10	7683	1	
10	10644	1	
10	917	2	
10	19478	1	
10	3991	1	
10	10264	1	
10	3484	1	
10	8989	1	
10	4382	2	
10	17312	1	
10	13089	1	
10	15522	1	
10	8892	1	
10	1188	1	
10	13763	1	
10	5623	1	
10	3881	1	
10	10985	1	
10	16430	1	
10	7471	2	
10	12791	1	
10	16049	1	
10	19634	1	
10	2745	1	
10	5818	1	
10	10555	1	
10	12604	1	
10	8765	1	
10	19134	1	
10	21621	1	
10	6848	1	
10	19424	1	
10	12663	1	
10	22339	1	
10	13279	1	
10	16586	1	
10	20343	1	
10	19149	1	
10	20686	1	
10	10300	1	
10	19537	1	
10	15907	1	
10	15808	1	
10	21845	1	
10	11792	1	
10	18852	1	
10	911	1	
10	10407	1	
10	14522	1	
10	10206	1	
10	1375	1	
10	7776	1	
10	7952	1	
10	16998	1	
10	7400	1	
10	19900	1	
10	4263	1	
10	9069	1	
10	18736	1	
10	7537	1	
10	22258	1	
10	14324	1	
10	1141	1	
10	4599	1	
10	4602	1	
10	8187	1	
10	18686	1	
10	18005	1	
11	12288	1	
11	7680	1	
11	11779	1	
11	12805	1	
11	9227	1	
11	12717	1	
11	5142	1	
11	1047	1	
11	10264	1	
11	12825	2	
11	5149	1	
11	6686	1	
11	15903	1	
11	22057	1	
11	15402	1	
11	22571	1	
11	8236	1	
11	16430	1	
11	3636	1	
11	12343	1	
11	11832	1	
11	8250	1	
11	4668	1	
11	13887	1	
11	22368	1	
11	12354	1	
11	18955	1	
11	1604	1	
11	16966	1	
11	15432	1	
11	588	2	
11	17485	1	
11	8782	1	
11	591	1	
11	592	1	
11	15442	1	
11	15971	2	
11	6235	1	
11	18014	1	
11	12897	1	
11	7778	1	
11	10851	1	
11	20585	1	
11	21102	1	
11	6770	1	
11	21609	1	
11	14970	1	
11	18562	2	
11	18051	1	
11	13449	1	
11	14475	1	
11	5997	1	
11	3217	1	
11	17042	1	
11	5272	1	
11	14489	1	
11	21152	1	
11	3415	1	
11	9892	3	
11	7110	1	
11	4263	1	
11	10410	1	
11	683	1	
11	15534	1	
11	8989	1	
11	7345	1	
11	17075	1	
11	19124	2	
11	698	3	
11	6331	1	
11	3260	1	
11	19133	1	
11	20168	2	
11	14028	2	
11	11979	2	
11	13516	2	
11	20686	1	
11	4303	1	
11	9424	1	
11	14036	1	
11	14038	1	
11	4314	1	
11	11995	1	
11	15580	1	
11	5498	1	
11	5840	1	
11	8935	1	
11	4331	1	
11	9458	1	
11	3796	3	
11	15610	1	
11	2943	1	
11	15102	1	
11	771	3	
11	2310	2	
11	1921	1	
11	4364	4	
11	19725	1	
11	17681	1	
11	15128	1	
11	8988	1	
11	9434	1	
11	20256	2	
11	11555	1	
11	3878	1	
11	3882	1	
11	3885	2	
11	21295	2	
11	16177	1	
11	8502	2	
11	1076	1	
11	8262	1	
11	8515	1	
11	19782	1	
11	17737	2	
11	8013	1	
11	3408	1	
11	12625	2	
11	19939	1	
11	14677	3	
11	4438	1	
11	21305	1	
11	10072	1	
11	18267	2	
11	7516	1	
11	11104	1	
11	22369	1	
11	5993	1	
11	9069	3	
11	20343	1	
11	1922	1	
11	8569	1	
11	12666	1	
11	1918	1	
11	8063	1	
11	1408	1	
11	12673	1	
11	14210	1	
11	1412	1	
11	14725	2	
11	1415	1	
11	7563	1	
11	16449	1	
11	18818	1	
11	4496	3	
11	20882	1	
11	15579	1	
11	3991	1	
11	16367	1	
11	1950	1	
11	17312	1	
11	7664	1	
11	419	1	
11	10148	1	
11	11334	1	
11	1446	1	
11	15273	1	
11	15275	1	
11	16301	1	
11	18862	1	
11	5552	1	
11	4507	1	
11	14324	1	
11	1466	1	
11	1979	1	
11	11714	1	
11	7380	1	
11	502	1	
11	1990	1	
11	9733	1	
11	11729	2	
11	8611	2	
11	12878	1	
11	12760	1	
11	4602	1	
11	10206	1	
11	11771	1	
11	18406	1	
11	21841	1	
11	15338	1	
11	15339	1	
11	494	1	
11	3055	6	
11	15856	1	
11	15190	1	
11	16374	1	
11	14327	1	
11	20474	1	
11	6143	1	
11	18773	1	
12	13316	2	
12	7686	1	
12	1544	1	
12	11275	1	
12	22030	1	
12	17424	1	
12	10264	1	
12	12825	1	
12	22557	1	
12	11810	1	
12	5667	1	
12	19718	1	
12	3629	1	
12	16430	2	
12	7729	1	
12	7219	1	
12	1076	1	
12	11832	1	
12	6715	1	
12	4670	1	
12	1089	1	
12	12354	1	
12	7777	1	
12	12360	1	
12	13389	2	
12	17490	1	
12	7765	1	
12	9305	1	
12	22108	1	
12	19553	1	
12	19555	1	
12	13412	1	
12	16998	2	
12	3175	1	
12	19048	1	
12	22464	3	
12	13421	1	
12	12910	3	
12	12911	1	
12	21104	1	
12	13937	1	
12	1650	1	
12	15987	1	
12	22133	1	
12	6265	1	
12	13951	1	
12	1664	1	
12	12929	2	
12	18051	1	
12	18569	1	
12	9069	1	
12	13969	1	
12	19607	1	
12	10436	1	
12	13979	1	
12	14492	1	
12	11428	1	
12	21617	1	
12	15528	1	
12	17577	1	
12	1706	1	
12	12317	1	
12	21107	1	
12	15384	1	
12	12471	1	
12	22200	1	
12	700	1	
12	19133	1	
12	14016	1	
12	2244	1	
12	10510	1	
12	20168	1	
12	6857	1	
12	16586	1	
12	14028	1	
12	13858	1	
12	4818	1	
12	3796	1	
12	22232	2	
12	9434	1	
12	10464	1	
12	21733	1	
12	10985	1	
12	8938	1	
12	748	1	
12	7408	2	
12	12018	1	
12	15603	1	
12	12020	1	
12	16120	1	
12	7380	1	
12	16682	1	
12	18686	1	
12	4868	4	
12	1798	1	
12	14088	2	
12	20234	2	
12	3339	1	
12	4364	1	
12	17165	1	
12	6414	1	
12	18222	1	
12	16662	1	
12	8988	1	
12	4382	2	
12	9777	1	
12	17706	1	
12	21696	1	
12	5934	1	
12	5935	1	
12	13961	1	
12	21305	1	
12	12604	1	
12	831	1	
12	15172	1	
12	18759	1	
12	22346	1	
12	19787	1	
12	3408	1	
12	12625	1	
12	21845	1	
12	15190	1	
12	2394	2	
12	22368	1	
12	7010	1	
12	8035	1	
12	22418	2	
12	8568	1	
12	7035	1	
12	12670	1	
12	16449	1	
12	15754	1	
12	3991	1	
12	909	1	
12	20882	1	
12	917	1	
12	6038	1	
12	14743	1	
12	4509	2	
12	15774	1	
12	12192	1	
12	11684	1	
12	12199	1	
12	15274	1	
12	15275	2	
12	12716	1	
12	1976	1	
12	11708	2	
12	4032	1	
12	15809	1	
12	4037	1	
12	12744	1	
12	11724	1	
12	9167	2	
12	7892	1	
12	11737	1	
12	10205	1	
12	10206	2	
12	14306	2	
12	17892	1	
12	4263	1	
12	3055	2	
12	4776	1	
12	15102	1	
12	5623	1	
12	7673	1	
12	6651	1	
12	18005	1	
13	12288	2	
13	8705	1	
13	19460	1	
13	16901	1	
13	16902	1	
13	9644	1	
13	855	1	
13	13837	1	
13	22030	1	
13	22032	4	
13	22551	1	
13	10265	1	
13	6687	1	
13	15402	1	
13	8238	1	
13	1074	1	
13	1076	2	
13	13887	1	
13	7752	1	
13	17484	1	
13	12878	2	
13	21586	1	
13	18005	3	
13	7777	1	
13	7780	1	
13	16998	2	
13	21613	1	
13	6770	2	
13	632	1	
13	3197	1	
13	6786	2	
13	13445	2	
13	14985	1	
13	12823	1	
13	1167	1	
13	12825	2	
13	4263	1	
13	4776	1	
13	10410	1	
13	22188	1	
13	19058	1	
13	17072	1	
13	22200	1	
13	6331	1	
13	2243	1	
13	20168	1	
13	12663	1	
13	13516	1	
13	11471	1	
13	7380	1	
13	20695	2	
13	9432	1	
13	13532	1	
13	7904	1	
13	740	1	
13	8421	1	
13	2278	1	
13	7400	1	
13	6377	1	
13	747	1	
13	2798	1	
13	7408	1	
13	7410	2	
13	6901	1	
13	7680	1	
13	1786	1	
13	1578	3	
13	14081	1	
13	4868	2	
13	2310	1	
13	18185	2	
13	20234	1	
13	4364	2	
13	5391	1	
13	17168	1	
13	17170	1	
13	16430	2	
13	3353	1	
13	8989	1	
13	15237	1	
13	16166	2	
13	21212	1	
13	12588	1	
13	16434	1	
13	5934	1	
13	1844	1	
13	6622	1	
13	2873	1	
13	3393	1	
13	15170	1	
13	17227	1	
13	8013	1	
13	18767	1	
13	12625	1	
13	19285	1	
13	4438	1	
13	5433	1	
13	7515	1	
13	15709	1	
13	22368	1	
13	5996	1	
13	17265	1	
13	4138	1	
13	10615	1	
13	14713	1	
13	6014	1	
13	2949	1	
13	3975	2	
13	3991	1	
13	4509	1	
13	15774	2	
13	18222	1	
13	4005	1	
13	11180	1	
13	9458	1	
13	9139	1	
13	1466	1	
13	22469	1	
13	588	1	
13	11723	1	
13	9167	1	
13	7120	1	
13	13778	1	
13	9171	1	
13	10206	1	
13	6651	1	
13	8167	1	
13	490	1	
13	10407	1	
13	492	1	
13	15864	1	
13	20475	1	
13	4604	1	
13	21845	1	
14	1922	1	
14	19460	1	
14	18185	2	
14	13963	1	
14	4364	2	
14	9090	1	
14	13838	1	
14	14509	1	
14	4884	1	
14	12053	1	
14	21782	1	
14	3991	1	
14	7684	1	
14	4891	1	
14	16543	1	
14	4000	1	
14	13723	1	
14	19364	1	
14	6982	1	
14	4263	1	
14	16936	1	
14	11564	1	
14	8749	1	
14	2351	1	
14	16434	1	
14	1844	1	
14	3629	1	
14	12670	1	
14	500	1	
14	11708	1	
14	492	1	
14	16431	1	
14	13887	3	
14	718	1	
14	6786	1	
14	11180	1	
14	17163	1	
14	13508	1	
14	7110	1	
14	15432	1	
14	17260	1	
14	12746	1	
14	13389	1	
14	15438	1	
14	6285	1	
14	20689	1	
14	11858	1	
14	595	1	
14	18005	2	
14	9046	1	
14	697	1	
14	15119	1	
14	9171	1	
14	21727	1	
14	8421	1	
14	16998	1	
14	7399	1	
14	13418	2	
14	10407	1	
14	7148	1	
14	9069	1	
14	15982	1	
14	16367	1	
14	15987	1	
14	13428	4	
14	6773	1	
14	22551	1	
14	505	1	
14	17790	1	
14	22229	1	
15	12288	2	
15	15874	1	
15	19460	1	
15	16901	1	
15	7686	1	
15	4617	1	
15	22032	1	
15	1048	1	
15	22557	1	
15	14369	1	
15	16931	1	
15	12325	3	
15	12329	1	
15	8753	1	
15	1076	1	
15	22581	1	
15	10299	1	
15	13884	3	
15	588	3	
15	21586	1	
15	84	1	
15	7765	1	
15	87	1	
15	7778	1	
15	620	1	
15	13428	1	
15	10360	1	
15	10365	1	
15	6787	1	
15	19588	1	
15	1669	1	
15	13961	2	
15	15512	1	
15	14495	1	
15	16544	1	
15	16546	1	
15	20649	2	
15	17067	1	
15	19133	1	
15	14028	1	
15	13516	1	
15	4818	1	
15	9167	1	
15	12010	1	
15	22252	1	
15	1774	1	
15	19184	2	
15	12026	1	
15	4868	1	
15	18185	2	
15	4364	2	
15	18191	1	
15	8579	1	
15	16661	1	
15	2327	1	
15	14469	1	
15	3362	1	
15	1844	1	
15	18569	1	
15	21305	1	
15	10043	1	
15	10557	1	
15	17229	1	
15	21845	1	
15	4441	1	
15	19814	1	
15	1895	1	
15	11632	1	
15	5489	1	
15	15218	3	
15	15220	2	
15	12663	1	
15	12670	1	
15	1923	1	
15	15752	1	
15	7578	1	
15	7608	2	
15	19900	1	
15	15808	1	
15	5623	1	
15	6989	1	
15	4058	1	
15	15610	1	
15	488	1	
15	3055	2	
15	11760	2	
15	4081	1	
15	16588	1	
15	18423	1	
15	11771	2	
15	15869	2	
16	12288	4	
16	15362	1	
16	15874	1	
16	19478	2	
16	15903	3	
16	20010	1	
16	8236	1	
16	8749	1	
16	16430	1	
16	16434	1	
16	1590	1	
16	13884	2	
16	18528	1	
16	7237	1	
16	15971	1	
16	2745	1	
16	7776	1	
16	17168	1	
16	19555	1	
16	16998	1	
16	15979	1	
16	18540	1	
16	11902	2	
16	3201	1	
16	14469	1	
16	18055	1	
16	14473	1	
16	7313	1	
16	16546	1	
16	16547	4	
16	4263	1	
16	20653	1	
16	6329	1	
16	4795	1	
16	8892	1	
16	15556	1	
16	16586	1	
16	20686	3	
16	4306	1	
16	20180	1	
16	15566	1	
16	20695	2	
16	22232	2	
16	5337	1	
16	3329	2	
16	4867	1	
16	2309	1	
16	20232	1	
16	18185	3	
16	20234	1	
16	4364	4	
16	17678	1	
16	21264	1	
16	13073	1	
16	18197	1	
16	2839	1	
16	16664	1	
16	4382	1	
16	1833	1	
16	16775	1	
16	13961	1	
16	12602	1	
16	12604	1	
16	16190	1	
16	8511	1	
16	3392	1	
16	22339	1	
16	16197	1	
16	21318	1	
16	17225	2	
16	12625	1	
16	5973	1	
16	22369	1	
16	19131	1	
16	15218	2	
16	372	1	
16	15222	1	
16	15220	3	
16	15227	1	
16	2944	1	
16	3975	1	
16	4492	1	
16	20882	1	
16	5532	1	
16	15774	1	
16	8607	1	
16	16807	1	
16	8618	1	
16	5551	1	
16	329	1	
16	22464	2	
16	11714	1	
16	9167	1	
16	9169	1	
16	7122	1	
16	8615	1	
16	10221	1	
16	16367	1	
16	4081	1	
16	5623	1	
16	5625	1	
16	15869	1	
17	12288	1	
17	13316	2	
17	5638	1	
17	2578	3	
17	12820	1	
17	18965	1	
17	22551	1	
17	4635	1	
17	1053	1	
17	7203	1	
17	15403	1	
17	8236	1	
17	8749	2	
17	3633	1	
17	4146	1	
17	12852	1	
17	1591	1	
17	9272	1	
17	1076	1	
17	12354	1	
17	3652	1	
17	15432	1	
17	588	1	
17	11853	1	
17	21586	1	
17	19555	1	
17	15808	1	
17	18005	1	
17	88	1	
17	22082	1	
17	603	1	
17	18013	1	
17	7265	2	
17	3171	1	
17	6760	2	
17	11887	1	
17	13937	2	
17	6770	1	
17	15987	1	
17	12916	1	
17	4728	1	
17	633	1	
17	22464	1	
17	3203	1	
17	13445	1	
17	22209	1	
17	1163	1	
17	683	1	
17	17070	1	
17	15536	1	
17	12465	1	
17	2226	1	
17	19124	1	
17	3258	1	
17	2747	1	
17	8892	4	
17	19133	2	
17	14014	1	
17	12481	1	
17	1733	1	
17	19147	1	
17	4311	1	
17	2264	1	
17	10972	1	
17	10975	2	
17	8571	1	
17	7397	1	
17	6375	1	
17	10108	1	
17	12010	2	
17	3311	2	
17	22262	1	
17	8064	1	
17	4868	1	
17	17162	1	
17	4364	3	
17	13357	1	
17	284	1	
17	11555	1	
17	6951	1	
17	3880	1	
17	18218	1	
17	1844	1	
17	21305	2	
17	10555	1	
17	1855	1	
17	9536	1	
17	20803	1	
17	8518	2	
17	17223	1	
17	9271	1	
17	8013	1	
17	12110	1	
17	3919	1	
17	21841	1	
17	18771	1	
17	14677	1	
17	4438	1	
17	22368	2	
17	7014	1	
17	1899	1	
17	9069	2	
17	8564	1	
17	3958	1	
17	20343	1	
17	15227	1	
17	14716	1	
17	1408	1	
17	15751	2	
17	3978	1	
17	4493	1	
17	910	1	
17	4496	3	
17	4497	1	
17	7570	1	
17	19347	1	
17	10644	1	
17	3991	1	
17	15273	1	
17	4011	1	
17	1459	1	
17	10679	1	
17	17856	2	
17	7617	1	
17	13763	1	
17	19914	1	
17	13389	1	
17	13779	1	
17	7163	1	
17	19943	1	
17	7144	1	
17	11760	1	
17	505	1	
17	20474	1	
17	6651	2	
17	6652	1	
17	15869	1	
18	19460	1	
18	7655	1	
18	19464	1	
18	2220	1	
18	4866	1	
18	10499	1	
18	18965	1	
18	19478	1	
18	3332	1	
18	17435	1	
18	13316	1	
18	9759	1	
18	3621	1	
18	4647	1	
18	21032	1	
18	22571	1	
18	4140	1	
18	8749	2	
18	9262	1	
18	6323	1	
18	12341	1	
18	9270	1	
18	3647	1	
18	4448	1	
18	15426	1	
18	7236	1	
18	18040	1	
18	11850	3	
18	11851	2	
18	7756	1	
18	15439	2	
18	15442	1	
18	11859	1	
18	7765	1	
18	15448	1	
18	5210	1	
18	15963	1	
18	5725	1	
18	4555	1	
18	18528	1	
18	3171	1	
18	11767	1	
18	3688	1	
18	10857	1	
18	7785	1	
18	14448	1	
18	13937	1	
18	6770	1	
18	9333	1	
18	17015	1	
18	17016	3	
18	11563	1	
18	17429	1	
18	22464	1	
18	15491	1	
18	13445	1	
18	3265	1	
18	16012	1	
18	13763	1	
18	7823	1	
18	20112	1	
18	17041	1	
18	10387	1	
18	3220	2	
18	7829	1	
18	9887	1	
18	18080	1	
18	10915	1	
18	11945	1	
18	11434	1	
18	11436	1	
18	6830	1	
18	10419	1	
18	694	1	
18	16056	1	
18	2745	1	
18	18108	1	
18	19133	5	
18	9918	1	
18	1141	3	
18	6848	1	
18	18113	1	
18	2243	1	
18	4293	1	
18	4294	1	
18	17608	1	
18	13514	1	
18	8908	1	
18	18128	1	
18	4728	1	
18	14546	1	
18	10452	1	
18	14039	1	
18	4313	1	
18	4560	1	
18	7915	1	
18	13778	1	
18	1918	1	
18	6868	1	
18	9351	1	
18	1280	1	
18	5629	1	
18	17155	1	
18	4868	1	
18	17163	1	
18	4364	3	
18	1816	1	
18	13357	1	
18	9488	1	
18	5909	1	
18	19734	1	
18	5337	2	
18	21784	1	
18	21295	3	
18	17184	2	
18	17185	1	
18	802	1	
18	21797	1	
18	19238	1	
18	7303	1	
18	20639	1	
18	7471	3	
18	5425	2	
18	7474	1	
18	11571	1	
18	21305	2	
18	4490	1	
18	20798	1	
18	7999	2	
18	6977	1	
18	13793	1	
18	20298	1	
18	3408	1	
18	21841	1	
18	14677	3	
18	9558	1	
18	22209	1	
18	18267	4	
18	22368	1	
18	3943	1	
18	16430	1	
18	13164	1	
18	9069	3	
18	7537	1	
18	8563	1	
18	12151	2	
18	15225	1	
18	8511	1	
18	14716	1	
18	12670	1	
18	19093	1	
18	12673	1	
18	3041	1	
18	7049	1	
18	7050	1	
18	4491	1	
18	3468	1	
18	13890	1	
18	10638	1	
18	4496	5	
18	4497	1	
18	917	1	
18	14232	1	
18	8604	1	
18	7584	4	
18	9122	1	
18	19364	1	
18	3493	1	
18	9640	1	
18	15273	2	
18	7594	1	
18	18862	1	
18	1967	1	
18	16304	1	
18	7601	1	
18	1467	1	
18	19900	1	
18	22463	1	
18	9152	1	
18	16835	1	
18	8062	1	
18	9424	1	
18	12743	1	
18	3528	1	
18	13388	1	
18	14283	1	
18	15266	3	
18	16848	1	
18	9170	1	
18	2525	1	
18	10718	1	
18	19424	2	
18	3553	1	
18	21477	1	
18	15846	1	
18	12625	3	
18	7144	1	
18	10219	1	
18	21586	4	
18	10749	1	
18	15856	1	
18	15857	1	
18	16886	1	
18	5623	1	
18	5625	1	
18	6652	1	
18	12202	1	
18	19285	1	
19	22594	1	
19	20021	1	
