1	9729	2	
1	9425	1	
1	19460	1	
1	14725	1	
1	4359	1	
1	18185	1	
1	17162	1	
1	15170	1	
1	3629	1	
1	21905	1	
1	19347	1	
1	18197	1	
1	1174	1	
1	10329	1	
1	4868	2	
1	8636	1	
1	4263	1	
1	9887	1	
1	18736	1	
1	17890	1	
1	2342	1	
1	16177	1	
1	5034	1	
1	14509	1	
1	4576	1	
1	16175	1	
1	432	1	
1	8753	1	
1	15666	1	
1	13223	1	
1	641	1	
1	825	1	
1	2747	1	
1	18108	1	
1	7471	1	
1	6847	1	
1	15808	1	
1	7520	1	
1	11714	1	
1	22339	1	
1	5246	1	
1	20165	1	
1	9543	1	
1	14545	1	
1	12663	1	
1	13389	1	
1	10857	1	
1	20431	1	
1	9424	1	
1	17233	1	
1	9172	1	
1	14677	2	
1	13398	1	
1	9047	1	
1	21220	1	
1	8079	1	
1	17372	1	
1	8669	2	
1	21733	1	
1	18528	1	
1	22369	1	
1	6242	1	
1	7780	1	
1	3173	1	
1	1639	1	
1	5864	1	
1	8892	1	
1	10407	1	
1	12013	1	
1	11632	1	
1	6760	1	
1	16372	1	
1	22133	1	
1	7158	1	
1	9975	1	
1	17016	1	
1	11641	1	
1	15486	1	
2	11008	1	
2	13316	2	
2	16902	1	
2	8449	3	
2	15880	1	
2	13833	1	
2	13834	1	
2	17931	1	
2	17932	1	
2	4110	1	
2	4623	1	
2	22032	7	
2	15384	1	
2	12825	4	
2	22557	2	
2	6687	1	
2	16417	1	
2	2596	1	
2	7089	2	
2	1578	1	
2	17451	1	
2	561	1	
2	11827	1	
2	12852	1	
2	12342	1	
2	11832	1	
2	12345	1	
2	2525	2	
2	3643	2	
2	3260	1	
2	14407	1	
2	15432	2	
2	4169	1	
2	13388	1	
2	13389	3	
2	21586	3	
2	4691	1	
2	14543	1	
2	13398	2	
2	9816	2	
2	9817	1	
2	8425	1	
2	21861	1	
2	18528	1	
2	18529	1	
2	18530	1	
2	19556	1	
2	7783	1	
2	21948	1	
2	22122	1	
2	22119	1	
2	18540	1	
2	22508	1	
2	15982	1	
2	14448	2	
2	13937	1	
2	9331	1	
2	1141	1	
2	7785	1	
2	6776	1	
2	17017	1	
2	15486	1	
2	1152	1	
2	5765	2	
2	17030	1	
2	648	1	
2	20332	1	
2	650	1	
2	653	1	
2	21613	1	
2	3608	1	
2	9875	1	
2	1174	1	
2	15724	1	
2	13466	1	
2	7835	1	
2	20329	1	
2	7841	1	
2	12962	1	
2	4260	1	
2	21845	1	
2	15532	1	
2	15793	1	
2	13493	1	
2	21364	1	
2	3258	5	
2	18975	1	
2	700	1	
2	19133	3	
2	7359	1	
2	2243	1	
2	9924	1	
2	19016	1	
2	13514	1	
2	20343	2	
2	11471	3	
2	14545	1	
2	10963	1	
2	20695	1	
2	956	1	
2	22267	1	
2	719	1	
2	14046	1	
2	10975	2	
2	17633	1	
2	19172	2	
2	4326	1	
2	744	1	
2	16252	1	
2	6951	1	
2	22252	2	
2	9458	1	
2	5876	1	
2	2105	1	
2	17657	1	
2	17659	2	
2	14592	2	
2	5889	1	
2	17155	2	
2	4868	3	
2	6777	1	
2	5390	1	
2	15119	3	
2	785	1	
2	5394	1	
2	1813	1	
2	5911	1	
2	15128	1	
2	2329	1	
2	8988	1	
2	8989	1	
2	8990	1	
2	13445	1	
2	10531	1	
2	3974	1	
2	9777	1	
2	3975	1	
2	20269	1	
2	7471	2	
2	16177	1	
2	9522	1	
2	3894	1	
2	17719	1	
2	21305	3	
2	19258	1	
2	4831	1	
2	20284	2	
2	22340	1	
2	9270	1	
2	21318	1	
2	10721	1	
2	8013	1	
2	3408	2	
2	12625	1	
2	9047	1	
2	14677	2	
2	1337	1	
2	21848	1	
2	740	1	
2	7224	1	
2	1372	1	
2	20794	1	
2	868	1	
2	8422	1	
2	4454	1	
2	19816	1	
2	21865	1	
2	3948	1	
2	9069	2	
2	879	1	
2	21874	1	
2	12151	1	
2	7540	1	
2	12663	2	
2	18809	1	
2	9082	1	
2	17788	1	
2	7039	1	
2	4486	1	
2	16775	1	
2	7049	1	
2	9111	1	
2	917	1	
2	3991	1	
2	15514	1	
2	13726	1	
2	15266	2	
2	18851	2	
2	3492	1	
2	15273	1	
2	22442	2	
2	7083	1	
2	1967	1	
2	21425	1	
2	17331	1	
2	19900	1	
2	21950	1	
2	15808	1	
2	588	1	
2	15666	1	
2	15820	1	
2	9167	1	
2	8144	1	
2	9684	1	
2	7637	1	
2	5085	1	
2	6622	1	
2	15840	1	
2	11600	1	
2	10723	1	
2	15849	1	
2	20971	1	
2	7148	1	
2	8685	1	
2	7152	1	
2	13809	1	
2	3058	1	
2	5620	1	
2	18424	1	
2	6652	2	
2	18773	1	
3	12288	2	
3	9729	1	
3	4011	1	
3	16470	1	
3	22025	1	
3	22027	2	
3	10252	1	
3	10253	1	
3	7085	1	
3	22032	2	
3	1283	1	
3	14475	1	
3	12309	1	
3	12823	1	
3	12825	8	
3	16410	1	
3	17435	1	
3	22557	1	
3	547	1	
3	2596	1	
3	3621	1	
3	554	1	
3	1067	2	
3	8236	2	
3	3629	5	
3	5681	1	
3	18994	1	
3	12852	1	
3	11318	1	
3	4276	1	
3	3643	2	
3	14399	1	
3	1092	1	
3	70	1	
3	15432	1	
3	13898	1	
3	8268	4	
3	13389	1	
3	10832	1	
3	15441	1	
3	21586	3	
3	13398	4	
3	15448	1	
3	602	1	
3	11870	1	
3	18528	3	
3	18529	1	
3	19557	1	
3	9831	1	
3	15976	1	
3	3182	1	
3	11887	1	
3	14448	1	
3	13937	1	
3	22130	1	
3	8041	1	
3	19580	1	
3	18557	1	
3	3711	1	
3	10881	1	
3	10882	1	
3	13444	1	
3	21782	2	
3	1160	1	
3	1163	1	
3	4546	1	
3	4238	1	
3	7823	1	
3	4240	1	
3	17041	1	
3	6290	1	
3	2243	1	
3	18068	1	
3	15982	2	
3	17046	1	
3	18071	2	
3	16539	3	
3	14492	1	
3	4438	1	
3	13425	1	
3	9901	1	
3	21679	1	
3	76	1	
3	19124	1	
3	19133	3	
3	2239	2	
3	10435	1	
3	13516	1	
3	14538	1	
3	17611	2	
3	17100	1	
3	3277	1	
3	10963	1	
3	10452	1	
3	10453	2	
3	20695	3	
3	8412	1	
3	4322	2	
3	19683	1	
3	13030	1	
3	2279	1	
3	5352	1	
3	18215	1	
3	14677	1	
3	13039	1	
3	10885	3	
3	17142	1	
3	2812	1	
3	1280	1	
3	15232	1	
3	10283	1	
3	2309	1	
3	17159	1	
3	14088	1	
3	11479	1	
3	4364	1	
3	12930	1	
3	7439	1	
3	11024	1	
3	17170	1	
3	4884	1	
3	13078	1	
3	5764	1	
3	7451	1	
3	13445	1	
3	292	1	
3	19238	1	
3	7463	2	
3	16175	1	
3	14136	1	
3	21305	3	
3	14139	3	
3	16701	1	
3	3392	1	
3	6651	1	
3	4235	1	
3	8518	1	
3	13129	1	
3	3408	1	
3	17208	1	
3	10723	1	
3	18773	1	
3	15190	1	
3	6489	1	
3	15706	1	
3	19804	1	
3	22369	1	
3	9201	1	
3	15499	1	
3	13969	1	
3	9832	1	
3	9069	3	
3	10096	1	
3	21874	1	
3	4981	1	
3	20969	1	
3	15736	1	
3	12153	1	
3	13887	1	
3	16252	1	
3	7040	1	
3	1409	1	
3	18818	1	
3	14725	1	
3	3974	1	
3	16775	1	
3	15754	3	
3	20882	1	
3	11075	1	
3	3991	2	
3	20384	2	
3	14753	1	
3	15266	1	
3	14758	1	
3	14759	2	
3	7083	1	
3	16301	1	
3	17840	2	
3	16968	2	
3	18052	1	
3	11187	1	
3	2674	1	
3	1865	1	
3	1979	1	
3	19900	2	
3	15434	1	
3	16373	1	
3	22464	3	
3	11714	1	
3	7110	1	
3	13388	1	
3	1482	1	
3	11723	1	
3	13730	1	
3	14290	1	
3	14807	3	
3	7844	1	
3	3152	1	
3	12770	1	
3	11771	1	
3	5457	1	
3	8169	1	
3	15850	1	
3	8683	1	
3	22508	2	
3	493	1	
3	10225	1	
3	11762	1	
3	11765	2	
3	5623	1	
3	13819	1	
3	12799	1	
4	12288	2	
4	20237	1	
4	9901	1	
4	22032	3	
4	2578	1	
4	12823	1	
4	12825	5	
4	18975	1	
4	15400	1	
4	8749	1	
4	16430	1	
4	8753	1	
4	16434	2	
4	12866	1	
4	15432	1	
4	588	2	
4	13389	1	
4	1805	1	
4	21586	1	
4	13398	1	
4	15448	1	
4	9818	1	
4	16998	1	
4	13418	1	
4	21613	1	
4	14448	1	
4	21617	1	
4	21618	1	
4	5748	1	
4	19580	1	
4	1152	1	
4	17029	3	
4	17030	1	
4	13849	1	
4	16539	3	
4	14495	1	
4	673	1	
4	9892	1	
4	4263	1	
4	22188	1	
4	14509	1	
4	12979	1	
4	9398	1	
4	18108	1	
4	19133	1	
4	16592	1	
4	8913	1	
4	4308	1	
4	8412	1	
4	8421	1	
4	5352	1	
4	6898	1	
4	13937	1	
4	3796	1	
4	1280	2	
4	8449	1	
4	4868	1	
4	16649	1	
4	4364	1	
4	13069	1	
4	13077	1	
4	21782	1	
4	8989	1	
4	7455	1	
4	8993	1	
4	11564	1	
4	21305	1	
4	12604	1	
4	22339	1	
4	3408	2	
4	21845	1	
4	4442	1	
4	3943	1	
4	19816	1	
4	9069	1	
4	10096	1	
4	626	1	
4	17788	1	
4	1924	2	
4	16775	1	
4	7055	1	
4	19347	1	
4	17818	1	
4	7584	1	
4	13979	2	
4	4011	1	
4	4012	1	
4	4013	1	
4	5551	3	
4	1976	1	
4	1979	1	
4	7101	1	
4	1984	1	
4	15817	1	
4	16848	1	
4	19938	2	
4	10723	1	
4	22508	1	
4	16978	1	
4	4654	1	
4	13821	1	
4	12799	1	
5	12288	2	
5	12673	1	
5	19460	1	
5	17029	1	
5	3975	1	
5	7638	1	
5	16431	1	
5	10890	1	
5	16651	1	
5	4364	1	
5	20817	1	
5	9069	2	
5	22032	1	
5	17041	1	
5	13077	1	
5	4868	1	
5	12823	2	
5	6809	1	
5	17818	1	
5	16539	2	
5	797	1	
5	7326	1	
5	13445	1	
5	18267	1	
5	13969	1	
5	20519	1	
5	15448	1	
5	4012	2	
5	3629	1	
5	1280	1	
5	5551	2	
5	8753	1	
5	7694	1	
5	15582	1	
5	8502	2	
5	16952	1	
5	3258	1	
5	9887	1	
5	4247	1	
5	1174	2	
5	6337	1	
5	603	1	
5	13451	1	
5	8079	1	
5	9398	1	
5	19204	1	
5	18505	1	
5	15434	1	
5	18773	1	
5	590	1	
5	11471	2	
5	12625	2	
5	21586	1	
5	11477	1	
5	13398	2	
5	9816	1	
5	1371	1	
5	13532	1	
5	719	2	
5	21861	1	
5	10721	1	
5	2309	1	
5	15717	1	
5	16998	1	
5	19943	2	
5	4073	1	
5	22508	1	
5	21613	1	
5	6511	1	
5	22295	1	
5	10097	1	
5	3702	1	
5	17016	1	
5	8449	1	
5	18557	1	
5	18046	1	
5	18197	1	
6	12288	2	
6	12801	1	
6	19460	2	
6	13881	1	
6	19464	1	
6	4107	1	
6	525	1	
6	4110	3	
6	14509	1	
6	17424	1	
6	8878	1	
6	12823	10	
6	12825	3	
6	4635	1	
6	22557	1	
6	15903	2	
6	6695	1	
6	22571	2	
6	13877	1	
6	17463	1	
6	11832	1	
6	11444	1	
6	12354	2	
6	18955	1	
6	1092	1	
6	15457	1	
6	12360	1	
6	15434	1	
6	11851	1	
6	76	2	
6	13389	1	
6	18510	1	
6	9297	1	
6	21586	4	
6	15448	2	
6	6235	1	
6	5733	1	
6	18528	1	
6	10096	1	
6	16996	1	
6	16997	1	
6	3175	1	
6	5232	1	
6	13937	2	
6	1141	1	
6	633	1	
6	5246	1	
6	5248	1	
6	4032	1	
6	12930	2	
6	14980	1	
6	12429	1	
6	13969	2	
6	6291	1	
6	21140	1	
6	4248	1	
6	16539	6	
6	19102	1	
6	673	1	
6	4550	1	
6	9901	1	
6	15534	1	
6	21679	1	
6	2226	1	
6	20147	1	
6	4276	1	
6	12471	1	
6	3258	1	
6	4795	1	
6	3260	2	
6	19133	2	
6	703	1	
6	22209	1	
6	2243	1	
6	21702	2	
6	14024	1	
6	5321	1	
6	718	1	
6	11471	1	
6	16592	1	
6	20690	1	
6	5331	1	
6	5332	1	
6	5838	1	
6	5337	1	
6	8412	1	
6	15582	2	
6	7903	1	
6	1763	1	
6	1764	2	
6	7463	1	
6	13778	1	
6	1266	1	
6	12670	1	
6	17657	1	
6	4441	1	
6	18175	1	
6	14592	1	
6	1281	2	
6	2310	1	
6	2314	1	
6	267	1	
6	4364	4	
6	13069	1	
6	17169	1	
6	5909	1	
6	278	1	
6	17688	1	
6	5764	1	
6	4442	1	
6	8989	2	
6	2328	1	
6	4111	1	
6	292	1	
6	5927	1	
6	1833	1	
6	5935	1	
6	1844	1	
6	1336	1	
6	13113	1	
6	8507	1	
6	22344	1	
6	8014	1	
6	2957	2	
6	3408	2	
6	12625	2	
6	18773	2	
6	21305	1	
6	6489	1	
6	7514	1	
6	11008	1	
6	22368	2	
6	868	2	
6	13159	1	
6	3217	1	
6	13161	1	
6	9069	10	
6	9072	1	
6	13681	1	
6	12663	1	
6	3220	3	
6	5498	2	
6	17788	1	
6	17790	1	
6	897	1	
6	8579	1	
6	5509	1	
6	17290	1	
6	22082	1	
6	20882	1	
6	8260	1	
6	13723	1	
6	20384	2	
6	15266	1	
6	7323	2	
6	16301	1	
6	16814	1	
6	5551	4	
6	5552	1	
6	21425	1	
6	5554	1	
6	11710	1	
6	4030	2	
6	16831	1	
6	22464	2	
6	7584	2	
6	11714	1	
6	7110	1	
6	14800	2	
6	7634	1	
6	7637	1	
6	18911	1	
6	4577	1	
6	22500	1	
6	18406	1	
6	15441	1	
6	18921	1	
6	10219	1	
6	22508	2	
6	16367	1	
6	11760	1	
6	8180	2	
6	14327	1	
6	18975	1	
6	5625	1	
6	13819	1	
6	6652	1	
6	13821	1	
6	12799	2	
7	12288	2	
7	9729	1	
7	16901	1	
7	16902	1	
7	7	2	
7	22024	1	
7	521	1	
7	22027	1	
7	4110	1	
7	22032	1	
7	2578	3	
7	10499	1	
7	12309	1	
7	19478	1	
7	12823	6	
7	15384	1	
7	12825	11	
7	7707	2	
7	15706	1	
7	15877	1	
7	1092	1	
7	4129	1	
7	4130	1	
7	6150	1	
7	20519	1	
7	555	1	
7	3629	6	
7	7217	3	
7	82	4	
7	1590	1	
7	16952	1	
7	436	1	
7	3643	1	
7	4668	11	
7	3649	5	
7	12354	2	
7	3652	7	
7	11334	2	
7	12360	1	
7	18505	1	
7	15434	1	
7	20151	1	
7	8268	1	
7	13389	2	
7	78	3	
7	15439	1	
7	81	1	
7	21586	10	
7	83	1	
7	4180	1	
7	10837	1	
7	13398	2	
7	9816	2	
7	602	1	
7	7771	1	
7	18528	1	
7	15971	2	
7	20155	3	
7	18023	1	
7	15465	1	
7	1895	1	
7	14448	2	
7	2674	1	
7	1140	1	
7	1141	4	
7	13161	4	
7	633	1	
7	18557	2	
7	1152	1	
7	11398	3	
7	9072	1	
7	6281	1	
7	13847	1	
7	21132	1	
7	18574	1	
7	1167	1	
7	1168	1	
7	17041	3	
7	6802	2	
7	659	1	
7	3220	2	
7	281	4	
7	10831	3	
7	16539	3	
7	671	1	
7	18080	1	
7	673	1	
7	19619	2	
7	13477	2	
7	17062	2	
7	4263	1	
7	15528	1	
7	22188	1	
7	6770	1	
7	20142	1	
7	22557	1	
7	20147	1	
7	11444	1	
7	5301	1	
7	9398	2	
7	12471	2	
7	3258	1	
7	7455	1	
7	19133	6	
7	1626	1	
7	20168	1	
7	5321	1	
7	10442	1	
7	20343	1	
7	13516	3	
7	3621	1	
7	3278	1	
7	15567	1	
7	13697	1	
7	10449	1	
7	7890	1	
7	6355	1	
7	4235	1	
7	14037	1	
7	20695	1	
7	7897	1	
7	11482	1	
7	719	1	
7	10972	3	
7	8414	1	
7	4831	1	
7	16848	1	
7	12044	2	
7	5353	1	
7	4135	1	
7	14574	1	
7	5331	5	
7	6900	1	
7	6901	1	
7	1048	2	
7	14583	4	
7	17657	1	
7	2812	1	
7	15102	1	
7	14081	1	
7	17154	1	
7	17155	1	
7	16132	1	
7	15233	1	
7	7432	1	
7	17163	1	
7	4364	1	
7	18818	1	
7	20238	1	
7	11821	1	
7	13077	1	
7	13078	1	
7	17688	1	
7	15236	1	
7	14618	1	
7	7471	1	
7	4298	1	
7	4382	1	
7	1823	1	
7	17996	1	
7	18209	1	
7	10531	1	
7	1670	1	
7	19238	2	
7	487	1	
7	1169	2	
7	7303	1	
7	11564	1	
7	5935	2	
7	1758	1	
7	19254	3	
7	14136	1	
7	21305	6	
7	6026	1	
7	4000	4	
7	5957	1	
7	17227	1	
7	8012	1	
7	4942	1	
7	8041	1	
7	3408	1	
7	5552	1	
7	14677	1	
7	14649	1	
7	4440	1	
7	13658	1	
7	7516	2	
7	7517	1	
7	7854	1	
7	22368	2	
7	2704	1	
7	13159	3	
7	3217	1	
7	20329	1	
7	15723	2	
7	9069	2	
7	21871	1	
7	6512	1	
7	8054	1	
7	12151	2	
7	22551	1	
7	12153	1	
7	5498	1	
7	7514	1	
7	1917	1	
7	1918	1	
7	9600	1	
7	12673	2	
7	1922	1	
7	8579	1	
7	16260	1	
7	14725	1	
7	3974	1	
7	8583	1	
7	15754	1	
7	20877	1	
7	20882	2	
7	16653	1	
7	1650	1	
7	8411	1	
7	8260	1	
7	5332	1	
7	15855	1	
7	20384	7	
7	13730	1	
7	4003	5	
7	15268	1	
7	20389	1	
7	22442	1	
7	4011	1	
7	1968	1	
7	4532	1	
7	14324	2	
7	20923	2	
7	6076	1	
7	22464	4	
7	16833	1	
7	20303	2	
7	22262	1	
7	7111	1	
7	13388	1	
7	1482	6	
7	15820	1	
7	1998	2	
7	2000	3	
7	22571	1	
7	13778	1	
7	7637	1	
7	14807	1	
7	7463	1	
7	79	2	
7	6622	8	
7	19939	1	
7	22500	1	
7	19943	1	
7	1020	2	
7	15850	1	
7	4587	1	
7	10399	1	
7	4589	1	
7	16367	1	
7	2387	1	
7	8180	2	
7	502	1	
7	503	1	
7	18975	1	
7	6651	1	
7	8700	1	
7	16810	1	
7	18773	1	
8	12288	1	
8	9729	1	
8	19460	1	
8	12805	1	
8	9047	1	
8	10252	1	
8	4110	1	
8	14509	1	
8	22032	3	
8	12825	14	
8	17435	1	
8	13852	1	
8	22557	1	
8	20519	1	
8	22571	1	
8	8236	1	
8	3629	9	
8	10798	1	
8	3633	2	
8	18483	1	
8	9268	1	
8	17973	1	
8	9873	1	
8	1593	1	
8	5691	1	
8	4668	4	
8	7471	1	
8	2111	1	
8	22082	1	
8	3260	1	
8	1092	1	
8	9398	1	
8	11334	2	
8	5217	1	
8	16969	1	
8	17996	1	
8	16653	1	
8	15441	1	
8	82	2	
8	83	1	
8	10837	1	
8	1626	1	
8	603	1	
8	18528	1	
8	15457	1	
8	10881	1	
8	9687	1	
8	21097	1	
8	13425	1	
8	6770	1	
8	1139	2	
8	1141	2	
8	12852	1	
8	14969	1	
8	19580	2	
8	13950	1	
8	3201	1	
8	10885	2	
8	1160	1	
8	4235	1	
8	18574	1	
8	12431	1	
8	17041	1	
8	9875	1	
8	1174	1	
8	13849	1	
8	18072	1	
8	16539	3	
8	16544	1	
8	10407	1	
8	11946	2	
8	2220	1	
8	2674	1	
8	13357	1	
8	21680	1	
8	1651	1	
8	19124	2	
8	4278	1	
8	12471	2	
8	3258	1	
8	18108	1	
8	19133	6	
8	7870	1	
8	2239	1	
8	15041	1	
8	13516	2	
8	14539	1	
8	16588	1	
8	7889	1	
8	7890	1	
8	5332	2	
8	12503	1	
8	22232	1	
8	15065	1	
8	7903	1	
8	8419	1	
8	1167	1	
8	20690	1	
8	4335	1	
8	14579	1	
8	19582	1	
8	13937	1	
8	2772	1	
8	18173	1	
8	4867	1	
8	18049	1	
8	14088	1	
8	267	1	
8	11021	1	
8	15119	1	
8	7952	1	
8	15064	1	
8	7448	1	
8	7451	2	
8	18209	1	
8	20260	1	
8	7217	1	
8	5935	1	
8	18312	1	
8	1336	1	
8	21305	6	
8	14139	1	
8	829	1	
8	4417	1	
8	834	3	
8	22464	4	
8	16197	1	
8	6982	1	
8	18759	1	
8	17227	1	
8	21324	1	
8	3408	1	
8	19939	1	
8	18773	1	
8	4438	1	
8	19257	1	
8	18267	1	
8	22369	1	
8	4454	1	
8	871	1	
8	20329	1	
8	10727	1	
8	9069	5	
8	21870	1	
8	21871	1	
8	9072	1	
8	13681	1	
8	21874	1	
8	12151	5	
8	884	1	
8	11125	1	
8	20343	1	
8	14713	1	
8	17788	1	
8	5501	1	
8	3627	1	
8	15817	1	
8	12663	1	
8	19845	1	
8	4486	2	
8	833	1	
8	13704	1	
8	15754	3	
8	4493	1	
8	20882	3	
8	3991	2	
8	3652	3	
8	17818	1	
8	15774	1	
8	4000	1	
8	13730	1	
8	22442	1	
8	7085	1	
8	16302	2	
8	11183	1	
8	5554	1	
8	20695	3	
8	448	1	
8	20384	1	
8	8268	1	
8	11723	1	
8	15820	2	
8	14285	1	
8	9167	1	
8	14800	2	
8	2552	1	
8	13778	1	
8	9684	1	
8	14807	1	
8	19938	1	
8	10723	2	
8	15845	1	
8	10833	1	
8	22508	2	
8	21586	2	
8	11762	1	
8	15190	2	
8	8184	1	
8	4602	1	
8	6651	1	
8	15869	1	
9	9729	1	
9	16902	1	
9	15532	1	
9	4110	1	
9	12310	1	
9	22551	3	
9	12825	5	
9	17435	1	
9	3621	1	
9	42	1	
9	22571	1	
9	4145	1	
9	4146	1	
9	13875	1	
9	58	1	
9	7471	1	
9	63	1	
9	10453	4	
9	15432	1	
9	18505	1	
9	13388	1	
9	11855	1	
9	13398	1	
9	19550	1	
9	15976	1	
9	8892	2	
9	14448	2	
9	13937	1	
9	1141	1	
9	15481	1	
9	12426	1	
9	12823	4	
9	8332	1	
9	17041	1	
9	4284	1	
9	10392	1	
9	16539	1	
9	15528	1	
9	11946	1	
9	22188	2	
9	11438	1	
9	20168	1	
9	19124	2	
9	1717	1	
9	1206	1	
9	3258	1	
9	3260	3	
9	19133	9	
9	4286	1	
9	2239	1	
9	22210	1	
9	3787	1	
9	7880	1	
9	12151	1	
9	718	1	
9	719	1	
9	1235	1	
9	11477	1	
9	20695	1	
9	9167	1	
9	1246	2	
9	14049	1	
9	20194	7	
9	7397	1	
9	15590	1	
9	17128	1	
9	18155	1	
9	12013	1	
9	22258	1	
9	762	1	
9	3285	2	
9	14592	1	
9	17154	1	
9	4868	1	
9	12558	1	
9	10515	1	
9	13077	1	
9	8636	1	
9	4382	1	
9	7457	1	
9	21295	2	
9	21305	6	
9	8511	1	
9	14664	1	
9	7394	1	
9	15184	1	
9	12625	2	
9	6483	1	
9	14677	1	
9	22368	1	
9	8043	4	
9	9069	2	
9	7537	1	
9	1911	1	
9	21883	1	
9	9918	1	
9	12673	1	
9	15751	1	
9	4493	2	
9	4496	5	
9	13723	1	
9	8607	1	
9	13216	1	
9	15266	1	
9	12200	2	
9	12202	1	
9	18862	1	
9	18865	1	
9	18876	2	
9	1469	1	
9	9152	1	
9	7584	1	
9	14284	1	
9	20429	1	
9	17359	3	
9	7634	1	
9	11225	1	
9	10721	1	
9	15865	1	
9	1019	1	
10	8193	1	
10	8195	1	
10	4108	1	
10	4109	1	
10	4110	3	
10	22032	2	
10	12823	2	
10	12825	10	
10	22557	1	
10	16414	3	
10	2591	3	
10	554	1	
10	555	4	
10	8236	1	
10	3629	2	
10	11314	1	
10	19769	1	
10	18492	1	
10	7520	1	
10	20547	1	
10	16966	1	
10	15432	1	
10	74	1	
10	75	1	
10	76	2	
10	13389	1	
10	18005	2	
10	6234	1	
10	18528	2	
10	19553	1	
10	21094	1	
10	19050	1	
10	19565	1	
10	11887	1	
10	14448	1	
10	7794	1	
10	5251	3	
10	13444	1	
10	16662	2	
10	15494	1	
10	1161	1	
10	18571	1	
10	9873	1	
10	2196	1	
10	8342	1	
10	10910	1	
10	16547	1	
10	602	1	
10	15528	1	
10	8989	1	
10	19124	1	
10	13493	1	
10	19133	5	
10	16576	1	
10	20168	3	
10	16075	2	
10	8397	1	
10	1744	1	
10	10963	1	
10	10452	4	
10	10453	2	
10	17627	1	
10	20192	1	
10	20194	8	
10	22252	2	
10	16630	1	
10	5929	1	
10	4309	1	
10	8449	1	
10	2306	1	
10	19717	1	
10	20234	1	
10	15831	1	
10	12625	3	
10	16661	1	
10	21782	1	
10	15128	1	
10	797	1	
10	17188	1	
10	19238	3	
10	18215	1	
10	1833	1	
10	819	1	
10	21305	5	
10	12602	1	
10	20285	1	
10	16194	1	
10	17737	1	
10	4432	2	
10	8017	1	
10	21330	1	
10	13113	1	
10	22368	1	
10	17041	1	
10	19516	1	
10	5996	1	
10	9069	3	
10	1918	1	
10	16260	1	
10	14725	2	
10	4486	1	
10	395	1	
10	10638	1	
10	3991	1	
10	8607	1	
10	20384	1	
10	18205	1	
10	20389	1	
10	15273	1	
10	22442	2	
10	7595	1	
10	15278	1	
10	15791	1	
10	18865	2	
10	13129	1	
10	8636	1	
10	16842	1	
10	7618	1	
10	13252	3	
10	2501	1	
10	13255	2	
10	1482	1	
10	11723	1	
10	16335	1	
10	16336	2	
10	7122	1	
10	13781	1	
10	505	1	
10	18908	1	
10	10205	1	
10	19938	1	
10	21841	1	
10	3562	1	
10	16877	1	
10	3568	1	
10	15865	2	
10	4604	1	
10	5119	1	
11	19456	1	
11	12288	2	
11	515	1	
11	22032	1	
11	12825	12	
11	22557	3	
11	16414	2	
11	15903	1	
11	16416	2	
11	16417	2	
11	22571	1	
11	7217	1	
11	10291	1	
11	12341	1	
11	19124	2	
11	3643	1	
11	360	1	
11	3650	1	
11	16452	2	
11	15432	2	
11	13388	4	
11	21586	1	
11	15448	1	
11	603	1	
11	2667	1	
11	11887	2	
11	14448	3	
11	13425	1	
11	626	1	
11	15481	1	
11	14978	1	
11	12933	2	
11	20103	1	
11	1160	1	
11	9875	1	
11	21653	1	
11	13937	1	
11	15528	1	
11	2674	1	
11	7880	1	
11	1716	1	
11	12471	2	
11	19131	1	
11	19133	6	
11	7870	2	
11	20168	3	
11	20690	2	
11	10452	3	
11	14037	1	
11	5850	1	
11	1245	1	
11	1246	2	
11	4831	1	
11	20194	10	
11	18154	1	
11	7412	1	
11	10453	7	
11	555	2	
11	7432	1	
11	16651	1	
11	17170	1	
11	16661	1	
11	8989	1	
11	4894	1	
11	14725	2	
11	16774	1	
11	19238	3	
11	5927	1	
11	13611	2	
11	18222	1	
11	7477	1	
11	8503	1	
11	21305	6	
11	20794	1	
11	8507	1	
11	3393	1	
11	3907	1	
11	3913	2	
11	861	2	
11	5988	2	
11	5480	1	
11	9069	3	
11	5489	1	
11	1918	1	
11	13697	1	
11	901	1	
11	3974	1	
11	3977	1	
11	15426	1	
11	4496	1	
11	3991	1	
11	20384	1	
11	4001	1	
11	15266	4	
11	15273	3	
11	22442	2	
11	430	1	
11	14262	1	
11	4538	1	
11	18876	5	
11	22464	2	
11	588	2	
11	16333	1	
11	17359	1	
11	7635	2	
11	13780	1	
11	19415	1	
11	10206	1	
11	10218	1	
11	4263	1	
11	16367	1	
11	1012	1	
11	505	1	
11	4602	1	
11	11771	1	
12	12288	3	
12	8705	3	
12	16902	1	
12	7	2	
12	8	1	
12	9	1	
12	9227	1	
12	4110	1	
12	22032	4	
12	13844	2	
12	13846	2	
12	12823	4	
12	12825	10	
12	11292	1	
12	11293	3	
12	6687	1	
12	4128	1	
12	2596	1	
12	3621	1	
12	38	1	
12	20519	1	
12	1578	8	
12	17451	5	
12	3633	1	
12	12852	2	
12	20021	2	
12	7224	1	
12	2105	2	
12	6715	1	
12	4668	2	
12	1076	2	
12	18528	1	
12	12354	2	
12	3339	1	
12	16452	1	
12	15994	1	
12	11334	1	
12	7752	1	
12	16972	2	
12	13113	1	
12	12878	3	
12	21586	3	
12	19555	1	
12	84	5	
12	85	3	
12	15583	1	
12	15448	1	
12	9305	1	
12	6234	3	
12	19035	2	
12	15849	1	
12	15566	2	
12	7952	1	
12	11477	1	
12	15971	4	
12	13881	1	
12	9831	1	
12	13244	2	
12	13159	1	
12	4208	1	
12	6770	1	
12	15478	1	
12	13677	1	
12	14969	1	
12	14970	1	
12	13435	1	
12	2783	1	
12	14784	1	
12	12930	6	
12	6787	1	
12	5765	1	
12	11398	1	
12	12481	3	
12	19479	1	
12	12429	1	
12	14478	1	
12	7021	1	
12	7455	1	
12	17041	1	
12	2706	2	
12	9875	1	
12	9876	1	
12	18075	1	
12	16030	1	
12	14495	1	
12	14448	1	
12	20643	1	
12	13477	1	
12	17062	1	
12	4777	2	
12	22188	1	
12	21874	1	
12	2224	2	
12	16049	1	
12	19124	2	
12	22198	1	
12	12471	1	
12	22200	3	
12	22202	1	
12	20155	3	
12	8892	4	
12	19133	8	
12	7870	1	
12	2239	3	
12	14016	4	
12	14017	2	
12	4555	1	
12	14020	2	
12	20678	1	
12	20168	5	
12	5321	2	
12	13514	1	
12	5838	2	
12	719	1	
12	16592	1	
12	16593	1	
12	5331	1	
12	10453	1	
12	5337	1	
12	3803	1	
12	18140	1	
12	1245	1	
12	1246	4	
12	4831	2	
12	20192	2	
12	17360	1	
12	20194	14	
12	740	2	
12	741	1	
12	15590	1	
12	5351	1	
12	8425	1	
12	22252	2	
12	17648	1	
12	1266	1	
12	5232	2	
12	17140	1	
12	12670	1	
12	13954	2	
12	17148	2	
12	3060	1	
12	18174	1	
12	7637	1	
12	8449	1	
12	4868	1	
12	1918	1	
12	16651	1	
12	4364	8	
12	781	1	
12	5391	4	
12	16656	1	
12	277	1	
12	16662	1	
12	11125	1	
12	1369	1	
12	15979	1	
12	797	1	
12	4741	1	
12	12578	1	
12	10531	1	
12	20774	2	
12	8753	1	
12	5929	1	
12	1834	2	
12	12076	1	
12	15666	1	
12	21295	1	
12	5425	1	
12	17202	1	
12	1758	1	
12	5431	1	
12	5433	2	
12	20794	1	
12	7903	1	
12	831	2	
12	8512	1	
12	17632	1	
12	8514	1	
12	139	1	
12	22464	3	
12	5601	1	
12	17225	1	
12	20299	3	
12	8012	1	
12	4834	1	
12	20302	2	
12	3408	1	
12	21841	1	
12	9047	1	
12	11604	1	
12	14677	3	
12	854	1	
12	21305	7	
12	13657	1	
12	2394	1	
12	15199	6	
12	16224	1	
12	22369	1	
12	4667	1	
12	1895	2	
12	3217	1	
12	13161	1	
12	17129	1	
12	9069	5	
12	15218	1	
12	5493	1	
12	3958	1	
12	15593	1	
12	12748	1	
12	11134	6	
12	18818	1	
12	6713	1	
12	15751	3	
12	3977	1	
12	13713	5	
12	917	1	
12	10646	2	
12	9111	5	
12	409	1	
12	15774	2	
12	16453	1	
12	1446	1	
12	5623	2	
12	4520	1	
12	11178	1	
12	4033	1	
12	15793	1	
12	20126	1	
12	10679	1	
12	9656	2	
12	10996	1	
12	13243	1	
12	8636	1	
12	14269	1	
12	14421	3	
12	1984	1	
12	16833	1	
12	11714	2	
12	19396	1	
12	13985	1	
12	15817	1	
12	1482	1	
12	15819	1	
12	15308	1	
12	12749	1	
12	16335	1	
12	464	1	
12	465	1	
12	17363	1	
12	8149	1	
12	11737	2	
12	9691	2	
12	15820	1	
12	21981	1	
12	15184	1	
12	19938	1	
12	8421	3	
12	12625	1	
12	489	1	
12	10221	1	
12	16367	3	
12	13812	1	
12	3573	2	
12	503	1	
12	8184	1	
12	15865	1	
12	6652	2	
12	12799	3	
13	12288	1	
13	8705	2	
13	3075	1	
13	22032	6	
13	4867	1	
13	12823	4	
13	12825	5	
13	11293	1	
13	20519	1	
13	14595	1	
13	8233	1	
13	1578	5	
13	17451	3	
13	3629	2	
13	15408	1	
13	1074	2	
13	1076	1	
13	13877	1	
13	6713	1	
13	15432	1	
13	588	2	
13	12878	1	
13	21586	1	
13	139	1	
13	85	1	
13	9816	1	
13	16473	1	
13	602	2	
13	13412	1	
13	13847	1	
13	15036	1	
13	15979	1	
13	5232	1	
13	13937	1	
13	2674	1	
13	11902	1	
13	12930	2	
13	21635	1	
13	10884	1	
13	13963	2	
13	9875	2	
13	9876	1	
13	6809	1	
13	13985	1	
13	3236	1	
13	13477	1	
13	11121	1	
13	1706	1	
13	21682	1	
13	19124	1	
13	19126	1	
13	8378	1	
13	8892	6	
13	19133	1	
13	7870	1	
13	703	1	
13	14020	4	
13	16758	1	
13	20168	1	
13	20343	1	
13	2261	1	
13	22234	1	
13	18140	1	
13	13022	1	
13	20192	1	
13	7905	1	
13	20194	1	
13	5347	1	
13	5351	1	
13	5352	1	
13	8425	3	
13	10474	1	
13	12013	1	
13	20212	1	
13	638	1	
13	14592	1	
13	10499	1	
13	4868	1	
13	19725	1	
13	2319	1	
13	17484	1	
13	19729	1	
13	4884	1	
13	16661	1	
13	19737	1	
13	1818	1	
13	21295	1	
13	1822	1	
13	290	1	
13	3878	1	
13	16775	1	
13	7471	1	
13	18312	1	
13	9527	1	
13	14136	1	
13	2873	1	
13	5951	1	
13	4417	1	
13	13451	1	
13	18759	1	
13	12151	1	
13	4942	1	
13	7505	1	
13	21330	1	
13	14677	1	
13	2105	1	
13	18776	1	
13	15199	1	
13	22368	1	
13	15202	1	
13	1380	1	
13	13673	1	
13	9069	3	
13	881	1	
13	11708	1	
13	3958	1	
13	12663	1	
13	3961	1	
13	3963	2	
13	12162	1	
13	3974	2	
13	15751	1	
13	904	1	
13	3977	1	
13	7055	1	
13	20882	1	
13	9111	3	
13	7579	1	
13	5022	1	
13	14752	1	
13	15266	1	
13	419	1	
13	4006	1	
13	7089	1	
13	4538	1	
13	10171	1	
13	13244	1	
13	22464	1	
13	16972	1	
13	1482	2	
13	17359	1	
13	9169	1	
13	10709	1	
13	18390	1	
13	18904	1	
13	8161	1	
13	10723	1	
13	19943	1	
13	16366	1	
13	16367	1	
13	16374	1	
13	2552	1	
13	14421	3	
14	12288	2	
14	9729	1	
14	4267	1	
14	19460	1	
14	12805	1	
14	6	1	
14	8	1	
14	14508	1	
14	4110	1	
14	4623	1	
14	22032	2	
14	8878	1	
14	12823	5	
14	15384	1	
14	12825	10	
14	21679	1	
14	22557	1	
14	6686	1	
14	6687	2	
14	547	2	
14	16933	1	
14	554	1	
14	22571	1	
14	8236	1	
14	13022	1	
14	6702	1	
14	13359	1	
14	3336	1	
14	1074	1	
14	13875	1	
14	19124	3	
14	1375	1	
14	572	1	
14	7231	1	
14	22082	1	
14	16651	1	
14	16453	1	
14	1607	1	
14	15434	1	
14	75	1	
14	588	3	
14	590	1	
14	15441	1	
14	21586	2	
14	83	1	
14	84	4	
14	18005	3	
14	13398	1	
14	9816	1	
14	9817	1	
14	3258	1	
14	18528	3	
14	17424	1	
14	15971	1	
14	9831	1	
14	18108	1	
14	7101	1	
14	14448	2	
14	13937	1	
14	21618	1	
14	1141	1	
14	7287	1	
14	15481	1	
14	18557	1	
14	638	1	
14	1152	1	
14	10881	1	
14	12930	4	
14	1669	1	
14	11398	2	
14	10433	1	
14	6281	1	
14	12426	1	
14	1163	1	
14	8332	1	
14	6790	1	
14	13677	2	
14	17041	3	
14	2243	1	
14	17046	1	
14	13849	1	
14	5787	1	
14	669	1	
14	16030	1	
14	14495	4	
14	6816	1	
14	5232	1	
14	13316	1	
14	17062	1	
14	4263	1	
14	6824	1	
14	6826	1	
14	17067	1	
14	2220	1	
14	9901	1	
14	7765	1	
14	1711	1	
14	2224	1	
14	4276	1	
14	16054	2	
14	8376	1	
14	8378	1	
14	20155	1	
14	8892	1	
14	19133	8	
14	703	1	
14	12481	3	
14	13507	1	
14	20168	3	
14	13514	1	
14	12151	1	
14	22223	1	
14	10963	1	
14	5332	1	
14	3285	1	
14	19204	1	
14	20695	2	
14	11992	1	
14	7897	1	
14	1242	1	
14	17359	1	
14	1246	8	
14	4831	1	
14	1248	1	
14	1249	1	
14	20194	15	
14	1763	2	
14	7397	1	
14	3332	1	
14	1257	1	
14	7463	1	
14	22252	2	
14	5358	1	
14	18162	2	
14	17141	1	
14	248	1	
14	10452	5	
14	7931	1	
14	17148	4	
14	17149	1	
14	14592	1	
14	1281	1	
14	1067	1	
14	4868	1	
14	2310	1	
14	14088	1	
14	1836	1	
14	20234	1	
14	3339	1	
14	4364	5	
14	6925	1	
14	15762	1	
14	8749	1	
14	22232	1	
14	13078	1	
14	5400	1	
14	7471	2	
14	22234	1	
14	7457	1	
14	17242	1	
14	12029	1	
14	11556	1	
14	293	1	
14	19238	2	
14	18215	1	
14	1834	1	
14	6791	2	
14	4396	1	
14	402	1	
14	21295	2	
14	904	2	
14	16691	1	
14	10974	1	
14	17206	1	
14	21305	8	
14	20794	1	
14	4414	1	
14	4417	1	
14	4235	1	
14	22464	2	
14	21318	1	
14	329	1	
14	8012	2	
14	8013	1	
14	15184	2	
14	4433	1	
14	17234	1	
14	11604	2	
14	14677	4	
14	18774	1	
14	13113	1	
14	1648	1	
14	4442	1	
14	18267	1	
14	6149	1	
14	21733	1	
14	5988	1	
14	4668	1	
14	8043	1	
14	9069	5	
14	879	1	
14	9072	2	
14	19555	1	
14	15731	1	
14	16758	1	
14	20343	1	
14	8568	1	
14	10218	1	
14	13697	2	
14	1922	1	
14	14725	2	
14	3974	1	
14	16775	1	
14	13704	1	
14	5514	1	
14	1420	1	
14	7055	1	
14	20882	2	
14	20148	2	
14	18837	1	
14	18975	1	
14	19353	1	
14	15774	1	
14	7584	1	
14	9122	1	
14	13979	1	
14	22442	3	
14	430	1	
14	11113	1	
14	5552	1	
14	10910	1	
14	1976	1	
14	4538	1	
14	7611	1	
14	18876	1	
14	14269	1	
14	14270	1	
14	448	1	
14	16833	1	
14	11714	1	
14	673	1	
14	13388	1	
14	1482	1	
14	15266	2	
14	9167	3	
14	464	1	
14	20952	2	
14	20953	1	
14	15836	2	
14	15866	1	
14	6622	1	
14	5089	1	
14	19939	2	
14	15850	1	
14	8683	2	
14	16366	1	
14	5885	1	
14	22000	1	
14	10225	1	
14	8184	1	
14	15865	2	
14	4602	1	
14	15868	1	
14	16469	1	
14	3413	1	
15	12288	1	
15	9729	1	
15	514	2	
15	515	1	
15	16901	1	
15	9300	1	
15	21761	3	
15	18952	1	
15	14508	1	
15	10763	2	
15	12	2	
15	11789	1	
15	2477	1	
15	22032	2	
15	9816	1	
15	22034	1	
15	4867	3	
15	20501	1	
15	20449	1	
15	12823	6	
15	7764	1	
15	12825	10	
15	15447	1	
15	10781	1	
15	2309	1	
15	13863	1	
15	13866	1	
15	22571	1	
15	1068	1	
15	8749	2	
15	16430	1	
15	3633	1	
15	11827	1	
15	12852	1	
15	7433	1	
15	7224	1	
15	4276	1	
15	3643	1	
15	573	1	
15	14399	1	
15	1089	1	
15	12354	3	
15	18955	1	
15	1604	1	
15	9398	1	
15	18773	2	
15	22369	1	
15	15432	1	
15	16301	1	
15	15434	1	
15	21068	1	
15	13389	1	
15	12878	4	
15	15184	1	
15	15800	1	
15	21586	5	
15	15971	1	
15	84	4	
15	18005	1	
15	15444	1	
15	5207	1	
15	15448	1	
15	9817	1	
15	5514	1	
15	4701	1	
15	7776	1	
15	19553	1	
15	10851	1	
15	18022	1	
15	12824	1	
15	9831	3	
15	8892	4	
15	13418	2	
15	2667	1	
15	16452	1	
15	18030	1	
15	15037	1	
15	5232	1	
15	13937	3	
15	2674	1	
15	20343	2	
15	12153	1	
15	6265	1	
15	15482	1	
15	638	2	
15	12930	11	
15	10859	2	
15	10884	1	
15	1669	1	
15	21638	1	
15	16833	2	
15	18056	1	
15	1673	2	
15	1163	1	
15	13159	1	
15	12429	1	
15	13677	3	
15	13388	1	
15	17041	2	
15	2706	1	
15	9876	1	
15	10862	1	
15	19737	2	
15	7400	1	
15	16539	1	
15	14448	2	
15	669	2	
15	12446	2	
15	14495	1	
15	672	1	
15	673	3	
15	4258	1	
15	9047	1	
15	13477	1	
15	13478	1	
15	13681	1	
15	17064	1	
15	5801	1	
15	11946	1	
15	17067	1	
15	22188	2	
15	6770	1	
15	8878	1	
15	17181	1	
15	16049	1	
15	19498	1	
15	19124	1	
15	16054	2	
15	10441	1	
15	3258	2	
15	10939	2	
15	15036	1	
15	19133	9	
15	6824	1	
15	14016	1	
15	12481	1	
15	2001	1	
15	20678	1	
15	20168	2	
15	5321	2	
15	12663	1	
15	13516	2	
15	5838	2	
15	15567	1	
15	4304	1	
15	10449	1	
15	15402	1	
15	3286	1	
15	20695	1	
15	3960	1	
15	11471	1	
15	13022	2	
15	4831	1	
15	20194	5	
15	8419	1	
15	8421	2	
15	7911	1	
15	1280	1	
15	7475	1	
15	1501	1	
15	4647	1	
15	7055	2	
15	15778	1	
15	13040	1	
15	17137	1	
15	1266	1	
15	5246	1	
15	8	1	
15	21251	1	
15	21933	1	
15	1578	2	
15	14592	5	
15	8449	3	
15	14595	1	
15	4310	1	
15	2310	1	
15	8636	1	
15	14088	1	
15	16649	1	
15	20234	1	
15	16651	4	
15	4364	3	
15	13954	1	
15	11821	1	
15	786	1	
15	4884	1	
15	13078	1	
15	4677	1	
15	281	2	
15	7451	2	
15	8988	1	
15	797	3	
15	20150	1	
15	15865	1	
15	5928	1	
15	3650	1	
15	15751	1	
15	9836	1	
15	5935	4	
15	17202	1	
15	16691	1	
15	9046	1	
15	19766	1	
15	6281	1	
15	21305	9	
15	5841	1	
15	14139	1	
15	20284	1	
15	17290	1	
15	3392	1	
15	15525	1	
15	13411	1	
15	13125	2	
15	6982	1	
15	20689	1	
15	17225	1	
15	9527	2	
15	15438	1	
15	8013	1	
15	3408	1	
15	11832	1	
15	9554	1	
15	2387	1	
15	18772	1	
15	14677	2	
15	22358	2	
15	14649	1	
15	18776	1	
15	4441	1	
15	2394	1	
15	15707	1	
15	4956	1	
15	16224	1	
15	21425	1	
15	7010	1	
15	5988	1	
15	9873	1	
15	3217	1	
15	15723	1	
15	9069	14	
15	6511	1	
15	9072	1	
15	10097	1	
15	21874	1	
15	16758	1	
15	12151	1	
15	8568	1	
15	21140	1	
15	5758	1	
15	1281	1	
15	12673	1	
15	17356	1	
15	1415	1	
15	13704	1	
15	906	2	
15	6210	1	
15	20878	1	
15	4495	1	
15	11152	2	
15	20882	5	
15	5368	1	
15	494	1	
15	10646	2	
15	21401	1	
15	408	1	
15	1092	2	
15	7579	1	
15	17608	1	
15	15774	1	
15	16453	1	
15	20384	4	
15	4001	1	
15	15266	3	
15	11931	1	
15	11590	1	
15	3493	2	
15	12198	1	
15	4520	2	
15	15273	1	
15	22442	1	
15	10155	1	
15	18162	1	
15	5551	1	
15	17840	1	
15	20913	1	
15	20914	1	
15	21871	1	
15	14262	1	
15	9656	6	
15	22573	1	
15	2407	1	
15	7823	1	
15	3629	2	
15	14421	5	
15	22464	4	
15	961	1	
15	11714	1	
15	5063	3	
15	3058	1	
15	8268	1	
15	15820	1	
15	20429	1	
15	15456	1	
15	17359	4	
15	19408	1	
15	248	1	
15	2003	1	
15	7637	3	
15	2519	1	
15	18393	1	
15	21980	1	
15	21981	1	
15	6622	1	
15	18911	1	
15	5601	1	
15	14306	2	
15	10723	1	
15	16775	1	
15	17062	1	
15	3047	1	
15	8700	1	
15	16362	1	
15	8683	2	
15	22508	1	
15	16366	3	
15	16367	1	
15	3568	1	
15	15528	2	
15	16882	1	
15	18932	1	
15	5621	1	
15	6646	1	
15	5623	1	
15	11604	2	
15	16891	1	
15	1020	1	
15	20322	1	
15	85	1	
15	12799	1	
16	13316	3	
16	9	2	
16	18955	1	
16	4433	1	
16	16301	1	
16	22032	5	
16	15532	1	
16	9305	2	
16	12825	14	
16	6234	1	
16	16414	1	
16	16417	2	
16	3621	3	
16	15913	2	
16	1578	1	
16	22450	1	
16	14493	1	
16	8753	2	
16	1076	1	
16	2102	1	
16	15625	1	
16	5690	1	
16	63	1	
16	7236	1	
16	12878	1	
16	15629	1	
16	15441	1	
16	21586	3	
16	83	1	
16	14421	8	
16	4623	1	
16	9817	1	
16	19546	1	
16	19035	1	
16	1120	1	
16	8720	1	
16	19555	1	
16	7782	1	
16	13418	1	
16	21102	1	
16	5232	1	
16	6770	1	
16	6772	1	
16	1141	1	
16	14969	1	
16	4218	1	
16	5391	1	
16	13950	1	
16	1984	1	
16	13954	1	
16	15491	1	
16	5765	1	
16	15494	1	
16	15495	1	
16	14475	1	
16	20109	2	
16	7313	1	
16	9876	2	
16	13849	1	
16	14489	2	
16	11931	1	
16	13981	1	
16	14448	1	
16	13986	1	
16	18042	1	
16	22188	2	
16	11293	1	
16	7880	1	
16	19124	1	
16	3258	1	
16	20155	1	
16	15036	1	
16	19133	6	
16	2239	1	
16	22209	1	
16	14020	1	
16	17605	1	
16	14024	1	
16	5321	1	
16	15565	1	
16	15566	1	
16	7380	1	
16	1241	4	
16	17359	4	
16	10972	2	
16	4317	1	
16	19460	1	
16	4831	3	
16	10978	4	
16	18811	1	
16	5352	1	
16	8425	1	
16	7765	1	
16	6269	1	
16	1266	1	
16	5246	2	
16	17142	1	
16	3796	1	
16	14592	5	
16	8449	3	
16	4868	4	
16	2310	3	
16	7433	2	
16	3339	1	
16	4364	4	
16	19725	1	
16	15119	1	
16	7952	1	
16	5394	1	
16	17684	1	
16	6423	1	
16	1304	1	
16	797	3	
16	7455	1	
16	18209	1	
16	9506	1	
16	3803	1	
16	19238	1	
16	3633	1	
16	1833	2	
16	1834	2	
16	5994	1	
16	6446	1	
16	5935	1	
16	17200	4	
16	17202	1	
16	16691	1	
16	8502	1	
16	11064	1	
16	21305	6	
16	3392	3	
16	13121	1	
16	4418	1	
16	13123	1	
16	13125	2	
16	15688	1	
16	8012	3	
16	8015	1	
16	21841	3	
16	2387	1	
16	11604	3	
16	21845	1	
16	854	1	
16	21847	1	
16	4440	1	
16	17241	1	
16	13658	1	
16	15709	1	
16	14687	1	
16	2407	1	
16	17770	4	
16	8043	1	
16	9069	3	
16	7400	1	
16	12663	1	
16	3961	1	
16	8571	1	
16	3974	1	
16	17290	5	
16	2541	2	
16	4496	1	
16	18767	1	
16	10644	1	
16	917	1	
16	17476	1	
16	11675	1	
16	19868	1	
16	16798	1	
16	20384	1	
16	15266	5	
16	18852	1	
16	4520	1	
16	9645	1	
16	16302	1	
16	12852	1	
16	7089	1	
16	19890	1	
16	7605	1	
16	11193	1	
16	4030	1	
16	22464	4	
16	11714	3	
16	13763	2	
16	19398	1	
16	13255	1	
16	19401	1	
16	13772	1	
16	20642	1	
16	7631	1	
16	7635	3	
16	7637	2	
16	15609	1	
16	9691	1	
16	10205	1	
16	19938	1	
16	4579	1	
16	12625	2	
16	11059	1	
16	16362	1	
16	492	1	
16	4589	1	
16	16367	1	
16	7664	1	
16	13813	2	
16	16374	1	
16	7676	2	
16	13821	1	
16	12799	1	
17	854	1	
17	9	1	
17	5647	1	
17	22032	4	
17	14353	1	
17	15790	1	
17	14358	1	
17	12825	5	
17	17435	1	
17	6687	1	
17	16417	1	
17	1578	1	
17	22571	1	
17	1582	1	
17	2102	1	
17	8816	1	
17	13887	2	
17	16453	1	
17	7240	1	
17	588	2	
17	21586	1	
17	14421	3	
17	9145	1	
17	9816	1	
17	9305	1	
17	719	1	
17	18528	1	
17	15971	1	
17	9836	1	
17	14448	3	
17	13428	1	
17	14969	1	
17	14970	2	
17	5251	1	
17	13445	1	
17	18056	1	
17	17004	1	
17	12431	1	
17	17041	1	
17	9875	1	
17	21652	1	
17	18592	1	
17	673	2	
17	5815	1	
17	17080	1	
17	8378	1	
17	18975	1	
17	19133	2	
17	7870	1	
17	2755	2	
17	20168	1	
17	6345	1	
17	12663	1	
17	11471	1	
17	4306	1	
17	5332	1	
17	22232	1	
17	1241	1	
17	7631	1	
17	10972	1	
17	21727	1	
17	20194	1	
17	7915	1	
17	22252	1	
17	17648	1	
17	20209	1	
17	10488	1	
17	15102	1	
17	17151	1	
17	4868	5	
17	3339	1	
17	4364	1	
17	2832	1	
17	4881	1	
17	17172	1	
17	17177	1	
17	6938	1	
17	19675	1	
17	17229	1	
17	18222	1	
17	5935	1	
17	5431	1	
17	21305	2	
17	21828	1	
17	8013	1	
17	12625	3	
17	3924	1	
17	15190	1	
17	21849	1	
17	21850	1	
17	1371	1	
17	13157	1	
17	9167	1	
17	1895	1	
17	21864	1	
17	17770	1	
17	15723	1	
17	11628	1	
17	11121	1	
17	22386	1	
17	20343	1	
17	13177	1	
17	14716	1	
17	12673	1	
17	6020	1	
17	3974	2	
17	3975	1	
17	748	1	
17	17290	1	
17	17291	1	
17	2541	1	
17	10641	1	
17	12188	1	
17	7582	1	
17	1093	1	
17	15266	2	
17	22442	1	
17	430	1	
17	7089	1	
17	15794	2	
17	9139	1	
17	14264	1	
17	11193	1	
17	13727	1	
17	14783	1	
17	22464	1	
17	16833	1	
17	11714	1	
17	16835	1	
17	13388	2	
17	12746	1	
17	9122	1	
17	17359	1	
17	7634	1	
17	9171	1	
17	7637	1	
17	10206	1	
17	14306	3	
17	18406	1	
17	18769	1	
17	15849	1	
17	7659	1	
17	493	1	
17	494	1	
17	20468	1	
17	503	1	
17	5625	1	
17	6652	1	
18	12288	1	
18	15275	1	
18	19460	1	
18	7687	2	
18	7690	1	
18	18955	1	
18	22032	4	
18	12823	2	
18	12825	4	
18	9755	2	
18	18267	2	
18	7601	1	
18	3629	1	
18	3636	2	
18	12345	2	
18	10337	1	
18	12360	1	
18	10679	2	
18	12878	4	
18	13398	1	
18	13912	1	
18	9817	2	
18	17424	2	
18	15971	1	
18	18022	2	
18	9832	1	
18	11708	1	
18	13418	1	
18	18028	1	
18	18030	1	
18	14448	1	
18	10857	1	
18	3197	1	
18	20095	2	
18	13444	2	
18	646	1	
18	13963	1	
18	3217	1	
18	1174	1	
18	6809	1	
18	17435	1	
18	22188	1	
18	9901	1	
18	7344	1	
18	14016	1	
18	20343	1	
18	13516	1	
18	1741	1	
18	16592	1	
18	10449	1	
18	20695	2	
18	5337	1	
18	19683	1	
18	7397	1	
18	7400	1	
18	17141	1	
18	14592	5	
18	4867	1	
18	4868	3	
18	20232	1	
18	12076	1	
18	4364	1	
18	5391	1	
18	7952	1	
18	4884	1	
18	8636	1	
18	14622	1	
18	13819	1	
18	4392	2	
18	4394	2	
18	4396	2	
18	4397	1	
18	4235	1	
18	16197	1	
18	17225	2	
18	12625	2	
18	22354	1	
18	11604	1	
18	5464	1	
18	21849	1	
18	2394	1	
18	21851	1	
18	5475	1	
18	15209	3	
18	9067	1	
18	9069	1	
18	9072	2	
18	12663	1	
18	3962	1	
18	14716	1	
18	1917	1	
18	1918	1	
18	3974	1	
18	15751	1	
18	16782	1	
18	20882	1	
18	22339	1	
18	1443	1	
18	21419	1	
18	15791	2	
18	7089	1	
18	5554	1	
18	7095	1	
18	1465	1	
18	8539	1	
18	21948	1	
18	14269	1	
18	11714	1	
18	13255	1	
18	21981	1	
18	10206	2	
18	10721	1	
18	19939	1	
18	21841	3	
18	15855	2	
18	3057	1	
18	13451	1	
18	502	1	
18	4601	1	
18	15866	3	
18	11771	2	
18	6652	2	
19	12288	4	
19	19460	1	
19	12805	1	
19	19464	1	
19	9	1	
19	18955	1	
19	13838	1	
19	22032	1	
19	19476	1	
19	12825	2	
19	6687	1	
19	16417	1	
19	13863	1	
19	42	1	
19	22571	1	
19	45	1	
19	16430	1	
19	16434	1	
19	12852	3	
19	1545	1	
19	16308	2	
19	572	1	
19	12351	1	
19	15937	1	
19	12360	2	
19	18505	1	
19	15948	1	
19	592	1	
19	21586	3	
19	11348	1	
19	5207	1	
19	15448	4	
19	1626	1	
19	14952	1	
19	18028	1	
19	14448	2	
19	21617	1	
19	6263	1	
19	14970	2	
19	13435	1	
19	11904	1	
19	13445	1	
19	19595	1	
19	8333	1	
19	15504	1	
19	6809	1	
19	12446	1	
19	14495	1	
19	19619	2	
19	9892	1	
19	13478	1	
19	683	1	
19	22188	1	
19	3758	1	
19	10928	1	
19	19124	1	
19	7862	1	
19	15903	1	
19	19133	1	
19	15551	2	
19	2243	2	
19	10436	1	
19	33	1	
19	20168	1	
19	20686	1	
19	5332	1	
19	20695	1	
19	11992	1	
19	12518	1	
19	22252	1	
19	14592	1	
19	588	1	
19	2310	1	
19	4364	3	
19	5391	2	
19	18882	1	
19	275	1	
19	276	1	
19	18197	2	
19	20255	1	
19	15190	1	
19	10531	1	
19	19238	1	
19	5929	1	
19	1844	2	
19	16694	1	
19	21305	1	
19	20284	1	
19	8512	1	
19	22339	1	
19	8518	1	
19	13129	1	
19	13453	1	
19	21841	2	
19	15187	1	
19	11604	1	
19	4438	2	
19	18267	2	
19	7010	1	
19	8041	2	
19	5994	1	
19	9069	1	
19	7684	1	
19	6512	1	
19	10097	1	
19	12663	1	
19	8255	1	
19	12670	3	
19	1410	1	
19	1412	1	
19	15751	1	
19	8584	1	
19	2442	1	
19	20882	1	
19	3991	1	
19	8607	1	
19	7584	1	
19	15266	2	
19	4005	1	
19	12200	1	
19	11181	1	
19	1458	1	
19	1460	2	
19	1465	3	
19	1466	2	
19	9887	1	
19	18876	1	
19	3629	1	
19	4030	1	
19	16831	1	
19	22464	1	
19	20384	2	
19	11714	2	
19	13763	1	
19	13255	1	
19	13388	1	
19	13772	1	
19	5069	1	
19	4558	1	
19	7633	1	
19	7635	1	
19	9691	1	
19	10205	1	
19	10206	3	
19	18911	1	
19	19938	1	
19	493	1	
19	11760	1	
19	14324	1	
19	17403	1	
19	510	1	
20	16367	2	
20	19464	1	
20	11275	1	
20	16301	1	
20	15382	1	
20	12823	3	
20	18975	1	
20	3621	1	
20	3629	1	
20	6702	1	
20	13360	1	
20	8753	1	
20	18483	1	
20	1076	1	
20	17973	1	
20	19124	1	
20	8250	1	
20	3643	1	
20	15432	1	
20	18505	1	
20	15948	1	
20	21586	2	
20	13398	2	
20	1626	1	
20	13405	1	
20	17504	1	
20	15971	1	
20	14950	1	
20	14448	2	
20	1141	1	
20	11902	1	
20	11904	1	
20	17028	1	
20	4741	1	
20	15495	1	
20	21652	1	
20	14488	1	
20	15556	1	
20	20635	1	
20	20642	3	
20	17067	1	
20	22188	1	
20	4276	1	
20	15817	1	
20	15033	1	
20	8892	1	
20	19133	2	
20	15551	3	
20	14020	1	
20	11471	1	
20	5331	1	
20	20695	2	
20	22232	1	
20	22234	1	
20	18140	1	
20	15581	1	
20	7903	1	
20	7905	2	
20	1764	1	
20	12518	1	
20	22252	1	
20	14574	1	
20	3344	1	
20	22295	2	
20	4894	1	
20	9506	1	
20	17705	1	
20	1836	1	
20	6446	1	
20	14387	1	
20	14645	1	
20	9527	1	
20	21305	2	
20	16704	1	
20	835	1	
20	12625	1	
20	9047	1	
20	15187	1	
20	21847	1	
20	18267	2	
20	1375	1	
20	9069	4	
20	10097	1	
20	14713	1	
20	1917	1	
20	1918	1	
20	17791	1	
20	10641	1	
20	10644	1	
20	3991	1	
20	7579	1	
20	1442	1	
20	4004	1	
20	4005	2	
20	4006	1	
20	22442	1	
20	9645	1	
20	15279	1	
20	7604	1	
20	5048	1	
20	18876	1	
20	8637	1	
20	18882	1	
20	2505	3	
20	460	1	
20	5069	1	
20	13778	1	
20	9684	1	
20	4516	1	
20	14331	1	
20	13800	2	
20	10220	1	
20	8175	1	
20	16374	1	
20	5623	1	
20	17403	1	
20	11178	1	
21	12288	1	
21	15874	1	
21	16901	1	
21	16902	1	
21	19464	2	
21	9047	1	
21	15266	1	
21	12823	3	
21	12825	2	
21	1564	1	
21	16430	2	
21	17973	1	
21	8255	1	
21	15939	2	
21	19528	1	
21	4364	2	
21	8268	2	
21	21586	1	
21	9299	1	
21	9300	1	
21	5207	1	
21	3160	1	
21	19035	1	
21	13405	1	
21	14952	2	
21	18364	1	
21	22122	1	
21	13428	1	
21	1141	2	
21	19582	1	
21	11904	1	
21	15491	1	
21	17028	1	
21	13388	1	
21	3217	2	
21	21652	1	
21	22041	1	
21	14492	1	
21	4257	1	
21	22188	1	
21	10928	1	
21	12471	1	
21	19133	1	
21	15550	1	
21	15551	3	
21	13508	1	
21	11461	1	
21	15562	2	
21	12663	1	
21	7374	1	
21	15566	1	
21	20695	2	
21	10975	1	
21	12518	1	
21	20717	1	
21	5873	1	
21	18174	1	
21	4868	1	
21	18185	1	
21	20234	1	
21	3339	1	
21	3340	1	
21	13069	1	
21	19939	1	
21	3344	1	
21	21782	5	
21	5414	1	
21	7471	1	
21	21305	1	
21	20794	1	
21	15849	1	
21	18766	1	
21	12625	1	
21	2387	1	
21	18773	1	
21	15190	1	
21	21847	2	
21	18267	1	
21	22368	2	
21	9069	1	
21	21870	1	
21	10097	2	
21	20343	1	
21	8568	1	
21	13697	1	
21	1924	1	
21	4486	1	
21	3991	2	
21	3992	2	
21	1947	1	
21	11760	3	
21	9122	1	
21	1443	1	
21	9124	1	
21	18341	1	
21	7605	1	
21	18876	1	
21	22464	2	
21	18882	2	
21	15817	1	
21	15820	1	
21	1442	1	
21	974	1	
21	9684	1	
21	12770	1	
21	16355	1	
21	19943	1	
21	20969	1	
21	15855	2	
21	2544	1	
21	3156	1	
22	6464	2	
22	4868	1	
22	14725	2	
22	7745	1	
22	2063	1	
22	15617	1	
22	1167	4	
22	22551	2	
22	281	1	
22	7069	1	
22	15903	2	
22	20384	1	
22	290	1	
22	19619	1	
22	11684	1	
22	4263	1	
22	12973	1	
22	12481	1	
22	17707	1	
22	8449	1	
22	11821	2	
22	8238	1	
22	5149	1	
22	11444	1	
22	5301	1	
22	5816	1	
22	11449	1	
22	19131	1	
22	10428	1	
22	4541	1	
22	21696	2	
22	7617	1	
22	11714	2	
22	14148	1	
22	7749	1	
22	15432	1	
22	20686	4	
22	10360	1	
22	84	1	
22	18005	1	
22	18852	1	
22	17242	1	
22	1627	1	
22	18528	1	
22	4449	1	
22	10338	1	
22	16998	1	
22	10214	1	
22	13159	1	
22	16363	1	
22	7684	1	
22	13679	1	
22	1266	1	
22	248	2	
22	8187	1	
22	5246	1	
22	5717	1	
23	12288	1	
23	4611	3	
23	7684	2	
23	15365	1	
23	7690	1	
23	18955	1	
23	22032	4	
23	9816	1	
23	21849	1	
23	12825	2	
23	22557	3	
23	15903	1	
23	1627	1	
23	8236	1	
23	11821	1	
23	8238	4	
23	9777	1	
23	1076	2	
23	9269	1	
23	12354	1	
23	15432	4	
23	15948	1	
23	21586	3	
23	5717	2	
23	87	3	
23	12888	2	
23	9817	1	
23	12891	1	
23	19551	1	
23	15971	1	
23	20155	1	
23	15976	1	
23	7527	1	
23	14448	1	
23	13937	1	
23	6770	1	
23	6771	1	
23	7799	1	
23	633	3	
23	18197	2	
23	16832	1	
23	19588	2	
23	13445	4	
23	9351	4	
23	22551	4	
23	19596	2	
23	1167	3	
23	1169	1	
23	15508	1	
23	5234	1	
23	16543	1	
23	16544	2	
23	15528	1	
23	17067	7	
23	9901	1	
23	6685	1	
23	5301	1	
23	20151	1	
23	11449	3	
23	6687	1	
23	14016	2	
23	12663	1	
23	20686	3	
23	719	1	
23	12505	2	
23	15567	1	
23	2394	1	
23	10975	1	
23	1761	1	
23	7633	1	
23	7400	1	
23	14574	1	
23	7408	1	
23	7409	5	
23	1266	1	
23	1269	1	
23	14592	1	
23	8449	1	
23	4868	1	
23	1921	1	
23	4364	4	
23	6925	1	
23	19726	1	
23	2835	1	
23	12053	1	
23	18393	1	
23	281	3	
23	8989	2	
23	4899	1	
23	9094	1	
23	13532	2	
23	21696	1	
23	18222	1	
23	19764	4	
23	6459	1	
23	19263	1	
23	12100	11	
23	12103	1	
23	15184	1	
23	12625	8	
23	18403	2	
23	16724	1	
23	17241	1	
23	17242	1	
23	19814	1	
23	3943	1	
23	7529	1	
23	15723	1	
23	6512	1	
23	13682	1	
23	12151	2	
23	1405	1	
23	1918	2	
23	12673	2	
23	4484	1	
23	14725	6	
23	4486	1	
23	15751	1	
23	395	1	
23	20877	2	
23	7055	1	
23	20882	1	
23	15774	2	
23	17312	3	
23	18851	2	
23	11684	1	
23	12716	1	
23	15790	1	
23	12670	1	
23	7095	1	
23	8636	1	
23	22464	5	
23	20384	2	
23	7110	1	
23	13255	2	
23	9169	1	
23	20388	1	
23	10206	1	
23	19939	1	
23	4433	1	
23	10218	1	
23	4592	1	
23	2407	1	
23	18424	1	
23	4602	1	
23	6652	1	
24	12288	2	
24	7684	6	
24	8449	1	
24	1547	1	
24	4110	1	
24	2063	1	
24	22032	6	
24	12825	3	
24	4945	1	
24	15903	6	
24	18185	1	
24	8761	1	
24	12354	1	
24	15432	1	
24	6733	1	
24	15954	1	
24	6741	1	
24	1465	1	
24	5391	1	
24	8797	1	
24	18528	1	
24	15459	1	
24	21608	1	
24	10857	1	
24	14448	2	
24	3260	1	
24	7799	1	
24	14969	1	
24	13445	1	
24	1163	1	
24	7823	2	
24	1170	1	
24	19094	1	
24	16543	1	
24	22186	1	
24	683	1	
24	22188	2	
24	21619	1	
24	11444	1	
24	5301	2	
24	11449	1	
24	8892	1	
24	4799	1	
24	2243	1	
24	2244	1	
24	20686	2	
24	20687	1	
24	11471	1	
24	4831	1	
24	15232	1	
24	22252	1	
24	22256	1	
24	9974	1	
24	248	1	
24	14592	2	
24	9600	1	
24	10499	1	
24	4868	1	
24	16649	1	
24	17162	1	
24	15119	2	
24	18197	1	
24	18208	1	
24	17185	1	
24	15666	1	
24	13451	1	
24	21321	1	
24	12625	5	
24	14677	3	
24	21850	1	
24	1167	1	
24	15199	1	
24	22368	1	
24	7010	1	
24	4451	1	
24	7528	1	
24	13161	1	
24	9069	3	
24	7537	1	
24	20343	2	
24	2944	1	
24	13697	1	
24	1410	1	
24	14725	3	
24	3974	1	
24	15751	2	
24	17807	1	
24	409	1	
24	20389	1	
24	16806	1	
24	10154	1	
24	15794	1	
24	11193	1	
24	1466	1	
24	1979	1	
24	11708	2	
24	22464	2	
24	11714	1	
24	7110	1	
24	14283	1	
24	13772	2	
24	7635	1	
24	9684	1	
24	15317	1	
24	18393	1	
24	6622	1	
24	13793	1	
24	4433	1	
24	20971	1	
24	6652	2	
25	12288	1	
25	11777	1	
25	7686	1	
25	11792	1	
25	20499	1	
25	4635	1	
25	4638	1	
25	15903	1	
25	603	1	
25	22572	1	
25	3629	1	
25	16430	1	
25	16434	1	
25	19516	1	
25	3134	1	
25	12352	1	
25	20547	1	
25	1092	1	
25	15432	1	
25	3340	1	
25	588	3	
25	81	2	
25	21586	4	
25	10837	1	
25	1627	4	
25	3676	2	
25	15971	1	
25	19900	1	
25	7527	1	
25	625	1	
25	6770	2	
25	15987	2	
25	22133	1	
25	22136	1	
25	13445	1	
25	13961	1	
25	13451	1	
25	11916	2	
25	11918	1	
25	1167	2	
25	3220	1	
25	6809	1	
25	14495	1	
25	16544	1	
25	11632	1	
25	16546	1	
25	13425	1	
25	22188	1	
25	9901	1	
25	15534	1	
25	12465	2	
25	12471	3	
25	8892	1	
25	21696	2	
25	14024	1	
25	11983	1	
25	14200	1	
25	724	1	
25	10975	1	
25	19683	1	
25	7397	1	
25	5864	1	
25	748	1	
25	7409	1	
25	248	1	
25	15610	1	
25	22267	1	
25	15614	1	
25	8449	1	
25	16131	1	
25	4868	1	
25	19718	2	
25	16135	1	
25	4364	1	
25	8461	1	
25	12558	1	
25	15119	1	
25	18197	2	
25	15648	1	
25	801	1	
25	12588	1	
25	7471	1	
25	831	1	
25	16193	1	
25	6982	1	
25	10573	1	
25	8015	2	
25	12625	2	
25	5970	1	
25	11604	1	
25	14677	1	
25	9046	1	
25	22363	1	
25	15709	1	
25	22369	1	
25	13159	1	
25	9580	1	
25	9069	2	
25	6512	1	
25	20343	1	
25	12664	1	
25	15508	2	
25	7548	1	
25	4074	1	
25	2944	1	
25	19845	1	
25	12678	1	
25	7565	1	
25	910	1	
25	8079	1	
25	11152	1	
25	15763	2	
25	3991	1	
25	17608	1	
25	15774	1	
25	20384	1	
25	13730	1	
25	16806	1	
25	15276	1	
25	2990	1	
25	12209	1	
25	4532	1	
25	1466	2	
25	11708	1	
25	11709	1	
25	15808	1	
25	17312	5	
25	11714	1	
25	5622	1	
25	7110	1	
25	13772	1	
25	9122	1	
25	9167	1	
25	9171	1	
25	9684	1	
25	4056	1	
25	20014	5	
25	12252	1	
25	10208	1	
25	10210	2	
25	10214	1	
25	21841	1	
25	10218	1	
25	10219	3	
25	11858	1	
25	502	1	
25	6651	1	
25	6652	1	
26	12288	4	
26	8193	1	
26	10667	1	
26	13316	1	
26	20997	1	
26	7686	1	
26	14081	1	
26	4104	2	
26	15532	1	
26	7690	1	
26	7180	1	
26	4110	1	
26	9901	1	
26	11792	2	
26	14563	1	
26	13843	1	
26	16896	1	
26	17071	1	
26	7514	1	
26	15903	2	
26	12464	3	
26	16902	1	
26	1067	1	
26	22572	1	
26	20014	1	
26	9777	2	
26	5684	1	
26	17463	1	
26	12993	1	
26	863	1	
26	3134	1	
26	360	1	
26	3138	1	
26	16963	1	
26	22369	1	
26	18505	1	
26	7778	1	
26	21586	2	
26	1107	1	
26	5717	2	
26	5207	1	
26	12151	1	
26	1626	1	
26	12891	3	
26	3676	5	
26	18525	1	
26	11870	1	
26	19553	1	
26	10338	2	
26	18022	1	
26	7782	1	
26	11771	1	
26	11708	2	
26	18403	1	
26	14448	1	
26	13937	2	
26	6770	1	
26	15987	2	
26	10360	1	
26	13950	1	
26	19583	1	
26	13440	2	
26	13444	1	
26	13445	2	
26	9351	1	
26	13961	2	
26	1163	1	
26	11916	1	
26	7310	1	
26	1167	1	
26	13969	1	
26	3220	1	
26	8086	1	
26	16828	1	
26	22188	1	
26	7660	1	
26	6303	1	
26	18592	1	
26	11632	1	
26	4209	1	
26	10408	2	
26	17067	1	
26	2220	1	
26	12461	1	
26	12463	2	
26	21168	2	
26	12465	3	
26	4277	1	
26	9398	1	
26	12471	3	
26	2747	2	
26	19133	3	
26	21696	3	
26	8992	1	
26	10436	1	
26	17606	1	
26	16544	1	
26	22220	1	
26	10530	1	
26	10219	1	
26	7888	2	
26	6776	2	
26	12505	2	
26	15567	1	
26	12510	1	
26	10975	1	
26	6370	1	
26	19683	1	
26	7397	1	
26	15825	3	
26	16903	1	
26	745	1	
26	748	3	
26	14574	1	
26	1269	1	
26	20726	1	
26	1833	1	
26	19137	1	
26	3711	1	
26	7520	1	
26	8449	2	
26	4867	1	
26	4868	2	
26	19718	2	
26	20234	1	
26	19212	1	
26	15119	3	
26	7952	3	
26	13073	1	
26	5394	1	
26	12565	1	
26	7897	1	
26	2841	1	
26	7451	2	
26	8988	1	
26	798	1	
26	15648	3	
26	8993	1	
26	13090	1	
26	13091	1	
26	20260	1	
26	19238	2	
26	3881	1	
26	13611	1	
26	2348	1	
26	18222	2	
26	18227	1	
26	7477	1	
26	16695	1	
26	21305	3	
26	11075	1	
26	6459	1	
26	7485	1	
26	6464	2	
26	16193	5	
26	3395	1	
26	21318	5	
26	328	1	
26	17225	1	
26	16203	1	
26	8012	1	
26	8015	2	
26	11600	1	
26	2839	2	
26	11604	1	
26	14677	1	
26	17241	1	
26	17242	1	
26	18267	2	
26	3421	1	
26	14687	2	
26	22368	1	
26	16785	1	
26	6791	1	
26	15205	1	
26	3943	1	
26	8552	2	
26	9069	2	
26	6512	1	
26	10098	1	
26	16275	1	
26	372	1	
26	11638	1	
26	7401	1	
26	8569	1	
26	17791	1	
26	3392	1	
26	2911	1	
26	2947	1	
26	4484	1	
26	14725	1	
26	7745	1	
26	13451	1	
26	7148	1	
26	12354	1	
26	16783	1	
26	16273	1	
26	15763	1	
26	917	1	
26	4502	1	
26	14743	2	
26	11162	2	
26	4762	1	
26	17312	6	
26	14755	1	
26	9637	1	
26	22442	1	
26	15275	1	
26	9644	1	
26	16301	1	
26	2990	2	
26	12212	1	
26	16961	2	
26	329	1	
26	15800	1	
26	16543	1	
26	19900	8	
26	15805	1	
26	22464	1	
26	20384	1	
26	22262	1	
26	13255	1	
26	15818	1	
26	15307	1	
26	15820	1	
26	9167	3	
26	19408	2	
26	9169	1	
26	8658	1	
26	9684	1	
26	7637	3	
26	22030	1	
26	8666	1	
26	10234	1	
26	10210	1	
26	10211	1	
26	10727	1	
26	7147	2	
26	10220	1	
26	11760	3	
26	17219	1	
26	4084	1	
26	4601	1	
26	4090	2	
26	6651	6	
26	6652	3	
26	6143	1	
27	12288	1	
27	8193	1	
27	13316	2	
27	16902	1	
27	14081	1	
27	7690	1	
27	7183	1	
27	2251	1	
27	5145	1	
27	4635	1	
27	15621	2	
27	16390	1	
27	10280	1	
27	20012	1	
27	3629	1	
27	9777	4	
27	1074	2	
27	1076	1	
27	12343	1	
27	10300	1	
27	12352	1	
27	3127	1	
27	20547	1	
27	21577	1	
27	15948	1	
27	5716	1	
27	5719	1	
27	3674	1	
27	1627	3	
27	18524	1	
27	3002	1	
27	1631	1	
27	20577	1	
27	15460	1	
27	7785	1	
27	21613	1	
27	13425	1	
27	15987	1	
27	6264	1	
27	18042	1	
27	13950	1	
27	13951	2	
27	5764	1	
27	12426	2	
27	13963	1	
27	15981	1	
27	8337	1	
27	19716	1	
27	13459	1	
27	2712	2	
27	4762	1	
27	11931	2	
27	16544	1	
27	16240	1	
27	18086	1	
27	15528	1	
27	17067	1	
27	22188	2	
27	7854	2	
27	21168	1	
27	19122	1	
27	19133	3	
27	8387	4	
27	12151	2	
27	13516	2	
27	2766	1	
27	4306	1	
27	12505	2	
27	10973	1	
27	12510	2	
27	3621	1	
27	10464	1	
27	14563	1	
27	8422	1	
27	748	1	
27	15609	1	
27	19583	1	
27	15614	1	
27	8449	2	
27	4867	1	
27	4868	2	
27	19717	1	
27	2310	1	
27	7432	1	
27	1068	1	
27	15119	7	
27	2839	3	
27	5400	1	
27	7451	1	
27	7964	1	
27	17706	1	
27	13611	1	
27	2348	1	
27	17202	1	
27	19764	3	
27	21305	3	
27	7485	1	
27	15170	3	
27	22339	1	
27	15175	1	
27	328	2	
27	331	1	
27	5969	1	
27	11604	1	
27	8021	1	
27	11101	1	
27	863	1	
27	7520	1	
27	7010	1	
27	2407	1	
27	360	1	
27	9069	1	
27	11632	1	
27	10098	4	
27	11708	1	
27	20343	1	
27	19323	1	
27	7550	1	
27	2947	1	
27	22252	1	
27	4492	1	
27	909	1	
27	15512	3	
27	16788	1	
27	22211	1	
27	3991	1	
27	3992	1	
27	3483	1	
27	20384	1	
27	5029	1	
27	17393	1	
27	15273	1	
27	22442	1	
27	5447	1	
27	9644	1	
27	16301	1	
27	5551	1	
27	4016	1	
27	20915	1	
27	4532	1	
27	18505	1	
27	8122	1	
27	11707	1	
27	19900	1	
27	15805	2	
27	22464	1	
27	13255	2	
27	9167	4	
27	15825	2	
27	9171	1	
27	7637	1	
27	10206	1	
27	4074	2	
27	10219	1	
27	16366	1	
27	16367	2	
27	11760	1	
27	10408	1	
27	16372	1	
27	14327	1	
27	4601	1	
28	15874	1	
28	7687	1	
28	12716	1	
28	7690	1	
28	22032	2	
28	8878	1	
28	19478	1	
28	19993	1	
28	4636	1	
28	4945	1	
28	15903	1	
28	603	1	
28	16430	1	
28	15119	4	
28	16434	1	
28	21557	1	
28	12342	1	
28	17463	1	
28	20547	1	
28	7749	1	
28	588	1	
28	5424	2	
28	21586	1	
28	7765	1	
28	1627	2	
28	5818	1	
28	1631	1	
28	10338	1	
28	7785	1	
28	13424	1	
28	1650	1	
28	2166	1	
28	6776	1	
28	6787	1	
28	13957	1	
28	15494	1	
28	18056	1	
28	12426	1	
28	7313	2	
28	13970	1	
28	2243	1	
28	12825	1	
28	14488	1	
28	11931	1	
28	16544	1	
28	6512	2	
28	10407	2	
28	10408	3	
28	10410	1	
28	4780	1	
28	15534	1	
28	12466	1	
28	5301	1	
28	3258	1	
28	4799	1	
28	8387	2	
28	5321	1	
28	3277	1	
28	15566	1	
28	719	1	
28	20180	1	
28	2766	1	
28	22232	1	
28	7897	1	
28	11482	1	
28	7901	1	
28	10975	3	
28	7397	1	
28	21735	1	
28	14448	1	
28	20717	1	
28	1266	1	
28	15616	1	
28	16131	1	
28	4868	2	
28	7432	1	
28	3339	2	
28	6925	1	
28	5391	2	
28	12053	1	
28	2839	1	
28	6938	1	
28	8993	1	
28	13091	1	
28	19238	2	
28	2344	1	
28	1074	1	
28	17200	1	
28	3392	1	
28	833	1	
28	17218	1	
28	328	1	
28	16203	1	
28	8015	1	
28	21841	2	
28	21330	1	
28	10580	1	
28	4438	1	
28	18267	2	
28	7520	1	
28	22369	1	
28	4454	1	
28	2416	1	
28	7633	2	
28	12670	1	
28	8512	1	
28	3974	1	
28	15751	2	
28	4492	1	
28	3469	1	
28	15512	1	
28	16963	1	
28	14743	1	
28	3992	1	
28	17312	4	
28	9637	1	
28	9644	1	
28	16301	1	
28	5551	3	
28	1976	1	
28	8636	1	
28	3517	1	
28	22464	1	
28	11714	1	
28	15820	1	
28	9167	2	
28	15825	1	
28	7637	1	
28	12625	4	
28	10218	2	
28	10219	1	
28	16366	1	
28	11760	2	
28	7154	2	
28	16888	1	
28	6651	4	
28	12799	1	
29	18944	1	
29	12288	3	
29	17067	1	
29	5636	1	
29	19461	1	
29	14081	1	
29	7690	1	
29	11787	2	
29	4623	1	
29	13841	1	
29	1556	1	
29	19478	1	
29	10265	1	
29	17435	1	
29	13854	1	
29	15903	5	
29	2594	1	
29	12325	1	
29	19494	1	
29	7	1	
29	3629	4	
29	16430	1	
29	16434	2	
29	1076	2	
29	4663	1	
29	13881	1	
29	13884	1	
29	13888	1	
29	20545	1	
29	3138	1	
29	20547	1	
29	15426	1	
29	17017	1	
29	8264	1	
29	73	1	
29	13846	1	
29	11851	1	
29	15948	1	
29	15949	1	
29	591	1	
29	15953	1	
29	21586	5	
29	15971	1	
29	15444	1	
29	10837	1	
29	17494	1	
29	15432	2	
29	603	1	
29	954	1	
29	7776	1	
29	7777	1	
29	20155	2	
29	18023	1	
29	15976	1	
29	19900	1	
29	15979	1	
29	12910	1	
29	12399	1	
29	5391	1	
29	21617	1	
29	12916	2	
29	15751	1	
29	6776	1	
29	6265	1	
29	12927	1	
29	5142	1	
29	11201	1	
29	4744	1	
29	13961	1	
29	19595	1	
29	20108	1	
29	16019	4	
29	15508	2	
29	15512	1	
29	11931	1	
29	11461	1	
29	16544	2	
29	9892	1	
29	17521	1	
29	20649	1	
29	11434	1	
29	4267	1	
29	15532	1	
29	13486	1	
29	11444	1	
29	6331	1	
29	12471	2	
29	7867	1	
29	21692	1	
29	19133	9	
29	21696	3	
29	6944	1	
29	2243	1	
29	20165	1	
29	15555	1	
29	20167	1	
29	20168	2	
29	12663	1	
29	14028	1	
29	14029	1	
29	719	1	
29	721	1	
29	10963	1	
29	17108	1	
29	4310	1	
29	20695	1	
29	12505	4	
29	10975	1	
29	10464	3	
29	17121	1	
29	13026	1	
29	10467	1	
29	7396	2	
29	7397	1	
29	7400	1	
29	12010	4	
29	12013	2	
29	20721	2	
29	1266	1	
29	6947	1	
29	15610	1	
29	17661	1	
29	18686	1	
29	588	2	
29	7937	1	
29	14082	1	
29	773	1	
29	19785	1	
29	4364	3	
29	19726	1	
29	15119	3	
29	13073	1	
29	2835	1	
29	16661	1	
29	1924	1	
29	17066	1	
29	13445	1	
29	18208	1	
29	18210	1	
29	8892	1	
29	18212	1	
29	16679	1	
29	2344	1	
29	17706	4	
29	17707	1	
29	20270	1	
29	10206	1	
29	21305	5	
29	14730	1	
29	17214	1	
29	831	1	
29	16704	1	
29	16193	2	
29	17218	1	
29	10051	1	
29	22340	1	
29	20805	1	
29	19784	1	
29	17225	1	
29	17229	1	
29	18766	2	
29	15184	1	
29	12625	5	
29	4438	1	
29	2873	1	
29	857	1	
29	22364	1	
29	22368	4	
29	7138	1	
29	7011	1	
29	633	1	
29	14725	1	
29	9069	1	
29	6512	1	
29	15218	2	
29	3958	2	
29	12151	1	
29	1918	1	
29	1922	2	
29	8683	1	
29	16260	1	
29	6713	1	
29	15425	1	
29	9095	1	
29	9098	2	
29	22338	1	
29	16273	1	
29	18197	1	
29	18841	1	
29	13723	1	
29	7581	1	
29	1443	1	
29	11684	17	
29	9125	2	
29	20722	2	
29	12852	1	
29	12209	1	
29	12119	1	
29	18505	2	
29	3514	2	
29	11708	5	
29	22464	4	
29	16833	1	
29	11714	2	
29	4548	1	
29	8645	1	
29	15359	1	
29	5577	1	
29	14290	2	
29	14293	1	
29	14807	2	
29	6622	1	
29	12255	1	
29	5089	1	
29	14306	1	
29	16775	1	
29	9444	1	
29	12354	1	
29	15185	1	
29	13229	1	
29	21482	1	
29	4587	2	
29	11760	2	
29	17577	1	
29	18424	1	
29	11771	3	
29	15869	3	
29	12799	1	
30	12288	3	
30	19460	1	
30	18952	1	
30	11181	1	
30	22032	4	
30	1048	1	
30	12825	1	
30	22557	1	
30	15903	1	
30	1578	2	
30	16430	1	
30	16432	1	
30	1544	1	
30	1591	2	
30	11835	1	
30	13887	1	
30	20545	1	
30	8375	1	
30	18005	3	
30	18528	1	
30	2747	1	
30	16998	1	
30	7799	1	
30	633	1	
30	14970	1	
30	6786	1	
30	1266	1	
30	13963	1	
30	20418	1	
30	1170	1	
30	13475	1	
30	6309	1	
30	14509	1	
30	22198	1	
30	12471	1	
30	5816	1	
30	10426	1	
30	6687	1	
30	21692	1	
30	19133	2	
30	20167	2	
30	8401	1	
30	20690	1	
30	20695	1	
30	11995	1	
30	21727	1	
30	10464	2	
30	8144	1	
30	13026	1	
30	8421	1	
30	12013	1	
30	14574	1	
30	20722	3	
30	6901	1	
30	14081	1	
30	21251	1	
30	4868	2	
30	18181	1	
30	16135	1	
30	18185	1	
30	4382	1	
30	17183	1	
30	16166	1	
30	5929	1	
30	18222	2	
30	1844	1	
30	16695	1	
30	19258	1	
30	1163	1	
30	9540	1	
30	6982	1	
30	8013	1	
30	14672	1	
30	4438	1	
30	861	2	
30	22368	1	
30	9583	1	
30	14713	1	
30	17790	1	
30	12673	1	
30	1924	1	
30	16775	1	
30	16778	1	
30	10644	1	
30	11672	1	
30	15774	1	
30	15856	1	
30	22024	1	
30	8177	1	
30	3498	1	
30	16301	1	
30	6067	1	
30	9145	1	
30	11708	1	
30	11714	1	
30	4550	1	
30	17360	1	
30	9169	1	
30	7634	1	
30	7638	1	
30	9691	1	
30	10206	2	
30	3408	2	
30	14306	1	
30	16891	1	
30	8167	1	
30	16893	1	
30	11760	1	
30	4081	2	
30	5623	1	
30	4601	1	
30	6651	1	
30	15869	1	
30	12799	1	
31	19460	1	
31	16902	1	
31	14509	1	
31	22032	2	
31	17943	1	
31	12825	2	
31	1564	1	
31	21536	1	
31	13963	1	
31	16430	1	
31	7219	1	
31	16950	1	
31	20028	1	
31	13887	1	
31	18005	1	
31	9305	1	
31	19036	1	
31	16998	1	
31	1639	1	
31	6760	2	
31	13418	1	
31	10860	1	
31	625	1	
31	13428	2	
31	633	1	
31	10876	1	
31	6786	1	
31	6787	1	
31	5764	1	
31	14469	1	
31	1163	1	
31	16035	1	
31	10408	1	
31	9901	1	
31	17596	1	
31	16586	1	
31	9425	1	
31	10963	1	
31	7380	1	
31	3803	1	
31	16604	1	
31	7397	1	
31	7400	1	
31	19183	1	
31	20722	1	
31	5884	1	
31	8449	1	
31	4868	1	
31	18185	2	
31	18222	1	
31	21782	2	
31	8988	1	
31	8989	1	
31	13445	2	
31	5934	1	
31	1844	2	
31	10206	1	
31	1337	1	
31	6979	1	
31	6982	1	
31	14667	1	
31	8013	1	
31	11600	1	
31	21841	1	
31	4438	1	
31	3417	1	
31	14686	1	
31	12663	3	
31	22551	1	
31	17790	1	
31	12677	1	
31	910	1	
31	3991	1	
31	13723	2	
31	7582	1	
31	15777	1	
31	22442	1	
31	5553	1	
31	15794	1	
31	9145	1	
31	18887	1	
31	12746	1	
31	15820	1	
31	17881	1	
31	6622	1	
31	15850	1	
31	15856	1	
31	5623	1	
32	12288	1	
32	7684	1	
32	4616	1	
32	22551	5	
32	10269	1	
32	12325	3	
32	8749	1	
32	8753	1	
32	16434	1	
32	12341	1	
32	13888	1	
32	16966	1	
32	15432	2	
32	15434	1	
32	21586	1	
32	5717	1	
32	2745	1	
32	9816	1	
32	16998	4	
32	5742	1	
32	11887	2	
32	5746	1	
32	5764	1	
32	6790	1	
32	7303	1	
32	13963	1	
32	19596	1	
32	19599	2	
32	1168	2	
32	13969	1	
32	4719	1	
32	19619	1	
32	4263	1	
32	17577	1	
32	22186	1	
32	14509	1	
32	12471	1	
32	11449	1	
32	5818	1	
32	7867	1	
32	8892	3	
32	13516	2	
32	20686	1	
32	16592	1	
32	14545	1	
32	10974	1	
32	7906	1	
32	7400	2	
32	7765	1	
32	1266	1	
32	14584	1	
32	14081	1	
32	4868	1	
32	2310	1	
32	18185	2	
32	281	1	
32	4382	1	
32	13089	1	
32	7471	1	
32	15666	1	
32	1336	1	
32	16702	1	
32	16193	1	
32	22339	1	
32	3396	1	
32	8013	1	
32	12625	1	
32	5970	1	
32	4438	2	
32	6489	1	
32	15709	1	
32	22369	1	
32	6511	1	
32	15218	1	
32	15220	1	
32	20343	1	
32	15227	3	
32	14716	1	
32	15229	1	
32	15751	1	
32	5514	1	
32	3980	1	
32	4497	1	
32	7069	1	
32	16799	1	
32	17312	1	
32	6561	1	
32	12870	2	
32	2990	1	
32	6066	2	
32	4019	1	
32	7095	1	
32	20384	1	
32	11714	2	
32	7110	1	
32	17313	2	
32	5623	2	
32	15317	2	
32	6651	1	
32	10407	1	
32	16366	1	
32	7154	1	
32	20649	1	
32	11771	1	
32	6652	1	
32	12799	1	
33	11329	1	
33	15135	1	
33	11487	1	
