1	12288	3	
1	11777	1	
1	11779	1	
1	19460	1	
1	4438	1	
1	15366	1	
1	1544	1	
1	7690	1	
1	22032	1	
1	16913	1	
1	13331	2	
1	15893	1	
1	18174	1	
1	13849	1	
1	21721	1	
1	18463	1	
1	16390	1	
1	3626	1	
1	22571	1	
1	8236	1	
1	20014	1	
1	8753	1	
1	1074	2	
1	1076	1	
1	54	1	
1	13880	1	
1	13881	1	
1	4668	1	
1	63	2	
1	20547	1	
1	7749	1	
1	1094	1	
1	18505	1	
1	11850	1	
1	1099	1	
1	588	3	
1	20560	1	
1	18360	1	
1	21586	3	
1	13398	6	
1	13913	1	
1	602	1	
1	1627	3	
1	18528	1	
1	7777	1	
1	14437	1	
1	19560	1	
1	21613	1	
1	5742	1	
1	13937	3	
1	6770	2	
1	6771	1	
1	10357	1	
1	14969	1	
1	14459	1	
1	13950	1	
1	21781	1	
1	21633	1	
1	1668	1	
1	7303	1	
1	14473	1	
1	7306	1	
1	14475	1	
1	9069	1	
1	20113	1	
1	4755	1	
1	11931	1	
1	673	2	
1	10407	1	
1	12461	2	
1	3758	2	
1	285	1	
1	19124	1	
1	12471	1	
1	15035	1	
1	8892	2	
1	19133	1	
1	13504	1	
1	12481	1	
1	15558	1	
1	9415	1	
1	9247	1	
1	6345	1	
1	13516	1	
1	15566	1	
1	4303	1	
1	8401	1	
1	10963	2	
1	12501	2	
1	20695	1	
1	22232	3	
1	10969	1	
1	719	1	
1	7901	1	
1	10975	1	
1	13025	1	
1	1764	1	
1	17637	1	
1	13425	1	
1	5864	1	
1	12010	1	
1	5927	1	
1	748	1	
1	15778	1	
1	17790	1	
1	248	1	
1	15609	2	
1	21841	1	
1	4861	1	
1	15102	1	
1	15617	1	
1	4868	2	
1	7433	1	
1	17163	1	
1	4364	3	
1	17678	1	
1	15119	1	
1	17170	1	
1	18197	1	
1	2839	2	
1	2328	1	
1	7451	1	
1	8989	1	
1	19743	1	
1	13089	1	
1	4315	1	
1	19238	2	
1	7463	2	
1	16430	1	
1	12585	1	
1	310	1	
1	21305	1	
1	15674	1	
1	15677	1	
1	17216	2	
1	16705	1	
1	17218	1	
1	3395	1	
1	22295	1	
1	329	1	
1	17741	1	
1	8015	1	
1	3408	1	
1	12625	4	
1	8021	1	
1	15190	2	
1	17247	1	
1	355	1	
1	5988	1	
1	7019	1	
1	7570	1	
1	9072	1	
1	10097	1	
1	17782	1	
1	19837	1	
1	7550	1	
1	6017	1	
1	14725	1	
1	12629	1	
1	16775	1	
1	16706	1	
1	7569	2	
1	20882	1	
1	835	1	
1	3992	3	
1	15771	1	
1	11334	2	
1	8607	1	
1	15266	1	
1	420	1	
1	9637	1	
1	20914	1	
1	4019	1	
1	3339	1	
1	18363	3	
1	19900	2	
1	16831	1	
1	22464	1	
1	449	1	
1	11714	2	
1	7397	2	
1	7110	1	
1	11723	1	
1	9122	1	
1	4046	1	
1	9167	2	
1	464	1	
1	470	1	
1	10206	2	
1	18911	1	
1	12768	1	
1	6625	1	
1	14306	1	
1	6651	2	
1	16870	1	
1	13287	2	
1	8683	1	
1	16367	2	
1	20465	2	
1	10226	2	
1	16373	1	
1	16374	1	
1	4599	1	
1	16888	1	
1	4090	1	
1	4603	1	
1	6141	1	
1	14677	1	
2	12288	1	
2	15875	1	
2	9732	1	
2	6	1	
2	19464	1	
2	13834	1	
2	7570	1	
2	19800	1	
2	12309	1	
2	13334	1	
2	22557	2	
2	3621	2	
2	6694	2	
2	665	1	
2	22571	2	
2	8236	1	
2	3629	2	
2	1590	1	
2	13367	2	
2	11832	1	
2	58	1	
2	4668	1	
2	61	2	
2	3649	1	
2	3652	3	
2	11334	1	
2	16968	1	
2	18505	1	
2	15434	1	
2	15435	1	
2	11855	1	
2	10832	1	
2	21586	6	
2	13398	1	
2	868	1	
2	18876	1	
2	18528	1	
2	7777	1	
2	15459	1	
2	21606	1	
2	21607	1	
2	9832	1	
2	21097	1	
2	9831	1	
2	13425	1	
2	6770	1	
2	17014	1	
2	20095	1	
2	12930	1	
2	646	1	
2	13961	1	
2	14475	2	
2	4238	1	
2	1167	1	
2	1170	1	
2	6809	1	
2	13979	1	
2	7326	1	
2	18080	1	
2	9072	1	
2	568	1	
2	5801	1	
2	17066	1	
2	22188	1	
2	7854	1	
2	15539	1	
2	20148	1	
2	12471	1	
2	11449	1	
2	10938	1	
2	8892	1	
2	19133	2	
2	13504	1	
2	11724	1	
2	16586	1	
2	12663	2	
2	13516	1	
2	11471	3	
2	10449	3	
2	4235	1	
2	20695	1	
2	10972	1	
2	18141	1	
2	4831	1	
2	740	1	
2	8421	2	
2	2279	1	
2	12010	1	
2	19837	1	
2	20723	1	
2	15102	1	
2	1281	1	
2	4867	1	
2	17156	1	
2	16855	1	
2	12558	1	
2	7952	1	
2	273	1	
2	4886	1	
2	7451	1	
2	18208	1	
2	18209	1	
2	19238	1	
2	5927	1	
2	8412	1	
2	10540	1	
2	18222	1	
2	8500	1	
2	14473	1	
2	21305	2	
2	14138	1	
2	4414	1	
2	833	1	
2	18571	1	
2	8013	1	
2	3408	1	
2	4433	1	
2	21330	1	
2	4438	1	
2	5464	1	
2	1374	1	
2	22368	2	
2	22369	3	
2	20322	1	
2	1380	1	
2	13161	1	
2	9069	2	
2	10096	1	
2	13682	1	
2	12151	2	
2	14538	1	
2	746	1	
2	14725	1	
2	15754	1	
2	10128	1	
2	4497	1	
2	20882	1	
2	20373	1	
2	3991	2	
2	8607	4	
2	7584	1	
2	15266	1	
2	16539	1	
2	18862	1	
2	5554	1	
2	4019	1	
2	11708	1	
2	4170	1	
2	16831	1	
2	22464	3	
2	20384	1	
2	4086	1	
2	20939	1	
2	13772	1	
2	9167	1	
2	7637	1	
2	470	1	
2	5591	1	
2	5593	2	
2	19939	1	
2	12625	2	
2	15548	1	
2	4597	1	
2	16374	1	
2	4601	1	
2	4603	1	
2	13821	2	
2	13822	1	
3	12288	1	
3	14592	1	
3	5635	1	
3	19460	2	
3	12805	1	
3	7686	1	
3	18689	1	
3	19464	1	
3	4617	1	
3	10763	1	
3	22032	1	
3	10499	1	
3	13844	1	
3	20681	1	
3	1564	1	
3	12317	1	
3	4127	1	
3	1569	2	
3	2596	2	
3	8746	1	
3	3627	1	
3	13357	1	
3	14382	1	
3	6199	1	
3	2110	1	
3	3647	1	
3	15426	1	
3	19523	1	
3	15431	1	
3	7241	1	
3	11850	1	
3	13388	1	
3	13901	1	
3	12880	5	
3	21586	1	
3	595	1	
3	14422	1	
3	3676	1	
3	10854	1	
3	9832	1	
3	17005	1	
3	14448	1	
3	6773	2	
3	3197	1	
3	4228	1	
3	13445	1	
3	1163	2	
3	20109	1	
3	18797	1	
3	19907	1	
3	19098	1	
3	1648	1	
3	5288	1	
3	11945	1	
3	11946	1	
3	3758	1	
3	17071	1	
3	12471	1	
3	13398	1	
3	15548	1	
3	19133	4	
3	7870	1	
3	11969	1	
3	18633	1	
3	16588	1	
3	10448	1	
3	14033	2	
3	1235	1	
3	14038	1	
3	5337	1	
3	10972	1	
3	10975	1	
3	14800	1	
3	7394	1	
3	2427	1	
3	7399	2	
3	22252	1	
3	7635	1	
3	5876	1	
3	9973	1	
3	15574	1	
3	8449	1	
3	22571	2	
3	4868	1	
3	18181	1	
3	9483	1	
3	4364	3	
3	10510	1	
3	18191	1	
3	21264	2	
3	21267	1	
3	6702	1	
3	5399	1	
3	2841	1	
3	2351	1	
3	8988	1	
3	800	1	
3	801	1	
3	12076	1	
3	5934	1	
3	21295	1	
3	5936	1	
3	15666	1	
3	1844	1	
3	10206	1	
3	21305	5	
3	18746	1	
3	21311	1	
3	18240	1	
3	12354	1	
3	5445	1	
3	6982	1	
3	12625	3	
3	13283	1	
3	855	1	
3	19800	1	
3	21849	1	
3	858	1	
3	5433	2	
3	22369	1	
3	20329	2	
3	18282	1	
3	9068	1	
3	9069	1	
3	879	1	
3	15216	2	
3	13682	1	
3	12151	1	
3	5499	1	
3	17788	1	
3	1415	1	
3	5514	1	
3	9611	1	
3	4493	1	
3	7055	1	
3	4496	1	
3	2111	1	
3	1947	1	
3	7322	1	
3	4000	1	
3	9122	1	
3	4003	1	
3	9125	1	
3	10663	1	
3	15273	1	
3	13738	1	
3	7095	1	
3	8636	1	
3	12734	1	
3	22464	1	
3	20384	1	
3	14786	1	
3	6083	1	
3	4038	1	
3	11723	1	
3	13772	1	
3	15266	2	
3	13776	1	
3	2003	1	
3	14807	1	
3	15322	1	
3	15820	1	
3	6622	1	
3	11771	2	
3	18404	1	
3	18922	1	
3	7147	1	
3	7660	1	
3	7150	1	
3	11760	1	
3	14761	1	
3	15864	1	
3	505	1	
3	6651	1	
4	7684	3	
4	7686	1	
4	13835	1	
4	2063	1	
4	22551	5	
4	10264	1	
4	15903	3	
4	518	1	
4	15401	1	
4	8236	3	
4	22070	1	
4	19124	1	
4	63	1	
4	578	1	
4	7236	1	
4	11334	3	
4	15432	1	
4	11851	1	
4	588	1	
4	13389	2	
4	12878	1	
4	15952	1	
4	21586	1	
4	602	1	
4	18528	1	
4	21601	1	
4	18023	1	
4	13418	1	
4	11887	1	
4	625	1	
4	13428	1	
4	7529	1	
4	10360	1	
4	13440	3	
4	7303	2	
4	1163	1	
4	16834	1	
4	1167	2	
4	8341	1	
4	16030	2	
4	19619	5	
4	10407	1	
4	15528	2	
4	683	1	
4	11438	1	
4	21172	1	
4	5301	4	
4	20168	1	
4	14026	1	
4	20686	2	
4	10453	1	
4	10972	1	
4	10467	1	
4	10473	1	
4	22252	2	
4	7409	3	
4	18162	1	
4	3828	1	
4	1270	1	
4	14583	2	
4	5885	1	
4	11007	1	
4	19718	1	
4	5385	1	
4	4364	1	
4	275	1	
4	281	1	
4	1309	1	
4	13532	1	
4	13099	2	
4	12076	1	
4	21295	1	
4	5433	1	
4	8515	1	
4	12100	3	
4	12625	1	
4	8539	1	
4	5474	1	
4	7527	4	
4	873	1	
4	9069	2	
4	7401	1	
4	1922	2	
4	9092	1	
4	3975	1	
4	4492	1	
4	7570	2	
4	14743	1	
4	6554	1	
4	4509	1	
4	7584	1	
4	17313	1	
4	18852	1	
4	9146	1	
4	6076	1	
4	15808	1	
4	17312	1	
4	11714	3	
4	16835	1	
4	13772	1	
4	17359	1	
4	18393	2	
4	6622	1	
4	18911	1	
4	12768	1	
4	10210	1	
4	6651	1	
4	16363	2	
4	7660	1	
4	4592	1	
4	2033	1	
4	5625	1	
4	8187	1	
4	5119	2	
5	512	1	
5	6	1	
5	3088	1	
5	16915	1	
5	22551	3	
5	7707	1	
5	19486	1	
5	15903	3	
5	19491	1	
5	8747	1	
5	8236	1	
5	13357	1	
5	60	1	
5	8765	1	
5	3134	1	
5	63	1	
5	65	1	
5	15432	2	
5	18505	1	
5	588	5	
5	15950	1	
5	15951	1	
5	18005	2	
5	603	2	
5	18528	1	
5	21601	1	
5	19555	1	
5	21617	1	
5	6770	2	
5	21107	1	
5	7800	1	
5	7801	1	
5	14459	1	
5	10365	1	
5	5246	1	
5	16512	1	
5	7303	1	
5	13961	2	
5	139	1	
5	1167	3	
5	7313	1	
5	16030	1	
5	16543	1	
5	16544	1	
5	16035	1	
5	8988	1	
5	17070	1	
5	2224	1	
5	15539	1	
5	5301	4	
5	3770	1	
5	6687	1	
5	19133	2	
5	10943	1	
5	12481	3	
5	20686	3	
5	719	1	
5	22232	1	
5	10972	1	
5	15583	1	
5	12010	1	
5	7915	1	
5	7409	2	
5	14584	1	
5	9351	1	
5	15618	1	
5	2307	1	
5	1921	1	
5	4364	4	
5	17678	1	
5	18197	1	
5	279	1	
5	284	2	
5	13089	1	
5	17707	1	
5	12076	1	
5	15666	1	
5	6622	1	
5	21305	2	
5	19263	3	
5	12100	1	
5	16804	2	
5	4941	1	
5	21841	1	
5	4438	1	
5	5995	1	
5	13885	1	
5	18293	1	
5	5496	1	
5	7550	1	
5	12673	2	
5	1922	1	
5	7660	1	
5	11662	1	
5	7055	1	
5	20882	1	
5	7579	1	
5	7584	1	
5	15266	1	
5	18851	1	
5	11684	2	
5	3501	1	
5	11714	3	
5	13763	1	
5	17996	1	
5	1482	1	
5	11729	1	
5	19619	1	
5	4053	1	
5	18393	1	
5	10206	1	
5	19939	1	
5	12625	2	
5	16363	1	
5	18924	1	
5	494	1	
5	16367	1	
5	15855	1	
5	505	1	
5	11771	1	
6	12288	1	
6	4611	1	
6	7690	1	
6	22032	3	
6	22551	2	
6	10264	1	
6	13854	1	
6	15903	5	
6	16817	1	
6	1578	1	
6	1068	1	
6	3629	1	
6	16430	1	
6	21551	1	
6	9269	1	
6	22026	1	
6	63	1	
6	7236	1	
6	1094	1	
6	588	1	
6	13389	1	
6	15950	1	
6	15951	1	
6	15441	1	
6	21586	1	
6	1619	1	
6	18005	1	
6	9857	1	
6	16988	1	
6	18528	1	
6	7777	1	
6	2747	1	
6	16998	1	
6	19900	2	
6	5739	1	
6	18540	1	
6	21613	1	
6	622	1	
6	13937	1	
6	21619	1	
6	22133	1	
6	7799	1	
6	5760	1	
6	16513	1	
6	13445	2	
6	139	1	
6	15500	1	
6	6773	1	
6	3221	1	
6	15281	1	
6	4263	1	
6	4776	1	
6	683	1	
6	19571	1	
6	5301	2	
6	7862	1	
6	17081	1	
6	15035	1	
6	4831	1	
6	7797	1	
6	3266	1	
6	2243	2	
6	7364	1	
6	21194	1	
6	20686	1	
6	7888	1	
6	14033	1	
6	11482	1	
6	9167	1	
6	21727	1	
6	16611	1	
6	746	1	
6	14574	1	
6	4851	1	
6	18686	1	
6	17156	1	
6	1798	1	
6	15489	1	
6	18185	1	
6	4364	1	
6	14725	1	
6	13088	1	
6	20774	1	
6	17707	3	
6	10541	1	
6	6446	1	
6	10975	1	
6	12341	1	
6	12610	1	
6	1163	3	
6	19596	1	
6	19938	1	
6	15184	1	
6	12625	3	
6	18267	1	
6	22364	1	
6	11101	1	
6	4960	2	
6	1380	1	
6	4965	1	
6	13160	1	
6	7530	1	
6	15216	1	
6	8568	1	
6	13887	1	
6	17790	1	
6	20357	1	
6	19847	1	
6	8079	1	
6	19344	1	
6	11672	1	
6	21404	1	
6	17312	1	
6	18851	1	
6	11684	2	
6	20389	1	
6	9645	1	
6	17840	1	
6	433	1	
6	4019	1	
6	8628	1	
6	6075	2	
6	4540	1	
6	4030	1	
6	6080	1	
6	7618	1	
6	17348	1	
6	13255	1	
6	12746	1	
6	7628	1	
6	15949	1	
6	14306	1	
6	999	1	
6	492	1	
6	7664	1	
6	5623	1	
6	4601	1	
6	5119	1	
6	15871	1	
7	12288	2	
7	8705	1	
7	5635	1	
7	7687	2	
7	22551	1	
7	10265	1	
7	15903	2	
7	1578	1	
7	22571	1	
7	8236	1	
7	15584	1	
7	16436	1	
7	13027	1	
7	19514	1	
7	13887	3	
7	64	1	
7	9759	1	
7	20547	1	
7	4165	1	
7	5473	1	
7	15432	1	
7	11851	1	
7	13388	1	
7	8781	1	
7	12878	2	
7	21586	1	
7	13401	1	
7	602	1	
7	18528	1	
7	1633	1	
7	15971	2	
7	7782	1	
7	10854	1	
7	18108	1	
7	17004	1	
7	274	1	
7	622	1	
7	14448	1	
7	21108	1	
7	18553	1	
7	4235	1	
7	13452	1	
7	2705	2	
7	12825	1	
7	19610	1	
7	16032	1	
7	5232	1	
7	9379	1	
7	8988	1	
7	22188	1	
7	685	1	
7	21692	1	
7	22198	1	
7	2747	1	
7	3772	1	
7	15037	1	
7	14528	1	
7	12481	1	
7	1730	1	
7	20168	1	
7	12151	1	
7	13516	1	
7	20690	4	
7	19668	1	
7	14552	1	
7	10974	1	
7	21727	1	
7	7904	1	
7	13026	1	
7	379	1	
7	7397	1	
7	7399	1	
7	4332	1	
7	14574	1	
7	20722	5	
7	18022	1	
7	15096	1	
7	7418	1	
7	1280	1	
7	4868	1	
7	18185	2	
7	4364	2	
7	17170	1	
7	18197	1	
7	17688	1	
7	7451	1	
7	284	1	
7	14621	1	
7	4382	1	
7	17996	1	
7	19746	1	
7	21987	1	
7	18222	2	
7	7471	1	
7	18227	1	
7	9527	1	
7	4414	1	
7	10464	1	
7	17218	1	
7	8518	1	
7	9543	1	
7	22071	1	
7	15713	1	
7	12625	2	
7	10467	1	
7	11662	1	
7	4438	1	
7	21847	1	
7	13148	1	
7	11102	1	
7	8545	1	
7	5475	1	
7	63	1	
7	2416	1	
7	11708	1	
7	12663	1	
7	575	1	
7	14714	1	
7	21883	1	
7	1922	1	
7	16775	1	
7	17800	1	
7	8590	1	
7	7055	1	
7	4496	1	
7	579	1	
7	917	1	
7	14743	1	
7	7582	1	
7	13727	1	
7	13730	1	
7	15279	1	
7	12360	2	
7	17846	1	
7	1465	1	
7	19900	1	
7	446	1	
7	7617	1	
7	11714	2	
7	17490	1	
7	673	1	
7	588	3	
7	13772	1	
7	15266	1	
7	14592	2	
7	17872	1	
7	12754	1	
7	7635	1	
7	3546	1	
7	9691	1	
7	13279	1	
7	507	1	
7	8685	1	
7	494	1	
7	14831	1	
7	15856	1	
7	12790	1	
7	6651	1	
7	2556	1	
7	15869	1	
8	12288	3	
8	7680	1	
8	19460	3	
8	21510	1	
8	8	1	
8	13844	1	
8	3088	1	
8	2578	2	
8	4116	3	
8	10264	3	
8	15903	1	
8	10246	1	
8	8749	1	
8	16431	2	
8	15408	1	
8	22024	1	
8	16434	1	
8	18483	1	
8	19512	1	
8	573	1	
8	13887	2	
8	17984	1	
8	10821	1	
8	15432	1	
8	8778	1	
8	13388	1	
8	13389	2	
8	12878	2	
8	19023	1	
8	13905	1	
8	21586	2	
8	596	1	
8	17494	1	
8	15448	1	
8	22108	1	
8	18528	1	
8	16998	2	
8	21607	1	
8	15976	1	
8	3090	1	
8	14448	1	
8	20593	1	
8	6770	1	
8	1651	1	
8	633	1	
8	16661	1	
8	5248	1	
8	3520	1	
8	3203	2	
8	13445	2	
8	16012	1	
8	14993	1	
8	19607	1	
8	2207	1	
8	13475	1	
8	10407	1	
8	4776	1	
8	683	1	
8	22188	2	
8	3758	2	
8	22198	1	
8	12745	1	
8	6687	1	
8	18108	2	
8	19133	2	
8	12481	2	
8	13516	1	
8	4303	1	
8	20695	2	
8	19673	1	
8	19493	1	
8	10464	1	
8	7905	1	
8	10467	1	
8	8421	1	
8	13425	1	
8	18154	1	
8	14060	1	
8	15600	1	
8	7410	1	
8	15096	1	
8	11007	2	
8	13440	1	
8	770	1	
8	18185	1	
8	3339	1	
8	4364	6	
8	63	1	
8	7952	1	
8	10515	1	
8	18197	4	
8	281	1	
8	5499	1	
8	284	1	
8	8989	1	
8	4383	1	
8	3633	1	
8	13359	1	
8	299	1	
8	15666	1	
8	8502	1	
8	21305	2	
8	7903	1	
8	21309	1	
8	4414	1	
8	16195	1	
8	16197	1	
8	19787	3	
8	12625	1	
8	9047	1	
8	8539	1	
8	17484	3	
8	8041	1	
8	4971	1	
8	9069	1	
8	8571	1	
8	12670	1	
8	1410	1	
8	14725	1	
8	16774	1	
8	1415	2	
8	11662	1	
8	11664	1	
8	20882	1	
8	4509	1	
8	7582	1	
8	20384	1	
8	4003	1	
8	22437	1	
8	15274	2	
8	3501	1	
8	16308	1	
8	1466	1	
8	446	1	
8	4032	1	
8	11714	4	
8	7110	1	
8	588	1	
8	1482	1	
8	11723	2	
8	13772	1	
8	7120	2	
8	3031	1	
8	10205	1	
8	13796	1	
8	15338	1	
8	7660	1	
8	17490	1	
8	16366	1	
8	16367	1	
8	497	1	
8	20475	1	
9	12288	1	
9	11779	1	
9	13316	2	
9	9046	1	
9	1031	1	
9	22024	3	
9	11275	1	
9	3501	1	
9	3088	1	
9	19800	1	
9	2578	1	
9	16915	1	
9	1556	1	
9	4121	1	
9	17440	1	
9	12835	1	
9	19492	1	
9	11815	1	
9	3629	1	
9	21841	1	
9	8753	1	
9	10265	1	
9	57	1	
9	7759	1	
9	59	2	
9	10300	1	
9	5969	1	
9	13887	1	
9	12897	1	
9	8264	1	
9	8778	1	
9	588	4	
9	15439	1	
9	13905	1	
9	17490	3	
9	10607	1	
9	17494	1	
9	2648	1	
9	7402	1	
9	602	1	
9	17338	1	
9	22032	1	
9	13412	1	
9	16998	1	
9	18030	1	
9	14448	2	
9	5732	1	
9	5746	1	
9	16848	1	
9	19476	1	
9	9432	1	
9	4222	1	
9	13951	1	
9	13952	1	
9	2690	1	
9	13445	1	
9	13961	1	
9	139	1	
9	8332	1	
9	10386	1	
9	3220	1	
9	5742	1	
9	5270	1	
9	12825	1	
9	15707	1	
9	11931	1	
9	10403	1	
9	9892	1	
9	10407	1	
9	4776	1	
9	17067	1	
9	14962	1	
9	12053	1	
9	17073	1	
9	5301	1	
9	12471	3	
9	19133	2	
9	9918	1	
9	10452	1	
9	12481	1	
9	5314	1	
9	20167	1	
9	11979	1	
9	11471	1	
9	12497	1	
9	4818	1	
9	19668	1	
9	10833	1	
9	11992	1	
9	2596	1	
9	7663	1	
9	4318	1	
9	15584	1	
9	17360	1	
9	13027	1	
9	745	1	
9	15082	1	
9	10616	1	
9	21748	1	
9	10485	1	
9	13046	1	
9	10487	1	
9	248	2	
9	19156	1	
9	14081	1	
9	12549	1	
9	18182	1	
9	18185	1	
9	14807	1	
9	4364	3	
9	13069	1	
9	10510	1	
9	7952	1	
9	17681	1	
9	17171	1	
9	4884	1	
9	18197	1	
9	5400	1	
9	5499	1	
9	8988	1	
9	16547	1	
9	11143	1	
9	10541	1	
9	19759	1	
9	5936	1	
9	1844	1	
9	13449	1	
9	21305	1	
9	12512	1	
9	1163	1	
9	10223	1	
9	19784	1	
9	17225	1	
9	7499	1	
9	8012	1	
9	20303	1	
9	14672	1	
9	12625	5	
9	4438	1	
9	855	1	
9	5464	1	
9	17242	1	
9	8539	1	
9	6494	1	
9	2399	1	
9	3937	1	
9	3426	1	
9	7018	1	
9	1899	1	
9	5996	1	
9	13167	1	
9	15953	1	
9	15736	1	
9	13204	1	
9	21883	1	
9	19363	1	
9	15232	1	
9	21890	1	
9	16773	2	
9	3974	1	
9	1415	2	
9	3977	1	
9	16778	1	
9	5516	1	
9	7569	1	
9	22418	1	
9	16276	1	
9	3991	1	
9	408	1	
9	7579	1	
9	4509	1	
9	7582	1	
9	13727	1	
9	13730	1	
9	13723	1	
9	16804	1	
9	22437	2	
9	5248	1	
9	12717	1	
9	5551	1	
9	17840	1	
9	4019	1	
9	437	1	
9	22457	1	
9	16826	1	
9	6075	1	
9	20927	1	
9	11714	2	
9	1988	1	
9	18887	1	
9	13772	1	
9	16802	1	
9	9167	1	
9	7120	2	
9	15864	1	
9	4003	3	
9	4053	1	
9	4055	1	
9	2212	1	
9	19791	1	
9	10206	1	
9	18911	1	
9	15184	1	
9	5095	2	
9	15850	1	
9	21586	1	
9	16367	1	
9	16372	1	
9	16373	1	
9	12790	1	
9	4600	2	
9	11771	2	
9	15869	1	
10	12288	2	
10	16902	1	
10	14952	1	
10	11275	1	
10	4110	1	
10	4111	1	
10	22032	2	
10	4115	1	
10	22551	1	
10	22041	1	
10	22557	1	
10	13854	2	
10	2224	1	
10	19035	1	
10	6694	1	
10	4647	1	
10	8233	1	
10	555	1	
10	3629	1	
10	10287	1	
10	9924	1	
10	17973	1	
10	8246	1	
10	1086	1	
10	13887	3	
10	20547	3	
10	2116	1	
10	7777	1	
10	15432	1	
10	18505	1	
10	1099	1	
10	8268	3	
10	20560	1	
10	21586	5	
10	595	1	
10	20494	1	
10	13398	1	
10	9231	1	
10	19553	1	
10	7778	1	
10	13412	1	
10	4710	1	
10	9832	1	
10	14953	1	
10	13418	1	
10	8815	1	
10	14448	1	
10	13937	1	
10	13428	1	
10	6773	1	
10	6778	1	
10	7359	1	
10	13950	1	
10	3201	1	
10	21782	1	
10	14475	1	
10	14786	1	
10	7313	1	
10	8341	1	
10	14489	1	
10	11887	1	
10	21786	1	
10	6308	1	
10	6257	1	
10	17066	1	
10	22188	2	
10	15534	1	
10	7797	1	
10	17584	1	
10	21172	1	
10	22198	1	
10	12471	1	
10	3258	3	
10	1141	1	
10	8898	1	
10	18628	2	
10	20168	1	
10	13772	2	
10	12151	1	
10	14542	1	
10	14546	1	
10	3796	1	
10	11992	1	
10	3803	1	
10	378	1	
10	10463	1	
10	8421	2	
10	15590	1	
10	8425	2	
10	11514	1	
10	11008	1	
10	11524	1	
10	2322	1	
10	19734	1	
10	3351	1	
10	18200	1	
10	19737	1	
10	20762	1	
10	19238	1	
10	21295	2	
10	20284	3	
10	8512	1	
10	8515	1	
10	5445	1	
10	21319	1	
10	847	2	
10	3408	2	
10	745	1	
10	9072	1	
10	5490	1	
10	4868	1	
10	3958	1	
10	4329	1	
10	3962	1	
10	3963	1	
10	1917	1	
10	14725	1	
10	7565	1	
10	18326	1	
10	3991	4	
10	11672	1	
10	7582	1	
10	7664	1	
10	15266	1	
10	4005	1	
10	13223	1	
10	6058	1	
10	6809	1	
10	18882	1	
10	3529	1	
10	15819	1	
10	15820	4	
10	3536	1	
10	11733	1	
10	18391	1	
10	11232	1	
10	21473	1	
10	14306	2	
10	11771	2	
10	21617	1	
10	14827	1	
10	494	1	
10	2543	1	
10	11760	1	
10	4602	1	
10	16891	1	
11	19464	1	
11	7690	1	
11	17339	1	
11	22032	1	
11	9816	1	
11	13844	1	
11	1560	1	
11	1564	1	
11	22557	1	
11	9247	1	
11	6695	1	
11	18473	1	
11	22571	1	
11	8236	1	
11	13357	1	
11	11714	1	
11	9777	1	
11	1074	1	
11	871	1	
11	22068	1	
11	17973	1	
11	17162	1	
11	13887	2	
11	5186	1	
11	8260	1	
11	4449	1	
11	15432	3	
11	7241	1	
11	13388	1	
11	12878	3	
11	3151	1	
11	21586	1	
11	595	1	
11	13398	1	
11	5208	2	
11	3173	1	
11	18528	1	
11	19553	1	
11	5885	1	
11	7782	1	
11	14950	1	
11	4284	1	
11	13418	2	
11	619	1	
11	10861	1	
11	18030	1	
11	13937	1	
11	13428	2	
11	9854	1	
11	20095	1	
11	13440	1	
11	4737	1	
11	646	1	
11	1163	1	
11	13422	1	
11	17038	1	
11	15982	1	
11	19140	1	
11	19098	1	
11	4263	2	
11	11945	1	
11	10410	1	
11	15532	1	
11	3758	1	
11	21679	1	
11	21168	1	
11	22198	1	
11	6687	1	
11	21692	1	
11	9918	1	
11	4799	1	
11	1729	1	
11	10436	1	
11	21193	1	
11	13514	1	
11	17612	1	
11	15566	1	
11	12495	1	
11	14033	2	
11	12501	1	
11	15567	1	
11	4831	2	
11	8421	3	
11	19174	1	
11	7400	1	
11	4329	1	
11	7409	1	
11	10485	1	
11	15096	1	
11	622	1	
11	18174	1	
11	14592	1	
11	8449	1	
11	4868	2	
11	2309	1	
11	19718	1	
11	7432	1	
11	18185	1	
11	20234	1	
11	4364	1	
11	17681	1	
11	8466	1	
11	8979	1	
11	15128	1	
11	7451	2	
11	10341	1	
11	4901	1	
11	10540	1	
11	4146	1	
11	18746	1	
11	8508	1	
11	9023	1	
11	16706	1	
11	10061	1	
11	12076	1	
11	20818	1	
11	17244	1	
11	10591	1	
11	19808	1	
11	22369	3	
11	742	1	
11	3943	1	
11	19816	1	
11	9067	1	
11	744	1	
11	10099	1	
11	3958	1	
11	8568	1	
11	14723	1	
11	14725	2	
11	3974	1	
11	5514	1	
11	3991	2	
11	17806	1	
11	16783	1	
11	3984	1	
11	19347	1	
11	8086	2	
11	14743	1	
11	5742	2	
11	17823	1	
11	15266	1	
11	22024	1	
11	15273	2	
11	5034	1	
11	17837	1	
11	1458	1	
11	7092	1	
11	7095	1	
11	21432	1	
11	13727	1	
11	18364	1	
11	446	1	
11	14786	1	
11	12746	1	
11	11723	1	
11	15820	1	
11	17872	1	
11	7633	1	
11	470	1	
11	4055	1	
11	17892	1	
11	2130	1	
11	494	1	
11	13295	1	
11	8688	1	
11	3058	1	
11	17395	1	
11	4597	1	
11	4599	1	
11	18424	1	
12	7684	1	
12	7687	1	
12	13834	1	
12	22540	1	
12	22032	1	
12	3090	1	
12	19478	1	
12	22551	1	
12	10264	5	
12	12825	1	
12	3610	1	
12	22557	2	
12	22369	2	
12	5668	1	
12	12325	2	
12	9820	1	
12	8236	3	
12	8753	1	
12	16435	1	
12	1076	1	
12	10266	1	
12	62	1	
12	63	1	
12	13888	1	
12	12870	1	
12	5473	1	
12	15432	1	
12	15435	1	
12	588	1	
12	11855	1	
12	20560	1	
12	21586	1	
12	18005	1	
12	17494	2	
12	9305	1	
12	1094	1	
12	15456	1	
12	6331	1	
12	10854	2	
12	16998	2	
12	19048	1	
12	8892	2	
12	12394	1	
12	11887	1	
12	15976	2	
12	21619	1	
12	13428	2	
12	3190	1	
12	7785	1	
12	10365	1	
12	13951	1	
12	640	1	
12	4032	1	
12	646	1	
12	20103	1	
12	14474	1	
12	14475	1	
12	8332	2	
12	14786	1	
12	1167	1	
12	7313	1	
12	13763	1	
12	8341	1	
12	4765	1	
12	8683	1	
12	10918	1	
12	4263	3	
12	20649	1	
12	683	1	
12	15532	1	
12	3758	1	
12	11439	1	
12	6771	1	
12	11444	2	
12	14622	1	
12	12471	1	
12	7865	1	
12	4795	1	
12	700	1	
12	12481	1	
12	1733	1	
12	7880	1	
12	16586	1	
12	13516	1	
12	20686	1	
12	4818	1	
12	10963	1	
12	3796	2	
12	11991	1	
12	9432	1	
12	6368	1	
12	18658	1	
12	7397	2	
12	7400	2	
12	8943	1	
12	1269	1	
12	11511	1	
12	248	1	
12	11007	2	
12	14081	1	
12	4868	1	
12	12550	1	
12	12673	1	
12	4364	1	
12	10510	2	
12	7952	2	
12	275	1	
12	4884	1	
12	15128	1	
12	12570	1	
12	284	1	
12	797	1	
12	4382	1	
12	7463	1	
12	16682	1	
12	11053	1	
12	21295	2	
12	18736	2	
12	8502	1	
12	3636	1	
12	6458	1	
12	15170	1	
12	1163	1	
12	19782	1	
12	17741	1	
12	15713	1	
12	3408	1	
12	12625	3	
12	4438	1	
12	3417	1	
12	7514	1	
12	18267	2	
12	4961	1	
12	2914	1	
12	3428	1	
12	14694	1	
12	7528	2	
12	9069	2	
12	3953	1	
12	15218	3	
12	13174	1	
12	12663	1	
12	1912	1	
12	12390	1	
12	20373	1	
12	7553	1	
12	16363	1	
12	1924	3	
12	14725	1	
12	14727	1	
12	4493	1	
12	16273	1	
12	20882	1	
12	15763	1	
12	9621	1	
12	21398	1	
12	15903	1	
12	7579	1	
12	7069	1	
12	7582	2	
12	20384	1	
12	16803	1	
12	18853	1	
12	7081	1	
12	9645	1	
12	17840	1	
12	19016	1	
12	1465	1	
12	4030	1	
12	22464	1	
12	4033	1	
12	11714	2	
12	7619	1	
12	12746	1	
12	13772	1	
12	4046	1	
12	9167	1	
12	11762	1	
12	7635	1	
12	6102	1	
12	10206	1	
12	13279	1	
12	14304	1	
12	13283	1	
12	21841	1	
12	1380	1	
12	10407	1	
12	493	1	
12	7154	1	
12	16886	1	
12	5623	3	
12	3065	1	
12	6651	1	
13	9729	1	
13	4611	1	
13	7686	2	
13	22030	1	
13	22032	1	
13	10264	5	
13	3332	1	
13	4635	2	
13	15903	2	
13	11808	2	
13	10758	1	
13	6694	1	
13	6695	1	
13	13866	1	
13	8747	1	
13	8236	5	
13	13357	1	
13	6702	2	
13	3633	1	
13	16434	1	
13	7111	1	
13	3643	1	
13	13884	1	
13	19008	1	
13	578	2	
13	15432	1	
13	7607	1	
13	13389	1	
13	12878	1	
13	21586	1	
13	2133	1	
13	13398	3	
13	4695	1	
13	9817	1	
13	9820	1	
13	18528	1	
13	12897	1	
13	2150	1	
13	10854	1	
13	10857	1	
13	21613	1	
13	622	1	
13	4720	1	
13	21617	1	
13	10867	1	
13	5246	1	
13	639	1	
13	18561	1	
13	21635	1	
13	9351	1	
13	18056	1	
13	14473	1	
13	1163	2	
13	2704	1	
13	14488	1	
13	16538	1	
13	11632	1	
13	5795	1	
13	7844	1	
13	4263	2	
13	10920	1	
13	12743	1	
13	18101	2	
13	22198	1	
13	10423	1	
13	11960	1	
13	2747	1	
13	9918	2	
13	11969	1	
13	19140	1	
13	20684	1	
13	8913	1	
13	10452	1	
13	22232	1	
13	8921	1	
13	7392	1	
13	5347	1	
13	17637	1	
13	8935	1	
13	7400	1	
13	15403	1	
13	1781	1	
13	15096	1	
13	17657	1	
13	5885	1	
13	14592	1	
13	10499	1	
13	4868	3	
13	18185	1	
13	17163	1	
13	4365	1	
13	10510	1	
13	17170	1	
13	18051	1	
13	4884	1	
13	2839	1	
13	6937	1	
13	1829	1	
13	19238	1	
13	2348	1	
13	12082	1	
13	15671	1	
13	2416	1	
13	12091	1	
13	19263	1	
13	2368	1	
13	1760	1	
13	21317	2	
13	19784	1	
13	22346	1	
13	3408	1	
13	11603	4	
13	16223	1	
13	7008	1	
13	9569	1	
13	9067	1	
13	18287	1	
13	9072	2	
13	3953	1	
13	20856	1	
13	9023	1	
13	4989	1	
13	5503	1	
13	14721	1	
13	13803	1	
13	12164	1	
13	7055	1	
13	11152	1	
13	8607	1	
13	20384	1	
13	15266	1	
13	15273	2	
13	15791	1	
13	7600	1	
13	4019	2	
13	9141	1	
13	7095	1	
13	446	1	
13	22464	3	
13	13255	1	
13	12746	2	
13	9122	1	
13	9167	1	
13	21969	1	
13	13778	1	
13	9684	1	
13	11737	1	
13	15184	1	
13	17890	2	
13	18920	1	
13	2025	1	
13	15339	1	
13	7148	1	
13	6125	1	
13	7151	1	
13	6651	1	
13	6652	1	
14	12288	2	
14	22368	1	
14	3075	1	
14	7684	1	
14	9733	1	
14	7688	1	
14	10761	1	
14	10763	1	
14	22032	1	
14	7699	2	
14	13844	1	
14	8508	1	
14	10264	1	
14	19460	2	
14	4122	1	
14	1564	1	
14	3614	1	
14	3615	1	
14	18976	1	
14	17840	1	
14	15907	1	
14	10867	1	
14	22571	2	
14	8236	1	
14	1069	1	
14	16430	1	
14	9777	1	
14	16434	1	
14	10265	1	
14	7733	1	
14	4151	1	
14	21563	1	
14	15651	1	
14	8257	1	
14	3652	1	
14	8261	1	
14	17996	1	
14	13389	1	
14	12878	1	
14	18000	1	
14	21586	2	
14	7764	1	
14	2134	1	
14	9817	1	
14	22108	1	
14	11870	1	
14	18528	1	
14	21264	1	
14	20155	1	
14	3173	1	
14	12390	2	
14	4711	1	
14	15976	1	
14	22121	1	
14	11733	1	
14	18540	1	
14	15981	1	
14	13423	1	
14	13937	4	
14	14451	1	
14	21108	1	
14	13437	1	
14	3629	1	
14	5764	1	
14	7303	1	
14	3180	1	
14	19595	1	
14	14482	1	
14	7316	1	
14	19094	2	
14	7319	3	
14	22178	1	
14	17095	2	
14	15218	1	
14	2224	1	
14	17890	1	
14	2226	1	
14	21619	1	
14	5301	1	
14	22198	2	
14	12471	1	
14	8164	1	
14	3258	4	
14	15903	2	
14	4555	1	
14	17093	1	
14	20167	1	
14	15820	1	
14	12663	1	
14	3278	1	
14	8913	1	
14	4818	2	
14	803	1	
14	3796	2	
14	14652	1	
14	11992	1	
14	9945	1	
14	3803	1	
14	9691	1	
14	21727	1	
14	15948	1	
14	1644	1	
14	7400	2	
14	10985	1	
14	22252	1	
14	13357	1	
14	4847	1	
14	7409	1	
14	18163	1	
14	15096	1	
14	17657	1	
14	11639	1	
14	11007	1	
14	4867	1	
14	4868	3	
14	11734	1	
14	15112	1	
14	4055	1	
14	4364	3	
14	18191	1	
14	7220	1	
14	14552	1	
14	6702	1	
14	14103	1	
14	4384	1	
14	11555	1	
14	2341	1	
14	19238	2	
14	8753	1	
14	2345	1	
14	1074	1	
14	18222	1	
14	3889	1	
14	9522	1	
14	1844	1	
14	10974	1	
14	9015	1	
14	12089	2	
14	13854	1	
14	20284	1	
14	20285	1	
14	15584	1	
14	12610	1	
14	17227	1	
14	14306	1	
14	21841	1	
14	2839	2	
14	4441	1	
14	13658	1	
14	18267	1	
14	3421	1	
14	7520	1	
14	17484	1	
14	5475	1	
14	7013	1	
14	10089	1	
14	11628	1	
14	9069	1	
14	9072	1	
14	15848	1	
14	5490	1	
14	20343	1	
14	14714	1	
14	15338	1	
14	5503	1	
14	2944	1	
14	12673	1	
14	1410	1	
14	7555	1	
14	5514	1	
14	8079	1	
14	4496	2	
14	21905	1	
14	11156	1	
14	15765	1	
14	3992	1	
14	8607	2	
14	18921	1	
14	22437	1	
14	15273	1	
14	11183	1	
14	18352	2	
14	10161	1	
14	4019	1	
14	9652	1	
14	13238	1	
14	7607	1	
14	9146	1	
14	18364	1	
14	13427	1	
14	22464	4	
14	11714	1	
14	16374	1	
14	13255	2	
14	13388	2	
14	12746	1	
14	14283	1	
14	13772	2	
14	9167	2	
14	7635	1	
14	16853	1	
14	7729	1	
14	18391	2	
14	8667	1	
14	7645	1	
14	21812	1	
14	19938	2	
14	17892	1	
14	12625	1	
14	18920	1	
14	6121	1	
14	12778	1	
14	4589	1	
14	7663	1	
14	8268	1	
14	4081	1	
14	7154	1	
14	7670	1	
14	7672	2	
14	505	1	
14	18941	1	
14	22015	1	
15	12288	2	
15	13316	1	
15	4037	1	
15	22030	1	
15	4116	1	
15	11438	1	
15	22551	1	
15	9244	1	
15	29	1	
15	9247	1	
15	2594	1	
15	15907	1	
15	5158	1	
15	13863	1	
15	22571	1	
15	8236	2	
15	6702	1	
15	14895	1	
15	12852	1	
15	8260	1	
15	7265	2	
15	15434	1	
15	11851	1	
15	17996	1	
15	21586	4	
15	15448	1	
15	18528	2	
15	21601	2	
15	9380	1	
15	2662	1	
15	2663	1	
15	5224	1	
15	7785	1	
15	22133	1	
15	21104	1	
15	13937	1	
15	1141	2	
15	4799	1	
15	13440	1	
15	8043	1	
15	646	1	
15	9351	1	
15	14871	1	
15	9245	1	
15	15514	1	
15	18591	1	
15	14498	1	
15	9892	2	
15	4263	1	
15	10408	1	
15	8878	1	
15	22557	2	
15	7345	1	
15	21172	1	
15	13493	1	
15	15032	1	
15	6329	1	
15	18108	1	
15	19133	3	
15	9918	1	
15	21621	1	
15	20165	1	
15	19142	1	
15	20167	1	
15	11979	4	
15	13516	1	
15	6507	1	
15	9425	1	
15	10453	1	
15	7894	1	
15	1751	1	
15	21608	1	
15	9167	1	
15	16605	1	
15	1763	1	
15	14033	1	
15	7400	1	
15	1257	1	
15	18154	1	
15	22252	1	
15	1779	1	
15	1781	2	
15	18686	1	
15	3331	1	
15	4310	1	
15	19718	1	
15	7432	2	
15	1068	1	
15	4364	2	
15	17368	1	
15	274	1	
15	2835	1	
15	21295	2	
15	4382	1	
15	19746	1	
15	15524	1	
15	19238	2	
15	1838	1	
15	7471	1	
15	16176	1	
15	7477	1	
15	9015	1	
15	13113	1	
15	18746	1	
15	9536	1	
15	15170	3	
15	21315	1	
15	21317	1	
15	17223	1	
15	17225	1	
15	12625	1	
15	14677	1	
15	21305	2	
15	18267	1	
15	22369	1	
15	2915	1	
15	20329	1	
15	9579	1	
15	6511	1	
15	10472	1	
15	12663	2	
15	6122	1	
15	12670	1	
15	8063	1	
15	14721	1	
15	8579	1	
15	4484	1	
15	14727	1	
15	4490	1	
15	17292	1	
15	17293	1	
15	4496	1	
15	9617	1	
15	20882	1	
15	10646	1	
15	3991	1	
15	15770	1	
15	13723	1	
15	13727	1	
15	20384	2	
15	14761	1	
15	17840	1	
15	7584	1	
15	10679	1	
15	9887	1	
15	12734	2	
15	15808	1	
15	15809	1	
15	11714	2	
15	16837	1	
15	4038	1	
15	13388	1	
15	5580	1	
15	17013	1	
15	21460	1	
15	7637	1	
15	14807	1	
15	4056	1	
15	7844	1	
15	13794	1	
15	13796	1	
15	13798	2	
15	13801	1	
15	13802	1	
15	10407	1	
15	6125	1	
15	16366	1	
15	4449	2	
15	5625	1	
15	15869	1	
16	9121	1	
16	19460	1	
16	16470	1	
16	14081	1	
16	1545	1	
16	7690	1	
16	10763	1	
16	7695	1	
16	17424	2	
16	13841	1	
16	20142	1	
16	10264	1	
16	22553	1	
16	1562	1	
16	4636	1	
16	22557	2	
16	6687	2	
16	17840	1	
16	22571	1	
16	6702	1	
16	6122	2	
16	16434	1	
16	11827	1	
16	12852	1	
16	13884	3	
16	15432	1	
16	8778	1	
16	13389	1	
16	10300	1	
16	592	1	
16	9809	1	
16	21586	2	
16	595	1	
16	4692	1	
16	13398	2	
16	13912	1	
16	18528	1	
16	1639	1	
16	21609	1	
16	13418	1	
16	18028	1	
16	13937	1	
16	626	1	
16	6771	1	
16	13428	1	
16	21621	1	
16	6774	1	
16	633	1	
16	637	1	
16	20103	1	
16	13449	1	
16	1163	1	
16	21143	1	
16	15514	1	
16	22175	1	
16	6816	1	
16	7841	1	
16	5795	1	
16	683	2	
16	5746	1	
16	11438	2	
16	21681	1	
16	21619	1	
16	14522	1	
16	15903	3	
16	9918	1	
16	20597	1	
16	19800	1	
16	11969	1	
16	13516	1	
16	11471	1	
16	9425	1	
16	10963	1	
16	22232	1	
16	1242	1	
16	5852	1	
16	16608	1	
16	8422	1	
16	7400	3	
16	10985	1	
16	12010	2	
16	1918	1	
16	13558	1	
16	7637	1	
16	8449	1	
16	7938	1	
16	3627	1	
16	11524	1	
16	18185	2	
16	4364	2	
16	17170	1	
16	15128	1	
16	7451	2	
16	797	1	
16	16773	1	
16	10540	1	
16	1074	1	
16	21295	2	
16	15666	1	
16	16435	1	
16	21305	2	
16	8508	2	
16	16701	1	
16	15170	1	
16	10891	1	
16	5447	1	
16	12616	1	
16	11148	2	
16	4438	1	
16	10553	1	
16	4440	1	
16	15709	1	
16	10591	1	
16	22368	1	
16	20329	1	
16	9069	2	
16	17262	1	
16	9072	1	
16	10097	1	
16	12663	1	
16	8568	1	
16	5098	1	
16	12670	1	
16	14721	2	
16	18818	1	
16	14725	1	
16	16775	1	
16	11144	1	
16	5514	1	
16	10636	1	
16	7055	1	
16	4496	3	
16	9617	1	
16	7570	2	
16	917	1	
16	3991	1	
16	3992	1	
16	20384	1	
16	21409	1	
16	15266	1	
16	20389	1	
16	22442	1	
16	10667	1	
16	10158	1	
16	7600	1	
16	10679	1	
16	17339	1	
16	15434	1	
16	22464	2	
16	7584	1	
16	11714	2	
16	13255	1	
16	7628	1	
16	9684	1	
16	15317	1	
16	4601	1	
16	1925	1	
16	13274	1	
16	17372	1	
16	14815	1	
16	14304	1	
16	22497	1	
16	17890	1	
16	15338	1	
16	20971	1	
16	18924	1	
16	1007	1	
16	5623	3	
16	5625	1	
16	11771	2	
16	13821	1	
17	11777	1	
17	17494	1	
17	14081	1	
17	22032	1	
17	3417	1	
17	10264	1	
17	4122	1	
17	5661	2	
17	15754	1	
17	18975	1	
17	1568	1	
17	2596	1	
17	37	1	
17	22571	1	
17	8749	1	
17	20014	1	
17	3633	2	
17	16434	1	
17	7603	1	
17	12341	1	
17	19008	1	
17	22082	2	
17	3141	2	
17	15713	1	
17	11850	1	
17	13388	1	
17	12878	1	
17	592	1	
17	21586	1	
17	13398	1	
17	8797	1	
17	7263	1	
17	21606	1	
17	17169	1	
17	1639	1	
17	10867	1	
17	6772	1	
17	17016	1	
17	11898	1	
17	5755	1	
17	5760	1	
17	3203	1	
17	5765	1	
17	1163	1	
17	20109	1	
17	4238	1	
17	2704	1	
17	3220	1	
17	19094	1	
17	22178	1	
17	17063	2	
17	1706	1	
17	9899	1	
17	9901	1	
17	7343	2	
17	12465	1	
17	5321	1	
17	5304	1	
17	20596	1	
17	6843	1	
17	8892	2	
17	19133	4	
17	12479	1	
17	11969	1	
17	20675	1	
17	910	1	
17	20168	1	
17	6345	1	
17	17612	1	
17	14542	1	
17	18128	1	
17	6264	1	
17	15651	1	
17	17108	1	
17	726	1	
17	17359	1	
17	1757	1	
17	6778	1	
17	10464	1	
17	7396	1	
17	742	1	
17	6375	1	
17	12010	1	
17	14574	1	
17	14063	1	
17	20722	1	
17	21748	1	
17	22262	1	
17	17657	1	
17	17148	2	
17	17151	1	
17	1280	1	
17	8449	1	
17	7938	2	
17	16131	1	
17	4868	1	
17	19718	2	
17	7041	1	
17	4364	2	
17	2873	1	
17	273	1	
17	6702	1	
17	2327	1	
17	15128	1	
17	12059	1	
17	8261	1	
17	13445	1	
17	7457	1	
17	10530	1	
17	12067	1	
17	3877	1	
17	7463	1	
17	12677	1	
17	10539	1	
17	2348	2	
17	18222	1	
17	7471	1	
17	15666	1	
17	1844	1	
17	13888	1	
17	21305	3	
17	16701	1	
17	4414	1	
17	13428	1	
17	16706	1	
17	20809	1	
17	3919	1	
17	12625	2	
17	17891	1	
17	18773	1	
17	4438	1	
17	7511	1	
17	22186	1	
17	18267	2	
17	5433	1	
17	863	1	
17	22368	1	
17	22369	1	
17	3943	1	
17	7018	1	
17	3435	1	
17	13164	4	
17	15218	2	
17	3967	1	
17	12673	1	
17	7557	1	
17	15751	1	
17	5512	1	
17	5513	1	
17	13194	1	
17	12354	2	
17	5518	1	
17	4496	2	
17	7570	1	
17	13454	1	
17	3991	2	
17	7582	2	
17	14751	1	
17	9122	1	
17	22437	1	
17	15273	5	
17	4011	2	
17	7600	2	
17	1457	1	
17	4019	1	
17	16628	1	
17	5351	1	
17	22464	3	
17	16835	3	
17	14677	2	
17	588	1	
17	16842	1	
17	4555	1	
17	13772	1	
17	15266	3	
17	9678	1	
17	9167	1	
17	16858	1	
17	5089	1	
17	6651	1	
17	11244	1	
17	19950	1	
17	15855	2	
17	10227	1	
17	16374	1	
17	11771	3	
17	6652	1	
17	13821	1	
17	22015	1	
18	14592	1	
18	6658	1	
18	13316	1	
18	7686	1	
18	10262	1	
18	22551	1	
18	10264	3	
18	14361	1	
18	22557	1	
18	13854	1	
18	18975	1	
18	1576	1	
18	1068	1	
18	3629	2	
18	6702	2	
18	17970	1	
18	7219	1	
18	22369	1	
18	13388	2	
18	22200	1	
18	21586	6	
18	13398	2	
18	22108	1	
18	3173	1	
18	12390	1	
18	9831	1	
18	15976	1	
18	10857	1	
18	20803	1	
18	18540	1	
18	21613	2	
18	11887	1	
18	13937	2	
18	4723	1	
18	21108	1	
18	12917	1	
18	17015	1	
18	11898	1	
18	18046	1	
18	6784	1	
18	15273	1	
18	646	1	
18	18056	1	
18	10520	1	
18	2712	1	
18	3227	1	
18	22173	1	
18	7844	1	
18	4263	2	
18	20137	1	
18	11946	2	
18	3758	1	
18	8370	1	
18	19124	3	
18	13493	1	
18	15032	1	
18	15903	1	
18	19133	1	
18	9918	1	
18	4287	1	
18	11979	1	
18	7881	1	
18	17611	1	
18	13516	1	
18	18128	1	
18	17108	1	
18	9759	1	
18	19675	1	
18	7904	1	
18	15588	1	
18	21221	1	
18	1766	1	
18	7911	1	
18	744	1	
18	22252	2	
18	2287	1	
18	2289	1	
18	18022	1	
18	18679	1	
18	1280	1	
18	8449	1	
18	18180	1	
18	7432	1	
18	17162	1	
18	11992	1	
18	17170	1	
18	8979	1	
18	4884	1	
18	4868	2	
18	15128	1	
18	8988	1	
18	17183	1	
18	2342	1	
18	2348	1	
18	19245	1	
18	21295	2	
18	6622	1	
18	4491	1	
18	21317	1	
18	17225	1	
18	15179	1	
18	15184	1	
18	12625	1	
18	14677	1	
18	4950	1	
18	9047	1	
18	22186	1	
18	18267	2	
18	6492	1	
18	15709	1	
18	9569	2	
18	21351	1	
18	1899	1	
18	7533	1	
18	10606	1	
18	13174	1	
18	12663	1	
18	18299	1	
18	17788	1	
18	1917	2	
18	1918	2	
18	18817	1	
18	7048	1	
18	5514	1	
18	395	1	
18	8079	4	
18	11665	1	
18	15763	1	
18	3481	1	
18	13727	1	
18	15266	3	
18	15268	1	
18	22437	1	
18	497	1	
18	14761	1	
18	22442	1	
18	4011	2	
18	19372	1	
18	18862	1	
18	7600	1	
18	7601	1	
18	4019	2	
18	7608	1	
18	6559	1	
18	15805	1	
18	12734	1	
18	11711	1	
18	22464	1	
18	8641	1	
18	14786	1	
18	1988	1	
18	3528	1	
18	12746	2	
18	8184	1	
18	13778	1	
18	2003	1	
18	9684	1	
18	9687	1	
18	2523	2	
18	2525	1	
18	10206	1	
18	4064	1	
18	17890	1	
18	494	1	
18	15857	1	
18	7081	1	
18	7160	1	
18	20477	1	
19	11388	1	
19	16069	1	
19	615	1	
