1	19073	1	
1	8940	1	
1	4364	1	
1	7694	1	
1	8079	1	
1	528	1	
1	17041	1	
1	8214	1	
1	18905	1	
1	17818	2	
1	28	1	
1	18080	1	
1	7256	1	
1	5797	1	
1	11946	1	
1	8236	1	
1	3629	1	
1	21295	1	
1	19124	1	
1	9398	1	
1	15448	2	
1	12602	1	
1	12734	1	
1	22082	2	
1	20555	1	
1	13252	2	
1	15393	1	
1	6345	1	
1	9290	1	
1	20427	1	
1	13388	1	
1	15439	1	
1	9554	1	
1	9684	1	
1	14677	1	
1	14969	1	
1	13912	1	
1	2265	1	
1	16858	1	
1	9820	1	
1	605	1	
1	15456	1	
1	12514	1	
1	4497	1	
1	8684	1	
1	9069	1	
1	16468	1	
1	1141	1	
1	8184	1	
1	17657	1	
1	11898	1	
1	6652	1	
1	637	1	
1	9726	1	
2	12288	2	
2	8619	1	
2	6661	1	
2	3590	1	
2	22551	1	
2	18975	1	
2	18976	1	
2	545	1	
2	18182	1	
2	1576	1	
2	18990	2	
2	22082	2	
2	13388	2	
2	15949	1	
2	13398	1	
2	13915	1	
2	16479	1	
2	16998	1	
2	3176	1	
2	21613	1	
2	9839	1	
2	1140	1	
2	1141	1	
2	13944	1	
2	11388	1	
2	5246	1	
2	1670	1	
2	17546	1	
2	17041	1	
2	15508	1	
2	19093	1	
2	6807	1	
2	7847	1	
2	11946	1	
2	683	1	
2	22188	1	
2	14509	1	
2	7854	1	
2	19631	1	
2	19124	1	
2	9924	1	
2	13516	2	
2	13520	1	
2	7889	1	
2	4831	1	
2	21225	1	
2	21739	1	
2	15092	1	
2	14592	2	
2	11521	1	
2	18179	1	
2	4868	1	
2	2309	1	
2	2310	1	
2	4364	1	
2	15117	1	
2	10510	1	
2	7957	1	
2	8493	1	
2	3375	1	
2	15666	1	
2	22326	1	
2	9023	1	
2	3392	1	
2	12354	1	
2	12110	1	
2	14677	1	
2	10590	1	
2	9069	1	
2	879	1	
2	9072	1	
2	18804	1	
2	6518	1	
2	5495	1	
2	8569	1	
2	14485	2	
2	2944	1	
2	16775	1	
2	5005	1	
2	11662	1	
2	21905	1	
2	19347	1	
2	15774	1	
2	22442	2	
2	12203	1	
2	2606	1	
2	8636	1	
2	15808	1	
2	8641	1	
2	11714	1	
2	3528	1	
2	6732	1	
2	20429	1	
2	10709	1	
2	16855	1	
2	2525	1	
2	12269	1	
2	20463	1	
2	8184	1	
2	6652	1	
3	9729	1	
3	13316	1	
3	18962	2	
3	22551	1	
3	15929	1	
3	16224	1	
3	12354	1	
3	19019	1	
3	18510	1	
3	20055	1	
3	12888	1	
3	12891	1	
3	8797	1	
3	5728	1	
3	15457	1	
3	18022	1	
3	21094	1	
3	13929	1	
3	1140	1	
3	19062	1	
3	19064	1	
3	1147	1	
3	19074	1	
3	18056	1	
3	18569	1	
3	18073	1	
3	10407	1	
3	10408	3	
3	21161	2	
3	19124	1	
3	5306	1	
3	13517	1	
3	212	1	
3	9432	1	
3	217	1	
3	9435	1	
3	10972	1	
3	223	2	
3	21739	1	
3	1266	1	
3	19192	1	
3	12026	1	
3	18173	1	
3	18686	1	
3	19716	2	
3	17671	1	
3	18818	1	
3	3854	1	
3	19219	1	
3	7964	1	
3	17181	1	
3	5927	1	
3	21295	1	
3	7473	1	
3	7986	1	
3	5855	1	
3	5948	1	
3	20798	1	
3	16193	1	
3	22344	1	
3	13129	2	
3	9043	1	
3	16220	1	
3	7520	1	
3	14689	3	
3	13666	1	
3	13161	1	
3	6506	1	
3	9069	2	
3	16190	2	
3	20854	1	
3	10625	2	
3	12162	1	
3	15241	1	
3	22414	1	
3	1941	1	
3	17818	1	
3	20384	2	
3	2480	1	
3	2994	1	
3	3512	1	
3	16833	1	
3	11714	3	
3	3528	1	
3	12235	1	
3	9686	1	
3	8189	1	
3	21160	1	
3	16379	1	
3	16381	2	
4	13316	1	
4	14969	1	
4	9901	1	
4	18962	2	
4	14868	1	
4	4117	1	
4	22551	2	
4	5150	1	
4	20010	1	
4	21035	1	
4	8236	1	
4	20014	1	
4	1074	3	
4	8263	1	
4	15432	1	
4	6732	1	
4	590	1	
4	6741	1	
4	8797	1	
4	1631	1	
4	11385	1	
4	1147	3	
4	13440	1	
4	18054	1	
4	9351	1	
4	18571	1	
4	16544	1	
4	16547	2	
4	10407	1	
4	10408	1	
4	21161	2	
4	14509	1	
4	11806	1	
4	16055	1	
4	11723	1	
4	5321	1	
4	13516	1	
4	15575	1	
4	17626	1	
4	10972	3	
4	7903	1	
4	15584	1	
4	225	1	
4	5755	1	
4	19172	1	
4	5358	1	
4	9969	1	
4	1268	1	
4	5417	1	
4	18689	1	
4	5163	1	
4	15620	1	
4	10625	3	
4	7952	1	
4	17688	1	
4	20255	2	
4	11555	1	
4	19238	1	
4	5929	2	
4	19243	1	
4	15660	1	
4	12081	1	
4	10555	1	
4	16190	4	
4	6464	1	
4	16193	3	
4	9033	1	
4	4941	1	
4	9555	1	
4	14689	3	
4	13159	1	
4	17769	1	
4	9069	1	
4	9071	1	
4	897	1	
4	1927	1	
4	17819	1	
4	4509	1	
4	20384	1	
4	22450	1	
4	12212	1	
4	11709	1	
4	22464	2	
4	7072	1	
4	6598	1	
4	20427	1	
4	9684	4	
4	9686	1	
4	4602	1	
4	3064	1	
4	14842	1	
4	16379	1	
5	13440	1	
5	9729	1	
5	3332	1	
5	2309	1	
5	7686	1	
5	9351	1	
5	16776	1	
5	17162	1	
5	22423	1	
5	4364	3	
5	16913	1	
5	22418	1	
5	9241	1	
5	17688	1	
5	15641	1	
5	22557	1	
5	5150	1	
5	4037	1	
5	15266	2	
5	7332	1	
5	5797	1	
5	10407	1	
5	20010	2	
5	683	3	
5	22188	1	
5	20014	1	
5	1076	1	
5	9398	1	
5	11710	1	
5	2873	1	
5	9677	1	
5	19133	1	
5	16190	1	
5	11711	1	
5	3392	1	
5	12110	1	
5	3395	1	
5	15350	2	
5	17292	1	
5	13514	1	
5	20429	3	
5	19840	1	
5	19405	1	
5	16850	3	
5	2003	2	
5	16468	1	
5	14677	1	
5	10328	1	
5	16548	1	
5	10460	1	
5	8797	1	
5	4831	1	
5	18528	1	
5	2273	1	
5	22500	1	
5	2918	1	
5	19943	1	
5	9069	2	
5	10625	2	
5	18962	1	
5	20468	1	
5	1141	2	
5	3702	1	
5	14842	1	
5	19114	1	
6	13440	1	
6	21739	2	
6	9607	1	
6	6790	1	
6	9351	1	
6	2443	1	
6	6637	1	
6	17807	1	
6	2834	2	
6	8964	1	
6	19375	1	
6	12061	1	
6	5150	1	
6	9247	1	
6	8737	1	
6	9606	1	
6	15575	1	
6	551	1	
6	19114	1	
6	16683	1	
6	8626	1	
6	8861	1	
6	15664	1	
6	3762	1	
6	20019	1	
6	7095	1	
6	15548	1	
6	21950	1	
6	16706	2	
6	8131	1	
6	20292	1	
6	22086	1	
6	18017	1	
6	22088	1	
6	13516	2	
6	12471	1	
6	5708	1	
6	20429	3	
6	4942	1	
6	4818	1	
6	13907	1	
6	10452	1	
6	3927	1	
6	9575	1	
6	223	1	
6	225	1	
6	8421	1	
6	2278	1	
6	3943	1	
6	13161	1	
6	8043	3	
6	18796	1	
6	9069	2	
6	18736	1	
6	13063	1	
6	14322	1	
6	1140	1	
6	6773	1	
6	1147	1	
6	6128	1	
7	14592	1	
7	12288	1	
7	8641	1	
7	4868	1	
7	2183	1	
7	22167	1	
7	14509	1	
7	21264	1	
7	17681	1	
7	3943	1	
7	916	1	
7	22551	1	
7	15514	1	
7	7206	1	
7	22055	1	
7	5248	1	
7	22445	1	
7	18222	1	
7	17202	1	
7	10057	1	
7	3130	1	
7	5309	1	
7	6718	1	
7	9170	1	
7	22209	1	
7	11714	2	
7	12487	1	
7	13516	1	
7	10316	1	
7	20429	2	
7	12878	1	
7	15441	1	
7	21586	1	
7	2003	2	
7	6489	1	
7	2273	1	
7	13459	1	
7	2278	2	
7	22119	1	
7	13161	1	
7	21739	2	
7	21613	1	
7	9033	2	
7	13937	1	
7	15475	1	
7	19578	1	
7	1147	1	
7	637	1	
8	13316	2	
8	18960	2	
8	18962	1	
8	19630	1	
8	22551	1	
8	15620	1	
8	9247	2	
8	20010	3	
8	8236	1	
8	15922	1	
8	12343	1	
8	8768	2	
8	8263	1	
8	17996	1	
8	17490	1	
8	15444	1	
8	6741	4	
8	8797	1	
8	16479	3	
8	16998	1	
8	21094	1	
8	3176	1	
8	19900	1	
8	21613	1	
8	19056	2	
8	2166	1	
8	14969	2	
8	21114	1	
8	13435	1	
8	22464	1	
8	9351	1	
8	14985	2	
8	17548	1	
8	5400	1	
8	10912	1	
8	16547	1	
8	16548	1	
8	22188	1	
8	7854	1	
8	16049	1	
8	19124	1	
8	16055	1	
8	5309	1	
8	9419	1	
8	17107	1	
8	15575	2	
8	15994	1	
8	21739	1	
8	18681	1	
8	15615	1	
8	8964	1	
8	2309	1	
8	10510	1	
8	15119	1	
8	4884	1	
8	17176	1	
8	19226	1	
8	20255	1	
8	17184	1	
8	19243	1	
8	15660	2	
8	5934	1	
8	21295	1	
8	13113	1	
8	6458	1	
8	13117	1	
8	16706	1	
8	13128	1	
8	9550	1	
8	2407	2	
8	13161	1	
8	3434	1	
8	8043	3	
8	17810	1	
8	21364	1	
8	15128	1	
8	8579	1	
8	20882	1	
8	19347	1	
8	916	1	
8	11161	1	
8	2990	1	
8	4022	1	
8	10684	1	
8	15808	1	
8	13255	1	
8	6732	2	
8	18891	1	
8	11737	2	
8	20463	1	
8	4601	1	
8	4602	1	
8	16893	1	
8	5119	1	
9	1537	1	
9	9729	1	
9	19116	1	
9	528	1	
9	18962	1	
9	4117	1	
9	22557	1	
9	5150	1	
9	9247	1	
9	4647	1	
9	20010	2	
9	20014	1	
9	1074	1	
9	1079	1	
9	13881	1	
9	13884	1	
9	12350	1	
9	1089	1	
9	12354	2	
9	13894	1	
9	15432	1	
9	4364	1	
9	6732	2	
9	8797	1	
9	2064	1	
9	20076	1	
9	21613	3	
9	11887	1	
9	13937	2	
9	14969	2	
9	19102	1	
9	14495	1	
9	16546	1	
9	16548	1	
9	6513	1	
9	3752	1	
9	21161	2	
9	17067	1	
9	22188	1	
9	8878	1	
9	16050	1	
9	5301	1	
9	12471	1	
9	17622	2	
9	9945	1	
9	10972	2	
9	19172	1	
9	5358	1	
9	8437	1	
9	15096	1	
9	1280	1	
9	16131	1	
9	2309	1	
9	11531	1	
9	20748	1	
9	15117	2	
9	19741	1	
9	9691	1	
9	19238	1	
9	15660	1	
9	18222	1	
9	15666	1	
9	19765	1	
9	6458	1	
9	6459	1	
9	1340	1	
9	16190	1	
9	3392	1	
9	16193	2	
9	15682	1	
9	15687	1	
9	5450	3	
9	5451	5	
9	20303	1	
9	2899	1	
9	16220	2	
9	7520	1	
9	14690	1	
9	5489	1	
9	20851	1	
9	20854	1	
9	10625	1	
9	2437	1	
9	17290	1	
9	2443	2	
9	916	1	
9	20384	1	
9	15344	1	
9	12360	1	
9	12212	1	
9	20468	1	
9	16543	1	
9	3006	1	
9	22464	2	
9	14800	1	
9	9684	1	
9	10203	2	
9	10206	1	
9	2025	1	
9	11760	1	
9	18420	1	
9	10409	1	
10	14592	1	
10	897	1	
10	6787	1	
10	13316	1	
10	18964	1	
10	12288	1	
10	6791	1	
10	14985	1	
10	17162	1	
10	9687	1	
10	13452	1	
10	16525	1	
10	4623	1	
10	16272	1	
10	17681	1	
10	18962	1	
10	17811	1	
10	19476	1	
10	13723	1	
10	4636	1	
10	22557	1	
10	5150	1	
10	16543	1	
10	15664	3	
10	6822	1	
10	17575	1	
10	3113	1	
10	683	1	
10	13612	1	
10	2990	1	
10	18736	2	
10	19505	1	
10	20851	1	
10	15540	1	
10	16798	1	
10	310	1	
10	7095	1	
10	15160	1	
10	5433	1	
10	10556	1	
10	12093	1	
10	12350	1	
10	6208	1	
10	9555	1	
10	19396	1	
10	22086	1	
10	6984	1	
10	8393	1	
10	13516	1	
10	13389	1	
10	6733	1	
10	8636	1	
10	2899	3	
10	8770	1	
10	5625	1	
10	1167	1	
10	3421	1	
10	22418	1	
10	10889	1	
10	2025	1	
10	8421	1	
10	22464	1	
10	12625	1	
10	6760	1	
10	8041	1	
10	22282	1	
10	8043	1	
10	9069	1	
10	15472	1	
10	6867	1	
10	1140	3	
10	13502	1	
10	11511	1	
10	4601	2	
10	20882	1	
10	6506	1	
11	16384	1	
11	21888	1	
11	21035	1	
11	7684	1	
11	9606	2	
11	14969	1	
11	17416	1	
11	18569	1	
11	2443	2	
11	4364	1	
11	5186	1	
11	19088	1	
11	17681	1	
11	2834	1	
11	8387	1	
11	13460	1	
11	430	1	
11	15660	1	
11	12699	1	
11	18973	1	
11	12702	1	
11	16035	1	
11	20389	1	
11	4647	1	
11	680	1	
11	17579	1	
11	4012	2	
11	7854	1	
11	7471	1	
11	15664	5	
11	1067	1	
11	8626	1	
11	437	1	
11	12471	2	
11	15163	1	
11	11708	1	
11	13502	1	
11	22463	2	
11	22557	2	
11	7520	1	
11	12354	1	
11	20427	1	
11	22086	1	
11	13255	1	
11	15817	1	
11	7242	2	
11	9035	2	
11	2001	1	
11	12110	1	
11	20303	1	
11	16592	1	
11	9041	1	
11	2899	1	
11	18389	1	
11	4823	2	
11	9245	1	
11	19678	1	
11	1141	1	
11	5728	1	
11	14689	1	
11	19938	1	
11	22373	2	
11	22119	1	
11	1280	1	
11	8043	1	
11	10408	1	
11	14448	1	
11	13937	1	
11	5746	1	
11	9555	1	
11	20798	1	
11	22262	1	
11	16276	1	
11	18042	1	
11	5755	1	
11	11714	1	
12	12288	1	
12	5634	1	
12	20494	1	
12	18962	1	
12	22557	2	
12	9247	1	
12	4647	2	
12	21035	1	
12	16434	1	
12	20019	1	
12	5691	1	
12	13889	1	
12	12354	1	
12	22086	1	
12	10826	1	
12	15444	1	
12	3171	1	
12	22119	1	
12	3943	1	
12	18030	1	
12	13937	2	
12	1141	1	
12	1669	1	
12	13452	1	
12	13460	2	
12	16543	1	
12	19113	1	
12	22188	1	
12	10927	1	
12	12471	1	
12	801	1	
12	9417	2	
12	4810	1	
12	13516	1	
12	4304	1	
12	20181	1	
12	15575	1	
12	13532	1	
12	223	1	
12	7392	1	
12	20519	1	
12	16625	1	
12	18174	1	
12	14081	1	
12	17162	1	
12	4366	1	
12	18191	1	
12	2835	1	
12	17688	1	
12	18736	1	
12	20018	1	
12	7471	1	
12	15664	3	
12	18483	1	
12	10555	1	
12	2442	1	
12	20798	1	
12	9543	1	
12	9033	1	
12	9043	3	
12	14677	2	
12	5471	1	
12	22369	1	
12	1895	1	
12	8043	2	
12	13681	1	
12	12151	2	
12	18808	1	
12	21888	1	
12	16260	1	
12	9606	1	
12	3466	1	
12	2443	2	
12	17811	2	
12	11159	1	
12	14745	1	
12	12699	1	
12	15773	1	
12	12702	1	
12	20384	2	
12	1947	1	
12	4013	2	
12	8626	1	
12	19900	1	
12	7242	1	
12	9176	1	
12	18406	1	
12	2025	1	
12	16366	1	
12	1525	1	
12	12799	1	
13	13316	1	
13	18962	1	
13	22551	1	
13	5150	1	
13	5155	1	
13	21544	1	
13	20010	2	
13	2606	1	
13	9779	1	
13	19508	1	
13	5690	1	
13	3134	1	
13	12354	2	
13	6732	1	
13	13389	1	
13	6741	1	
13	12888	2	
13	16479	1	
13	10850	1	
13	19900	1	
13	13937	2	
13	21107	1	
13	1140	1	
13	14969	1	
13	15994	1	
13	1147	1	
13	5246	1	
13	12927	1	
13	9351	1	
13	11913	1	
13	12940	1	
13	8045	1	
13	13459	1	
13	13460	2	
13	4774	1	
13	10408	2	
13	19113	1	
13	22186	1	
13	8391	1	
13	17070	1	
13	10927	1	
13	17093	1	
13	18119	1	
13	1744	1	
13	15061	1	
13	11385	1	
13	13532	1	
13	4304	1	
13	7395	1	
13	15588	1	
13	21739	1	
13	14574	1	
13	18182	1	
13	2348	1	
13	20747	1	
13	19238	1	
13	18215	1	
13	19243	1	
13	15660	3	
13	7471	1	
13	15664	2	
13	9527	1	
13	6459	1	
13	2443	1	
13	9543	1	
13	17225	1	
13	14677	1	
13	8043	1	
13	9069	2	
13	12655	2	
13	12350	1	
13	12170	1	
13	9611	1	
13	13202	1	
13	17811	1	
13	19348	1	
13	15774	2	
13	13740	1	
13	12717	1	
13	2990	1	
13	11708	1	
13	11714	1	
13	3524	1	
13	13961	1	
13	15817	1	
13	22418	1	
13	7650	1	
13	6822	1	
13	15855	1	
13	11760	1	
13	21160	1	
13	10747	1	
13	508	1	
14	12288	1	
14	4013	1	
14	17424	1	
14	9755	1	
14	9247	2	
14	4647	3	
14	1576	1	
14	3629	2	
14	11827	1	
14	20537	1	
14	13884	1	
14	13389	1	
14	18512	1	
14	17494	1	
14	15448	1	
14	6760	1	
14	13937	1	
14	15994	1	
14	2173	1	
14	13440	1	
14	8841	1	
14	22186	1	
14	14509	1	
14	3250	1	
14	13493	1	
14	11451	1	
14	5309	1	
14	10436	1	
14	11463	1	
14	200	1	
14	12333	1	
14	6351	1	
14	4821	2	
14	15575	1	
14	9945	1	
14	5339	1	
14	7392	1	
14	11815	1	
14	10988	1	
14	11511	1	
14	1285	1	
14	4364	2	
14	18191	2	
14	7451	3	
14	18736	1	
14	15144	1	
14	3881	1	
14	15664	3	
14	11913	1	
14	6459	1	
14	11600	3	
14	20817	1	
14	20818	1	
14	12633	1	
14	16220	1	
14	8764	1	
14	8043	2	
14	18796	1	
14	9069	5	
14	9074	1	
14	20851	1	
14	8062	1	
14	21739	1	
14	15752	1	
14	2443	2	
14	14222	1	
14	15250	1	
14	917	2	
14	21912	1	
14	14236	1	
14	12190	1	
14	9121	1	
14	9125	3	
14	1959	1	
14	16301	1	
14	22449	1	
14	7095	1	
14	15288	1	
14	5567	1	
14	1475	1	
14	2500	1	
14	21957	1	
14	4343	1	
14	17881	1	
14	19942	1	
14	20468	1	
14	16374	1	
14	508	1	
15	12288	1	
15	5635	1	
15	22024	1	
15	9244	1	
15	22557	1	
15	9247	1	
15	8749	3	
15	8238	1	
15	12354	1	
15	13891	1	
15	18525	1	
15	5731	1	
15	18540	1	
15	11887	1	
15	14448	1	
15	13937	1	
15	11898	1	
15	5755	1	
15	13440	1	
15	7303	1	
15	13452	1	
15	17549	1	
15	20626	1	
15	19092	1	
15	6300	1	
15	680	1	
15	22186	1	
15	19116	1	
15	9901	1	
15	3758	1	
15	3762	1	
15	19124	2	
15	5818	1	
15	19133	1	
15	18114	1	
15	8387	1	
15	4818	1	
15	4822	2	
15	1757	1	
15	8929	1	
15	228	1	
15	10983	1	
15	7937	1	
15	15574	1	
15	18183	1	
15	4364	1	
15	4366	1	
15	1069	1	
15	2606	1	
15	17184	3	
15	17187	1	
15	15660	2	
15	15664	2	
15	16177	1	
15	6969	1	
15	10556	1	
15	12093	1	
15	9033	1	
15	12110	2	
15	14677	1	
15	21341	1	
15	11111	1	
15	8043	4	
15	18796	1	
15	9069	3	
15	21364	1	
15	19829	1	
15	12663	1	
15	917	1	
15	14725	1	
15	17290	1	
15	2443	1	
15	22416	1	
15	22421	1	
15	12699	1	
15	12702	1	
15	4000	1	
15	9132	1	
15	4526	1	
15	1976	1	
15	20924	1	
15	19394	1	
15	3528	1	
15	20429	1	
15	7637	1	
15	19938	1	
15	18406	1	
15	14834	1	
15	8185	1	
15	508	1	
15	8189	1	
15	12799	1	
16	16131	1	
16	1412	1	
16	11909	1	
16	16262	1	
16	22024	1	
16	12664	1	
16	3339	1	
16	17549	1	
16	20494	1	
16	1167	1	
16	20882	1	
16	8771	1	
16	14868	1	
16	2325	1	
16	22551	1	
16	7556	2	
16	8346	1	
16	2443	1	
16	22557	1	
16	7204	1	
16	9121	2	
16	17187	1	
16	7460	1	
16	9125	2	
16	4647	1	
16	20649	1	
16	683	1	
16	9132	1	
16	8749	1	
16	20014	3	
16	18973	1	
16	18736	1	
16	8498	1	
16	12212	1	
16	496	1	
16	8250	1	
16	7055	1	
16	19133	4	
16	9072	1	
16	19394	1	
16	20803	4	
16	20854	1	
16	15664	4	
16	6809	1	
16	13129	3	
16	14492	1	
16	12110	1	
16	15441	1	
16	6030	1	
16	4823	1	
16	7897	1	
16	18191	1	
16	13532	1	
16	15976	1	
16	15583	1	
16	19113	1	
16	5096	1	
16	228	1	
16	9606	1	
16	12391	1	
16	6760	1	
16	22121	1	
16	3562	1	
16	8043	5	
16	18540	1	
16	9069	1	
16	14574	2	
16	8765	6	
16	14448	1	
16	21617	3	
16	4115	1	
16	16372	1	
16	18293	1	
16	1526	1	
16	7785	1	
16	16220	1	
16	4601	1	
16	18042	1	
16	232	1	
16	12414	1	
16	14677	2	
17	13316	1	
17	7695	1	
17	16606	1	
17	9237	1	
17	10262	1	
17	22551	1	
17	3588	1	
17	17435	1	
17	22557	1	
17	20000	1	
17	3626	1	
17	1067	1	
17	20526	1	
17	3634	1	
17	7219	3	
17	12852	1	
17	12350	1	
17	1076	2	
17	8569	1	
17	18017	1	
17	11850	2	
17	588	1	
17	10329	1	
17	2063	1	
17	7952	1	
17	21604	2	
17	19555	1	
17	7780	1	
17	8306	1	
17	7284	1	
17	1141	1	
17	11385	1	
17	1147	1	
17	18049	1	
17	6787	1	
17	6790	1	
17	17549	1	
17	13459	1	
17	14485	1	
17	13979	1	
17	10915	1	
17	9380	2	
17	683	1	
17	22188	2	
17	19124	2	
17	1140	2	
17	15548	1	
17	19133	2	
17	5323	1	
17	13516	4	
17	18128	1	
17	5753	1	
17	11992	1	
17	17626	1	
17	13022	1	
17	7903	2	
17	8421	1	
17	5863	1	
17	16625	1	
17	1280	1	
17	2309	1	
17	19718	1	
17	13072	1	
17	2846	1	
17	16159	1	
17	18736	1	
17	3369	1	
17	15660	1	
17	21295	1	
17	15664	2	
17	17630	1	
17	22617	2	
17	5684	1	
17	20794	2	
17	223	1	
17	7999	1	
17	1857	1	
17	12110	3	
17	12111	1	
17	4947	1	
17	14677	1	
17	9047	1	
17	16220	1	
17	8043	1	
17	9069	2	
17	9072	2	
17	12153	1	
17	11133	1	
17	8574	1	
17	897	1	
17	1412	1	
17	9606	2	
17	17806	2	
17	4497	1	
17	19348	1	
17	7062	1	
17	18841	1	
17	17818	3	
17	14751	1	
17	15776	1	
17	9132	1	
17	2990	2	
17	16287	1	
17	8636	2	
17	6732	1	
17	4037	1	
17	4038	2	
17	19401	1	
17	21962	1	
17	20427	1	
17	20429	1	
17	17872	1	
17	10710	1	
17	18911	1	
17	10737	1	
17	1526	1	
17	6136	1	
18	6144	1	
18	9729	1	
18	13316	2	
18	22024	1	
18	17435	3	
18	18975	1	
18	20000	1	
18	8229	1	
18	20520	1	
18	16220	1	
18	8236	1	
18	9261	1	
18	1074	1	
18	3636	1	
18	11835	1	
18	8260	1	
18	13388	1	
18	13901	1	
18	15442	1	
18	16981	1	
18	20571	1	
18	21613	1	
18	1140	1	
18	11381	1	
18	4217	1	
18	18042	1	
18	1147	1	
18	2173	1	
18	18564	1	
18	13445	1	
18	7303	2	
18	11414	1	
18	15514	1	
18	7326	1	
18	4774	1	
18	22188	1	
18	19124	1	
18	15548	1	
18	19133	1	
18	13516	1	
18	14035	1	
18	9945	1	
18	8421	1	
18	18673	1	
18	14081	1	
18	18185	2	
18	3629	1	
18	4886	1	
18	15641	1	
18	15664	2	
18	16164	1	
18	19238	1	
18	1671	2	
18	18736	1	
18	6458	2	
18	15681	1	
18	20291	1	
18	20292	1	
18	16714	1	
18	20303	1	
18	9047	1	
18	18267	1	
18	7516	1	
18	7520	1	
18	9069	1	
18	22383	1	
18	22385	2	
18	12151	1	
18	14713	1	
18	1002	1	
18	6806	1	
18	9606	3	
18	19349	1	
18	11672	1	
18	22426	1	
18	20384	1	
18	18851	2	
18	22437	1	
18	11692	1	
18	6069	1	
18	21950	1	
18	6606	1	
18	9687	1	
18	6106	1	
18	8156	1	
18	22499	1	
18	21476	1	
18	11749	1	
18	3562	1	
18	6128	1	
18	2034	1	
18	4601	1	
18	11771	2	
19	12288	1	
19	13316	1	
19	8449	1	
19	11279	1	
19	10262	1	
19	22551	2	
19	19460	1	
19	17435	1	
19	11820	1	
19	11835	1	
19	13388	1	
19	8797	1	
19	11874	1	
19	9833	1	
19	3692	1	
19	4209	1	
19	1140	1	
19	11385	1	
19	13435	1	
19	637	1	
19	18046	1	
19	20611	1	
19	5259	1	
19	16017	1	
19	9887	1	
19	10407	1	
19	14509	1	
19	10927	1	
19	19124	1	
19	5815	1	
19	18108	1	
19	14016	1	
19	16578	1	
19	11471	1	
19	20692	1	
19	15574	1	
19	21739	2	
19	13937	1	
19	18174	1	
19	7040	1	
19	1580	1	
19	17163	1	
19	15119	1	
19	7952	1	
19	17185	1	
19	17188	1	
19	3373	1	
19	21295	1	
19	18736	1	
19	15666	2	
19	10036	1	
19	9015	1	
19	18746	1	
19	12604	1	
19	21824	1	
19	9035	1	
19	21841	1	
19	16220	1	
19	22369	1	
19	7018	1	
19	8556	1	
19	4986	2	
19	4992	1	
19	6464	1	
19	12162	1	
19	16260	1	
19	14217	1	
19	5514	1	
19	9901	1	
19	22416	1	
19	916	1	
19	17818	1	
19	2460	1	
19	20384	1	
19	931	2	
19	22442	1	
19	1454	1	
19	5554	1	
19	19900	1	
19	11709	1	
19	588	1	
19	20427	1	
19	10709	1	
19	15830	1	
19	14808	1	
19	20463	1	
19	10740	1	
19	4603	1	
19	4604	1	
20	17067	1	
20	13316	1	
20	1030	1	
20	14595	2	
20	16414	1	
20	3590	1	
20	13353	1	
20	12842	1	
20	11528	1	
20	1076	1	
20	6713	1	
20	19519	1	
20	12354	1	
20	12360	1	
20	10825	1	
20	588	1	
20	13389	3	
20	12878	2	
20	13398	1	
20	18030	2	
20	21103	1	
20	1140	1	
20	1664	1	
20	13445	1	
20	17548	1	
20	14484	1	
20	14488	1	
20	13467	1	
20	14493	1	
20	18080	1	
20	13476	1	
20	4267	1	
20	19116	1	
20	17070	1	
20	10927	1	
20	5306	1	
20	12994	1	
20	1744	2	
20	18140	1	
20	15584	1	
20	16103	1	
20	8425	3	
20	21739	2	
20	16460	1	
20	18473	1	
20	15096	1	
20	17150	2	
20	14592	2	
20	8449	3	
20	4867	1	
20	7432	1	
20	17163	1	
20	15119	1	
20	13077	1	
20	17181	1	
20	5927	1	
20	15660	2	
20	22326	1	
20	5433	1	
20	17211	1	
20	3392	1	
20	20298	1	
20	18252	1	
20	4943	1	
20	2914	1	
20	5435	1	
20	2917	1	
20	7911	1	
20	20556	1	
20	21878	1	
20	5268	1	
20	6976	1	
20	19334	1	
20	16263	1	
20	19336	1	
20	16777	1	
20	11662	1	
20	19347	1	
20	19348	1	
20	18837	1	
20	21912	2	
20	18841	1	
20	11162	1	
20	19355	1	
20	15266	2	
20	5541	1	
20	22442	3	
20	18866	3	
20	18867	2	
20	21429	1	
20	13243	1	
20	6732	1	
20	8641	1	
20	11714	1	
20	7110	1	
20	6220	1	
20	11511	2	
20	15820	1	
20	5863	1	
20	7137	1	
20	487	1	
20	13800	1	
20	2025	1	
20	8684	1	
20	16373	1	
20	18428	1	
21	12288	1	
21	897	1	
21	13865	1	
21	10886	1	
21	22024	1	
21	18528	1	
21	13453	1	
21	10510	1	
21	7055	3	
21	13388	1	
21	18200	1	
21	3731	1	
21	4884	1	
21	2089	1	
21	22551	1	
21	17688	1	
21	15514	1	
21	10012	1	
21	22557	1	
21	5918	1	
21	15903	1	
21	20384	1	
21	2850	1	
21	11555	1	
21	7463	1	
21	22568	2	
21	21161	1	
21	22442	1	
21	22443	1	
21	12076	1	
21	8621	1	
21	7854	1	
21	16055	1	
21	1074	1	
21	5389	1	
21	694	1	
21	17975	1	
21	20794	1	
21	3643	1	
21	19132	1	
21	15037	1	
21	9023	1	
21	15584	1	
21	8261	1	
21	12999	1	
21	17608	1	
21	14172	1	
21	13514	1	
21	11511	2	
21	13516	1	
21	20813	2	
21	9038	1	
21	9167	1	
21	9041	1	
21	2131	1	
21	10836	1	
21	14677	2	
21	15575	1	
21	18904	1	
21	15705	1	
21	16220	1	
21	18042	1	
21	7006	1	
21	21962	1	
21	1147	2	
21	2278	1	
21	5351	1	
21	22332	1	
21	21739	2	
21	12908	1	
21	9069	2	
21	12093	1	
21	11760	2	
21	7921	1	
21	6770	1	
21	14325	1	
21	17015	1	
21	12538	1	
21	16379	1	
21	11946	1	
21	20565	1	
21	22015	1	
22	12288	1	
22	9729	1	
22	3588	1	
22	3073	1	
22	8203	1	
22	10254	1	
22	1564	1	
22	18975	2	
22	14882	1	
22	18467	1	
22	8236	1	
22	12848	1	
22	9777	2	
22	3634	1	
22	20024	1	
22	22585	1	
22	8268	1	
22	13901	1	
22	22100	1	
22	3670	1	
22	3769	1	
22	2648	1	
22	12891	1	
22	22108	1	
22	11360	1	
22	11880	1	
22	20075	1	
22	20076	1	
22	16146	1	
22	13937	2	
22	10003	1	
22	1140	2	
22	1141	3	
22	11898	1	
22	13951	1	
22	5248	1	
22	7299	1	
22	18564	1	
22	11969	1	
22	18056	1	
22	14986	2	
22	1163	1	
22	21613	3	
22	13460	1	
22	22167	1	
22	5797	1	
22	18603	1	
22	3257	1	
22	20159	1	
22	16064	1	
22	17089	1	
22	21505	1	
22	21714	1	
22	9435	1	
22	8425	1	
22	21739	3	
22	20204	1	
22	13549	1	
22	2289	1	
22	12018	1	
22	17659	1	
22	6396	1	
22	5375	1	
22	4866	1	
22	1580	1	
22	2314	1	
22	17681	1	
22	2834	1	
22	2835	2	
22	17688	1	
22	20762	1	
22	7463	2	
22	8490	1	
22	7473	1	
22	17721	1	
22	1340	1	
22	21824	1	
22	4929	1	
22	6984	1	
22	9038	1	
22	11600	1	
22	12625	1	
22	11604	1	
22	19286	1	
22	12089	1	
22	2394	1	
22	16220	1	
22	6494	1	
22	2407	1	
22	16746	1	
22	9069	1	
22	22383	1	
22	20851	1	
22	12151	1	
22	8056	1	
22	12154	1	
22	897	1	
22	9602	1	
22	9606	1	
22	10631	1	
22	6537	1	
22	12183	1	
22	7055	1	
22	16273	1	
22	17810	1	
22	15251	1	
22	17814	3	
22	22423	1	
22	11675	1	
22	15263	1	
22	13733	1	
22	6571	2	
22	18674	1	
22	9651	3	
22	9654	4	
22	17849	1	
22	21953	1	
22	3528	2	
22	13388	2	
22	12746	1	
22	8144	1	
22	2522	1	
22	18911	1	
22	21994	1	
22	5612	1	
22	20463	1	
22	20564	1	
22	9212	1	
23	1280	2	
23	897	1	
23	3331	1	
23	388	1	
23	12805	1	
23	9831	1	
23	9729	1	
23	4364	3	
23	20877	1	
23	21613	4	
23	15448	2	
23	2834	1	
23	22421	1	
23	17688	1	
23	5529	1	
23	15514	1	
23	3375	2	
23	14492	1	
23	22557	1	
23	17819	1	
23	15442	2	
23	18981	1	
23	22055	1	
23	3113	1	
23	11946	1	
23	683	1	
23	22188	1	
23	12717	2	
23	5934	1	
23	21295	2	
23	22148	1	
23	19124	1	
23	20203	1	
23	4276	1	
23	6702	1	
23	8906	1	
23	11714	2	
23	18904	1	
23	7370	1	
23	11979	1	
23	17996	1	
23	20429	2	
23	9038	1	
23	7888	2	
23	11729	1	
23	9170	1	
23	16851	1	
23	14677	1	
23	9816	1	
23	9945	1	
23	2394	1	
23	15451	1	
23	20389	1	
23	2522	1	
23	12390	1	
23	20177	1	
23	8274	1	
23	19305	1	
23	6183	1	
23	20717	1	
23	12016	1	
23	1140	1	
23	1141	1	
23	17657	1	
23	11898	2	
23	20882	1	
23	5246	1	
23	12799	1	
24	2847	1	
24	20075	1	
24	3141	1	
24	11101	1	
24	12081	1	
24	12265	1	
24	16106	1	
24	13399	1	
24	13677	1	
24	18990	1	
24	3375	1	
24	11421	1	
24	17016	1	
24	13492	1	
24	18905	1	
24	15448	1	
24	13741	1	
24	20271	1	
24	637	1	
24	14301	2	
24	9887	2	
