1	19098	1	
1	22557	1	
1	9887	1	
1	20384	1	
1	18215	1	
1	10158	1	
1	15773	1	
1	5424	1	
1	20281	1	
1	18108	1	
1	4000	1	
1	11714	1	
1	15432	1	
1	13388	2	
1	17229	1	
1	17016	1	
1	2003	1	
1	7637	1	
1	9047	1	
1	10975	1	
1	9832	1	
1	19900	2	
1	12394	1	
1	6695	1	
1	364	1	
1	9069	1	
1	7536	1	
1	17790	1	
1	18424	1	
1	8187	1	
1	8188	2	
1	5118	2	
2	12288	1	
2	7823	1	
2	7684	2	
2	7686	1	
2	7687	1	
2	13838	1	
2	2063	2	
2	12816	1	
2	7683	1	
2	22551	1	
2	3609	1	
2	3610	1	
2	5660	1	
2	22557	3	
2	11294	2	
2	11295	1	
2	14369	4	
2	5667	1	
2	19492	1	
2	18981	1	
2	12842	1	
2	20012	1	
2	8238	1	
2	2105	1	
2	3133	1	
2	2113	3	
2	4675	1	
2	588	3	
2	13389	4	
2	15952	1	
2	21586	1	
2	7865	1	
2	4623	1	
2	12891	3	
2	3088	4	
2	21103	1	
2	14448	1	
2	21617	1	
2	21618	1	
2	6773	1	
2	2166	1	
2	873	1	
2	633	2	
2	3709	2	
2	13440	2	
2	2179	1	
2	13445	4	
2	16520	1	
2	137	1	
2	13963	3	
2	140	1	
2	141	2	
2	142	1	
2	1167	1	
2	144	1	
2	145	1	
2	146	1	
2	147	2	
2	148	3	
2	149	1	
2	9887	2	
2	16544	1	
2	16547	3	
2	10407	3	
2	10408	1	
2	11292	2	
2	10410	1	
2	6770	1	
2	2224	3	
2	4467	1	
2	11444	2	
2	5301	2	
2	11449	2	
2	19133	2	
2	13502	5	
2	12481	1	
2	10434	3	
2	14024	3	
2	13514	1	
2	13516	1	
2	9945	1	
2	20686	3	
2	5841	1	
2	7380	1	
2	12505	1	
2	1754	1	
2	10972	5	
2	15582	1	
2	15583	1	
2	7911	1	
2	6381	1	
2	3313	3	
2	18162	2	
2	243	1	
2	5364	1	
2	13558	1	
2	13937	1	
2	13561	1	
2	17154	1	
2	4868	1	
2	16646	1	
2	3344	4	
2	18222	1	
2	16662	1	
2	15577	1	
2	6938	1	
2	18215	1	
2	5928	1	
2	17707	1	
2	19246	1	
2	5936	1	
2	19764	3	
2	21305	2	
2	7870	1	
2	16193	1	
2	13128	1	
2	13129	3	
2	5450	1	
2	17227	3	
2	17810	1	
2	20303	3	
2	21841	1	
2	9044	1	
2	3417	2	
2	14682	4	
2	143	1	
2	16220	1	
2	22368	1	
2	3943	1	
2	20329	1	
2	7530	1	
2	9069	2	
2	13679	2	
2	10099	1	
2	13174	1	
2	17790	1	
2	13697	1	
2	1922	1	
2	8579	1	
2	14725	5	
2	13704	1	
2	395	1	
2	8593	1	
2	20882	2	
2	22426	1	
2	1947	1	
2	15774	1	
2	14751	1	
2	20384	1	
2	16804	2	
2	11180	1	
2	1266	2	
2	10158	1	
2	17225	1	
2	2640	5	
2	19900	1	
2	9663	1	
2	1475	1	
2	13388	1	
2	1169	2	
2	18423	1	
2	9167	1	
2	13781	1	
2	9686	1	
2	18393	1	
2	20014	3	
2	10209	1	
2	19939	1	
2	16363	3	
2	13161	1	
2	7664	1	
2	18421	1	
2	5623	2	
2	8188	1	
2	170	1	
2	5118	1	
3	12800	1	
3	12288	2	
3	13316	4	
3	4438	1	
3	16897	1	
3	22188	1	
3	17424	3	
3	4115	3	
3	4117	1	
3	512	1	
3	6489	2	
3	1048	2	
3	11291	1	
3	11292	1	
3	5150	1	
3	15903	5	
3	18352	1	
3	7718	1	
3	4647	4	
3	1067	1	
3	1068	1	
3	8749	1	
3	1074	1	
3	1076	1	
3	21557	1	
3	9270	2	
3	11815	1	
3	12209	1	
3	12354	2	
3	3139	1	
3	7236	1	
3	16966	1	
3	14407	1	
3	11850	1	
3	13389	2	
3	592	1	
3	9809	1	
3	21586	1	
3	4000	3	
3	10837	1	
3	8790	1	
3	7771	1	
3	19555	2	
3	8804	1	
3	12390	1	
3	18022	1	
3	3688	1	
3	21692	1	
3	20803	2	
3	18028	1	
3	18029	2	
3	13937	4	
3	10259	3	
3	6775	1	
3	17016	1	
3	15994	2	
3	7601	1	
3	8830	1	
3	15491	1	
3	13445	1	
3	6790	1	
3	13963	1	
3	6290	1	
3	13459	1	
3	1174	1	
3	21146	1	
3	15673	2	
3	16544	1	
3	17435	1	
3	4774	3	
3	19624	1	
3	10921	1	
3	11436	1	
3	21171	1	
3	10832	1	
3	5818	1	
3	8380	1	
3	19133	1	
3	4293	1	
3	7878	1	
3	8993	1	
3	11471	2	
3	632	1	
3	7380	1	
3	8655	1	
3	10972	3	
3	18042	2	
3	4831	1	
3	9443	1	
3	15911	1	
3	19694	2	
3	11049	4	
3	16120	2	
3	16121	5	
3	16124	2	
3	1280	1	
3	14081	1	
3	15915	1	
3	4868	1	
3	2309	3	
3	16135	1	
3	8236	1	
3	4364	1	
3	785	1	
3	4884	1	
3	13078	1	
3	1303	2	
3	17688	1	
3	16665	2	
3	8988	2	
3	15648	1	
3	4385	1	
3	13446	1	
3	1833	1	
3	7979	1	
3	11566	1	
3	7471	1	
3	8502	1	
3	20280	1	
3	21305	1	
3	12602	1	
3	10975	2	
3	12604	1	
3	6461	1	
3	19263	2	
3	16193	3	
3	20384	1	
3	6984	5	
3	13129	1	
3	11600	1	
3	8020	1	
3	19286	1	
3	9047	1	
3	857	1	
3	858	1	
3	18267	3	
3	3934	1	
3	3935	4	
3	5472	1	
3	2914	1	
3	7964	1	
3	8040	2	
3	9069	2	
3	11858	1	
3	18291	4	
3	377	1	
3	14715	1	
3	15751	3	
3	906	1	
3	907	1	
3	17293	2	
3	4496	1	
3	11153	1	
3	19858	1	
3	22339	1	
3	3991	2	
3	19524	1	
3	14748	1	
3	14751	1	
3	7584	1	
3	15266	8	
3	22437	1	
3	11164	1	
3	2990	3	
3	7600	2	
3	10161	1	
3	22450	1	
3	8628	1	
3	12214	1	
3	12216	1	
3	18362	2	
3	3517	1	
3	7103	1	
3	7104	1	
3	18336	1	
3	7110	1	
3	13255	1	
3	19401	1	
3	12746	1	
3	9167	2	
3	12394	1	
3	9687	1	
3	18940	1	
3	10206	1	
3	21984	1	
3	20560	1	
3	4070	1	
3	22503	1	
3	10728	2	
3	6652	1	
3	9298	1	
3	16366	1	
3	11760	4	
3	13992	1	
3	16373	1	
3	3063	1	
3	16891	1	
3	8188	1	
4	21419	1	
4	13316	3	
4	9033	1	
4	1196	1	
4	17931	1	
4	5645	1	
4	22032	1	
4	9234	2	
4	10259	1	
4	19476	1	
4	5550	1	
4	7110	2	
4	17435	5	
4	18975	4	
4	16416	1	
4	15393	1	
4	2596	1	
4	6695	1	
4	6700	1	
4	13357	1	
4	15567	1	
4	12336	1	
4	7220	1	
4	9269	1	
4	3127	1	
4	3130	1	
4	11471	1	
4	3136	1	
4	7236	3	
4	15431	1	
4	588	2	
4	5197	1	
4	21582	1	
4	592	1	
4	593	1	
4	21586	4	
4	9811	1	
4	5207	1	
4	9158	1	
4	12151	2	
4	3674	2	
4	13583	1	
4	11356	1	
4	12585	1	
4	1118	1	
4	20064	1	
4	12897	2	
4	15460	1	
4	20070	1	
4	18022	2	
4	22119	2	
4	12394	1	
4	12391	1	
4	21613	1	
4	16231	1	
4	14448	1	
4	13937	1	
4	17223	1	
4	22133	8	
4	10871	1	
4	17016	1	
4	788	1	
4	15994	2	
4	21980	2	
4	5246	1	
4	11392	1	
4	15808	1	
4	14978	1	
4	5995	1	
4	13444	1	
4	13445	1	
4	6790	4	
4	13963	3	
4	4205	1	
4	17041	1	
4	5267	1	
4	4756	1	
4	19093	1	
4	1174	2	
4	22297	1	
4	6809	1	
4	6551	1	
4	15642	1	
4	11461	1	
4	4257	1	
4	9755	1	
4	9380	4	
4	15302	2	
4	4774	4	
4	13992	1	
4	10921	1	
4	11946	1	
4	22188	3	
4	13389	1	
4	19124	2	
4	12981	1	
4	9809	2	
4	8393	1	
4	3258	1	
4	15903	2	
4	13901	1	
4	14016	1	
4	17602	1	
4	15556	1	
4	17605	1	
4	22136	1	
4	4811	1	
4	4813	1	
4	5325	2	
4	7888	1	
4	21880	1	
4	7892	1	
4	22229	1	
4	12502	1	
4	22232	4	
4	7897	1	
4	9435	1	
4	10972	1	
4	18042	2	
4	11898	1	
4	2279	1	
4	9449	1	
4	4647	3	
4	22252	2	
4	11182	1	
4	2802	2	
4	11511	2	
4	15096	1	
4	16121	1	
4	17659	1	
4	16124	1	
4	17621	1	
4	12778	1	
4	4868	3	
4	21254	1	
4	1068	1	
4	20234	1	
4	8971	1	
4	15117	1	
4	10510	2	
4	10511	2	
4	785	1	
4	2834	1	
4	15491	1	
4	17684	1	
4	6361	1	
4	9496	1	
4	15641	2	
4	1818	1	
4	4399	1	
4	8990	1	
4	5425	2	
4	13376	1	
4	11049	2	
4	7471	3	
4	10545	2	
4	10034	1	
4	12084	1	
4	3381	1	
4	4406	1	
4	9529	1	
4	12602	2	
4	7483	1	
4	1852	1	
4	15166	2	
4	18229	1	
4	16194	1	
4	17547	1	
4	18759	1	
4	22345	1	
4	331	1	
4	6991	1	
4	7504	2	
4	20817	1	
4	21330	2	
4	14677	3	
4	19940	1	
4	8026	2	
4	9566	2	
4	2911	1	
4	19345	1	
4	16229	1	
4	3943	1	
4	5480	1	
4	22503	2	
4	364	1	
4	2413	1	
4	9071	1	
4	13681	1	
4	12659	1	
4	2281	1	
4	8568	1	
4	9876	1	
4	12390	6	
4	7039	1	
4	7463	1	
4	19691	1	
4	15751	1	
4	15754	5	
4	11927	1	
4	8079	1	
4	19857	1	
4	22422	1	
4	3991	1	
4	17818	1	
4	20891	1	
4	14812	1	
4	20378	1	
4	14751	2	
4	4000	1	
4	15266	1	
4	22442	1	
4	4011	2	
4	5549	1	
4	2990	10	
4	7600	1	
4	7089	2	
4	19378	1	
4	20915	1	
4	437	1	
4	8630	1	
4	22455	2	
4	4038	2	
4	17823	2	
4	11708	2	
4	3629	2	
4	5567	1	
4	22464	8	
4	15301	1	
4	21446	2	
4	19553	1	
4	13388	1	
4	12746	13	
4	10699	1	
4	17358	1	
4	9167	8	
4	4049	1	
4	2003	1	
4	10709	2	
4	13988	1	
4	16719	1	
4	17372	2	
4	21981	1	
4	18398	1	
4	4773	2	
4	19938	1	
4	2531	1	
4	22500	5	
4	22501	2	
4	22502	1	
4	6631	1	
4	10728	1	
4	2025	1	
4	3562	1	
4	22508	1	
4	19950	1	
4	11760	2	
4	5800	1	
4	5618	1	
4	11765	1	
4	4087	1	
4	505	1	
5	18946	1	
5	20813	1	
5	13316	2	
5	16901	1	
5	8961	1	
5	1544	1	
5	11815	2	
5	4623	1	
5	17424	1	
5	4115	1	
5	4117	1	
5	8474	1	
5	17435	3	
5	11292	1	
5	22557	1	
5	15903	7	
5	16416	1	
5	545	1	
5	18267	1	
5	4647	12	
5	4649	2	
5	22571	1	
5	8236	3	
5	8749	1	
5	560	1	
5	1032	1	
5	1074	1	
5	11827	1	
5	21556	1	
5	6770	1	
5	15558	1	
5	3127	1	
5	9273	1	
5	10206	1	
5	6718	1	
5	15937	1	
5	12354	1	
5	12357	1	
5	22113	1	
5	11850	2	
5	4023	1	
5	17996	3	
5	13389	8	
5	18510	1	
5	592	1	
5	15459	1	
5	16705	4	
5	12558	1	
5	13912	1	
5	15119	1	
5	18529	2	
5	15495	1	
5	15971	3	
5	18022	1	
5	22119	1	
5	15976	1	
5	13244	2	
5	2407	1	
5	5197	1	
5	18029	1	
5	7101	1	
5	13937	5	
5	6414	1	
5	4211	3	
5	17012	1	
5	22133	5	
5	10871	2	
5	10360	2	
5	15039	1	
5	11902	1	
5	22100	1	
5	5248	1	
5	3201	1	
5	21912	1	
5	6787	1	
5	6790	4	
5	9351	2	
5	15911	2	
5	10890	1	
5	1163	2	
5	13452	1	
5	13453	1	
5	18185	1	
5	18797	1	
5	5264	5	
5	11632	1	
5	1170	1	
5	9876	1	
5	7829	1	
5	14486	2	
5	19737	1	
5	10392	1	
5	21657	1	
5	4250	1	
5	7323	1	
5	13981	1	
5	15280	2	
5	22175	1	
5	17569	1	
5	13986	1	
5	15523	2	
5	4772	1	
5	21446	2	
5	4774	9	
5	6257	1	
5	13992	1	
5	19740	1	
5	22186	1	
5	683	5	
5	22188	2	
5	9901	1	
5	22369	2	
5	19124	6	
5	4277	2	
5	1718	1	
5	12471	5	
5	11960	2	
5	12916	1	
5	14522	1	
5	8892	2	
5	19133	1	
5	7870	1	
5	6773	2	
5	14016	1	
5	15556	1	
5	4294	1	
5	18632	1	
5	13515	1	
5	16592	1	
5	7380	2	
5	14037	1	
5	15574	2	
5	377	1	
5	11995	1	
5	10972	4	
5	1829	1	
5	21727	1	
5	8929	1	
5	8930	1	
5	17019	1	
5	15751	1	
5	4326	1	
5	745	1	
5	18154	1	
5	19691	1	
5	19694	2	
5	19701	1	
5	11049	9	
5	3321	3	
5	13245	1	
5	3323	3	
5	3324	1	
5	18686	2	
5	1280	3	
5	8449	1	
5	2309	10	
5	2310	1	
5	1068	2	
5	20234	1	
5	9175	1	
5	10510	3	
5	10511	1	
5	10512	1	
5	18865	1	
5	10515	2	
5	4884	2	
5	18393	2	
5	18200	1	
5	16665	1	
5	17024	1	
5	8988	1	
5	15648	2	
5	8993	1	
5	7970	1	
5	4899	2	
5	646	3	
5	5246	1	
5	6441	1	
5	647	1	
5	2348	3	
5	18222	1	
5	21295	1	
5	11568	1	
5	9694	1	
5	8502	1	
5	20280	1	
5	20281	1	
5	8508	1	
5	16701	1	
5	13583	1	
5	15875	1	
5	8513	1	
5	16194	1	
5	22339	1	
5	5446	1	
5	328	2	
5	8012	1	
5	10573	1	
5	16719	1	
5	16184	1	
5	8532	1	
5	13113	1	
5	12815	2	
5	6489	1	
5	1371	2	
5	3935	2	
5	4496	1	
5	15078	1	
5	7014	1	
5	3943	3	
5	7016	1	
5	8553	1	
5	18282	1	
5	8043	3	
5	9069	13	
5	16238	1	
5	6461	2	
5	9072	1	
5	13681	1	
5	3954	1	
5	8563	1	
5	12663	1	
5	21880	1	
5	18809	1	
5	11645	1	
5	1918	3	
5	12779	2	
5	16260	2	
5	6372	2	
5	18204	1	
5	14145	3	
5	4251	1	
5	3991	6	
5	5929	1	
5	20880	1	
5	408	1	
5	20882	1	
5	16276	2	
5	18837	1	
5	13718	1	
5	409	4	
5	11672	1	
5	18841	1	
5	15771	2	
5	22429	1	
5	10655	1	
5	2976	1	
5	5616	2	
5	15266	10	
5	16795	1	
5	18028	1	
5	9641	1	
5	2435	1	
5	16301	1	
5	2990	12	
5	7600	2	
5	7601	1	
5	21426	1	
5	7603	2	
5	16308	1	
5	20284	1	
5	4773	3	
5	17823	2	
5	11708	2	
5	3517	1	
5	11710	1	
5	3519	2	
5	20384	2	
5	11714	1	
5	13763	3	
5	13901	1	
5	7110	3	
5	4209	1	
5	6732	1	
5	12746	6	
5	9122	1	
5	16846	2	
5	9167	6	
5	14290	1	
5	14291	1	
5	505	1	
5	16121	4	
5	4568	1	
5	9380	1	
5	8156	1	
5	11514	1	
5	8158	1	
5	18911	2	
5	5600	1	
5	11856	1	
5	2531	1	
5	8609	1	
5	18793	2	
5	15337	1	
5	16329	1	
5	4075	1	
5	7088	1	
5	11760	2	
5	5617	1	
5	11250	1	
5	4597	1	
5	11604	1	
5	11771	1	
5	13994	1	
6	4610	3	
6	13316	1	
6	7688	1	
6	20494	1	
6	22032	1	
6	4867	1	
6	19460	1	
6	14362	1	
6	17435	1	
6	22557	1	
6	547	1	
6	20519	1	
6	6565	1	
6	3641	1	
6	12352	1	
6	2113	1	
6	11846	1	
6	15432	3	
6	18505	1	
6	13389	2	
6	592	2	
6	13912	1	
6	18521	1	
6	3674	1	
6	7777	1	
6	3171	1	
6	10340	1	
6	18023	1	
6	8892	1	
6	13245	1	
6	14448	1	
6	13937	2	
6	4218	1	
6	4221	1	
6	5252	1	
6	13445	1	
6	444	1	
6	14985	1	
6	5264	1	
6	11632	1	
6	13459	1	
6	11926	1	
6	18588	2	
6	9072	1	
6	11547	2	
6	2929	1	
6	21160	1	
6	11946	1	
6	685	1	
6	16049	1	
6	19124	1	
6	12471	1	
6	10832	1	
6	19131	1	
6	15548	1	
6	7870	1	
6	2243	1	
6	10442	1	
6	718	1	
6	12664	1	
6	4643	1	
6	1753	1	
6	17627	1	
6	4831	1	
6	10976	1	
6	9442	1	
6	20689	1	
6	12008	1	
6	16625	1	
6	7379	1	
6	8954	1	
6	20227	1	
6	19208	1	
6	7433	2	
6	4364	1	
6	3342	1	
6	12559	1	
6	7952	4	
6	18197	1	
6	13078	1	
6	7451	1	
6	8989	1	
6	2949	1	
6	8992	1	
6	4385	1	
6	11049	1	
6	14122	1	
6	7979	1	
6	2348	1	
6	21295	1	
6	10545	1	
6	15666	1	
6	1844	2	
6	16695	1	
6	20280	1	
6	7476	1	
6	12602	1	
6	16705	1	
6	16194	1	
6	20691	1	
6	6984	1	
6	17225	1	
6	6986	1	
6	4432	1	
6	12625	1	
6	5459	1	
6	14677	1	
6	1366	1	
6	855	1	
6	858	1	
6	16226	1	
6	873	1	
6	19943	1	
6	9069	2	
6	9071	1	
6	10096	2	
6	5489	1	
6	6514	1	
6	12816	1	
6	8568	1	
6	12153	1	
6	7546	1	
6	11708	1	
6	12668	1	
6	12673	1	
6	4997	3	
6	4998	1	
6	15751	1	
6	22423	1	
6	4497	1	
6	22418	1	
6	17811	1	
6	19348	1	
6	18837	1	
6	3991	1	
6	13723	1	
6	22467	1	
6	22431	1	
6	14753	1	
6	16804	1	
6	22437	1	
6	5276	1	
6	15276	1	
6	22445	3	
6	2990	1	
6	12360	1	
6	19900	3	
6	21949	1	
6	11710	1	
6	8641	1	
6	13763	1	
6	17861	2	
6	7110	1	
6	22433	1	
6	15820	1	
6	13781	1	
6	14807	1	
6	21980	1	
6	477	1	
6	10552	1	
6	10721	1	
6	21986	3	
6	19939	1	
6	22500	1	
6	14673	1	
6	11772	1	
6	12780	1	
6	3058	2	
6	16373	1	
6	15864	1	
6	11771	1	
6	6652	1	
6	15869	1	
6	11775	1	
7	12288	3	
7	11008	1	
7	15874	2	
7	5636	1	
7	13398	1	
7	9227	1	
7	7570	1	
7	4624	2	
7	13841	2	
7	13843	2	
7	15278	2	
7	22551	1	
7	19460	1	
7	13852	1	
7	1370	1	
7	16417	1	
7	6692	1	
7	4647	1	
7	20520	1	
7	1116	1	
7	6699	1	
7	1280	1	
7	7432	2	
7	1076	1	
7	14389	1	
7	16564	1	
7	3643	2	
7	13887	1	
7	12352	1	
7	4161	1	
7	5186	1	
7	17163	5	
7	7236	1	
7	6924	1	
7	2119	1	
7	15432	1	
7	7241	1	
7	11850	3	
7	588	5	
7	13389	1	
7	592	1	
7	10573	1	
7	5207	1	
7	13912	1	
7	602	1	
7	3676	1	
7	605	1	
7	7777	1	
7	12390	1	
7	22119	1	
7	2949	1	
7	13931	1	
7	18028	1	
7	18541	1	
7	18234	1	
7	13937	3	
7	6770	1	
7	10357	1	
7	21032	1	
7	14969	1	
7	19578	1	
7	3199	1	
7	11461	1	
7	646	1	
7	20103	1	
7	1163	1	
7	11714	1	
7	3217	1	
7	3220	1	
7	11926	6	
7	11931	2	
7	5276	3	
7	13470	3	
7	14495	2	
7	7329	1	
7	7451	1	
7	5489	2	
7	19624	1	
7	22188	2	
7	9901	1	
7	2224	1	
7	16049	1	
7	19124	1	
7	4894	1	
7	8378	1	
7	20155	3	
7	19133	7	
7	1141	1	
7	11787	1	
7	6338	1	
7	6853	1	
7	16588	1	
7	15567	1	
7	8912	1	
7	10360	1	
7	21203	1	
7	22232	1	
7	9167	2	
7	7888	1	
7	9443	1	
7	6375	5	
7	5352	1	
7	916	1	
7	3313	2	
7	12018	1	
7	22262	1	
7	14583	1	
7	15096	1	
7	17660	1	
7	7934	1	
7	14592	1	
7	14081	1	
7	7938	2	
7	4867	3	
7	4868	2	
7	14088	1	
7	7433	2	
7	3339	2	
7	4364	3	
7	4365	1	
7	13070	1	
7	7952	2	
7	4884	1	
7	18197	1	
7	18200	1	
7	11547	3	
7	8989	1	
7	18128	1	
7	7455	2	
7	13090	1	
7	19238	1	
7	11049	1	
7	7471	1	
7	9525	2	
7	15671	1	
7	20280	1	
7	12089	1	
7	15162	1	
7	15675	1	
7	3390	1	
7	6983	2	
7	6984	6	
7	6985	1	
7	6986	4	
7	21305	5	
7	11086	1	
7	3919	4	
7	12625	1	
7	9047	1	
7	14677	1	
7	14649	1	
7	14682	2	
7	12602	2	
7	4960	1	
7	22369	1	
7	10555	1	
7	7016	1	
7	13161	2	
7	9069	3	
7	12143	1	
7	11632	2	
7	7537	1	
7	5268	1	
7	5498	1	
7	16251	1	
7	9935	1	
7	9600	1	
7	14721	1	
7	1411	1	
7	1412	1	
7	19094	1	
7	22418	1	
7	11156	1	
7	3991	2	
7	17818	1	
7	17821	1	
7	2929	1	
7	21295	1	
7	9124	1	
7	2289	2	
7	14492	1	
7	22442	2	
7	20882	1	
7	15281	1	
7	19378	1	
7	4019	3	
7	11708	1	
7	22464	2	
7	7106	1	
7	7110	4	
7	12746	1	
7	19403	1	
7	6989	1	
7	9208	1	
7	6511	1	
7	12110	1	
7	4516	1	
7	474	3	
7	4059	1	
7	21980	1	
7	477	2	
7	6622	1	
7	18911	1	
7	10721	3	
7	19938	1	
7	10727	1	
7	10728	1	
7	2300	1	
7	19623	1	
7	16366	1	
7	11760	9	
7	4081	8	
7	16372	1	
7	16373	1	
7	16374	1	
7	15864	1	
7	505	1	
7	11771	3	
8	12288	1	
8	9351	1	
8	4617	1	
8	15499	1	
8	6924	1	
8	16911	2	
8	7952	1	
8	6801	1	
8	22418	1	
8	9884	1	
8	4894	1	
8	15903	1	
8	1136	1	
8	9122	1	
8	9765	1	
8	19626	1	
8	15275	1	
8	15532	1	
8	16431	2	
8	16177	1	
8	1076	1	
8	6979	1	
8	7236	1	
8	15432	2	
8	7564	1	
8	588	1	
8	18055	1	
8	22415	1	
8	22437	1	
8	7777	1	
8	21986	1	
8	9069	2	
8	11760	1	
8	3197	1	
8	5246	1	
8	12799	1	
9	12288	3	
9	9227	1	
9	11790	2	
9	12815	1	
9	17424	4	
9	20499	1	
9	8878	1	
9	6679	1	
9	4868	1	
9	5551	1	
9	11292	1	
9	15903	3	
9	6690	1	
9	2596	2	
9	7718	1	
9	6695	2	
9	690	1	
9	10799	1	
9	11835	1	
9	10300	2	
9	7229	1	
9	15935	1	
9	11840	1	
9	12354	1	
9	7236	1	
9	20039	2	
9	4169	1	
9	13388	1	
9	17997	1	
9	8270	1	
9	10832	1	
9	9809	1	
9	21586	2	
9	19555	1	
9	21589	1	
9	3674	1	
9	9820	1	
9	12897	1	
9	12899	1	
9	21605	1	
9	15548	1	
9	18540	1	
9	11887	1	
9	7471	1	
9	10259	1	
9	10357	1	
9	17017	1	
9	3197	1	
9	1301	1	
9	5760	1	
9	3201	2	
9	15491	1	
9	5765	2	
9	6281	2	
9	22551	1	
9	20333	1	
9	21443	1	
9	3220	3	
9	1689	1	
9	13979	1	
9	1818	3	
9	9887	1	
9	4257	1	
9	11428	1	
9	11431	4	
9	2728	1	
9	2729	1	
9	10410	1	
9	683	1	
9	15532	1	
9	11438	4	
9	4894	1	
9	12656	1	
9	19634	1	
9	2846	1	
9	15817	1	
9	20155	1	
9	21692	1	
9	5806	1	
9	7537	1	
9	11969	1	
9	19139	1	
9	15556	1	
9	12151	2	
9	3788	1	
9	11469	1	
9	11471	3	
9	2260	1	
9	14037	1	
9	11839	1	
9	5339	1	
9	14714	1	
9	7392	1	
9	2273	1	
9	16616	1	
9	22252	1	
9	20717	1	
9	2003	1	
9	5876	2	
9	22262	1	
9	13937	1	
9	17659	1	
9	18686	2	
9	18175	1	
9	588	1	
9	19840	1	
9	18180	2	
9	20232	1	
9	18185	1	
9	3339	1	
9	4364	1	
9	16653	1	
9	15119	1	
9	4884	1	
9	16661	2	
9	4886	1	
9	15127	1	
9	19737	1	
9	14618	1	
9	14127	1	
9	8989	1	
9	14622	1	
9	13957	1	
9	17996	1	
9	11555	1	
9	17703	2	
9	1833	1	
9	4829	1	
9	10122	1	
9	8764	1	
9	3382	1	
9	3383	1	
9	18234	1	
9	7483	1	
9	15754	3	
9	17214	1	
9	5951	1	
9	11075	1	
9	8502	2	
9	21318	1	
9	21321	1	
9	13130	1	
9	17227	1	
9	8012	1	
9	6489	1	
9	3643	1	
9	873	1	
9	7530	1	
9	6507	1	
9	20882	1	
9	13678	1	
9	9583	1	
9	11632	4	
9	13681	1	
9	12663	1	
9	21880	1	
9	5498	1	
9	8255	1	
9	5501	2	
9	1918	1	
9	4992	1	
9	906	1	
9	21324	1	
9	2442	4	
9	13378	1	
9	5554	1	
9	22416	1	
9	22418	2	
9	2883	1	
9	15869	2	
9	4000	1	
9	11760	1	
9	4516	1	
9	8518	1	
9	18343	1	
9	4012	1	
9	2990	2	
9	19375	1	
9	19378	1	
9	5043	1	
9	437	1	
9	2486	1	
9	22345	1	
9	14324	2	
9	8522	1	
9	22464	3	
9	18922	1	
9	11714	2	
9	4547	1	
9	13255	1	
9	5065	1	
9	15820	1	
9	14798	1	
9	16848	1	
9	10195	1	
9	4564	1	
9	5590	1	
9	14807	2	
9	11684	1	
9	4058	2	
9	17372	1	
9	10717	1	
9	6622	1	
9	19939	1	
9	22500	1	
9	12778	1	
9	9710	1	
9	18927	1	
9	15856	1	
9	8180	1	
9	16373	1	
9	13819	1	
9	6652	1	
9	6826	1	
10	12288	1	
10	6656	1	
10	4011	1	
10	19286	1	
10	14081	1	
10	8962	1	
10	15448	1	
10	10259	2	
10	3332	1	
10	13009	1	
10	17435	1	
10	21020	1	
10	11293	1	
10	11806	2	
10	11807	1	
10	18468	2	
10	5553	1	
10	2089	1	
10	13866	1	
10	8236	2	
10	3629	4	
10	3631	1	
10	10800	1	
10	21554	2	
10	10291	2	
10	1076	2	
10	2934	1	
10	20024	1	
10	3641	1	
10	19519	1	
10	20547	1	
10	7236	1	
10	11850	2	
10	17996	1	
10	5197	2	
10	11357	1	
10	591	1	
10	592	1	
10	21586	2	
10	12899	1	
10	599	1	
10	5208	1	
10	18521	1	
10	3674	9	
10	13583	1	
10	3676	1	
10	19549	1	
10	19552	1	
10	19555	1	
10	21094	1	
10	12390	3	
10	22119	2	
10	6823	1	
10	21102	1	
10	21104	1	
10	13937	1	
10	4115	1	
10	1141	1	
10	2166	2	
10	1144	1	
10	14969	3	
10	18042	1	
10	1147	1	
10	18045	1	
10	20094	2	
10	2179	1	
10	6790	1	
10	10375	1	
10	1163	2	
10	9245	1	
10	11894	1	
10	5262	1	
10	13388	1	
10	7313	1	
10	13459	2	
10	19093	1	
10	20119	2	
10	17048	1	
10	14489	1	
10	15514	1	
10	3227	1	
10	19100	1	
10	14493	1	
10	9886	1	
10	13984	1	
10	15521	2	
10	18083	1	
10	9892	1	
10	4774	2	
10	11431	6	
10	4267	2	
10	15020	1	
10	8365	1	
10	13389	1	
10	13031	1	
10	16049	1	
10	19124	1	
10	9398	1	
10	3258	2	
10	9759	1	
10	22503	1	
10	11638	2	
10	22218	1	
10	13516	2	
10	11471	2	
10	7888	2	
10	14033	1	
10	7892	1	
10	974	1	
10	22232	1	
10	1753	2	
10	3468	1	
10	10972	1	
10	15994	1	
10	6701	1	
10	1759	1	
10	7392	1	
10	8062	1	
10	15181	1	
10	2279	2	
10	21227	1	
10	8428	1	
10	893	1	
10	638	1	
10	22262	2	
10	10452	1	
10	15610	1	
10	18686	1	
10	18175	1	
10	1280	1	
10	8961	1	
10	6180	1	
10	4868	3	
10	1287	1	
10	14088	1	
10	7945	1	
10	20234	2	
10	3339	2	
10	12558	2	
10	13357	2	
10	7952	3	
10	10515	1	
10	16661	1	
10	13078	2	
10	22295	1	
10	9496	2	
10	1412	1	
10	1818	1	
10	7451	1	
10	8988	1	
10	17181	1	
10	4894	5	
10	20256	1	
10	11555	1	
10	7463	1	
10	16846	1	
10	9351	1	
10	7471	1	
10	18736	1	
10	10545	3	
10	19088	1	
10	15281	1	
10	18741	1	
10	21814	1	
10	21304	1	
10	21818	1	
10	10975	1	
10	1852	2	
10	16194	1	
10	22340	1	
10	4406	3	
10	17225	2	
10	20813	2	
10	9550	2	
10	13453	1	
10	20816	1	
10	10065	1	
10	14677	3	
10	9046	1	
10	9047	3	
10	19290	1	
10	1371	4	
10	18746	1	
10	8031	2	
10	22369	2	
10	16226	1	
10	16229	1	
10	16230	1	
10	6774	1	
10	7399	1	
10	364	1	
10	22418	1	
10	11632	2	
10	13681	1	
10	11636	1	
10	21878	1	
10	12663	1	
10	21880	2	
10	7548	1	
10	1581	1	
10	5059	2	
10	7829	1	
10	14545	1	
10	7915	1	
10	16260	1	
10	22252	1	
10	8043	1	
10	13708	1	
10	8077	1	
10	7055	1	
10	22416	1	
10	20120	1	
10	20882	1	
10	18841	1	
10	22427	3	
10	22428	2	
10	19364	1	
10	20389	1	
10	19879	1	
10	6970	1	
10	4123	1	
10	5041	1	
10	20915	2	
10	6985	1	
10	13244	4	
10	22464	2	
10	5057	1	
10	11714	1	
10	13763	1	
10	19396	1	
10	21957	1	
10	18081	1	
10	21961	1	
10	12746	5	
10	14283	1	
10	10700	2	
10	20429	1	
10	17358	1	
10	9167	1	
10	9684	1	
10	10574	1	
10	14807	2	
10	16804	1	
10	9691	1	
10	10206	1	
10	22437	1	
10	21985	2	
10	21986	2	
10	2531	1	
10	22500	1	
10	999	1	
10	15850	1	
10	12779	1	
10	22508	2	
10	19438	1	
10	10225	1	
10	17395	2	
10	18420	1	
10	4087	1	
10	18424	2	
10	505	1	
11	12288	2	
11	4610	2	
11	13316	2	
11	8200	1	
11	4617	1	
11	9227	3	
11	17424	1	
11	5208	2	
11	10259	1	
11	19476	1	
11	15278	1	
11	5142	1	
11	444	1	
11	18460	1	
11	4263	1	
11	1054	1	
11	9247	1	
11	21653	1	
11	4894	4	
11	2596	3	
11	4870	1	
11	20010	1	
11	12331	1	
11	8749	1	
11	9262	1	
11	7216	1	
11	1076	1	
11	12342	1	
11	10833	1	
11	12993	1	
11	13885	1	
11	13887	1	
11	1089	1	
11	12354	2	
11	3339	1	
11	20038	1	
11	22369	1	
11	16968	1	
11	11851	3	
11	13901	5	
11	5199	1	
11	15441	1	
11	21586	1	
11	15955	1	
11	15444	1	
11	7765	2	
11	4694	1	
11	13912	1	
11	16474	1	
11	12602	2	
11	21597	1	
11	18420	1	
11	13841	2	
11	21097	3	
11	2407	2	
11	18028	1	
11	21581	1	
11	437	1	
11	13937	1	
11	6770	1	
11	13843	1	
11	1163	1	
11	1141	1	
11	14454	1	
11	12905	1	
11	10260	1	
11	19580	1	
11	3946	1	
11	5246	1	
11	13951	1	
11	5760	1	
11	21121	1	
11	2179	1	
11	13445	5	
11	5766	1	
11	9351	1	
11	13449	1	
11	13451	1	
11	13452	3	
11	6790	1	
11	19088	1	
11	9873	1	
11	13459	1	
11	3220	2	
11	19093	1	
11	4246	1	
11	4759	1	
11	6809	1	
11	21147	1	
11	9886	4	
11	19397	1	
11	17435	1	
11	11428	1	
11	11431	1	
11	4831	1	
11	11946	11	
11	4267	7	
11	11436	5	
11	9901	1	
11	15534	2	
11	12975	1	
11	7880	1	
11	13493	1	
11	14743	1	
11	12471	1	
11	20155	1	
11	7303	1	
11	3261	1	
11	7870	2	
11	6773	1	
11	11969	2	
11	14019	1	
11	17608	1	
11	13516	3	
11	13514	1	
11	17612	1	
11	5838	1	
11	11471	2	
11	18128	1	
11	8401	1	
11	5331	2	
11	22229	1	
11	5334	2	
11	22232	1	
11	5337	1	
11	5339	4	
11	21212	1	
11	5853	1	
11	21214	1	
11	21727	1	
11	8416	1	
11	5840	1	
11	10978	1	
11	14145	1	
11	15938	1	
11	9958	1	
11	15601	1	
11	21142	1	
11	9449	1	
11	18155	1	
11	2289	1	
11	10484	1	
11	22262	1	
11	2297	1	
11	20095	2	
11	14037	2	
11	22272	1	
11	17154	1	
11	2307	1	
11	3332	1	
11	2309	1	
11	21254	2	
11	17671	1	
11	17672	2	
11	18185	2	
11	20234	1	
11	13067	1	
11	12558	1	
11	7952	1	
11	11027	1	
11	7323	1	
11	12565	1	
11	4886	2	
11	15127	1	
11	17688	1	
11	16175	2	
11	8989	1	
11	798	1	
11	20256	1	
11	3361	1	
11	6875	1	
11	15653	2	
11	1841	1	
11	18055	1	
11	12588	1	
11	7471	1	
11	18736	1	
11	10545	2	
11	10035	1	
11	11295	1	
11	15582	1	
11	8502	1	
11	6281	1	
11	15160	1	
11	20794	1	
11	17211	1	
11	19777	1	
11	3395	3	
11	21558	1	
11	21318	1	
11	6984	2	
11	17225	2	
11	6986	2	
11	19938	1	
11	7503	1	
11	1409	1	
11	12625	3	
11	11603	2	
11	8063	1	
11	14677	1	
11	9047	1	
11	15577	1	
11	15162	1	
11	22366	1	
11	15199	1	
11	9568	1	
11	9360	1	
11	6791	1	
11	15205	1	
11	358	1	
11	3217	1	
11	7530	1	
11	6283	1	
11	22418	5	
11	11632	4	
11	22385	1	
11	13682	1	
11	745	1	
11	8569	1	
11	14714	1	
11	19519	1	
11	7548	1	
11	11645	2	
11	7497	1	
11	13461	1	
11	897	1	
11	1410	2	
11	16260	2	
11	1413	1	
11	4417	1	
11	3201	1	
11	15754	2	
11	22423	1	
11	11660	1	
11	7463	1	
11	11662	1	
11	8079	1	
11	4496	2	
11	11672	1	
11	20882	1	
11	19347	1	
11	2964	1	
11	13719	1	
11	21912	1	
11	18841	2	
11	22426	1	
11	13723	2	
11	15774	1	
11	4511	1	
11	1440	1	
11	15856	1	
11	15266	1	
11	10659	1	
11	6052	1	
11	22437	1	
11	10857	1	
11	13244	1	
11	19886	1	
11	7600	2	
11	7584	1	
11	5044	1	
11	9374	1	
11	9033	1	
11	19956	1	
11	11195	1	
11	19900	2	
11	12734	1	
11	22464	4	
11	6593	1	
11	16835	1	
11	14985	1	
11	4038	1	
11	11719	1	
11	15817	1	
11	12746	3	
11	15820	2	
11	12154	1	
11	9167	6	
11	16848	1	
11	6099	1	
11	4564	1	
11	7637	1	
11	11223	1	
11	18904	1	
11	11737	1	
11	11855	2	
11	21980	1	
11	10717	2	
11	10718	1	
11	21986	3	
11	9211	1	
11	10727	1	
11	10728	2	
11	4073	1	
11	1002	1	
11	12779	1	
11	7150	1	
11	11760	2	
11	14324	1	
11	18975	1	
11	6651	1	
12	12288	1	
12	8193	1	
12	15874	1	
12	4267	1	
12	16901	1	
12	16902	1	
12	8961	1	
12	8764	1	
12	4610	1	
12	11790	1	
12	16399	1	
12	17424	4	
12	15378	1	
12	20227	2	
12	22551	1	
12	17432	1	
12	3332	2	
12	11291	1	
12	11292	1	
12	22557	1	
12	15903	2	
12	11808	1	
12	2594	1	
12	20571	1	
12	2596	1	
12	8198	1	
12	14886	5	
12	11815	1	
12	21032	2	
12	1612	1	
12	1068	1	
12	20914	1	
12	13129	1	
12	1071	2	
12	3633	1	
12	13875	1	
12	1076	1	
12	13877	1	
12	8758	1	
12	3711	1	
12	3130	1	
12	21563	1	
12	19516	1	
12	7471	2	
12	8766	1	
12	17984	1	
12	16961	1	
12	12354	1	
12	7237	1	
12	8262	1	
12	20039	1	
12	12360	1	
12	10313	1	
12	11850	2	
12	11851	1	
12	6732	4	
12	13901	1	
12	11854	3	
12	11855	2	
12	592	3	
12	14417	1	
12	21586	1	
12	9811	1	
12	7765	3	
12	8792	1	
12	3674	2	
12	5629	1	
12	20574	1	
12	9755	2	
12	15376	1	
12	12900	1	
12	22119	2	
12	11708	1	
12	11026	3	
12	22503	1	
12	7101	1	
12	21617	1	
12	6770	2	
12	10259	1	
12	17012	2	
12	18988	1	
12	3702	1	
12	7017	1	
12	12925	1	
12	20095	2	
12	9152	1	
12	13444	1	
12	5766	1	
12	20103	1	
12	19389	2	
12	14474	1	
12	12939	1	
12	4546	1	
12	14478	1	
12	9069	3	
12	13388	1	
12	3217	1	
12	22437	1	
12	11763	1	
12	7829	2	
12	19737	1	
12	14488	1	
12	6809	1	
12	1420	1	
12	7323	1	
12	12975	1	
12	18080	2	
12	17569	1	
12	17435	1	
12	11428	4	
12	4773	1	
12	10097	1	
12	13992	1	
12	5801	1	
12	11946	1	
12	17067	1	
12	21874	1	
12	7343	1	
12	7856	1	
12	14753	1	
12	4787	1	
12	19124	1	
12	14110	1	
12	16054	3	
12	7888	1	
12	18975	1	
12	6846	1	
12	14016	2	
12	7361	1	
12	14019	1	
12	15556	1	
12	16416	1	
12	6826	2	
12	15048	1	
12	12663	2	
12	13516	1	
12	719	1	
12	18128	2	
12	18181	2	
12	17621	1	
12	11992	3	
12	15577	1	
12	5339	2	
12	10972	1	
12	21557	2	
12	10975	2	
12	15584	1	
12	2273	1	
12	18148	1	
12	14374	1	
12	5352	1	
12	22252	1	
12	3568	3	
12	7055	1	
12	18398	1	
12	20008	1	
12	6630	2	
12	18302	1	
12	18900	1	
12	17211	1	
12	18559	1	
12	15615	1	
12	588	1	
12	896	1	
12	14082	2	
12	14595	1	
12	4868	1	
12	2309	3	
12	9345	1	
12	12352	2	
12	20233	1	
12	17675	1	
12	4364	1	
12	18200	2	
12	15119	3	
12	7952	1	
12	4881	1	
12	786	2	
12	11027	2	
12	4884	1	
12	2325	1	
12	4886	1	
12	7897	1	
12	21784	1	
12	9497	1	
12	7451	1	
12	8988	2	
12	8989	1	
12	4894	5	
12	5509	2	
12	17996	1	
12	17185	1	
12	11555	1	
12	17188	1	
12	12602	1	
12	15654	1	
12	21598	1	
12	18652	1	
12	10205	1	
12	15666	1	
12	21295	1	
12	18736	5	
12	15752	1	
12	21298	1	
12	4403	1	
12	6622	1	
12	21577	1	
12	15671	1	
12	17209	1	
12	3386	1	
12	7483	1	
12	15166	4	
12	22581	1	
12	22029	1	
12	17681	1	
12	17225	2	
12	6986	1	
12	8012	1	
12	5456	1	
12	12625	2	
12	11603	1	
12	9556	2	
12	14677	11	
12	11434	2	
12	8536	1	
12	22500	1	
12	18267	2	
12	7516	1	
12	20794	1	
12	19939	1	
12	22368	2	
12	11835	1	
12	16229	1	
12	7014	1	
12	12945	1	
12	7016	1	
12	15209	2	
12	999	2	
12	5996	1	
12	11629	1	
12	9071	1	
12	11632	3	
12	7537	1	
12	13682	1	
12	5877	1	
12	19316	2	
12	1342	1	
12	7542	1	
12	12151	2	
12	3220	1	
12	5498	1	
12	13182	2	
12	19093	2	
12	9600	1	
12	897	1	
12	21890	1	
12	14725	1	
12	5511	1	
12	1918	1	
12	17041	2	
12	15754	2	
12	20876	2	
12	3981	1	
12	17806	1	
12	3471	1	
12	4497	1	
12	11153	1	
12	17184	1	
12	2332	1	
12	13719	2	
12	21912	2	
12	18841	1	
12	9298	1	
12	15772	1	
12	4509	1	
12	20384	1	
12	7585	2	
12	15266	2	
12	20900	2	
12	13894	1	
12	424	1	
12	5545	1	
12	10666	1	
12	4011	1	
12	19160	1	
12	11186	1	
12	435	2	
12	16308	3	
12	5414	1	
12	11703	1	
12	19900	1	
12	3517	1	
12	15524	1	
12	22464	3	
12	11714	1	
12	2501	1	
12	15777	1	
12	15817	2	
12	14283	1	
12	14285	2	
12	15831	1	
12	9167	2	
12	16848	1	
12	2040	1	
12	2003	1	
12	9684	1	
12	20915	1	
12	11769	1	
12	12760	1	
12	18393	1	
12	9691	1	
12	8156	1	
12	10717	3	
12	10718	2	
12	14501	1	
12	3408	1	
12	19938	1	
12	8699	1	
12	18185	1	
12	11238	1	
12	10727	1	
12	7313	1	
12	681	1	
12	12778	1	
12	11431	7	
12	11858	1	
12	13821	2	
12	11760	7	
12	5800	1	
12	5618	1	
12	4691	2	
12	8180	1	
12	20470	1	
12	12791	1	
12	11768	1	
12	505	1	
12	4602	1	
12	11771	4	
12	17404	1	
12	15869	2	
12	21845	2	
13	15874	1	
13	5332	1	
13	19460	1	
13	16901	1	
13	17424	1	
13	1547	1	
13	9901	1	
13	15817	1	
13	15448	1	
13	10260	1	
13	2990	1	
13	7702	1	
13	4953	1	
13	4868	1	
13	17435	2	
13	12890	1	
13	13316	1	
13	15903	2	
13	10784	1	
13	7600	2	
13	2596	1	
13	5009	1	
13	4647	1	
13	21032	3	
13	11817	1	
13	22571	1	
13	15404	2	
13	8749	1	
13	9810	1	
13	13872	1	
13	1074	1	
13	13875	1	
13	1076	2	
13	21557	2	
13	9270	1	
13	14903	1	
13	11832	2	
13	17467	1	
13	20234	1	
13	2133	1	
13	12352	1	
13	14913	1	
13	8260	1	
13	8261	1	
13	8262	1	
13	10823	1	
13	12360	1	
13	16301	1	
13	11850	2	
13	13239	1	
13	13388	2	
13	13901	3	
13	11854	1	
13	11855	1	
13	592	3	
13	18002	1	
13	10837	1	
13	9816	2	
13	3674	1	
13	8797	1	
13	685	1	
13	2407	1	
13	15460	1	
13	8293	1	
13	14800	1	
13	22119	2	
13	3176	1	
13	10857	1	
13	2154	1	
13	3179	1	
13	1132	1	
13	5743	1	
13	1136	1	
13	13937	1	
13	6414	1	
13	6773	4	
13	22136	1	
13	14969	1	
13	11898	1	
13	18046	1	
13	10097	1	
13	13558	2	
13	11853	1	
13	21123	1	
13	11909	1	
13	12433	1	
13	14473	1	
13	14475	2	
13	12940	1	
13	19598	1	
13	9069	1	
13	3217	1	
13	6290	1	
13	3943	1	
13	3220	1	
13	7829	1	
13	11926	1	
13	15556	1	
13	22339	1	
13	11887	1	
13	19100	1	
13	14493	2	
13	12446	1	
13	1092	1	
13	9755	2	
13	11428	2	
13	4038	1	
13	4774	3	
13	11431	5	
13	20137	1	
13	4266	1	
13	4267	1	
13	8364	1	
13	7853	1	
13	7854	2	
13	19741	1	
13	16049	1	
13	21684	1	
13	9398	1	
13	12471	1	
13	9912	1	
13	2745	1	
13	7354	1	
13	9759	1	
13	8043	2	
13	19133	2	
13	7870	2	
13	11969	1	
13	2756	1	
13	3781	1	
13	4807	1	
13	14024	1	
13	13514	2	
13	11471	1	
13	11472	2	
13	14546	1	
13	19155	1	
13	7380	2	
13	18505	1	
13	11995	1	
13	20142	1	
13	10975	1	
13	7392	1	
13	16848	3	
13	21733	1	
13	16103	1	
13	16616	2	
13	2282	1	
13	18667	2	
13	22252	2	
13	9170	2	
13	15400	1	
13	13950	1	
13	22262	2	
13	18571	2	
13	2770	1	
13	19156	1	
13	1338	1	
13	21558	1	
13	9600	5	
13	770	1	
13	18180	1	
13	22278	1	
13	15624	1	
13	8236	1	
13	9482	1	
13	17163	4	
13	780	1	
13	1410	1	
13	4366	1	
13	17167	1	
13	7952	2	
13	787	1	
13	11028	1	
13	2325	1	
13	4886	2	
13	21784	1	
13	19737	1	
13	14618	2	
13	8989	2	
13	4894	6	
13	13445	1	
13	17184	3	
13	17185	1	
13	7970	1	
13	19238	1	
13	11049	2	
13	14677	1	
13	18222	1	
13	7471	2	
13	5551	1	
13	3382	1	
13	9527	1	
13	4438	1	
13	12602	1	
13	10043	1	
13	6489	1	
13	16224	1	
13	4418	1	
13	6979	2	
13	22340	3	
13	8502	1	
13	8518	1	
13	20809	1	
13	6986	1	
13	20814	1	
13	17744	1	
13	12625	3	
13	10069	1	
13	854	1	
13	21305	1	
13	4441	1	
13	2394	1	
13	20794	1	
13	11100	1	
13	861	1	
13	1375	1	
13	22368	2	
13	22369	1	
13	16226	1	
13	9873	1	
13	10789	1	
13	18282	1	
13	21867	1	
13	146	1	
13	7326	1	
13	4328	1	
13	9074	1	
13	13459	1	
13	1342	1	
13	21880	1	
13	16260	1	
13	11645	1	
13	13182	1	
13	661	1	
13	19840	2	
13	12673	2	
13	12162	1	
13	8579	3	
13	9092	1	
13	9918	1	
13	17041	1	
13	3991	1	
13	20233	1	
13	17806	1	
13	8079	1	
13	5520	1	
13	3985	1	
13	22418	2	
13	2451	2	
13	14741	1	
13	6551	1	
13	11709	1	
13	8602	1	
13	15976	1	
13	17818	1	
13	7584	3	
13	7585	1	
13	15266	4	
13	10832	1	
13	12197	1	
13	13969	1	
13	1959	1	
13	22442	1	
13	5549	1	
13	5197	1	
13	19375	1	
13	7088	1	
13	15432	1	
13	19378	1	
13	437	1	
13	8630	1	
13	22455	1	
13	2489	1	
13	3517	1	
13	7103	1	
13	11714	1	
13	11851	1	
13	3203	1	
13	17861	1	
13	9158	1	
13	2503	1	
13	588	1	
13	17826	1	
13	9167	3	
13	19093	1	
13	13266	1	
13	9684	1	
13	14807	1	
13	18904	2	
13	18393	1	
13	8668	1	
13	19935	1	
13	11856	1	
13	11771	1	
13	6718	2	
13	508	1	
13	21586	1	
13	5489	1	
13	11760	6	
13	18420	1	
13	10742	1	
13	5623	1	
13	18424	1	
13	15865	1	
13	22123	1	
13	13819	1	
13	6652	1	
13	11773	1	
13	11775	1	
14	1538	1	
14	22022	1	
14	22445	1	
14	16401	1	
14	7700	1	
14	10263	1	
14	22557	1	
14	8223	1	
14	5158	2	
14	18983	1	
14	11817	2	
14	8236	1	
14	2096	1	
14	9777	1	
14	1074	3	
14	4663	1	
14	6713	1	
14	3643	1	
14	12860	1	
14	12354	1	
14	12356	1	
14	12360	1	
14	12471	1	
14	17484	1	
14	13389	3	
14	592	1	
14	13907	1	
14	21007	1	
14	603	1	
14	13404	3	
14	8797	2	
14	18016	1	
14	22119	1	
14	14448	1	
14	17521	1	
14	21618	1	
14	17011	1	
14	12916	1	
14	10359	1	
14	18042	1	
14	3946	1	
14	20095	2	
14	1728	1	
14	15491	1	
14	5764	1	
14	21138	1	
14	8857	1	
14	21617	3	
14	10408	2	
14	5806	2	
14	12975	2	
14	22193	1	
14	22198	1	
14	8375	1	
14	6844	1	
14	1727	1	
14	21696	2	
14	11969	1	
14	14537	1	
14	4818	1	
14	7380	2	
14	18809	1	
14	22232	1	
14	9167	3	
14	732	1	
14	11898	1	
14	15584	2	
14	22245	1	
14	12010	1	
14	11815	1	
14	20209	1	
14	13937	2	
14	16399	5	
14	18686	2	
14	1280	1	
14	7939	1	
14	4868	5	
14	21765	1	
14	21036	1	
14	17162	3	
14	9687	1	
14	7952	1	
14	11992	1	
14	4884	2	
14	7960	1	
14	16665	1	
14	8474	7	
14	7963	2	
14	11555	1	
14	18212	1	
14	4647	1	
14	2348	1	
14	5934	1	
14	7471	1	
14	11568	1	
14	10206	2	
14	9527	1	
14	13113	1	
14	20794	1	
14	12091	1	
14	12604	1	
14	6461	1	
14	10976	1	
14	22340	1	
14	18759	2	
14	13129	1	
14	10574	1	
14	20303	1	
14	1364	1	
14	4438	1	
14	6489	3	
14	5468	2	
14	3943	1	
14	18282	1	
14	5489	1	
14	12663	2	
14	14713	1	
14	18812	1	
14	12673	1	
14	18314	1	
14	4492	1	
14	17806	1	
14	20882	1	
14	16276	1	
14	14743	1	
14	20382	3	
14	6052	1	
14	4423	1	
14	13229	2	
14	5197	2	
14	15432	1	
14	20915	1	
14	5022	1	
14	7613	1	
14	22464	2	
14	19907	1	
14	3528	4	
14	13388	3	
14	14283	1	
14	9165	1	
14	17485	1	
14	14807	3	
14	18904	1	
14	6622	1	
14	19938	1	
14	2532	1	
14	10727	1	
14	18408	1	
14	6652	1	
15	12288	2	
15	18435	1	
15	18436	1	
15	8197	1	
15	3073	1	
15	20488	1	
15	20494	1	
15	16399	1	
15	4115	1	
15	22551	4	
15	22557	2	
15	18463	3	
15	16049	1	
15	20520	1	
15	13661	1	
15	2113	1	
15	12354	1	
15	18501	1	
15	18505	1	
15	2124	1	
15	2133	1	
15	16470	2	
15	18521	1	
15	9573	1	
15	6618	1	
15	10339	1	
15	2150	3	
15	18540	1	
15	14448	2	
15	16499	1	
15	7778	1	
15	8325	1	
15	14482	1	
15	9582	2	
15	12441	1	
15	14492	2	
15	6305	1	
15	4266	1	
15	4267	2	
15	2220	1	
15	14509	1	
15	14514	1	
15	12471	7	
15	20664	1	
15	8379	1	
15	2243	3	
15	2244	1	
15	12485	1	
15	2246	1	
15	9249	1	
15	2250	1	
15	8397	1	
15	18640	1	
15	18646	1	
15	20697	4	
15	20699	5	
15	16614	1	
15	6377	1	
15	18668	1	
15	18674	1	
15	18686	2	
15	20735	1	
15	10497	1	
15	6403	1	
15	18134	1	
15	16650	1	
15	10510	1	
15	10515	1	
15	8468	7	
15	12565	1	
15	8470	1	
15	16665	1	
15	8474	10	
15	8479	1	
15	16679	1	
15	14633	1	
15	16682	2	
15	8502	1	
15	16695	2	
15	12601	1	
15	12602	2	
15	10555	1	
15	12604	1	
15	8512	1	
15	8513	5	
15	8515	1	
15	18759	6	
15	10574	1	
15	12625	2	
15	14677	1	
15	6489	4	
15	14695	1	
15	364	2	
15	6516	2	
15	8568	1	
15	12666	1	
15	2435	1	
15	10767	1	
15	405	1	
15	8600	1	
15	409	2	
15	414	1	
15	14753	1	
15	18853	1	
15	8614	1	
15	12712	1	
15	432	1	
15	20914	1	
15	6580	1	
15	12725	1	
15	10679	2	
15	4538	1	
15	21919	1	
15	16831	1	
15	6592	1	
15	12743	1	
15	13388	2	
15	12746	3	
15	17485	2	
15	6615	3	
15	6616	1	
15	12762	1	
15	8670	2	
15	12773	1	
15	492	1	
15	16126	2	
15	18175	1	
15	12799	1	
15	512	1	
15	6657	1	
15	16902	2	
15	7938	2	
15	10766	1	
15	21007	1	
15	5208	1	
15	12826	2	
15	2589	1	
15	8737	1	
15	4647	1	
15	17500	1	
15	21035	1	
15	14892	2	
15	8753	1	
15	6715	1	
15	6717	1	
15	19011	1	
15	4678	1	
15	8779	1	
15	10832	2	
15	3171	2	
15	10837	2	
15	16982	1	
15	12390	1	
15	4712	1	
15	632	1	
15	14973	1	
15	18093	1	
15	6790	1	
15	14983	2	
15	8842	1	
15	14994	1	
15	14995	1	
15	6809	2	
15	2731	1	
15	19124	2	
15	2745	1	
15	19131	1	
15	8892	1	
15	19133	1	
15	12405	1	
15	15044	1	
15	8908	1	
15	10972	2	
15	4831	1	
15	13032	1	
15	21227	1	
15	17140	1	
15	19195	1	
15	17536	1	
15	4867	1	
15	4868	2	
15	15119	1	
15	2835	4	
15	4884	2	
15	8989	1	
15	2846	2	
15	13445	1	
15	800	1	
15	4899	2	
15	4901	2	
15	19238	4	
15	15147	2	
15	13100	3	
15	9015	1	
15	2873	2	
15	9022	1	
15	831	1	
15	1163	1	
15	9033	2	
15	17228	1	
15	13133	1	
15	846	2	
15	19283	1	
15	9046	1	
15	21305	1	
15	20285	1	
15	21362	1	
15	13182	1	
15	9918	1	
15	2944	1	
15	897	2	
15	13187	1	
15	2949	1	
15	13193	1	
15	19340	1	
15	909	1	
15	910	1	
15	19344	1	
15	2963	1	
15	11156	1	
15	11157	1	
15	918	1	
15	5019	2	
15	931	3	
15	2983	1	
15	13227	3	
15	13229	9	
15	15278	2	
15	19378	1	
15	17225	2	
15	13243	1	
15	9153	1	
15	13252	2	
15	11898	1	
15	13258	2	
15	9167	2	
15	13264	2	
15	19420	1	
15	11232	1	
15	5089	1	
15	5092	1	
15	11238	1	
15	17395	3	
15	5973	1	
15	5121	4	
15	21506	1	
15	13316	2	
15	9227	1	
15	9234	1	
15	1048	1	
15	9241	3	
15	5150	1	
15	9247	3	
15	13345	1	
15	5155	1	
15	22022	1	
15	5158	3	
15	13354	2	
15	1067	1	
15	1069	1	
15	1074	1	
15	13376	1	
15	7236	1	
15	15432	2	
15	17484	3	
15	5197	4	
15	21586	3	
15	11350	1	
15	19641	1	
15	13400	1	
15	9307	1	
15	13404	1	
15	19642	1	
15	2235	1	
15	13412	1	
15	17513	3	
15	13421	1	
15	21617	1	
15	21618	1	
15	21622	1	
15	20329	1	
15	3946	1	
15	17534	1	
15	5248	3	
15	15491	3	
15	19588	1	
15	19589	1	
15	9351	1	
15	17547	1	
15	17549	1	
15	11414	1	
15	15517	1	
15	19629	1	
15	13486	1	
15	19636	2	
15	1206	1	
15	21688	2	
15	3257	1	
15	3258	1	
15	11451	1	
15	7370	1	
15	20499	1	
15	17602	3	
15	13514	1	
15	3278	1	
15	3279	1	
15	15580	1	
15	15584	1	
15	9442	1	
15	17642	1	
15	17644	1	
15	21742	3	
15	17657	1	
15	3331	4	
15	3332	1	
15	19718	1	
15	7432	1	
15	1580	2	
15	3339	4	
15	17681	1	
15	5394	2	
15	6361	1	
15	15641	1	
15	7451	5	
15	9093	1	
15	13532	1	
15	9107	1	
15	7471	1	
15	15666	1	
15	7475	1	
15	7476	1	
15	7477	1	
15	7483	1	
15	3392	1	
15	3393	3	
15	3395	1	
15	3396	1	
15	11600	1	
15	9047	1	
15	17747	2	
15	11604	1	
15	1366	2	
15	13658	1	
15	17755	2	
15	5468	5	
15	5469	1	
15	13663	7	
15	9572	1	
15	8422	1	
15	1390	1	
15	13683	1	
15	15735	1	
15	11645	1	
15	917	1	
15	11651	2	
15	9607	1	
15	17806	1	
15	21906	1	
15	11672	2	
15	17823	1	
15	11684	2	
15	9645	1	
15	17840	1	
15	7601	1	
15	11708	1	
15	11714	2	
15	587	1	
15	15818	2	
15	3536	11	
15	7633	1	
15	7634	1	
15	1492	1	
15	3541	1	
15	3321	2	
15	592	1	
15	19938	3	
15	1508	1	
15	5605	1	
15	19942	1	
15	19943	1	
15	13800	1	
15	15849	1	
15	17900	1	
15	5613	1	
15	5623	1	
15	15866	2	
15	5629	1	
15	22101	1	
15	19971	1	
15	9732	1	
15	5638	1	
15	9744	1	
15	17943	1	
15	13849	1	
15	1564	1	
15	11807	1	
15	11815	1	
15	11817	1	
15	3626	2	
15	11820	1	
15	4417	4	
15	11832	1	
15	3643	2	
15	22078	2	
15	17983	2	
15	22080	3	
15	20035	1	
15	22086	1	
15	22091	1	
15	22093	1	
15	22100	4	
15	14606	1	
15	13912	2	
15	22106	1	
15	22109	1	
15	1632	1	
15	5730	1	
15	18022	1	
15	5736	1	
15	1644	1	
15	5741	1	
15	11887	3	
15	13937	3	
15	11894	2	
15	15991	1	
15	20090	1	
15	20091	1	
15	1664	3	
15	1665	1	
15	11909	2	
15	18056	1	
15	18057	1	
15	5775	2	
15	3731	1	
15	16020	1	
15	20127	1	
15	5800	1	
15	5801	2	
15	11946	1	
15	22188	1	
15	9901	1	
15	5806	13	
15	22193	3	
15	9912	1	
15	7870	2	
15	20159	1	
15	3776	2	
15	18114	1	
15	3702	1	
15	7878	1	
15	5842	1	
15	22229	1	
15	9942	1	
15	9943	1	
15	22232	1	
15	20187	2	
15	18140	1	
15	18042	1	
15	22252	3	
15	18174	3	
15	16127	2	
15	16128	2	
15	16129	1	
15	14082	1	
15	1801	1	
15	5993	1	
15	7952	1	
15	1812	1	
15	20248	1	
15	7972	1	
15	3877	2	
15	15324	1	
15	7979	3	
15	12076	1	
15	20270	1	
15	16175	1	
15	16176	1	
15	7985	1	
15	7988	1	
15	12091	1	
15	2698	1	
15	1859	1	
15	20292	1	
15	8015	1	
15	10069	1	
15	22361	1	
15	18268	2	
15	22368	2	
15	3943	3	
15	18281	1	
15	18282	1	
15	21138	1	
15	10096	1	
15	10097	1	
15	12151	2	
15	12153	1	
15	12608	1	
15	16705	1	
15	12171	1	
15	6032	1	
15	22418	1	
15	22421	1	
15	18330	1	
15	12190	1	
15	20384	3	
15	6052	1	
15	20389	1	
15	22442	1	
15	8107	4	
15	12207	1	
15	10162	1	
15	4019	2	
15	12212	1	
15	12213	1	
15	20468	1	
15	22464	3	
15	4038	2	
15	20427	1	
15	2001	1	
15	2003	4	
15	2011	1	
15	8156	1	
15	10206	1	
15	22499	1	
15	18408	1	
15	10225	1	
15	18420	1	
15	16373	1	
15	18423	1	
15	18424	2	
15	18426	1	
16	8448	1	
16	17928	1	
16	14345	1	
16	4115	1	
16	3332	1	
16	18460	1	
16	5155	1	
16	8235	1	
16	14892	3	
16	1074	1	
16	1076	1	
16	17463	1	
16	11832	1	
16	13663	2	
16	6717	1	
16	22083	2	
16	1092	1	
16	588	1	
16	17485	2	
16	15439	1	
16	592	1	
16	17490	1	
16	5207	1	
16	3163	1	
16	8797	1	
16	22113	1	
16	8803	1	
16	7780	1	
16	2150	1	
16	22119	1	
16	5736	2	
16	17519	1	
16	15948	1	
16	13937	3	
16	6770	1	
16	12405	1	
16	14612	1	
16	3197	1	
16	1664	1	
16	15491	1	
16	8325	1	
16	9351	1	
16	10380	1	
16	5775	1	
16	19093	1	
16	14488	1	
16	21657	1	
16	20250	1	
16	14495	1	
16	14500	1	
16	4263	1	
16	5804	1	
16	5806	3	
16	8477	1	
16	9398	1	
16	21687	2	
16	9418	2	
16	9918	1	
16	2243	1	
16	2246	1	
16	9417	1	
16	2250	1	
16	20343	1	
16	15580	1	
16	4831	3	
16	15584	1	
16	16848	1	
16	12514	1	
16	22188	1	
16	16614	1	
16	18668	1	
16	21742	1	
16	14973	1	
16	4867	1	
16	15609	1	
16	1280	3	
16	16130	1	
16	14891	2	
16	4868	3	
16	19719	1	
16	7432	1	
16	3339	2	
16	7952	1	
16	10515	1	
16	4884	1	
16	14613	1	
16	8470	1	
16	8474	3	
16	19741	1	
16	2846	1	
16	4901	1	
16	19238	2	
16	12076	1	
16	17202	1	
16	7988	1	
16	2873	1	
16	8513	2	
16	846	1	
16	18759	1	
16	17975	1	
16	13134	1	
16	19283	1	
16	19284	1	
16	14677	1	
16	9046	2	
16	14679	1	
16	6489	1	
16	13658	1	
16	17755	1	
16	5468	2	
16	5469	1	
16	863	1	
16	22368	1	
16	3643	1	
16	9069	1	
16	15215	1	
16	13681	1	
16	12151	1	
16	4989	1	
16	22398	2	
16	1410	1	
16	22252	2	
16	19340	1	
16	6030	1	
16	11672	1	
16	22340	1	
16	14751	1	
16	14753	1	
16	18851	1	
16	6054	1	
16	12712	1	
16	18857	1	
16	13227	2	
16	13229	8	
16	7600	1	
16	6579	1	
16	11706	1	
16	3517	1	
16	20927	1	
16	22464	1	
16	15809	1	
16	13255	1	
16	17484	1	
16	14286	1	
16	9167	1	
16	3536	3	
16	22571	2	
16	16851	1	
16	1492	1	
16	3541	1	
16	3321	1	
16	6622	1	
16	5605	1	
16	10731	1	
16	492	1	
16	18420	2	
16	3061	1	
16	16888	1	
16	18426	5	
17	9733	1	
17	13833	1	
17	10763	1	
17	18960	1	
17	18964	1	
17	10264	4	
17	22557	1	
17	15903	1	
17	8795	1	
17	22571	1	
17	18477	1	
17	63	1	
17	4161	1	
17	22086	2	
17	15432	1	
17	17484	1	
17	17485	1	
17	10832	1	
17	13905	1	
17	21586	1	
17	22100	1	
17	12891	1	
17	18528	1	
17	22113	2	
17	11963	1	
17	18540	1	
17	13421	2	
17	15982	1	
17	13423	1	
17	13425	2	
17	114	1	
17	13941	1	
17	18045	1	
17	13440	1	
17	8325	1	
17	9351	1	
17	14985	4	
17	142	1	
17	21613	1	
17	13459	1	
17	21653	1	
17	16030	1	
17	4263	2	
17	15528	1	
17	10410	2	
17	2674	1	
17	12471	1	
17	8376	1	
17	3259	1	
17	13516	2	
17	719	2	
17	720	1	
17	7889	1	
17	9945	1	
17	9947	1	
17	13026	1	
17	19172	1	
17	2278	2	
17	5358	1	
17	20725	1	
17	13937	1	
17	11514	1	
17	19712	1	
17	8961	1	
17	4354	1	
17	3332	2	
17	4364	1	
17	7952	1	
17	18197	1	
17	8993	1	
17	19238	1	
17	5929	1	
17	15160	1	
17	6459	1	
17	16190	1	
17	17225	2	
17	330	1	
17	21330	1	
17	14677	1	
17	8536	1	
17	15706	1	
17	22369	1	
17	5993	1	
17	9069	1	
17	12816	3	
17	20343	1	
17	592	2	
17	12153	1	
17	17290	1	
17	20877	1	
17	5554	1	
17	405	1	
17	3991	1	
17	11672	1	
17	17305	1	
17	17313	1	
17	2990	1	
17	19378	1	
17	13129	2	
17	5367	1	
17	16848	1	
17	4601	1	
17	20560	2	
17	10833	1	
17	18408	1	
17	489	1	
17	10731	2	
17	21672	1	
17	3060	1	
17	22112	1	
17	4602	1	
17	13821	1	
17	7678	1	
18	22464	1	
18	11524	2	
18	22188	1	
18	646	1	
18	1544	1	
18	18185	1	
18	15114	1	
18	9227	1	
18	4364	1	
18	909	1	
18	6414	1	
18	655	1	
18	22032	1	
18	11992	1	
18	13452	1	
18	8468	1	
18	4117	1	
18	4868	1	
18	18200	1	
18	1668	1	
18	8474	1	
18	4509	1	
18	20255	1	
18	17184	1	
18	16162	1	
18	22563	1	
18	13734	1	
18	4647	1	
18	4776	1	
18	5929	1	
18	1578	1	
18	683	1	
18	8236	1	
18	11821	2	
18	17745	1	
18	5935	1	
18	972	1	
18	14621	1	
18	3638	1	
18	1976	1	
18	17850	1	
18	22282	2	
18	17818	1	
18	3392	1	
18	20545	1	
18	5588	1	
18	17225	1	
18	15818	1	
18	15820	1	
18	13389	3	
18	9167	2	
18	22584	1	
18	17490	1	
18	3171	1	
18	18181	1	
18	10837	2	
18	14488	1	
18	19671	1	
18	19672	1	
18	4953	1	
18	3674	1	
18	15017	1	
18	14430	2	
18	21727	1	
18	21345	1	
18	14435	1	
18	21605	1	
18	9425	1	
18	10985	1	
18	12394	1	
18	364	1	
18	15855	1	
18	3568	1	
18	22258	1	
18	5625	1	
18	4884	1	
18	5623	3	
18	22392	1	
18	14969	1	
18	14970	1	
18	17916	1	
18	18686	1	
18	6741	1	
19	7041	1	
19	1074	1	
19	5765	1	
19	19718	1	
19	13834	1	
19	17163	1	
19	4364	1	
19	146	2	
19	147	1	
19	12053	1	
19	14493	1	
19	5934	1	
19	5489	1	
19	20010	1	
19	2348	1	
19	1138	1	
19	22421	1	
19	10928	1	
19	12465	1	
19	15666	1	
19	10552	1	
19	11449	1	
19	8636	2	
19	12481	1	
19	8387	2	
19	12360	1	
19	7241	1	
19	11850	1	
19	972	3	
19	12625	1	
19	21586	1	
19	22355	1	
19	5588	2	
19	7897	1	
19	21605	1	
19	1639	1	
19	15976	1	
19	14188	1	
19	15954	2	
19	494	1	
19	15855	1	
19	11760	2	
19	21617	1	
19	21618	1	
19	15997	1	
19	12799	1	
20	12288	1	
20	1537	1	
20	4177	2	
20	14081	1	
20	8202	1	
20	14509	2	
20	22032	1	
20	2307	1	
20	15790	1	
20	22551	1	
20	3610	1	
20	5660	1	
20	22557	2	
20	5662	1	
20	15903	3	
20	5667	2	
20	6692	1	
20	11815	1	
20	861	1	
20	3643	1	
20	13888	3	
20	2113	5	
20	7236	1	
20	15278	1	
20	15432	1	
20	11851	1	
20	592	1	
20	4689	1	
20	18002	6	
20	4691	2	
20	18005	1	
20	12888	1	
20	16911	1	
20	3676	1	
20	605	1	
20	7952	1	
20	15971	1	
20	18022	2	
20	13073	1	
20	17000	1	
20	7785	1	
20	17003	1	
20	18028	2	
20	21613	3	
20	18030	1	
20	11887	1	
20	13937	1	
20	1138	3	
20	6773	1	
20	10870	1	
20	22135	1	
20	20604	1	
20	5760	1	
20	22464	2	
20	15491	1	
20	19588	1	
20	6790	2	
20	15495	1	
20	13960	1	
20	19389	1	
20	15498	1	
20	16834	1	
20	12943	1	
20	5264	1	
20	21649	1	
20	14482	1	
20	1174	1	
20	20119	1	
20	13979	1	
20	16030	1	
20	9377	1	
20	1700	1	
20	4774	1	
20	12076	1	
20	21160	1	
20	13255	1	
20	17069	1	
20	5149	1	
20	16049	1	
20	19634	1	
20	5815	1	
20	8376	1	
20	2745	5	
20	19133	4	
20	4831	3	
20	18111	1	
20	14016	3	
20	5825	1	
20	17185	1	
20	6775	1	
20	14028	1	
20	20686	2	
20	11471	1	
20	15675	1	
20	8410	1	
20	10972	1	
20	21727	1	
20	8418	1	
20	8421	1	
20	9681	1	
20	745	1	
20	10480	1	
20	2289	1	
20	5876	1	
20	12670	1	
20	20214	1	
20	4867	1	
20	7039	1	
20	9409	1	
20	12471	1	
20	4441	1	
20	18175	2	
20	8961	2	
20	10499	2	
20	11524	1	
20	2309	1	
20	2310	1	
20	18185	9	
20	20235	1	
20	4364	1	
20	2873	1	
20	4368	1	
20	4369	1	
20	10515	1	
20	1303	1	
20	16431	1	
20	8989	2	
20	4385	1	
20	805	1	
20	18215	1	
20	13959	1	
20	2348	3	
20	22344	1	
20	7477	3	
20	8502	1	
20	18423	1	
20	21305	2	
20	20794	1	
20	6459	1	
20	15218	1	
20	9536	1	
20	14145	1	
20	8514	1	
20	20803	1	
20	6984	2	
20	17225	1	
20	8012	1	
20	12111	1	
20	7504	1	
20	5972	1	
20	20309	1	
20	9047	1	
20	6489	2	
20	2394	1	
20	1167	1	
20	11101	1	
20	15711	1	
20	15714	1	
20	7011	3	
20	2407	2	
20	873	1	
20	17811	8	
20	9069	7	
20	21874	1	
20	7539	1	
20	7540	2	
20	15222	4	
20	12663	2	
20	8568	1	
20	4986	2	
20	4989	2	
20	13182	1	
20	4991	1	
20	4992	4	
20	17216	1	
20	21733	1	
20	4997	1	
20	5511	1	
20	4241	1	
20	20877	1	
20	7055	1	
20	11154	1	
20	11155	2	
20	11156	1	
20	11672	2	
20	17818	1	
20	22501	1	
20	20382	1	
20	7584	3	
20	15856	1	
20	12194	1	
20	3313	2	
20	12716	1	
20	2990	1	
20	15791	1	
20	15281	4	
20	8627	2	
20	9374	2	
20	13129	3	
20	3517	1	
20	12734	1	
20	6592	1	
20	11714	1	
20	13763	1	
20	14677	1	
20	10401	1	
20	13961	1	
20	15817	1	
20	12746	1	
20	14283	1	
20	14798	1	
20	9167	3	
20	9169	1	
20	14682	2	
20	21980	1	
20	22418	1	
20	18911	1	
20	11233	1	
20	6117	1	
20	21617	1	
20	21586	1	
20	11760	2	
20	5623	1	
20	15864	1	
20	5625	2	
20	15869	1	
20	5118	1	
20	6741	1	
21	5760	1	
21	4864	1	
21	1922	1	
21	8579	1	
21	4868	1	
21	1138	1	
21	15751	1	
21	19900	3	
21	6371	1	
21	4364	1	
21	3981	1	
21	19598	1	
21	1167	1	
21	18194	1	
21	13331	1	
21	18051	1	
21	18197	1	
21	8751	1	
21	7694	3	
21	7963	1	
21	20739	1	
21	15774	1	
21	17312	1	
21	15777	1	
21	14313	1	
21	14016	1	
21	17576	1	
21	17577	6	
21	15274	2	
21	15275	1	
21	2348	1	
21	15218	6	
21	5717	1	
21	16431	1	
21	5534	2	
21	8585	1	
21	21305	2	
21	12602	1	
21	6459	1	
21	8892	4	
21	19133	2	
21	13884	1	
21	22464	3	
21	11714	2	
21	18108	1	
21	14677	1	
21	5576	1	
21	17225	1	
21	3199	1	
21	14414	5	
21	15971	1	
21	7380	1	
21	12110	3	
21	12888	1	
21	3674	1	
21	17630	7	
21	18911	2	
21	19299	1	
21	7780	1	
21	14053	1	
21	16998	1	
21	7399	2	
21	7400	1	
21	7785	1	
21	5994	1	
21	7527	1	
21	21650	1	
21	6760	1	
21	1266	1	
21	1651	1	
21	7410	1	
21	13961	1	
21	20329	1	
21	15864	1	
21	15227	4	
21	12471	1	
21	12799	1	
22	12288	1	
22	13316	1	
22	9733	1	
22	16902	1	
22	529	1	
22	22551	1	
22	17432	1	
22	19716	1	
22	22557	3	
22	9247	1	
22	11307	1	
22	8751	1	
22	12345	1	
22	5690	1	
22	10300	1	
22	12354	1	
22	22086	1	
22	1099	1	
22	13388	2	
22	13389	2	
22	591	1	
22	3171	1	
22	598	1	
22	15971	2	
22	22119	1	
22	6760	5	
22	6761	6	
22	11887	2	
22	5745	1	
22	21618	1	
22	8553	1	
22	633	1	
22	6787	2	
22	647	1	
22	19598	1	
22	1167	2	
22	10264	1	
22	149	1	
22	13979	2	
22	10096	2	
22	19124	1	
22	3258	1	
22	15903	1	
22	8892	1	
22	19133	6	
22	21696	1	
22	6337	1	
22	21195	1	
22	12663	2	
22	10975	1	
22	8144	1	
22	7397	1	
22	7400	1	
22	745	2	
22	12010	1	
22	22271	1	
22	8449	1	
22	14082	1	
22	4867	1	
22	4868	3	
22	19718	1	
22	18185	1	
22	4364	1	
22	16663	1	
22	7451	1	
22	2846	1	
22	17184	1	
22	8993	1	
22	17188	1	
22	3877	1	
22	2854	1	
22	20103	1	
22	2348	1	
22	20269	1	
22	18222	1	
22	15752	1	
22	5939	1	
22	1844	1	
22	21305	1	
22	14145	1	
22	17223	1	
22	13129	1	
22	17229	1	
22	12110	1	
22	10575	1	
22	12625	1	
22	14677	3	
22	2394	1	
22	18267	1	
22	15709	1	
22	20329	1	
22	364	1	
22	9069	1	
22	18287	1	
22	9072	1	
22	20343	1	
22	12153	1	
22	9621	1	
22	897	3	
22	1922	1	
22	2949	4	
22	15751	1	
22	9608	1	
22	22418	5	
22	10644	4	
22	917	1	
22	12190	1	
22	13467	2	
22	10857	1	
22	12716	1	
22	1459	1	
22	1466	3	
22	19907	3	
22	967	1	
22	9167	2	
22	17872	1	
22	4329	1	
22	10206	1	
22	19938	1	
22	16367	1	
22	15856	1	
22	10225	1	
22	17400	1	
22	6652	1	
22	13821	2	
22	13822	1	
23	18818	1	
23	19460	1	
23	646	1	
23	1415	1	
23	16998	1	
23	18185	2	
23	3978	1	
23	4135	1	
23	4364	2	
23	1421	1	
23	20238	1	
23	17062	1	
23	11792	1	
23	22418	1	
23	16308	1	
23	16665	1	
23	16845	1	
23	19695	1	
23	797	1	
23	4385	1	
23	8013	1	
23	6695	1	
23	17064	1	
23	17069	1	
23	16430	1	
23	16431	1	
23	16432	1	
23	689	1	
23	4019	1	
23	19124	2	
23	21304	1	
23	3636	2	
23	1466	1	
23	17063	1	
23	13884	1	
23	2278	1	
23	20803	1	
23	21316	1	
23	19401	1	
23	5324	1	
23	13389	1	
23	9167	1	
23	592	2	
23	21586	1	
23	19939	1	
23	22000	1	
23	4438	2	
23	17881	1	
23	8989	1	
23	719	1	
23	8421	1	
23	10096	1	
23	7267	1	
23	21605	1	
23	21606	1	
23	8935	1	
23	6761	1	
23	21227	1	
23	6764	1	
23	3311	5	
23	11760	2	
23	6002	4	
23	17016	1	
23	14970	1	
23	3175	1	
24	12288	1	
24	12805	1	
24	6153	1	
24	6155	1	
24	9754	1	
24	15903	3	
24	549	1	
24	12839	1	
24	14895	1	
24	3643	1	
24	13887	1	
24	15432	1	
24	11850	1	
24	3255	1	
24	13388	2	
24	592	1	
24	15444	1	
24	5210	1	
24	21613	1	
24	14448	1	
24	13937	1	
24	17522	1	
24	1141	2	
24	14975	1	
24	15492	1	
24	15494	1	
24	2196	1	
24	12441	1	
24	7793	1	
24	10922	1	
24	8365	1	
24	2224	1	
24	16049	1	
24	12471	2	
24	9918	1	
24	8387	1	
24	13174	1	
24	7371	1	
24	14033	1	
24	737	1	
24	5867	1	
24	2289	1	
24	2297	1	
24	22266	1	
24	11008	1	
24	4868	2	
24	773	1	
24	14088	1	
24	4364	1	
24	7952	1	
24	17030	1	
24	10036	1	
24	12089	1	
24	831	1	
24	9543	5	
24	17737	1	
24	2891	1	
24	11604	1	
24	14677	1	
24	20825	1	
24	14176	1	
24	16532	1	
24	10299	1	
24	2407	1	
24	9069	1	
24	11632	1	
24	13515	1	
24	20343	1	
24	12153	1	
24	11658	1	
24	2955	1	
24	13730	1	
24	8611	1	
24	18852	1	
24	22442	1	
24	15276	1	
24	3524	1	
24	3528	1	
24	15817	1	
24	12747	1	
24	2001	1	
24	12757	1	
24	7638	1	
24	9691	1	
24	21981	1	
24	19942	1	
24	494	1	
24	16373	1	
24	14328	1	
24	18426	1	
24	14331	1	
25	1921	1	
25	7683	1	
25	19204	1	
25	11398	1	
25	15751	1	
25	13832	1	
25	4012	1	
25	20234	1	
25	2955	2	
25	4364	1	
25	7055	1	
25	20882	1	
25	16532	1	
25	19692	1	
25	3991	1	
25	14493	1	
25	7584	1	
25	9892	1	
25	4647	1	
25	8236	1	
25	685	1	
25	16430	2	
25	15537	3	
25	1460	1	
25	20233	1	
25	13884	4	
25	2442	1	
25	11461	1	
25	15432	2	
25	11850	1	
25	11851	1	
25	6984	1	
25	7637	1	
25	15448	1	
25	2394	1	
25	18267	2	
25	3937	2	
25	19939	1	
25	9069	2	
25	7016	1	
25	21609	1	
25	745	1	
25	5996	1	
25	493	1	
25	19694	2	
25	11632	1	
25	13937	1	
25	4211	1	
25	5623	2	
25	5625	1	
25	14974	1	
25	10837	1	
26	11461	1	
26	4647	1	
26	2955	1	
26	22032	1	
26	18769	2	
26	4115	1	
26	10453	1	
26	5623	1	
26	4005	1	
26	14970	1	
26	9791	2	
27	12288	1	
27	12930	1	
27	2955	1	
27	4364	1	
27	17806	1	
27	15119	1	
27	785	1	
27	22418	1	
27	18197	1	
27	12825	1	
27	18841	1	
27	12975	1	
27	19100	1	
27	7584	4	
27	2594	1	
27	2596	1	
27	4005	1	
27	4647	1	
27	17066	1	
27	2990	1	
27	7471	1	
27	1459	1	
27	19124	1	
27	21557	1	
27	19128	1	
27	7481	1	
27	698	1	
27	700	1	
27	19133	1	
27	1089	1	
27	20803	1	
27	11461	1	
27	14677	1	
27	20167	1	
27	15432	1	
27	21961	1	
27	13516	1	
27	17229	1	
27	6741	1	
27	3023	1	
27	15955	1	
27	10453	1	
27	15448	1	
27	6489	3	
27	5498	1	
27	22369	1	
27	3943	1	
27	1554	1	
27	19694	1	
27	10096	2	
27	13937	1	
27	5625	1	
27	14970	1	
27	20882	2	
27	7637	1	
28	409	1	
28	4864	1	
28	7	1	
28	13832	1	
28	7180	1	
28	9232	1	
28	4115	1	
28	2990	1	
28	22551	1	
28	18460	2	
28	22557	3	
28	22218	1	
28	545	1	
28	547	1	
28	4647	3	
28	4649	1	
28	15919	1	
28	1074	1	
28	8243	11	
28	1076	1	
28	8245	2	
28	8248	2	
28	19124	3	
28	6718	1	
28	22082	2	
28	8260	2	
28	11846	1	
28	18505	2	
28	17484	2	
28	18510	1	
28	15439	1	
28	11856	2	
28	13905	1	
28	15459	1	
28	22100	1	
28	13398	1	
28	22108	3	
28	13411	1	
28	22119	1	
28	15976	1	
28	12391	1	
28	20076	1	
28	14448	1	
28	13937	4	
28	13592	1	
28	14469	1	
28	11398	1	
28	18059	1	
28	1167	1	
28	3217	3	
28	9380	3	
28	21617	1	
28	3759	1	
28	7348	1	
28	8376	1	
28	19133	6	
28	13502	1	
28	14022	1	
28	17608	1	
28	13514	1	
28	16075	1	
28	14028	2	
28	11471	1	
28	5331	1	
28	19156	2	
28	15574	2	
28	20695	1	
28	15567	1	
28	4831	1	
28	16848	1	
28	13026	1	
28	12007	1	
28	4328	1	
28	13681	1	
28	7537	1	
28	11049	5	
28	11008	1	
28	8961	1	
28	14082	1	
28	20739	1	
28	1751	1	
28	4364	2	
28	10515	1	
28	8981	1	
28	6423	1	
28	15128	1	
28	4894	1	
28	2949	1	
28	11555	2	
28	646	1	
28	5929	2	
28	10205	1	
28	17712	2	
28	11058	1	
28	1844	1	
28	21305	5	
28	12604	1	
28	22340	1	
28	17225	1	
28	12111	1	
28	13113	1	
28	3417	1	
28	16223	1	
28	7520	1	
28	8592	1	
28	3943	1	
28	3946	1	
28	364	1	
28	9069	1	
28	5489	1	
28	12666	1	
28	17790	1	
28	897	1	
28	8579	2	
28	901	1	
28	906	1	
28	20877	2	
28	11664	1	
28	11665	1	
28	20882	2	
28	15251	1	
28	11156	1	
28	9621	1	
28	3991	1	
28	7064	1	
28	18841	1	
28	5020	1	
28	15575	2	
28	22442	1	
28	15278	1	
28	22464	1	
28	1482	1	
28	15820	2	
28	9167	1	
28	19408	1	
28	2040	1	
28	14290	1	
28	7638	1	
28	18903	1	
28	3919	1	
28	8669	1	
28	22418	1	
28	592	3	
28	19938	1	
28	19939	2	
28	17892	1	
28	21483	1	
28	3058	1	
28	12279	1	
28	17400	1	
28	15865	2	
29	8449	1	
29	2949	1	
29	18185	1	
29	9490	1	
29	968	1	
29	21784	1	
29	797	1	
29	17951	1	
29	17957	1	
29	11049	1	
29	683	1	
29	8241	2	
29	8243	2	
29	16704	1	
29	8776	2	
29	13516	1	
29	20560	1	
29	19155	1	
29	7777	1	
29	7397	1	
29	8043	2	
29	10357	1	
29	8831	1	
30	13316	1	
30	22024	1	
30	17424	1	
30	9234	1	
30	4867	2	
30	22557	2	
30	20520	3	
30	565	1	
30	13883	1	
30	20547	1	
30	3652	1	
30	12360	1	
30	13388	1	
30	593	1	
30	11858	1	
30	13398	3	
30	9817	1	
30	18013	1	
30	12390	1	
30	10854	1	
30	3175	1	
30	15976	1	
30	21613	2	
30	21619	1	
30	1141	3	
30	2166	1	
30	1148	1	
30	5246	1	
30	20103	2	
30	13452	1	
30	16019	1	
30	17046	3	
30	13978	1	
30	10408	1	
30	15548	1	
30	19133	1	
30	4800	1	
30	11969	1	
30	15567	1	
30	10972	1	
30	7903	1	
30	2280	1	
30	2281	1	
30	5867	1	
30	11008	2	
30	8449	2	
30	20227	1	
30	15621	1	
30	19719	1	
30	17162	1	
30	4364	1	
30	5389	1	
30	15119	1	
30	10515	1	
30	12585	1	
30	13611	1	
30	15666	1	
30	1844	1	
30	21305	1	
30	12602	1	
30	11604	1	
30	14677	1	
30	6489	1	
30	9050	1	
30	18267	1	
30	2407	1	
30	20882	1	
30	9072	1	
30	7550	1	
30	2283	1	
30	2949	1	
30	15767	1	
30	20877	1	
30	8081	1	
30	22418	1	
30	3991	1	
30	3992	1	
30	22442	1	
30	11710	1	
30	22463	1	
30	22464	1	
30	11714	2	
30	9169	1	
30	9171	1	
30	11732	2	
30	18911	1	
30	15329	1	
30	7650	1	
30	15851	1	
30	18424	1	
31	5888	1	
31	6786	1	
31	18948	1	
31	17424	1	
31	17163	1	
31	13070	1	
31	8079	1	
31	3088	2	
31	22418	2	
31	12053	1	
31	12317	1	
31	13854	1	
31	20000	2	
31	14369	2	
31	11298	1	
31	11555	2	
31	12325	1	
31	7463	2	
31	9146	1	
31	3903	1	
31	12354	1	
31	7236	2	
31	6984	1	
31	12746	1	
31	13388	1	
31	9042	1	
31	4003	1	
31	14677	1	
31	6489	1	
31	7905	1	
31	2407	1	
31	6652	2	
31	21104	1	
31	22386	1	
31	1141	1	
31	12025	1	
31	14716	1	
31	21245	1	
32	4610	1	
32	13316	2	
32	11273	1	
32	11275	3	
32	3088	1	
32	10265	1	
32	22557	2	
32	13854	2	
32	14369	1	
32	14882	1	
32	12325	2	
32	16430	1	
32	12335	1	
32	1074	1	
32	12354	1	
32	18505	1	
32	588	2	
32	13389	1	
32	592	1	
32	21586	1	
32	10573	1	
32	13404	1	
32	7780	1	
32	21605	1	
32	21608	1	
32	4714	1	
32	8300	1	
32	1136	1	
32	1140	1	
32	1141	2	
32	15994	1	
32	3197	1	
32	1664	1	
32	130	1	
32	14469	1	
32	13961	1	
32	13452	1	
32	11632	3	
32	13459	1	
32	2196	1	
32	13979	1	
32	6815	1	
32	4769	1	
32	4263	1	
32	4267	3	
32	10269	1	
32	20168	2	
32	3278	1	
32	9432	1	
32	3804	1	
32	12510	1	
32	7397	1	
32	16105	1	
32	5866	2	
32	19186	1	
32	12026	3	
32	18686	1	
32	13952	1	
32	15621	2	
32	6406	1	
32	7433	1	
32	17162	1	
32	4364	1	
32	8466	1	
32	20270	1	
32	7451	1	
32	8989	1	
32	13445	1	
32	13090	1	
32	9513	3	
32	18222	1	
32	10545	1	
32	1844	1	
32	2873	1	
32	3392	1	
32	3393	1	
32	3395	1	
32	8013	1	
32	4945	1	
32	1369	1	
32	7010	1	
32	15723	1	
32	9069	1	
32	1902	1	
32	15216	1	
32	17790	1	
32	1408	1	
32	18819	1	
32	909	2	
32	917	1	
32	11672	2	
32	18853	1	
32	22442	1	
32	12716	1	
32	15278	1	
32	18363	1	
32	11726	1	
32	15311	1	
32	21968	1	
32	14289	1	
32	988	1	
32	10205	1	
32	18911	1	
32	10208	1	
32	12625	2	
32	15855	1	
32	11760	1	
32	3058	1	
32	16373	1	
32	503	1	
32	18426	1	
32	11771	1	
33	12288	1	
33	1280	1	
33	683	1	
33	13316	6	
33	9733	1	
33	5638	1	
33	11275	2	
33	20817	1	
33	20499	1	
33	22368	1	
33	22557	2	
33	11806	1	
33	18975	1	
33	14881	5	
33	14882	2	
33	547	1	
33	2596	2	
33	11134	1	
33	20519	1	
33	13357	1	
33	16430	1	
33	3631	1	
33	6193	1	
33	5764	1	
33	1076	1	
33	18181	2	
33	8250	1	
33	577	1	
33	13891	1	
33	7237	1	
33	1606	1	
33	11335	1	
33	12360	1	
33	11851	1	
33	6220	1	
33	5197	1	
33	590	2	
33	11855	1	
33	21586	5	
33	1619	1	
33	18521	1	
33	15119	1	
33	19553	1	
33	15971	1	
33	9831	1	
33	21097	1	
33	20803	1	
33	22119	2	
33	21613	2	
33	14448	1	
33	13937	1	
33	1163	1	
33	1141	1	
33	2166	1	
33	1147	1	
33	1664	1	
33	1667	4	
33	13956	1	
33	13445	2	
33	20103	2	
33	364	3	
33	13451	1	
33	18371	1	
33	15758	1	
33	16665	2	
33	13985	1	
33	13979	1	
33	18080	10	
33	15216	1	
33	6194	1	
33	8869	1	
33	11719	1	
33	22188	3	
33	14509	2	
33	1710	1	
33	20851	1	
33	8376	1	
33	5306	1	
33	11963	1	
33	8380	1	
33	9418	1	
33	14016	1	
33	2243	2	
33	10436	1	
33	4293	1	
33	7880	1	
33	8393	1	
33	7370	1	
33	13516	2	
33	11471	1	
33	18128	1	
33	8913	1	
33	5331	2	
33	10452	2	
33	10453	2	
33	12502	1	
33	22232	2	
33	731	1	
33	21212	1	
33	7903	1	
33	15584	1	
33	2273	1	
33	12514	2	
33	740	1	
33	5863	2	
33	4647	1	
33	5232	2	
33	9777	1	
33	9068	1	
33	11511	1	
33	7419	1	
33	19712	1	
33	8449	1	
33	770	1	
33	2309	2	
33	19208	2	
33	7433	1	
33	20234	1	
33	12625	2	
33	9261	1	
33	10515	1	
33	4884	1	
33	13077	1	
33	18200	1	
33	18052	1	
33	12570	1	
33	8988	2	
33	8989	1	
33	12575	1	
33	12576	1	
33	8993	1	
33	6439	1	
33	7979	1	
33	14386	1	
33	5934	1	
33	7471	1	
33	15666	1	
33	17207	1	
33	17211	1	
33	1342	1	
33	6976	1	
33	833	1	
33	14146	1	
33	3907	1	
33	22340	3	
33	22345	1	
33	7498	1	
33	20813	1	
33	7504	1	
33	10577	1	
33	14980	1	
33	5459	1	
33	14677	7	
33	9047	2	
33	6489	1	
33	3130	1	
33	7520	1	
33	865	1	
33	9065	1	
33	15210	1	
33	9067	2	
33	5996	1	
33	9069	12	
33	12143	1	
33	10096	1	
33	4496	1	
33	7539	1	
33	22389	1	
33	893	1	
33	1918	1	
33	11647	1	
33	16260	2	
33	9093	2	
33	9606	1	
33	10631	1	
33	17806	1	
33	17403	2	
33	16272	1	
33	4497	1	
33	19523	1	
33	20375	1	
33	409	1	
33	15187	2	
33	22450	1	
33	20384	3	
33	15266	2	
33	2179	1	
33	8262	1	
33	19879	1	
33	15273	3	
33	15276	1	
33	16301	1	
33	15432	2	
33	19378	1	
33	3060	1	
33	19900	2	
33	22464	1	
33	11714	1	
33	1099	2	
33	19396	1	
33	13255	1	
33	13388	1	
33	15820	2	
33	9167	1	
33	16850	1	
33	12544	1	
33	4058	1	
33	3408	1	
33	11771	2	
33	22500	1	
33	22503	1	
33	8172	3	
33	8173	5	
33	4432	1	
33	8906	1	
33	11859	1	
33	18420	1	
33	18424	1	
33	4601	2	
33	18426	1	
33	5627	1	
33	6652	1	
33	5629	2	
34	14592	1	
34	22464	1	
34	9067	1	
34	5764	1	
34	9606	1	
34	9167	1	
34	11273	2	
34	13834	1	
34	13839	1	
34	13841	1	
34	20882	2	
34	20813	1	
34	14744	1	
34	22557	1	
34	12446	1	
34	20384	1	
34	8996	1	
34	6694	1	
34	6824	1	
34	5069	3	
34	12076	1	
34	11471	1	
34	1976	1	
34	7055	1	
34	15806	1	
34	14016	1	
34	14019	1	
34	11718	1	
34	11336	1	
34	7755	1	
34	3277	1	
34	5071	1	
34	12625	1	
34	16850	1	
34	14677	2	
34	18776	1	
34	18267	1	
34	20317	1	
34	22368	1	
34	22369	1	
34	22054	1	
34	18022	1	
34	9831	1	
34	13161	1	
34	22119	1	
34	9071	1	
34	13937	1	
34	18420	1	
34	20854	1	
34	9065	2	
34	1917	1	
35	12288	3	
35	9729	1	
35	8709	1	
35	4868	1	
35	11802	1	
35	9244	1	
35	547	1	
35	15913	1	
35	1578	1	
35	18475	1	
35	8236	2	
35	8252	1	
35	12354	1	
35	11335	4	
35	11336	1	
35	22602	1	
35	7755	7	
35	592	1	
35	7764	1	
35	13398	1	
35	18528	1	
35	19553	1	
35	22119	2	
35	8300	1	
35	21613	1	
35	1647	1	
35	5232	1	
35	13937	1	
35	1140	2	
35	1141	2	
35	14969	1	
35	18045	1	
35	1664	2	
35	9351	1	
35	9864	1	
35	10890	1	
35	1163	1	
35	7823	1	
35	2196	1	
35	1174	1	
35	1175	1	
35	13979	2	
35	157	1	
35	19124	1	
35	1206	1	
35	19133	2	
35	13516	1	
35	8913	1	
35	17017	1	
35	10972	1	
35	12512	1	
35	1255	1	
35	11008	2	
35	9600	1	
35	15403	1	
35	3332	1	
35	8454	1	
35	385	1	
35	1580	1	
35	8971	1	
35	14618	1	
35	8988	1	
35	11555	1	
35	7463	1	
35	16775	1	
35	7471	2	
35	15666	1	
35	6965	1	
35	21305	1	
35	15499	1	
35	15177	1	
35	14306	1	
35	14680	1	
35	20322	1	
35	9069	2	
35	1904	1	
35	18808	1	
35	3967	1	
35	15232	1	
35	15233	1	
35	21383	1	
35	21905	2	
35	20882	1	
35	3992	1	
35	20384	1	
35	4003	1	
35	18853	1	
35	22442	2	
35	15279	1	
35	18364	1	
35	1440	2	
35	19401	1	
35	9167	1	
35	21968	1	
35	9169	1	
35	8155	1	
35	10205	1	
35	19938	1	
35	19939	1	
35	19942	1	
35	12779	1	
35	8685	1	
35	16367	1	
35	18424	1	
36	12288	4	
36	5637	1	
36	9227	1	
36	17424	2	
36	13912	1	
36	2578	1	
36	16302	1	
36	2582	2	
36	1560	3	
36	11524	1	
36	17436	1	
36	3102	1	
36	15903	1	
36	8229	1	
36	11815	3	
36	1578	4	
36	22571	1	
36	18022	2	
36	16430	1	
36	14895	1	
36	16434	1	
36	496	1	
36	17463	1	
36	3130	1	
36	863	1	
36	13885	1	
36	13887	9	
36	1092	1	
36	17165	1	
36	4961	1	
36	15432	5	
36	13388	1	
36	13901	1	
36	16653	1	
36	10832	1	
36	21586	2	
36	18005	1	
36	15448	1	
36	18521	1	
36	13915	1	
36	9308	1	
36	19549	1	
36	11870	1	
36	7777	1	
36	12390	2	
36	21094	1	
36	12394	1	
36	14448	2	
36	13937	2	
36	5746	1	
36	6773	1	
36	17016	1	
36	18042	1	
36	14973	1	
36	12053	2	
36	6786	1	
36	6787	1	
36	13445	1	
36	10376	1	
36	14985	1	
36	13452	1	
36	14690	1	
36	13459	1	
36	19093	1	
36	22032	1	
36	18075	1	
36	19100	1	
36	18077	5	
36	21663	1	
36	6822	1	
36	17265	1	
36	4776	1	
36	11434	1	
36	17067	1	
36	20082	1	
36	14621	1	
36	12471	1	
36	3258	1	
36	8892	4	
36	11453	1	
36	7870	3	
36	14016	1	
36	3266	2	
36	18120	3	
36	12151	1	
36	7888	1	
36	20689	1	
36	7379	1	
36	7892	1	
36	9167	1	
36	21213	1	
36	4831	2	
36	15584	2	
36	7397	1	
36	6695	1	
36	14574	1	
36	9968	1	
36	22258	1	
36	6868	2	
36	12026	1	
36	4117	1	
36	16939	1	
36	19204	1	
36	18181	1	
36	18185	4	
36	3339	2	
36	4364	2	
36	15629	1	
36	7952	3	
36	786	1	
36	2835	1	
36	4884	2	
36	16661	2	
36	13078	2	
36	21784	1	
36	16665	2	
36	8989	1	
36	20255	1	
36	1824	2	
36	17185	1	
36	1827	1	
36	20260	1	
36	16166	3	
36	16169	1	
36	5934	1	
36	10545	1	
36	1844	2	
36	8502	1	
36	12602	1	
36	21727	1	
36	13628	1	
36	6989	1	
36	10593	2	
36	4432	1	
36	14677	1	
36	4438	1	
36	855	2	
36	6489	1	
36	2394	1	
36	15709	1	
36	15199	1	
36	22369	1	
36	15714	4	
36	15715	1	
36	3408	1	
36	2407	1	
36	5996	1	
36	17260	2	
36	17262	1	
36	11632	1	
36	7537	1	
36	3958	1	
36	12663	1	
36	14713	1	
36	6011	1	
36	12670	1	
36	9090	3	
36	5867	1	
36	2442	2	
36	20882	1	
36	19347	1	
36	1633	1	
36	19355	1	
36	15774	1	
36	20384	2	
36	11760	1	
36	13723	1	
36	12708	1	
36	1959	1	
36	2990	1	
36	14493	1	
36	19900	1	
36	7104	1	
36	13763	1	
36	13255	2	
36	12746	3	
36	17229	1	
36	8144	2	
36	8250	1	
36	9684	1	
36	12757	1	
36	9686	2	
36	9687	2	
36	18393	1	
36	18767	1	
36	12624	1	
36	14970	1	
36	17899	1	
36	15855	1	
36	3568	1	
36	3058	1	
36	14324	1	
36	12277	1	
36	4090	1	
36	5115	1	
36	7164	1	
37	6786	1	
37	20774	1	
37	13316	1	
37	14088	1	
37	22188	1	
37	2442	1	
37	16215	1	
37	4364	2	
37	14082	1	
37	16014	1	
37	9069	1	
37	22032	1	
37	3217	1	
37	21652	1	
37	918	1	
37	7812	1	
37	13723	2	
37	2394	1	
37	20254	1	
37	14495	1	
37	10401	1	
37	15266	1	
37	20571	1	
37	602	1	
37	16677	1	
37	4385	1	
37	21617	1	
37	1578	2	
37	7211	1	
37	9644	1	
37	16302	1	
37	7471	1	
37	1074	1	
37	5812	1	
37	9269	5	
37	12471	1	
37	5817	1	
37	5813	1	
37	11708	1	
37	13887	7	
37	15426	1	
37	5641	1	
37	1733	1	
37	11937	1	
37	1736	1	
37	16695	1	
37	18185	2	
37	13389	6	
37	11917	1	
37	12880	1	
37	9047	1	
37	1747	1	
37	14037	1	
37	14649	1	
37	17881	2	
37	20570	4	
37	18191	1	
37	10205	1	
37	7392	1	
37	4944	1	
37	7010	1	
37	18917	1	
37	8425	1	
37	10861	1	
37	14703	1	
37	14448	1	
37	10865	2	
37	9171	1	
37	2294	1	
37	20856	1	
37	6651	1	
37	6652	2	
37	4606	1	
38	13316	1	
38	17418	4	
38	22032	3	
38	3601	1	
38	2578	1	
38	4115	2	
38	22551	1	
38	10264	1	
38	18948	1	
38	9755	1	
38	13658	1	
38	2596	2	
38	15400	1	
38	9308	1	
38	1578	1	
38	8236	3	
38	3629	1	
38	6702	2	
38	16432	1	
38	9269	1	
38	20024	1	
38	8250	2	
38	20031	1	
38	5191	1	
38	11850	1	
38	17996	1	
38	13389	1	
38	12878	1	
38	15441	1	
38	15444	1	
38	13398	1	
38	19035	2	
38	3676	1	
38	18364	1	
38	18540	1	
38	11887	2	
38	21617	1	
38	13428	2	
38	633	1	
38	17018	1	
38	13435	1	
38	18559	1	
38	5760	1	
38	3201	1	
38	14985	1	
38	21642	1	
38	1163	2	
38	13452	1	
38	16016	2	
38	6801	1	
38	3892	1	
38	2205	2	
38	10407	1	
38	5803	1	
38	22188	1	
38	364	1	
38	8892	1	
38	19133	1	
38	10436	1	
38	1967	1	
38	12663	1	
38	1743	1	
38	1744	1	
38	20856	1	
38	7379	1	
38	14038	1	
38	21212	1	
38	21228	1	
38	19922	2	
38	2289	1	
38	14592	3	
38	14081	1	
38	14082	1	
38	19204	1	
38	20234	1	
38	13358	1	
38	4366	1	
38	18191	2	
38	2435	1	
38	6421	2	
38	21782	3	
38	8989	1	
38	7471	1	
38	5425	1	
38	1844	1	
38	8502	2	
38	16695	1	
38	3384	1	
38	21305	1	
38	20794	1	
38	8332	1	
38	11600	1	
38	9041	1	
38	2394	1	
38	15709	1	
38	2918	1	
38	3943	2	
38	3945	1	
38	6631	1	
38	5996	1	
38	9583	1	
38	15216	3	
38	22386	1	
38	20343	1	
38	5496	1	
38	7039	1	
38	18818	1	
38	8579	3	
38	9611	1	
38	21396	1	
38	7064	1	
38	20891	2	
38	15774	1	
38	20384	1	
38	15266	1	
38	7081	1	
38	22442	2	
38	12716	1	
38	21933	1	
38	15279	2	
38	1468	1	
38	21953	1	
38	19396	1	
38	15817	1	
38	12746	2	
38	9167	2	
38	18384	2	
38	17873	1	
38	7122	1	
38	7637	1	
38	17367	1	
38	12625	2	
38	3052	1	
38	15855	1	
38	3061	1	
39	12288	2	
39	13316	2	
39	22188	1	
39	7690	2	
39	22032	2	
39	14865	1	
39	2578	3	
39	4117	1	
39	10264	2	
39	19481	1	
39	7196	1	
39	22557	1	
39	2309	2	
39	2596	1	
39	6695	1	
39	15400	2	
39	1580	1	
39	8749	1	
39	9262	1	
39	18991	1	
39	7217	1	
39	1074	2	
39	1076	1	
39	18181	1	
39	15416	1	
39	13885	4	
39	13887	3	
39	13889	1	
39	11334	1	
39	15432	3	
39	12878	3	
39	21586	1	
39	15955	1	
39	18005	1	
39	13912	1	
39	603	1	
39	22108	1	
39	19553	1	
39	3683	1	
39	8804	2	
39	22119	1	
39	19900	1	
39	13418	1	
39	2407	1	
39	18028	1	
39	12733	1	
39	625	1	
39	19058	1	
39	13428	4	
39	1141	1	
39	2167	1	
39	4728	1	
39	15994	2	
39	16661	2	
39	5248	2	
39	6786	3	
39	15491	1	
39	9863	4	
39	8300	3	
39	15499	1	
39	13452	1	
39	7823	1	
39	3217	1	
39	22163	1	
39	2196	2	
39	13849	1	
39	6809	1	
39	17105	1	
39	14492	1	
39	18077	1	
39	19100	1	
39	13937	2	
39	17067	2	
39	15532	1	
39	17070	1	
39	16049	1	
39	11449	1	
39	3258	1	
39	19131	1	
39	8892	2	
39	22209	1	
39	20854	1	
39	18120	1	
39	15565	1	
39	5840	1	
39	20689	1	
39	7892	1	
39	4218	1	
39	19162	1	
39	19163	1	
39	5853	1	
39	15585	1	
39	16272	1	
39	3963	1	
39	14033	2	
39	11815	2	
39	22252	1	
39	12018	3	
39	8236	1	
39	11511	1	
39	21841	2	
39	1277	1	
39	14592	1	
39	8961	2	
39	11524	2	
39	18390	1	
39	1798	1	
39	14088	1	
39	18185	4	
39	779	1	
39	7952	2	
39	16430	1	
39	19737	1	
39	12847	1	
39	8988	1	
39	1309	1	
39	12064	1	
39	15651	1	
39	7463	1	
39	16169	1	
39	20780	1	
39	18222	1	
39	7471	3	
39	1243	2	
39	7475	1	
39	20277	1	
39	18571	1	
39	17229	1	
39	20303	1	
39	3408	1	
39	12625	1	
39	9043	1	
39	14677	1	
39	2394	1	
39	11101	1	
39	15199	1	
39	15201	1	
39	15714	2	
39	3943	1	
39	360	1	
39	20882	2	
39	7536	2	
39	13681	1	
39	20851	1	
39	3958	4	
39	2348	1	
39	11131	1	
39	14716	1	
39	15850	2	
39	2949	1	
39	9094	1	
39	1415	1	
39	9098	1	
39	2955	1	
39	7568	1	
39	16273	1	
39	22418	2	
39	21907	1	
39	22421	1	
39	7575	2	
39	15772	1	
39	19098	1	
39	20384	4	
39	11760	2	
39	15266	1	
39	1959	1	
39	12700	1	
39	22442	2	
39	430	2	
39	18352	3	
39	2350	1	
39	9141	1	
39	5048	3	
39	5760	1	
39	6075	1	
39	18364	2	
39	11709	1	
39	446	1	
39	22464	2	
39	13763	1	
39	12746	2	
39	17872	1	
39	19923	1	
39	9684	3	
39	9686	1	
39	9687	1	
39	18393	1	
39	14306	1	
39	19939	1	
39	13797	1	
39	7655	1	
39	7164	1	
39	12778	1	
39	4263	2	
39	7660	1	
39	15856	1	
39	12787	1	
39	18424	2	
39	6651	1	
39	4604	1	
40	5321	1	
40	148	1	
40	22245	1	
40	20829	1	
40	9887	1	
