1	11394	1	
1	8835	1	
1	4364	1	
1	22032	1	
1	20882	1	
1	14483	1	
1	17608	1	
1	22557	1	
1	22442	2	
1	14509	1	
1	5425	1	
1	9918	1	
1	14016	1	
1	9154	1	
1	2243	1	
1	18632	1	
1	20299	1	
1	13388	1	
1	9170	1	
1	595	1	
1	14677	1	
1	11992	1	
1	12899	1	
2	1280	1	
2	17408	1	
2	6146	1	
2	1032	2	
2	22282	1	
2	20875	1	
2	22032	3	
2	11793	1	
2	4115	1	
2	11284	1	
2	14592	1	
2	13207	1	
2	21912	1	
2	11418	1	
2	7066	1	
2	22303	1	
2	20256	1	
2	13704	1	
2	18267	3	
2	6052	1	
2	11590	1	
2	13863	1	
2	1800	1	
2	8797	1	
2	12360	1	
2	4019	1	
2	22196	3	
2	16054	1	
2	12471	1	
2	8376	1	
2	21305	1	
2	9915	1	
2	906	1	
2	3106	1	
2	4929	1	
2	7362	1	
2	13252	1	
2	16966	2	
2	3528	1	
2	13388	1	
2	13516	1	
2	19789	2	
2	5838	2	
2	7547	1	
2	13776	1	
2	21586	1	
2	20565	2	
2	3798	1	
2	20057	1	
2	4571	1	
2	3037	1	
2	8158	1	
2	8803	1	
2	2407	1	
2	10984	1	
2	12778	2	
2	21613	2	
2	17533	1	
2	9458	1	
2	4219	1	
2	18808	1	
2	17657	1	
2	18042	1	
2	1147	1	
2	14076	1	
2	17661	1	
2	10218	1	
3	5504	1	
3	14592	3	
3	6150	2	
3	22024	1	
3	11787	1	
3	22414	1	
3	22032	2	
3	20882	1	
3	18840	1	
3	13978	1	
3	7451	1	
3	4008	1	
3	1705	1	
3	12288	1	
3	12718	2	
3	12852	1	
3	19913	1	
3	9915	1	
3	11714	1	
3	15499	1	
3	13252	1	
3	17225	1	
3	16970	1	
3	13388	1	
3	18385	1	
3	18002	1	
3	2265	1	
3	19290	1	
3	8028	1	
3	8797	1	
3	2271	1	
3	17424	1	
3	15035	1	
3	19812	1	
3	13030	1	
3	12390	2	
3	3687	1	
3	12905	1	
3	17770	1	
3	20690	1	
3	7017	1	
3	17530	1	
3	637	1	
4	12288	1	
4	15874	1	
4	19077	1	
4	3590	1	
4	1031	1	
4	3340	1	
4	18317	1	
4	4496	1	
4	14993	1	
4	2834	1	
4	15124	1	
4	18840	1	
4	17818	1	
4	6686	1	
4	20384	1	
4	5414	1	
4	21617	1	
4	4008	2	
4	17066	1	
4	4011	1	
4	15128	1	
4	7088	1	
4	3511	1	
4	20281	1	
4	9915	1	
4	11708	1	
4	8894	1	
4	4671	1	
4	13252	2	
4	22344	1	
4	12878	1	
4	18002	1	
4	20153	1	
4	11489	1	
4	19812	1	
4	18921	1	
4	20690	1	
4	15216	1	
4	12529	1	
4	8425	1	
4	4884	1	
4	8188	1	
4	21629	1	
5	6146	1	
5	14595	1	
5	19077	1	
5	3590	1	
5	8641	1	
5	1032	1	
5	17162	1	
5	7938	1	
5	22414	1	
5	13388	1	
5	17681	1	
5	10514	1	
5	16131	1	
5	14978	1	
5	5400	1	
5	19737	1	
5	13979	1	
5	1823	1	
5	15523	1	
5	11684	1	
5	12529	1	
5	10555	1	
5	19625	1	
5	19096	1	
5	15666	2	
5	6702	1	
5	14895	1	
5	18736	1	
5	22024	1	
5	434	1	
5	1076	1	
5	21305	1	
5	12930	1	
5	8894	1	
5	11969	1	
5	10973	1	
5	3702	1	
5	13769	1	
5	12663	2	
5	6732	1	
5	5863	1	
5	17234	1	
5	10510	1	
5	13398	2	
5	14680	1	
5	10407	1	
5	8797	1	
5	2911	1	
5	2407	1	
5	19959	1	
5	6760	1	
5	12091	1	
5	20519	1	
5	18030	5	
5	13937	2	
5	885	1	
5	13174	1	
5	15863	1	
6	11392	1	
6	14592	3	
6	12034	1	
6	16260	1	
6	12207	1	
6	1032	1	
6	18569	1	
6	7690	1	
6	1163	2	
6	10510	1	
6	22032	1	
6	7313	1	
6	19094	1	
6	2839	1	
6	7451	1	
6	8026	1	
6	16414	1	
6	11807	1	
6	21411	1	
6	22024	1	
6	11303	1	
6	4647	1	
6	22442	1	
6	2475	1	
6	3629	1	
6	5551	1	
6	6408	1	
6	7478	1	
6	22071	1	
6	21305	1	
6	12091	1	
6	11708	1	
6	20798	1	
6	13445	1	
6	8641	3	
6	4038	1	
6	11335	1	
6	16968	1	
6	12746	1	
6	13388	1	
6	20429	1	
6	20302	1	
6	5325	1	
6	3536	1	
6	593	1	
6	12878	1	
6	13398	3	
6	15432	1	
6	2394	1	
6	18267	1	
6	10975	1	
6	7392	2	
6	15971	1	
6	3528	1	
6	17637	1	
6	19900	1	
6	5867	1	
6	6644	1	
6	15216	1	
6	6385	1	
6	1140	1	
6	7870	1	
6	8954	1	
6	7420	1	
6	2173	1	
6	18686	1	
6	22385	1	
7	7040	1	
7	14978	2	
7	16131	1	
7	13316	2	
7	14187	1	
7	6150	1	
7	20232	1	
7	13451	1	
7	17292	1	
7	4623	1	
7	15574	1	
7	11416	1	
7	7043	1	
7	19094	3	
7	13207	1	
7	19096	1	
7	4868	1	
7	2973	1	
7	20384	1	
7	8568	1	
7	15266	1	
7	11555	1	
7	2179	1	
7	1833	1	
7	8236	1	
7	3037	1	
7	13488	1	
7	4296	1	
7	13106	1	
7	4019	2	
7	5684	1	
7	17463	1	
7	8008	2	
7	12091	4	
7	7870	1	
7	11893	1	
7	22082	1	
7	14808	2	
7	21061	1	
7	20551	1	
7	19016	1	
7	12471	1	
7	13388	1	
7	18128	3	
7	9041	1	
7	9170	1	
7	14677	1	
7	13398	1	
7	15575	1	
7	11992	1	
7	21465	1	
7	4867	1	
7	7479	1	
7	19810	1	
7	4454	1	
7	20057	1	
7	15953	1	
7	2407	1	
7	15856	1	
7	1141	1	
7	18424	1	
7	11898	1	
8	14848	1	
8	12162	1	
8	12805	1	
8	7686	1	
8	13490	1	
8	15368	1	
8	9377	1	
8	13578	1	
8	12940	1	
8	13453	1	
8	4110	1	
8	22032	4	
8	4881	1	
8	22418	1	
8	9237	2	
8	6678	1	
8	12312	1	
8	18081	1	
8	8989	1	
8	10398	1	
8	22303	1	
8	4640	1	
8	15521	1	
8	13257	1	
8	6790	1	
8	17067	1	
8	9901	1	
8	2173	1	
8	13981	1	
8	18736	1	
8	5554	2	
8	13129	1	
8	12344	1	
8	3386	2	
8	10975	1	
8	22076	1	
8	20234	1	
8	16062	1	
8	12352	2	
8	22209	1	
8	12354	2	
8	14277	1	
8	22369	1	
8	12105	1	
8	893	1	
8	13175	1	
8	13388	1	
8	13389	1	
8	9167	1	
8	464	3	
8	9041	1	
8	21586	1	
8	4364	1	
8	20565	1	
8	5208	1	
8	21594	1	
8	9691	1	
8	22108	1	
8	18911	3	
8	3808	1	
8	11600	1	
8	4943	1	
8	20155	1	
8	9444	1	
8	3943	1	
8	21097	1	
8	5199	1	
8	22252	1	
8	19830	1	
8	2159	1	
8	15216	1	
8	15699	1	
8	22082	1	
8	15128	1	
8	8021	1	
8	4347	1	
8	17018	1	
8	15648	2	
8	16252	1	
8	17661	1	
8	14677	1	
9	19072	1	
9	9729	1	
9	14214	1	
9	3073	1	
9	15499	1	
9	14477	1	
9	10510	1	
9	22032	8	
9	10130	1	
9	9237	1	
9	22551	1	
9	15170	1	
9	11806	1	
9	20384	1	
9	18081	1	
9	6309	1	
9	1193	1	
9	22442	1	
9	9351	1	
9	8236	1	
9	14509	1	
9	13389	1	
9	21295	1	
9	3762	1	
9	51	1	
9	8500	1	
9	10410	1	
9	21305	1	
9	1375	1	
9	18492	1	
9	19133	1	
9	7870	1	
9	21311	2	
9	1140	1	
9	6391	1	
9	11718	1	
9	7370	1	
9	1099	2	
9	19789	1	
9	17359	1	
9	21586	1	
9	10967	1	
9	2265	1	
9	10975	1	
9	18016	1	
9	15971	1	
9	4326	1	
9	13161	1	
9	4074	1	
9	5996	1	
9	8180	1	
9	1141	1	
9	3113	2	
9	11645	1	
9	18174	1	
10	5636	1	
10	9223	1	
10	9047	1	
10	22032	1	
10	13912	1	
10	9234	3	
10	9237	1	
10	19480	1	
10	8220	1	
10	9777	1	
10	20026	1	
10	3141	1	
10	8262	4	
10	13389	1	
10	21076	1	
10	12888	1	
10	15460	1	
10	9831	1	
10	21613	2	
10	13937	2	
10	17012	2	
10	10359	1	
10	17016	1	
10	19581	1	
10	10366	1	
10	21632	3	
10	18049	1	
10	3718	1	
10	14473	1	
10	12941	1	
10	14479	1	
10	2755	1	
10	15512	2	
10	16030	1	
10	18080	1	
10	18083	1	
10	625	1	
10	10408	2	
10	10409	1	
10	5919	1	
10	8387	1	
10	13516	1	
10	10360	1	
10	4823	1	
10	9945	1	
10	14290	1	
10	10365	3	
10	6391	1	
10	15609	1	
10	7937	1	
10	16131	1	
10	22276	1	
10	15116	1	
10	10510	1	
10	2834	1	
10	7964	2	
10	15133	1	
10	20255	2	
10	17696	1	
10	7463	1	
10	12252	1	
10	20269	1	
10	17225	1	
10	17229	1	
10	14672	1	
10	18769	1	
10	14677	2	
10	855	1	
10	19289	1	
10	7520	1	
10	22378	1	
10	9069	1	
10	20851	2	
10	13175	1	
10	2425	1	
10	16252	1	
10	10625	2	
10	14725	1	
10	10638	1	
10	22418	1	
10	22423	2	
10	20384	2	
10	6054	1	
10	2990	2	
10	5554	1	
10	22455	1	
10	3006	1	
10	22464	1	
10	13255	1	
10	12746	1	
10	16850	1	
10	9684	1	
10	21980	1	
10	21984	1	
10	8702	1	
11	15616	1	
11	12288	3	
11	12779	1	
11	13316	1	
11	4101	1	
11	6790	1	
11	5511	1	
11	1163	1	
11	4108	1	
11	11714	1	
11	19078	1	
11	1069	1	
11	22032	5	
11	20440	1	
11	20882	1	
11	20291	1	
11	1340	1	
11	14724	1	
11	11871	1	
11	17819	1	
11	2589	1	
11	20384	1	
11	7088	1	
11	19619	1	
11	5541	1	
11	20774	1	
11	20905	1	
11	5255	1	
11	14509	1	
11	942	1	
11	19375	1	
11	18608	1	
11	1074	1	
11	11444	1	
11	17973	1	
11	183	1	
11	11960	1	
11	6329	1	
11	4831	1	
11	8380	1	
11	9069	1	
11	2239	1	
11	19392	1	
11	12354	2	
11	19019	1	
11	21828	1	
11	2048	1	
11	2375	1	
11	13771	1	
11	13389	1	
11	8077	1	
11	21841	1	
11	9684	1	
11	16782	1	
11	11449	1	
11	5208	1	
11	11898	1	
11	2271	1	
11	11632	1	
11	14178	2	
11	1852	1	
11	22119	1	
11	13673	1	
11	12394	1	
11	20839	1	
11	18157	1	
11	11546	1	
11	20914	1	
11	14448	1	
11	17649	1	
11	22386	1	
11	15731	1	
11	1141	1	
11	11638	1	
11	15607	1	
11	15096	1	
11	7889	1	
11	2731	1	
11	17661	1	
11	13161	1	
11	12671	1	
12	6531	1	
12	20357	1	
12	19206	1	
12	9351	2	
12	1032	1	
12	20234	1	
12	395	1	
12	9069	1	
12	16782	1	
12	21613	1	
12	22032	2	
12	15128	1	
12	21652	1	
12	22551	1	
12	2200	1	
12	158	2	
12	22303	1	
12	18081	1	
12	7842	2	
12	2852	1	
12	6790	1	
12	9777	2	
12	19626	1	
12	16430	1	
12	22319	1	
12	13704	1	
12	7092	1	
12	12341	1	
12	9588	1	
12	19771	1	
12	17162	1	
12	7870	1	
12	14016	1	
12	718	1	
12	4364	1	
12	8012	1	
12	13389	1	
12	11726	1	
12	20303	1	
12	14800	1	
12	16850	1	
12	6741	1	
12	855	1	
12	15448	1	
12	7897	1	
12	8954	1	
12	8158	1	
12	10975	1	
12	8421	1	
12	1895	1	
12	13161	1	
12	22119	1	
12	12013	1	
12	4208	1	
12	3058	1	
12	3060	1	
12	20854	1	
12	11895	1	
12	19056	1	
12	11898	1	
13	15616	1	
13	18817	1	
13	15491	1	
13	1412	1	
13	8327	1	
13	3201	1	
13	16265	1	
13	2442	1	
13	4364	2	
13	10510	1	
13	22032	4	
13	20882	1	
13	8771	1	
13	15512	3	
13	21146	1	
13	7963	1	
13	22557	1	
13	16543	1	
13	15648	3	
13	4772	1	
13	20010	3	
13	21419	1	
13	12716	1	
13	16302	1	
13	15025	1	
13	20914	1	
13	4533	1	
13	4617	1	
13	13449	1	
13	1466	1	
13	15903	1	
13	3010	1	
13	8387	2	
13	15432	1	
13	7010	1	
13	20177	1	
13	4818	4	
13	16910	1	
13	4438	1	
13	3287	1	
13	7897	1	
13	7642	1	
13	2271	1	
13	14689	1	
13	19938	1	
13	2020	1	
13	1765	1	
13	12625	1	
13	7655	1	
13	9069	2	
13	14574	1	
13	11760	3	
13	13937	1	
13	1266	1	
13	5237	1	
13	12151	1	
13	4600	1	
13	14969	2	
13	17066	1	
14	15616	1	
14	15491	1	
14	4868	1	
14	18185	1	
14	3339	1	
14	18191	1	
14	22032	2	
14	15508	1	
14	13316	1	
14	1947	1	
14	7708	1	
14	6687	1	
14	20257	1	
14	10915	1	
14	13863	1	
14	3113	1	
14	19626	1	
14	22188	2	
14	7471	1	
14	19377	1	
14	1459	1	
14	12852	1	
14	16565	1	
14	182	1	
14	184	1	
14	11449	1	
14	6458	1	
14	12341	1	
14	12354	1	
14	2593	1	
14	3400	1	
14	22347	1	
14	13388	1	
14	15202	1	
14	13389	1	
14	592	1	
14	19155	1	
14	735	1	
14	7392	1	
14	7777	1	
14	19938	1	
14	740	1	
14	7655	1	
14	19051	2	
14	364	1	
14	11760	1	
14	1141	1	
14	6646	1	
14	7544	1	
15	12673	1	
15	2947	1	
15	2309	1	
15	13062	1	
15	1032	1	
15	18185	2	
15	15754	1	
15	8043	1	
15	18828	1	
15	20494	1	
15	9069	1	
15	22032	2	
15	15491	1	
15	1092	1	
15	21146	1	
15	9755	1	
15	7324	1	
15	22557	1	
15	14495	1	
15	15648	1	
15	15266	1	
15	7323	1	
15	2179	1	
15	12453	1	
15	13681	1	
15	9261	1	
15	20012	1	
15	9901	1	
15	16430	2	
15	6685	1	
15	11568	1	
15	1074	1	
15	8502	1	
15	3339	1	
15	12091	1	
15	17162	1	
15	3134	2	
15	9663	1	
15	22464	1	
15	13451	1	
15	8260	1	
15	21832	1	
15	20427	1	
15	588	1	
15	20429	1	
15	13389	2	
15	11600	1	
15	21330	1	
15	20451	1	
15	4695	1	
15	16543	1	
15	20303	1	
15	22303	1	
15	22369	1	
15	6531	1	
15	15976	1	
15	19051	1	
15	22252	1	
15	4818	1	
15	18287	1	
15	11760	1	
15	4081	1	
15	12018	1	
15	11887	1	
15	19582	1	
15	11511	1	
15	2552	1	
15	11771	1	
15	2173	1	
15	12670	1	
16	22464	1	
16	14722	1	
16	13963	1	
16	13445	1	
16	11398	1	
16	21313	1	
16	18185	2	
16	2199	1	
16	22032	2	
16	7319	1	
16	21912	1	
16	4868	1	
16	17818	1	
16	2309	1	
16	4000	1	
16	1576	1	
16	2220	1	
16	12589	1	
16	16431	1	
16	15794	1	
16	4019	1	
16	901	1	
16	5433	1	
16	19132	1	
16	9536	1	
16	11969	1	
16	20384	1	
16	1733	2	
16	12746	4	
16	13388	1	
16	13389	1	
16	12878	1	
16	20813	1	
16	8144	1	
16	12501	1	
16	7768	1	
16	17184	3	
16	7392	1	
16	19555	2	
16	15717	1	
16	7018	1	
16	12779	1	
16	9069	1	
16	16367	1	
16	11760	2	
16	22385	3	
16	15602	1	
16	13428	1	
16	15614	1	
16	5623	2	
16	6142	1	
16	18773	1	
17	22272	1	
17	18181	1	
17	7303	1	
17	18185	4	
17	7690	1	
17	2839	1	
17	16012	1	
17	22032	4	
17	21652	1	
17	22423	1	
17	17435	1	
17	12188	1	
17	2166	1	
17	18079	1	
17	1904	1	
17	15266	1	
17	16547	1	
17	21271	1	
17	13516	1	
17	1564	1	
17	3627	1	
17	2351	1	
17	15432	1	
17	13727	1	
17	5567	2	
17	4161	1	
17	12357	1	
17	17223	1	
17	18120	1	
17	3084	1	
17	22602	1	
17	13388	2	
17	13389	3	
17	13776	2	
17	7635	1	
17	4180	1	
17	14677	1	
17	13398	1	
17	11992	1	
17	2394	1	
17	21980	1	
17	21984	1	
17	11835	1	
17	8421	1	
17	22119	1	
17	8425	1	
17	15851	1	
17	7880	1	
17	17262	1	
17	6383	1	
17	12656	3	
17	21617	1	
17	22258	1	
17	21364	1	
17	13174	1	
17	3702	1	
17	18424	1	
17	11385	1	
17	11898	1	
17	19519	1	
18	8193	1	
18	6989	1	
18	4868	1	
18	13445	1	
18	6790	1	
18	9607	1	
18	22024	2	
18	18185	4	
18	17162	1	
18	14987	1	
18	11714	1	
18	20494	2	
18	22032	5	
18	22418	1	
18	9621	1	
18	9110	1	
18	22423	1	
18	8751	1	
18	17818	1	
18	18287	1	
18	22557	1	
18	13316	1	
18	4639	1	
18	17696	1	
18	8995	1	
18	8556	1	
18	10737	1	
18	22568	1	
18	9947	1	
18	13063	1	
18	15660	1	
18	941	1	
18	7471	1	
18	7088	1	
18	21832	1	
18	3638	1	
18	12471	1	
18	184	1	
18	364	1	
18	20794	1	
18	14495	1	
18	12354	1	
18	12870	1	
18	7879	1	
18	12360	1	
18	12746	1	
18	15863	1	
18	3064	1	
18	13389	3	
18	9167	1	
18	11600	3	
18	18769	1	
18	17490	1	
18	9043	1	
18	8180	1	
18	14677	1	
18	11417	1	
18	2394	1	
18	12891	1	
18	9438	1	
18	8161	1	
18	17565	1	
18	20442	1	
18	5414	1	
18	12390	1	
18	6652	1	
18	3946	1	
18	5996	1	
18	9069	1	
18	22383	1	
18	15216	1	
18	22385	1	
18	183	1	
18	21619	1	
18	19060	1	
18	1141	1	
18	12663	1	
18	12151	1	
18	17788	1	
18	14717	1	
18	1534	1	
19	8579	1	
19	13316	1	
19	18185	1	
19	4364	1	
19	22032	1	
19	17539	1	
19	22551	1	
19	15128	1	
19	19098	1	
19	8988	2	
19	15133	1	
19	22303	1	
19	17696	1	
19	15266	1	
19	22181	1	
19	13937	1	
19	11292	1	
19	15532	1	
19	2990	1	
19	7088	1	
19	9777	1	
19	12481	1	
19	1092	1	
19	2375	1	
19	13389	1	
19	9167	2	
19	18769	1	
19	5586	1	
19	4691	1	
19	14677	2	
19	20440	1	
19	7897	2	
19	19041	1	
19	1763	2	
19	9831	1	
19	15976	1	
19	12656	1	
19	2289	1	
19	21618	1	
19	16416	1	
19	1141	1	
19	2166	1	
19	20600	1	
19	1147	1	
19	7420	1	
19	12670	1	
20	11777	1	
20	18946	1	
20	17424	1	
20	10774	1	
20	17435	2	
20	1564	1	
20	3113	1	
20	1578	1	
20	17970	1	
20	11832	1	
20	5691	1	
20	12352	1	
20	10308	1	
20	14993	1	
20	15432	1	
20	15456	1	
20	17000	1	
20	13937	3	
20	13428	1	
20	1141	1	
20	6774	1	
20	1163	1	
20	6801	1	
20	19094	2	
20	18072	1	
20	13979	1	
20	14277	1	
20	9889	1	
20	20133	1	
20	679	1	
20	6826	1	
20	19124	1	
20	3770	1	
20	8892	1	
20	19133	1	
20	16062	1	
20	11969	1	
20	11469	1	
20	5840	1	
20	12498	1	
20	22232	1	
20	11994	1	
20	13532	1	
20	2271	1	
20	2273	1	
20	7400	1	
20	8425	1	
20	20717	1	
20	14592	1	
20	3339	1	
20	4364	1	
20	15128	1	
20	17696	1	
20	20260	1	
20	7463	1	
20	5929	1	
20	22319	1	
20	12602	1	
20	10043	3	
20	12746	1	
20	3393	1	
20	21319	1	
20	18767	1	
20	11600	1	
20	12625	1	
20	11604	1	
20	14677	1	
20	7010	1	
20	12091	2	
20	17041	1	
20	8553	1	
20	8042	1	
20	15216	1	
20	22385	1	
20	19347	1	
20	19336	1	
20	8592	1	
20	7571	1	
20	20384	1	
20	21419	1	
20	22453	1	
20	8636	3	
20	8641	1	
20	21957	2	
20	11719	1	
20	21962	2	
20	15820	1	
20	9684	1	
20	7637	1	
20	9686	1	
20	8153	1	
20	4571	1	
20	18769	1	
20	9194	1	
20	10225	1	
20	12279	1	
20	16890	1	
20	11771	3	
20	6652	2	
20	11946	1	
20	6142	1	
21	12288	1	
21	2179	1	
21	7306	1	
21	10510	1	
21	16271	1	
21	16664	1	
21	18579	1	
21	13516	1	
21	15128	1	
21	17435	2	
21	9245	1	
21	18080	1	
21	3113	1	
21	9901	1	
21	5917	1	
21	10545	1	
21	17996	1	
21	7481	1	
21	20794	1	
21	10300	1	
21	13450	1	
21	7870	1	
21	15808	1	
21	8641	1	
21	7633	1	
21	2243	1	
21	19140	1	
21	6732	2	
21	12746	2	
21	13388	1	
21	9424	1	
21	19153	1	
21	10452	1	
21	6741	1	
21	18904	1	
21	16092	1	
21	7645	1	
21	7397	1	
21	22369	1	
21	19426	1	
21	9955	1	
21	1765	1	
21	3943	1	
21	8636	1	
21	15850	1	
21	21613	1	
21	18030	2	
21	20816	1	
21	15986	1	
21	464	2	
21	11381	1	
21	3702	1	
21	4969	1	
21	2442	1	
21	5246	1	
21	14677	1	
22	7968	1	
22	16481	1	
22	16898	1	
22	8387	1	
22	646	1	
22	7180	1	
22	1163	1	
22	13388	1	
22	6690	1	
22	15855	1	
22	17424	2	
22	21619	1	
22	12916	1	
22	11381	1	
22	10552	1	
22	3772	1	
22	18389	1	
23	7938	2	
23	16131	1	
23	15621	1	
23	1800	1	
23	17290	1	
23	395	1	
23	17424	3	
23	7963	1	
23	8988	1	
23	18086	1	
23	2993	1	
23	7471	3	
23	9777	2	
23	12091	1	
23	11708	1	
23	8641	1	
23	20547	1	
23	21195	1	
23	5325	2	
23	6477	1	
23	13141	1	
23	4090	1	
23	18686	1	
24	545	1	
24	21161	1	
24	3171	1	
24	646	2	
24	9543	1	
24	6760	1	
24	6732	1	
24	7147	1	
24	15820	1	
24	17424	3	
24	855	1	
24	9047	2	
24	13912	1	
24	18458	1	
24	13979	1	
24	12700	1	
24	474	1	
24	8033	1	
25	7937	1	
25	11444	1	
25	13316	1	
25	1669	1	
25	646	1	
25	8449	1	
25	15532	1	
25	2442	1	
25	17163	1	
25	4364	4	
25	6669	1	
25	5554	2	
25	13388	1	
25	9237	1	
25	13207	1	
25	17435	1	
25	15772	1	
25	15774	1	
25	7455	1	
25	17184	1	
25	18081	1	
25	8619	1	
25	15660	2	
25	4013	1	
25	10798	1	
25	15119	2	
25	17424	1	
25	9777	1	
25	1074	1	
25	4019	1	
25	7732	1	
25	8502	1	
25	12471	1	
25	2360	1	
25	4404	1	
25	8378	1	
25	9404	2	
25	4029	1	
25	7870	1	
25	12746	1	
25	20384	2	
25	16194	1	
25	3339	1	
25	21613	1	
25	7495	1	
25	10185	1	
25	11850	1	
25	15666	1	
25	6732	1	
25	20429	1	
25	9294	1	
25	18128	1	
25	21586	1	
25	5460	1	
25	7765	1	
25	15575	1	
25	20057	1	
25	2394	1	
25	18267	2	
25	395	1	
25	3037	1	
25	22238	1	
25	8161	1	
25	15460	1	
25	8037	1	
25	7655	1	
25	1767	1	
25	18156	1	
25	9069	1	
25	14574	1	
25	13501	1	
25	9587	1	
25	22585	1	
25	2166	1	
25	12663	1	
25	1147	1	
25	18046	1	
25	21	1	
