1	14592	1	
1	12673	1	
1	19718	1	
1	14475	1	
1	4364	2	
1	15448	1	
1	2606	1	
1	6806	1	
1	17818	1	
1	7471	1	
1	20260	1	
1	6790	1	
1	3627	1	
1	22188	1	
1	16301	1	
1	16430	1	
1	21295	1	
1	16432	1	
1	19124	1	
1	2747	1	
1	8892	1	
1	12734	1	
1	15808	2	
1	8641	1	
1	12354	1	
1	13252	2	
1	19397	2	
1	15432	1	
1	13769	2	
1	20427	1	
1	13388	1	
1	9167	1	
1	9684	1	
1	14677	1	
1	9047	1	
1	9816	1	
1	18905	1	
1	17373	1	
1	7647	1	
1	2914	1	
1	740	1	
1	18022	1	
1	9831	1	
1	9069	1	
1	18030	1	
1	12656	1	
1	18289	1	
1	1140	2	
1	1141	1	
1	22262	1	
1	21757	1	
1	21845	1	
2	18817	1	
2	16260	1	
2	18185	1	
2	13229	1	
2	2196	1	
2	22551	2	
2	5400	1	
2	5919	1	
2	19238	1	
2	20519	1	
2	683	1	
2	8236	2	
2	14509	1	
2	9139	1	
2	6331	1	
2	13884	1	
2	13118	2	
2	9791	1	
2	1092	1	
2	13255	1	
2	13769	1	
2	9418	1	
2	13388	1	
2	12878	1	
2	8144	1	
2	12625	1	
2	12153	2	
2	11612	1	
2	8797	1	
2	2911	1	
2	2407	1	
2	5864	1	
2	10407	1	
2	20205	1	
2	12656	2	
2	3060	2	
2	4601	1	
3	12288	1	
3	9729	1	
3	5131	1	
3	4116	1	
3	22551	2	
3	1562	1	
3	1564	1	
3	20519	2	
3	9361	1	
3	22571	1	
3	3629	1	
3	20014	1	
3	1076	1	
3	18492	1	
3	12872	1	
3	13388	1	
3	5200	1	
3	598	1	
3	22119	1	
3	6760	1	
3	19050	1	
3	21613	1	
3	11887	1	
3	6770	1	
3	4217	1	
3	13435	1	
3	5246	1	
3	6790	1	
3	8641	1	
3	7313	1	
3	4035	1	
3	16544	1	
3	2416	1	
3	8871	1	
3	13994	1	
3	22198	1	
3	19133	1	
3	9918	1	
3	10944	1	
3	2244	1	
3	13516	1	
3	6864	1	
3	4818	2	
3	1747	1	
3	6868	1	
3	15575	1	
3	9435	1	
3	16094	1	
3	15583	1	
3	20706	1	
3	2278	1	
3	6375	1	
3	8425	2	
3	4647	1	
3	12012	1	
3	5869	1	
3	2289	1	
3	18674	1	
3	17141	1	
3	8954	1	
3	4868	1	
3	19208	1	
3	1751	1	
3	10517	1	
3	13078	1	
3	16857	1	
3	15128	1	
3	2843	1	
3	19741	1	
3	19746	1	
3	17703	1	
3	20780	1	
3	7471	1	
3	5936	1	
3	15666	1	
3	18065	1	
3	2873	1	
3	21828	1	
3	9543	1	
3	6984	1	
3	9033	1	
3	9035	1	
3	3919	1	
3	14673	1	
3	5433	1	
3	21850	1	
3	9563	1	
3	11612	1	
3	3217	1	
3	8043	1	
3	9069	2	
3	879	1	
3	9072	1	
3	22386	1	
3	19347	1	
3	20343	1	
3	12666	1	
3	10625	1	
3	7044	1	
3	22418	1	
3	17811	1	
3	917	1	
3	14743	1	
3	8607	1	
3	19873	1	
3	20388	1	
3	22442	2	
3	17323	1	
3	12716	1	
3	8636	1	
3	15809	1	
3	8131	1	
3	19397	1	
3	11207	1	
3	19405	1	
3	3023	1	
3	3536	1	
3	11218	1	
3	18391	1	
3	20900	1	
3	21984	1	
3	7650	1	
3	6118	1	
3	4945	1	
3	1526	1	
3	5623	1	
3	4603	1	
3	4604	1	
3	22186	1	
4	14081	1	
4	19332	1	
4	9918	1	
4	11398	1	
4	4999	1	
4	15880	1	
4	395	1	
4	6741	1	
4	10510	1	
4	14509	1	
4	22551	2	
4	9755	1	
4	9244	1	
4	10909	1	
4	2846	1	
4	19397	1	
4	17996	1	
4	18267	1	
4	20260	1	
4	19740	1	
4	22442	1	
4	3627	1	
4	8236	1	
4	1069	1	
4	15709	1	
4	16432	1	
4	9777	1	
4	1076	1	
4	12341	1	
4	8636	1	
4	7870	1	
4	1141	1	
4	3392	1	
4	8641	1	
4	20303	2	
4	19396	1	
4	2245	1	
4	15817	1	
4	20427	1	
4	13516	1	
4	5838	1	
4	9167	1	
4	17490	1	
4	595	1	
4	10709	3	
4	15575	1	
4	15322	1	
4	15119	2	
4	11898	1	
4	3553	1	
4	16229	1	
4	5863	1	
4	15976	3	
4	12778	1	
4	2407	1	
4	8556	1	
4	21617	2	
4	3954	1	
4	8787	1	
4	1140	1	
4	12350	1	
4	20216	1	
4	4217	2	
4	12026	1	
4	12010	1	
4	14677	1	
5	8449	2	
5	17899	1	
5	8709	1	
5	20234	1	
5	22032	1	
5	19347	1	
5	9876	1	
5	19350	1	
5	14488	1	
5	797	1	
5	16543	1	
5	20000	1	
5	15266	1	
5	7463	1	
5	22442	2	
5	3760	1	
5	12343	1	
5	3386	1	
5	11963	1	
5	8636	1	
5	21311	2	
5	8641	5	
5	4035	2	
5	15432	1	
5	20297	1	
5	20299	1	
5	9170	1	
5	14677	1	
5	7638	1	
5	11992	1	
5	17241	1	
5	2394	1	
5	18267	1	
5	3258	1	
5	17184	1	
5	22369	1	
5	13411	1	
5	740	1	
5	10987	1	
5	7918	1	
5	1141	2	
5	12151	1	
5	4601	1	
5	4475	1	
6	4624	1	
6	16913	1	
6	13331	1	
6	19476	1	
6	1564	1	
6	12842	1	
6	15404	1	
6	1074	1	
6	1076	2	
6	12341	1	
6	6713	2	
6	10823	1	
6	6732	1	
6	12878	1	
6	13392	1	
6	13909	1	
6	13398	1	
6	12816	2	
6	19555	1	
6	19900	1	
6	18030	2	
6	14969	1	
6	2171	1	
6	5246	1	
6	1664	2	
6	1669	1	
6	6791	1	
6	4238	1	
6	17041	1	
6	20130	1	
6	13475	1	
6	3762	1	
6	18108	1	
6	19133	2	
6	10442	1	
6	1744	2	
6	10452	1	
6	1751	1	
6	10972	1	
6	19408	1	
6	1766	2	
6	5870	1	
6	18174	1	
6	19718	1	
6	9483	1	
6	4364	1	
6	7952	1	
6	2834	1	
6	4884	1	
6	10517	1	
6	5914	1	
6	15575	1	
6	7457	1	
6	15651	1	
6	12585	1	
6	15666	1	
6	21305	1	
6	4414	1	
6	16195	1	
6	12625	1	
6	14680	1	
6	17241	1	
6	18267	4	
6	11612	3	
6	360	1	
6	15723	1	
6	9069	1	
6	879	1	
6	1921	1	
6	10128	1	
6	3395	1	
6	917	1	
6	21912	1	
6	8607	1	
6	18853	2	
6	19879	1	
6	12716	1	
6	8636	2	
6	5567	1	
6	4035	1	
6	5579	1	
6	3536	3	
6	7633	1	
6	14306	1	
6	19943	1	
6	7147	1	
6	14316	1	
6	8685	1	
6	15855	1	
6	2035	1	
6	18420	1	
6	4601	1	
6	4602	1	
6	4604	1	
7	14592	2	
7	16901	1	
7	13334	1	
7	8229	1	
7	8232	1	
7	19208	1	
7	13883	1	
7	18784	1	
7	7236	1	
7	15433	1	
7	13388	1	
7	592	1	
7	9299	1	
7	13398	3	
7	15119	2	
7	19042	1	
7	18030	2	
7	5745	1	
7	4723	1	
7	1141	1	
7	2166	1	
7	6775	1	
7	10360	1	
7	14969	2	
7	18042	1	
7	14973	1	
7	13445	1	
7	13979	1	
7	4766	1	
7	18080	1	
7	13490	2	
7	19124	1	
7	12471	1	
7	22200	3	
7	21692	1	
7	19133	1	
7	704	1	
7	10436	1	
7	1733	1	
7	11471	1	
7	1744	1	
7	14033	1	
7	20695	1	
7	7888	1	
7	1763	1	
7	5863	1	
7	22252	1	
7	9453	1	
7	11511	1	
7	8954	1	
7	11008	1	
7	1798	1	
7	7432	4	
7	7433	3	
7	18191	1	
7	7952	1	
7	8989	1	
7	19718	1	
7	19238	1	
7	2344	1	
7	3883	1	
7	21300	1	
7	5433	1	
7	21311	1	
7	7492	1	
7	17223	1	
7	20299	1	
7	21305	4	
7	13658	1	
7	18267	1	
7	15710	1	
7	22368	1	
7	2914	1	
7	8554	1	
7	3954	1	
7	21878	1	
7	12663	1	
7	16260	1	
7	9617	1	
7	916	1	
7	21912	1	
7	8607	1	
7	16800	1	
7	22442	4	
7	8636	2	
7	16831	1	
7	4038	2	
7	13255	1	
7	16346	1	
7	13276	1	
7	19938	2	
7	8685	1	
7	4601	1	
7	4602	1	
8	1408	1	
8	8449	3	
8	13316	2	
8	1669	1	
8	4364	1	
8	5005	1	
8	15119	1	
8	22551	1	
8	16544	1	
8	15664	1	
8	13532	1	
8	22442	1	
8	15276	1	
8	9901	1	
8	8238	1	
8	7216	1	
8	12342	1	
8	20547	2	
8	20038	1	
8	6732	2	
8	12878	1	
8	8144	1	
8	7380	1	
8	18267	1	
8	11612	1	
8	10206	1	
8	1744	5	
8	4601	1	
8	4602	1	
8	14973	1	
9	12288	1	
9	1032	2	
9	22032	1	
9	19476	1	
9	6690	1	
9	547	1	
9	16432	1	
9	20019	1	
9	1076	1	
9	7222	1	
9	12345	1	
9	20547	2	
9	6732	3	
9	12878	1	
9	5816	1	
9	6741	1	
9	599	1	
9	15449	1	
9	18528	1	
9	16998	1	
9	22119	1	
9	8636	2	
9	8810	1	
9	14868	1	
9	20605	1	
9	1669	1	
9	11398	1	
9	11913	1	
9	15503	1	
9	8338	1	
9	16543	1	
9	18080	1	
9	15522	1	
9	683	1	
9	19124	1	
9	12471	1	
9	22200	1	
9	7870	1	
9	13516	1	
9	1744	3	
9	15574	1	
9	14584	1	
9	1280	1	
9	8449	3	
9	19204	2	
9	7432	1	
9	4364	1	
9	15119	2	
9	2834	1	
9	17184	1	
9	19760	1	
9	19238	1	
9	7463	1	
9	2344	1	
9	11568	1	
9	7477	1	
9	16695	1	
9	5433	2	
9	17212	1	
9	831	1	
9	9548	1	
9	17229	1	
9	4945	1	
9	2899	1	
9	8533	1	
9	18267	1	
9	22368	1	
9	20343	1	
9	12153	1	
9	1918	1	
9	16776	1	
9	8771	3	
9	15773	2	
9	16799	1	
9	4000	1	
9	15266	1	
9	22442	2	
9	9145	1	
9	19900	2	
9	9292	1	
9	8650	1	
9	13771	1	
9	1501	1	
9	19939	1	
9	999	1	
9	12781	1	
9	500	1	
9	1526	1	
9	4601	1	
9	4602	1	
9	12799	1	
9	4604	1	
9	18005	2	
10	14592	1	
10	6145	1	
10	1032	1	
10	1803	3	
10	22032	1	
10	19347	1	
10	1710	1	
10	10263	1	
10	10436	1	
10	6554	1	
10	15771	1	
10	15772	1	
10	11294	1	
10	4511	2	
10	8995	1	
10	7332	1	
10	20519	2	
10	19113	1	
10	18866	2	
10	16302	1	
10	21295	1	
10	3762	1	
10	7988	1	
10	12341	1	
10	7095	2	
10	15800	1	
10	21305	2	
10	18975	1	
10	8892	1	
10	19133	1	
10	20798	1	
10	12354	1	
10	14148	1	
10	13516	1	
10	15434	1	
10	22220	1	
10	17229	1	
10	12878	1	
10	2640	1	
10	17490	1	
10	2003	1	
10	13398	1	
10	5433	1	
10	18267	2	
10	15199	1	
10	16229	1	
10	15216	1	
10	3954	1	
10	16374	1	
10	22551	1	
11	14592	2	
11	12673	1	
11	1032	1	
11	12567	1	
11	14992	1	
11	22551	1	
11	9241	1	
11	3099	1	
11	7714	1	
11	22442	1	
11	19375	1	
11	7216	1	
11	12341	1	
11	3126	1	
11	5433	2	
11	12354	1	
11	5831	1	
11	14283	1	
11	13516	1	
11	15266	2	
11	12878	2	
11	4440	1	
11	18267	1	
11	18528	1	
11	18022	1	
11	9831	1	
11	2025	1	
11	19943	1	
11	879	1	
11	885	1	
11	4603	1	
12	14592	1	
12	19571	1	
12	13316	2	
12	18181	1	
12	1032	2	
12	16777	2	
12	5649	1	
12	1803	1	
12	4364	1	
12	13453	2	
12	13710	2	
12	12589	1	
12	16657	1	
12	19332	1	
12	19610	1	
12	13723	1	
12	9244	1	
12	16372	1	
12	14751	1	
12	13428	1	
12	15266	1	
12	931	1	
12	20260	1	
12	945	1	
12	1564	1	
12	22442	1	
12	8236	1	
12	8749	1	
12	9583	1	
12	879	1	
12	18056	1	
12	6968	1	
12	1459	1	
12	13061	1	
12	18569	1	
12	3339	1	
12	5433	1	
12	12716	1	
12	21621	1	
12	8641	1	
12	17675	1	
12	19397	1	
12	11334	1	
12	13516	3	
12	12746	2	
12	20427	1	
12	17996	1	
12	9167	1	
12	6736	1	
12	15441	1	
12	19922	1	
12	11603	1	
12	17109	1	
12	592	1	
12	4943	1	
12	2911	1	
12	12624	1	
12	19938	1	
12	15855	1	
12	21605	1	
12	5841	1	
12	8425	2	
12	18030	1	
12	18287	1	
12	21616	1	
12	21617	3	
12	16242	1	
12	2899	1	
12	884	1	
12	6773	1	
12	12663	1	
12	8421	1	
12	505	1	
12	14970	1	
12	3327	1	
12	22140	3	
12	21629	1	
12	1918	1	
12	12799	1	
13	13316	1	
13	11789	1	
13	4116	1	
13	19478	1	
13	5636	1	
13	1564	1	
13	11307	1	
13	1068	1	
13	8236	1	
13	3638	1	
13	20025	1	
13	13884	1	
13	12350	1	
13	13891	1	
13	4677	1	
13	13388	1	
13	6733	1	
13	12878	2	
13	20343	1	
13	20570	1	
13	20571	1	
13	3173	1	
13	3171	1	
13	21605	1	
13	21613	1	
13	18030	3	
13	5231	1	
13	5232	1	
13	21617	2	
13	22131	2	
13	2164	2	
13	14456	1	
13	21627	1	
13	20094	1	
13	13444	1	
13	13445	1	
13	646	1	
13	1163	1	
13	13453	1	
13	17041	1	
13	14994	1	
13	16035	1	
13	12453	2	
13	9895	1	
13	4776	1	
13	4779	1	
13	17069	2	
13	20142	1	
13	19124	1	
13	12151	1	
13	18948	1	
13	14033	2	
13	17107	1	
13	1829	1	
13	19716	1	
13	8913	1	
13	8425	2	
13	14574	1	
13	7938	1	
13	13060	1	
13	18181	1	
13	13062	5	
13	18185	2	
13	20234	1	
13	4364	1	
13	15630	1	
13	17188	1	
13	8838	1	
13	15660	1	
13	2351	1	
13	5425	1	
13	10206	1	
13	16265	1	
13	7481	1	
13	12091	1	
13	21310	1	
13	19275	1	
13	11600	1	
13	15246	1	
13	9558	1	
13	5433	3	
13	17241	1	
13	18267	2	
13	360	1	
13	6002	1	
13	16243	1	
13	13175	1	
13	8569	1	
13	12673	1	
13	16771	1	
13	9606	1	
13	1415	1	
13	8585	1	
13	19854	1	
13	18841	1	
13	12700	1	
13	13727	1	
13	4000	1	
13	10154	1	
13	4012	1	
13	6075	1	
13	20384	1	
13	11714	1	
13	9035	1	
13	19401	1	
13	11726	1	
13	13389	1	
13	13776	1	
13	7633	1	
13	14806	1	
13	8153	1	
13	19422	1	
13	7650	1	
13	18420	1	
14	1280	1	
14	12673	1	
14	14466	1	
14	10499	1	
14	19332	1	
14	6790	2	
14	16775	1	
14	3627	1	
14	2443	1	
14	3084	2	
14	20366	1	
14	3636	1	
14	18960	1	
14	13592	1	
14	4115	1	
14	4884	1	
14	18030	2	
14	22551	2	
14	21912	1	
14	13316	1	
14	1818	1	
14	9237	1	
14	4509	1	
14	5806	1	
14	8238	2	
14	9606	1	
14	11889	1	
14	20648	1	
14	10410	1	
14	10411	1	
14	22188	1	
14	12589	1	
14	3758	1	
14	9075	1	
14	16308	1	
14	12471	1	
14	11192	1	
14	18574	1	
14	6459	1	
14	19900	1	
14	21949	1	
14	22464	1	
14	193	1	
14	12631	1	
14	10436	1	
14	17990	1	
14	1036	1	
14	13452	1	
14	1099	1	
14	6732	1	
14	12878	2	
14	9423	1	
14	15184	1	
14	15660	1	
14	19124	1	
14	10965	1	
14	13398	1	
14	5433	2	
14	18267	1	
14	13532	1	
14	19549	1	
14	17806	1	
14	13440	1	
14	740	1	
14	21605	1	
14	3943	2	
14	19048	1	
14	1468	1	
14	15723	1	
14	12089	1	
14	4590	3	
14	9583	1	
14	14448	2	
14	15976	1	
14	4723	1	
14	4725	1	
14	4364	1	
14	8569	1	
14	11770	1	
14	5119	1	
14	20989	1	
14	19349	1	
15	11008	1	
15	6464	1	
15	6146	1	
15	14595	1	
15	13654	1	
15	11398	1	
15	22188	1	
15	395	1	
15	14722	1	
15	1167	1	
15	15574	1	
15	19347	1	
15	4884	1	
15	9755	1	
15	13474	1	
15	1829	1	
15	20519	1	
15	22442	1	
15	14123	1	
15	15660	3	
15	16275	1	
15	20014	1	
15	7471	1	
15	9777	1	
15	16434	2	
15	19124	1	
15	5433	2	
15	8378	1	
15	12604	1	
15	1469	1	
15	3520	1	
15	12354	1	
15	195	1	
15	19396	1	
15	2119	1	
15	13516	2	
15	13389	1	
15	12878	1	
15	15117	1	
15	2899	1	
15	3413	1	
15	4438	1	
15	855	1	
15	4440	1	
15	20954	1	
15	7010	1	
15	15199	1	
15	12897	1	
15	4834	1	
15	4451	1	
15	21613	1	
15	18030	2	
15	13681	1	
15	19058	1	
15	20851	1	
15	1140	1	
15	805	1	
15	2166	1	
15	11511	1	
15	17146	1	
15	11007	1	
16	18818	1	
16	4868	1	
16	3927	1	
16	13453	1	
16	1069	1	
16	5264	1	
16	9244	1	
16	4013	1	
16	16432	1	
16	16049	1	
16	10040	1	
16	12345	1	
16	11835	1	
16	8892	1	
16	1855	1	
16	8641	1	
16	3650	1	
16	19396	2	
16	15432	1	
16	15820	1	
16	17996	1	
16	9167	1	
16	6741	2	
16	19543	1	
16	1375	1	
16	15971	1	
16	9069	1	
16	20851	1	
16	632	1	
16	633	1	
16	22140	1	
16	10114	1	
17	4267	1	
17	14725	1	
17	646	1	
17	1544	1	
17	14985	1	
17	4364	1	
17	10510	1	
17	15404	1	
17	3731	1	
17	19476	1	
17	22295	1	
17	7683	1	
17	9247	2	
17	20385	1	
17	16418	1	
17	11334	1	
17	19238	1	
17	17066	1	
17	683	2	
17	22188	1	
17	685	1	
17	2990	1	
17	8236	1	
17	2608	1	
17	11444	1	
17	11449	1	
17	194	1	
17	1099	1	
17	7876	1	
17	4038	1	
17	15664	1	
17	6732	2	
17	10709	1	
17	11851	1	
17	13516	1	
17	4303	1	
17	592	2	
17	2899	4	
17	6741	1	
17	21850	1	
17	18267	1	
17	19938	1	
17	19174	1	
17	5863	1	
17	1769	1	
17	8043	1	
17	9069	2	
17	19055	1	
17	8562	1	
17	13459	1	
17	633	1	
17	5119	1	
17	16252	2	
17	20010	1	
17	195	1	
18	7684	1	
18	11909	2	
18	17228	1	
18	18569	1	
18	4364	1	
18	7408	1	
18	15404	1	
18	18962	3	
18	22551	3	
18	5785	1	
18	12188	1	
18	22557	1	
18	16543	1	
18	16544	3	
18	20641	1	
18	16546	1	
18	16547	1	
18	16548	1	
18	17065	2	
18	20010	2	
18	683	1	
18	8236	1	
18	6770	1	
18	8238	4	
18	15773	1	
18	3762	1	
18	1076	1	
18	17336	1	
18	14649	1	
18	1466	2	
18	13884	1	
18	19519	1	
18	17312	1	
18	674	1	
18	17996	1	
18	13516	3	
18	10701	1	
18	2899	4	
18	2900	1	
18	12759	1	
18	2063	1	
18	602	1	
18	18267	2	
18	13532	1	
18	13242	1	
18	9171	1	
18	20882	1	
18	15856	1	
18	13937	1	
18	3954	1	
18	4723	1	
18	20468	1	
18	632	1	
18	5119	1	
18	15102	1	
18	12799	1	
19	8193	1	
19	13445	1	
19	8585	1	
19	7178	1	
19	13452	1	
19	526	1	
19	16911	1	
19	20014	1	
19	22551	1	
19	19290	1	
19	9247	1	
19	16544	1	
19	17313	2	
19	20260	1	
19	17062	1	
19	10407	1	
19	17065	1	
19	20010	1	
19	16543	1	
19	14509	1	
19	8238	1	
19	7471	1	
19	5301	3	
19	1465	1	
19	1466	1	
19	15903	1	
19	10428	1	
19	3652	1	
19	7237	1	
19	13129	1	
19	13516	1	
19	9167	1	
19	13778	1	
19	2446	1	
19	12007	1	
19	21210	1	
19	20701	1	
19	22368	1	
19	13159	1	
19	21180	1	
19	3946	1	
19	12391	1	
19	9069	3	
19	14574	1	
19	7409	1	
19	8306	1	
19	14324	1	
19	3113	1	
19	4601	1	
19	11514	1	
19	19157	1	
20	12288	2	
20	8192	1	
20	5635	2	
20	7684	2	
20	7687	2	
20	22030	1	
20	18960	1	
20	9233	1	
20	4526	1	
20	13316	1	
20	7707	1	
20	11935	1	
20	22557	1	
20	9247	1	
20	18467	1	
20	20519	2	
20	20010	7	
20	6699	1	
20	20012	2	
20	5677	1	
20	20014	2	
20	16432	1	
20	1074	2	
20	20019	2	
20	19519	1	
20	12354	1	
20	8260	1	
20	12360	1	
20	22119	1	
20	22121	1	
20	17016	1	
20	633	1	
20	10365	1	
20	15486	1	
20	5248	1	
20	11909	1	
20	11913	1	
20	18571	1	
20	20112	1	
20	12433	1	
20	14994	1	
20	11931	1	
20	9887	1	
20	16544	2	
20	16548	4	
20	19622	1	
20	16543	1	
20	3758	1	
20	17093	1	
20	13516	1	
20	20686	1	
20	20692	2	
20	11477	1	
20	1766	1	
20	5867	1	
20	22252	1	
20	16625	1	
20	18686	2	
20	15317	1	
20	15616	1	
20	22275	1	
20	22276	1	
20	10510	1	
20	13080	1	
20	19741	1	
20	15648	1	
20	9000	1	
20	1835	1	
20	7219	1	
20	14473	1	
20	2873	1	
20	17212	1	
20	3395	1	
20	10568	1	
20	13129	1	
20	12625	1	
20	2899	3	
20	20281	1	
20	17242	1	
20	7520	1	
20	22369	1	
20	9071	2	
20	12663	1	
20	7546	1	
20	7039	1	
20	897	1	
20	2947	1	
20	9093	1	
20	20877	1	
20	11662	1	
20	22418	1	
20	17811	1	
20	18841	1	
20	12700	1	
20	15773	2	
20	7081	1	
20	4012	1	
20	2990	2	
20	12212	2	
20	17336	1	
20	17339	1	
20	19900	1	
20	13249	1	
20	4547	1	
20	3528	2	
20	15863	1	
20	10709	1	
20	7644	1	
20	10065	1	
20	5623	1	
20	16890	1	
20	12799	1	
21	1280	1	
21	15491	1	
21	11524	1	
21	16193	1	
21	13452	1	
21	13453	1	
21	16910	1	
21	12048	1	
21	22551	1	
21	7556	1	
21	8861	1	
21	15903	1	
21	17312	1	
21	4773	1	
21	20010	1	
21	8236	1	
21	12589	1	
21	20014	1	
21	15648	1	
21	20424	1	
21	1076	1	
21	5433	1	
21	16190	1	
21	17855	1	
21	16544	1	
21	8771	1	
21	22086	1	
21	15432	2	
21	15948	1	
21	1482	1	
21	588	1	
21	6864	1	
21	910	1	
21	1936	1	
21	7780	1	
21	10096	1	
21	10360	1	
21	4602	1	
21	191	1	
21	7548	1	
21	10365	1	
21	5119	1	
22	13316	1	
22	522	1	
22	4623	1	
22	17436	1	
22	21028	1	
22	18981	1	
22	4647	1	
22	3113	1	
22	22571	2	
22	8236	1	
22	22076	1	
22	8766	1	
22	1089	1	
22	4674	1	
22	5189	1	
22	15432	2	
22	585	1	
22	14924	1	
22	13908	1	
22	12888	1	
22	22082	1	
22	12891	1	
22	15971	1	
22	19556	1	
22	21609	1	
22	19050	1	
22	21613	1	
22	19056	1	
22	21617	1	
22	6770	2	
22	1140	1	
22	2680	1	
22	14969	1	
22	2173	1	
22	18046	1	
22	13440	1	
22	22464	1	
22	8043	2	
22	584	2	
22	11913	1	
22	13453	1	
22	13388	1	
22	8387	1	
22	15509	2	
22	19094	1	
22	4762	1	
22	16548	1	
22	4773	2	
22	10407	1	
22	10409	1	
22	22188	1	
22	5806	1	
22	9398	1	
22	12471	1	
22	7867	1	
22	7869	1	
22	6847	1	
22	22211	1	
22	15574	1	
22	12505	1	
22	4826	1	
22	7901	1	
22	12510	2	
22	10975	1	
22	9955	1	
22	21740	1	
22	4339	1	
22	15611	1	
22	15616	4	
22	14081	1	
22	4651	2	
22	15621	2	
22	6408	1	
22	20234	1	
22	3339	1	
22	7952	1	
22	4884	1	
22	7960	1	
22	1412	1	
22	7963	3	
22	19740	1	
22	16673	1	
22	19238	2	
22	15660	1	
22	7471	3	
22	19764	2	
22	19765	1	
22	12091	1	
22	6464	1	
22	20298	1	
22	19276	2	
22	6477	1	
22	12624	1	
22	21330	1	
22	14677	2	
22	15709	1	
22	19294	1	
22	4960	1	
22	15713	1	
22	18793	1	
22	2922	1	
22	7531	1	
22	9069	2	
22	18293	1	
22	16260	1	
22	1918	1	
22	1922	2	
22	7044	2	
22	22252	1	
22	909	2	
22	910	2	
22	20882	1	
22	5017	1	
22	5019	4	
22	22442	2	
22	5551	1	
22	4017	1	
22	5554	1	
22	7611	1	
22	15805	1	
22	15808	1	
22	15809	1	
22	15811	1	
22	15436	1	
22	20427	1	
22	9169	1	
22	1090	1	
22	10218	1	
22	494	1	
22	11760	1	
22	4601	2	
22	11771	2	
22	11605	1	
23	13316	2	
23	19461	1	
23	7180	1	
23	4528	1	
23	16432	1	
23	1089	1	
23	12354	1	
23	20547	1	
23	17996	1	
23	13389	1	
23	14429	1	
23	5728	1	
23	8306	1	
23	4723	1	
23	1141	1	
23	21627	2	
23	10879	1	
23	8323	1	
23	11909	2	
23	20103	1	
23	13453	1	
23	6773	1	
23	14992	1	
23	3217	1	
23	20626	1	
23	15508	3	
23	20639	1	
23	14509	1	
23	5816	1	
23	188	1	
23	189	1	
23	10357	1	
23	13516	1	
23	1744	2	
23	17109	1	
23	12505	1	
23	13532	1	
23	10973	1	
23	12510	1	
23	7392	1	
23	15585	1	
23	2275	1	
23	7396	1	
23	5864	1	
23	22252	1	
23	2814	1	
23	15616	2	
23	8449	1	
23	19715	1	
23	15621	1	
23	19718	1	
23	6921	1	
23	19723	1	
23	4364	1	
23	783	1	
23	10515	1	
23	13081	1	
23	6938	2	
23	7964	1	
23	14469	1	
23	19243	1	
23	15660	3	
23	15664	1	
23	19765	1	
23	6458	1	
23	3392	1	
23	1857	1	
23	3398	1	
23	13127	2	
23	19275	1	
23	13650	1	
23	2914	1	
23	18267	1	
23	14690	1	
23	13161	1	
23	9069	1	
23	6527	1	
23	9093	2	
23	10636	1	
23	909	2	
23	910	1	
23	401	1	
23	18841	1	
23	21914	1	
23	14751	1	
23	6052	1	
23	1454	2	
23	4016	2	
23	4541	1	
23	22464	1	
23	12238	1	
23	17872	1	
23	9169	1	
23	7637	1	
23	16804	1	
23	10205	1	
23	18911	2	
23	8684	1	
23	494	1	
23	11771	1	
23	4604	1	
23	10749	1	
23	12799	1	
24	15616	1	
24	9072	1	
24	17162	1	
24	19716	1	
24	1089	1	
24	14985	1	
24	9610	1	
24	10510	1	
24	12510	1	
24	9647	1	
24	14485	1	
24	10262	1	
24	7960	1	
24	2713	1	
24	22426	1	
24	7963	1	
24	7964	1	
24	22557	1	
24	17184	2	
24	545	1	
24	12110	1	
24	19243	1	
24	15660	3	
24	8749	1	
24	14429	1	
24	17839	1	
24	4017	1	
24	4019	1	
24	1076	1	
24	19765	1	
24	4534	1	
24	20297	1	
24	19124	1	
24	13242	1	
24	4541	2	
24	15322	1	
24	8641	1	
24	8387	2	
24	910	2	
24	4423	1	
24	6344	1	
24	15817	1	
24	10709	1	
24	1099	1	
24	13388	1	
24	17290	1	
24	10837	1	
24	9686	1	
24	12505	1	
24	15706	1	
24	13404	1	
24	15709	1	
24	19294	1	
24	2911	1	
24	19171	1	
24	13412	1	
24	5863	1	
24	14448	1	
24	8043	1	
24	3568	1	
24	9458	1	
24	1141	1	
24	3764	1	
24	14201	1	
24	16890	1	
24	8188	1	
24	13182	1	
24	7039	1	
25	8320	3	
25	12288	1	
25	5867	1	
25	13316	1	
25	13957	1	
25	17159	1	
25	15496	1	
25	15660	1	
25	17162	1	
25	19340	1	
25	20877	1	
25	2063	1	
25	22418	2	
25	13459	1	
25	19348	1	
25	16430	1	
25	22551	1	
25	19096	1	
25	18841	3	
25	4506	1	
25	7964	1	
25	15903	1	
25	20384	2	
25	2416	1	
25	16290	1	
25	15014	1	
25	4647	2	
25	909	1	
25	19114	1	
25	18759	1	
25	12716	1	
25	8238	1	
25	16432	1	
25	1459	1	
25	1076	1	
25	3130	1	
25	15548	1	
25	11850	1	
25	12350	1	
25	4423	3	
25	15688	6	
25	13388	1	
25	10709	1	
25	15819	1	
25	13516	1	
25	15266	1	
25	6734	2	
25	20303	1	
25	721	1	
25	4818	1	
25	4451	1	
25	22100	1	
25	12110	2	
25	505	1	
25	19407	1	
25	13532	1	
25	17530	1	
25	10206	1	
25	21599	1	
25	19938	1	
25	8035	1	
25	19716	1	
25	22119	1	
25	7018	1	
25	8043	3	
25	22252	1	
25	9069	2	
25	14448	1	
25	2407	1	
25	545	1	
25	1526	1	
25	18295	1	
25	4601	1	
25	4602	1	
25	11259	1	
25	22229	2	
26	6464	1	
26	15616	1	
26	4451	1	
26	11684	1	
26	12808	1	
26	17162	1	
26	15660	1	
26	5005	1	
26	15119	2	
26	21264	1	
26	12914	1	
26	22100	1	
26	18841	1	
26	17337	1	
26	19332	1	
26	17674	1	
26	15903	1	
27	12288	1	
27	3329	1	
27	18562	1	
27	13316	1	
27	3094	1	
27	646	1	
27	17671	1	
27	15660	2	
27	17162	1	
27	4364	1	
27	18818	1	
27	22286	1	
27	20882	1	
27	917	1	
27	10262	2	
27	21912	1	
27	8474	2	
27	8861	1	
27	17313	1	
27	11684	1	
27	15913	1	
27	20010	1	
27	3627	1	
27	22188	1	
27	7471	1	
27	14082	1	
27	15666	1	
27	12341	1	
27	8246	1	
27	14649	1	
27	10298	1	
27	19900	2	
27	1469	1	
27	10972	1	
27	2243	1	
27	4423	1	
27	15432	1	
27	15817	2	
27	11850	1	
27	13389	3	
27	9165	1	
27	14288	1	
27	248	1	
27	3321	1	
27	14682	1	
27	18267	1	
27	13404	1	
27	7645	1	
27	9695	4	
27	14176	1	
27	9697	1	
27	1482	1	
27	14435	1	
27	9831	1	
27	12394	1	
27	8043	3	
27	9069	1	
27	13167	1	
27	12624	1	
27	3313	1	
27	5364	1	
27	6773	1	
27	8822	1	
27	11049	1	
27	632	1	
27	4601	2	
27	17530	1	
27	21104	1	
27	4604	1	
27	17066	1	
27	9726	1	
28	15751	1	
28	15496	1	
28	11913	1	
28	10510	2	
28	1069	1	
28	13078	1	
28	9244	1	
28	11632	1	
28	16418	1	
28	20260	1	
28	5799	1	
28	22186	1	
28	683	1	
28	3629	1	
28	10545	1	
28	3130	1	
28	999	1	
28	2104	1	
28	12345	1	
28	18746	1	
28	9918	2	
28	8641	1	
28	19396	1	
28	18374	1	
28	15820	1	
28	9167	1	
28	14800	1	
28	7380	1	
28	6741	1	
28	15575	2	
28	6052	1	
28	5135	1	
28	20794	1	
28	16848	1	
28	15971	1	
28	9069	3	
28	8043	1	
28	10041	1	
28	2416	1	
28	10360	1	
28	4217	1	
28	4221	1	
29	588	2	
29	6145	1	
29	16771	1	
29	4868	1	
29	14469	1	
29	16775	1	
29	17672	1	
29	14730	1	
29	18571	1	
29	4364	1	
29	2174	1	
29	19599	1	
29	17172	1	
29	13771	1	
29	22166	1	
29	22423	2	
29	4217	1	
29	18841	1	
29	1947	1	
29	22557	1	
29	11760	1	
29	7690	1	
29	12891	1	
29	4900	2	
29	21161	1	
29	8236	1	
29	9901	1	
29	2351	1	
29	16432	1	
29	5755	1	
29	9526	1	
29	12471	1	
29	12602	1	
29	7777	1	
29	19133	1	
29	12734	1	
29	1525	1	
29	9536	1	
29	3395	1	
29	9398	1	
29	11334	1	
29	13255	1	
29	12360	1	
29	6732	1	
29	3638	1	
29	15820	2	
29	9167	1	
29	4432	1	
29	8145	1	
29	17303	1	
29	18005	1	
29	15575	1	
29	18267	2	
29	16732	1	
29	19422	1	
29	21984	1	
29	9569	1	
29	10263	1	
29	7780	1	
29	8421	1	
29	16998	1	
29	12394	1	
29	8043	1	
29	8556	1	
29	2173	1	
29	11632	3	
29	22133	1	
29	10360	1	
29	15609	1	
29	12927	1	
29	11645	1	
29	13182	1	
29	20095	1	
30	5632	1	
30	10	1	
30	22551	3	
30	10265	1	
30	4635	1	
30	22557	1	
30	6699	1	
30	16432	1	
30	16434	1	
30	12350	1	
30	19519	1	
30	11334	1	
30	15436	1	
30	18516	1	
30	13912	1	
30	20571	1	
30	7780	2	
30	15976	1	
30	18030	1	
30	10357	1	
30	2166	2	
30	9125	2	
30	5755	1	
30	2173	1	
30	1669	1	
30	10889	5	
30	15499	1	
30	13452	2	
30	13459	1	
30	4246	1	
30	16547	1	
30	5799	1	
30	10408	1	
30	10409	1	
30	22186	1	
30	9388	1	
30	5816	1	
30	13516	1	
30	7380	1	
30	633	1	
30	18140	1	
30	21730	1	
30	5357	1	
30	22267	1	
30	15618	2	
30	2348	1	
30	20234	1	
30	15575	1	
30	4364	1	
30	7952	1	
30	2834	1	
30	10515	2	
30	18736	3	
30	2851	1	
30	10025	1	
30	15660	4	
30	2351	1	
30	15664	1	
30	15671	1	
30	8519	1	
30	8520	1	
30	19596	1	
30	16714	1	
30	5972	1	
30	14677	1	
30	855	1	
30	8043	2	
30	20343	1	
30	6014	2	
30	917	2	
30	18818	1	
30	9093	1	
30	8583	1	
30	17293	1	
30	17807	1	
30	22418	1	
30	494	1	
30	19350	1	
30	15772	1	
30	15774	1	
30	9121	1	
30	14754	1	
30	18341	1	
30	21930	1	
30	4013	1	
30	1459	1	
30	19900	4	
30	12735	1	
30	11714	1	
30	14807	1	
30	12760	1	
30	18911	1	
30	16366	1	
30	19796	1	
31	3584	1	
31	7937	1	
31	5867	1	
31	12805	1	
31	9606	1	
31	9863	3	
31	9608	1	
31	6153	1	
31	13194	1	
31	6155	1	
31	13452	1	
31	4037	1	
31	18191	1	
31	22032	1	
31	14993	2	
31	13459	1	
31	2196	1	
31	15641	1	
31	5898	1	
31	3097	1	
31	22426	1	
31	923	1	
31	12700	4	
31	13981	1	
31	18846	1	
31	20255	1	
31	12704	2	
31	7690	1	
31	2852	1	
31	646	1	
31	19238	1	
31	13737	1	
31	14677	1	
31	4509	2	
31	15664	1	
31	16776	1	
31	1074	2	
31	18227	1	
31	1076	1	
31	18742	2	
31	12471	2	
31	1976	1	
31	17466	1	
31	7867	2	
31	15548	3	
31	19133	1	
31	7870	1	
31	9791	1	
31	14016	1	
31	17093	1	
31	19782	1	
31	9543	2	
31	15432	1	
31	16714	2	
31	588	1	
31	9167	1	
31	8144	1	
31	10709	3	
31	9558	1	
31	4823	1	
31	2394	1	
31	1743	1	
31	8284	1	
31	21727	1	
31	10889	1	
31	10043	1	
31	9444	1	
31	2166	1	
31	2407	1	
31	3176	1	
31	10218	1	
31	8043	2	
31	21228	1	
31	9069	3	
31	3318	1	
31	4601	1	
31	13592	1	
31	7039	2	
32	7937	1	
32	17159	1	
32	22024	1	
32	18185	1	
32	17163	1	
32	4364	1	
32	21912	1	
32	13592	1	
32	15641	1	
32	13467	1	
32	14751	1	
32	2854	1	
32	10407	1	
32	683	1	
32	15660	1	
32	5815	1	
32	7982	1	
32	15408	1	
32	12471	1	
32	13880	1	
32	20026	1	
32	15548	1	
32	22589	1	
32	22464	1	
32	15170	1	
32	11334	1	
32	9543	1	
32	13388	1	
32	15435	1	
32	15820	1	
32	7180	1	
32	4049	1	
32	9170	1	
32	17881	1	
32	18267	1	
32	18911	1	
32	2914	1	
32	16740	1	
32	22252	1	
32	10889	1	
32	12010	1	
32	8556	1	
32	9069	1	
32	6760	1	
32	11511	1	
32	18175	1	
32	12799	1	
33	9125	1	
33	12103	1	
33	15432	1	
33	10889	1	
33	3626	1	
33	8043	1	
33	15660	2	
33	9069	1	
33	16527	1	
33	13200	1	
33	9777	1	
33	16524	1	
33	10357	1	
33	18678	1	
33	13079	1	
33	3703	1	
33	19900	1	
33	917	1	
34	7937	1	
34	10889	1	
34	10891	1	
34	13200	1	
34	15903	1	
34	20000	1	
34	9895	2	
34	15660	1	
34	20142	1	
34	13487	1	
34	15664	1	
34	12209	1	
34	15548	1	
34	189	1	
34	1089	1	
34	7110	1	
34	12103	1	
34	16713	1	
34	14583	1	
34	588	1	
34	719	1	
34	11868	1	
34	4960	1	
34	7780	1	
34	15849	1	
34	748	1	
34	13807	1	
34	6773	1	
34	12151	1	
34	4600	1	
34	10365	1	
34	18686	1	
35	7938	1	
35	1412	1	
35	10510	1	
35	18191	1	
35	13459	1	
35	4116	1	
35	12700	1	
35	21794	3	
35	16936	1	
35	683	2	
35	8749	1	
35	7471	1	
35	9777	1	
35	19124	1	
35	1467	1	
35	831	1	
35	4038	1	
35	13255	1	
35	13388	1	
35	5325	1	
35	14285	1	
35	858	1	
35	15581	1	
35	7867	1	
35	999	1	
35	8043	1	
35	18540	1	
35	622	1	
35	9072	1	
35	2407	1	
35	1141	1	
35	22262	1	
35	10360	1	
35	11007	1	
36	16770	1	
36	19591	1	
36	4364	1	
36	12354	1	
36	17424	1	
36	19096	1	
36	14235	1	
36	1564	1	
36	3629	2	
36	16432	1	
36	19133	1	
36	16834	1	
36	21957	1	
36	21962	1	
36	720	1	
36	5339	1	
36	21264	1	
36	9831	1	
36	8425	1	
36	9069	1	
36	4719	1	
36	15216	1	
36	17017	1	
36	11771	1	
36	2173	1	
37	12673	1	
37	14722	1	
37	4868	1	
37	1413	1	
37	19591	1	
37	4364	2	
37	13453	1	
37	12625	1	
37	16911	1	
37	4497	1	
37	15128	1	
37	10265	1	
37	22557	1	
37	15903	1	
37	20384	2	
37	14754	1	
37	1069	1	
37	9124	1	
37	22437	1	
37	17062	1	
37	6823	1	
37	9513	2	
37	15532	1	
37	3629	3	
37	19631	1	
37	19633	1	
37	1076	2	
37	17336	1	
37	19124	1	
37	13242	1	
37	16223	1	
37	19133	1	
37	3134	1	
37	14016	1	
37	18080	1	
37	22082	1	
37	13891	1	
37	21957	1	
37	11850	1	
37	13388	1	
37	13389	1	
37	12110	1	
37	3919	1	
37	19128	1	
37	7911	1	
37	14677	1	
37	855	1	
37	15773	1	
37	17188	1	
37	7994	1	
37	8158	1	
37	863	1	
37	15584	1	
37	17312	1	
37	21605	2	
37	6375	2	
37	14185	1	
37	15723	1	
37	5996	1	
37	9069	1	
37	15855	1	
37	1138	1	
37	1140	1	
37	12151	1	
37	17016	1	
37	16252	1	
37	15613	1	
37	14462	1	
38	4496	1	
38	1351	1	
38	12009	1	
38	20817	1	
38	22341	1	
38	13937	1	
38	22024	1	
38	15273	1	
38	12010	1	
38	16075	1	
38	9069	2	
38	22414	1	
38	16432	1	
38	625	1	
38	8180	1	
38	4238	1	
38	12471	1	
38	20255	1	
38	8892	1	
38	15967	1	
39	14592	1	
39	20740	1	
39	15809	1	
39	395	1	
39	4366	1	
39	7055	1	
39	1680	1	
39	1681	1	
39	5399	1	
39	15128	1	
39	20519	1	
39	18467	1	
39	6695	1	
39	22442	1	
39	8327	1	
39	19757	1	
39	9777	1	
39	8636	1	
39	12481	1	
39	11719	1	
39	9932	1	
39	8012	1	
39	592	2	
39	20817	1	
39	17490	1	
39	7764	1	
39	14677	1	
39	14301	1	
39	18128	1	
39	1380	1	
39	17000	1	
39	1063	1	
39	8556	1	
39	9069	1	
39	13808	1	
39	21937	1	
39	1140	1	
39	12151	1	
39	16468	1	
39	637	1	
39	18046	1	
