1	15488	1	
1	14592	1	
1	14722	1	
1	4356	1	
1	9477	1	
1	6406	1	
1	7486	1	
1	10121	1	
1	17290	1	
1	395	1	
1	4492	1	
1	20366	1	
1	8079	1	
1	16273	1	
1	3731	1	
1	797	1	
1	14742	1	
1	2713	1	
1	2712	1	
1	4868	1	
1	9139	1	
1	21295	1	
1	9884	1	
1	1309	1	
1	9887	1	
1	8892	1	
1	9380	1	
1	3621	1	
1	2342	1	
1	4263	1	
1	22571	1	
1	7571	1	
1	3629	1	
1	2990	1	
1	8623	1	
1	433	1	
1	2399	1	
1	7219	1	
1	7476	1	
1	16309	1	
1	21820	1	
1	11887	1	
1	9268	1	
1	2525	1	
1	10555	1	
1	20284	1	
1	7471	1	
1	1342	1	
1	8511	1	
1	6464	1	
1	13889	1	
1	15811	1	
1	3398	1	
1	9543	1	
1	3058	1	
1	16301	1	
1	4599	1	
1	9733	1	
1	8013	1	
1	20301	1	
1	9425	1	
1	9818	1	
1	5889	1	
1	17373	1	
1	8115	1	
1	21727	1	
1	19553	1	
1	3171	1	
1	21733	1	
1	19816	1	
1	18108	1	
1	13291	1	
1	22252	1	
1	9146	1	
1	13681	1	
1	7794	1	
1	19347	1	
1	13389	1	
1	9777	1	
1	9975	1	
1	17016	1	
1	11641	1	
1	14714	1	
1	6651	1	
1	15857	1	
2	12288	1	
2	9729	1	
2	5635	1	
2	19460	1	
2	1029	1	
2	17424	1	
2	8449	1	
2	1544	1	
2	16812	1	
2	7690	2	
2	22032	1	
2	15889	1	
2	4867	2	
2	3758	1	
2	22551	1	
2	10264	1	
2	11524	1	
2	21530	1	
2	21531	1	
2	4636	1	
2	15903	2	
2	7600	1	
2	22571	3	
2	8236	3	
2	3629	1	
2	7215	1	
2	8753	1	
2	1074	1	
2	7219	1	
2	8720	1	
2	9270	1	
2	10300	1	
2	7471	1	
2	15457	1	
2	19591	1	
2	17476	1	
2	7237	1	
2	1889	1	
2	15432	1	
2	2634	1	
2	13388	2	
2	2640	1	
2	21586	4	
2	19027	1	
2	15444	1	
2	12558	1	
2	13398	1	
2	5208	1	
2	15119	1	
2	7776	1	
2	10337	1	
2	19556	1	
2	15279	1	
2	19559	1	
2	15976	1	
2	10857	3	
2	21613	1	
2	11887	1	
2	19056	1	
2	6760	1	
2	626	1	
2	20499	1	
2	22133	1	
2	5993	1	
2	4287	1	
2	15486	1	
2	12930	1	
2	20099	1	
2	19588	1	
2	9351	1	
2	13961	1	
2	22096	1	
2	20111	1	
2	16067	1	
2	9582	1	
2	1179	1	
2	17569	1	
2	17435	1	
2	4263	2	
2	10408	1	
2	2220	1	
2	15534	1	
2	13488	1	
2	12465	1	
2	3763	1	
2	5301	1	
2	16054	1	
2	5815	1	
2	17594	1	
2	15548	1	
2	19133	1	
2	1141	1	
2	17184	1	
2	2243	1	
2	910	1	
2	13516	1	
2	20343	1	
2	22220	1	
2	9424	1	
2	20177	1	
2	10963	1	
2	20180	1	
2	11989	1	
2	1751	1	
2	20227	1	
2	6876	1	
2	21727	1	
2	10976	1	
2	21733	1	
2	14545	1	
2	7548	1	
2	748	1	
2	20718	1	
2	9458	1	
2	5876	1	
2	17142	1	
2	13937	1	
2	17108	1	
2	8443	1	
2	11007	2	
2	14592	1	
2	14081	1	
2	555	1	
2	3332	1	
2	17376	1	
2	7476	1	
2	3991	1	
2	20012	1	
2	22283	1	
2	10510	3	
2	5391	1	
2	7952	1	
2	18136	1	
2	14654	1	
2	17172	1	
2	4868	1	
2	5399	1	
2	15128	1	
2	6937	1	
2	8636	1	
2	8989	2	
2	21279	1	
2	18208	2	
2	8892	1	
2	2343	1	
2	8412	1	
2	1323	1	
2	5932	1	
2	21295	1	
2	18736	2	
2	5939	1	
2	5940	1	
2	8502	1	
2	3895	1	
2	11064	1	
2	21305	2	
2	10975	1	
2	12604	1	
2	15166	1	
2	3392	2	
2	18144	1	
2	8514	2	
2	22339	2	
2	8518	1	
2	20585	1	
2	12110	1	
2	22369	1	
2	16720	1	
2	14920	1	
2	14677	3	
2	21334	1	
2	15713	1	
2	3426	1	
2	10555	1	
2	7036	1	
2	20284	1	
2	8043	1	
2	9069	3	
2	13331	1	
2	7537	1	
2	6514	1	
2	8563	1	
2	17214	1	
2	22390	1	
2	12151	1	
2	15561	1	
2	892	1	
2	6464	3	
2	2947	1	
2	14725	1	
2	14730	1	
2	13707	1	
2	10636	1	
2	10638	1	
2	4496	1	
2	4419	1	
2	409	1	
2	7236	1	
2	8605	1	
2	20384	2	
2	13730	1	
2	15273	1	
2	15276	1	
2	754	1	
2	4509	1	
2	18864	1	
2	18865	1	
2	7607	1	
2	18872	1	
2	4026	1	
2	19900	2	
2	11709	1	
2	15808	2	
2	8641	1	
2	17166	1	
2	16835	1	
2	4037	1	
2	4038	1	
2	17352	1	
2	21449	1	
2	15819	1	
2	15820	1	
2	9167	1	
2	9169	1	
2	20949	1	
2	4055	1	
2	4056	1	
2	8669	1	
2	14304	1	
2	10832	1	
2	22267	1	
2	15850	1	
2	8685	1	
2	10920	2	
2	15858	1	
2	4597	1	
2	12036	1	
2	18424	1	
2	11604	1	
2	16378	1	
2	10837	1	
3	8449	2	
3	10243	1	
3	3332	1	
3	18181	1	
3	9351	1	
3	15752	1	
3	13961	1	
3	4484	1	
3	1163	1	
3	9069	1	
3	5929	1	
3	10510	1	
3	5993	1	
3	2834	1	
3	10644	1	
3	19694	1	
3	19478	1	
3	13849	1	
3	1816	1	
3	3481	1	
3	7471	1	
3	797	1	
3	18975	1	
3	20384	1	
3	7841	1	
3	7219	1	
3	19364	1	
3	5390	1	
3	423	1	
3	10408	1	
3	7603	1	
3	17066	1	
3	15276	1	
3	8749	1	
3	15534	1	
3	21679	1	
3	15273	1	
3	13682	1	
3	17331	1	
3	19124	2	
3	11832	1	
3	7481	1	
3	15903	1	
3	6282	1	
3	15166	1	
3	6464	1	
3	1696	1	
3	16706	1	
3	7563	1	
3	7621	1	
3	7457	1	
3	4364	1	
3	14283	1	
3	17229	1	
3	13445	1	
3	9167	1	
3	13838	1	
3	21586	1	
3	19027	1	
3	14677	1	
3	1844	1	
3	2394	2	
3	8412	1	
3	10205	1	
3	18144	1	
3	22369	1	
3	10978	1	
3	19555	1	
3	19494	1	
3	3943	1	
3	10857	2	
3	3264	1	
3	21613	1	
3	18030	1	
3	14469	1	
3	14448	1	
3	6514	1	
3	16374	1	
3	15849	1	
3	4221	1	
3	12670	1	
3	2325	1	
4	12288	1	
4	12805	1	
4	19464	1	
4	5144	1	
4	12825	1	
4	9244	1	
4	18975	1	
4	20519	3	
4	3629	1	
4	4654	2	
4	7729	1	
4	1076	1	
4	1590	1	
4	13880	1	
4	4668	1	
4	12349	1	
4	13889	1	
4	15432	1	
4	13388	1	
4	13398	2	
4	5936	1	
4	18528	1	
4	19555	1	
4	9832	1	
4	21613	1	
4	10862	2	
4	5232	1	
4	6771	1	
4	9332	1	
4	10358	1	
4	18557	1	
4	6270	1	
4	1152	1	
4	12930	1	
4	11398	1	
4	4231	2	
4	6282	1	
4	7618	1	
4	4238	1	
4	17041	2	
4	2706	1	
4	7323	1	
4	14495	1	
4	673	2	
4	13474	1	
4	13477	1	
4	13478	1	
4	9901	1	
4	3758	1	
4	4795	1	
4	19133	2	
4	16586	1	
4	16588	1	
4	9425	1	
4	10963	2	
4	20695	1	
4	4831	1	
4	740	1	
4	1766	1	
4	1266	1	
4	15102	1	
4	8449	1	
4	19204	1	
4	2309	1	
4	17163	1	
4	4364	1	
4	10515	1	
4	18197	1	
4	2839	1	
4	2841	1	
4	18209	1	
4	1827	1	
4	5928	1	
4	17200	1	
4	21305	2	
4	4234	1	
4	3392	1	
4	16197	1	
4	19782	1	
4	17227	1	
4	3408	1	
4	17234	1	
4	9047	1	
4	13661	1	
4	22369	2	
4	7010	1	
4	5988	1	
4	13457	1	
4	364	1	
4	9069	3	
4	9072	1	
4	21364	1	
4	20343	1	
4	5498	2	
4	17790	1	
4	8063	1	
4	1921	1	
4	16775	1	
4	1420	1	
4	10641	1	
4	20882	2	
4	4000	1	
4	15266	1	
4	11931	1	
4	16301	1	
4	9145	1	
4	8636	1	
4	4030	1	
4	11714	2	
4	20642	1	
4	9167	1	
4	1499	1	
4	10206	2	
4	10723	1	
4	15849	1	
4	8683	2	
4	7660	1	
4	8180	1	
4	4601	1	
4	12799	1	
5	12288	4	
5	8705	2	
5	9733	1	
5	9729	1	
5	11787	1	
5	3084	4	
5	3086	1	
5	3087	1	
5	17424	1	
5	7768	1	
5	10499	1	
5	5746	1	
5	18144	1	
5	22368	1	
5	11292	1	
5	21850	1	
5	18463	1	
5	13488	1	
5	16418	1	
5	12558	1	
5	19718	1	
5	19494	1	
5	20519	1	
5	8236	1	
5	3629	14	
5	4417	1	
5	10287	1	
5	10289	1	
5	5682	1	
5	13876	1	
5	12341	1	
5	12342	1	
5	12343	1	
5	11832	1	
5	12345	1	
5	18783	1	
5	13889	1	
5	12354	1	
5	15939	1	
5	7236	1	
5	19553	1	
5	7752	1	
5	18505	1	
5	14545	1	
5	11851	1	
5	16972	1	
5	13389	1	
5	12878	3	
5	15439	1	
5	12880	1	
5	21586	3	
5	5717	1	
5	13398	1	
5	9816	5	
5	12151	1	
5	602	2	
5	603	1	
5	13404	1	
5	605	2	
5	18529	1	
5	9831	1	
5	9832	1	
5	10857	1	
5	20803	2	
5	5742	1	
5	14448	5	
5	6770	1	
5	1141	1	
5	7785	1	
5	6687	1	
5	15481	1	
5	15994	1	
5	17020	1	
5	21629	1	
5	13950	1	
5	17070	1	
5	1152	1	
5	14016	5	
5	8641	1	
5	19588	1	
5	15494	1	
5	22209	1	
5	5768	1	
5	21130	1	
5	13963	2	
5	20112	1	
5	9873	2	
5	6290	1	
5	10900	3	
5	22032	2	
5	18071	1	
5	14489	1	
5	18128	1	
5	14495	1	
5	21104	1	
5	15488	1	
5	1699	1	
5	17060	1	
5	10920	1	
5	5831	1	
5	22188	1	
5	9901	1	
5	15534	2	
5	10781	1	
5	5808	1	
5	16049	1	
5	19124	2	
5	13493	1	
5	12471	1	
5	13969	1	
5	15903	1	
5	4865	1	
5	19133	10	
5	10432	2	
5	16577	1	
5	13508	1	
5	12998	1	
5	4030	1	
5	20168	3	
5	9170	1	
5	20343	1	
5	15309	1	
5	4304	1	
5	632	1	
5	5331	2	
5	10452	1	
5	1751	2	
5	22232	2	
5	5337	2	
5	11482	1	
5	10972	2	
5	4317	1	
5	1758	1	
5	7903	2	
5	7904	1	
5	19408	1	
5	10978	1	
5	7397	1	
5	2279	1	
5	5352	1	
5	15593	1	
5	8426	1	
5	6695	1	
5	6380	1	
5	7634	1	
5	1917	2	
5	6897	1	
5	6270	1	
5	22262	1	
5	4990	1	
5	15610	1	
5	1304	1	
5	7220	1	
5	14592	6	
5	14081	1	
5	4867	1	
5	4868	8	
5	6917	2	
5	2310	1	
5	3201	1	
5	15625	1	
5	17163	2	
5	4364	2	
5	20237	3	
5	17166	1	
5	8749	1	
5	3408	2	
5	16661	3	
5	16662	2	
5	2839	1	
5	5400	1	
5	4377	1	
5	7471	1	
5	8989	1	
5	20255	1	
5	14640	1	
5	8892	1	
5	6790	1	
5	19238	1	
5	7463	1	
5	3975	1	
5	1836	1	
5	1074	1	
5	21981	1	
5	18736	1	
5	18568	1	
5	6269	1	
5	16691	1	
5	7991	1	
5	21305	10	
5	1852	1	
5	7485	1	
5	3392	1	
5	10976	1	
5	1163	1	
5	22341	1	
5	11708	1	
5	7905	1	
5	17207	1	
5	17229	1	
5	1068	1	
5	15184	1	
5	14677	4	
5	9047	4	
5	346	1	
5	8079	1	
5	15709	1	
5	11008	1	
5	3935	1	
5	352	1	
5	8449	1	
5	7104	2	
5	15717	1	
5	15722	1	
5	3217	1	
5	7016	1	
5	5993	1	
5	9600	1	
5	7019	1	
5	9069	6	
5	15727	1	
5	4746	1	
5	21874	1	
5	21875	2	
5	15128	1	
5	21878	1	
5	12663	1	
5	13031	1	
5	5780	1	
5	4986	1	
5	11131	1	
5	4989	3	
5	11134	2	
5	8063	1	
5	1408	1	
5	12673	1	
5	14725	1	
5	16775	1	
5	15754	1	
5	5005	1	
5	6381	1	
5	4496	1	
5	10641	1	
5	3907	1	
5	10644	2	
5	917	1	
5	8086	2	
5	4249	1	
5	6554	1	
5	7579	1	
5	4000	1	
5	5537	1	
5	15266	1	
5	18852	1	
5	20389	1	
5	14759	1	
5	22442	1	
5	7751	1	
5	12716	1	
5	9645	1	
5	4014	1	
5	19016	1	
5	15794	2	
5	4754	1	
5	10573	1	
5	8636	1	
5	13245	1	
5	12734	1	
5	12665	1	
5	22464	3	
5	20384	1	
5	1099	1	
5	8062	1	
5	7110	3	
5	13255	1	
5	6345	1	
5	12746	1	
5	20429	1	
5	9167	2	
5	13776	1	
5	13778	1	
5	19411	1	
5	578	1	
5	13781	2	
5	9686	1	
5	14807	2	
5	4056	1	
5	19364	2	
5	9691	2	
5	13276	1	
5	17658	1	
5	3493	1	
5	13793	1	
5	19938	1	
5	11771	7	
5	10725	2	
5	20967	1	
5	7313	1	
5	489	1	
5	7637	1	
5	8683	1	
5	7660	1	
5	16367	1	
5	11760	1	
5	10928	1	
5	3060	1	
5	8184	1	
5	4601	2	
5	6651	1	
5	6652	3	
5	12202	1	
5	3413	1	
6	12288	2	
6	16386	1	
6	19460	1	
6	15190	2	
6	19464	2	
6	11275	1	
6	15874	2	
6	16911	1	
6	9232	1	
6	16913	2	
6	4867	1	
6	13418	1	
6	19478	1	
6	8215	1	
6	19716	1	
6	22557	2	
6	4945	1	
6	18463	1	
6	18980	1	
6	22571	1	
6	3629	6	
6	18481	1	
6	17973	1	
6	8248	1	
6	6715	1	
6	4668	3	
6	12349	2	
6	3134	1	
6	63	3	
6	13889	1	
6	20547	4	
6	21228	1	
6	15432	1	
6	20554	1	
6	8779	1	
6	20560	1	
6	21586	4	
6	10851	1	
6	13398	2	
6	13401	2	
6	9306	1	
6	4111	1	
6	17424	3	
6	15971	1	
6	3175	1	
6	9832	1	
6	11964	1	
6	18026	1	
6	5742	1	
6	14448	1	
6	21617	1	
6	13938	1	
6	13331	1	
6	1140	2	
6	1141	1	
6	7799	1	
6	6687	1	
6	14973	1	
6	13950	1	
6	12825	2	
6	20103	1	
6	1161	1	
6	655	1	
6	17041	2	
6	10386	1	
6	11927	1	
6	14489	1	
6	12446	1	
6	21664	1	
6	13425	1	
6	15528	1	
6	16901	1	
6	9901	2	
6	20142	1	
6	16049	1	
6	19124	1	
6	1720	1	
6	4795	2	
6	8892	1	
6	19133	7	
6	703	1	
6	16576	1	
6	22209	1	
6	13507	1	
6	1626	7	
6	1733	1	
6	15558	2	
6	16592	2	
6	3796	6	
6	10453	1	
6	20695	1	
6	9434	1	
6	3803	1	
6	10972	1	
6	10975	1	
6	10467	1	
6	17637	2	
6	17638	5	
6	7400	1	
6	10985	1	
6	1167	1	
6	5357	1	
6	5358	1	
6	6269	1	
6	6900	1	
6	12670	1	
6	15609	1	
6	764	1	
6	2814	1	
6	15317	1	
6	4865	1	
6	19715	1	
6	4868	1	
6	2310	1	
6	4364	1	
6	20237	1	
6	5391	1	
6	12049	1	
6	17170	1	
6	17171	1	
6	17172	1	
6	2325	1	
6	21782	1	
6	17688	1	
6	19132	1	
6	5935	1	
6	18209	1	
6	20258	1	
6	20260	1	
6	19238	1	
6	5928	1	
6	13611	1	
6	12076	1	
6	7471	1	
6	16691	1	
6	1844	1	
6	13961	1	
6	21305	6	
6	8511	2	
6	1857	1	
6	6982	1	
6	12625	3	
6	4438	1	
6	13658	2	
6	18267	2	
6	1375	1	
6	22369	1	
6	13666	3	
6	19515	1	
6	4972	1	
6	9069	4	
6	8513	1	
6	9072	1	
6	5489	1	
6	7401	2	
6	14399	1	
6	21373	1	
6	1918	2	
6	14721	1	
6	18818	1	
6	16775	1	
6	4417	1	
6	904	2	
6	8585	3	
6	7565	1	
6	9453	1	
6	20882	1	
6	21998	1	
6	9305	1	
6	3991	2	
6	11672	1	
6	8607	2	
6	20384	1	
6	15777	1	
6	9637	1	
6	15273	1	
6	15275	1	
6	9645	2	
6	10162	2	
6	4019	1	
6	16308	1	
6	1561	1	
6	13444	1	
6	18364	1	
6	4030	1	
6	7103	1	
6	448	1	
6	11714	3	
6	13255	1	
6	1482	1	
6	464	1	
6	7633	1	
6	8660	2	
6	11733	2	
6	5591	1	
6	12760	2	
6	8666	1	
6	18853	1	
6	4568	1	
6	10725	1	
6	3047	1	
6	8683	1	
6	2541	1	
6	9710	1	
6	20465	1	
6	18420	1	
6	15102	1	
6	4087	1	
6	4603	1	
7	1408	1	
7	12673	1	
7	12930	1	
7	491	1	
7	4741	1	
7	12288	2	
7	3201	1	
7	492	1	
7	4746	1	
7	4235	2	
7	4364	1	
7	15042	1	
7	13677	1	
7	17041	2	
7	274	1	
7	15434	1	
7	7664	1	
7	3992	1	
7	6809	1	
7	7019	1	
7	13445	1	
7	9072	1	
7	16774	1	
7	9174	1	
7	11569	1	
7	8568	1	
7	21295	1	
7	3633	1	
7	1074	1	
7	18483	1	
7	16308	1	
7	13238	1	
7	18505	1	
7	17976	1	
7	21305	2	
7	698	1	
7	8507	1	
7	4668	3	
7	19133	2	
7	4287	1	
7	18528	1	
7	11714	1	
7	11851	1	
7	16196	2	
7	16197	1	
7	76	1	
7	1482	1	
7	7552	1	
7	17484	1	
7	12625	1	
7	19939	1	
7	11604	1	
7	18005	1	
7	22358	1	
7	20695	2	
7	12760	1	
7	1375	1	
7	12512	1	
7	20194	3	
7	7779	1	
7	1895	1	
7	14448	2	
7	14827	1	
7	5356	1	
7	2706	1	
7	2612	1	
7	17648	1	
7	6770	1	
7	19124	1	
7	16374	1	
7	13834	1	
7	10644	1	
7	16508	1	
7	7550	1	
7	12799	1	
8	12288	2	
8	515	1	
8	7690	1	
8	2063	3	
8	13331	1	
8	18453	1	
8	22551	4	
8	17435	1	
8	11292	1	
8	5149	1	
8	11817	1	
8	3629	1	
8	8238	1	
8	9269	1	
8	2105	1	
8	11334	2	
8	7755	1	
8	22093	1	
8	2640	1	
8	18005	1	
8	12891	1	
8	18528	1	
8	7777	1	
8	8562	1	
8	11887	1	
8	13937	1	
8	1141	1	
8	17016	1	
8	13951	1	
8	21632	1	
8	20097	1	
8	12930	1	
8	16519	1	
8	7823	1	
8	6801	1	
8	3738	1	
8	9380	1	
8	4263	1	
8	10408	1	
8	10410	1	
8	14509	1	
8	3758	1	
8	18197	1	
8	19126	1	
8	15033	1	
8	6331	1	
8	19133	3	
8	4287	1	
8	20167	1	
8	2761	1	
8	13516	1	
8	20686	5	
8	15567	1	
8	10360	2	
8	10963	1	
8	9422	1	
8	13532	1	
8	10975	1	
8	17121	1	
8	7396	1	
8	17637	1	
8	1256	1	
8	22252	1	
8	7409	1	
8	14583	1	
8	248	2	
8	22267	1	
8	11008	1	
8	8449	1	
8	2306	1	
8	4868	1	
8	17163	1	
8	4364	1	
8	5391	1	
8	17170	2	
8	13589	1	
8	797	1	
8	4386	1	
8	10972	1	
8	19238	1	
8	2344	1	
8	5929	1	
8	17706	1	
8	21305	2	
8	14148	1	
8	13025	1	
8	7683	1	
8	12625	1	
8	9047	1	
8	18148	1	
8	1167	1	
8	22368	1	
8	7011	1	
8	5988	1	
8	13669	1	
8	873	2	
8	1899	1	
8	9069	3	
8	13679	2	
8	1906	1	
8	12663	1	
8	19837	1	
8	1410	1	
8	9093	1	
8	16775	1	
8	1420	1	
8	4494	1	
8	7055	1	
8	20882	1	
8	3991	1	
8	1947	1	
8	20384	3	
8	11684	1	
8	13223	1	
8	2990	1	
8	9142	1	
8	1466	1	
8	17312	1	
8	11714	2	
8	18852	2	
8	5085	1	
8	15850	1	
8	16363	1	
8	16367	1	
8	7664	1	
8	15528	1	
8	505	1	
8	1532	1	
9	12288	2	
9	8193	1	
9	7684	1	
9	16902	1	
9	7687	1	
9	5129	1	
9	1547	1	
9	22030	1	
9	14509	1	
9	11771	1	
9	22551	1	
9	19993	1	
9	13851	1	
9	17436	1	
9	5661	1	
9	11294	2	
9	15903	4	
9	5664	1	
9	21537	1	
9	8013	1	
9	8744	1	
9	8747	1	
9	11821	1	
9	18013	1	
9	9777	1	
9	14386	2	
9	3991	1	
9	2105	1	
9	9839	1	
9	3134	2	
9	2113	4	
9	20547	1	
9	7236	1	
9	5703	1	
9	15432	2	
9	4433	1	
9	7010	1	
9	10830	2	
9	11343	1	
9	2640	1	
9	21586	1	
9	15723	1	
9	6741	1	
9	9145	1	
9	9817	1	
9	12891	2	
9	8797	1	
9	6687	1	
9	18016	1	
9	12897	1	
9	15459	1	
9	22374	1	
9	12390	2	
9	18023	1	
9	15976	1	
9	8892	2	
9	21613	1	
9	19133	4	
9	14448	1	
9	13937	1	
9	6771	1	
9	11895	1	
9	17016	1	
9	633	1	
9	11887	1	
9	16511	1	
9	13440	1	
9	6787	2	
9	19588	1	
9	13445	1	
9	1163	2	
9	8332	1	
9	1167	1	
9	7829	1	
9	21142	1	
9	9583	1	
9	2416	2	
9	16546	1	
9	16547	1	
9	10408	1	
9	5660	1	
9	15530	1	
9	17067	2	
9	9901	1	
9	11292	1	
9	22557	1	
9	12465	1	
9	4723	1	
9	19124	1	
9	8376	1	
9	18975	1	
9	10428	1	
9	3261	1	
9	3262	1	
9	3446	1	
9	14024	2	
9	12151	1	
9	20686	4	
9	4303	2	
9	632	1	
9	1235	1	
9	11995	1	
9	13178	1	
9	10975	1	
9	10464	1	
9	6372	1	
9	7867	1	
9	1768	1	
9	20722	1	
9	12011	1	
9	5358	1	
9	7410	2	
9	756	1	
9	6902	1	
9	14583	1	
9	14584	1	
9	15610	1	
9	15614	1	
9	8449	1	
9	10499	1	
9	4868	2	
9	773	1	
9	19718	2	
9	18185	2	
9	17162	2	
9	16651	1	
9	4364	2	
9	10542	1	
9	17313	1	
9	18199	1	
9	5400	1	
9	6938	1	
9	7471	1	
9	800	1	
9	19172	1	
9	17229	1	
9	2344	1	
9	16775	1	
9	6706	1	
9	18222	1	
9	16175	1	
9	18736	1	
9	1067	1	
9	1408	1	
9	17203	1	
9	19764	2	
9	7477	1	
9	999	1	
9	21305	1	
9	7482	1	
9	6459	1	
9	5108	1	
9	15184	1	
9	7392	1	
9	4418	1	
9	13963	2	
9	5448	1	
9	17225	1	
9	17719	1	
9	10573	1	
9	4432	1	
9	21841	1	
9	17234	1	
9	22355	1	
9	14677	1	
9	21848	1	
9	21849	1	
9	858	1	
9	20794	1	
9	3421	1	
9	22366	1	
9	22369	1	
9	17762	1	
9	868	1	
9	19814	1	
9	4967	1	
9	17163	1	
9	18919	2	
9	9069	3	
9	13679	3	
9	10096	1	
9	10097	2	
9	3954	1	
9	7868	1	
9	17351	1	
9	12663	3	
9	7546	1	
9	7548	1	
9	7550	1	
9	15232	1	
9	12673	1	
9	8579	1	
9	15236	2	
9	7559	1	
9	8585	1	
9	395	1	
9	834	1	
9	910	1	
9	20882	1	
9	6979	1	
9	918	1	
9	919	1	
9	3992	2	
9	8260	1	
9	1947	1	
9	17312	2	
9	14753	1	
9	20389	1	
9	15273	1	
9	12716	1	
9	1266	2	
9	2990	1	
9	7600	1	
9	433	1	
9	19378	1	
9	15801	1	
9	1466	5	
9	11708	2	
9	20384	2	
9	11714	2	
9	4037	1	
9	4038	2	
9	13255	3	
9	13772	2	
9	21224	1	
9	9167	2	
9	7633	1	
9	13778	2	
9	12878	1	
9	592	1	
9	16866	1	
9	6651	1	
9	7655	1	
9	16366	1	
9	497	1	
9	3058	1	
9	14324	1	
9	16373	1	
9	16888	1	
9	505	1	
9	8187	1	
9	18940	1	
10	12288	1	
10	10155	1	
10	13316	2	
10	7690	1	
10	4868	1	
10	5660	1	
10	5661	1	
10	15903	8	
10	775	1	
10	1074	1	
10	1076	1	
10	9269	1	
10	2105	2	
10	13884	2	
10	13885	2	
10	13887	3	
10	19520	1	
10	15939	1	
10	3652	1	
10	18505	1	
10	15434	1	
10	1099	1	
10	11340	1	
10	8781	1	
10	22096	1	
10	18005	1	
10	18528	1	
10	4194	1	
10	3171	1	
10	18022	1	
10	16998	2	
10	22119	1	
10	12394	1	
10	13937	2	
10	6770	1	
10	11113	2	
10	6265	1	
10	21627	1	
10	20098	1	
10	18055	1	
10	18056	1	
10	14474	1	
10	20620	1	
10	4237	1	
10	12942	1	
10	1167	1	
10	3217	1	
10	22166	1	
10	14492	1	
10	12446	1	
10	9158	1	
10	15528	1	
10	10410	1	
10	683	1	
10	22188	2	
10	9901	1	
10	20142	1	
10	22557	1	
10	19124	1	
10	9398	1	
10	6687	1	
10	15548	1	
10	19133	2	
10	703	1	
10	22209	2	
10	9924	1	
10	4011	1	
10	11979	1	
10	20686	1	
10	719	1	
10	7889	1	
10	10446	1	
10	10975	1	
10	7904	1	
10	7400	1	
10	22252	1	
10	10997	1	
10	14584	1	
10	11514	1	
10	7039	1	
10	10453	1	
10	15618	1	
10	4867	1	
10	11524	1	
10	17671	1	
10	19208	1	
10	20234	1	
10	17163	2	
10	4364	2	
10	6927	1	
10	7952	1	
10	797	1	
10	5406	2	
10	7457	1	
10	5412	1	
10	18215	1	
10	3881	1	
10	3975	1	
10	3885	1	
10	6446	1	
10	7471	2	
10	10032	1	
10	18227	2	
10	1844	1	
10	17719	1	
10	15672	1	
10	2873	1	
10	3392	1	
10	4417	1	
10	22340	1	
10	13129	2	
10	13131	4	
10	17229	1	
10	3408	2	
10	20878	1	
10	15190	1	
10	21305	2	
10	1370	1	
10	18267	1	
10	19808	1	
10	4451	1	
10	1380	1	
10	8549	1	
10	20329	1	
10	7018	2	
10	9069	3	
10	17262	1	
10	12151	1	
10	12670	1	
10	15735	1	
10	1408	1	
10	14725	1	
10	3974	1	
10	15751	1	
10	1418	1	
10	1420	1	
10	17293	1	
10	11662	1	
10	21905	1	
10	8085	1	
10	12188	1	
10	15266	1	
10	4276	1	
10	20389	2	
10	13222	1	
10	426	1	
10	15275	1	
10	9644	1	
10	16301	1	
10	6065	2	
10	20914	1	
10	18078	1	
10	6075	1	
10	19900	4	
10	22464	1	
10	7618	1	
10	19398	1	
10	13255	1	
10	14285	1	
10	7634	1	
10	4056	1	
10	18911	1	
10	15184	1	
10	19939	1	
10	18406	1	
10	18919	1	
10	492	1	
10	15855	1	
10	11760	1	
10	18424	1	
10	4602	1	
10	6652	2	
11	12288	3	
11	512	1	
11	19460	3	
11	19461	1	
11	19463	1	
11	13844	1	
11	17424	1	
11	19476	1	
11	5141	3	
11	22557	1	
11	15903	7	
11	5666	1	
11	5934	1	
11	2596	1	
11	7888	1	
11	11815	1	
11	8236	1	
11	15209	1	
11	19504	1	
11	8753	1	
11	1074	1	
11	1076	2	
11	17463	1	
11	11832	1	
11	4276	1	
11	10811	1	
11	2108	2	
11	10813	1	
11	13887	4	
11	12352	1	
11	15939	1	
11	11850	1	
11	1099	1	
11	18510	1	
11	22096	1	
11	21586	5	
11	15971	1	
11	3975	1	
11	18005	1	
11	2745	1	
11	2648	1	
11	3674	1	
11	18528	1	
11	19553	1	
11	3171	1	
11	16998	2	
11	15976	1	
11	10857	1	
11	19050	1	
11	14448	1	
11	13937	2	
11	4723	1	
11	11113	2	
11	6777	1	
11	14970	1	
11	4221	1	
11	10261	1	
11	5760	1	
11	8989	1	
11	13445	1	
11	4231	1	
11	14985	2	
11	15499	1	
11	1164	1	
11	656	1	
11	13969	2	
11	4754	1	
11	6937	1	
11	1375	1	
11	18080	1	
11	10401	1	
11	1308	1	
11	10644	1	
11	11439	1	
11	16049	1	
11	19634	1	
11	19124	1	
11	4382	1	
11	12471	1	
11	15033	2	
11	5818	1	
11	6687	1	
11	8892	1	
11	19133	2	
11	13884	1	
11	22209	1	
11	14022	1	
11	18209	1	
11	6858	1	
11	2763	1	
11	13516	1	
11	20686	1	
11	1743	1	
11	5840	1	
11	17108	1	
11	633	1	
11	22232	1	
11	719	1	
11	15582	2	
11	10975	1	
11	720	1	
11	18148	1	
11	742	1	
11	7400	2	
11	5927	1	
11	19694	3	
11	6898	1	
11	22262	1	
11	15096	2	
11	11514	1	
11	14081	1	
11	6406	1	
11	17671	1	
11	6409	1	
11	17163	2	
11	4364	5	
11	19725	1	
11	19726	1	
11	5391	2	
11	4884	2	
11	18197	1	
11	8636	1	
11	16772	1	
11	15643	1	
11	8988	1	
11	797	1	
11	19742	1	
11	5407	1	
11	5409	1	
11	19718	1	
11	16166	1	
11	7463	2	
11	2344	1	
11	3881	1	
11	15751	1	
11	16803	1	
11	11054	1	
11	7471	1	
11	1844	1	
11	10974	1	
11	19766	1	
11	13961	1	
11	21305	1	
11	4831	1	
11	17290	1	
11	22339	1	
11	6982	1	
11	13129	2	
11	1866	1	
11	13131	4	
11	8014	1	
11	12625	1	
11	21330	1	
11	11604	1	
11	14677	1	
11	4438	1	
11	2105	2	
11	7514	1	
11	7515	2	
11	6149	1	
11	2399	1	
11	15717	1	
11	16273	1	
11	5993	1	
11	9069	1	
11	13682	1	
11	8568	1	
11	8569	1	
11	14714	1	
11	11708	2	
11	17789	1	
11	17790	1	
11	1408	1	
11	12673	1	
11	4484	1	
11	1415	1	
11	14730	1	
11	4491	1	
11	4496	1	
11	4497	1	
11	20803	1	
11	11777	1	
11	8085	1	
11	918	1	
11	16366	1	
11	7582	1	
11	7584	2	
11	4003	1	
11	15784	1	
11	4012	4	
11	16301	1	
11	12852	5	
11	15794	1	
11	5619	1	
11	15774	1	
11	17225	1	
11	19900	2	
11	22464	1	
11	20384	1	
11	13763	1	
11	4548	1	
11	13255	1	
11	11723	1	
11	9167	2	
11	1669	1	
11	7633	1	
11	13779	1	
11	8666	1	
11	10206	1	
11	21841	2	
11	6652	1	
11	18975	1	
11	494	1	
11	15548	2	
11	16888	1	
11	6137	1	
11	8188	1	
11	510	1	
11	3413	1	
12	7684	1	
12	7686	1	
12	5127	1	
12	7690	1	
12	523	1	
12	16399	1	
12	13843	1	
12	17428	1	
12	5141	1	
12	1048	1	
12	17435	1	
12	18460	1	
12	1889	1	
12	15903	4	
12	10273	1	
12	8747	1	
12	20014	1	
12	1076	1	
12	11832	1	
12	2105	1	
12	1594	1	
12	17162	2	
12	2113	1	
12	12354	1	
12	20547	1	
12	3652	1	
12	5702	1	
12	20551	1	
12	5704	1	
12	19017	1	
12	11850	2	
12	8779	1	
12	591	1	
12	11856	1	
12	21586	1	
12	595	1	
12	5207	1	
12	3674	1	
12	4623	1	
12	13404	2	
12	18645	1	
12	18528	1	
12	16194	1	
12	13412	1	
12	4709	1	
12	9831	1	
12	15548	1	
12	13131	1	
12	18540	1	
12	21617	1	
12	18546	1	
12	21619	1	
12	633	1	
12	20098	1	
12	6787	1	
12	20100	1	
12	20101	1	
12	13963	1	
12	13763	1	
12	6347	1	
12	19396	1	
12	15216	1	
12	13986	1	
12	10407	1	
12	680	1	
12	13994	1	
12	22188	1	
12	14509	1	
12	11952	1	
12	18035	1	
12	19124	2	
12	1718	1	
12	8892	2	
12	19133	1	
12	11787	1	
12	800	1	
12	2243	1	
12	21878	1	
12	5318	1	
12	8993	1	
12	13772	1	
12	20343	2	
12	13516	1	
12	10963	1	
12	4309	1	
12	18134	1	
12	7897	1	
12	1754	1	
12	10972	2	
12	10975	2	
12	10977	1	
12	10978	1	
12	740	1	
12	745	1	
12	7634	1	
12	751	1	
12	21232	1	
12	6898	1	
12	22262	1	
12	22266	1	
12	18686	1	
12	18175	1	
12	14379	1	
12	4868	1	
12	4310	1	
12	19721	1	
12	22282	1	
12	4364	1	
12	19725	1	
12	12558	1	
12	11946	1	
12	15632	1	
12	10515	1	
12	4884	1	
12	15128	1	
12	13444	1	
12	2351	1	
12	797	2	
12	15648	1	
12	4385	2	
12	7776	1	
12	7463	1	
12	7471	1	
12	18736	1	
12	5942	1	
12	17719	1	
12	10555	1	
12	12604	1	
12	17214	1	
12	8511	1	
12	8513	1	
12	4418	1	
12	7307	1	
12	14049	1	
12	17225	1	
12	16695	1	
12	15184	1	
12	3409	1	
12	20307	1	
12	14677	1	
12	9047	1	
12	860	1	
12	15709	1	
12	3935	2	
12	22368	1	
12	22369	1	
12	868	1	
12	4967	1	
12	5993	1	
12	5996	1	
12	9069	3	
12	11632	1	
12	8562	1	
12	20851	1	
12	3958	1	
12	12663	1	
12	8568	1	
12	13379	1	
12	2947	1	
12	16772	1	
12	7561	1	
12	10636	5	
12	16269	1	
12	12013	1	
12	7570	1	
12	8771	1	
12	6038	1	
12	3992	1	
12	7582	1	
12	10143	1	
12	17313	1	
12	15266	1	
12	15268	1	
12	6053	1	
12	7081	1	
12	20234	1	
12	1099	1	
12	432	1	
12	22229	1	
12	13129	2	
12	1466	1	
12	1979	1	
12	11708	4	
12	11851	1	
12	21956	1	
12	17142	1	
12	4038	3	
12	4209	1	
12	18081	1	
12	14800	1	
12	13778	1	
12	578	1	
12	4056	1	
12	13276	1	
12	15610	1	
12	10206	1	
12	7650	1	
12	2555	1	
12	10725	1	
12	10726	1	
12	18920	1	
12	20988	1	
12	4592	1	
12	16882	1	
12	18424	1	
12	11771	2	
12	18940	1	
12	18941	1	
13	18191	1	
13	5635	1	
13	19460	2	
13	15365	1	
13	13835	1	
13	13838	1	
13	12306	1	
13	13331	1	
13	9817	1	
13	17435	1	
13	1370	1	
13	11294	1	
13	15903	3	
13	5664	1	
13	8232	1	
13	22571	1	
13	3629	1	
13	14386	2	
13	7224	1	
13	2106	1	
13	13887	1	
13	3136	1	
13	13889	1	
13	12354	1	
13	20547	1	
13	16966	1	
13	22369	1	
13	15432	2	
13	11850	2	
13	1099	1	
13	591	1	
13	21586	3	
13	7764	1	
13	7765	1	
13	19545	1	
13	3674	1	
13	5391	1	
13	7776	1	
13	19555	1	
13	13412	1	
13	18022	1	
13	9831	1	
13	10857	4	
13	10348	1	
13	21618	1	
13	12393	1	
13	14969	1	
13	18042	1	
13	18046	1	
13	15808	1	
13	21634	1	
13	18051	1	
13	13445	1	
13	13961	1	
13	13963	1	
13	21647	1	
13	13969	1	
13	13970	1	
13	9876	3	
13	19094	1	
13	13981	1	
13	16030	1	
13	11104	1	
13	13986	3	
13	7451	1	
13	4294	1	
13	5489	1	
13	17066	1	
13	683	2	
13	15532	1	
13	11851	1	
13	19124	6	
13	4278	1	
13	10426	1	
13	20155	1	
13	8892	4	
13	19133	1	
13	21696	1	
13	4293	2	
13	15558	1	
13	8993	1	
13	13514	1	
13	719	1	
13	13009	1	
13	10963	2	
13	11992	1	
13	11482	1	
13	10972	1	
13	10975	3	
13	14050	1	
13	5347	1	
13	7397	1	
13	7401	1	
13	10474	1	
13	10535	1	
13	22252	1	
13	1262	1	
13	6897	1	
13	17141	2	
13	4884	2	
13	14584	1	
13	3627	1	
13	4868	1	
13	18181	1	
13	17671	1	
13	15119	2	
13	20099	1	
13	21268	1	
13	18197	1	
13	6938	1	
13	2351	1	
13	19740	1	
13	797	2	
13	7019	1	
13	20255	1	
13	4385	2	
13	7463	3	
13	1833	3	
13	21295	1	
13	17200	1	
13	8502	2	
13	16695	1	
13	21305	1	
13	12602	2	
13	20284	2	
13	16702	1	
13	16703	1	
13	4418	1	
13	20803	1	
13	3397	1	
13	17223	1	
13	22345	1	
13	1866	1	
13	6988	1	
13	12625	4	
13	5459	1	
13	21845	1	
13	4438	1	
13	2394	1	
13	860	1	
13	19808	1	
13	15713	1	
13	2407	1	
13	19816	1	
13	18919	1	
13	9069	8	
13	6512	1	
13	7537	1	
13	3220	1	
13	22396	1	
13	12670	1	
13	15751	2	
13	15752	1	
13	4496	2	
13	7570	1	
13	8771	1	
13	917	2	
13	918	1	
13	19398	1	
13	18841	1	
13	17818	1	
13	927	1	
13	18955	1	
13	18851	1	
13	4516	1	
13	13222	1	
13	15273	1	
13	11181	1	
13	2990	2	
13	7600	1	
13	1459	1	
13	13755	1	
13	22464	1	
13	19019	1	
13	16837	1	
13	4038	2	
13	15818	1	
13	11723	1	
13	13772	1	
13	9167	1	
13	14800	1	
13	7633	2	
13	11227	1	
13	17142	1	
13	2113	4	
13	4945	2	
13	6652	1	
13	12779	1	
13	493	1	
13	11760	1	
13	15548	3	
13	5620	1	
13	12713	1	
13	11771	1	
13	8188	1	
13	11946	1	
13	5118	1	
14	12288	2	
14	15874	1	
14	683	1	
14	10246	1	
14	7690	1	
14	15890	1	
14	18965	2	
14	19478	1	
14	11803	1	
14	15903	2	
14	4647	1	
14	8233	1	
14	22571	2	
14	16432	1	
14	4665	1	
14	2113	1	
14	20547	1	
14	1092	1	
14	11850	3	
14	588	1	
14	590	1	
14	21586	2	
14	5716	1	
14	7765	1	
14	1626	1	
14	6687	1	
14	19553	1	
14	18022	1	
14	9831	1	
14	15976	1	
14	7868	1	
14	21613	1	
14	11887	1	
14	20084	1	
14	17016	1	
14	19900	1	
14	6784	1	
14	3201	2	
14	14469	1	
14	7303	1	
14	13961	1	
14	13963	1	
14	15508	1	
14	11931	2	
14	14495	1	
14	17435	1	
14	17063	1	
14	7851	1	
14	9901	1	
14	5717	2	
14	14792	1	
14	19124	1	
14	12471	1	
14	2747	1	
14	8892	1	
14	19133	2	
14	4303	1	
14	7460	1	
14	10978	1	
14	10469	1	
14	7401	1	
14	12010	1	
14	5929	1	
14	17149	1	
14	1280	1	
14	8449	1	
14	4867	1	
14	4868	1	
14	17671	1	
14	17163	2	
14	4364	1	
14	15119	2	
14	17168	1	
14	17681	1	
14	4884	1	
14	18197	1	
14	1304	1	
14	7471	1	
14	18212	1	
14	1833	1	
14	17706	1	
14	6791	1	
14	18222	1	
14	2351	1	
14	1844	2	
14	20794	1	
14	3392	2	
14	8513	1	
14	20803	1	
14	22340	1	
14	22346	1	
14	8013	2	
14	12625	1	
14	21845	1	
14	9047	1	
14	2394	1	
14	15199	1	
14	2401	1	
14	7010	1	
14	19816	1	
14	5994	1	
14	9069	4	
14	6511	1	
14	15730	1	
14	8568	1	
14	16774	1	
14	15751	1	
14	9098	1	
14	20882	1	
14	16276	1	
14	13141	2	
14	12183	1	
14	17312	2	
14	9121	1	
14	11684	2	
14	5034	1	
14	16301	2	
14	1459	1	
14	7607	1	
14	1976	1	
14	9887	1	
14	11708	1	
14	16831	1	
14	11714	1	
14	7397	1	
14	20424	1	
14	15820	1	
14	17229	1	
14	4571	1	
14	10725	1	
14	10726	1	
14	11858	1	
14	14837	1	
14	8184	1	
14	4601	1	
14	4602	1	
14	15359	1	
14	13821	1	
14	14677	3	
15	8705	1	
15	8706	1	
15	19460	1	
15	16901	1	
15	19464	1	
15	12460	1	
15	13834	1	
15	22032	2	
15	4115	1	
15	19478	1	
15	22044	1	
15	1576	1	
15	1578	1	
15	12089	1	
15	8238	1	
15	22024	2	
15	12852	1	
15	4361	1	
15	12345	1	
15	13885	1	
15	9791	1	
15	7236	2	
15	12360	1	
15	8778	1	
15	13388	1	
15	13389	1	
15	12878	1	
15	15439	1	
15	12880	2	
15	15441	1	
15	21586	4	
15	6741	1	
15	18529	1	
15	9315	1	
15	2661	2	
15	21606	1	
15	20585	1	
15	17632	1	
15	13937	1	
15	6773	1	
15	6776	1	
15	14969	1	
15	22464	1	
15	2179	1	
15	19588	1	
15	18568	1	
15	14985	2	
15	4235	1	
15	19098	1	
15	1696	1	
15	17066	1	
15	683	1	
15	22188	2	
15	5806	1	
15	7345	1	
15	19124	1	
15	3629	1	
15	22198	2	
15	22200	1	
15	15033	1	
15	8892	2	
15	19133	2	
15	9924	1	
15	1733	1	
15	13516	1	
15	9422	1	
15	14033	2	
15	12501	1	
15	11999	1	
15	7392	1	
15	13026	1	
15	10467	1	
15	6372	1	
15	8421	1	
15	721	1	
15	8425	1	
15	15400	1	
15	20722	1	
15	3520	1	
15	15096	1	
15	21841	2	
15	18686	1	
15	14592	2	
15	4868	5	
15	2310	1	
15	18185	1	
15	4364	1	
15	19726	1	
15	5391	1	
15	18051	1	
15	18197	2	
15	20100	1	
15	1818	1	
15	4382	1	
15	18208	1	
15	6945	1	
15	18210	1	
15	20774	1	
15	1844	1	
15	8502	1	
15	16695	1	
15	16696	1	
15	21305	2	
15	5435	1	
15	906	1	
15	10464	1	
15	15170	1	
15	835	1	
15	12625	1	
15	5433	2	
15	1369	1	
15	15709	1	
15	1375	1	
15	22369	2	
15	16430	1	
15	364	1	
15	13682	1	
15	12151	1	
15	5498	1	
15	3963	1	
15	14716	1	
15	12670	1	
15	8575	1	
15	12673	1	
15	1922	2	
15	15754	1	
15	3979	1	
15	8079	1	
15	22245	1	
15	917	1	
15	1947	1	
15	15774	1	
15	20384	2	
15	13730	1	
15	4276	1	
15	3497	1	
15	1452	1	
15	13229	1	
15	7095	1	
15	16825	1	
15	19900	1	
15	15434	1	
15	21950	1	
15	6080	1	
15	11714	2	
15	7635	1	
15	590	2	
15	11737	1	
15	10205	1	
15	10206	2	
15	6651	1	
15	3047	1	
15	10731	1	
15	1009	1	
15	3058	1	
15	5623	1	
15	16888	2	
15	4654	1	
15	15530	1	
15	18005	1	
16	12288	3	
16	22551	3	
16	10264	1	
16	10265	1	
16	4122	1	
16	18460	2	
16	22557	1	
16	20519	1	
16	8236	1	
16	10287	1	
16	6193	1	
16	68	1	
16	14407	1	
16	18505	1	
16	8270	1	
16	18528	4	
16	18529	1	
16	20155	2	
16	12390	1	
16	2154	1	
16	18540	1	
16	14448	1	
16	20593	1	
16	18553	1	
16	16508	1	
16	10372	1	
16	14469	1	
16	18568	1	
16	14475	1	
16	8332	1	
16	12446	1	
16	6309	1	
16	4263	2	
16	20168	3	
16	10428	1	
16	2239	1	
16	12481	1	
16	2243	1	
16	16588	1	
16	20686	1	
16	16592	1	
16	20690	2	
16	4235	1	
16	10453	1	
16	4315	1	
16	8412	1	
16	10464	12	
16	2273	1	
16	10467	6	
16	4329	2	
16	14574	1	
16	20722	2	
16	18686	2	
16	14593	1	
16	2309	1	
16	4364	1	
16	10510	2	
16	14618	1	
16	8479	2	
16	290	1	
16	2344	1	
16	16092	2	
16	15751	1	
16	8502	1	
16	9268	1	
16	20794	1	
16	6489	1	
16	8512	1	
16	9271	1	
16	17122	1	
16	12625	1	
16	4438	1	
16	4441	1	
16	2394	1	
16	4454	1	
16	2407	2	
16	6506	1	
16	6511	2	
16	8568	1	
16	14721	1	
16	4484	1	
16	12678	1	
16	16775	1	
16	8590	1	
16	14743	1	
16	18851	1	
16	14761	1	
16	2475	1	
16	16817	1	
16	8626	1	
16	8627	1	
16	4540	2	
16	8062	1	
16	17484	1	
16	12746	2	
16	16844	1	
16	18904	1	
16	12768	1	
16	10723	1	
16	8679	2	
16	8683	1	
16	4589	1	
16	497	2	
16	16888	4	
16	505	1	
16	20987	1	
16	4611	1	
16	16902	1	
16	4615	1	
16	18955	3	
16	1454	1	
16	8726	1	
16	539	1	
16	12830	1	
16	6687	1	
16	8742	1	
16	14895	1	
16	8753	1	
16	6770	1	
16	6713	1	
16	573	1	
16	3127	1	
16	585	4	
16	6925	1	
16	10833	1	
16	8797	1	
16	12897	1	
16	16998	1	
16	8636	1	
16	622	1	
16	2674	1	
16	632	1	
16	14969	1	
16	21119	1	
16	17030	1	
16	6791	1	
16	6809	1	
16	13316	1	
16	683	1	
16	684	2	
16	797	1	
16	19124	1	
16	8892	1	
16	19133	11	
16	6862	1	
16	17106	1	
16	13012	1	
16	10972	2	
16	13026	2	
16	21268	1	
16	742	1	
16	1833	2	
16	15096	1	
16	2812	1	
16	13053	1	
16	11007	1	
16	4868	5	
16	17163	2	
16	11021	1	
16	15119	7	
16	17172	1	
16	5934	1	
16	13078	1	
16	8989	2	
16	19238	1	
16	818	1	
16	19254	1	
16	21305	9	
16	15499	2	
16	21318	1	
16	17225	1	
16	15184	1	
16	13148	1	
16	15199	1	
16	14139	1	
16	11110	1	
16	7313	1	
16	15209	2	
16	15210	1	
16	4971	1	
16	9069	6	
16	9072	1	
16	13174	1	
16	15508	1	
16	897	1	
16	909	1	
16	15253	1	
16	9122	2	
16	15784	1	
16	15268	1	
16	9141	1	
16	21321	1	
16	21433	1	
16	13252	2	
16	13255	3	
16	21452	1	
16	9170	1	
16	8449	1	
16	999	1	
16	7160	1	
16	3065	1	
16	19460	1	
16	17435	1	
16	19494	1	
16	9261	1	
16	1074	1	
16	1076	2	
16	17463	1	
16	19514	2	
16	7690	2	
16	14176	1	
16	7236	2	
16	7237	1	
16	15432	1	
16	13388	3	
16	21586	5	
16	11348	1	
16	5208	1	
16	19550	1	
16	19553	1	
16	19555	2	
16	13412	2	
16	19557	1	
16	19559	1	
16	5993	1	
16	13435	1	
16	3201	2	
16	13444	1	
16	13445	1	
16	17544	1	
16	13451	1	
16	1164	1	
16	3217	1	
16	5268	2	
16	1174	1	
16	19607	1	
16	19610	1	
16	3227	1	
16	13477	1	
16	13478	1	
16	15534	1	
16	11439	1	
16	1206	1	
16	21696	1	
16	7370	1	
16	12151	2	
16	3278	1	
16	11471	2	
16	9424	1	
16	9425	2	
16	11477	1	
16	11482	1	
16	9442	1	
16	7397	1	
16	7401	1	
16	11509	1	
16	4884	1	
16	17664	1	
16	3339	3	
16	5391	1	
16	17681	1	
16	5399	1	
16	3369	1	
16	7471	2	
16	15666	1	
16	16608	1	
16	17740	1	
16	9550	1	
16	3408	2	
16	21841	1	
16	11603	1	
16	3413	1	
16	3419	1	
16	15709	1	
16	13663	1	
16	5475	1	
16	9582	1	
16	9583	1	
16	5490	1	
16	11635	1	
16	7540	2	
16	21878	1	
16	7550	1	
16	7559	1	
16	17801	1	
16	7570	2	
16	11672	1	
16	13723	1	
16	7582	1	
16	1439	1	
16	7584	1	
16	11684	6	
16	7592	1	
16	3498	1	
16	9644	1	
16	19886	1	
16	1466	2	
16	3515	1	
16	11708	1	
16	15808	1	
16	11714	1	
16	13763	1	
16	1270	1	
16	5577	1	
16	15819	2	
16	15266	1	
16	7633	1	
16	7634	1	
16	9687	1	
16	7640	1	
16	3545	2	
16	3552	1	
16	7660	2	
16	13817	1	
16	15874	1	
16	15877	1	
16	7687	4	
16	1545	1	
16	13834	1	
16	13839	1	
16	22032	1	
16	13844	1	
16	13847	1	
16	13849	1	
16	11806	1	
16	3620	1	
16	3621	1	
16	11815	1	
16	11817	1	
16	3627	1	
16	13876	1	
16	11832	1	
16	3641	2	
16	3643	3	
16	11855	1	
16	15952	3	
16	22097	1	
16	18005	1	
16	11870	1	
16	7780	1	
16	7782	4	
16	22119	1	
16	15976	1	
16	7785	1	
16	15979	1	
16	15981	1	
16	18030	1	
16	13937	3	
16	7794	1	
16	7797	2	
16	7799	1	
16	22136	1	
16	15997	1	
16	5764	1	
16	13969	2	
16	3731	1	
16	16020	1	
16	1689	1	
16	18086	1	
16	13992	1	
16	22186	1	
16	22188	1	
16	9901	2	
16	5806	1	
16	22198	2	
16	1719	1	
16	18104	1	
16	5818	1	
16	7867	1	
16	18108	1	
16	9919	1	
16	9924	2	
16	20167	2	
16	7880	1	
16	18133	1	
16	7897	2	
16	5852	1	
16	22245	2	
16	18154	1	
16	12013	2	
16	22262	1	
16	14081	1	
16	14085	1	
16	20232	1	
16	20234	2	
16	18208	1	
16	18209	1	
16	5927	1	
16	5929	1	
16	21127	1	
16	22316	1	
16	20269	1	
16	18222	1	
16	5935	1	
16	5936	1	
16	1844	1	
16	10043	1	
16	22339	1	
16	22340	1	
16	16197	2	
16	8013	1	
16	18267	1	
16	22368	4	
16	22371	1	
16	20329	1	
16	5994	1	
16	8043	3	
16	20332	1	
16	18287	1	
16	8053	1	
16	20343	1	
16	1918	1	
16	8064	1	
16	6464	1	
16	20384	4	
16	20389	1	
16	22442	2	
16	16301	2	
16	16304	1	
16	14324	2	
16	22464	2	
16	20418	3	
16	20420	1	
16	4037	1	
16	10186	1	
16	14286	1	
16	4058	1	
16	4061	1	
16	10206	2	
16	16367	1	
16	8180	1	
16	10237	1	
16	10238	1	
17	19456	1	
17	8705	1	
17	5435	1	
17	19460	1	
17	22024	1	
17	7690	2	
17	855	1	
17	16998	2	
17	13838	1	
17	18773	1	
17	22032	4	
17	5208	1	
17	19726	1	
17	20499	1	
17	13846	1	
17	22551	1	
17	10264	1	
17	13316	1	
17	22368	1	
17	22044	3	
17	7400	1	
17	6686	1	
17	6687	1	
17	1568	1	
17	1712	1	
17	20519	2	
17	15400	1	
17	11817	1	
17	12481	1	
17	1580	2	
17	11821	1	
17	9262	1	
17	10799	2	
17	9777	1	
17	16434	2	
17	7486	1	
17	10292	1	
17	12341	2	
17	12342	1	
17	568	1	
17	3641	1	
17	3134	1	
17	9791	1	
17	1089	1	
17	578	1	
17	1092	1	
17	20550	1	
17	15432	2	
17	75	1	
17	76	1	
17	77	1	
17	12878	2	
17	2127	1	
17	10832	1	
17	10833	1	
17	21586	4	
17	7779	1	
17	596	1	
17	18005	4	
17	10328	1	
17	9305	1	
17	8797	1	
17	11870	1	
17	21605	1	
17	19555	1	
17	8804	1	
17	2661	1	
17	18022	1	
17	9831	1	
17	9832	1	
17	7785	1	
17	13418	1	
17	2663	1	
17	18540	1	
17	18029	1	
17	10350	1	
17	14448	3	
17	15976	1	
17	6770	1	
17	9331	2	
17	13428	1	
17	22133	1	
17	6262	1	
17	6776	1	
17	6777	1	
17	19583	1	
17	5760	1	
17	6080	1	
17	6787	1	
17	19478	1	
17	6791	1	
17	14985	1	
17	1163	3	
17	8332	2	
17	4011	1	
17	15981	1	
17	21136	1	
17	3217	1	
17	10386	1	
17	16835	1	
17	9876	1	
17	14998	1	
17	22041	1	
17	6809	1	
17	16030	1	
17	18080	1	
17	14497	1	
17	20642	1	
17	9892	1	
17	5797	1	
17	4263	1	
17	16554	1	
17	22188	1	
17	14509	1	
17	20971	1	
17	17608	1	
17	15987	2	
17	19124	2	
17	6331	1	
17	22198	2	
17	9093	1	
17	19828	1	
17	15035	1	
17	3260	1	
17	19133	5	
17	4981	1	
17	20673	1	
17	6338	1	
17	11979	1	
17	1733	1	
17	20168	3	
17	11724	1	
17	22119	1	
17	16592	1	
17	16817	1	
17	10963	1	
17	3796	1	
17	20695	1	
17	11992	1	
17	9945	1	
17	4826	1	
17	13841	1	
17	10972	1	
17	7903	1	
17	10464	1	
17	13026	1	
17	10467	4	
17	7397	1	
17	9959	1	
17	22248	1	
17	17642	1	
17	22252	1	
17	20721	1	
17	20722	7	
17	3315	1	
17	8745	1	
17	12536	1	
17	15609	1	
17	16511	1	
17	9901	1	
17	18686	1	
17	14592	1	
17	7937	1	
17	14595	1	
17	4868	4	
17	2309	1	
17	20234	1	
17	11531	1	
17	4364	1	
17	10510	1	
17	15119	1	
17	7952	1	
17	17681	1	
17	8579	1	
17	4884	1	
17	16430	1	
17	21782	1	
17	7988	1	
17	18200	1	
17	8988	1	
17	8989	1	
17	4382	1	
17	6943	1	
17	7968	1	
17	6945	1	
17	6946	1	
17	1069	1	
17	18212	2	
17	11045	1	
17	19238	1	
17	16679	1	
17	1834	1	
17	12076	1	
17	1074	1	
17	7471	1	
17	1844	3	
17	8502	1	
17	17719	1	
17	14136	1	
17	21305	4	
17	19258	1	
17	10555	3	
17	11068	1	
17	19774	1	
17	16437	1	
17	18240	1	
17	13963	1	
17	5445	1	
17	6982	1	
17	1351	1	
17	329	2	
17	22327	1	
17	10820	1	
17	5969	1	
17	9047	1	
17	4494	1	
17	9558	1	
17	10553	1	
17	8421	1	
17	18779	1	
17	1375	1	
17	7520	1	
17	22369	2	
17	1823	1	
17	12091	1	
17	11110	1	
17	7752	1	
17	15209	1	
17	4602	1	
17	3948	1	
17	9069	9	
17	3953	1	
17	16242	1	
17	9875	1	
17	7540	1	
17	15271	1	
17	20854	1	
17	12151	1	
17	8568	1	
17	9645	1	
17	14714	1	
17	11708	1	
17	7039	1	
17	8064	1	
17	12673	1	
17	7043	1	
17	15749	1	
17	17801	1	
17	15754	1	
17	3991	1	
17	15184	2	
17	909	1	
17	910	1	
17	7055	1	
17	912	1	
17	10644	1	
17	14743	2	
17	7748	1	
17	13723	1	
17	21405	1	
17	16782	1	
17	20384	1	
17	13730	1	
17	4276	1	
17	13223	2	
17	8107	1	
17	16301	1	
17	432	1	
17	12360	1	
17	3731	1	
17	2999	1	
17	7608	1	
17	16827	1	
17	8636	1	
17	492	1	
17	8638	1	
17	13301	1	
17	22464	2	
17	15809	1	
17	13763	1	
17	3203	1	
17	10694	1	
17	13255	1	
17	7112	1	
17	8268	1	
17	21781	1	
17	18104	3	
17	15820	5	
17	22478	1	
17	3408	1	
17	9169	1	
17	13778	1	
17	7483	1	
17	8666	2	
17	9691	1	
17	21980	1	
17	10205	1	
17	13278	1	
17	17376	1	
17	13793	1	
17	11771	2	
17	8683	1	
17	4483	1	
17	15855	1	
17	13296	1	
17	16373	1	
17	16213	1	
17	18424	1	
17	4601	2	
17	16890	1	
17	16891	1	
17	7676	1	
17	14677	2	
18	12288	1	
18	7684	3	
18	9223	1	
18	4617	1	
18	13844	1	
18	22551	3	
18	10264	1	
18	19460	1	
18	10269	1	
18	15903	1	
18	12325	2	
18	6695	1	
18	12329	1	
18	1067	1	
18	14387	1	
18	5129	1	
18	13884	1	
18	13888	1	
18	12870	2	
18	7752	1	
18	76	1	
18	77	1	
18	592	1	
18	21586	3	
18	17494	1	
18	5207	2	
18	2648	1	
18	15717	1	
18	16998	2	
18	18022	2	
18	7785	1	
18	6771	1	
18	13947	1	
18	5246	1	
18	18051	1	
18	13445	1	
18	646	1	
18	18056	1	
18	13451	1	
18	15500	1	
18	8899	1	
18	3221	1	
18	9380	2	
18	17062	1	
18	4263	1	
18	10408	1	
18	20649	2	
18	10410	1	
18	22188	1	
18	5806	1	
18	19126	1	
18	11449	3	
18	8892	1	
18	19133	1	
18	2239	1	
18	12481	1	
18	2243	1	
18	16588	1	
18	10975	1	
18	7392	1	
18	1266	1	
18	6901	1	
18	248	1	
18	16121	1	
18	14081	1	
18	18185	2	
18	13073	1	
18	4884	1	
18	281	1	
18	1308	1	
18	14469	1	
18	521	1	
18	4901	1	
18	16177	1	
18	15666	1	
18	19764	1	
18	1844	2	
18	4421	1	
18	17230	1	
18	3408	1	
18	21305	1	
18	21817	1	
18	3935	1	
18	2914	2	
18	3941	1	
18	15218	3	
18	7546	1	
18	15227	2	
18	18818	1	
18	16772	1	
18	9095	1	
18	13723	1	
18	7069	3	
18	17312	4	
18	18341	1	
18	12198	1	
18	21419	1	
18	5554	1	
18	11709	1	
18	20384	1	
18	11714	1	
18	13255	1	
18	15817	1	
18	3064	1	
18	9691	1	
18	10206	1	
18	17063	1	
18	10834	1	
18	4598	1	
18	5623	5	
18	15864	1	
18	11771	1	
19	12804	1	
19	9232	1	
19	3603	1	
19	19478	1	
19	19460	1	
19	11293	1	
19	6695	1	
19	8236	1	
19	13357	1	
19	16432	1	
19	8753	1	
19	1076	1	
19	17163	1	
19	3652	1	
19	15432	1	
19	7755	1	
19	13389	1	
19	4178	1	
19	18528	1	
19	16998	1	
19	2834	1	
19	12407	1	
19	6265	1	
19	4218	1	
19	5764	1	
19	14469	1	
19	19599	1	
19	3217	3	
19	19102	1	
19	11436	1	
19	19124	1	
19	19126	1	
19	8892	1	
19	19133	1	
19	7880	1	
19	20686	1	
19	633	1	
19	5337	1	
19	15582	2	
19	10978	1	
19	15227	1	
19	6375	3	
19	7400	1	
19	22252	1	
19	14583	1	
19	19712	1	
19	12549	1	
19	3339	1	
19	7952	1	
19	19730	1	
19	18197	1	
19	16662	1	
19	13445	1	
19	4886	1	
19	1844	1	
19	21305	1	
19	20285	1	
19	13129	2	
19	17227	1	
19	19277	1	
19	3919	1	
19	12625	2	
19	4438	1	
19	9069	1	
19	13682	1	
19	8568	1	
19	1915	1	
19	8062	1	
19	17791	1	
19	16774	1	
19	15751	1	
19	10644	1	
19	20384	1	
19	19279	1	
19	11181	1	
19	15791	1	
19	7601	1	
19	4019	1	
19	15797	1	
19	11714	1	
19	4555	1	
19	22491	1	
19	11760	3	
19	14324	1	
19	16374	1	
19	5623	1	
19	8184	1	
19	6652	1	
20	12288	1	
20	6146	1	
20	19460	2	
20	16902	1	
20	14081	1	
20	13832	1	
20	9	2	
20	9227	1	
20	17424	2	
20	8576	1	
20	3603	13	
20	17070	1	
20	22551	1	
20	11292	2	
20	15903	1	
20	4647	1	
20	40	4	
20	22571	1	
20	1068	1	
20	8749	1	
20	16904	1	
20	4019	3	
20	3636	1	
20	12341	1	
20	11832	1	
20	4665	1	
20	13884	2	
20	13885	1	
20	13493	1	
20	12352	1	
20	13889	2	
20	3650	2	
20	3652	1	
20	15432	1	
20	11850	1	
20	11851	2	
20	588	6	
20	21586	4	
20	7771	1	
20	18528	1	
20	10337	1	
20	13412	2	
20	9687	1	
20	4199	1	
20	7897	1	
20	15207	1	
20	14495	2	
20	14448	2	
20	13937	3	
20	6770	1	
20	12307	1	
20	10358	1	
20	12407	4	
20	14969	1	
20	3197	1	
20	15486	1	
20	3201	1	
20	12931	3	
20	13444	1	
20	4886	20	
20	705	1	
20	6281	1	
20	10605	1	
20	13969	1	
20	8041	3	
20	3220	3	
20	3353	1	
20	11461	2	
20	17569	1	
20	9122	1	
20	4774	1	
20	11431	2	
20	11434	2	
20	683	1	
20	11438	1	
20	13357	1	
20	16049	4	
20	19124	1	
20	1717	1	
20	16054	2	
20	2745	1	
20	3770	1	
20	11295	1	
20	8892	7	
20	19133	8	
20	7361	1	
20	10436	1	
20	4293	2	
20	11463	1	
20	13514	1	
20	20686	1	
20	11471	2	
20	16592	1	
20	14033	1	
20	5332	2	
20	3285	1	
20	17785	1	
20	20227	1	
20	5337	2	
20	13532	1	
20	10975	1	
20	10976	2	
20	14049	1	
20	3963	2	
20	8421	1	
20	6375	10	
20	5353	1	
20	5356	1	
20	7122	1	
20	20723	2	
20	20724	1	
20	5246	1	
20	2003	1	
20	17688	1	
20	17151	1	
20	1280	1	
20	9600	4	
20	10499	1	
20	12549	2	
20	8236	1	
20	20234	2	
20	3339	1	
20	4364	3	
20	20237	1	
20	5391	1	
20	17170	1	
20	276	1	
20	16662	1	
20	2327	2	
20	21784	3	
20	19737	3	
20	2332	1	
20	4894	6	
20	13445	1	
20	18209	2	
20	19238	2	
20	7303	1	
20	18222	1	
20	11569	2	
20	21305	7	
20	14047	1	
20	1076	1	
20	8512	1	
20	15584	1	
20	20384	1	
20	17225	1	
20	7565	1	
20	21841	1	
20	19939	1	
20	4441	1	
20	18780	1	
20	7397	1	
20	22368	1	
20	15205	1	
20	3217	2	
20	5993	2	
20	7399	2	
20	5996	1	
20	9069	1	
20	18016	2	
20	15218	1	
20	12151	1	
20	14713	1	
20	15227	5	
20	4989	1	
20	1918	2	
20	1408	1	
20	10219	3	
20	16961	2	
20	15752	1	
20	16781	1	
20	4496	3	
20	4497	2	
20	10375	1	
20	7578	1	
20	4509	2	
20	7584	4	
20	6561	1	
20	15266	8	
20	18921	1	
20	15273	5	
20	18862	1	
20	7600	1	
20	16307	1	
20	6075	1	
20	9152	1	
20	16833	1	
20	13763	1	
20	502	1	
20	9121	1	
20	1997	2	
20	10190	1	
20	16848	1	
20	7634	1	
20	16803	1	
20	9684	2	
20	5591	1	
20	12760	1	
20	11737	1	
20	22491	5	
20	10206	1	
20	18911	1	
20	11771	1	
20	14798	1	
20	4073	1	
20	12779	2	
20	16366	1	
20	15855	1	
20	11760	7	
20	20468	1	
20	4086	1	
20	5623	2	
20	18424	1	
20	6410	1	
20	6651	1	
20	6652	5	
20	15869	2	
21	19460	3	
21	3603	1	
21	13316	1	
21	11292	1	
21	4647	1	
21	1068	1	
21	15418	1	
21	13885	1	
21	13887	1	
21	13889	2	
21	15434	1	
21	6231	1	
21	602	1	
21	13937	3	
21	20598	1	
21	12407	1	
21	12931	1	
21	13445	1	
21	22209	1	
21	7819	1	
21	3217	1	
21	14488	1	
21	6809	2	
21	19142	1	
21	21788	1	
21	683	1	
21	11436	1	
21	11438	1	
21	4276	1	
21	19133	6	
21	705	1	
21	21702	1	
21	4295	1	
21	17608	1	
21	11471	1	
21	721	1	
21	11992	1	
21	6375	3	
21	2957	1	
21	19694	1	
21	1280	1	
21	12549	1	
21	14088	1	
21	17163	2	
21	4364	2	
21	20237	1	
21	4886	3	
21	2332	1	
21	5927	1	
21	5929	4	
21	11569	1	
21	21305	4	
21	8512	1	
21	4418	1	
21	17225	1	
21	3919	1	
21	15184	2	
21	12625	1	
21	4438	1	
21	13969	1	
21	9069	1	
21	4073	1	
21	14713	1	
21	14714	1	
21	1923	1	
21	901	1	
21	4493	1	
21	15855	1	
21	14753	1	
21	15266	1	
21	7592	1	
21	15273	1	
21	19900	1	
21	10190	1	
21	16848	1	
21	7633	1	
21	7122	1	
21	22491	1	
21	11771	2	
21	12265	1	
21	20972	1	
21	7663	1	
21	11760	1	
21	6132	1	
21	4601	1	
21	6651	1	
21	6652	1	
