1	13440	2	
1	9729	1	
1	3073	1	
1	2826	1	
1	17803	1	
1	4364	1	
1	14606	1	
1	5394	1	
1	16404	1	
1	20164	1	
1	7937	1	
1	22557	2	
1	19238	1	
1	22385	1	
1	12481	1	
1	1076	1	
1	21814	1	
1	12471	2	
1	21688	1	
1	22587	1	
1	316	1	
1	12746	1	
1	12734	1	
1	11969	1	
1	14988	1	
1	13252	2	
1	3574	1	
1	18632	1	
1	6345	1	
1	9290	1	
1	19411	1	
1	16469	1	
1	13398	1	
1	18391	1	
1	15448	1	
1	18905	1	
1	2271	1	
1	21601	1	
1	8486	1	
1	12390	1	
1	2407	1	
1	20329	1	
1	3050	1	
1	11372	1	
1	13937	1	
1	1140	1	
1	2422	1	
1	12151	2	
1	8443	1	
1	20522	1	
2	9729	1	
2	17549	1	
2	22571	1	
2	3073	1	
2	19261	1	
2	8641	1	
2	9687	1	
2	14605	1	
2	12944	1	
2	6801	1	
2	6702	1	
2	14393	1	
2	19133	1	
2	17818	1	
2	13979	1	
2	22557	1	
2	19102	1	
2	20256	1	
2	9761	1	
2	16163	1	
2	3627	1	
2	18350	1	
2	21295	2	
2	432	1	
2	7471	1	
2	5389	1	
2	9782	1	
2	12471	2	
2	21305	1	
2	2747	1	
2	16639	1	
2	21309	1	
2	9918	1	
2	11969	1	
2	1163	1	
2	21302	1	
2	587	1	
2	8908	1	
2	11471	1	
2	11600	2	
2	8532	1	
2	14677	1	
2	9047	1	
2	15704	1	
2	7901	1	
2	7520	1	
2	7952	1	
2	3943	1	
2	18154	1	
2	21613	1	
2	18287	1	
2	13937	3	
2	14707	1	
2	1140	1	
2	16830	1	
2	18391	1	
2	8568	2	
2	15609	1	
2	1147	1	
2	21	1	
3	9729	1	
3	20739	2	
3	2309	2	
3	9606	1	
3	15276	1	
3	15575	1	
3	16269	1	
3	20817	1	
3	14509	1	
3	20632	1	
3	18841	1	
3	20635	1	
3	10012	1	
3	2394	2	
3	12190	1	
3	20255	1	
3	13216	1	
3	20389	1	
3	4267	1	
3	12076	1	
3	21933	1	
3	15534	1	
3	10543	1	
3	9777	1	
3	8499	1	
3	2740	1	
3	9398	1	
3	22025	1	
3	16373	1	
3	7996	1	
3	10943	1	
3	11969	2	
3	12354	1	
3	15115	1	
3	21957	1	
3	13255	1	
3	3528	2	
3	9417	1	
3	9418	2	
3	1099	1	
3	4941	1	
3	9294	1	
3	9167	1	
3	11600	1	
3	15441	1	
3	14677	1	
3	7638	1	
3	855	1	
3	13912	1	
3	20442	1	
3	493	1	
3	395	1	
3	14179	1	
3	15845	2	
3	2407	3	
3	14422	1	
3	359	1	
3	18796	1	
3	9069	1	
3	21613	1	
3	1140	2	
3	1141	1	
3	18809	2	
3	7889	1	
3	2239	1	
4	12288	1	
4	6464	1	
4	20610	1	
4	4868	1	
4	16263	1	
4	9069	1	
4	5389	1	
4	2063	2	
4	21392	1	
4	7057	1	
4	22418	1	
4	10515	1	
4	14574	1	
4	12567	2	
4	15512	1	
4	18841	2	
4	17435	1	
4	13316	1	
4	20255	1	
4	20384	1	
4	9755	1	
4	4941	1	
4	18344	1	
4	5929	1	
4	15534	2	
4	15664	3	
4	8571	1	
4	22450	1	
4	1076	1	
4	8184	1	
4	9912	1	
4	5433	1	
4	20794	1	
4	17211	1	
4	19900	1	
4	20285	1	
4	13901	2	
4	757	1	
4	22464	2	
4	21586	1	
4	13255	2	
4	9247	1	
4	13516	3	
4	1454	1	
4	6732	1	
4	13389	1	
4	9550	1	
4	9167	2	
4	9809	1	
4	4818	1	
4	595	1	
4	6741	2	
4	15575	1	
4	21850	1	
4	11100	1	
4	13388	1	
4	4831	1	
4	17632	1	
4	20579	1	
4	2917	1	
4	1576	1	
4	8043	1	
4	493	1	
4	7684	1	
4	6968	1	
4	3943	1	
4	20977	1	
4	20499	1	
4	16062	1	
4	2680	1	
4	11385	1	
4	4602	1	
4	8767	1	
4	8021	1	
5	13316	3	
5	16776	1	
5	10510	2	
5	9069	1	
5	9873	1	
5	18962	2	
5	13460	1	
5	11790	1	
5	16799	1	
5	18080	1	
5	7206	1	
5	22442	1	
5	12716	1	
5	19375	1	
5	15664	1	
5	8753	1	
5	19124	1	
5	5433	1	
5	19900	1	
5	1076	1	
5	6464	1	
5	8641	3	
5	15819	1	
5	13516	3	
5	12110	1	
5	13776	1	
5	9169	2	
5	8021	2	
5	2063	6	
5	11100	2	
5	17184	1	
5	19238	1	
5	8045	1	
5	18030	1	
5	9072	1	
6	9729	1	
6	13316	1	
6	4102	1	
6	7690	1	
6	20817	1	
6	3949	1	
6	21	1	
6	10262	1	
6	5527	1	
6	18840	1	
6	20762	1	
6	5532	1	
6	20389	2	
6	3113	1	
6	3627	1	
6	10412	1	
6	3629	1	
6	1582	1	
6	15666	1	
6	21299	1	
6	12089	1	
6	8636	1	
6	20781	1	
6	14326	1	
6	12746	1	
6	9809	1	
6	20717	1	
6	14677	1	
6	599	1	
6	15704	1	
6	8921	1	
6	15707	1	
6	9437	1	
6	3934	1	
6	1147	1	
6	20453	1	
6	4326	1	
6	3943	1	
6	360	1	
6	21613	1	
6	20078	1	
6	9071	1	
6	1140	1	
6	1141	1	
6	13174	1	
6	9022	1	
6	4347	1	
6	19093	1	
7	9729	1	
7	14081	1	
7	7180	1	
7	22032	3	
7	2990	1	
7	22551	4	
7	20519	1	
7	9418	1	
7	14410	1	
7	6741	1	
7	13497	1	
7	16484	1	
7	16998	1	
7	17000	1	
7	22121	1	
7	21613	1	
7	6760	1	
7	1140	1	
7	10857	1	
7	1147	1	
7	13951	1	
7	17028	1	
7	1671	1	
7	1163	1	
7	4238	1	
7	15128	1	
7	19626	1	
7	10411	1	
7	14509	1	
7	19124	2	
7	13493	1	
7	12471	2	
7	12985	1	
7	5309	1	
7	19646	1	
7	2239	1	
7	9417	1	
7	13514	1	
7	4303	1	
7	14546	1	
7	22232	1	
7	218	2	
7	15070	1	
7	2273	1	
7	19172	1	
7	757	1	
7	8440	1	
7	8449	1	
7	21251	1	
7	10625	2	
7	2435	5	
7	6424	1	
7	16155	1	
7	22306	1	
7	19238	1	
7	20781	1	
7	21295	2	
7	8496	1	
7	8500	1	
7	6464	1	
7	18769	1	
7	16212	1	
7	9047	2	
7	8027	1	
7	8033	1	
7	2407	2	
7	5992	1	
7	9069	1	
7	11632	1	
7	22386	1	
7	12664	1	
7	12154	1	
7	897	1	
7	8579	1	
7	395	1	
7	7055	1	
7	11672	1	
7	12187	1	
7	12190	1	
7	12191	1	
7	20384	1	
7	2478	1	
7	22455	1	
7	966	1	
7	12746	1	
7	8184	1	
7	16347	1	
7	991	1	
7	20453	1	
7	8684	1	
7	20463	1	
7	14326	1	
7	12280	1	
7	16379	1	
8	897	1	
8	12805	1	
8	16263	1	
8	13453	1	
8	20494	1	
8	17424	1	
8	22551	1	
8	18202	1	
8	9647	1	
8	15774	1	
8	18080	1	
8	9435	1	
8	20008	1	
8	14379	1	
8	5934	2	
8	5551	1	
8	15666	1	
8	4019	1	
8	2873	1	
8	17211	1	
8	22463	1	
8	6080	1	
8	17184	1	
8	14915	1	
8	20854	1	
8	4171	1	
8	13516	2	
8	19534	1	
8	9167	1	
8	18128	1	
8	5112	1	
8	10834	1	
8	19619	1	
8	14677	1	
8	15575	1	
8	218	2	
8	5339	1	
8	9529	1	
8	10206	1	
8	19170	1	
8	18019	1	
8	2025	1	
8	18154	1	
8	5996	3	
8	21613	1	
8	625	1	
8	1140	1	
8	21622	1	
8	13161	1	
8	18808	1	
8	18426	1	
8	1147	1	
8	12670	1	
9	13440	1	
9	10625	1	
9	22571	2	
9	9351	1	
9	2696	1	
9	11662	1	
9	7055	1	
9	22032	1	
9	3395	1	
9	8086	1	
9	22551	2	
9	15512	1	
9	22426	1	
9	8026	1	
9	5150	1	
9	19238	2	
9	21161	2	
9	22442	1	
9	1067	1	
9	1580	1	
9	14509	1	
9	7982	1	
9	7985	1	
9	22455	2	
9	10040	1	
9	12089	1	
9	5946	1	
9	12091	1	
9	5186	1	
9	16835	1	
9	13255	1	
9	1482	1	
9	20427	1	
9	11600	1	
9	9809	1	
9	4818	1	
9	9043	1	
9	9684	1	
9	14677	1	
9	9686	1	
9	13528	1	
9	2394	1	
9	18042	1	
9	7952	2	
9	18528	1	
9	14689	1	
9	1147	2	
9	6506	1	
9	9717	1	
9	20854	1	
9	11898	1	
9	16379	2	
9	12471	1	
10	10625	2	
10	13316	1	
10	19286	1	
10	7690	1	
10	13452	2	
10	13388	1	
10	3858	1	
10	22551	1	
10	18841	1	
10	9244	1	
10	9247	1	
10	8236	1	
10	7471	2	
10	1076	1	
10	22585	1	
10	12191	1	
10	22463	1	
10	17602	1	
10	13769	1	
10	20427	1	
10	6732	1	
10	11600	1	
10	7380	1	
10	6741	1	
10	17622	1	
10	12888	1	
10	22369	1	
10	15971	1	
10	18673	1	
10	16373	1	
10	11385	3	
10	15610	1	
10	1147	1	
11	831	1	
11	13316	3	
11	9351	1	
11	17290	1	
11	19479	1	
11	22158	1	
11	2443	2	
11	18962	2	
11	19476	1	
11	20014	1	
11	22551	2	
11	11524	1	
11	9755	2	
11	9244	1	
11	9247	2	
11	15266	1	
11	5155	2	
11	1959	1	
11	20010	1	
11	10411	1	
11	14509	1	
11	8238	1	
11	9398	1	
11	12471	1	
11	13624	1	
11	12089	1	
11	5306	1	
11	12091	1	
11	15548	1	
11	16190	2	
11	16831	1	
11	9759	1	
11	2243	1	
11	13255	2	
11	13129	2	
11	9550	1	
11	4818	2	
11	2899	3	
11	6741	1	
11	19286	2	
11	9047	1	
11	15704	1	
11	1369	1	
11	5338	1	
11	13532	1	
11	14689	1	
11	22119	1	
11	8043	2	
11	9069	2	
11	14574	1	
11	7870	1	
11	2680	1	
11	633	1	
11	1147	1	
11	14677	1	
12	8193	1	
12	12162	1	
12	4868	1	
12	14969	1	
12	18571	1	
12	22030	1	
12	21613	1	
12	2064	1	
12	4881	1	
12	22418	1	
12	14743	1	
12	16260	1	
12	9247	1	
12	545	1	
12	11555	1	
12	3113	1	
12	4267	1	
12	2990	2	
12	7471	1	
12	7985	1	
12	4019	1	
12	12471	1	
12	16543	1	
12	15548	2	
12	1141	1	
12	12354	1	
12	22339	1	
12	8260	1	
12	4941	2	
12	9550	1	
12	18128	1	
12	20177	1	
12	2899	1	
12	6741	1	
12	11385	5	
12	10329	1	
12	222	1	
12	17375	1	
12	10555	2	
12	8043	2	
12	9069	3	
12	20078	1	
12	12656	1	
12	13937	1	
12	18962	1	
12	11381	1	
12	4601	1	
13	8961	1	
13	13316	2	
13	1669	2	
13	9606	1	
13	7937	2	
13	22551	2	
13	4364	1	
13	20494	1	
13	11151	1	
13	13200	1	
13	13073	1	
13	14994	1	
13	15216	1	
13	6037	1	
13	7319	1	
13	18948	1	
13	13978	1	
13	1947	1	
13	15772	2	
13	4509	1	
13	6686	1	
13	9887	1	
13	545	1	
13	219	1	
13	19364	1	
13	9895	3	
13	21161	1	
13	20010	3	
13	16430	1	
13	16432	1	
13	12209	1	
13	12212	1	
13	13129	1	
13	13880	1	
13	10555	1	
13	10972	1	
13	1469	1	
13	12350	1	
13	11381	1	
13	16193	1	
13	3395	1	
13	1526	1	
13	15664	1	
13	13516	1	
13	11850	1	
13	15948	1	
13	9550	1	
13	1744	1	
13	9169	1	
13	2899	1	
13	19028	1	
13	14677	1	
13	19204	1	
13	10328	1	
13	10329	1	
13	218	1	
13	17627	1	
13	7644	1	
13	8797	1	
13	16190	1	
13	22368	1	
13	14689	1	
13	7650	1	
13	16479	1	
13	7014	1	
13	4945	1	
13	8043	1	
13	5996	1	
13	10365	1	
13	4208	1	
13	3954	1	
13	5232	1	
13	1141	1	
13	19702	1	
13	633	1	
13	11771	1	
13	19114	1	
14	683	1	
14	13445	1	
14	9606	1	
14	16705	1	
14	11528	1	
14	2953	1	
14	8043	1	
14	13452	1	
14	2445	1	
14	14865	1	
14	18247	1	
14	19478	1	
14	12567	1	
14	15512	1	
14	22426	1	
14	7963	1	
14	16542	1	
14	12064	1	
14	20900	1	
14	4263	1	
14	4246	1	
14	938	1	
14	22443	1	
14	1329	1	
14	20019	1	
14	1076	1	
14	9886	1	
14	4534	1	
14	20791	1	
14	6459	1	
14	7101	1	
14	4533	1	
14	8641	1	
14	13255	1	
14	22092	1	
14	9550	1	
14	632	1	
14	6741	2	
14	16121	1	
14	12888	1	
14	12891	2	
14	19367	1	
14	11771	1	
14	22369	1	
14	10555	1	
14	2834	1	
14	14993	1	
14	15976	1	
14	8188	1	
14	4647	1	
14	9069	2	
14	16625	1	
14	8562	1	
14	1141	1	
14	1526	2	
14	10857	1	
14	18424	1	
14	15609	1	
14	4090	1	
14	1147	1	
14	2044	1	
14	8061	1	
14	4821	1	
15	15616	1	
15	5632	1	
15	12162	1	
15	19716	1	
15	8449	2	
15	3208	1	
15	5996	1	
15	2442	1	
15	4364	1	
15	12354	1	
15	6544	1	
15	4115	1	
15	916	1	
15	22551	1	
15	15512	1	
15	8857	1	
15	7471	1	
15	15772	1	
15	9247	1	
15	10452	2	
15	19238	3	
15	11198	1	
15	19113	1	
15	15660	1	
15	12153	1	
15	18483	1	
15	13493	1	
15	7095	5	
15	13242	1	
15	6459	1	
15	16190	1	
15	6464	1	
15	4161	1	
15	11714	1	
15	16832	1	
15	4169	1	
15	11850	1	
15	11723	1	
15	1281	1	
15	13389	1	
15	9167	1	
15	21330	1	
15	13907	3	
15	9684	1	
15	6741	2	
15	11385	2	
15	14682	1	
15	8797	1	
15	17424	1	
15	21605	1	
15	1766	1	
15	19943	1	
15	19816	1	
15	13159	1	
15	7020	1	
15	5358	1	
15	14448	1	
15	10097	1	
15	2003	1	
15	1140	2	
15	1141	1	
15	4601	1	
15	17621	1	
16	14862	1	
16	1044	1	
16	20010	3	
16	6702	1	
16	1076	1	
16	12354	1	
16	13389	1	
16	20047	1	
16	15441	1	
16	6741	1	
16	21604	1	
16	13404	1	
16	8797	3	
16	3788	1	
16	19050	1	
16	3692	1	
16	3694	1	
16	1140	2	
16	6773	1	
16	10360	1	
16	10365	2	
16	22464	1	
16	1669	1	
16	14985	1	
16	19907	1	
16	8857	1	
16	16543	1	
16	9383	1	
16	20649	1	
16	20142	1	
16	19636	1	
16	1141	1	
16	8992	1	
16	13516	1	
16	8906	2	
16	8908	2	
16	10452	1	
16	17109	1	
16	21733	1	
16	5863	1	
16	7402	1	
16	5867	1	
16	14574	1	
16	16121	1	
16	18686	1	
16	15616	2	
16	7937	1	
16	7938	4	
16	17671	1	
16	17162	1	
16	13073	1	
16	20014	1	
16	7960	1	
16	8988	1	
16	7968	1	
16	17700	1	
16	19243	2	
16	2351	1	
16	19263	1	
16	6464	1	
16	3395	2	
16	4423	1	
16	4941	1	
16	18766	1	
16	11600	1	
16	14677	1	
16	22369	1	
16	8043	1	
16	12151	1	
16	1918	1	
16	7039	1	
16	13710	1	
16	11151	1	
16	19348	1	
16	21912	1	
16	11161	1	
16	11162	1	
16	15772	1	
16	15773	2	
16	15266	1	
16	2990	1	
16	2991	1	
16	4019	1	
16	7095	4	
16	17344	1	
16	451	1	
16	14288	1	
16	4049	1	
16	18395	1	
16	7650	1	
16	7666	1	
16	3157	1	
17	2944	1	
17	7938	2	
17	13316	2	
17	13574	1	
17	9863	2	
17	855	1	
17	10889	1	
17	1163	1	
17	8066	1	
17	2446	1	
17	18191	1	
17	5394	1	
17	13459	1	
17	22551	2	
17	17176	1	
17	18746	1	
17	12700	1	
17	8026	1	
17	5150	1	
17	15268	1	
17	4901	2	
17	15993	1	
17	13737	1	
17	22442	1	
17	3245	2	
17	20142	1	
17	7471	1	
17	7472	1	
17	9777	1	
17	8185	1	
17	12702	1	
17	9033	1	
17	22330	1	
17	12091	1	
17	16062	1	
17	11973	1	
17	10054	2	
17	9543	2	
17	15820	1	
17	8908	1	
17	13389	1	
17	6864	1	
17	4818	2	
17	4823	1	
17	15773	1	
17	18393	1	
17	2394	1	
17	8797	1	
17	6437	1	
17	7777	1	
17	16226	1	
17	3171	2	
17	8421	1	
17	8043	1	
17	9069	1	
17	14574	1	
17	2674	1	
17	17811	1	
17	1140	1	
17	626	1	
17	3702	1	
17	4217	1	
17	18810	1	
17	10410	1	
17	18174	1	
18	7937	2	
18	4867	1	
18	16134	1	
18	10889	2	
18	16266	1	
18	2443	1	
18	13452	1	
18	6414	1	
18	18191	1	
18	16017	2	
18	16276	1	
18	5910	1	
18	15512	1	
18	1947	1	
18	8988	1	
18	15773	2	
18	12702	1	
18	9121	1	
18	12699	1	
18	4900	1	
18	18341	1	
18	12209	1	
18	3113	1	
18	12842	1	
18	10055	1	
18	22188	1	
18	8749	1	
18	10269	1	
18	15664	2	
18	3245	1	
18	1076	1	
18	16054	1	
18	13129	1	
18	13880	1	
18	15160	2	
18	15548	1	
18	7690	1	
18	11710	2	
18	831	2	
18	22464	1	
18	8771	1	
18	9543	5	
18	13516	1	
18	17162	1	
18	15820	1	
18	13389	1	
18	12110	1	
18	12625	1	
18	4818	1	
18	3171	1	
18	9684	1	
18	14677	1	
18	12888	1	
18	10360	1	
18	13914	1	
18	3936	1	
18	18287	2	
18	8519	1	
18	2407	1	
18	9606	2	
18	14993	1	
18	19900	1	
18	8043	4	
18	18540	1	
18	8046	1	
18	21629	1	
18	9072	1	
18	21617	1	
18	7283	1	
18	1163	1	
18	15863	1	
18	15864	1	
18	19133	3	
18	1147	1	
18	10365	2	
18	5246	1	
18	7637	1	
19	18818	1	
19	17259	1	
19	13316	1	
19	17262	1	
19	18182	1	
19	9863	1	
19	19208	1	
19	4844	1	
19	22423	1	
19	21613	1	
19	1552	1	
19	16017	1	
19	22421	1	
19	10262	1	
19	22551	2	
19	21912	1	
19	22426	1	
19	1564	1	
19	10915	1	
19	5284	1	
19	19238	1	
19	13912	1	
19	20780	1	
19	12700	1	
19	647	1	
19	12716	1	
19	8749	1	
19	8238	1	
19	2351	1	
19	18736	5	
19	16435	1	
19	3369	1	
19	19740	1	
19	17463	1	
19	12089	1	
19	22586	1	
19	12091	1	
19	19900	2	
19	8765	3	
19	21696	1	
19	22059	1	
19	12354	1	
19	20803	2	
19	21330	1	
19	13255	1	
19	588	1	
19	15818	1	
19	9527	1	
19	6732	1	
19	22093	1	
19	18510	1	
19	4818	1	
19	2899	1	
19	14677	2	
19	9529	1	
19	18904	1	
19	220	1	
19	4218	1	
19	4636	1	
19	19938	1	
19	3171	1	
19	7012	1	
19	19942	1	
19	8425	1	
19	8043	1	
19	17260	1	
19	18851	1	
19	18030	6	
19	14589	1	
19	14448	1	
19	3954	1	
19	22387	1	
19	14324	1	
19	22585	1	
19	10409	1	
19	5387	1	
19	12153	1	
19	11898	1	
19	10365	1	
19	8797	1	
20	15851	1	
20	13316	1	
20	9607	1	
20	10889	1	
20	20234	1	
20	4364	1	
20	5134	1	
20	20882	2	
20	22163	1	
20	20014	1	
20	22551	1	
20	7812	1	
20	15855	1	
20	17184	1	
20	15664	2	
20	10915	1	
20	7204	1	
20	4901	1	
20	20134	1	
20	10407	1	
20	21160	1	
20	21161	1	
20	16430	1	
20	18736	1	
20	20571	1	
20	1076	1	
20	6458	1	
20	8765	1	
20	11381	1	
20	12891	1	
20	20803	1	
20	11334	1	
20	6983	2	
20	6985	1	
20	7653	1	
20	6989	1	
20	20303	1	
20	4818	1	
20	2899	1	
20	16340	1	
20	6741	1	
20	218	1	
20	219	1	
20	220	2	
20	7781	1	
20	14689	1	
20	13979	1	
20	17062	1	
20	7016	1	
20	8238	1	
20	18030	1	
20	11887	1	
20	17064	1	
20	8771	1	
20	6773	1	
20	11384	1	
20	4601	2	
20	1147	1	
20	4604	1	
20	20095	1	
21	19840	1	
21	9729	1	
21	13316	1	
21	11913	1	
21	17162	1	
21	11180	1	
21	9868	1	
21	13453	1	
21	9069	1	
21	17424	1	
21	20882	1	
21	3395	1	
21	13460	1	
21	12567	1	
21	19352	1	
21	4123	1	
21	19741	1	
21	16274	1	
21	22450	1	
21	20384	1	
21	19238	1	
21	3113	3	
21	22186	5	
21	2273	1	
21	22188	1	
21	7474	1	
21	16477	1	
21	15664	4	
21	22369	1	
21	13490	1	
21	435	1	
21	11702	1	
21	12471	3	
21	15548	1	
21	19133	1	
21	20798	1	
21	14219	1	
21	4038	1	
21	10567	1	
21	20019	1	
21	22092	1	
21	16226	1	
21	12110	1	
21	3425	1	
21	18128	1	
21	9170	1	
21	3171	2	
21	14677	1	
21	15575	1	
21	18521	1	
21	7055	1	
21	16605	1	
21	8912	1	
21	19938	2	
21	4067	1	
21	8144	1	
21	20329	1	
21	3946	1	
21	8043	1	
21	20076	1	
21	21613	1	
21	16621	1	
21	2003	1	
21	1140	1	
21	11381	1	
21	22006	1	
21	6633	1	
21	16379	1	
21	2044	1	
22	1669	1	
22	15754	1	
22	4364	1	
22	11714	1	
22	20878	1	
22	20368	1	
22	13891	1	
22	8387	2	
22	19092	1	
22	18837	1	
22	22551	2	
22	10265	1	
22	17818	1	
22	8988	2	
22	15903	1	
22	17184	1	
22	15521	1	
22	17827	1	
22	19238	1	
22	3627	1	
22	15660	1	
22	2351	1	
22	9777	1	
22	19124	1	
22	15819	1	
22	7104	1	
22	11969	1	
22	12354	1	
22	13515	1	
22	15045	1	
22	13452	2	
22	6859	1	
22	17612	1	
22	12110	1	
22	15449	1	
22	19088	1	
22	16616	1	
22	14185	1	
22	11760	1	
22	11381	1	
22	12151	1	
22	11898	2	
22	1917	1	
22	1918	1	
22	17407	1	
23	1280	1	
23	7104	1	
23	3203	1	
23	18948	1	
23	1917	1	
23	861	1	
23	15754	1	
23	13453	1	
23	12821	1	
23	22551	1	
23	13723	1	
23	15773	1	
23	5150	1	
23	4208	1	
23	4992	1	
23	12110	1	
23	9606	1	
23	21629	1	
23	10407	1	
23	9385	1	
23	9386	1	
23	3627	1	
23	11436	1	
23	7471	1	
23	15793	1	
23	16434	1	
23	16436	1	
23	21305	2	
23	19133	2	
23	12350	1	
23	11711	1	
23	1856	1	
23	4290	1	
23	12354	1	
23	20297	1	
23	18087	1	
23	14798	1	
23	11471	1	
23	4647	1	
23	2003	1	
23	9684	1	
23	9685	1	
23	19286	1	
23	9308	2	
23	9437	1	
23	16734	1	
23	18143	1	
23	19938	1	
23	9316	3	
23	358	1	
23	22119	1	
23	15976	1	
23	10218	1	
23	8043	4	
23	4989	3	
23	11760	1	
23	21617	1	
23	21618	1	
23	2899	1	
23	1141	1	
23	1526	2	
23	12535	1	
23	633	2	
23	4986	1	
23	13819	1	
23	4988	2	
23	11431	1	
23	12414	1	
23	3455	1	
24	15616	1	
24	19520	1	
24	19204	1	
24	6791	2	
24	4364	1	
24	11790	1	
24	5485	1	
24	5264	1	
24	18068	1	
24	4689	1	
24	217	1	
24	4868	1	
24	18975	1	
24	12825	1	
24	11196	1	
24	8995	1	
24	2596	1	
24	8262	1	
24	10407	1	
24	5800	1	
24	4647	1	
24	17706	2	
24	16434	1	
24	9653	1	
24	3900	1	
24	18357	1	
24	7104	1	
24	9072	1	
24	897	1	
24	11600	1	
24	6609	5	
24	14803	1	
24	7014	1	
24	20566	1	
24	14807	1	
24	15448	1	
24	857	1	
24	218	1	
24	9435	4	
24	861	1	
24	18143	1	
24	21605	1	
24	16998	1	
24	9169	1	
24	13161	1	
24	5994	1	
24	8043	3	
24	9069	1	
24	20847	1	
24	11760	1	
24	3954	1	
24	19957	1	
24	6774	1	
24	21626	1	
24	4988	1	
24	12414	1	
25	1921	1	
25	8708	1	
25	9606	2	
25	15754	1	
25	2443	1	
25	4364	1	
25	11791	1	
25	4496	1	
25	17681	1	
25	13316	1	
25	9755	1	
25	20583	1	
25	15773	1	
25	17184	1	
25	19364	1	
25	19718	1	
25	21417	1	
25	1067	1	
25	22557	1	
25	3629	1	
25	13486	1	
25	7471	1	
25	21824	1	
25	19124	3	
25	13242	1	
25	11963	1	
25	7101	1	
25	7104	1	
25	7520	1	
25	15817	2	
25	13516	1	
25	20429	1	
25	12110	3	
25	1743	1	
25	6464	1	
25	9170	1	
25	5459	1	
25	13006	1	
25	15448	1	
25	7204	1	
25	13532	1	
25	8160	1	
25	22032	1	
25	15035	1	
25	9831	1	
25	22121	1	
25	8043	3	
25	3692	1	
25	9069	2	
25	9072	1	
25	2899	1	
25	5108	1	
25	4986	4	
25	11771	2	
25	1917	2	
26	8449	1	
26	16131	1	
26	13316	1	
26	9606	2	
26	4460	1	
26	15754	1	
26	2443	1	
26	4364	1	
26	18191	1	
26	7952	1	
26	7088	1	
26	22551	3	
26	15773	1	
26	17183	1	
26	17312	1	
26	18736	1	
26	15522	1	
26	9125	1	
26	13937	1	
26	6824	1	
26	3626	1	
26	15660	2	
26	3762	1	
26	20014	1	
26	15664	2	
26	9777	2	
26	16434	1	
26	19124	2	
26	12089	1	
26	6458	1	
26	19900	1	
26	19133	1	
26	21310	2	
26	11381	1	
26	11714	1	
26	13891	1	
26	3524	1	
26	6598	1	
26	9543	1	
26	19401	1	
26	11850	1	
26	20343	1	
26	588	1	
26	12110	4	
26	12116	1	
26	7637	1	
26	15575	1	
26	15448	1	
26	857	1	
26	5338	1	
26	13740	1	
26	15820	1	
26	10206	1	
26	3171	1	
26	7780	1	
26	2407	1	
26	6760	1	
26	18154	1	
26	8043	3	
26	18796	1	
26	9069	3	
26	15855	1	
26	15856	1	
26	16625	1	
26	8307	2	
26	6773	1	
26	1526	1	
26	18295	1	
26	10360	1	
26	1147	1	
26	20607	1	
27	19332	1	
27	1798	1	
27	7303	1	
27	906	1	
27	15266	1	
27	547	1	
27	1030	1	
27	15528	1	
27	10927	1	
27	10545	1	
27	3127	1	
27	5564	1	
27	4038	1	
27	11335	1	
27	13514	1	
27	12878	2	
27	12625	1	
27	16092	1	
27	18784	1	
27	22369	1	
27	22119	1	
27	8425	1	
27	12007	1	
27	1576	1	
27	11511	1	
27	16252	1	
28	14592	1	
28	1664	1	
28	16776	1	
28	1163	1	
28	5900	1	
28	11791	1	
28	10269	1	
28	10545	1	
28	12842	1	
28	11528	1	
28	6713	1	
28	6847	1	
28	15172	1	
28	13388	1	
28	20556	1	
28	846	1	
28	3536	1	
28	7633	1	
28	11732	1	
28	13398	1	
28	19939	1	
28	11750	1	
28	9833	1	
28	5866	1	
28	8686	1	
28	1140	1	
28	4601	1	
28	17530	1	
28	22442	3	
28	18174	1	
29	11008	1	
29	4868	1	
29	2309	1	
29	9607	1	
29	5389	1	
29	545	1	
29	18486	1	
29	7483	1	
29	19900	1	
29	20159	1	
29	12998	1	
29	13255	1	
29	13128	1	
29	11600	1	
29	9555	1	
29	14677	3	
29	15845	1	
29	2407	1	
29	16616	1	
29	13033	1	
29	494	1	
29	15976	1	
29	1140	1	
29	1141	3	
29	1526	1	
30	11008	1	
30	8449	1	
30	12162	1	
30	6919	1	
30	22024	1	
30	7690	1	
30	4364	1	
30	15117	2	
30	6773	1	
30	1680	1	
30	4497	1	
30	4884	1	
30	4526	1	
30	19133	1	
30	17818	1	
30	8604	1	
30	1050	1	
30	11806	1	
30	20384	1	
30	1189	1	
30	11946	1	
30	16775	1	
30	22188	1	
30	14509	1	
30	20782	1	
30	8797	1	
30	15666	1	
30	19870	1	
30	9417	1	
30	5433	1	
30	19900	1	
30	5565	1	
30	16831	1	
30	17184	2	
30	19396	2	
30	6774	1	
30	11590	1	
30	17223	1	
30	16073	1	
30	13514	1	
30	13388	1	
30	20813	1	
30	592	1	
30	9169	1	
30	9170	1	
30	2003	1	
30	14677	1	
30	21305	1	
30	15448	2	
30	9435	1	
30	18042	1	
30	17424	1	
30	4496	1	
30	8306	1	
30	12390	1	
30	9831	1	
30	13033	1	
30	487	1	
30	5996	1	
30	9033	1	
30	16605	1	
30	4277	1	
30	8180	1	
30	1141	1	
30	11894	1	
30	3321	1	
30	6522	1	
30	6652	2	
30	22442	2	
30	3711	1	
31	14595	1	
31	13316	2	
31	9606	1	
31	1032	1	
31	21228	1	
31	22551	1	
31	4364	2	
31	15117	1	
31	7055	1	
31	9488	1	
31	22418	1	
31	12183	1	
31	17176	1	
31	7451	1	
31	19238	1	
31	4649	1	
31	22442	1	
31	14509	1	
31	7854	1	
31	11059	1	
31	3130	1	
31	15035	2	
31	757	1	
31	17163	1	
31	13255	1	
31	1225	2	
31	12878	1	
31	593	1	
31	14677	1	
31	18393	1	
31	8797	1	
31	18022	1	
31	21841	1	
31	3176	1	
31	22121	1	
31	12010	1	
31	8684	1	
31	18408	1	
31	1141	1	
31	16374	1	
31	12905	1	
31	12153	1	
31	18046	1	
32	11008	2	
32	6786	1	
32	16260	2	
32	18181	1	
32	1030	1	
32	15239	1	
32	906	2	
32	13451	1	
32	4364	1	
32	13710	2	
32	2064	2	
32	19347	2	
32	19476	2	
32	22551	3	
32	4604	1	
32	22175	1	
32	8992	1	
32	18210	1	
32	13478	1	
32	10407	1	
32	1576	1	
32	22442	1	
32	6791	1	
32	8238	1	
32	12081	1	
32	5433	3	
32	9247	2	
32	21950	1	
32	12354	1	
32	21699	1	
32	19396	1	
32	20297	1	
32	10359	1	
32	13474	1	
32	12878	1	
32	6736	1	
32	15953	1	
32	4818	1	
32	2899	3	
32	21845	1	
32	21849	1	
32	8425	1	
32	220	1	
32	15709	1	
32	15199	1	
32	7392	1	
32	7137	1	
32	18420	1	
32	8421	1	
32	12007	1	
32	1768	1	
32	4329	1	
32	15266	1	
32	19819	1	
32	4340	1	
32	1141	1	
32	15863	1	
32	17019	1	
32	12924	1	
32	10975	1	
32	5119	1	
33	7040	1	
33	8449	1	
33	13316	1	
33	1669	1	
33	4998	1	
33	10636	1	
33	18191	1	
33	19348	1	
33	9749	1	
33	1564	1	
33	19102	1	
33	22369	1	
33	20384	1	
33	7457	2	
33	17187	1	
33	7204	1	
33	10920	5	
33	10409	1	
33	22442	2	
33	3125	1	
33	3126	2	
33	21305	2	
33	11194	1	
33	19133	2	
33	1141	1	
33	4038	1	
33	14791	1	
33	17480	1	
33	9033	1	
33	13516	1	
33	15202	1	
33	12878	1	
33	13136	1	
33	593	1	
33	6773	2	
33	21077	1	
33	5207	1	
33	18393	1	
33	2394	1	
33	8797	1	
33	18126	1	
33	592	1	
33	19938	1	
33	2533	1	
33	4326	2	
33	360	1	
33	5993	1	
33	2416	1	
33	16616	1	
33	754	1	
33	4723	1	
33	757	1	
33	1833	1	
33	13435	1	
33	17185	1	
34	14721	1	
34	12162	1	
34	3332	1	
34	20463	1	
34	22024	2	
34	7084	1	
34	395	1	
34	15117	1	
34	10510	1	
34	14509	1	
34	4496	1	
34	11992	1	
34	19347	1	
34	17399	1	
34	22551	1	
34	11969	1	
34	18991	1	
34	22557	1	
34	20384	1	
34	10011	1	
34	20260	1	
34	3369	1	
34	12716	2	
34	3373	1	
34	21295	1	
34	12720	1	
34	9777	1	
34	16434	1	
34	4019	1	
34	7351	1	
34	3339	1	
34	20794	1	
34	16831	1	
34	8641	1	
34	2243	1	
34	19397	1	
34	3528	1	
34	13388	1	
34	8906	1	
34	20427	1	
34	13516	1	
34	11600	2	
34	20305	1	
34	4691	1	
34	20180	1	
34	4845	1	
34	15575	1	
34	5976	1	
34	5024	1	
34	8797	1	
34	19939	1	
34	18128	1	
34	15971	1	
34	2407	3	
34	8556	1	
34	21613	1	
34	6511	1	
34	10625	1	
34	18049	1	
34	1140	2	
34	2422	1	
34	3113	2	
34	17236	1	
34	761	1	
34	18042	3	
34	8443	1	
35	12288	1	
35	18947	2	
35	6661	1	
35	18183	1	
35	6807	1	
35	22416	1	
35	4881	1	
35	22418	1	
35	15449	1	
35	17688	1	
35	18991	1	
35	5339	1	
35	20519	1	
35	21295	1	
35	12360	1	
35	4019	1	
35	12471	1	
35	21305	1	
35	19133	1	
35	5182	1	
35	13249	1	
35	12354	1	
35	10823	1	
35	17608	1	
35	9417	1	
35	9167	2	
35	18128	1	
35	16850	1	
35	9555	1	
35	14677	1	
35	9047	3	
35	15448	1	
35	18521	1	
35	2394	1	
35	9435	2	
35	12906	1	
35	8556	1	
35	9069	1	
35	14703	1	
35	1140	3	
35	2040	1	
35	18042	1	
36	16132	1	
36	18056	1	
36	12303	1	
36	17424	1	
36	6801	1	
36	10771	1	
36	6807	1	
36	20389	1	
36	8486	1	
36	19625	1	
36	16814	1	
36	9777	1	
36	12852	1	
36	21687	1	
36	15160	1	
36	15293	1	
36	18496	1	
36	22082	1	
36	7491	1	
36	11588	1	
36	12357	1	
36	12742	1	
36	9569	1	
36	6728	1	
36	6873	1	
36	12471	1	
36	8908	1	
36	18510	1	
36	20178	1	
36	9038	1	
36	9558	1	
36	7127	1	
36	15448	2	
36	10073	1	
36	2271	1	
36	22416	1	
36	20803	1	
36	8940	1	
36	21613	1	
36	12016	2	
36	20851	1	
36	1140	1	
36	2422	1	
36	11898	1	
36	1147	1	
36	12031	1	
