1	4608	1	
1	20482	1	
1	5638	1	
1	10247	1	
1	1545	1	
1	13834	1	
1	22032	1	
1	16915	1	
1	11293	1	
1	15903	1	
1	6694	1	
1	3629	3	
1	17424	1	
1	12852	1	
1	6709	1	
1	7224	1	
1	19124	1	
1	8250	1	
1	11835	1	
1	13884	1	
1	20547	1	
1	13901	1	
1	10833	1	
1	5717	1	
1	13398	2	
1	7767	1	
1	602	1	
1	9820	1	
1	18528	1	
1	19553	1	
1	7782	1	
1	15548	1	
1	2322	1	
1	13937	1	
1	13331	1	
1	17016	1	
1	14458	1	
1	6269	1	
1	22464	2	
1	15491	1	
1	18052	1	
1	19591	1	
1	18569	1	
1	14475	1	
1	9873	1	
1	8892	1	
1	9887	1	
1	9380	1	
1	20142	1	
1	16049	1	
1	4276	1	
1	698	1	
1	18108	1	
1	19133	1	
1	707	1	
1	9932	1	
1	9424	1	
1	10963	1	
1	20187	1	
1	4831	1	
1	18128	1	
1	5347	1	
1	15593	1	
1	7409	1	
1	22262	1	
1	14592	1	
1	2307	1	
1	4868	1	
1	19718	1	
1	7432	1	
1	20234	1	
1	6925	1	
1	17167	1	
1	5394	1	
1	2327	1	
1	20255	1	
1	11040	1	
1	803	1	
1	7463	1	
1	16775	1	
1	7992	1	
1	21305	1	
1	4418	1	
1	22344	1	
1	17230	1	
1	14677	1	
1	4438	1	
1	19811	1	
1	17262	1	
1	13681	1	
1	3960	1	
1	1917	1	
1	8062	1	
1	10113	1	
1	18818	1	
1	16260	1	
1	3975	1	
1	10637	1	
1	11662	1	
1	8079	2	
1	7065	1	
1	7584	1	
1	6561	1	
1	15266	1	
1	13223	1	
1	5033	1	
1	16301	1	
1	1458	1	
1	7608	1	
1	9146	1	
1	11708	1	
1	13760	1	
1	13763	1	
1	1994	1	
1	1442	1	
1	14800	1	
1	10196	1	
1	7637	1	
1	3060	1	
1	502	1	
1	15273	1	
1	13819	1	
1	6652	1	
2	15874	1	
2	5635	1	
2	22032	1	
2	3758	1	
2	10262	1	
2	22044	1	
2	6687	1	
2	16417	1	
2	7216	1	
2	1074	1	
2	7220	1	
2	1593	1	
2	11835	1	
2	10300	1	
2	1092	1	
2	10508	1	
2	12878	1	
2	21586	1	
2	13398	1	
2	7776	1	
2	21634	1	
2	14985	1	
2	3220	1	
2	7321	1	
2	16544	1	
2	11946	1	
2	4779	1	
2	11436	1	
2	15534	1	
2	1716	1	
2	12471	1	
2	3258	1	
2	8892	1	
2	19133	6	
2	12503	1	
2	11461	2	
2	15558	1	
2	20168	1	
2	17612	1	
2	15562	1	
2	13516	1	
2	718	1	
2	15567	1	
2	20690	1	
2	20695	1	
2	15577	1	
2	5340	1	
2	8415	1	
2	3812	1	
2	4330	1	
2	12013	1	
2	17151	1	
2	16651	1	
2	4364	1	
2	10515	1	
2	7664	1	
2	21782	1	
2	797	1	
2	4894	1	
2	17706	1	
2	17203	1	
2	1844	1	
2	14645	1	
2	8502	1	
2	21305	6	
2	20284	1	
2	20285	1	
2	22339	1	
2	17223	1	
2	12625	1	
2	15190	1	
2	2873	1	
2	18267	1	
2	22368	5	
2	15717	1	
2	21875	1	
2	8568	1	
2	9876	1	
2	1918	1	
2	15239	1	
2	5517	1	
2	3991	1	
2	8607	1	
2	14753	1	
2	15273	1	
2	5551	1	
2	7600	1	
2	19900	1	
2	7101	1	
2	4030	1	
2	4001	1	
2	15820	1	
2	16846	1	
2	13876	1	
2	19939	1	
2	16366	1	
2	11760	1	
2	7672	1	
2	17066	1	
3	9729	1	
3	13316	2	
3	20999	1	
3	1367	1	
3	12301	1	
3	4623	1	
3	22032	1	
3	15889	1	
3	4115	1	
3	22044	1	
3	15903	1	
3	22363	1	
3	3621	1	
3	20519	1	
3	1576	2	
3	11817	1	
3	3627	1	
3	16430	1	
3	17466	1	
3	13887	1	
3	1092	1	
3	15434	1	
3	13388	2	
3	13113	1	
3	12878	1	
3	1617	1	
3	21586	1	
3	13398	1	
3	3159	1	
3	19301	1	
3	15459	1	
3	18022	1	
3	9832	1	
3	21613	1	
3	9326	1	
3	13937	1	
3	1650	1	
3	15808	1	
3	10871	1	
3	632	1	
3	6777	1	
3	14974	1	
3	10881	1	
3	18051	1	
3	5764	2	
3	14469	1	
3	13451	1	
3	1167	1	
3	9873	1	
3	18068	1	
3	6809	1	
3	13467	1	
3	12446	1	
3	11938	2	
3	17060	1	
3	17062	1	
3	4263	1	
3	680	1	
3	22188	1	
3	22130	1	
3	11438	1	
3	20168	1	
3	6329	1	
3	11156	1	
3	19133	3	
3	9918	1	
3	14016	1	
3	22210	1	
3	11461	1	
3	7880	1	
3	11992	1	
3	5207	1	
3	15584	1	
3	7397	1	
3	7920	1	
3	15603	1	
3	11511	1	
3	15102	1	
3	14592	2	
3	17154	1	
3	8747	2	
3	14088	1	
3	3339	1	
3	386	1	
3	4884	1	
3	6446	1	
3	21782	1	
3	7451	2	
3	4894	2	
3	8479	1	
3	7457	1	
3	17188	1	
3	16166	1	
3	10539	1	
3	18222	1	
3	7471	1	
3	11568	1	
3	6622	1	
3	21305	3	
3	16701	1	
3	1163	1	
3	3914	1	
3	7500	1	
3	12625	1	
3	11604	1	
3	5433	1	
3	18267	1	
3	1374	1	
3	22368	1	
3	22369	1	
3	15205	1	
3	364	1	
3	6512	1	
3	13681	1	
3	13682	1	
3	12151	1	
3	3220	1	
3	16252	1	
3	12673	1	
3	1922	1	
3	15751	1	
3	15754	1	
3	20882	1	
3	10644	1	
3	409	1	
3	7581	1	
3	12190	1	
3	7584	1	
3	18337	1	
3	15266	2	
3	15268	1	
3	20389	1	
3	22442	1	
3	1976	1	
3	22464	2	
3	11714	1	
3	16972	1	
3	15820	1	
3	16846	1	
3	22571	1	
3	5591	1	
3	12760	1	
3	14814	1	
3	11760	1	
3	14327	1	
3	6651	2	
3	19715	1	
4	12288	1	
4	8706	1	
4	19460	1	
4	7690	1	
4	10763	1	
4	22032	1	
4	22551	1	
4	10264	1	
4	13851	1	
4	22048	1	
4	10160	1	
4	5666	1	
4	19493	1	
4	15400	1	
4	1068	1	
4	8749	1	
4	7432	1	
4	14387	1	
4	13878	1	
4	1591	1	
4	1599	1	
4	1092	1	
4	7752	1	
4	588	2	
4	13389	1	
4	12878	3	
4	11343	1	
4	12880	3	
4	13905	1	
4	10323	1	
4	20570	1	
4	7952	1	
4	18529	1	
4	16493	1	
4	15982	1	
4	19567	1	
4	6770	1	
4	633	1	
4	6778	1	
4	1152	1	
4	16832	1	
4	6790	1	
4	7303	1	
4	17041	1	
4	17042	1	
4	10862	1	
4	7830	1	
4	15514	1	
4	13979	1	
4	11932	1	
4	669	1	
4	7326	1	
4	14495	1	
4	6308	1	
4	13477	1	
4	4079	1	
4	10920	1	
4	9901	1	
4	9398	1	
4	2747	1	
4	3260	1	
4	19133	5	
4	5823	1	
4	12482	1	
4	2243	1	
4	5840	1	
4	14037	1	
4	20695	1	
4	22232	4	
4	15581	1	
4	10974	1	
4	10975	1	
4	7392	1	
4	10467	1	
4	740	1	
4	8421	1	
4	7399	1	
4	3309	1	
4	1833	1	
4	15609	1	
4	11477	1	
4	14592	1	
4	14088	2	
4	4364	1	
4	7042	1	
4	21264	1	
4	13077	1	
4	8989	1	
4	4385	1	
4	1827	1	
4	20774	2	
4	7463	1	
4	12585	1	
4	18222	1	
4	7471	2	
4	817	1	
4	15666	1	
4	21305	4	
4	7903	1	
4	20798	1	
4	831	1	
4	17216	1	
4	5448	1	
4	17975	1	
4	12625	3	
4	9047	1	
4	11603	1	
4	5433	1	
4	18776	1	
4	13658	1	
4	18267	2	
4	17251	1	
4	15205	1	
4	8039	1	
4	20329	1	
4	9069	1	
4	5489	1	
4	6514	1	
4	7486	1	
4	5951	1	
4	16770	2	
4	13723	1	
4	15774	2	
4	7584	1	
4	9122	1	
4	4003	1	
4	12202	1	
4	16302	1	
4	15279	1	
4	17840	1	
4	435	1	
4	7095	1	
4	13245	1	
4	4032	1	
4	7618	1	
4	17859	1	
4	4554	1	
4	13772	1	
4	7629	1	
4	595	1	
4	10206	1	
4	19424	1	
4	8728	1	
4	8684	1	
4	15855	1	
4	11760	1	
4	1619	1	
5	16901	1	
5	7180	1	
5	4111	1	
5	1057	1	
5	16422	1	
5	22571	1	
5	16431	1	
5	14387	1	
5	1076	1	
5	13877	1	
5	9398	1	
5	15432	1	
5	20560	1	
5	21586	1	
5	13398	1	
5	10851	1	
5	9831	1	
5	20585	1	
5	15981	1	
5	17016	1	
5	7808	1	
5	4228	1	
5	499	1	
5	13969	1	
5	15508	1	
5	19093	1	
5	4762	1	
5	9887	1	
5	4277	1	
5	19126	1	
5	5577	1	
5	3772	1	
5	19133	2	
5	15044	1	
5	17441	1	
5	12663	1	
5	11471	1	
5	8401	1	
5	12505	1	
5	11995	1	
5	13532	1	
5	8927	1	
5	10464	1	
5	10467	1	
5	2279	1	
5	7400	1	
5	20722	1	
5	14583	1	
5	18174	1	
5	14592	2	
5	19715	1	
5	12673	1	
5	14088	1	
5	4364	3	
5	10515	1	
5	16661	1	
5	1816	1	
5	15641	1	
5	6938	1	
5	8988	1	
5	10972	1	
5	1335	1	
5	21305	2	
5	15674	1	
5	8512	1	
5	4944	1	
5	21330	1	
5	16726	1	
5	6489	1	
5	18267	2	
5	22369	2	
5	4972	1	
5	15730	1	
5	21877	1	
5	21879	1	
5	11641	1	
5	16252	1	
5	7550	1	
5	17793	1	
5	4484	1	
5	14743	1	
5	17804	1	
5	5005	1	
5	20366	1	
5	494	1	
5	3991	1	
5	5529	1	
5	7582	1	
5	7584	2	
5	16807	1	
5	3498	1	
5	4011	1	
5	4016	1	
5	8626	1	
5	15795	1	
5	6089	1	
5	11737	1	
5	16366	1	
5	15856	1	
5	12787	1	
5	16377	1	
6	512	1	
6	12288	1	
6	14725	1	
6	20103	1	
6	13961	1	
6	4235	1	
6	4364	1	
6	10510	1	
6	2065	1	
6	20142	1	
6	15869	1	
6	22557	1	
6	671	1	
6	20384	1	
6	18209	1	
6	4003	1	
6	9767	1	
6	7687	1	
6	8236	2	
6	8334	1	
6	8758	1	
6	21305	3	
6	19133	4	
6	2239	1	
6	13445	1	
6	4000	1	
6	11714	1	
6	12100	2	
6	12103	1	
6	16727	1	
6	17996	1	
6	19403	1	
6	13516	1	
6	20686	1	
6	15696	1	
6	11662	1	
6	11449	1	
6	2648	1	
6	3419	1	
6	10972	1	
6	10206	1	
6	22368	1	
6	13412	1	
6	16998	1	
6	12010	1	
6	14575	1	
6	11760	2	
6	14324	1	
6	2105	1	
6	14970	1	
6	10830	2	
6	5994	1	
6	5246	1	
7	12288	1	
7	15874	1	
7	15619	1	
7	13828	1	
7	9733	1	
7	16519	1	
7	20234	1	
7	19596	1	
7	526	1	
7	15119	1	
7	3984	1	
7	16661	1	
7	1944	1	
7	20329	1	
7	1309	1	
7	14622	1	
7	15903	4	
7	20384	1	
7	17313	1	
7	15522	1	
7	15465	1	
7	2980	1	
7	8229	1	
7	13681	1	
7	20649	1	
7	20010	1	
7	13611	1	
7	3629	1	
7	16430	1	
7	8797	1	
7	17072	1	
7	4273	1	
7	15538	1	
7	5940	1	
7	5301	1	
7	16961	1	
7	16695	1	
7	21305	2	
7	20794	1	
7	6075	1	
7	7303	1	
7	19133	2	
7	8511	1	
7	15582	1	
7	4640	1	
7	22339	1	
7	14677	1	
7	15432	1	
7	4663	1	
7	13772	1	
7	9294	1	
7	17013	1	
7	12625	1	
7	6741	1	
7	4438	1	
7	9047	1	
7	804	1	
7	8411	1	
7	4602	1	
7	6622	1	
7	7904	1	
7	22369	1	
7	17211	1	
7	4452	1	
7	10725	1	
7	21608	1	
7	21692	1	
7	7660	1	
7	9069	1	
7	17159	1	
7	9832	1	
7	7160	1	
7	15849	1	
7	632	1	
7	5498	1	
7	7037	1	
7	18686	1	
7	18133	1	
8	9033	1	
8	22082	1	
