1	20994	1	
1	7686	1	
1	7690	1	
1	8726	1	
1	7707	1	
1	1564	3	
1	15903	1	
1	3112	1	
1	15401	1	
1	3629	1	
1	22574	1	
1	9169	1	
1	1076	1	
1	12341	1	
1	1590	3	
1	22071	1	
1	6207	1	
1	5186	1	
1	18108	1	
1	11341	1	
1	21587	1	
1	5717	1	
1	13398	1	
1	5207	1	
1	6234	1	
1	15963	1	
1	22108	1	
1	8797	1	
1	8804	1	
1	7782	1	
1	15976	1	
1	8809	1	
1	13418	1	
1	21613	1	
1	13936	1	
1	13937	4	
1	21622	1	
1	17016	1	
1	13945	1	
1	19900	1	
1	21781	1	
1	5764	1	
1	15494	1	
1	4235	1	
1	7823	1	
1	3217	1	
1	21652	1	
1	14489	2	
1	9887	1	
1	16547	1	
1	9380	1	
1	4263	1	
1	22188	1	
1	8989	1	
1	20147	1	
1	7348	1	
1	13493	1	
1	3258	1	
1	18463	1	
1	700	1	
1	19133	1	
1	6851	1	
1	15045	1	
1	10955	1	
1	8913	1	
1	18571	1	
1	9167	2	
1	10972	1	
1	8421	3	
1	9425	1	
1	744	1	
1	748	1	
1	9171	1	
1	11511	1	
1	11007	1	
1	4868	1	
1	14088	1	
1	18185	1	
1	15119	1	
1	6702	1	
1	21782	2	
1	2839	1	
1	15128	1	
1	2841	1	
1	15642	1	
1	3385	1	
1	1827	1	
1	804	1	
1	3974	1	
1	19238	1	
1	16177	1	
1	3894	1	
1	21304	1	
1	5433	1	
1	17214	1	
1	14475	2	
1	7498	1	
1	21305	1	
1	12110	1	
1	14677	1	
1	5945	1	
1	17242	1	
1	18267	5	
1	557	1	
1	4960	1	
1	1889	1	
1	11665	2	
1	13161	1	
1	9069	2	
1	13682	1	
1	15225	1	
1	8571	1	
1	17788	1	
1	21889	1	
1	14725	1	
1	8070	1	
1	904	1	
1	8079	1	
1	11664	3	
1	10641	1	
1	22418	1	
1	19347	2	
1	3991	1	
1	17312	1	
1	13730	1	
1	7077	1	
1	7593	1	
1	20882	1	
1	433	1	
1	9139	1	
1	8636	1	
1	15293	1	
1	16831	1	
1	15809	1	
1	13255	1	
1	13389	1	
1	11729	1	
1	7635	1	
1	9691	1	
1	10205	1	
1	10206	2	
1	7655	1	
1	15338	1	
1	10731	1	
1	8175	1	
1	15856	1	
1	7154	1	
1	12053	1	
1	7160	1	
1	6652	2	
1	21845	1	
2	12288	3	
2	6146	1	
2	19460	1	
2	12805	1	
2	11275	2	
2	22032	1	
2	4116	1	
2	10264	1	
2	24	2	
2	16388	1	
2	20519	1	
2	1579	1	
2	21552	1	
2	8241	1	
2	18995	1	
2	1076	2	
2	1590	2	
2	568	1	
2	4668	1	
2	12354	1	
2	15432	1	
2	9294	1	
2	591	1	
2	1626	1	
2	1627	1	
2	7776	1	
2	17424	1	
2	16998	1	
2	18023	1	
2	15465	1	
2	21613	1	
2	13425	1	
2	14970	1	
2	6269	2	
2	1152	1	
2	1153	1	
2	7303	1	
2	7306	1	
2	14475	1	
2	2705	2	
2	448	1	
2	14489	2	
2	14494	1	
2	2207	1	
2	13477	4	
2	15532	1	
2	9901	1	
2	19124	2	
2	19133	2	
2	11724	1	
2	11471	1	
2	16592	1	
2	8401	1	
2	5331	2	
2	3796	1	
2	20695	5	
2	22232	1	
2	18128	1	
2	7394	1	
2	4836	1	
2	5356	1	
2	12013	1	
2	11133	1	
2	11511	1	
2	5369	1	
2	22571	2	
2	8967	2	
2	7432	1	
2	4364	2	
2	20237	1	
2	15119	2	
2	17169	1	
2	17170	1	
2	2326	1	
2	2839	1	
2	2841	4	
2	18209	2	
2	19238	1	
2	5927	1	
2	4231	1	
2	18222	1	
2	21305	2	
2	7482	1	
2	4417	1	
2	16706	2	
2	3907	1	
2	17225	1	
2	12625	1	
2	15190	2	
2	13658	1	
2	19804	1	
2	1379	1	
2	15209	1	
2	9069	7	
2	9072	2	
2	12147	1	
2	20343	1	
2	17788	1	
2	7658	1	
2	17790	1	
2	9600	1	
2	15751	1	
2	904	1	
2	8585	1	
2	20882	2	
2	3991	2	
2	15777	2	
2	4003	2	
2	13242	1	
2	6075	1	
2	18876	2	
2	22464	2	
2	4033	1	
2	18882	2	
2	16835	2	
2	16837	1	
2	7110	1	
2	11723	1	
2	15820	1	
2	9167	1	
2	18424	1	
2	19938	1	
2	15338	1	
2	8683	1	
2	7660	1	
2	5620	1	
2	5110	1	
2	8184	1	
2	15866	1	
2	6651	1	
3	19460	1	
3	16390	1	
3	11273	1	
3	13836	1	
3	22032	2	
3	22551	1	
3	17435	1	
3	18460	1	
3	13854	1	
3	6687	1	
3	1069	1	
3	18994	1	
3	1076	1	
3	12342	1	
3	6713	1	
3	6717	1	
3	3651	1	
3	15432	1	
3	18364	1	
3	588	1	
3	591	1	
3	10833	1	
3	12670	1	
3	13398	1	
3	1626	1	
3	13404	1	
3	8720	1	
3	11963	1	
3	1124	1	
3	19048	1	
3	8636	2	
3	4385	1	
3	19060	2	
3	13435	1	
3	13950	2	
3	13440	1	
3	18050	1	
3	2179	1	
3	18052	1	
3	7303	3	
3	14475	3	
3	8332	1	
3	3636	1	
3	7313	2	
3	2706	1	
3	2243	2	
3	10900	1	
3	6809	1	
3	16539	1	
3	13477	1	
3	19626	1	
3	22188	1	
3	8989	1	
3	20168	1	
3	13490	1	
3	19124	2	
3	13493	2	
3	22202	1	
3	7455	1	
3	19133	4	
3	7870	1	
3	21696	1	
3	13507	1	
3	13508	1	
3	8993	1	
3	14024	1	
3	11979	1	
3	8397	1	
3	15566	1	
3	10449	1	
3	3796	1	
3	10453	1	
3	7897	1	
3	10972	1	
3	10974	1	
3	13026	2	
3	7396	1	
3	4326	2	
3	745	1	
3	4846	1	
3	8943	1	
3	7550	1	
3	10452	1	
3	14082	2	
3	4867	1	
3	12550	1	
3	3629	3	
3	16662	1	
3	18200	1	
3	1305	1	
3	1309	1	
3	798	1	
3	11039	1	
3	800	1	
3	7457	1	
3	7559	1	
3	7471	3	
3	8502	1	
3	21305	3	
3	10555	1	
3	3907	5	
3	19766	1	
3	18759	1	
3	13129	1	
3	12625	1	
3	4579	2	
3	11604	1	
3	15190	1	
3	22363	1	
3	15209	1	
3	9069	2	
3	21613	1	
3	2707	1	
3	1918	2	
3	15751	1	
3	15754	1	
3	10128	1	
3	16273	1	
3	917	1	
3	3991	2	
3	12189	1	
3	14753	1	
3	15273	1	
3	19882	1	
3	15794	1	
3	13238	1	
3	18876	2	
3	22464	3	
3	17484	1	
3	12746	1	
3	460	1	
3	16333	1	
3	13776	1	
3	14807	3	
3	9691	1	
3	19938	1	
3	10723	1	
3	4587	1	
3	13293	1	
3	16367	1	
3	20468	1	
3	7670	1	
3	15865	1	
3	22442	1	
4	12288	2	
4	4779	1	
4	19460	1	
4	11273	1	
4	22032	1	
4	12825	1	
4	17435	1	
4	18460	1	
4	6685	1	
4	8804	1	
4	7711	1	
4	3621	2	
4	18473	1	
4	1068	2	
4	3629	1	
4	4142	1	
4	7219	2	
4	12852	1	
4	7224	1	
4	16442	1	
4	3647	1	
4	22368	2	
4	10820	1	
4	18505	1	
4	8268	1	
4	591	1	
4	10973	1	
4	9305	1	
4	6345	1	
4	8797	1	
4	5732	1	
4	18022	1	
4	15976	1	
4	20803	1	
4	21613	1	
4	6770	1	
4	14969	1	
4	14970	1	
4	6269	1	
4	4032	1	
4	15494	1	
4	18055	1	
4	14473	1	
4	14475	1	
4	7319	1	
4	6809	1	
4	16539	1	
4	12446	1	
4	13508	1	
4	17067	1	
4	14509	1	
4	11293	1	
4	13488	1	
4	4217	1	
4	15548	1	
4	19133	6	
4	15551	1	
4	22209	1	
4	18114	1	
4	14020	1	
4	5445	1	
4	18633	2	
4	7889	1	
4	3796	1	
4	12503	3	
4	22232	1	
4	8826	1	
4	1758	1	
4	8741	1	
4	21220	1	
4	8421	1	
4	7400	1	
4	7401	1	
4	12013	2	
4	751	1	
4	1264	1	
4	21233	1	
4	12670	1	
4	1786	1	
4	2310	1	
4	17162	1	
4	17163	1	
4	1069	1	
4	7952	1	
4	11992	1	
4	19732	1	
4	16661	1	
4	3353	1	
4	18714	2	
4	8482	1	
4	11555	1	
4	7463	1	
4	10375	1	
4	5934	1	
4	7471	4	
4	13316	1	
4	21305	5	
4	10975	1	
4	20285	1	
4	10049	1	
4	15682	1	
4	3907	1	
4	3397	1	
4	15177	2	
4	17741	1	
4	846	1	
4	20303	1	
4	3408	1	
4	12625	2	
4	10723	1	
4	3413	1	
4	4438	1	
4	4440	1	
4	18148	1	
4	11104	1	
4	15209	1	
4	6511	2	
4	5489	1	
4	1917	1	
4	1918	2	
4	9600	1	
4	1922	1	
4	14725	1	
4	3974	1	
4	16775	1	
4	10128	1	
4	19347	1	
4	10644	1	
4	3991	2	
4	16799	1	
4	4000	1	
4	6561	1	
4	12200	1	
4	18857	1	
4	4011	1	
4	18352	1	
4	18865	1	
4	15794	1	
4	7603	1	
4	436	1	
4	10171	1	
4	22464	1	
4	15751	2	
4	13767	1	
4	11723	1	
4	7637	2	
4	14807	3	
4	4568	1	
4	15610	1	
4	13819	1	
4	20967	1	
4	12778	1	
4	8683	2	
4	3060	1	
4	503	1	
4	11771	1	
4	13821	1	
5	16512	1	
5	16513	1	
5	7683	2	
5	19718	1	
5	519	1	
5	14743	1	
5	7570	1	
5	2063	1	
5	6416	1	
5	1170	1	
5	22551	4	
5	15903	2	
5	17312	1	
5	17313	1	
5	11684	1	
5	7409	2	
5	12200	1	
5	15530	1	
5	8236	1	
5	11821	1	
5	12360	2	
5	51	1	
5	3636	1	
5	5301	2	
5	2416	1	
5	2105	1	
5	58	1	
5	8765	2	
5	14389	1	
5	64	1	
5	19263	1	
5	8770	1	
5	12100	1	
5	21189	1	
5	11334	1	
5	15432	2	
5	17228	1	
5	20686	4	
5	12625	2	
5	19124	1	
5	4942	1	
5	57	2	
5	12891	9	
5	7901	1	
5	18548	2	
5	10338	1	
5	4603	1	
5	7397	1	
5	16363	1	
5	22252	3	
5	9069	1	
5	13679	1	
5	11760	1	
5	20465	1	
5	1266	2	
5	10227	1	
5	13428	1	
5	1269	1	
5	14584	1	
5	505	1	
5	7546	1	
5	6651	1	
5	1578	1	
5	5246	1	
5	11007	1	
6	13440	1	
6	12673	1	
6	1922	1	
6	7683	1	
6	1798	1	
6	22551	2	
6	4364	1	
6	17293	1	
6	1167	1	
6	22032	1	
6	10264	1	
6	1170	1	
6	11760	1	
6	14743	2	
6	1560	1	
6	13723	1	
6	1564	1	
6	15903	2	
6	17312	3	
6	14448	1	
6	19619	1	
6	11684	2	
6	7409	2	
6	3266	1	
6	17067	1	
6	11821	1	
6	18222	1	
6	1076	1	
6	16695	1	
6	21432	1	
6	1844	1	
6	58	2	
6	6076	1	
6	19133	1	
6	19263	1	
6	6080	1	
6	11714	1	
6	13763	1	
6	3652	1	
6	1733	1	
6	19142	1	
6	1633	1	
6	12360	1	
6	12746	1	
6	13772	1	
6	9167	2	
6	12880	2	
6	12625	1	
6	8706	1	
6	12891	3	
6	15583	1	
6	10593	1	
6	13026	1	
6	19939	1	
6	8421	3	
6	13937	1	
6	14033	1	
6	16363	1	
6	22252	1	
6	1069	1	
6	2416	1	
6	625	1	
6	1266	2	
6	1269	1	
6	5623	1	
6	7546	1	
6	10731	1	
7	12288	2	
7	13060	1	
7	12825	1	
7	12835	2	
7	19036	1	
7	1069	1	
7	12341	1	
7	1590	1	
7	19124	5	
7	573	1	
7	20542	1	
7	579	1	
7	18505	1	
7	17484	1	
7	15949	1	
7	15952	2	
7	13905	2	
7	9305	1	
7	22108	1	
7	7776	1	
7	2661	1	
7	2663	1	
7	7785	1	
7	13418	1	
7	11887	1	
7	14448	2	
7	6770	1	
7	3190	1	
7	15465	1	
7	13445	1	
7	7313	1	
7	14488	1	
7	20125	1	
7	4267	1	
7	7348	2	
7	8375	1	
7	19133	3	
7	20168	5	
7	7799	1	
7	17106	1	
7	10464	2	
7	10465	2	
7	13026	2	
7	13027	1	
7	8421	1	
7	746	1	
7	22252	3	
7	12013	1	
7	8943	2	
7	20721	2	
7	20722	2	
7	15610	1	
7	14081	1	
7	4868	1	
7	13073	1	
7	2327	1	
7	4381	1	
7	18210	2	
7	18222	1	
7	21305	1	
7	10051	1	
7	8013	1	
7	12625	1	
7	13658	1	
7	18267	1	
7	7004	1	
7	22368	1	
7	7011	1	
7	6717	1	
7	2416	1	
7	5490	1	
7	7550	1	
7	18818	3	
7	11664	2	
7	11672	2	
7	11684	2	
7	18853	1	
7	12712	1	
7	3497	1	
7	16304	1	
7	10680	1	
7	10681	1	
7	954	1	
7	20418	1	
7	19396	1	
7	9167	1	
7	7660	1	
8	12288	3	
8	8706	1	
8	7686	1	
8	18440	1	
8	22030	2	
8	17424	2	
8	8215	1	
8	10264	2	
8	13060	1	
8	17435	1	
8	9247	1	
8	20519	1	
8	3112	1	
8	22572	1	
8	1069	1	
8	6702	1	
8	22575	1	
8	20232	1	
8	21043	1	
8	3127	1	
8	19124	1	
8	3643	2	
8	12354	1	
8	8772	1	
8	1094	1	
8	17485	1	
8	15439	1	
8	15952	1	
8	5717	1	
8	1844	1	
8	13400	1	
8	8797	1	
8	10337	1	
8	13412	1	
8	1639	1	
8	5736	1	
8	2153	1	
8	18030	1	
8	21617	1	
8	7785	1	
8	15491	1	
8	13445	2	
8	6791	1	
8	14473	1	
8	1163	2	
8	9875	1	
8	14996	1	
8	12441	1	
8	11931	1	
8	2207	1	
8	18592	1	
8	16035	1	
8	14621	1	
8	17072	1	
8	7348	1	
8	17106	1	
8	15036	1	
8	19133	1	
8	9919	1	
8	11969	1	
8	20169	1	
8	13516	1	
8	3277	1	
8	20690	1	
8	3796	1	
8	20695	1	
8	22232	1	
8	12512	1	
8	13026	2	
8	8421	2	
8	742	1	
8	7633	1	
8	10985	1	
8	748	1	
8	12013	1	
8	17681	1	
8	20721	1	
8	1266	1	
8	15102	1	
8	14081	1	
8	19716	1	
8	19718	2	
8	14088	2	
8	20234	2	
8	4364	1	
8	10510	1	
8	15119	1	
8	13073	1	
8	8979	1	
8	20526	1	
8	7451	1	
8	8989	1	
8	4382	1	
8	1842	1	
8	16175	1	
8	15666	1	
8	19251	1	
8	5428	1	
8	19254	1	
8	16695	1	
8	21305	1	
8	539	1	
8	833	1	
8	15170	1	
8	8502	1	
8	18759	1	
8	11600	1	
8	21841	1	
8	14677	3	
8	4438	1	
8	3641	1	
8	8539	2	
8	22364	1	
8	21733	1	
8	22368	1	
8	4453	1	
8	9959	1	
8	3948	1	
8	11632	1	
8	13681	1	
8	2399	1	
8	20343	1	
8	21652	1	
8	3991	1	
8	10464	2	
8	17807	1	
8	11664	1	
8	11665	1	
8	9622	1	
8	12183	1	
8	11672	1	
8	13723	1	
8	22437	1	
8	20722	4	
8	5551	1	
8	10679	1	
8	9145	1	
8	19396	1	
8	15820	1	
8	4046	1	
8	9167	2	
8	15312	1	
8	9169	1	
8	9170	1	
8	14291	1	
8	10206	1	
8	5089	1	
8	5605	1	
8	12625	2	
8	10731	1	
8	5629	1	
8	12787	1	
8	6652	1	
8	15869	1	
9	12288	1	
9	13316	1	
9	518	1	
9	13832	1	
9	19476	1	
9	19675	1	
9	19460	1	
9	6687	1	
9	21295	2	
9	2594	1	
9	11815	1	
9	1068	1	
9	21841	1	
9	1076	1	
9	17463	2	
9	5935	1	
9	3138	1	
9	22198	1	
9	13388	3	
9	5716	2	
9	719	1	
9	10337	1	
9	622	1	
9	7471	2	
9	6770	1	
9	22133	1	
9	6265	1	
9	9398	1	
9	13957	1	
9	13969	1	
9	9875	1	
9	3220	1	
9	14488	1	
9	13979	1	
9	16030	1	
9	21664	1	
9	10407	2	
9	11434	1	
9	6319	1	
9	20150	1	
9	15903	7	
9	19133	1	
9	703	1	
9	21696	4	
9	20165	1	
9	13516	1	
9	8514	1	
9	9423	1	
9	14037	1	
9	18134	1	
9	11992	1	
9	7897	1	
9	15567	1	
9	10972	1	
9	15581	2	
9	10975	1	
9	10464	1	
9	7397	1	
9	745	2	
9	4647	1	
9	15609	1	
9	14088	1	
9	8236	1	
9	20234	1	
9	4364	1	
9	13069	1	
9	5391	1	
9	17170	1	
9	10515	1	
9	5909	1	
9	15641	2	
9	7451	1	
9	8989	1	
9	6943	1	
9	18209	1	
9	6947	2	
9	6948	1	
9	17706	4	
9	2348	1	
9	18222	1	
9	16175	1	
9	1842	1	
9	12852	1	
9	19263	1	
9	15170	1	
9	15184	1	
9	12625	4	
9	4438	1	
9	6489	1	
9	2394	2	
9	1887	2	
9	4451	1	
9	20329	1	
9	18282	1	
9	8556	1	
9	9072	1	
9	5489	1	
9	15508	1	
9	7041	1	
9	18818	1	
9	21733	1	
9	12164	1	
9	16194	1	
9	15763	1	
9	8086	1	
9	9623	1	
9	11672	2	
9	15266	1	
9	11684	4	
9	18853	1	
9	9644	1	
9	5551	1	
9	12209	1	
9	12446	1	
9	22464	1	
9	13763	1	
9	4558	1	
9	9167	3	
9	10206	1	
9	4433	1	
9	7660	1	
9	7664	1	
9	16882	1	
9	4597	1	
9	1108	1	
9	4090	2	
9	15869	1	
10	19460	2	
10	6149	1	
10	20999	1	
10	9047	1	
10	17424	4	
10	3090	1	
10	10259	1	
10	10264	1	
10	10265	1	
10	4635	1	
10	12317	1	
10	15903	1	
10	3106	1	
10	3620	1	
10	3621	1	
10	10247	1	
10	8236	1	
10	3629	1	
10	21841	2	
10	4144	1	
10	16435	1	
10	7223	1	
10	13880	1	
10	15432	2	
10	1099	1	
10	590	1	
10	15441	1	
10	4691	1	
10	5717	1	
10	17494	1	
10	9820	1	
10	12897	1	
10	10338	1	
10	15971	1	
10	13412	1	
10	7785	2	
10	6770	1	
10	10857	1	
10	6269	1	
10	16661	1	
10	15808	1	
10	3203	1	
10	13445	2	
10	7303	1	
10	1163	1	
10	1167	1	
10	13969	2	
10	6292	1	
10	14488	1	
10	11931	1	
10	14495	1	
10	17066	1	
10	17067	1	
10	1138	1	
10	16049	1	
10	19595	1	
10	6687	1	
10	7868	1	
10	19133	2	
10	21696	1	
10	20168	1	
10	13514	1	
10	18128	2	
10	721	1	
10	4306	1	
10	10963	1	
10	7380	1	
10	10972	2	
10	14046	1	
10	7717	1	
10	9424	1	
10	7396	1	
10	21733	2	
10	745	1	
10	5927	1	
10	17140	1	
10	16828	1	
10	15617	1	
10	4868	1	
10	17163	1	
10	4364	7	
10	17169	2	
10	18197	1	
10	8988	1	
10	4382	1	
10	18208	1	
10	4385	1	
10	11555	1	
10	10533	1	
10	7463	1	
10	21305	1	
10	8508	1	
10	833	1	
10	4418	1	
10	20803	1	
10	17225	2	
10	4432	2	
10	12625	3	
10	21842	1	
10	2873	1	
10	18148	1	
10	18267	1	
10	7888	1	
10	2399	1	
10	22368	1	
10	1380	1	
10	15205	1	
10	6514	1	
10	12663	2	
10	3220	1	
10	17788	1	
10	8062	1	
10	21891	1	
10	1412	1	
10	15751	1	
10	5513	1	
10	4491	1	
10	4496	2	
10	21912	1	
10	4509	1	
10	17823	1	
10	20384	1	
10	9121	1	
10	9122	3	
10	15784	1	
10	15273	2	
10	11193	1	
10	19900	1	
10	4031	2	
10	22464	1	
10	8641	1	
10	11714	1	
10	4547	1	
10	17349	1	
10	17350	1	
10	13255	1	
10	15266	2	
10	9167	2	
10	13776	1	
10	7634	1	
10	9684	1	
10	10205	1	
10	10206	1	
10	19943	1	
10	18922	1	
10	18924	1	
10	7160	1	
10	6652	1	
10	5629	1	
11	19460	1	
11	5638	1	
11	7690	1	
11	17424	1	
11	4122	1	
11	15903	1	
11	11808	1	
11	3621	1	
11	12842	1	
11	22571	2	
11	15404	1	
11	3629	1	
11	16431	1	
11	16434	1	
11	1076	1	
11	4665	1	
11	573	1	
11	3134	1	
11	13888	1	
11	1092	1	
11	3141	1	
11	1607	1	
11	13388	1	
11	13389	1	
11	15439	1	
11	10850	1	
11	15971	2	
11	15464	1	
11	15976	1	
11	1138	1	
11	21619	1	
11	10357	1	
11	13445	1	
11	4230	1	
11	18055	1	
11	19595	1	
11	21647	1	
11	12432	1	
11	3217	2	
11	1174	1	
11	14488	1	
11	7848	1	
11	17066	1	
11	12459	1	
11	12465	1	
11	19124	1	
11	18101	1	
11	3258	1	
11	18975	1	
11	19133	2	
11	21696	1	
11	21727	1	
11	719	1	
11	9425	1	
11	13532	1	
11	10975	1	
11	9458	1	
11	4364	4	
11	12625	1	
11	5391	1	
11	18197	1	
11	2327	1	
11	4382	1	
11	20256	1	
11	646	1	
11	22314	1	
11	21295	1	
11	15666	1	
11	1844	2	
11	2357	1	
11	16694	1	
11	21305	1	
11	11999	1	
11	5941	1	
11	833	1	
11	1163	1	
11	6982	1	
11	10206	1	
11	17225	1	
11	8013	2	
11	4433	1	
11	11603	2	
11	9047	1	
11	15706	1	
11	2914	1	
11	2915	1	
11	15717	1	
11	20329	2	
11	487	1	
11	15735	1	
11	12670	1	
11	7041	1	
11	3974	1	
11	15751	1	
11	8079	1	
11	20882	1	
11	18837	1	
11	17823	1	
11	20384	1	
11	14753	1	
11	4013	1	
11	22463	1	
11	9167	1	
11	9684	1	
11	6622	1	
11	13799	1	
11	16366	1	
11	12279	1	
11	4602	1	
12	12288	1	
12	19460	1	
12	19461	1	
12	9227	1	
12	12820	1	
12	16302	1	
12	10264	2	
12	15903	3	
12	3633	1	
12	4665	1	
12	15199	1	
12	22198	1	
12	1094	1	
12	17484	1	
12	13389	1	
12	13398	1	
12	22108	1	
12	15548	1	
12	12394	1	
12	13421	1	
12	19476	1	
12	10876	1	
12	18051	1	
12	19588	1	
12	14985	1	
12	13451	1	
12	17046	1	
12	7831	1	
12	15514	1	
12	1179	1	
12	10397	1	
12	22188	1	
12	1206	1	
12	22200	1	
12	6329	1	
12	18975	1	
12	8892	1	
12	4472	1	
12	10972	1	
12	17123	1	
12	4836	1	
12	7397	1	
12	7400	1	
12	10989	1	
12	14062	1	
12	1454	1	
12	3321	1	
12	2310	1	
12	17163	1	
12	4364	1	
12	15119	1	
12	5910	1	
12	7451	1	
12	13611	1	
12	18222	2	
12	21295	1	
12	1844	1	
12	9527	2	
12	5945	1	
12	20285	1	
12	1855	1	
12	9536	1	
12	22339	1	
12	12625	2	
12	4438	1	
12	7481	1	
12	13663	1	
12	2915	2	
12	1380	1	
12	9069	1	
12	13681	1	
12	8568	1	
12	1410	1	
12	3974	1	
12	15751	2	
12	14743	1	
12	7584	1	
12	5029	1	
12	18857	1	
12	2990	1	
12	15791	1	
12	22463	1	
12	13255	1	
12	13388	1	
12	13772	1	
12	9167	1	
12	19939	1	
12	487	2	
12	15849	1	
12	15856	1	
12	18420	1	
12	5623	1	
12	5625	2	
12	15869	1	
12	13822	1	
13	12673	1	
13	2947	1	
13	4868	1	
13	16961	1	
13	19595	1	
13	20014	1	
13	16663	1	
13	13848	1	
13	6938	1	
13	20384	1	
13	7457	1	
13	7587	1	
13	4263	1	
13	15751	1	
13	9901	1	
13	16430	1	
13	5551	1	
13	17072	1	
13	1847	1	
13	9145	1	
13	10171	1	
13	15809	1	
13	13515	1	
13	8143	1	
13	11600	1	
13	12625	2	
13	18267	1	
13	8797	1	
13	10832	1	
13	15717	1	
13	9425	1	
13	19816	1	
13	10219	1	
13	11887	1	
13	625	1	
13	17788	1	
