1	1280	1	
1	10243	1	
1	9901	1	
1	17424	2	
1	12306	1	
1	4867	1	
1	22551	1	
1	4868	2	
1	7706	1	
1	17435	2	
1	15903	1	
1	2080	1	
1	15281	1	
1	17671	1	
1	3629	3	
1	3631	1	
1	9777	1	
1	18486	1	
1	569	1	
1	13884	1	
1	15440	1	
1	21586	2	
1	13398	1	
1	602	1	
1	7771	1	
1	19555	1	
1	18108	1	
1	19050	1	
1	7785	1	
1	1139	1	
1	2166	1	
1	10857	1	
1	17016	1	
1	19562	1	
1	15488	1	
1	19591	1	
1	12429	1	
1	17042	1	
1	13979	1	
1	13850	1	
1	20638	1	
1	9887	1	
1	13986	1	
1	10410	1	
1	4295	1	
1	14509	1	
1	18180	1	
1	21961	1	
1	20155	1	
1	8892	1	
1	19133	2	
1	6847	1	
1	4293	1	
1	6826	3	
1	14543	1	
1	7888	1	
1	13526	1	
1	1763	1	
1	748	1	
1	14973	1	
1	22262	1	
1	14592	1	
1	4865	1	
1	14595	1	
1	4356	1	
1	9479	1	
1	8749	1	
1	6419	1	
1	15642	1	
1	8992	1	
1	4385	1	
1	15653	1	
1	19238	1	
1	3121	1	
1	5416	1	
1	18222	1	
1	8502	1	
1	21305	1	
1	20286	1	
1	831	1	
1	833	1	
1	11074	1	
1	9543	1	
1	17225	1	
1	8012	1	
1	6989	1	
1	14677	5	
1	9047	1	
1	7520	2	
1	18629	1	
1	15207	1	
1	20329	1	
1	9069	3	
1	10096	1	
1	4414	1	
1	21878	1	
1	8568	1	
1	11708	1	
1	1918	1	
1	14721	1	
1	14742	1	
1	8585	1	
1	17292	1	
1	20877	1	
1	8079	1	
1	4496	2	
1	19347	1	
1	3478	1	
1	15266	1	
1	3227	1	
1	22442	2	
1	7600	1	
1	433	1	
1	8628	1	
1	12446	1	
1	9145	1	
1	8636	2	
1	3517	1	
1	15808	1	
1	7617	1	
1	7107	1	
1	3916	1	
1	21962	1	
1	11723	1	
1	16706	1	
1	2523	1	
1	4576	1	
1	8684	1	
1	8685	1	
1	7150	1	
1	3568	1	
1	15857	1	
1	16373	2	
1	4602	2	
1	10922	1	
2	9729	1	
2	15362	1	
2	13316	1	
2	518	1	
2	19464	1	
2	22188	1	
2	9901	1	
2	22032	2	
2	4115	1	
2	9241	1	
2	16814	1	
2	6489	1	
2	17432	1	
2	10265	1	
2	17435	4	
2	11294	1	
2	18975	1	
2	547	1	
2	8229	1	
2	6694	1	
2	4647	1	
2	8232	1	
2	3627	1	
2	20012	1	
2	8749	1	
2	10798	1	
2	3631	2	
2	9268	1	
2	12341	1	
2	12342	1	
2	19124	1	
2	3130	1	
2	19591	1	
2	11902	1	
2	8766	1	
2	4161	1	
2	17675	1	
2	10436	1	
2	1094	1	
2	14407	1	
2	8778	1	
2	588	1	
2	8271	1	
2	592	2	
2	11858	1	
2	19719	1	
2	6741	1	
2	4695	1	
2	7768	1	
2	18013	2	
2	18014	1	
2	18015	1	
2	17424	2	
2	15971	3	
2	18022	1	
2	22119	1	
2	6760	6	
2	6761	1	
2	10861	1	
2	22127	1	
2	14448	1	
2	5745	1	
2	1138	2	
2	1139	3	
2	1141	1	
2	17016	1	
2	14970	1	
2	6269	1	
2	15486	1	
2	2325	1	
2	9152	1	
2	6786	1	
2	5764	1	
2	13445	2	
2	15494	1	
2	7303	1	
2	16011	2	
2	13452	1	
2	3636	1	
2	9873	1	
2	6291	1	
2	3220	1	
2	19993	1	
2	14488	1	
2	6809	1	
2	3227	1	
2	19102	1	
2	3013	2	
2	18080	1	
2	13986	2	
2	21155	1	
2	11428	1	
2	6826	1	
2	683	1	
2	15532	1	
2	14509	1	
2	17072	1	
2	16049	2	
2	5693	1	
2	12471	2	
2	17183	1	
2	18108	1	
2	19133	4	
2	21696	1	
2	22209	1	
2	8771	1	
2	7876	1	
2	18632	1	
2	12663	1	
2	3277	1	
2	5838	1	
2	9423	1	
2	7380	1	
2	20686	1	
2	11995	1	
2	10972	1	
2	1757	1	
2	19460	1	
2	15583	1	
2	18144	2	
2	7901	1	
2	15522	1	
2	22252	2	
2	4845	1	
2	15485	1	
2	22258	1	
2	17141	1	
2	22262	1	
2	5881	1	
2	12026	1	
2	8063	1	
2	11007	1	
2	14592	1	
2	6828	1	
2	4868	7	
2	2309	1	
2	19718	1	
2	17671	1	
2	14088	1	
2	6921	1	
2	16650	1	
2	17163	1	
2	4364	2	
2	3629	2	
2	17168	1	
2	9262	1	
2	15128	2	
2	19588	1	
2	7471	2	
2	15133	1	
2	19743	1	
2	18208	1	
2	5887	1	
2	8892	1	
2	19238	1	
2	8500	1	
2	16430	1	
2	647	1	
2	2348	1	
2	20281	1	
2	18222	1	
2	21295	2	
2	18736	1	
2	1844	2	
2	4574	1	
2	21304	1	
2	21305	4	
2	20794	1	
2	10975	1	
2	15166	2	
2	6464	1	
2	19702	1	
2	18287	1	
2	22340	2	
2	17223	1	
2	10206	1	
2	17229	2	
2	12110	2	
2	21841	1	
2	5972	1	
2	14677	8	
2	9047	1	
2	18042	1	
2	4441	1	
2	2394	1	
2	18267	2	
2	15709	1	
2	18784	1	
2	9571	1	
2	15717	1	
2	3217	1	
2	10300	1	
2	21586	1	
2	6887	1	
2	9069	5	
2	21871	1	
2	14016	1	
2	21874	2	
2	3958	1	
2	12151	1	
2	8568	2	
2	1917	1	
2	1918	1	
2	13717	1	
2	21312	2	
2	15751	1	
2	19607	1	
2	17293	1	
2	6030	1	
2	4496	3	
2	4497	1	
2	11154	1	
2	20803	1	
2	16366	1	
2	14489	2	
2	15903	1	
2	1436	1	
2	7584	1	
2	13467	1	
2	11684	1	
2	11173	1	
2	16807	1	
2	9644	1	
2	15790	1	
2	14769	1	
2	22229	1	
2	21832	1	
2	1466	2	
2	13755	1	
2	8636	2	
2	11850	1	
2	12734	1	
2	13760	1	
2	21957	1	
2	7110	1	
2	8647	1	
2	11723	1	
2	15820	1	
2	20429	2	
2	14798	1	
2	21889	1	
2	8185	1	
2	8152	2	
2	13785	1	
2	9887	1	
2	17146	1	
2	8158	1	
2	9125	1	
2	19939	1	
2	4583	1	
2	9810	1	
2	7150	1	
2	21489	1	
2	4601	2	
2	18426	1	
2	6651	1	
2	6652	1	
2	11946	1	
2	18773	1	
3	12800	1	
3	10328	1	
3	19460	1	
3	19461	1	
3	7690	1	
3	12815	2	
3	15376	1	
3	14509	2	
3	5142	1	
3	10264	1	
3	17435	1	
3	22557	2	
3	15903	1	
3	3626	1	
3	15915	1	
3	1068	1	
3	3629	1	
3	3633	1	
3	435	1	
3	3636	2	
3	22581	1	
3	13884	1	
3	13887	2	
3	13888	1	
3	13889	1	
3	8262	1	
3	6733	1	
3	10832	1	
3	21586	1	
3	15715	2	
3	12787	1	
3	15460	1	
3	5210	2	
3	20189	1	
3	15971	1	
3	13412	1	
3	21608	1	
3	8636	1	
3	19050	1	
3	15982	1	
3	15976	1	
3	1163	1	
3	8638	1	
3	14969	1	
3	14971	1	
3	18026	1	
3	6787	1	
3	1670	1	
3	7303	1	
3	13961	1	
3	13451	1	
3	20109	1	
3	13969	1	
3	14489	1	
3	18077	1	
3	9892	1	
3	10409	1	
3	683	1	
3	685	1	
3	16049	1	
3	4277	1	
3	9247	1	
3	15548	1	
3	2243	1	
3	13516	1	
3	17612	2	
3	719	1	
3	721	1	
3	8787	1	
3	6777	1	
3	14552	2	
3	5852	1	
3	4317	1	
3	4219	1	
3	742	1	
3	7399	1	
3	16617	1	
3	20718	1	
3	1266	1	
3	1407	1	
3	18174	1	
3	4868	2	
3	2309	1	
3	18185	4	
3	4364	1	
3	11821	1	
3	21264	1	
3	4884	1	
3	1825	1	
3	1829	1	
3	15495	1	
3	18222	1	
3	7471	1	
3	1844	2	
3	8512	1	
3	16705	1	
3	15170	1	
3	16011	2	
3	6982	1	
3	6983	1	
3	17225	1	
3	20298	1	
3	8012	2	
3	17229	1	
3	14477	2	
3	21841	1	
3	7506	1	
3	18772	1	
3	21845	1	
3	4440	1	
3	2394	2	
3	7515	1	
3	15199	2	
3	15201	1	
3	4451	1	
3	17257	1	
3	5996	1	
3	9069	3	
3	15218	1	
3	17790	1	
3	917	1	
3	1410	1	
3	4484	1	
3	1418	1	
3	10636	1	
3	1421	4	
3	10128	1	
3	20882	1	
3	7571	1	
3	19349	1	
3	14744	1	
3	13723	1	
3	7584	2	
3	10154	1	
3	15276	1	
3	2990	1	
3	4089	1	
3	16308	1	
3	437	1	
3	7607	1	
3	6075	1	
3	19900	3	
3	11709	1	
3	11710	1	
3	20384	1	
3	962	1	
3	15820	1	
3	9167	1	
3	14800	2	
3	13778	1	
3	16889	1	
3	20448	1	
3	13796	1	
3	10217	1	
3	12778	1	
3	10219	1	
3	7155	1	
3	20137	1	
3	5625	1	
3	6651	1	
3	4092	1	
3	5629	1	
4	12288	1	
4	15874	1	
4	19460	3	
4	5638	1	
4	14855	1	
4	7690	1	
4	12816	1	
4	20	1	
4	16417	1	
4	4647	1	
4	16430	1	
4	16434	1	
4	3636	1	
4	13884	2	
4	2314	1	
4	12354	1	
4	16963	1	
4	4168	1	
4	11850	2	
4	22603	1	
4	588	2	
4	21582	1	
4	592	1	
4	21586	1	
4	15448	1	
4	18011	2	
4	18012	1	
4	18013	1	
4	18016	1	
4	15971	1	
4	7780	1	
4	7782	1	
4	11708	1	
4	106	1	
4	13937	1	
4	1138	1	
4	4723	1	
4	6773	2	
4	15491	2	
4	5765	1	
4	6791	1	
4	21642	1	
4	9876	1	
4	14495	1	
4	20137	1	
4	683	1	
4	17070	1	
4	8378	1	
4	19133	2	
4	7870	1	
4	19136	1	
4	12481	1	
4	11459	1	
4	20167	1	
4	20168	2	
4	11471	1	
4	14033	1	
4	19156	1	
4	7904	1	
4	16616	1	
4	22252	2	
4	5332	1	
4	4868	1	
4	18185	1	
4	20234	1	
4	17163	1	
4	4364	2	
4	19731	1	
4	19732	1	
4	15128	2	
4	13445	1	
4	13088	1	
4	15149	4	
4	5934	1	
4	1844	1	
4	1076	1	
4	9536	1	
4	10636	1	
4	12110	2	
4	5458	1	
4	4435	1	
4	14677	1	
4	21305	2	
4	6489	1	
4	15717	1	
4	15207	1	
4	19819	1	
4	364	1	
4	9069	1	
4	21579	1	
4	373	1	
4	12153	1	
4	4986	1	
4	5499	1	
4	1917	1	
4	13184	1	
4	12673	1	
4	7043	1	
4	16775	1	
4	3978	1	
4	1420	1	
4	9108	1	
4	14744	1	
4	7581	1	
4	7584	1	
4	15266	3	
4	10154	1	
4	15279	1	
4	12360	1	
4	7603	1	
4	17337	1	
4	19900	1	
4	7101	1	
4	12734	1	
4	7104	2	
4	11851	1	
4	2003	1	
4	7638	1	
4	9687	1	
4	6651	1	
4	19943	1	
4	493	1	
4	11760	2	
4	18424	1	
4	5625	1	
4	11771	1	
4	6652	1	
5	3588	1	
5	13834	1	
5	17424	1	
5	4867	1	
5	26	1	
5	9755	1	
5	22557	1	
5	16933	1	
5	16939	1	
5	16430	2	
5	8753	1	
5	16434	1	
5	12345	1	
5	3641	1	
5	13884	1	
5	18108	1	
5	15434	1	
5	21579	1	
5	13905	1	
5	15448	1	
5	18011	1	
5	18012	1	
5	7778	1	
5	10857	2	
5	14448	1	
5	13937	2	
5	1141	1	
5	22135	1	
5	4217	1	
5	18559	1	
5	9353	1	
5	21642	4	
5	1163	1	
5	21136	1	
5	3217	1	
5	2243	1	
5	1174	1	
5	19607	1	
5	4764	1	
5	1186	1	
5	7334	1	
5	11431	1	
5	10410	1	
5	9901	1	
5	15534	1	
5	3759	1	
5	19124	1	
5	13493	1	
5	8892	1	
5	19133	1	
5	6846	1	
5	16576	1	
5	11459	1	
5	14021	1	
5	20167	3	
5	20168	4	
5	13516	1	
5	719	1	
5	22229	1	
5	4310	1	
5	4317	1	
5	10975	1	
5	19172	1	
5	7397	1	
5	7398	1	
5	12521	1	
5	18159	1	
5	14592	1	
5	8449	1	
5	7938	1	
5	4651	1	
5	2310	1	
5	13185	1	
5	4364	2	
5	5391	1	
5	15128	2	
5	10012	1	
5	16775	1	
5	15149	3	
5	21295	1	
5	20277	1	
5	8502	1	
5	823	1	
5	18746	1	
5	6461	1	
5	15172	1	
5	11078	1	
5	12110	1	
5	17744	1	
5	9041	1	
5	19282	1	
5	9047	1	
5	2394	1	
5	22368	1	
5	13666	1	
5	7014	1	
5	11946	1	
5	4970	1	
5	9069	5	
5	7485	1	
5	5489	1	
5	9074	1	
5	10102	1	
5	10103	1	
5	10106	1	
5	13184	1	
5	12673	2	
5	21891	1	
5	16774	1	
5	1415	1	
5	20384	1	
5	15266	3	
5	4003	1	
5	1862	1	
5	16814	1	
5	15279	1	
5	10168	1	
5	8636	1	
5	15809	1	
5	21957	1	
5	15817	1	
5	9167	1	
5	7637	1	
5	15855	1	
5	4601	1	
5	4602	1	
5	11771	1	
5	10922	1	
5	15871	1	
6	12288	2	
6	19460	3	
6	18955	1	
6	17424	1	
6	16916	1	
6	22551	1	
6	17435	1	
6	17948	1	
6	16414	1	
6	6687	1	
6	10785	1	
6	20519	2	
6	11821	1	
6	16432	1	
6	16434	1	
6	8245	4	
6	8246	3	
6	8248	1	
6	12345	1	
6	12349	1	
6	22082	2	
6	11334	1	
6	15432	1	
6	15434	1	
6	21586	1	
6	7765	1	
6	19285	1	
6	18530	1	
6	16997	1	
6	18023	1	
6	3689	1	
6	9831	1	
6	18028	1	
6	20592	1	
6	117	1	
6	17016	1	
6	19580	2	
6	6269	1	
6	18197	1	
6	3201	1	
6	2179	1	
6	18052	2	
6	15499	2	
6	11714	3	
6	659	1	
6	22167	1	
6	4250	1	
6	2207	3	
6	14448	1	
6	3758	1	
6	1711	1	
6	11449	1	
6	4795	3	
6	4290	2	
6	15556	1	
6	721	1	
6	7892	1	
6	20695	4	
6	21720	1	
6	10975	2	
6	10449	5	
6	4328	1	
6	1266	1	
6	6397	1	
6	18174	2	
6	1281	1	
6	4364	3	
6	12625	1	
6	11027	2	
6	21781	1	
6	11225	1	
6	2841	1	
6	1308	1	
6	10555	1	
6	906	1	
6	16705	1	
6	1590	1	
6	12429	1	
6	3408	1	
6	21841	1	
6	10723	2	
6	21845	1	
6	4438	2	
6	22368	1	
6	8551	3	
6	9069	4	
6	9072	4	
6	8568	1	
6	12670	2	
6	12673	1	
6	15751	1	
6	2442	1	
6	20882	4	
6	6036	1	
6	20384	1	
6	5551	1	
6	9887	1	
6	4032	2	
6	7618	1	
6	673	1	
6	1482	1	
6	18390	1	
6	11737	1	
6	19939	1	
6	10727	1	
6	8683	1	
6	16367	3	
6	499	1	
6	501	1	
6	18424	1	
6	20474	1	
6	15867	1	
6	12799	1	
7	9831	1	
7	4868	2	
7	1917	1	
7	16775	2	
7	665	1	
7	20151	1	
7	15831	1	
7	18882	2	
7	12625	1	
7	9069	3	
7	8216	1	
7	2579	1	
7	11156	1	
7	21782	1	
7	2327	1	
7	19864	1	
7	18052	1	
7	17692	1	
7	18565	1	
7	4000	1	
7	7714	1	
7	3621	1	
7	16952	1	
7	1564	1	
7	19626	1	
7	12076	1	
7	10482	1	
7	18222	1	
7	17584	1	
7	17969	1	
7	1076	1	
7	1844	1	
7	22198	1	
7	1457	1	
7	11192	1	
7	2873	1	
7	5050	1	
7	15548	1	
7	3629	1	
7	11714	1	
7	13507	1	
7	3652	1	
7	7880	1	
7	21067	1	
7	12495	1	
7	21841	1	
7	12602	1	
7	7637	1	
7	9174	1	
7	14807	1	
7	15192	1	
7	16877	1	
7	22108	1	
7	10205	1	
7	13669	1	
7	9953	1	
7	12770	1	
7	13795	1	
7	22500	1	
7	17637	1	
7	3332	1	
7	10727	1	
7	17000	1	
7	18876	2	
7	8683	2	
7	13677	1	
7	20847	1	
7	9072	1	
7	13681	1	
7	1906	1	
7	3060	1	
7	18174	1	
7	3633	1	
7	11641	1	
7	4218	1	
7	19837	1	
7	20990	1	
8	19460	1	
8	12296	1	
8	13837	1	
8	19478	1	
8	1048	1	
8	7707	1	
8	18975	1	
8	22571	1	
8	3633	1	
8	18483	1	
8	1076	1	
8	1080	1	
8	4668	1	
8	13890	1	
8	3652	1	
8	592	1	
8	21586	1	
8	13400	1	
8	7776	1	
8	21605	1	
8	14448	1	
8	10867	1	
8	17017	1	
8	15997	1	
8	12930	1	
8	1670	1	
8	4235	1	
8	8332	1	
8	19098	1	
8	13979	1	
8	16049	1	
8	18108	3	
8	19133	4	
8	9919	1	
8	4290	2	
8	7380	1	
8	20695	2	
8	7903	1	
8	20195	1	
8	17127	1	
8	6269	1	
8	8449	1	
8	2306	1	
8	4868	1	
8	4364	1	
8	15490	1	
8	18197	1	
8	1844	1	
8	6965	1	
8	21305	4	
8	12602	1	
8	6976	1	
8	13451	1	
8	17225	1	
8	4432	1	
8	21841	1	
8	22414	1	
8	4438	1	
8	855	1	
8	5994	1	
8	2279	1	
8	9069	2	
8	15727	1	
8	9584	1	
8	13172	1	
8	12151	1	
8	5498	1	
8	9600	1	
8	14725	1	
8	13190	3	
8	5514	1	
8	11662	1	
8	7055	1	
8	16195	2	
8	13209	1	
8	12190	1	
8	20384	1	
8	4521	1	
8	11178	1	
8	11180	1	
8	8180	1	
8	18876	2	
8	14781	1	
8	18882	1	
8	11723	1	
8	15820	1	
8	14286	1	
8	14807	1	
8	19938	1	
8	500	1	
8	16374	1	
8	15273	2	
8	7160	1	
9	12288	1	
9	16385	1	
9	7686	2	
9	19464	1	
9	13834	1	
9	8222	1	
9	6687	1	
9	38	1	
9	17961	1	
9	15404	1	
9	7216	1	
9	9777	1	
9	18483	1	
9	17975	1	
9	11321	1	
9	4668	1	
9	3134	1	
9	1599	1	
9	14913	1	
9	11843	1	
9	11334	1	
9	11335	1	
9	12360	1	
9	13388	1	
9	21586	3	
9	2915	1	
9	5212	1	
9	19553	1	
9	15971	1	
9	21605	1	
9	22119	1	
9	3688	1	
9	13937	3	
9	1141	1	
9	21632	1	
9	12930	1	
9	1672	1	
9	7817	2	
9	19607	1	
9	9887	1	
9	13474	1	
9	13475	1	
9	13477	1	
9	13478	1	
9	21617	1	
9	7345	1	
9	18108	1	
9	4291	1	
9	6860	1	
9	8912	1	
9	7889	1	
9	20690	2	
9	20695	1	
9	15579	1	
9	15580	1	
9	13022	1	
9	20709	1	
9	14574	1	
9	22262	1	
9	1833	1	
9	4867	1	
9	4868	1	
9	4364	2	
9	17167	1	
9	2835	1	
9	18197	1	
9	4886	1	
9	4891	1	
9	8988	1	
9	4382	1	
9	10972	1	
9	14634	1	
9	16775	1	
9	16176	1	
9	1844	1	
9	2873	1	
9	12604	1	
9	13881	1	
9	11104	1	
9	7011	1	
9	15717	1	
9	9069	4	
9	16773	2	
9	1415	1	
9	13704	1	
9	11662	1	
9	20882	2	
9	3991	1	
9	11672	1	
9	4000	1	
9	4003	2	
9	16804	1	
9	15784	1	
9	11336	2	
9	10162	2	
9	18367	1	
9	11714	2	
9	13252	1	
9	13766	1	
9	9167	2	
9	3536	1	
9	3541	1	
9	14807	1	
9	5593	1	
9	19938	1	
9	7660	1	
9	16367	1	
9	15864	1	
9	505	1	
9	15869	2	
10	12288	1	
10	897	1	
10	5867	1	
10	19460	1	
10	9831	1	
10	16775	2	
10	1160	1	
10	7817	1	
10	17291	1	
10	4364	1	
10	11181	1	
10	14509	1	
10	20882	1	
10	17171	1	
10	4884	1	
10	2325	1	
10	22551	1	
10	19133	1	
10	7324	1	
10	22557	1	
10	17567	2	
10	20384	1	
10	3419	1	
10	13477	1	
10	9692	1	
10	10453	1	
10	3629	1	
10	16431	1	
10	17584	1	
10	18865	1	
10	11570	1	
10	18955	1	
10	1844	1	
10	21305	1	
10	9069	1	
10	3134	1	
10	13504	1	
10	22209	1	
10	11714	1	
10	8771	2	
10	16197	1	
10	11335	1	
10	7287	1	
10	2893	1	
10	3536	1	
10	10449	1	
10	3992	1	
10	4235	1	
10	15525	1	
10	13398	1	
10	20695	1	
10	11482	1	
10	16911	1	
10	18140	1	
10	6622	1	
10	18911	1	
10	3427	1	
10	5988	1	
10	7397	1	
10	6630	1	
10	15185	1	
10	1256	1	
10	15723	1	
10	17132	1	
10	8685	1	
10	16367	2	
10	1266	1	
10	14324	1	
10	1141	1	
10	17015	1	
10	4867	1	
10	12799	1	
11	8705	1	
11	12823	1	
11	12825	2	
11	4635	1	
11	19494	1	
11	2089	1	
11	3629	1	
11	2611	1	
11	7220	1	
11	4665	1	
11	9278	1	
11	19520	1	
11	7236	1	
11	9268	1	
11	22369	1	
11	12878	2	
11	592	1	
11	7765	1	
11	2661	2	
11	9831	1	
11	11709	1	
11	15808	1	
11	7288	1	
11	18557	1	
11	15489	1	
11	15494	1	
11	17046	1	
11	5801	1	
11	19133	1	
11	16064	1	
11	6338	1	
11	2243	1	
11	14020	2	
11	13516	1	
11	8397	1	
11	7888	1	
11	11479	1	
11	8408	1	
11	13537	1	
11	8421	1	
11	1766	1	
11	8425	1	
11	9453	1	
11	6382	1	
11	6383	1	
11	1266	1	
11	21750	1	
11	15096	1	
11	16124	1	
11	14592	2	
11	4867	3	
11	4868	1	
11	2309	1	
11	16661	1	
11	18200	1	
11	13088	1	
11	7457	1	
11	2860	1	
11	18222	1	
11	16175	1	
11	21305	1	
11	3900	1	
11	831	1	
11	21826	1	
11	22464	2	
11	3408	1	
11	22358	1	
11	2394	1	
11	3937	1	
11	9069	1	
11	3134	1	
11	3958	1	
11	12151	1	
11	3962	1	
11	17788	1	
11	18818	2	
11	8683	1	
11	7044	1	
11	16775	1	
11	17801	1	
11	7056	1	
11	6033	1	
11	20882	1	
11	5024	1	
11	1607	1	
11	16301	1	
11	13243	1	
11	3517	1	
11	4032	1	
11	11714	1	
11	22262	1	
11	4599	1	
11	10206	1	
11	7659	1	
11	13809	1	
11	500	1	
11	16374	1	
11	503	1	
11	7162	1	
11	12799	1	
12	16901	1	
12	1031	1	
12	1545	1	
12	9901	1	
12	3088	2	
12	22551	1	
12	17435	2	
12	15903	1	
12	14369	1	
12	11298	4	
12	19493	1	
12	9261	1	
12	12336	1	
12	2611	1	
12	9268	1	
12	12341	1	
12	19515	1	
12	3134	1	
12	13888	1	
12	12354	1	
12	587	2	
12	13389	1	
12	590	1	
12	21586	2	
12	19555	1	
12	7765	1	
12	15456	1	
12	17424	1	
12	15971	1	
12	9832	1	
12	2153	1	
12	13420	1	
12	2834	1	
12	10862	1	
12	14448	1	
12	13937	1	
12	6771	1	
12	1140	1	
12	1141	1	
12	6782	1	
12	4225	1	
12	13445	1	
12	20614	1	
12	15724	1	
12	14475	1	
12	20625	1	
12	22032	2	
12	8864	1	
12	9380	1	
12	15528	1	
12	4267	1	
12	14509	1	
12	1716	1	
12	16054	1	
12	3529	1	
12	22200	1	
12	15548	1	
12	19133	6	
12	12481	1	
12	13507	1	
12	13508	1	
12	13858	1	
12	10453	1	
12	20695	1	
12	10972	1	
12	4317	1	
12	10975	2	
12	10976	1	
12	12003	1	
12	1256	1	
12	5927	1	
12	19694	1	
12	19938	1	
12	14592	1	
12	6075	1	
12	1798	1	
12	11015	2	
12	18185	1	
12	4364	1	
12	6925	1	
12	5390	1	
12	2322	1	
12	2323	2	
12	4884	1	
12	17041	1	
12	22297	1	
12	12933	2	
12	801	1	
12	4387	1	
12	19238	1	
12	16679	1	
12	5929	1	
12	16691	1	
12	1844	2	
12	20278	1	
12	21305	5	
12	3900	3	
12	3901	1	
12	3392	1	
12	15681	2	
12	14306	1	
12	21841	1	
12	21845	1	
12	4438	1	
12	9047	1	
12	13658	1	
12	22368	1	
12	4451	1	
12	486	1	
12	2918	1	
12	13969	1	
12	17771	1	
12	5996	1	
12	9069	4	
12	16243	1	
12	1918	1	
12	9600	1	
12	12673	1	
12	1922	1	
12	14827	1	
12	17046	1	
12	16774	1	
12	16775	1	
12	15754	1	
12	9617	1	
12	917	1	
12	8086	1	
12	3992	1	
12	15266	1	
12	18853	1	
12	22442	1	
12	16301	1	
12	18865	1	
12	7095	1	
12	1467	1	
12	18364	1	
12	22464	2	
12	11714	1	
12	1099	1	
12	7110	1	
12	15817	1	
12	15820	1	
12	464	1	
12	13778	2	
12	16855	1	
12	20389	1	
12	18911	1	
12	12770	1	
12	4579	1	
12	4070	1	
12	15849	1	
12	19435	1	
12	16366	1	
12	3060	1	
12	16374	1	
12	4603	1	
12	6652	2	
12	12799	1	
13	11275	2	
13	13331	1	
13	16414	1	
13	13856	1	
13	9269	1	
13	20547	1	
13	18510	1	
13	6223	1	
13	13400	1	
13	12378	1	
13	18023	1	
13	20585	1	
13	21102	1	
13	11887	1	
13	7794	1	
13	1141	1	
13	17015	1	
13	17016	1	
13	5760	1	
13	18055	1	
13	17041	2	
13	4754	1	
13	16537	1	
13	10408	1	
13	10409	1	
13	17066	1	
13	22188	2	
13	14509	1	
13	3758	1	
13	19133	2	
13	11461	1	
13	2761	1	
13	718	1	
13	9425	1	
13	10963	1	
13	20695	1	
13	10975	2	
13	19172	1	
13	21733	1	
13	745	1	
13	5867	1	
13	22252	1	
13	9458	1	
13	8954	1	
13	11007	1	
13	14592	1	
13	8449	1	
13	19718	1	
13	17162	1	
13	20752	1	
13	2839	1	
13	8989	1	
13	2348	1	
13	14128	1	
13	11569	1	
13	824	1	
13	21305	2	
13	6976	1	
13	17731	1	
13	7785	1	
13	17225	1	
13	1355	1	
13	12110	1	
13	20303	1	
13	12625	2	
13	2873	1	
13	2394	1	
13	1375	1	
13	5988	1	
13	9069	3	
13	10985	1	
13	19776	1	
13	16775	2	
13	906	1	
13	10637	1	
13	3991	1	
13	3992	1	
13	8602	1	
13	15774	1	
13	20384	1	
13	15273	1	
13	4019	1	
13	22464	1	
13	17859	1	
13	9167	2	
13	10205	1	
13	7660	1	
13	4521	2	
13	4601	1	
13	1532	1	
14	12288	1	
14	11008	1	
14	15874	2	
14	6155	1	
14	12820	1	
14	11292	1	
14	22557	1	
14	11294	1	
14	16417	1	
14	15907	2	
14	15908	1	
14	19493	1	
14	6694	1	
14	8236	1	
14	11313	1	
14	22581	1	
14	13887	2	
14	22082	1	
14	20547	3	
14	8260	1	
14	11334	1	
14	1607	1	
14	19016	1	
14	15434	1	
14	588	2	
14	595	1	
14	17678	1	
14	3676	1	
14	7777	1	
14	1467	1	
14	18023	1	
14	15979	1	
14	17004	2	
14	6770	1	
14	6774	1	
14	5755	1	
14	7293	1	
14	14462	1	
14	1813	1	
14	11392	1	
14	3203	1	
14	13445	2	
14	15494	1	
14	6791	2	
14	4235	1	
14	6798	2	
14	6799	1	
14	14495	1	
14	6307	1	
14	11436	1	
14	5746	1	
14	7343	1	
14	12464	1	
14	12465	1	
14	19124	2	
14	5301	1	
14	12471	1	
14	8892	2	
14	19133	2	
14	21696	1	
14	4290	1	
14	13516	1	
14	719	1	
14	16592	1	
14	14033	1	
14	8914	1	
14	12501	1	
14	7386	1	
14	15567	1	
14	10972	2	
14	2273	1	
14	7396	1	
14	16616	2	
14	20723	1	
14	20724	1	
14	248	1	
14	1280	1	
14	8449	2	
14	4868	2	
14	2310	1	
14	15404	1	
14	4364	5	
14	12046	1	
14	11534	2	
14	18197	3	
14	7961	1	
14	8992	1	
14	3633	1	
14	10205	1	
14	1844	1	
14	21305	1	
14	16699	1	
14	2187	1	
14	12625	2	
14	15701	1	
14	4438	1	
14	15704	1	
14	3812	1	
14	18778	1	
14	858	1	
14	17763	1	
14	22374	1	
14	10601	1	
14	9069	1	
14	5864	1	
14	12663	1	
14	13688	1	
14	12670	1	
14	18818	1	
14	14725	1	
14	1415	1	
14	3978	1	
14	3469	1	
14	11662	1	
14	22418	2	
14	10644	3	
14	3991	1	
14	3992	1	
14	4000	2	
14	4003	1	
14	4520	1	
14	15273	1	
14	11178	1	
14	11179	1	
14	11181	1	
14	5551	1	
14	21428	1	
14	1466	2	
14	17339	1	
14	19900	2	
14	13757	1	
14	449	1	
14	11714	2	
14	13252	1	
14	4037	1	
14	7110	1	
14	19553	1	
14	4599	1	
14	11724	1	
14	463	1	
14	8666	1	
14	3037	1	
14	10206	1	
14	12773	1	
14	12265	1	
14	4521	3	
14	7660	1	
14	15869	1	
14	7153	1	
14	7155	1	
14	5623	2	
14	4602	1	
14	13821	1	
15	12288	1	
15	14592	1	
15	19460	1	
15	15190	1	
15	16902	1	
15	19464	1	
15	11180	1	
15	11787	1	
15	22032	1	
15	12770	1	
15	15890	1	
15	3603	1	
15	19476	1	
15	9237	1	
15	10262	1	
15	12825	2	
15	3610	1	
15	13658	1	
15	13854	2	
15	15903	1	
15	1092	1	
15	4870	1	
15	6694	1	
15	10281	1	
15	8749	1	
15	16430	1	
15	9777	1	
15	4019	1	
15	1076	2	
15	17973	2	
15	11273	1	
15	6713	1	
15	6715	1	
15	3134	1	
15	13887	1	
15	20547	8	
15	10820	1	
15	11335	2	
15	18505	1	
15	11850	1	
15	17997	1	
15	21586	1	
15	595	3	
15	13727	1	
15	13398	2	
15	9305	1	
15	6080	1	
15	13411	1	
15	15456	1	
15	19555	1	
15	3175	1	
15	18364	3	
15	13418	3	
15	18028	1	
15	13937	1	
15	21619	3	
15	1140	2	
15	633	1	
15	18042	1	
15	3197	1	
15	7104	1	
15	6786	1	
15	6787	2	
15	5764	2	
15	13445	1	
15	7303	1	
15	12426	1	
15	2699	1	
15	13452	1	
15	3217	1	
15	13459	1	
15	7319	1	
15	13978	1	
15	20637	1	
15	16035	1	
15	679	1	
15	10920	1	
15	17577	2	
15	17066	1	
15	683	1	
15	6791	2	
15	9901	1	
15	13389	1	
15	12673	1	
15	4273	1	
15	4723	1	
15	19595	1	
15	22198	1	
15	11960	1	
15	7865	1	
15	10938	1	
15	15548	2	
15	19133	1	
15	1336	1	
15	21696	1	
15	22209	1	
15	4385	1	
15	16075	1	
15	14543	1	
15	721	1	
15	7380	1	
15	12501	1	
15	3803	2	
15	10972	1	
15	12510	1	
15	10975	2	
15	3025	1	
15	15751	1	
15	742	1	
15	13425	3	
15	5866	1	
15	5867	3	
15	19180	2	
15	10482	2	
15	16416	1	
15	22262	2	
15	17961	1	
15	4509	1	
15	3796	1	
15	20218	1	
15	13052	1	
15	21757	1	
15	11007	1	
15	15616	1	
15	8449	5	
15	19716	1	
15	1798	1	
15	8455	1	
15	7433	2	
15	17163	1	
15	4364	2	
15	1069	1	
15	17168	1	
15	3203	2	
15	4868	1	
15	2839	2	
15	13444	1	
15	15642	1	
15	7451	1	
15	19740	1	
15	21279	1	
15	8992	1	
15	13089	1	
15	11275	1	
15	18055	3	
15	5934	1	
15	7471	1	
15	7219	1	
15	1844	2	
15	10206	1	
15	16695	2	
15	10552	1	
15	7481	1	
15	12602	2	
15	6464	1	
15	13428	1	
15	16706	1	
15	22339	1	
15	22464	3	
15	17737	1	
15	22346	1	
15	9015	1	
15	18185	2	
15	7650	1	
15	12625	6	
15	14677	2	
15	4438	1	
15	22585	1	
15	17754	1	
15	861	1	
15	15713	1	
15	2914	1	
15	15717	1	
15	5993	2	
15	5996	1	
15	9069	2	
15	18287	3	
15	1904	3	
15	10098	1	
15	8564	1	
15	4981	1	
15	15222	4	
15	20343	1	
15	8568	1	
15	16252	1	
15	12670	1	
15	18837	1	
15	7553	2	
15	12163	1	
15	4484	1	
15	15514	1	
15	16775	1	
15	395	1	
15	10636	1	
15	11662	1	
15	7055	1	
15	15763	2	
15	917	3	
15	3991	8	
15	3992	3	
15	11161	1	
15	12663	1	
15	5274	1	
15	13738	1	
15	1440	1	
15	21409	1	
15	8611	1	
15	18853	3	
15	22442	1	
15	12716	1	
15	16301	1	
15	12852	2	
15	1459	1	
15	7092	1	
15	22601	1	
15	18363	1	
15	13244	2	
15	4032	5	
15	15809	1	
15	19907	1	
15	452	1	
15	13255	1	
15	15820	1	
15	10701	1	
15	9167	4	
15	3536	1	
15	9169	1	
15	9170	1	
15	4568	1	
15	8666	1	
15	6622	3	
15	21782	1	
15	14306	4	
15	14820	1	
15	12773	1	
15	15849	1	
15	7660	2	
15	16366	1	
15	20384	2	
15	7155	1	
15	7158	2	
15	15351	1	
15	15869	1	
15	8702	1	
15	10069	1	
16	9729	1	
16	4867	1	
16	4868	2	
16	14725	1	
16	2310	1	
16	16775	1	
16	18569	1	
16	17162	1	
16	17163	1	
16	5149	1	
16	22551	1	
16	3992	1	
16	7066	1	
16	4507	1	
16	9244	1	
16	797	1	
16	20384	1	
16	17313	1	
16	13723	1	
16	18852	1	
16	4263	1	
16	10410	1	
16	3134	1	
16	14024	1	
16	8238	1	
16	10269	1	
16	19761	1	
16	15666	1	
16	7220	1	
16	10552	1	
16	21305	1	
16	19133	1	
16	16190	1	
16	22133	1	
16	12209	1	
16	15170	1	
16	20547	1	
16	15432	1	
16	13514	1	
16	119	1	
16	13516	2	
16	8013	1	
16	20686	1	
16	9167	1	
16	18005	1	
16	11449	1	
16	22232	1	
16	4441	1	
16	10972	1	
16	21726	1	
16	20319	1	
16	4960	1	
16	21733	1	
16	16998	1	
16	7785	1	
16	9069	1	
16	11632	1	
16	17790	1	
16	10103	1	
16	18424	1	
16	16121	1	
16	8188	2	
16	5118	1	
17	17312	1	
17	2113	1	
17	5667	1	
17	11684	1	
17	20010	1	
17	17707	1	
17	13389	1	
17	3610	1	
17	11007	1	
17	15903	1	
18	14306	2	
18	8202	1	
18	8066	1	
18	5149	1	
18	4049	2	
18	18548	1	
18	14645	1	
18	7418	1	
18	16123	2	
18	10972	1	
18	8765	1	
18	16959	1	
19	11904	1	
19	15648	1	
19	8066	1	
19	11684	1	
19	3845	1	
19	4521	1	
19	15754	1	
19	17707	1	
19	9069	1	
19	14522	1	
19	7418	1	
19	15583	1	
20	17313	1	
20	3919	1	
20	18852	1	
20	12973	1	
20	6375	1	
