1	5248	1	
1	9831	1	
1	11396	1	
1	2309	1	
1	22551	1	
1	4364	1	
1	8079	1	
1	14509	1	
1	16915	1	
1	6805	1	
1	10263	1	
1	10264	1	
1	12164	1	
1	19098	1	
1	2460	1	
1	5918	1	
1	18975	1	
1	20384	1	
1	5928	1	
1	9543	1	
1	3629	1	
1	13998	1	
1	21295	1	
1	19124	1	
1	9398	1	
1	15031	1	
1	12734	1	
1	11672	1	
1	13252	2	
1	13255	1	
1	6345	1	
1	9290	1	
1	20555	1	
1	13388	1	
1	4303	1	
1	20329	1	
1	9809	1	
1	7095	1	
1	19286	1	
1	9047	1	
1	15448	1	
1	18905	1	
1	6543	1	
1	9820	2	
1	7351	1	
1	2025	1	
1	19960	1	
1	16998	2	
1	3943	2	
1	12265	1	
1	5355	1	
1	4881	1	
1	21613	1	
1	4723	1	
1	1140	2	
1	11511	1	
1	12151	1	
1	4601	1	
1	11514	1	
1	16301	1	
1	13950	1	
2	3073	1	
2	9729	1	
2	8364	1	
2	11279	1	
2	16913	1	
2	21013	1	
2	9241	1	
2	21935	1	
2	9245	1	
2	18975	1	
2	18978	1	
2	13233	1	
2	6702	1	
2	9777	1	
2	12855	1	
2	17466	1	
2	5182	1	
2	17472	1	
2	12360	1	
2	1099	1	
2	8797	1	
2	21613	2	
2	13937	3	
2	1140	1	
2	1141	2	
2	18042	1	
2	13438	1	
2	5057	1	
2	22152	1	
2	20112	1	
2	6805	1	
2	14489	1	
2	16544	1	
2	22188	1	
2	7854	1	
2	22557	1	
2	16051	1	
2	5306	1	
2	10942	1	
2	11969	1	
2	2243	1	
2	8906	1	
2	17612	1	
2	4303	2	
2	15575	2	
2	22232	1	
2	9435	1	
2	11898	2	
2	7903	1	
2	9954	1	
2	7917	1	
2	11514	1	
2	10491	1	
2	18686	1	
2	11008	1	
2	7937	1	
2	18219	1	
2	14209	1	
2	17163	1	
2	20014	1	
2	17688	1	
2	7451	1	
2	8988	1	
2	20254	1	
2	7463	1	
2	7467	1	
2	12076	2	
2	15664	1	
2	5425	1	
2	8499	1	
2	3386	1	
2	4831	1	
2	12093	1	
2	4414	1	
2	16706	1	
2	395	1	
2	13129	1	
2	9038	1	
2	14677	3	
2	16220	1	
2	14177	1	
2	14592	1	
2	9067	1	
2	9069	3	
2	2416	1	
2	7855	1	
2	8063	2	
2	10625	1	
2	12162	1	
2	2436	1	
2	5000	1	
2	15241	1	
2	9611	1	
2	22418	1	
2	8086	1	
2	11672	1	
2	17819	1	
2	12190	1	
2	20384	1	
2	15266	1	
2	6568	1	
2	6571	1	
2	9647	1	
2	15281	1	
2	22455	1	
2	17849	1	
2	8636	1	
2	8641	2	
2	17348	1	
2	13255	1	
2	14798	1	
2	9167	1	
2	17372	1	
2	7419	1	
2	8679	1	
2	3566	1	
2	20309	1	
3	13316	2	
3	7686	1	
3	8961	1	
3	2578	1	
3	22551	2	
3	5150	1	
3	5155	1	
3	20010	6	
3	1067	1	
3	8236	1	
3	3629	1	
3	13881	1	
3	9791	1	
3	12354	1	
3	587	1	
3	6732	1	
3	5709	1	
3	15953	1	
3	7253	1	
3	12891	1	
3	16476	1	
3	18528	1	
3	16998	1	
3	9831	2	
3	21617	1	
3	15990	1	
3	1147	1	
3	10365	1	
3	9351	1	
3	11913	1	
3	13978	1	
3	14495	1	
3	15523	1	
3	13937	3	
3	10408	1	
3	10409	1	
3	2734	1	
3	2229	1	
3	9401	1	
3	5309	1	
3	18114	1	
3	15819	1	
3	18119	1	
3	13514	1	
3	21195	1	
3	13516	2	
3	4818	1	
3	15575	1	
3	11992	1	
3	10460	1	
3	223	1	
3	2273	1	
3	14574	1	
3	2003	1	
3	4342	1	
3	6698	1	
3	7937	1	
3	7938	1	
3	16134	1	
3	11528	1	
3	4878	1	
3	17681	1	
3	2834	1	
3	18200	1	
3	15641	1	
3	7451	1	
3	19238	1	
3	13532	1	
3	20272	1	
3	7474	1	
3	10552	1	
3	12091	1	
3	16190	1	
3	16193	2	
3	3395	1	
3	21832	1	
3	4941	1	
3	14677	3	
3	22585	1	
3	6489	1	
3	2394	1	
3	16220	1	
3	14689	2	
3	9069	1	
3	6515	1	
3	3390	2	
3	17471	1	
3	16252	1	
3	10625	5	
3	16260	1	
3	21898	1	
3	11521	1	
3	22418	1	
3	22426	1	
3	17818	1	
3	15266	1	
3	6570	1	
3	4534	1	
3	8636	1	
3	11714	1	
3	5060	1	
3	20427	1	
3	20429	3	
3	9167	1	
3	16338	1	
3	16547	1	
3	14293	1	
3	9686	1	
3	3554	1	
3	15845	1	
3	20456	1	
3	1002	1	
3	20463	2	
3	20649	1	
4	16640	1	
4	769	1	
4	2435	1	
4	4870	1	
4	9607	1	
4	8968	1	
4	20076	1	
4	8332	1	
4	9614	2	
4	4751	1	
4	12888	1	
4	17554	1	
4	13516	1	
4	14702	1	
4	8175	1	
4	10012	1	
4	8989	1	
4	18975	1	
4	4364	2	
4	16223	2	
4	8193	1	
4	19238	1	
4	7463	1	
4	6568	1	
4	12202	1	
4	6571	1	
4	22188	1	
4	9651	1	
4	2990	2	
4	9839	1	
4	15666	1	
4	7219	1	
4	8500	1	
4	12471	1	
4	10552	1	
4	6458	1	
4	6559	1	
4	19644	1	
4	9038	1	
4	20037	1	
4	20038	1	
4	2121	1	
4	7474	2	
4	18892	1	
4	19938	1	
4	5070	1	
4	11600	1	
4	3512	1	
4	227	2	
4	9684	2	
4	14677	4	
4	22385	1	
4	13271	1	
4	11992	2	
4	17188	1	
4	858	1	
4	8079	1	
4	2911	1	
4	14689	1	
4	8802	1	
4	19555	1	
4	10213	1	
4	8145	1	
4	15630	1	
4	3943	1	
4	12396	1	
4	22418	1	
4	15598	1	
4	20463	1	
4	19952	1	
4	14577	1	
4	3187	1	
4	1140	1	
4	20854	1	
4	22391	1	
4	11385	2	
4	1147	1	
4	18686	1	
4	6805	1	
5	5378	1	
5	18455	1	
5	7193	1	
5	17435	1	
5	3113	1	
5	3627	1	
5	5173	1	
5	22585	1	
5	22587	1	
5	6732	1	
5	12878	1	
5	8797	1	
5	16479	1	
5	7952	1	
5	15971	1	
5	12390	1	
5	9831	2	
5	21613	2	
5	5745	1	
5	1140	4	
5	21114	1	
5	5567	1	
5	18045	1	
5	16510	1	
5	3203	1	
5	19396	1	
5	15514	1	
5	13979	1	
5	18592	1	
5	13937	1	
5	10409	1	
5	11946	1	
5	13486	1	
5	21689	1	
5	11969	1	
5	21699	2	
5	18119	1	
5	2249	1	
5	13514	1	
5	13516	1	
5	4303	1	
5	2265	1	
5	7903	1	
5	9954	1	
5	20209	1	
5	22262	1	
5	14592	4	
5	7938	1	
5	18391	1	
5	4364	1	
5	10510	1	
5	21264	1	
5	2834	1	
5	16148	1	
5	18746	1	
5	7471	1	
5	17202	1	
5	7476	1	
5	3382	1	
5	5433	1	
5	20794	1	
5	3386	1	
5	5951	1	
5	14677	2	
5	9558	1	
5	9047	1	
5	16220	2	
5	4957	1	
5	12091	1	
5	2407	1	
5	22385	1	
5	20357	2	
5	9606	1	
5	9610	1	
5	22418	1	
5	19347	1	
5	22442	2	
5	5565	1	
5	21951	1	
5	8641	3	
5	3524	1	
5	13255	1	
5	13388	1	
5	12746	1	
5	20429	1	
5	19408	1	
5	5591	1	
5	22500	1	
5	15845	1	
6	14592	2	
6	897	1	
6	15817	1	
6	8579	1	
6	13316	1	
6	13445	1	
6	9831	1	
6	8641	2	
6	17546	1	
6	20900	1	
6	12203	1	
6	7952	1	
6	5863	1	
6	17671	1	
6	3220	1	
6	19093	1	
6	10262	1	
6	11415	1	
6	19204	1	
6	20463	1	
6	22557	1	
6	9247	1	
6	20000	1	
6	19107	1	
6	7972	1	
6	19238	1	
6	12660	1	
6	8619	1	
6	18351	1	
6	15666	1	
6	8705	1	
6	1079	1	
6	21304	1	
6	3641	2	
6	13242	1	
6	7903	1	
6	8636	1	
6	6732	1	
6	20384	2	
6	21699	1	
6	20556	1	
6	13255	1	
6	9033	3	
6	9035	1	
6	13516	1	
6	20429	1	
6	9294	1	
6	9167	1	
6	9432	1	
6	7204	1	
6	20442	1	
6	12891	1	
6	13532	2	
6	2911	1	
6	12816	1	
6	19938	1	
6	19174	1	
6	18022	1	
6	13159	1	
6	2025	1	
6	21739	1	
6	8556	2	
6	21613	2	
6	14703	1	
6	21104	1	
6	2289	1	
6	1140	3	
6	13941	1	
6	11511	1	
6	19348	1	
6	11898	1	
6	6805	1	
7	13316	1	
7	2439	1	
7	11528	1	
7	8236	1	
7	6670	1	
7	18962	1	
7	13979	1	
7	20255	1	
7	5927	1	
7	22188	1	
7	4019	1	
7	12852	1	
7	5306	1	
7	9247	1	
7	8863	1	
7	12357	1	
7	9034	1	
7	5451	1	
7	6732	1	
7	9167	1	
7	18128	1	
7	9169	1	
7	2902	1	
7	21850	1	
7	2271	1	
7	19942	1	
7	2154	1	
7	8043	2	
7	9069	2	
7	18030	1	
7	15855	1	
7	13950	1	
7	2834	1	
7	6142	1	
7	22271	1	
8	3073	1	
8	17067	1	
8	13316	1	
8	20494	3	
8	11791	1	
8	12888	1	
8	18962	4	
8	18964	1	
8	22551	1	
8	1048	1	
8	22557	4	
8	5150	2	
8	9247	2	
8	547	1	
8	1067	1	
8	10798	1	
8	16432	1	
8	1074	1	
8	14388	1	
8	3126	2	
8	4669	1	
8	22088	1	
8	13389	1	
8	12878	1	
8	6741	1	
8	15448	2	
8	8797	1	
8	5216	1	
8	18022	1	
8	8636	1	
8	21613	1	
8	18030	1	
8	11887	2	
8	17206	1	
8	1140	1	
8	9351	3	
8	18579	1	
8	9886	1	
8	16544	1	
8	16546	2	
8	15523	1	
8	683	1	
8	22188	1	
8	15903	1	
8	7870	1	
8	10436	1	
8	5832	1	
8	13532	1	
8	223	1	
8	7392	1	
8	226	1	
8	8425	1	
8	12011	1	
8	11511	1	
8	5208	1	
8	14592	1	
8	11521	1	
8	22571	1	
8	13079	1	
8	8989	1	
8	17184	3	
8	20260	1	
8	19238	1	
8	12076	1	
8	18222	1	
8	21814	1	
8	5433	4	
8	2271	1	
8	16706	1	
8	10038	1	
8	15184	1	
8	2899	4	
8	18772	1	
8	16220	1	
8	7517	1	
8	14689	2	
8	14690	1	
8	20329	1	
8	8043	3	
8	9069	4	
8	5489	1	
8	13459	1	
8	9080	1	
8	19332	1	
8	14725	1	
8	2443	2	
8	17806	1	
8	17811	2	
8	18837	1	
8	4000	1	
8	2986	1	
8	12716	1	
8	15432	1	
8	11708	1	
8	18370	1	
8	20427	1	
8	17899	1	
8	13821	1	
9	13316	2	
9	18962	3	
9	19476	1	
9	22551	1	
9	22557	2	
9	5150	1	
9	9247	1	
9	7204	1	
9	4647	1	
9	20014	3	
9	8765	1	
9	3134	1	
9	6732	2	
9	13389	1	
9	18510	1	
9	7765	1	
9	3258	1	
9	16479	1	
9	18017	1	
9	22119	1	
9	2680	1	
9	14969	1	
9	2682	1	
9	2179	1	
9	9351	1	
9	15499	1	
9	13453	1	
9	1167	1	
9	13969	1	
9	6809	1	
9	16543	1	
9	5285	1	
9	10408	1	
9	10409	1	
9	22188	1	
9	5301	1	
9	12471	1	
9	5306	1	
9	15548	1	
9	20256	1	
9	15574	1	
9	22232	2	
9	21211	1	
9	13532	1	
9	13021	1	
9	7902	1	
9	4831	1	
9	14574	1	
9	15096	1	
9	7937	1	
9	16131	1	
9	3332	1	
9	2834	1	
9	16430	1	
9	5911	1	
9	12064	1	
9	19749	1	
9	5927	1	
9	10545	1	
9	14558	1	
9	831	1	
9	6464	1	
9	17547	1	
9	13129	1	
9	5450	2	
9	5451	2	
9	11600	1	
9	2899	2	
9	2446	1	
9	8026	1	
9	16220	1	
9	8041	1	
9	9069	4	
9	18287	1	
9	12673	1	
9	11662	1	
9	17814	1	
9	18841	1	
9	14248	1	
9	2990	2	
9	22448	2	
9	10689	1	
9	11714	2	
9	13255	1	
9	14284	1	
9	248	1	
9	19411	1	
9	20442	1	
9	10206	1	
9	7650	1	
9	19943	2	
9	9194	1	
9	4602	1	
9	6741	1	
10	2060	1	
10	11789	3	
10	11791	2	
10	18962	1	
10	22557	1	
10	6686	1	
10	12834	1	
10	5155	1	
10	551	1	
10	20010	1	
10	8236	1	
10	8749	1	
10	18990	1	
10	12852	1	
10	12352	1	
10	9831	1	
10	11887	1	
10	13937	1	
10	5749	1	
10	2166	1	
10	632	1	
10	18042	1	
10	637	1	
10	11392	1	
10	2179	1	
10	1670	1	
10	14985	2	
10	12940	2	
10	9887	2	
10	16547	1	
10	8360	1	
10	683	1	
10	3758	1	
10	13492	1	
10	18108	2	
10	16062	1	
10	20686	1	
10	17016	3	
10	15574	1	
10	9945	1	
10	9435	1	
10	13532	1	
10	4831	6	
10	14118	1	
10	5863	1	
10	14583	2	
10	18174	1	
10	2309	1	
10	19718	1	
10	15404	1	
10	3339	1	
10	4364	1	
10	4366	2	
10	22295	1	
10	17688	1	
10	6790	1	
10	19238	1	
10	14649	1	
10	6459	1	
10	12170	1	
10	15500	1	
10	5450	1	
10	5451	1	
10	11600	1	
10	20817	1	
10	7516	1	
10	16223	1	
10	3937	1	
10	15717	1	
10	7014	1	
10	7016	1	
10	15215	1	
10	15216	1	
10	12151	1	
10	9080	1	
10	12673	2	
10	901	3	
10	906	2	
10	2443	1	
10	22418	1	
10	17811	1	
10	2460	1	
10	15774	1	
10	17823	1	
10	4000	1	
10	20390	1	
10	12716	2	
10	13741	1	
10	16543	1	
10	22463	1	
10	22464	3	
10	20384	1	
10	3017	1	
10	20427	1	
10	19408	1	
10	18905	1	
10	4575	1	
10	19938	1	
10	7667	1	
10	5623	1	
11	8705	2	
11	19033	1	
11	9247	1	
11	4128	1	
11	2089	1	
11	20010	5	
11	20014	2	
11	16432	1	
11	20019	1	
11	19519	1	
11	12354	2	
11	7236	1	
11	12357	1	
11	8775	1	
11	15432	1	
11	15434	1	
11	6732	1	
11	21070	2	
11	592	1	
11	9809	1	
11	18005	1	
11	18518	1	
11	10329	1	
11	13914	1	
11	14941	1	
11	16479	1	
11	22119	1	
11	2407	1	
11	21613	1	
11	2164	1	
11	13941	1	
11	11898	2	
11	10365	1	
11	1670	1	
11	9351	1	
11	18569	1	
11	1167	1	
11	10410	1	
11	17225	1	
11	1140	2	
11	19643	1	
11	19644	1	
11	7870	1	
11	5321	1	
11	20689	1	
11	13532	1	
11	7901	1	
11	7902	1	
11	4831	3	
11	3812	1	
11	5863	1	
11	16616	1	
11	21739	1	
11	14574	1	
11	14579	2	
11	18686	1	
11	3332	1	
11	2309	1	
11	16660	1	
11	17688	2	
11	17996	1	
11	2854	1	
11	1671	1	
11	14985	2	
11	10552	1	
11	2873	1	
11	16193	1	
11	10054	1	
11	9033	2	
11	9034	1	
11	14677	1	
11	228	1	
11	15197	1	
11	2911	1	
11	4451	1	
11	3943	1	
11	18793	1	
11	8556	1	
11	18287	1	
11	13681	2	
11	3954	1	
11	18808	1	
11	10106	1	
11	2435	1	
11	16260	1	
11	917	1	
11	17818	1	
11	12717	1	
11	20297	1	
11	19956	1	
11	22464	1	
11	15436	1	
11	13771	1	
11	14284	1	
11	18893	1	
11	9167	1	
11	14800	1	
11	16850	1	
11	10710	1	
11	18513	1	
11	18921	1	
11	18975	1	
11	4078	1	
11	14324	1	
11	5110	1	
11	1528	1	
11	4092	1	
11	9726	1	
11	6741	3	
12	8705	1	
12	14595	1	
12	3332	1	
12	19943	1	
12	19208	1	
12	20429	1	
12	13707	2	
12	9069	1	
12	11791	1	
12	6331	1	
12	5863	1	
12	5398	1	
12	14744	1	
12	12441	1	
12	13978	1	
12	5020	1	
12	17818	1	
12	16030	1	
12	8803	1	
12	19112	1	
12	16220	1	
12	6571	1	
12	8236	1	
12	15666	1	
12	6702	1	
12	743	1	
12	1074	1	
12	15923	1	
12	13278	1	
12	8375	1	
12	18872	5	
12	3641	1	
12	5306	1	
12	10555	1	
12	8636	1	
12	20032	1	
12	11969	1	
12	12354	1	
12	8971	1	
12	19140	1	
12	6732	1	
12	5576	1	
12	9170	1	
12	21323	1	
12	13516	1	
12	20045	1	
12	22426	1	
12	20047	1	
12	8203	1	
12	20306	1	
12	11603	1	
12	9172	1	
12	2134	1	
12	855	1	
12	13912	1	
12	2394	1	
12	9167	1	
12	13532	1	
12	10206	1	
12	16223	2	
12	22368	1	
12	5217	1	
12	17890	1	
12	443	1	
12	17892	1	
12	15845	1	
12	2407	1	
12	360	1	
12	12905	1	
12	21739	1	
12	8556	1	
12	7533	1	
12	20463	1	
12	12445	1	
12	1099	1	
12	1140	1	
12	1141	1	
12	6774	1	
12	15991	1	
12	11385	1	
12	13383	1	
12	5995	1	
12	12091	1	
12	20727	1	
13	8705	1	
13	13316	1	
13	12808	1	
13	12716	1	
13	22538	1	
13	9227	1	
13	11804	1	
13	9761	1	
13	13858	1	
13	6702	1	
13	22024	1	
13	6706	1	
13	3130	1	
13	7178	1	
13	20550	1	
13	13383	2	
13	15439	1	
13	15441	1	
13	13914	1	
13	18017	2	
13	21613	2	
13	7278	1	
13	11898	1	
13	15997	1	
13	14462	1	
13	13951	1	
13	4033	1	
13	16021	1	
13	19140	1	
13	11931	1	
13	3748	1	
13	20649	2	
13	12462	1	
13	15548	2	
13	11972	1	
13	17093	1	
13	13516	1	
13	18128	1	
13	12505	1	
13	10973	1	
13	4831	2	
13	5863	3	
13	14580	1	
13	14592	1	
13	8961	1	
13	4867	1	
13	17162	1	
13	18191	2	
13	17184	1	
13	3369	1	
13	3373	1	
13	2351	1	
13	19760	1	
13	10555	1	
13	12093	1	
13	16710	1	
13	4425	1	
13	9035	1	
13	11161	1	
13	15709	1	
13	2911	1	
13	18287	2	
13	16252	1	
13	18818	1	
13	9606	3	
13	15246	1	
13	19348	1	
13	3991	1	
13	4505	1	
13	13723	1	
13	15772	1	
13	14751	1	
13	7584	1	
13	12705	1	
13	22442	1	
13	11180	1	
13	4019	1	
13	18872	7	
13	18364	1	
13	15808	1	
13	8641	1	
13	10182	1	
13	20427	1	
13	4049	1	
13	16850	1	
13	467	1	
13	10710	1	
13	7644	1	
13	17890	1	
13	11748	2	
13	8684	1	
13	5623	1	
13	7679	1	
14	14592	1	
14	13316	2	
14	5463	1	
14	17424	1	
14	12888	1	
14	18962	1	
14	10263	1	
14	15903	1	
14	8750	1	
14	7729	1	
14	20025	1	
14	572	1	
14	9791	1	
14	22082	1	
14	12867	1	
14	12357	1	
14	9569	1	
14	6732	1	
14	14422	1	
14	22616	1	
14	7769	1	
14	13404	1	
14	8797	1	
14	14430	1	
14	9831	1	
14	6760	2	
14	12905	1	
14	3175	1	
14	21613	2	
14	7279	1	
14	1140	1	
14	17871	1	
14	19072	1	
14	14466	1	
14	223	1	
14	1669	1	
14	650	1	
14	19093	1	
14	18079	1	
14	10407	1	
14	4267	1	
14	13486	2	
14	19124	1	
14	21699	1	
14	200	1	
14	13516	1	
14	20177	1	
14	7380	1	
14	3803	1	
14	7903	1	
14	2273	1	
14	229	1	
14	19174	1	
14	12007	1	
14	10985	1	
14	5355	1	
14	3315	1	
14	15616	1	
14	7937	1	
14	7938	2	
14	17162	3	
14	4364	1	
14	17881	1	
14	17184	1	
14	20260	1	
14	7471	3	
14	18746	1	
14	2271	2	
14	12093	1	
14	4423	1	
14	9034	1	
14	14677	2	
14	9047	1	
14	16220	1	
14	2911	1	
14	22368	1	
14	15713	1	
14	8043	1	
14	7533	3	
14	18289	1	
14	12663	1	
14	7039	1	
14	9606	1	
14	22416	1	
14	7570	1	
14	19350	1	
14	21912	1	
14	11684	1	
14	12207	1	
14	8641	1	
14	3524	1	
14	4038	1	
14	3528	1	
14	1484	1	
14	9167	1	
14	14800	1	
14	9170	1	
14	9171	1	
14	19364	1	
14	15322	1	
14	22418	1	
14	20456	1	
14	489	1	
14	17903	1	
14	5623	1	
14	14689	1	
14	11771	1	
15	13316	3	
15	15293	1	
15	17424	1	
15	19989	1	
15	22551	1	
15	19460	1	
15	20509	1	
15	15903	1	
15	20010	1	
15	8236	1	
15	20014	1	
15	16432	1	
15	1074	1	
15	20026	1	
15	20028	1	
15	20555	1	
15	13388	1	
15	13389	1	
15	16470	1	
15	13912	1	
15	10329	1	
15	14426	1	
15	15456	1	
15	11792	1	
15	6760	3	
15	2407	1	
15	21613	1	
15	12733	1	
15	13937	1	
15	1140	1	
15	15994	1	
15	10365	1	
15	5246	2	
15	2175	1	
15	22464	1	
15	17003	1	
15	1669	1	
15	3718	1	
15	1163	1	
15	13453	2	
15	3943	1	
15	19096	2	
15	13978	1	
15	18596	1	
15	15548	1	
15	11969	1	
15	13516	1	
15	1744	1	
15	2271	1	
15	7397	1	
15	14579	1	
15	14583	1	
15	12842	1	
15	7937	2	
15	554	1	
15	4884	1	
15	17372	1	
15	2860	1	
15	15666	1	
15	7471	1	
15	12594	1	
15	3382	1	
15	18752	1	
15	9038	2	
15	3417	1	
15	18490	1	
15	20831	2	
15	22368	1	
15	22369	1	
15	4967	1	
15	3432	1	
15	6506	1	
15	7533	2	
15	16244	1	
15	2025	1	
15	12664	1	
15	7039	1	
15	9606	1	
15	11672	1	
15	15771	1	
15	2460	1	
15	19098	1	
15	4000	2	
15	12209	1	
15	4022	1	
15	7101	1	
15	12734	1	
15	6080	1	
15	8641	1	
15	587	1	
15	4037	1	
15	3528	2	
15	10185	1	
15	17872	2	
15	9169	1	
15	17880	1	
15	17881	4	
15	7644	1	
15	13799	1	
15	12265	1	
15	7148	1	
15	12787	1	
15	22006	1	
15	4601	1	
15	4090	2	
15	17202	1	
16	8193	1	
16	13316	1	
16	11279	1	
16	17424	1	
16	16913	1	
16	10262	1	
16	22551	1	
16	18460	2	
16	22557	1	
16	18975	2	
16	16416	1	
16	22571	1	
16	4652	1	
16	17463	1	
16	13881	1	
16	3651	1	
16	6732	1	
16	21587	1	
16	20564	1	
16	14426	1	
16	4623	1	
16	16479	1	
16	17513	1	
16	6760	1	
16	8809	1	
16	2407	1	
16	13937	1	
16	1140	2	
16	13941	1	
16	21097	1	
16	9850	1	
16	1147	1	
16	16510	1	
16	11394	1	
16	17030	1	
16	1671	1	
16	13452	3	
16	6805	1	
16	9380	1	
16	11292	1	
16	10934	1	
16	9918	1	
16	3264	1	
16	11969	1	
16	21699	1	
16	10436	1	
16	11479	1	
16	11992	1	
16	4831	2	
16	1760	1	
16	1763	1	
16	11511	1	
16	7937	1	
16	7938	2	
16	2310	1	
16	8236	1	
16	17681	1	
16	20256	1	
16	6791	1	
16	17202	1	
16	7477	1	
16	12091	1	
16	21824	1	
16	18242	1	
16	15176	1	
16	844	1	
16	9038	2	
16	11600	2	
16	21330	1	
16	14677	1	
16	344	1	
16	16220	1	
16	22369	2	
16	15202	1	
16	3943	1	
16	18794	1	
16	21878	1	
16	15735	2	
16	8571	1	
16	4988	1	
16	381	1	
16	9610	1	
16	19346	1	
16	2460	1	
16	12203	1	
16	2478	1	
16	435	1	
16	6592	1	
16	3524	2	
16	3528	2	
16	15820	1	
16	20429	1	
16	15851	1	
16	11760	1	
16	18420	1	
16	22006	1	
16	20986	2	
17	4992	1	
17	512	1	
17	5634	1	
17	4944	1	
17	2437	1	
17	19718	1	
17	6791	1	
17	17674	1	
17	5285	1	
17	9684	1	
17	10510	1	
17	22418	1	
17	5525	1	
17	22617	1	
17	13978	1	
17	17435	2	
17	15771	1	
17	20509	1	
17	1669	1	
17	2635	1	
17	7323	1	
17	7204	1	
17	9606	3	
17	10407	1	
17	22568	1	
17	5427	1	
17	7219	2	
17	22557	1	
17	13487	1	
17	2351	1	
17	14493	1	
17	9777	1	
17	1074	1	
17	4915	1	
17	7862	1	
17	13242	1	
17	8636	1	
17	7101	2	
17	16190	1	
17	21824	1	
17	21699	1	
17	3524	1	
17	4037	1	
17	4038	1	
17	6599	1	
17	21962	1	
17	15819	1	
17	14668	1	
17	9895	1	
17	14754	1	
17	6608	1	
17	2770	1	
17	22435	1	
17	20692	1	
17	14037	1	
17	14422	1	
17	215	1	
17	7897	1	
17	8797	1	
17	10206	1	
17	18143	1	
17	18528	1	
17	14689	1	
17	226	1	
17	3171	1	
17	3173	1	
17	19814	1	
17	14441	1	
17	18282	1	
17	5355	1	
17	8556	1	
17	21613	1	
17	17262	1	
17	15855	1	
17	22385	1	
17	6770	1	
17	17206	1	
17	1140	1	
17	1526	1	
17	21161	1	
17	14584	1	
17	1748	1	
17	4986	2	
17	1147	1	
17	11385	1	
18	14592	2	
18	1664	1	
18	17154	1	
18	4867	1	
18	13316	1	
18	8641	1	
18	8585	1	
18	21898	1	
18	9687	1	
18	2394	1	
18	2911	2	
18	11969	1	
18	1680	1	
18	8338	1	
18	13846	1	
18	13978	1	
18	7964	1	
18	22426	1	
18	15390	1	
18	2975	1	
18	2080	1	
18	12123	1	
18	15013	1	
18	22442	1	
18	5425	1	
18	12660	1	
18	18746	1	
18	1119	1	
18	8636	1	
18	13514	1	
18	15809	1	
18	19396	1	
18	20165	1	
18	11719	1	
18	9034	1	
18	1099	1	
18	18510	1	
18	4303	1	
18	19409	1	
18	4691	1	
18	16468	1	
18	14677	3	
18	9047	1	
18	7897	1	
18	18010	1	
18	9167	1	
18	16220	1	
18	8797	3	
18	7903	1	
18	16226	1	
18	2275	1	
18	8421	1	
18	2407	1	
18	19816	1	
18	12773	1	
18	4882	1	
18	5565	1	
18	2931	1	
18	1140	1	
18	885	1	
18	3702	1	
18	5332	1	
18	1147	2	
18	1148	1	
18	22015	1	
19	19072	1	
19	14592	2	
19	2179	1	
19	16260	1	
19	6713	1	
19	22442	1	
19	11969	1	
19	11913	1	
19	20429	1	
19	3321	1	
19	13710	1	
19	22032	1	
19	9617	1	
19	2578	1	
19	14595	1	
19	17044	1	
19	20507	1	
19	8989	1	
19	11294	1	
19	20329	1	
19	19056	1	
19	859	1	
19	17188	1	
19	5797	1	
19	10857	1	
19	1576	1	
19	16732	1	
19	12842	1	
19	16775	2	
19	6791	1	
19	18866	1	
19	2350	1	
19	21295	1	
19	13490	2	
19	15671	1	
19	13880	1	
19	18745	1	
19	19348	1	
19	8636	2	
19	14602	1	
19	17470	1	
19	5567	1	
19	15809	1	
19	5570	1	
19	16548	1	
19	19396	1	
19	545	1	
19	5867	1	
19	587	1	
19	4941	1	
19	846	1	
19	6605	1	
19	14800	1	
19	22200	1	
19	21586	1	
19	6867	1	
19	14677	1	
19	5335	1	
19	14473	1	
19	7396	1	
19	14543	1	
19	21980	1	
19	4867	1	
19	17424	2	
19	9955	1	
19	740	1	
19	9831	1	
19	5564	1	
19	3946	1	
19	9067	1	
19	7323	1	
19	15698	1	
19	20463	1	
19	9072	1	
19	5331	1	
19	1140	2	
19	4414	1	
19	18857	1	
19	1031	1	
19	4601	1	
19	11514	1	
19	1147	1	
19	8060	1	
19	5866	1	
19	1743	2	
20	11008	1	
20	13316	2	
20	1029	1	
20	1032	1	
20	22032	1	
20	22551	1	
20	22557	1	
20	18975	1	
20	14598	2	
20	5163	1	
20	11822	1	
20	11823	4	
20	16432	1	
20	1076	1	
20	18997	1	
20	11318	1	
20	6713	1	
20	2115	1	
20	12360	1	
20	20554	1	
20	11851	1	
20	592	1	
20	20564	2	
20	13403	1	
20	8797	1	
20	21605	1	
20	9831	2	
20	4723	1	
20	1140	1	
20	13950	1	
20	4223	1	
20	13440	1	
20	18049	1	
20	11398	1	
20	18056	2	
20	14985	1	
20	5776	1	
20	14484	1	
20	14486	1	
20	17568	1	
20	13478	1	
20	19124	1	
20	3258	1	
20	5831	1	
20	20170	2	
20	13516	1	
20	12498	1	
20	10453	1	
20	12510	1	
20	227	1	
20	8421	2	
20	2770	1	
20	3321	1	
20	2298	1	
20	17148	1	
20	5845	1	
20	14592	4	
20	19718	2	
20	5900	1	
20	7952	1	
20	4881	2	
20	18194	1	
20	15128	1	
20	8988	1	
20	16165	1	
20	15666	1	
20	12082	1	
20	1844	1	
20	3386	1	
20	12093	1	
20	22339	1	
20	3927	1	
20	16220	1	
20	15713	1	
20	11623	1	
20	360	1	
20	8556	2	
20	9606	1	
20	9610	1	
20	22418	2	
20	20547	1	
20	19349	2	
20	9626	1	
20	2460	2	
20	4000	2	
20	15772	1	
20	22442	1	
20	4011	1	
20	20909	1	
20	18862	1	
20	5554	1	
20	13242	1	
20	8636	1	
20	15808	1	
20	6593	1	
20	19396	1	
20	10182	1	
20	15817	1	
20	8650	1	
20	13771	1	
20	9169	1	
20	13272	2	
20	18406	1	
20	8686	1	
20	18936	1	
20	4090	1	
20	17917	1	
21	14592	1	
21	18817	1	
21	4868	1	
21	13398	1	
21	1032	1	
21	395	1	
21	15441	1	
21	17679	1	
21	7952	1	
21	20882	1	
21	18067	1	
21	13078	1	
21	13316	1	
21	13978	1	
21	9244	1	
21	18975	1	
21	22024	1	
21	5928	1	
21	2460	1	
21	21696	1	
21	21618	1	
21	21295	2	
21	9777	1	
21	18866	2	
21	19740	1	
21	21305	1	
21	13242	1	
21	9247	1	
21	19133	1	
21	8766	1	
21	21311	1	
21	3392	1	
21	12354	1	
21	1163	1	
21	22464	1	
21	19397	1	
21	13514	4	
21	6732	1	
21	12878	1	
21	4303	1	
21	16337	1	
21	855	1	
21	2003	1	
21	7237	1	
21	14677	3	
21	13710	2	
21	3641	1	
21	18904	1	
21	15119	1	
21	17756	1	
21	20794	1	
21	22032	2	
21	16226	1	
21	2407	1	
21	228	1	
21	18022	1	
21	21073	1	
21	15208	1	
21	12906	1	
21	22119	1	
21	20076	1	
21	20463	1	
21	9072	1	
21	13937	1	
21	22386	1	
21	4723	1	
21	5237	1	
21	8566	2	
21	3113	1	
21	1147	1	
21	22140	1	
21	18174	1	
21	5845	1	
22	8193	1	
22	6661	1	
22	22030	1	
22	22032	2	
22	8214	1	
22	11969	1	
22	18460	1	
22	8236	2	
22	7736	1	
22	4153	1	
22	2911	1	
22	587	1	
22	13388	2	
22	22542	1	
22	15448	1	
22	12390	3	
22	3943	1	
22	21613	3	
22	1147	2	
22	13950	1	
22	5248	1	
22	18561	1	
22	18055	1	
22	2190	1	
22	6807	1	
22	5785	1	
22	680	1	
22	20157	1	
22	17089	1	
22	21699	1	
22	13514	1	
22	14798	1	
22	9435	1	
22	7903	1	
22	7392	1	
22	8425	1	
22	22252	1	
22	18172	1	
22	14592	3	
22	19205	1	
22	3201	1	
22	17679	1	
22	7952	1	
22	17681	1	
22	16150	1	
22	279	1	
22	17688	1	
22	16161	1	
22	297	1	
22	10040	1	
22	20797	1	
22	4929	2	
22	20303	1	
22	18769	1	
22	14677	2	
22	16223	1	
22	10593	1	
22	19814	1	
22	2407	1	
22	5994	1	
22	9069	1	
22	8566	1	
22	12663	1	
22	10105	1	
22	16762	1	
22	9600	1	
22	9602	1	
22	9603	1	
22	9606	1	
22	17291	1	
22	2968	1	
22	20882	1	
22	917	1	
22	17814	1	
22	11672	1	
22	12698	1	
22	12706	1	
22	932	1	
22	22442	3	
22	7089	1	
22	18866	1	
22	9663	1	
22	22467	2	
22	3528	3	
22	20429	1	
22	5070	1	
22	19408	1	
22	16859	1	
22	8679	1	
22	9192	1	
22	12779	1	
22	8684	1	
22	8685	1	
22	12799	1	
23	21505	1	
23	3588	1	
23	4110	1	
23	22551	1	
23	22568	1	
23	4649	1	
23	3634	1	
23	22581	1	
23	17474	1	
23	14404	2	
23	8033	1	
23	1099	1	
23	13388	1	
23	4185	1	
23	14426	1	
23	14941	1	
23	9831	1	
23	18540	1	
23	21613	1	
23	1147	1	
23	5246	1	
23	3201	1	
23	3207	1	
23	12937	1	
23	14986	1	
23	9569	1	
23	22163	1	
23	11418	1	
23	9886	1	
23	5791	1	
23	22385	1	
23	9896	1	
23	13516	1	
23	15575	1	
23	11992	1	
23	8421	1	
23	14574	1	
23	18172	1	
23	14592	1	
23	7938	1	
23	2310	1	
23	18185	1	
23	4878	1	
23	18200	1	
23	8989	1	
23	4895	1	
23	19238	1	
23	4396	1	
23	15664	1	
23	12089	1	
23	20794	1	
23	7996	1	
23	20797	1	
23	4929	1	
23	9539	1	
23	20292	1	
23	9038	1	
23	12625	1	
23	17807	1	
23	22369	2	
23	3427	1	
23	18287	1	
23	13681	1	
23	6530	1	
23	18821	1	
23	9606	1	
23	9610	1	
23	18828	1	
23	8079	1	
23	18324	1	
23	10820	1	
23	22437	1	
23	8641	1	
23	9651	1	
23	436	1	
23	9887	1	
23	8636	1	
23	21953	1	
23	22469	1	
23	4038	1	
23	3528	1	
23	12746	1	
23	20427	1	
23	14798	1	
23	8144	1	
23	22009	1	
23	2522	1	
23	15855	1	
23	10225	1	
23	8691	1	
23	10740	1	
23	22006	1	
23	3065	1	
23	14331	1	
24	2847	1	
24	20075	1	
24	11524	2	
24	13677	1	
24	8209	1	
24	18905	1	
24	17818	1	
24	20271	1	
24	19740	1	
24	11421	1	
24	9887	2	
24	20384	2	
24	13741	1	
24	18990	1	
24	3375	1	
24	12081	1	
24	7475	1	
24	13492	1	
24	4831	1	
24	8636	1	
24	3141	1	
24	11101	1	
24	13255	1	
24	9038	2	
24	13399	1	
24	15448	1	
24	6489	1	
24	2522	2	
24	16092	1	
24	14301	2	
24	7903	1	
24	3943	1	
24	12265	1	
24	16106	1	
24	20203	1	
24	21613	2	
24	1140	1	
24	17016	1	
24	11898	1	
24	637	1	
