1	12288	3	
1	15874	2	
1	19460	2	
1	6828	1	
1	17424	2	
1	16913	1	
1	15532	1	
1	4116	1	
1	7903	1	
1	4263	1	
1	15903	1	
1	10928	1	
1	700	2	
1	10452	1	
1	20519	2	
1	15976	1	
1	22571	4	
1	20012	1	
1	3629	1	
1	6804	1	
1	3258	1	
1	19124	5	
1	5691	1	
1	19591	1	
1	16691	1	
1	13887	1	
1	13890	1	
1	17987	2	
1	17994	1	
1	20103	1	
1	13389	1	
1	11855	1	
1	21586	1	
1	139	1	
1	2745	1	
1	16831	1	
1	1466	1	
1	7778	1	
1	7269	1	
1	18022	1	
1	104	1	
1	18108	4	
1	1133	1	
1	14448	2	
1	13937	4	
1	1138	1	
1	6771	1	
1	17013	4	
1	1129	1	
1	17016	4	
1	14969	1	
1	15723	1	
1	5246	1	
1	13440	1	
1	15491	1	
1	18052	1	
1	13445	1	
1	16833	1	
1	14985	1	
1	7306	1	
1	16011	1	
1	10900	2	
1	17048	1	
1	20125	2	
1	9887	2	
1	21664	1	
1	1136	1	
1	9892	1	
1	11431	1	
1	17066	1	
1	11436	1	
1	9901	2	
1	3758	1	
1	17072	1	
1	16049	1	
1	21684	1	
1	5304	1	
1	4468	1	
1	698	3	
1	8892	1	
1	19133	12	
1	1141	1	
1	18113	3	
1	2243	1	
1	11461	1	
1	14022	1	
1	18632	1	
1	5321	1	
1	17015	1	
1	14032	1	
1	7889	1	
1	7892	1	
1	15580	1	
1	10975	1	
1	5347	1	
1	5352	2	
1	4330	1	
1	11815	1	
1	22252	1	
1	13778	1	
1	6099	1	
1	22262	2	
1	14583	1	
1	5881	1	
1	18174	1	
1	770	1	
1	4868	1	
1	2310	1	
1	14088	1	
1	16649	1	
1	13716	1	
1	4364	8	
1	5390	1	
1	5391	1	
1	7952	3	
1	17170	2	
1	18197	1	
1	7451	1	
1	20254	1	
1	15473	1	
1	15651	1	
1	17703	1	
1	16092	1	
1	15751	1	
1	7471	2	
1	17200	2	
1	15667	1	
1	1844	1	
1	21305	2	
1	4831	1	
1	4414	4	
1	3392	1	
1	20384	2	
1	12354	1	
1	16197	1	
1	2220	1	
1	3916	1	
1	4942	1	
1	20877	1	
1	14677	4	
1	4438	1	
1	9047	1	
1	6489	1	
1	18267	2	
1	4956	1	
1	22368	2	
1	22369	3	
1	6791	1	
1	13159	1	
1	7018	1	
1	8043	2	
1	9069	2	
1	14703	1	
1	7540	1	
1	15222	1	
1	20343	3	
1	8568	1	
1	12665	1	
1	1918	2	
1	2944	1	
1	12673	1	
1	1415	1	
1	8585	1	
1	17293	1	
1	4496	6	
1	4497	1	
1	22418	1	
1	4500	1	
1	19350	1	
1	11672	1	
1	13723	2	
1	8604	1	
1	15774	1	
1	17312	1	
1	15777	1	
1	15275	1	
1	21933	1	
1	21936	1	
1	7303	1	
1	10679	2	
1	12218	2	
1	12734	3	
1	9663	1	
1	22464	3	
1	7584	2	
1	19907	1	
1	7110	2	
1	13255	1	
1	8012	1	
1	16331	1	
1	15820	1	
1	16333	1	
1	9167	2	
1	17360	1	
1	7634	1	
1	7635	1	
1	5591	2	
1	8156	1	
1	10206	1	
1	16891	1	
1	16775	2	
1	17899	1	
1	15442	1	
1	494	2	
1	11760	1	
1	11762	1	
1	501	1	
1	5623	2	
1	7764	1	
1	4602	1	
1	11771	1	
1	460	1	
1	6826	1	
2	12288	2	
2	19460	1	
2	22024	1	
2	15532	1	
2	19467	1	
2	3393	1	
2	4623	1	
2	22032	5	
2	21848	1	
2	3603	1	
2	4441	1	
2	1048	1	
2	13316	1	
2	17435	2	
2	11293	1	
2	16414	2	
2	18975	1	
2	16417	1	
2	1576	1	
2	4956	1	
2	20010	1	
2	1068	1	
2	1076	2	
2	12341	2	
2	18486	1	
2	19124	1	
2	9227	1	
2	6203	1	
2	8764	2	
2	21055	1	
2	17984	1	
2	17987	2	
2	12357	1	
2	15431	1	
2	15432	2	
2	11850	3	
2	10679	1	
2	588	2	
2	15438	1	
2	269	1	
2	592	1	
2	15441	1	
2	21586	6	
2	4692	1	
2	7765	1	
2	12220	1	
2	100	1	
2	602	1	
2	3770	1	
2	7675	1	
2	17424	5	
2	15971	3	
2	13412	1	
2	101	2	
2	15976	1	
2	10857	1	
2	15979	1	
2	16831	1	
2	11887	2	
2	14448	1	
2	20343	2	
2	17013	3	
2	10358	1	
2	5993	1	
2	17016	2	
2	4884	1	
2	18042	1	
2	18111	1	
2	14973	1	
2	5246	1	
2	10372	1	
2	6789	1	
2	20103	2	
2	7306	1	
2	16919	1	
2	4240	1	
2	15128	2	
2	17042	1	
2	13763	1	
2	10900	2	
2	5272	1	
2	4249	1	
2	22127	1	
2	20125	2	
2	9887	3	
2	12625	4	
2	11428	1	
2	4263	2	
2	13992	1	
2	5801	1	
2	6826	1	
2	20167	1	
2	11436	3	
2	9901	1	
2	22557	1	
2	17072	1	
2	16049	3	
2	4787	1	
2	20148	1	
2	19126	1	
2	698	3	
2	19133	20	
2	7870	2	
2	703	3	
2	18113	2	
2	6859	1	
2	2244	1	
2	13174	1	
2	6343	1	
2	9417	1	
2	17015	1	
2	16588	1	
2	3277	1	
2	16592	1	
2	11992	1	
2	8143	1	
2	4491	1	
2	4317	1	
2	1758	1	
2	12481	1	
2	7904	1	
2	1761	1	
2	4836	1	
2	7397	1	
2	15590	1	
2	6375	1	
2	5352	3	
2	6377	1	
2	6383	1	
2	18162	1	
2	1269	1	
2	22262	1	
2	20220	1	
2	1277	1	
2	6828	1	
2	14807	2	
2	897	1	
2	14088	1	
2	15625	1	
2	16651	2	
2	4364	5	
2	20237	2	
2	6414	2	
2	3343	1	
2	21264	2	
2	20241	1	
2	17170	1	
2	19732	1	
2	19736	1	
2	19737	1	
2	21276	1	
2	4894	1	
2	801	2	
2	292	1	
2	7477	1	
2	20262	1	
2	4392	1	
2	1834	1	
2	13611	1	
2	4396	1	
2	18222	1	
2	21295	7	
2	17200	1	
2	5425	1	
2	15582	1	
2	17206	1	
2	21305	3	
2	20794	1	
2	8507	1	
2	5951	1	
2	3392	1	
2	16608	1	
2	16011	2	
2	22340	2	
2	8502	1	
2	17223	1	
2	7564	1	
2	7498	1	
2	17740	1	
2	15338	1	
2	22354	1	
2	5459	1	
2	14677	2	
2	18776	1	
2	1369	1	
2	4012	1	
2	19804	2	
2	7482	1	
2	10981	1	
2	7568	1	
2	4450	1	
2	11835	1	
2	9572	1	
2	708	1	
2	1895	1	
2	6774	1	
2	20329	1	
2	9069	6	
2	13681	1	
2	16758	1	
2	15593	1	
2	22551	1	
2	19397	1	
2	1405	1	
2	17790	1	
2	21068	1	
2	10975	1	
2	18818	1	
2	16774	2	
2	3975	1	
2	17291	1	
2	10636	1	
2	17293	1	
2	11662	1	
2	1019	1	
2	4496	2	
2	1425	2	
2	20882	1	
2	11156	1	
2	9621	1	
2	14742	1	
2	7064	1	
2	21914	1	
2	7584	2	
2	14753	1	
2	15266	1	
2	9637	1	
2	15273	1	
2	9644	2	
2	21933	1	
2	15278	1	
2	15791	1	
2	1459	1	
2	7605	1	
2	14263	1	
2	12733	3	
2	12218	2	
2	4831	1	
2	19900	1	
2	1469	1	
2	12734	2	
2	7103	1	
2	20384	3	
2	11851	3	
2	4037	1	
2	16838	1	
2	13388	1	
2	13772	2	
2	16333	2	
2	16335	1	
2	7635	1	
2	4497	2	
2	4601	1	
2	20952	1	
2	9892	1	
2	21981	1	
2	6622	1	
2	1445	1	
2	8421	1	
2	10833	2	
2	7313	1	
2	1380	1	
2	18922	1	
2	12779	2	
2	494	1	
2	7664	2	
2	6824	1	
2	11762	1	
2	15207	1	
2	16373	2	
2	5623	2	
2	5625	1	
2	11771	2	
3	12288	1	
3	15616	1	
3	1538	1	
3	8107	1	
3	22340	1	
3	22358	1	
3	14343	1	
3	19464	1	
3	22188	1	
3	16333	1	
3	11787	1	
3	16998	1	
3	22030	1	
3	16911	1	
3	22032	2	
3	16947	1	
3	5118	1	
3	17612	1	
3	18965	1	
3	5144	1	
3	17436	1	
3	17435	1	
3	17169	1	
3	15903	2	
3	20255	1	
3	5552	1	
3	7717	1	
3	4647	1	
3	20012	1	
3	11821	2	
3	16430	1	
3	7005	1	
3	6192	1	
3	21043	1	
3	20375	1	
3	11318	1	
3	20535	1	
3	11832	1	
3	11834	1	
3	13834	1	
3	3134	1	
3	7520	1	
3	15426	2	
3	20547	1	
3	12357	1	
3	15432	1	
3	18505	1	
3	11850	1	
3	1099	1	
3	13388	3	
3	13389	2	
3	6223	1	
3	592	3	
3	15441	1	
3	21586	5	
3	11348	1	
3	18005	1	
3	15448	1	
3	12151	1	
3	18191	1	
3	12218	2	
3	19551	1	
3	18528	1	
3	7999	1	
3	17851	1	
3	17513	1	
3	21606	1	
3	22119	1	
3	10857	2	
3	19050	1	
3	3175	1	
3	3180	1	
3	21613	3	
3	22133	1	
3	6768	1	
3	13937	1	
3	626	1	
3	22082	1	
3	1141	1	
3	12905	1	
3	16504	1	
3	11897	1	
3	11898	3	
3	19900	2	
3	22122	1	
3	21536	1	
3	13951	1	
3	15808	1	
3	21635	1	
3	13445	2	
3	7303	1	
3	1900	1	
3	13451	1	
3	13452	1	
3	20109	1	
3	2705	1	
3	17042	1	
3	3392	1	
3	13979	1	
3	5791	1	
3	9072	1	
3	19106	1	
3	11428	1	
3	4263	2	
3	10920	1	
3	5801	1	
3	11946	1	
3	4780	1	
3	1138	1	
3	15534	2	
3	3760	2	
3	15539	1	
3	20148	1	
3	20277	1	
3	1206	1	
3	6741	1	
3	8376	1	
3	698	2	
3	21948	1	
3	8892	3	
3	19133	8	
3	16501	1	
3	3264	1	
3	11969	2	
3	17090	1	
3	16579	1	
3	8908	1	
3	5751	1	
3	13516	1	
3	20686	1	
3	4303	1	
3	9424	1	
3	14545	1	
3	11890	1	
3	4310	1	
3	3203	1	
3	11482	1	
3	11471	2	
3	10972	1	
3	22138	1	
3	7903	1	
3	18144	1	
3	12799	1	
3	17312	3	
3	6372	1	
3	7397	2	
3	5862	1	
3	21438	1	
3	3058	1	
3	7914	1	
3	8427	1	
3	22252	1	
3	7765	1	
3	9146	1	
3	9458	1	
3	13779	1	
3	22262	1	
3	11511	1	
3	673	1	
3	17658	1	
3	11135	1	
3	11007	1	
3	14592	1	
3	588	1	
3	17154	1	
3	1835	1	
3	4868	3	
3	4870	3	
3	9483	1	
3	4364	3	
3	5389	1	
3	15119	1	
3	14008	1	
3	17681	2	
3	2834	1	
3	10515	1	
3	15216	1	
3	7664	1	
3	21295	3	
3	14469	1	
3	13088	2	
3	18209	1	
3	507	1	
3	6947	1	
3	2342	1	
3	10535	1	
3	5928	1	
3	16682	1	
3	6791	1	
3	10818	1	
3	20781	1	
3	20782	1	
3	7471	2	
3	17200	1	
3	11858	1	
3	7219	1	
3	1844	1	
3	3315	1	
3	17206	1	
3	17719	1	
3	13242	1	
3	21305	1	
3	20794	2	
3	10555	1	
3	21311	1	
3	6464	1	
3	3393	1	
3	22339	1	
3	12354	2	
3	12342	1	
3	3398	1	
3	15671	1	
3	11895	1	
3	3981	1	
3	11600	1	
3	14677	6	
3	4438	3	
3	10072	1	
3	21849	1	
3	18267	1	
3	15709	1	
3	22368	2	
3	22416	1	
3	7010	1	
3	4451	1	
3	4454	1	
3	13969	1	
3	17163	1	
3	8043	1	
3	17260	1	
3	9069	8	
3	2450	1	
3	6511	1	
3	4464	1	
3	6514	1	
3	20851	1	
3	1909	1	
3	7542	1	
3	20343	1	
3	10644	1	
3	8571	1	
3	21372	1	
3	17277	1	
3	12670	1	
3	8063	1	
3	9600	2	
3	12673	1	
3	18818	1	
3	2947	1	
3	14724	1	
3	15751	2	
3	17290	1	
3	3991	2	
3	10636	1	
3	7565	1	
3	4494	1	
3	7055	1	
3	4496	6	
3	4497	3	
3	22418	1	
3	19347	2	
3	7060	1	
3	917	1	
3	8086	1	
3	11161	1	
3	408	1	
3	18841	1	
3	20029	1	
3	6559	1	
3	11680	1	
3	6561	1	
3	15266	2	
3	18222	1	
3	3492	1	
3	1445	1	
3	19367	1	
3	15273	4	
3	22442	2	
3	10155	1	
3	1266	1	
3	4498	1	
3	8623	1	
3	7088	1	
3	12360	1	
3	1459	1	
3	7604	1	
3	4537	1	
3	10682	1	
3	18990	1	
3	8636	2	
3	12734	2	
3	2451	1	
3	22464	8	
3	20384	1	
3	11714	1	
3	20299	1	
3	19396	1	
3	1990	1	
3	13255	2	
3	5576	1	
3	9292	1	
3	12746	1	
3	15820	1	
3	20429	1	
3	16848	1	
3	8145	1	
3	9171	2	
3	16588	1	
3	7638	1	
3	8669	1	
3	11230	1	
3	7138	1	
3	11771	2	
3	22500	1	
3	7600	1	
3	7313	1	
3	7684	1	
3	15442	1	
3	13994	1	
3	1008	1	
3	10408	2	
3	10226	1	
3	17395	1	
3	18420	1	
3	16373	1	
3	5623	1	
3	835	1	
3	6651	1	
3	6652	1	
3	12202	2	
3	1022	1	
3	21845	2	
4	12288	2	
4	8705	1	
4	7683	1	
4	7684	4	
4	7687	1	
4	1367	1	
4	20494	1	
4	16301	1	
4	22032	4	
4	14509	1	
4	3304	1	
4	22551	9	
4	3332	1	
4	1562	1	
4	22557	1	
4	8781	1	
4	15903	1	
4	1568	1	
4	8539	1	
4	13863	3	
4	1576	1	
4	11817	1	
4	1578	1	
4	22571	1	
4	15404	1	
4	11821	2	
4	8238	5	
4	1074	1	
4	10265	1	
4	19513	1	
4	15432	1	
4	8779	1	
4	13388	1	
4	13389	3	
4	15438	1	
4	11858	1	
4	18005	1	
4	16982	1	
4	8817	1	
4	9818	1	
4	1631	1	
4	19619	1	
4	18022	1	
4	16998	3	
4	104	3	
4	7785	1	
4	13418	1	
4	11887	1	
4	13937	1	
4	106	1	
4	105	3	
4	633	1	
4	125	1	
4	5246	1	
4	3711	1	
4	19588	2	
4	13445	1	
4	18055	1	
4	13963	1	
4	1167	1	
4	1168	1	
4	281	3	
4	2712	1	
4	18162	1	
4	19098	1	
4	6938	1	
4	16030	1	
4	16544	4	
4	16035	1	
4	16548	1	
4	4263	1	
4	10408	2	
4	22188	2	
4	9901	1	
4	21692	1	
4	19124	1	
4	5301	4	
4	15817	1	
4	11449	5	
4	8378	1	
4	19132	1	
4	22133	1	
4	7799	1	
4	16588	1	
4	20686	2	
4	15794	1	
4	8401	1	
4	6691	1	
4	20692	1	
4	14037	1	
4	7397	1	
4	9432	1	
4	13532	1	
4	4831	2	
4	7906	1	
4	10468	1	
4	12005	1	
4	743	1	
4	4209	1	
4	7401	1	
4	6269	1	
4	7408	1	
4	7409	4	
4	1266	2	
4	14583	2	
4	3796	1	
4	18686	1	
4	14592	1	
4	3176	1	
4	12331	1	
4	4868	1	
4	18185	1	
4	17162	1	
4	4364	1	
4	1922	1	
4	17681	1	
4	4884	1	
4	20014	1	
4	17176	1	
4	1305	1	
4	282	2	
4	21276	1	
4	4899	1	
4	20774	1	
4	12585	1	
4	19754	1	
4	21295	1	
4	16176	1	
4	16177	2	
4	19764	3	
4	8502	1	
4	16695	1	
4	12097	1	
4	15170	1	
4	7410	1	
4	19787	1	
4	8012	1	
4	20303	1	
4	12625	2	
4	5970	1	
4	5973	1	
4	9047	1	
4	2788	1	
4	17242	1	
4	18267	1	
4	3421	1	
4	16223	1	
4	22368	1	
4	17762	1	
4	19301	1	
4	13161	1	
4	15723	1	
4	9069	3	
4	13681	1	
4	6516	1	
4	7546	1	
4	16252	1	
4	17277	1	
4	17790	1	
4	897	1	
4	1410	1	
4	7556	1	
4	14725	2	
4	8583	1	
4	3977	1	
4	14733	1	
4	11664	1	
4	19347	1	
4	10644	1	
4	18325	1	
4	18197	1	
4	7321	1	
4	15401	1	
4	1946	1	
4	1947	1	
4	12700	1	
4	7069	6	
4	17312	1	
4	15268	1	
4	12716	1	
4	6061	2	
4	7090	1	
4	8626	1	
4	1466	1	
4	6075	1	
4	11708	2	
4	16831	1	
4	22464	1	
4	21953	3	
4	11714	3	
4	16835	1	
4	4548	1	
4	13255	1	
4	17484	1	
4	5623	1	
4	16706	1	
4	9167	1	
4	16547	1	
4	12878	3	
4	18767	1	
4	10204	1	
4	10206	1	
4	21471	1	
4	8187	2	
4	18769	2	
4	16363	5	
4	17372	1	
4	21586	1	
4	16367	2	
4	15856	1	
4	15528	1	
4	3058	1	
4	14324	1	
4	16373	1	
4	18423	1	
4	6651	1	
4	6076	2	
5	12288	1	
5	11008	1	
5	7684	4	
5	6149	1	
5	11273	2	
5	7690	1	
5	22540	1	
5	22030	1	
5	14509	1	
5	17424	1	
5	11795	2	
5	19477	1	
5	1046	1	
5	22551	7	
5	10264	1	
5	14875	1	
5	1564	1	
5	14682	2	
5	15903	5	
5	10928	1	
5	12325	6	
5	6694	1	
5	6695	1	
5	4136	1	
5	17961	1	
5	22571	1	
5	22557	1	
5	3629	1	
5	8238	2	
5	3421	1	
5	16432	1	
5	7217	1	
5	16434	1	
5	1076	1	
5	1589	1	
5	16951	1	
5	21733	1	
5	13884	2	
5	8765	1	
5	16778	1	
5	9792	2	
5	2747	1	
5	12870	6	
5	10313	1	
5	21067	1	
5	17484	1	
5	13389	1	
5	15438	1	
5	592	2	
5	15953	1	
5	11858	1	
5	4691	1	
5	18005	3	
5	599	1	
5	13912	1	
5	20649	3	
5	3674	3	
5	603	1	
5	19036	2	
5	14941	1	
5	11870	3	
5	3169	1	
5	19619	1	
5	4795	3	
5	9316	2	
5	20155	2	
5	16998	4	
5	103	1	
5	15976	1	
5	105	2	
5	13418	3	
5	8039	1	
5	8300	2	
5	5742	1	
5	1469	1	
5	15948	1	
5	6257	1	
5	5746	1	
5	13428	3	
5	1141	1	
5	20329	1	
5	17016	1	
5	14969	1	
5	19900	1	
5	4556	1	
5	13950	2	
5	11902	1	
5	2841	1	
5	5760	1	
5	15808	1	
5	3203	1	
5	6788	1	
5	12791	1	
5	1266	5	
5	1163	1	
5	16834	1	
5	1167	2	
5	15384	1	
5	1170	1	
5	15508	1	
5	21141	1	
5	21305	2	
5	19607	2	
5	6809	1	
5	19098	1	
5	18075	1	
5	15119	2	
5	12446	1	
5	9887	1	
5	20642	1	
5	17435	1	
5	585	2	
5	4263	6	
5	21160	1	
5	17577	3	
5	15530	1	
5	17067	1	
5	22188	1	
5	9901	1	
5	20142	1	
5	10269	1	
5	11440	1	
5	7780	1	
5	11444	1	
5	19126	1	
5	11449	3	
5	6687	2	
5	8892	1	
5	19133	2	
5	14583	1	
5	14016	1	
5	4289	1	
5	19140	2	
5	21189	1	
5	18209	1	
5	20168	1	
5	13516	2	
5	12151	1	
5	6860	1	
5	719	1	
5	10360	2	
5	4818	1	
5	9777	1	
5	2429	1	
5	6265	1	
5	12505	1	
5	5340	1	
5	7952	1	
5	10975	2	
5	6368	1	
5	14049	1	
5	17312	2	
5	15556	1	
5	8421	1	
5	19174	1	
5	2279	1	
5	7400	1	
5	10985	1	
5	12010	1	
5	6951	1	
5	22252	1	
5	19181	1	
5	19694	1	
5	17943	1	
5	7409	1	
5	7410	1	
5	18022	1	
5	5364	1	
5	1918	1	
5	13937	1	
5	16120	1	
5	6947	1	
5	12927	1	
5	281	2	
5	3759	3	
5	22271	1	
5	588	2	
5	8449	1	
5	2310	1	
5	4867	1	
5	4868	2	
5	4870	1	
5	18185	7	
5	17162	1	
5	4364	4	
5	18191	1	
5	21264	1	
5	2179	1	
5	18197	1	
5	21782	6	
5	2839	1	
5	19588	1	
5	6938	1	
5	1308	1	
5	8989	1	
5	13089	1	
5	4033	1	
5	18211	1	
5	16547	2	
5	17229	1	
5	18215	1	
5	2344	1	
5	17706	1	
5	9351	1	
5	19599	1	
5	7392	1	
5	16175	1	
5	16177	1	
5	11570	1	
5	1844	3	
5	5942	1	
5	13961	1	
5	21817	1	
5	12602	1	
5	15583	1	
5	15218	2	
5	16193	1	
5	15170	1	
5	15499	1	
5	11182	1	
5	5448	2	
5	13129	1	
5	17227	1	
5	14668	1	
5	8013	1	
5	12429	1	
5	15184	2	
5	12625	2	
5	17123	1	
5	6234	1	
5	4438	1	
5	21847	1	
5	12121	1	
5	2394	1	
5	18267	2	
5	15709	1	
5	15185	1	
5	7397	1	
5	22368	1	
5	11684	2	
5	10470	1	
5	4454	1	
5	20625	1	
5	873	3	
5	7019	1	
5	15762	1	
5	10096	1	
5	3954	1	
5	15220	2	
5	15222	2	
5	12663	1	
5	5496	1	
5	7546	1	
5	15227	1	
5	1405	1	
5	17790	1	
5	21375	1	
5	21068	1	
5	12673	1	
5	5867	2	
5	14743	1	
5	14725	1	
5	4486	1	
5	15751	1	
5	904	1	
5	2442	1	
5	395	1	
5	909	1	
5	11662	1	
5	8079	1	
5	11672	3	
5	20165	1	
5	3991	1	
5	3992	1	
5	13723	1	
5	13772	1	
5	7069	2	
5	4668	1	
5	20384	2	
5	17313	2	
5	9169	1	
5	11931	1	
5	16804	1	
5	18853	1	
5	16806	1	
5	3313	2	
5	18857	1	
5	22442	1	
5	4011	1	
5	11181	1	
5	16302	1	
5	7090	1	
5	20638	1	
5	12329	3	
5	10679	1	
5	1465	2	
5	14495	1	
5	8636	1	
5	13245	1	
5	3519	1	
5	22464	1	
5	4000	1	
5	11714	4	
5	11851	1	
5	7623	1	
5	15817	1	
5	12746	1	
5	18423	1	
5	9244	1	
5	14286	1	
5	9167	2	
5	465	1	
5	11219	2	
5	18477	1	
5	7637	1	
5	9687	1	
5	11737	1	
5	4058	1	
5	10205	3	
5	10206	1	
5	18911	1	
5	19939	1	
5	21617	1	
5	15849	1	
5	10218	1	
5	10407	1	
5	21586	3	
5	16366	1	
5	15856	1	
5	10408	1	
5	9247	1	
5	7155	1	
5	8180	1	
5	1525	1	
5	5623	4	
5	15864	1	
5	5029	1	
5	11771	1	
5	10410	1	
5	15359	1	
6	12288	2	
6	15874	1	
6	17067	2	
6	19460	1	
6	7687	1	
6	15376	1	
6	4116	2	
6	22551	2	
6	10264	1	
6	10265	1	
6	15791	1	
6	15903	1	
6	19493	1	
6	4647	1	
6	21037	1	
6	8238	2	
6	13360	1	
6	12852	1	
6	12341	1	
6	8765	1	
6	3647	1	
6	7236	2	
6	19553	1	
6	8781	1	
6	4686	2	
6	17490	1	
6	2745	1	
6	10330	1	
6	605	1	
6	11870	1	
6	17424	1	
6	18022	1	
6	105	1	
6	4205	1	
6	626	1	
6	21107	1	
6	7870	1	
6	5750	1	
6	10360	1	
6	15485	1	
6	17535	1	
6	13957	1	
6	13961	1	
6	13963	1	
6	11714	1	
6	1167	1	
6	13848	1	
6	16020	1	
6	14488	1	
6	11931	1	
6	14492	1	
6	10915	1	
6	4773	1	
6	4774	1	
6	4267	1	
6	2220	1	
6	11449	1	
6	14522	1	
6	3260	1	
6	21182	1	
6	4799	1	
6	13514	1	
6	2763	1	
6	4306	1	
6	12505	1	
6	13532	1	
6	7903	1	
6	7904	1	
6	21224	1	
6	22252	1	
6	7917	1	
6	7409	1	
6	759	1	
6	16120	1	
6	16121	1	
6	12026	1	
6	17661	1	
6	11007	1	
6	14082	1	
6	18185	1	
6	4364	3	
6	6925	1	
6	5390	1	
6	15119	1	
6	1305	1	
6	18208	1	
6	8484	1	
6	18222	1	
6	21295	1	
6	20278	1	
6	17216	1	
6	15682	1	
6	16203	1	
6	14668	1	
6	15184	1	
6	12625	1	
6	22354	1	
6	22358	1	
6	9047	1	
6	21849	1	
6	22368	1	
6	21861	1	
6	2918	1	
6	8043	1	
6	9069	2	
6	21613	1	
6	20343	1	
6	5498	1	
6	21482	1	
6	1918	1	
6	1408	1	
6	14725	1	
6	15751	1	
6	7564	1	
6	4497	1	
6	22418	1	
6	917	1	
6	11672	1	
6	7579	1	
6	4509	1	
6	20384	2	
6	9121	1	
6	13723	1	
6	11684	4	
6	9125	2	
6	11176	1	
6	12716	1	
6	16302	1	
6	15279	1	
6	6065	1	
6	19378	1	
6	12725	1	
6	19382	1	
6	7095	1	
6	16831	2	
6	22464	1	
6	20418	2	
6	7704	1	
6	7628	1	
6	9167	1	
6	9169	1	
6	13778	1	
6	9637	1	
6	14672	2	
6	14306	1	
6	15735	1	
6	15185	1	
6	10218	2	
6	21586	1	
6	14324	1	
7	9729	1	
7	19460	1	
7	22030	1	
7	22032	1	
7	12820	1	
7	22551	1	
7	10264	1	
7	17435	2	
7	6686	1	
7	6695	1	
7	16936	1	
7	3629	1	
7	16430	1	
7	9777	1	
7	7219	1	
7	12344	1	
7	9273	1	
7	3935	1	
7	16446	1	
7	17984	2	
7	12354	1	
7	7241	1	
7	11850	2	
7	13389	3	
7	11858	1	
7	13398	2	
7	16998	1	
7	18028	1	
7	622	1	
7	4723	1	
7	1163	1	
7	17013	1	
7	17016	1	
7	6777	1	
7	17018	1	
7	6787	1	
7	18055	1	
7	1672	1	
7	13963	1	
7	12429	1	
7	1048	1	
7	14493	1	
7	9887	1	
7	4263	1	
7	10408	1	
7	10410	1	
7	14509	1	
7	6833	1	
7	19133	1	
7	703	1	
7	15558	1	
7	20167	1	
7	20168	2	
7	4302	1	
7	8913	1	
7	10975	1	
7	4836	1	
7	7397	1	
7	6375	4	
7	17129	1	
7	12013	1	
7	22262	1	
7	7039	1	
7	14592	1	
7	8449	2	
7	4359	1	
7	20234	1	
7	4364	4	
7	13069	1	
7	17681	1	
7	21268	1	
7	14618	2	
7	1834	1	
7	6791	2	
7	1459	1	
7	18222	1	
7	16175	1	
7	15666	1	
7	10555	1	
7	8511	1	
7	6464	2	
7	15170	1	
7	20803	1	
7	12110	1	
7	3919	2	
7	3408	1	
7	11604	1	
7	4438	1	
7	18148	1	
7	15709	1	
7	14687	1	
7	22368	1	
7	7013	1	
7	7527	1	
7	9069	1	
7	20343	1	
7	1917	1	
7	5502	3	
7	4002	1	
7	14545	1	
7	1924	1	
7	16775	1	
7	10636	1	
7	910	1	
7	8079	1	
7	4496	1	
7	7570	1	
7	917	1	
7	13723	1	
7	20384	2	
7	9122	1	
7	16301	1	
7	7603	1	
7	17334	1	
7	9145	1	
7	12220	1	
7	15808	1	
7	7110	1	
7	17911	1	
7	15266	1	
7	7637	1	
7	9691	1	
7	18911	1	
7	3553	1	
7	13287	1	
7	3562	1	
7	16366	1	
7	11760	1	
7	501	1	
7	5623	1	
7	11771	1	
8	13952	1	
8	8449	1	
8	4868	1	
8	1798	1	
8	7303	1	
8	4360	1	
8	4364	2	
8	4110	1	
8	16301	1	
8	9618	1	
8	16915	1	
8	15434	1	
8	4689	1	
8	7769	1	
8	19460	1	
8	9139	1	
8	7451	1	
8	3290	1	
8	13854	1	
8	16367	1	
8	4384	1	
8	14448	1	
8	1693	1	
8	6947	1	
8	7332	1	
8	4263	1	
8	1834	1	
8	1837	1	
8	15279	1	
8	15666	1	
8	7219	1	
8	13876	1	
8	12341	1	
8	8375	1	
8	3641	1	
8	19133	1	
8	4030	1	
8	6965	1	
8	1440	1	
8	15682	1	
8	7236	1	
8	7370	1	
8	17229	1	
8	11215	1	
8	9169	1	
8	21586	1	
8	14419	1	
8	3796	1	
8	13525	1	
8	14807	1	
8	17610	1	
8	548	1	
8	11482	2	
8	15836	1	
8	10589	1	
8	20064	2	
8	19553	2	
8	14306	1	
8	11492	1	
8	17637	1	
8	17638	1	
8	7655	1	
8	15210	1	
8	20882	1	
8	4591	1	
8	9072	1	
8	12018	1	
8	10963	1	
8	1140	1	
8	7160	1	
8	15865	1	
8	9919	1	
8	17148	1	
9	12288	1	
9	19460	1	
9	3078	1	
9	13832	1	
9	4115	1	
9	12825	6	
9	4122	1	
9	7600	1	
9	18140	1	
9	22055	1	
9	11817	1	
9	1578	1	
9	8236	1	
9	1076	1	
9	1590	1	
9	12343	1	
9	8764	1	
9	15939	1	
9	16968	1	
9	2635	1	
9	17996	1	
9	12878	1	
9	6464	1	
9	21586	2	
9	10973	1	
9	15448	1	
9	18528	1	
9	8892	1	
9	106	1	
9	21102	1	
9	14448	1	
9	13937	1	
9	6771	1	
9	1141	1	
9	5246	1	
9	8640	1	
9	12930	2	
9	18052	1	
9	13445	1	
9	646	1	
9	22209	1	
9	15496	1	
9	14985	1	
9	18882	1	
9	17041	3	
9	17042	1	
9	15982	1	
9	16543	1	
9	13994	1	
9	14509	1	
9	16049	1	
9	19124	1	
9	13493	1	
9	5814	1	
9	3258	1	
9	10972	1	
9	19133	7	
9	11967	1	
9	12481	1	
9	15042	1	
9	9924	1	
9	16578	1	
9	5840	1	
9	10963	1	
9	13526	1	
9	22232	1	
9	13532	1	
9	1757	2	
9	15582	1	
9	1763	1	
9	1764	1	
9	7400	1	
9	8425	1	
9	753	1	
9	15609	1	
9	8449	1	
9	4868	2	
9	20234	1	
9	4364	1	
9	7437	2	
9	4884	1	
9	16661	1	
9	15128	1	
9	7451	1	
9	8989	1	
9	10530	1	
9	6947	1	
9	20260	1	
9	1841	1	
9	1833	1	
9	15751	2	
9	15581	1	
9	17200	1	
9	5000	1	
9	6965	2	
9	8502	1	
9	21305	7	
9	13627	1	
9	1852	1	
9	20285	1	
9	320	1	
9	15681	1	
9	12610	1	
9	20303	1	
9	21841	1	
9	22355	2	
9	4438	1	
9	21817	1	
9	15705	1	
9	22368	1	
9	15206	1	
9	13159	1	
9	8556	1	
9	9069	4	
9	10097	1	
9	20343	2	
9	4986	1	
9	5400	1	
9	9600	1	
9	7041	1	
9	18819	1	
9	14725	1	
9	1415	1	
9	13704	3	
9	906	1	
9	10636	1	
9	10644	1	
9	14743	1	
9	8607	1	
9	7584	1	
9	12710	1	
9	16807	1	
9	12716	1	
9	12852	1	
9	16304	1	
9	4538	1	
9	1467	1	
9	22463	1	
9	22464	4	
9	11714	3	
9	13252	1	
9	1482	1	
9	4555	1	
9	9167	1	
9	2001	1	
9	8660	2	
9	12760	1	
9	15835	1	
9	10206	1	
9	8683	1	
9	7660	1	
9	16367	1	
9	7664	1	
9	7671	1	
9	11771	1	
9	6652	1	
9	11946	1	
9	13822	1	
10	12288	1	
10	4011	1	
10	19460	4	
10	12805	1	
10	19464	1	
10	1547	2	
10	14509	1	
10	22032	1	
10	16915	1	
10	12825	4	
10	7203	1	
10	3627	1	
10	22061	1	
10	14387	1	
10	12852	1	
10	17973	1	
10	22071	1	
10	4665	1	
10	4668	1	
10	3647	1	
10	13889	1	
10	12354	1	
10	3652	3	
10	16455	1	
10	19019	1	
10	20558	1	
10	7437	2	
10	21586	1	
10	15971	1	
10	7769	1	
10	14427	1	
10	3171	1	
10	9831	2	
10	5391	1	
10	13331	1	
10	13440	1	
10	17203	1	
10	3636	1	
10	3217	1	
10	663	1	
10	12446	1	
10	673	1	
10	6310	1	
10	4263	1	
10	22188	1	
10	9901	1	
10	5813	1	
10	19133	5	
10	718	1	
10	10449	2	
10	5332	1	
10	5838	1	
10	5337	1	
10	5841	1	
10	8425	3	
10	4330	1	
10	22252	1	
10	8660	1	
10	17148	1	
10	8445	1	
10	18174	1	
10	4867	3	
10	2310	1	
10	4364	1	
10	269	1	
10	19598	1	
10	3629	2	
10	2322	1	
10	16661	2	
10	2328	1	
10	797	1	
10	18209	1	
10	5928	1	
10	904	1	
10	18995	1	
10	1844	1	
10	6965	3	
10	21305	5	
10	11070	1	
10	22354	1	
10	11604	1	
10	14677	1	
10	18267	2	
10	13159	1	
10	8451	1	
10	5993	1	
10	9069	2	
10	6511	1	
10	13682	1	
10	5438	1	
10	21419	1	
10	20343	1	
10	1917	1	
10	18818	1	
10	16773	1	
10	15751	1	
10	13704	2	
10	11662	1	
10	4589	1	
10	20882	2	
10	10644	2	
10	14744	1	
10	8607	6	
10	20384	2	
10	15777	1	
10	15266	1	
10	15275	1	
10	12716	1	
10	7600	1	
10	16831	1	
10	22464	1	
10	11714	1	
10	7109	1	
10	7111	2	
10	11723	1	
10	9684	1	
10	7637	1	
10	19939	1	
10	7659	1	
10	8685	1	
10	16367	3	
10	16373	1	
10	502	1	
10	7671	1	
10	22357	1	
11	12288	3	
11	19460	1	
11	3158	1	
11	16390	1	
11	8449	1	
11	19464	1	
11	16691	1	
11	1547	1	
11	3084	2	
11	4111	1	
11	22032	1	
11	3331	1	
11	13849	1	
11	13316	1	
11	6687	2	
11	19803	1	
11	3621	1	
11	20519	1	
11	1068	1	
11	3629	4	
11	8753	1	
11	5682	1	
11	7219	1	
11	12852	2	
11	21557	1	
11	7224	1	
11	3134	2	
11	13887	1	
11	16961	1	
11	15939	1	
11	7236	1	
11	582	1	
11	13388	1	
11	13389	1	
11	12878	2	
11	4689	1	
11	21586	3	
11	13398	1	
11	2648	1	
11	13401	1	
11	16831	1	
11	7771	1	
11	13405	1	
11	10851	1	
11	13412	1	
11	14437	1	
11	9832	1	
11	8892	1	
11	13418	1	
11	9324	1	
11	21102	1	
11	14448	2	
11	16848	1	
11	1141	1	
11	17014	1	
11	18042	1	
11	5755	1	
11	19580	1	
11	6269	1	
11	5246	1	
11	15487	1	
11	17360	1	
11	13445	2	
11	9473	1	
11	12935	2	
11	18569	1	
11	12426	1	
11	10896	1	
11	13969	1	
11	3220	1	
11	14489	1	
11	16539	1	
11	5276	1	
11	11461	1	
11	673	1	
11	16661	1	
11	4777	1	
11	11434	2	
11	13995	1	
11	9901	1	
11	11439	1	
11	16049	1	
11	12997	1	
11	9398	1	
11	11449	1	
11	18975	1	
11	3260	1	
11	19133	6	
11	9919	1	
11	22209	1	
11	2243	1	
11	13508	3	
11	2245	1	
11	12998	1	
11	20168	1	
11	12151	1	
11	13516	1	
11	7889	2	
11	19155	1	
11	20695	1	
11	11215	4	
11	18141	1	
11	15582	1	
11	7903	1	
11	7905	2	
11	740	1	
11	7397	1	
11	2279	1	
11	20713	1	
11	22055	1	
11	20717	2	
11	3197	1	
11	12670	1	
11	1076	1	
11	18686	1	
11	11008	1	
11	14081	2	
11	14082	1	
11	4867	1	
11	4868	3	
11	2310	1	
11	12673	1	
11	2314	1	
11	4364	1	
11	2873	1	
11	5391	1	
11	17170	1	
11	18197	1	
11	16662	1	
11	2839	2	
11	15128	2	
11	2841	7	
11	4894	1	
11	13957	1	
11	13088	1	
11	10530	1	
11	13091	1	
11	293	1	
11	5928	1	
11	1833	1	
11	1834	1	
11	15751	1	
11	1836	1	
11	18222	1	
11	5425	1	
11	17203	1	
11	1844	2	
11	1758	1	
11	3636	3	
11	12602	1	
11	1162	1	
11	3392	1	
11	15682	1	
11	3907	1	
11	6982	1	
11	21321	1	
11	22346	1	
11	17227	1	
11	21324	1	
11	21305	6	
11	3408	1	
11	4433	1	
11	7508	1	
11	14677	1	
11	9047	2	
11	4441	1	
11	13658	1	
11	18267	1	
11	18234	1	
11	4837	1	
11	22368	1	
11	22369	1	
11	19816	1	
11	5994	2	
11	7655	1	
11	9069	5	
11	9072	1	
11	5489	1	
11	21874	2	
11	15731	1	
11	15593	1	
11	5498	1	
11	893	1	
11	13876	1	
11	6464	1	
11	10219	1	
11	1412	1	
11	14725	1	
11	19943	1	
11	919	1	
11	4418	1	
11	4589	1	
11	4496	1	
11	20882	2	
11	917	1	
11	3991	1	
11	7579	2	
11	7584	1	
11	6055	1	
11	4011	1	
11	16301	1	
11	19886	1	
11	15279	1	
11	7600	1	
11	13875	1	
11	19378	1	
11	15795	1	
11	15674	1	
11	13444	1	
11	20468	1	
11	13755	1	
11	13244	1	
11	3519	1	
11	7104	1	
11	11714	2	
11	4598	1	
11	7110	4	
11	12620	1	
11	13772	1	
11	9167	4	
11	13776	1	
11	13778	1	
11	6102	1	
11	14807	3	
11	22491	1	
11	10205	1	
11	19938	1	
11	12625	1	
11	8683	1	
11	8685	1	
11	21487	1	
11	11760	1	
11	9201	1	
11	3716	1	
11	3060	1	
11	1013	1	
11	7670	6	
11	14327	1	
11	7160	1	
11	15865	2	
11	7109	1	
11	11771	6	
11	13822	1	
12	12288	1	
12	11264	1	
12	19460	1	
12	19464	2	
12	1547	1	
12	4111	1	
12	17424	3	
12	4115	1	
12	15893	2	
12	19478	1	
12	535	1	
12	9755	1	
12	22557	1	
12	15903	1	
12	6694	1	
12	11303	1	
12	555	1	
12	4654	1	
12	10799	1	
12	14088	1	
12	12342	1	
12	18185	2	
12	12345	1	
12	6715	1	
12	3647	1	
12	3650	2	
12	1092	1	
12	15432	1	
12	4169	1	
12	21067	1	
12	13388	1	
12	13389	1	
12	12878	2	
12	15439	1	
12	4689	1	
12	21586	3	
12	13400	2	
12	13405	1	
12	13408	1	
12	22032	1	
12	19556	1	
12	8636	1	
12	18028	1	
12	21613	1	
12	4719	1	
12	13937	1	
12	15987	1	
12	17013	1	
12	10857	1	
12	17016	1	
12	11898	1	
12	15487	1	
12	18051	1	
12	18055	2	
12	16919	1	
12	20622	1	
12	7313	1	
12	4756	1	
12	11932	1	
12	12446	1	
12	14495	1	
12	18080	1	
12	13985	1	
12	17435	1	
12	20647	1	
12	10408	2	
12	17066	1	
12	15532	2	
12	14509	2	
12	16049	1	
12	19124	2	
12	1719	1	
12	6687	1	
12	19133	7	
12	14015	1	
12	6945	1	
12	13514	1	
12	20343	1	
12	13516	1	
12	4728	1	
12	7892	1	
12	11992	1	
12	2394	1	
12	4986	1	
12	8414	1	
12	10975	3	
12	17125	1	
12	9458	1	
12	14592	2	
12	8449	3	
12	4867	1	
12	7432	2	
12	7433	2	
12	17163	1	
12	4364	1	
12	2839	1	
12	15128	2	
12	21295	1	
12	797	1	
12	18207	1	
12	800	1	
12	7457	1	
12	8753	1	
12	5928	1	
12	6441	1	
12	16682	1	
12	16775	1	
12	2351	1	
12	7476	1	
12	21305	4	
12	14047	1	
12	12604	1	
12	6464	1	
12	7489	1	
12	4419	1	
12	8013	1	
12	12625	2	
12	20818	1	
12	21333	1	
12	854	1	
12	19802	1	
12	16731	1	
12	15710	1	
12	22369	1	
12	6791	1	
12	5988	1	
12	3943	1	
12	5995	1	
12	9069	5	
12	5489	1	
12	1906	1	
12	12151	2	
12	10644	1	
12	14714	3	
12	7081	1	
12	18965	1	
12	14722	1	
12	10219	1	
12	15751	2	
12	10122	1	
12	17291	1	
12	4496	2	
12	408	1	
12	19347	1	
12	21908	1	
12	7062	1	
12	2673	1	
12	3992	1	
12	15774	1	
12	8607	1	
12	20384	2	
12	19878	1	
12	15273	1	
12	9644	1	
12	7597	1	
12	15278	1	
12	8623	1	
12	14769	1	
12	21948	1	
12	15293	1	
12	7584	1	
12	17348	1	
12	7110	1	
12	9167	2	
12	464	1	
12	9174	1	
12	14807	1	
12	13785	1	
12	3553	1	
12	7654	2	
12	15441	1	
12	6311	1	
12	497	1	
12	16374	1	
12	5623	1	
12	8184	1	
12	5625	1	
12	1019	1	
12	6652	1	
12	14677	1	
