1	11392	1	
1	6145	1	
1	20459	1	
1	4868	1	
1	1669	1	
1	1670	1	
1	3073	1	
1	20360	1	
1	12716	1	
1	17163	1	
1	4364	2	
1	22082	1	
1	4496	1	
1	15448	3	
1	3758	1	
1	15556	1	
1	3099	1	
1	1436	1	
1	18205	1	
1	11294	1	
1	9887	1	
1	20384	1	
1	11555	1	
1	22181	1	
1	19113	1	
1	14122	1	
1	11180	1	
1	1454	1	
1	21905	1	
1	22024	1	
1	9816	1	
1	13749	1	
1	21814	2	
1	12471	1	
1	3640	1	
1	8507	1	
1	15036	1	
1	12734	1	
1	11714	1	
1	13252	3	
1	21957	1	
1	12360	1	
1	13516	3	
1	2914	1	
1	10756	1	
1	9167	2	
1	11600	1	
1	2770	1	
1	2899	1	
1	19208	1	
1	9047	1	
1	18904	1	
1	18905	1	
1	16220	1	
1	10206	1	
1	4831	1	
1	464	1	
1	19938	1	
1	11747	2	
1	22245	1	
1	3943	1	
1	20203	3	
1	9068	1	
1	20463	1	
1	1399	3	
1	4601	1	
1	3141	1	
1	11771	1	
1	11178	2	
1	8062	1	
2	9047	2	
2	17424	1	
2	18962	1	
2	22557	1	
2	11806	1	
2	6687	1	
2	11808	1	
2	20024	1	
2	20025	1	
2	20026	2	
2	20028	2	
2	8765	1	
2	8770	2	
2	8260	1	
2	587	1	
2	20569	1	
2	8797	1	
2	3171	1	
2	18022	1	
2	6760	5	
2	3694	1	
2	16488	2	
2	1140	2	
2	631	1	
2	1147	1	
2	6790	2	
2	16017	1	
2	13459	1	
2	16238	1	
2	18596	1	
2	10407	1	
2	10408	1	
2	19113	1	
2	22188	1	
2	19119	1	
2	15541	2	
2	20662	1	
2	21699	1	
2	13516	1	
2	11992	1	
2	13532	1	
2	2278	1	
2	12523	1	
2	4845	1	
2	13937	1	
2	19721	1	
2	15629	1	
2	20753	1	
2	20754	1	
2	7471	1	
2	15664	1	
2	9527	1	
2	5433	1	
2	6459	1	
2	12093	1	
2	9543	1	
2	9033	1	
2	3408	1	
2	2899	3	
2	12089	1	
2	15709	1	
2	14690	1	
2	18282	1	
2	17262	1	
2	7536	1	
2	14483	1	
2	16244	3	
2	22389	1	
2	1399	3	
2	8569	1	
2	12671	1	
2	21739	2	
2	9606	1	
2	10119	1	
2	2443	1	
2	12354	1	
2	18841	1	
2	15281	1	
2	3524	1	
2	19397	1	
2	13255	1	
2	3528	2	
2	7278	1	
2	9687	1	
2	17881	2	
2	10206	2	
2	22496	1	
2	11600	1	
2	22500	1	
2	11753	1	
2	20471	2	
3	6529	1	
3	9090	1	
3	8043	2	
3	13316	3	
3	2309	1	
3	20360	1	
3	12716	1	
3	16650	1	
3	13452	1	
3	8770	2	
3	18960	1	
3	6801	1	
3	18963	1	
3	5013	1	
3	10006	1	
3	22551	1	
3	19096	2	
3	8260	1	
3	19341	1	
3	18042	1	
3	15903	1	
3	11808	2	
3	18596	2	
3	5927	1	
3	11817	1	
3	20010	1	
3	22571	1	
3	1068	1	
3	10798	1	
3	7471	1	
3	15664	1	
3	22024	1	
3	12594	3	
3	3251	1	
3	6760	1	
3	17463	1	
3	16244	3	
3	8250	1	
3	6459	2	
3	20028	3	
3	19133	1	
3	5182	1	
3	1140	1	
3	12354	1	
3	3524	2	
3	3528	2	
3	13129	1	
3	1099	1	
3	17229	2	
3	12110	2	
3	3021	1	
3	11600	2	
3	20177	4	
3	19956	1	
3	20180	1	
3	17621	1	
3	9686	1	
3	6359	1	
3	22232	1	
3	17881	4	
3	20303	1	
3	20188	1	
3	15994	1	
3	10206	1	
3	12674	1	
3	4568	1	
3	22119	1	
3	16616	1	
3	3946	1	
3	4647	1	
3	22252	1	
3	9069	1	
3	12143	1	
3	2289	1	
3	8306	1	
3	22082	1	
3	1399	5	
3	16220	2	
3	11898	2	
3	507	1	
3	2173	2	
4	1280	1	
4	5376	1	
4	9543	1	
4	20867	1	
4	13316	2	
4	15830	1	
4	19718	1	
4	6408	1	
4	18569	1	
4	2443	1	
4	7180	1	
4	18119	1	
4	7055	1	
4	15660	1	
4	13459	1	
4	17262	1	
4	10262	1	
4	18521	1	
4	21912	1	
4	8988	1	
4	8989	2	
4	12702	3	
4	15903	1	
4	15664	1	
4	19740	1	
4	12209	1	
4	5929	1	
4	22571	1	
4	12716	1	
4	16302	1	
4	7471	1	
4	18736	4	
4	14001	1	
4	14003	1	
4	19764	1	
4	15541	1	
4	10365	1	
4	3386	1	
4	15548	1	
4	8765	1	
4	3009	2	
4	12354	1	
4	8387	1	
4	3524	1	
4	15429	1	
4	15430	1	
4	3553	1	
4	3528	1	
4	18121	3	
4	11511	1	
4	13516	1	
4	20429	1	
4	6606	1	
4	1068	2	
4	17872	3	
4	13532	2	
4	2899	4	
4	7892	1	
4	2348	1	
4	17881	1	
4	14426	1	
4	19420	1	
4	2271	1	
4	7888	1	
4	3171	1	
4	2407	2	
4	3562	1	
4	3946	1	
4	3435	1	
4	17811	1	
4	18030	4	
4	22551	1	
4	22557	1	
4	1140	3	
4	20748	1	
4	1399	5	
4	2040	1	
4	4601	1	
4	15706	1	
4	6506	1	
4	5119	1	
5	8193	1	
5	16644	1	
5	9606	1	
5	8961	3	
5	22024	1	
5	10889	2	
5	2442	1	
5	9227	1	
5	4364	1	
5	16017	2	
5	11773	1	
5	5742	1	
5	4886	1	
5	13316	1	
5	22426	1	
5	13723	1	
5	19740	1	
5	22557	1	
5	5918	1	
5	10453	1	
5	4894	1	
5	17435	1	
5	4900	3	
5	6437	1	
5	6438	1	
5	12700	2	
5	20010	1	
5	22571	1	
5	8236	1	
5	22386	1	
5	9033	1	
5	13487	1	
5	22448	1	
5	12209	1	
5	6450	1	
5	4019	1	
5	3652	1	
5	15541	1	
5	12471	1	
5	17331	1	
5	3946	1	
5	6506	1	
5	3006	1	
5	637	1	
5	12354	2	
5	8260	1	
5	15994	1	
5	4038	1	
5	9543	7	
5	13452	1	
5	14540	2	
5	20429	1	
5	11858	1	
5	467	2	
5	14677	2	
5	15709	1	
5	15448	1	
5	7204	1	
5	5339	1	
5	13532	1	
5	11898	1	
5	19396	1	
5	22369	1	
5	3171	8	
5	8422	1	
5	4967	1	
5	8700	1	
5	3562	1	
5	20077	1	
5	14574	1	
5	15855	1	
5	4221	1	
5	18182	1	
5	2899	1	
5	3318	1	
5	1399	4	
5	14969	1	
5	18042	1	
5	1147	2	
5	15996	1	
5	10365	1	
5	4053	1	
6	13058	1	
6	3171	1	
6	11511	1	
6	18181	1	
6	8198	1	
6	8641	1	
6	6153	1	
6	7306	1	
6	19723	1	
6	4364	1	
6	14283	1	
6	2443	1	
6	4368	1	
6	22385	2	
6	22418	1	
6	4868	1	
6	3097	1	
6	13978	1	
6	12700	1	
6	15773	1	
6	12878	2	
6	12357	1	
6	8992	1	
6	14677	1	
6	8988	1	
6	19718	1	
6	22183	1	
6	17064	1	
6	10409	1	
6	6011	2	
6	2351	1	
6	1459	1	
6	1076	2	
6	12471	1	
6	21264	1	
6	21305	1	
6	18746	1	
6	8636	1	
6	19133	1	
6	15295	1	
6	20256	1	
6	8770	1	
6	8771	1	
6	19396	1	
6	17093	1	
6	7110	1	
6	9543	2	
6	13452	1	
6	12746	2	
6	1399	5	
6	13516	2	
6	13389	1	
6	20046	1	
6	19408	1	
6	2770	1	
6	2899	3	
6	10709	1	
6	9047	1	
6	12888	1	
6	2394	1	
6	8158	1	
6	7647	1	
6	8208	1	
6	1147	2	
6	10852	1	
6	12390	1	
6	9831	1	
6	12265	1	
6	2154	1	
6	9895	1	
6	6509	1	
6	14574	1	
6	20463	1	
6	13937	1	
6	10408	1	
6	1140	1	
6	11381	1	
6	17015	1	
6	11387	2	
6	18174	1	
6	20727	1	
7	9820	1	
7	9729	1	
7	13316	2	
7	12888	1	
7	9237	3	
7	10262	1	
7	22557	1	
7	7204	1	
7	11817	1	
7	20528	1	
7	8753	1	
7	13880	1	
7	9785	1	
7	8765	1	
7	12350	1	
7	8770	1	
7	8771	1	
7	8260	1	
7	13389	2	
7	12878	1	
7	21583	1	
7	14435	2	
7	22100	1	
7	9816	1	
7	13404	1	
7	3171	1	
7	9833	1	
7	22181	1	
7	7278	1	
7	3652	1	
7	13937	1	
7	1140	2	
7	629	1	
7	2166	1	
7	14969	1	
7	14973	1	
7	16017	1	
7	9878	1	
7	454	1	
7	10407	1	
7	13486	1	
7	2237	1	
7	3701	1	
7	11969	1	
7	20684	1	
7	13516	1	
7	724	1	
7	5339	1	
7	7903	1	
7	4868	2	
7	19718	1	
7	17671	1	
7	18185	1	
7	19224	1	
7	21794	1	
7	9509	1	
7	2348	1	
7	7471	1	
7	7985	1	
7	15160	1	
7	6458	1	
7	2876	1	
7	6464	1	
7	4423	2	
7	2899	2	
7	9047	1	
7	3425	1	
7	2407	2	
7	9069	1	
7	12654	1	
7	21878	1	
7	1399	5	
7	8568	1	
7	7039	1	
7	6018	1	
7	1412	1	
7	9606	2	
7	2443	1	
7	12354	1	
7	22418	1	
7	11672	1	
7	11161	1	
7	22426	1	
7	15773	2	
7	20384	1	
7	4007	2	
7	12202	1	
7	1454	1	
7	4038	1	
7	3528	1	
7	14798	1	
7	9167	1	
7	467	1	
7	12763	1	
7	8158	1	
7	18911	1	
7	15855	1	
7	15864	1	
7	6138	1	
8	598	1	
8	15373	1	
8	22551	1	
8	1049	1	
8	14875	2	
8	22557	1	
8	4640	1	
8	3113	1	
8	11306	1	
8	3633	3	
8	20019	1	
8	18486	1	
8	8765	2	
8	3134	1	
8	12354	1	
8	13388	1	
8	592	2	
8	16468	1	
8	20053	1	
8	16982	1	
8	12888	2	
8	21613	1	
8	629	1	
8	2166	2	
8	18042	2	
8	11388	1	
8	6791	1	
8	13452	1	
8	22181	1	
8	8361	1	
8	19626	1	
8	13490	1	
8	15030	1	
8	15543	1	
8	6773	1	
8	13516	1	
8	14035	1	
8	15575	1	
8	22232	1	
8	13532	1	
8	11898	1	
8	13022	1	
8	7903	2	
8	7410	1	
8	13570	1	
8	5381	1	
8	19718	2	
8	15133	1	
8	20255	1	
8	8993	1	
8	5927	1	
8	5934	1	
8	15664	1	
8	12089	1	
8	4831	1	
8	3392	1	
8	10052	1	
8	13129	1	
8	12110	1	
8	2899	1	
8	14677	1	
8	12630	5	
8	9047	2	
8	3424	2	
8	3425	1	
8	8043	1	
8	8556	1	
8	9069	2	
8	3954	1	
8	1399	8	
8	7039	1	
8	7040	1	
8	12162	1	
8	2435	1	
8	2436	1	
8	9606	1	
8	9610	1	
8	2443	1	
8	17806	1	
8	19345	3	
8	15855	1	
8	15773	1	
8	12190	1	
8	20384	1	
8	22437	1	
8	11181	1	
8	16814	1	
8	5566	1	
8	21953	1	
8	4038	1	
8	13255	1	
8	3528	1	
8	6606	1	
8	2001	1	
8	14803	1	
8	12763	1	
8	14422	1	
8	8158	1	
8	4067	1	
8	4068	1	
8	12265	1	
8	20463	1	
8	18420	2	
8	15863	1	
9	2435	1	
9	13316	2	
9	1670	1	
9	7303	1	
9	15113	2	
9	4303	1	
9	8204	1	
9	7180	1	
9	7055	2	
9	7313	1	
9	22418	1	
9	10515	1	
9	9237	1	
9	15640	1	
9	13887	2	
9	6685	1	
9	12702	1	
9	15903	1	
9	17185	1	
9	6690	1	
9	19291	1	
9	19765	1	
9	19238	1	
9	10407	1	
9	13963	1	
9	3629	2	
9	13129	1	
9	7471	1	
9	16432	1	
9	1076	1	
9	437	1	
9	8769	2	
9	12471	1	
9	11832	1	
9	15540	1	
9	3258	1	
9	17467	1	
9	8892	1	
9	18736	1	
9	1855	1	
9	21613	1	
9	2755	1	
9	10206	1	
9	15817	1	
9	15818	1	
9	20427	1	
9	13388	3	
9	13901	1	
9	4942	1	
9	11471	2	
9	20689	1	
9	2899	1	
9	10837	1	
9	9167	1	
9	15709	1	
9	16094	1	
9	15712	1	
9	19810	1	
9	4067	1	
9	22500	1	
9	5863	1	
9	18921	1	
9	9706	1	
9	9069	1	
9	5742	1	
9	6511	1	
9	11760	1	
9	625	1	
9	1140	1	
9	5246	1	
9	13942	1	
9	1399	4	
9	1659	1	
9	11388	1	
9	18030	1	
9	15102	1	
10	11392	1	
10	10625	1	
10	16643	1	
10	2436	1	
10	12805	1	
10	1671	1	
10	14530	1	
10	2446	1	
10	18960	3	
10	20882	1	
10	13459	3	
10	14574	1	
10	22551	1	
10	17688	1	
10	13316	1	
10	19098	1	
10	7451	1	
10	18460	1	
10	22557	1	
10	8232	1	
10	5929	1	
10	12716	1	
10	1074	1	
10	20014	1	
10	18736	1	
10	22578	1	
10	19764	2	
10	8501	2	
10	20663	1	
10	1140	1	
10	5983	1	
10	20284	1	
10	16190	1	
10	1141	1	
10	11714	1	
10	14174	1	
10	21445	1	
10	3553	1	
10	13129	2	
10	5451	1	
10	13388	1	
10	3554	1	
10	2382	1	
10	14800	1	
10	17490	5	
10	9684	1	
10	6741	1	
10	7638	1	
10	2279	1	
10	5208	1	
10	18042	1	
10	7952	3	
10	4831	1	
10	14689	1	
10	19938	2	
10	11747	1	
10	3943	2	
10	18410	1	
10	9831	1	
10	9069	4	
10	18030	1	
10	10365	1	
10	9244	1	
10	18962	2	
10	3422	1	
10	16373	1	
10	1399	4	
10	4601	1	
10	11898	1	
10	9194	2	
10	14677	3	
11	14081	1	
11	2435	1	
11	13316	1	
11	6022	1	
11	16546	1	
11	9606	1	
11	14985	3	
11	15575	1	
11	17168	1	
11	2578	1	
11	12163	1	
11	2990	1	
11	19990	2	
11	18841	1	
11	17818	2	
11	13723	2	
11	12663	1	
11	5918	2	
11	15136	1	
11	6690	2	
11	16804	3	
11	22181	1	
11	20010	6	
11	20014	3	
11	14689	5	
11	12209	1	
11	7474	1	
11	18516	1	
11	12852	1	
11	12213	1	
11	12212	2	
11	8961	1	
11	16190	4	
11	8043	1	
11	16193	2	
11	8260	1	
11	8261	1	
11	8519	1	
11	13129	1	
11	20471	1	
11	13901	1	
11	5863	1	
11	4818	1	
11	9684	1	
11	3047	1	
11	9047	1	
11	20260	1	
11	1501	1	
11	21984	1	
11	17424	1	
11	19938	1	
11	11747	1	
11	3812	2	
11	2991	1	
11	9687	1	
11	3943	1	
11	16616	1	
11	20330	1	
11	5227	1	
11	8579	1	
11	14574	2	
11	14589	1	
11	13937	2	
11	1140	1	
11	13941	1	
11	1399	7	
11	11385	1	
11	1147	1	
11	10365	2	
11	18686	3	
11	5119	1	
12	7937	3	
12	7938	2	
12	8043	1	
12	13316	1	
12	19718	1	
12	13505	1	
12	20232	1	
12	2442	1	
12	18882	1	
12	20878	1	
12	21613	1	
12	16145	1	
12	20882	3	
12	9219	1	
12	19221	2	
12	22551	4	
12	18841	1	
12	20463	1	
12	5276	1	
12	3206	1	
12	5919	1	
12	16544	1	
12	6690	1	
12	12191	2	
12	16293	1	
12	1959	1	
12	20010	3	
12	6699	1	
12	20014	1	
12	687	1	
12	3888	1	
12	22024	1	
12	14646	1	
12	12471	2	
12	13161	1	
12	20025	1	
12	20895	1	
12	4831	1	
12	14664	1	
12	16961	1	
12	3010	1	
12	3395	1	
12	3524	2	
12	18486	1	
12	4038	1	
12	6377	1	
12	3528	2	
12	13129	1	
12	12663	1	
12	13912	1	
12	20303	1	
12	17872	2	
12	12625	1	
12	17806	1	
12	11992	1	
12	7897	1	
12	14682	1	
12	11407	2	
12	17018	1	
12	20831	1	
12	4960	1	
12	6113	1	
12	9606	2	
12	6375	1	
12	7236	1	
12	12521	2	
12	6507	1	
12	9069	1	
12	14589	2	
12	625	1	
12	5236	1	
12	1141	1	
12	8857	1	
12	1399	5	
12	16260	1	
12	3435	1	
12	10365	1	
12	13937	1	
13	13316	2	
13	8961	2	
13	22024	1	
13	17424	1	
13	22551	3	
13	11292	1	
13	22557	1	
13	4130	1	
13	551	1	
13	20010	4	
13	1067	1	
13	6700	1	
13	20013	2	
13	20014	1	
13	18689	1	
13	15935	2	
13	7237	1	
13	1099	1	
13	9816	1	
13	12891	1	
13	22119	1	
13	6760	1	
13	20076	2	
13	21613	1	
13	1140	1	
13	1141	1	
13	633	2	
13	11898	1	
13	2173	1	
13	10366	1	
13	17535	1	
13	13440	2	
13	9351	1	
13	14985	2	
13	11407	2	
13	19093	1	
13	11928	1	
13	9886	1	
13	16548	1	
13	5285	1	
13	19113	1	
13	5301	1	
13	20159	1	
13	18117	1	
13	13514	3	
13	12663	1	
13	17612	1	
13	9435	2	
13	7902	1	
13	14574	1	
13	10365	3	
13	14579	1	
13	7937	3	
13	7938	1	
13	19721	1	
13	19221	3	
13	5929	1	
13	7471	1	
13	3888	1	
13	19764	2	
13	17205	1	
13	6458	1	
13	6459	1	
13	1852	1	
13	12093	1	
13	20291	1	
13	13129	3	
13	9034	1	
13	17810	1	
13	14677	2	
13	16223	1	
13	14689	1	
13	14690	1	
13	8043	1	
13	22418	2	
13	1399	5	
13	12153	1	
13	9606	1	
13	17806	1	
13	20882	3	
13	916	1	
13	12183	1	
13	17821	1	
13	12191	1	
13	20384	2	
13	16804	1	
13	6571	1	
13	12212	1	
13	14265	2	
13	22464	1	
13	3528	1	
13	14800	1	
13	16850	1	
13	9687	1	
13	9069	2	
13	21996	2	
13	9438	1	
13	16891	1	
13	12799	2	
14	588	1	
14	897	3	
14	16259	1	
14	17540	1	
14	9606	1	
14	11521	2	
14	22024	1	
14	4364	1	
14	17424	1	
14	20882	1	
14	2025	1	
14	2265	1	
14	4868	1	
14	13979	1	
14	8988	1	
14	22557	3	
14	13316	3	
14	9247	1	
14	19243	1	
14	11445	1	
14	5155	2	
14	16804	3	
14	3366	1	
14	7847	1	
14	3113	1	
14	20010	5	
14	1067	1	
14	12212	1	
14	10206	1	
14	9398	1	
14	786	1	
14	16479	1	
14	8961	1	
14	5566	1	
14	16062	1	
14	16193	1	
14	13249	1	
14	11723	1	
14	15994	1	
14	11590	1	
14	12360	1	
14	13129	1	
14	1399	2	
14	6732	3	
14	4941	2	
14	6741	1	
14	13901	1	
14	17107	1	
14	14677	1	
14	15448	1	
14	7460	1	
14	9050	1	
14	15451	1	
14	10972	1	
14	1757	1	
14	22418	1	
14	3006	1	
14	19113	1	
14	22416	1	
14	7650	1	
14	3943	1	
14	21608	1	
14	8553	1	
14	8043	1	
14	17042	1	
14	13937	2	
14	11381	1	
14	12151	1	
14	11385	1	
14	7930	1	
14	11388	1	
14	17283	1	
14	20181	1	
15	8193	1	
15	13316	4	
15	1032	1	
15	17424	1	
15	18962	1	
15	20507	1	
15	9244	1	
15	20519	1	
15	15403	1	
15	8236	1	
15	1076	1	
15	20547	1	
15	12357	1	
15	12360	1	
15	588	2	
15	12878	2	
15	18005	1	
15	13398	1	
15	7776	1	
15	18022	1	
15	22119	1	
15	18030	1	
15	1140	3	
15	1141	1	
15	15994	1	
15	20610	1	
15	20611	1	
15	1670	1	
15	13452	2	
15	13979	1	
15	13992	1	
15	1564	1	
15	17067	1	
15	14509	1	
15	21699	1	
15	17093	1	
15	6342	1	
15	12510	1	
15	8421	1	
15	16616	1	
15	8425	1	
15	21739	1	
15	4339	2	
15	14583	1	
15	17150	1	
15	14592	3	
15	11009	1	
15	22571	1	
15	1580	1	
15	4881	1	
15	6940	1	
15	20254	1	
15	20255	1	
15	22307	1	
15	6790	1	
15	2854	1	
15	3373	2	
15	18736	1	
15	15666	1	
15	3380	1	
15	5433	3	
15	5435	1	
15	17221	1	
15	20302	1	
15	2899	2	
15	9047	1	
15	15709	2	
15	15713	1	
15	18283	1	
15	1399	1	
15	5867	1	
15	19336	1	
15	21898	1	
15	22418	2	
15	12702	1	
15	12716	2	
15	15432	1	
15	17331	1	
15	7095	1	
15	8636	2	
15	6592	1	
15	8641	3	
15	19396	1	
15	13388	1	
15	11511	1	
15	8679	1	
15	8684	1	
15	18420	1	
16	14592	1	
16	13316	2	
16	1032	2	
16	5648	1	
16	10262	1	
16	2394	1	
16	15451	1	
16	22571	1	
16	1076	1	
16	7745	1	
16	20547	3	
16	8260	1	
16	2631	1	
16	13388	1	
16	15714	1	
16	12878	1	
16	21586	1	
16	13398	1	
16	15449	1	
16	12891	1	
16	10938	1	
16	22032	1	
16	9831	1	
16	11887	1	
16	1140	1	
16	6773	1	
16	3702	1	
16	17529	1	
16	22140	1	
16	5246	1	
16	20610	1	
16	1669	1	
16	15499	1	
16	13459	2	
16	16543	1	
16	13474	1	
16	9380	1	
16	5806	1	
16	3258	1	
16	16062	1	
16	20172	1	
16	13019	1	
16	16605	1	
16	5863	1	
16	8425	1	
16	5866	1	
16	4339	1	
16	22272	1	
16	3332	1	
16	15621	1	
16	3339	1	
16	268	1	
16	12558	1	
16	7952	1	
16	3858	1	
16	2836	1	
16	15128	1	
16	8988	1	
16	16159	1	
16	7471	1	
16	5425	1	
16	12089	1	
16	5435	1	
16	17223	1	
16	20298	1	
16	20302	2	
16	14677	2	
16	9050	1	
16	16226	1	
16	360	2	
16	1399	3	
16	1918	1	
16	19336	1	
16	907	1	
16	13710	1	
16	16802	1	
16	20902	1	
16	22442	1	
16	18352	1	
16	6068	1	
16	8636	1	
16	8641	4	
16	19396	2	
16	15817	1	
16	20427	1	
16	14800	1	
16	9169	1	
16	8684	1	
16	20463	1	
17	18948	1	
17	20999	1	
17	13316	4	
17	3629	1	
17	9777	1	
17	13880	1	
17	12350	1	
17	1089	1	
17	13891	1	
17	15429	1	
17	588	1	
17	13389	2	
17	18005	2	
17	15448	1	
17	18030	1	
17	1140	1	
17	1670	1	
17	14993	1	
17	7278	1	
17	15512	1	
17	683	1	
17	6836	1	
17	22198	1	
17	12471	1	
17	18113	1	
17	2243	1	
17	18119	1	
17	13516	1	
17	20177	1	
17	4818	1	
17	10453	1	
17	15574	1	
17	2786	1	
17	5863	1	
17	16616	1	
17	21739	1	
17	16624	1	
17	13558	1	
17	13561	1	
17	18174	1	
17	19716	1	
17	15119	2	
17	4368	1	
17	4881	1	
17	8466	1	
17	14099	1	
17	7446	1	
17	4900	2	
17	20271	1	
17	18736	1	
17	21814	1	
17	8502	1	
17	9543	1	
17	14152	1	
17	6985	1	
17	17227	1	
17	857	1	
17	15709	1	
17	14689	1	
17	5993	1	
17	8043	1	
17	5864	1	
17	19316	1	
17	1399	7	
17	8605	1	
17	14721	1	
17	388	1	
17	2437	1	
17	9606	1	
17	22418	1	
17	3991	1	
17	20463	1	
17	4509	1	
17	12702	3	
17	20384	1	
17	3489	1	
17	18852	2	
17	4423	1	
17	12716	2	
17	5551	2	
17	5554	1	
17	7095	11	
17	12734	1	
17	4342	1	
17	15819	1	
17	6606	1	
17	19411	1	
17	9684	2	
17	15609	2	
17	18394	1	
17	3055	1	
17	15856	1	
17	8697	1	
17	8187	1	
18	512	1	
18	8961	1	
18	13316	5	
18	6551	1	
18	14985	1	
18	17290	1	
18	4875	1	
18	22119	1	
18	7911	1	
18	17811	1	
18	17262	3	
18	4868	1	
18	6809	1	
18	13081	1	
18	2351	3	
18	19740	1	
18	22557	2	
18	12702	2	
18	4000	2	
18	16432	1	
18	19109	1	
18	22024	1	
18	18215	1	
18	8401	1	
18	9543	1	
18	15404	2	
18	20014	1	
18	7471	2	
18	18736	4	
18	8753	1	
18	5150	1	
18	8502	1	
18	17463	1	
18	13880	1	
18	3375	1	
18	22586	1	
18	13883	1	
18	8765	1	
18	3647	1	
18	18841	1	
18	12354	2	
18	19019	1	
18	15429	1	
18	18119	1	
18	1993	1	
18	8906	1	
18	16616	3	
18	15534	1	
18	14800	1	
18	6609	1	
18	3553	1	
18	11605	1	
18	15449	1	
18	2649	1	
18	13439	1	
18	13532	1	
18	2271	1	
18	22369	1	
18	3171	1	
18	15441	1	
18	16103	1	
18	2024	1	
18	3562	1	
18	2407	1	
18	17261	1	
18	18030	4	
18	13937	2	
18	22423	1	
18	2166	1	
18	1399	2	
18	14587	1	
18	8188	1	
18	5246	1	
18	5119	1	
19	14592	1	
19	12604	1	
19	3075	1	
19	13316	3	
19	2899	1	
19	17671	1	
19	17290	2	
19	17806	1	
19	2064	1	
19	6417	1	
19	1049	1	
19	14574	1	
19	22423	2	
19	18200	1	
19	18841	1	
19	11162	1	
19	20507	1	
19	2460	1	
19	8989	1	
19	901	2	
19	17185	1	
19	6690	1	
19	9051	1	
19	17188	1	
19	10407	1	
19	3369	1	
19	6826	1	
19	22572	1	
19	7471	1	
19	18736	2	
19	1076	1	
19	20463	1	
19	22586	1	
19	13883	1	
19	19900	2	
19	16190	1	
19	1141	2	
19	12354	2	
19	20803	2	
19	15556	1	
19	13255	2	
19	13129	1	
19	16625	1	
19	13388	3	
19	9167	2	
19	14291	1	
19	10452	1	
19	14677	1	
19	9686	1	
19	13912	1	
19	7897	1	
19	859	1	
19	14689	1	
19	9831	1	
19	16616	1	
19	7017	1	
19	9035	1	
19	12903	1	
19	7660	1	
19	21613	3	
19	18030	2	
19	11887	1	
19	625	1	
19	467	1	
19	1140	1	
19	22133	1	
19	4342	1	
19	1399	3	
19	2808	1	
19	8569	1	
19	11898	2	
19	22463	1	
19	6652	1	
19	5375	1	
20	9729	2	
20	13570	1	
20	4868	2	
20	18181	1	
20	3073	1	
20	5000	1	
20	18185	1	
20	9355	1	
20	6414	1	
20	493	1	
20	4881	3	
20	22418	1	
20	13316	1	
20	11292	2	
20	19102	1	
20	15903	1	
20	20384	1	
20	8866	1	
20	1399	1	
20	548	1	
20	20389	1	
20	3878	1	
20	13937	1	
20	5288	1	
20	2524	1	
20	22571	1	
20	16301	1	
20	4399	1	
20	3376	1	
20	22024	1	
20	20255	1	
20	12471	1	
20	18420	1	
20	18424	1	
20	13514	1	
20	12479	1	
20	11456	1	
20	17184	1	
20	15556	1	
20	3141	1	
20	8906	1	
20	12746	1	
20	1099	2	
20	13388	1	
20	20429	2	
20	19150	1	
20	19152	1	
20	8568	1	
20	9172	1	
20	2005	1	
20	16855	1	
20	18904	1	
20	15706	1	
20	16220	1	
20	16606	1	
20	15971	2	
20	15849	1	
20	21613	1	
20	18287	1	
20	22385	1	
20	15091	1	
20	1140	2	
20	22006	1	
20	11511	1	
20	20856	1	
20	18042	1	
20	15102	1	
21	4868	1	
21	9687	1	
21	8079	1	
21	18180	1	
21	6690	1	
21	22188	1	
21	3629	1	
21	4399	1	
21	15288	1	
21	7904	1	
21	15809	1	
21	12354	1	
21	12360	1	
21	20429	1	
21	9038	1	
21	8913	1	
21	9047	2	
21	6489	1	
21	2522	1	
21	4960	1	
21	15845	1	
21	20203	1	
21	9069	1	
21	18287	1	
21	15216	1	
21	13549	1	
21	1399	1	
21	1147	1	
