1	12673	1	
1	13445	1	
1	11777	1	
1	4364	1	
1	21613	1	
1	4496	1	
1	10644	1	
1	22551	1	
1	6937	1	
1	9887	1	
1	801	1	
1	22442	1	
1	12716	1	
1	14509	1	
1	16430	1	
1	21295	2	
1	19124	2	
1	20639	1	
1	18108	1	
1	3517	1	
1	10636	1	
1	6732	1	
1	13389	1	
1	4942	1	
1	4438	1	
1	8570	1	
1	22266	1	
1	16479	1	
1	6381	1	
1	7664	1	
1	17016	1	
1	4217	1	
1	4602	1	
1	6652	1	
2	12288	1	
2	8193	1	
2	7683	1	
2	9729	1	
2	12816	1	
2	6786	1	
2	10265	1	
2	15903	3	
2	18978	1	
2	1578	1	
2	8236	1	
2	14895	1	
2	12342	1	
2	5687	1	
2	5688	2	
2	3130	1	
2	8766	1	
2	13887	1	
2	15432	1	
2	13388	1	
2	13389	2	
2	6223	1	
2	21586	1	
2	8803	2	
2	19814	1	
2	6760	1	
2	21097	1	
2	8810	1	
2	3943	1	
2	4723	1	
2	13428	1	
2	16505	1	
2	3197	1	
2	1154	1	
2	6337	1	
2	1163	1	
2	20629	1	
2	6809	1	
2	10096	1	
2	16546	1	
2	16548	1	
2	4038	1	
2	10408	1	
2	3762	1	
2	19124	1	
2	11969	2	
2	11974	1	
2	12350	1	
2	18128	1	
2	13526	1	
2	15575	1	
2	740	1	
2	4326	1	
2	7400	1	
2	5867	1	
2	5888	1	
2	15618	1	
2	4868	2	
2	18185	1	
2	17162	1	
2	15117	1	
2	6935	1	
2	6937	1	
2	6938	1	
2	7451	2	
2	17184	1	
2	7463	1	
2	5934	1	
2	18736	1	
2	10545	1	
2	2873	1	
2	15754	1	
2	9543	1	
2	17227	1	
2	13650	1	
2	11603	1	
2	14677	1	
2	5433	1	
2	17758	1	
2	22369	1	
2	22374	1	
2	2407	1	
2	360	1	
2	13673	1	
2	10122	1	
2	2416	1	
2	19317	1	
2	13175	1	
2	16249	1	
2	21886	1	
2	1408	1	
2	15234	1	
2	4484	1	
2	14725	1	
2	11143	1	
2	21898	1	
2	16268	1	
2	22418	1	
2	19347	1	
2	405	1	
2	19357	1	
2	17823	1	
2	20384	1	
2	20389	1	
2	12716	1	
2	12717	1	
2	2990	2	
2	11710	2	
2	16838	1	
2	6732	1	
2	12746	1	
2	13778	1	
2	9684	1	
2	7637	1	
2	14806	1	
2	9687	1	
2	20559	1	
2	17890	1	
2	6121	1	
2	7155	1	
2	17398	1	
2	5625	1	
2	7162	1	
2	4606	1	
3	8449	1	
3	9092	1	
3	11969	1	
3	906	1	
3	14475	1	
3	8749	1	
3	11792	1	
3	16657	1	
3	19347	2	
3	12719	1	
3	19096	1	
3	14489	1	
3	1562	1	
3	13979	1	
3	4509	1	
3	13316	1	
3	8607	1	
3	20384	1	
3	15216	2	
3	16547	2	
3	13478	1	
3	11303	1	
3	1576	1	
3	15273	2	
3	22442	1	
3	13611	1	
3	9901	1	
3	6045	1	
3	3943	1	
3	3251	1	
3	1076	1	
3	12343	1	
3	14649	1	
3	13883	1	
3	8892	1	
3	16778	2	
3	16190	1	
3	22464	2	
3	1824	1	
3	4290	1	
3	907	3	
3	1092	1	
3	5364	1	
3	22369	1	
3	5449	1	
3	7650	1	
3	8919	1	
3	8041	1	
3	12624	1	
3	20690	1	
3	10195	1	
3	6868	1	
3	13398	1	
3	20695	1	
3	14428	1	
3	19460	1	
3	797	1	
3	16272	1	
3	2914	1	
3	19555	1	
3	18023	1	
3	12008	1	
3	9833	1	
3	13418	4	
3	10727	1	
3	8301	2	
3	15856	1	
3	7400	2	
3	18579	1	
3	13428	1	
3	10199	1	
3	20343	1	
3	4092	1	
3	5246	1	
4	14592	2	
4	17549	1	
4	4867	5	
4	7684	1	
4	17366	2	
4	9351	1	
4	12716	1	
4	395	1	
4	14381	2	
4	2108	1	
4	3629	1	
4	22032	1	
4	19096	1	
4	20882	1	
4	5396	1	
4	22551	1	
4	15128	1	
4	1562	1	
4	17435	1	
4	3869	1	
4	16030	1	
4	15621	1	
4	800	1	
4	4720	1	
4	13723	1	
4	6898	1	
4	13937	1	
4	909	1	
4	21161	1	
4	22442	6	
4	20103	1	
4	22557	1	
4	14509	1	
4	20014	1	
4	7471	2	
4	4016	1	
4	10545	1	
4	5687	1	
4	5304	1	
4	6201	1	
4	15512	1	
4	17212	1	
4	4541	1	
4	18736	1	
4	20927	1	
4	8512	1	
4	21613	1	
4	15170	2	
4	17227	1	
4	13128	2	
4	10825	1	
4	15818	1	
4	12471	2	
4	6732	1	
4	6223	1	
4	13778	1	
4	15441	1	
4	21586	3	
4	9171	1	
4	4180	1	
4	13398	1	
4	2903	1	
4	9050	1	
4	6927	2	
4	12510	2	
4	22368	1	
4	4960	1	
4	611	2	
4	16228	1	
4	19900	1	
4	8188	3	
4	6634	1	
4	5970	1	
4	6382	1	
4	9071	1	
4	14448	1	
4	20977	1	
4	7794	1	
4	329	1	
4	18302	1	
4	4602	1	
4	10408	1	
4	7548	1	
4	20094	1	
5	12288	1	
5	13316	1	
5	22551	2	
5	4636	1	
5	14379	1	
5	12341	1	
5	16953	1	
5	2113	2	
5	6732	2	
5	21586	4	
5	13398	3	
5	5210	1	
5	1125	1	
5	7780	1	
5	15461	1	
5	8892	1	
5	19050	2	
5	21613	4	
5	18030	1	
5	14448	1	
5	4723	3	
5	16500	1	
5	19900	1	
5	14981	1	
5	6790	2	
5	13451	2	
5	17554	1	
5	14509	1	
5	5304	1	
5	11449	1	
5	15548	1	
5	4303	1	
5	1744	1	
5	17107	1	
5	12510	1	
5	14051	1	
5	10983	1	
5	8950	1	
5	3321	2	
5	8954	3	
5	18174	1	
5	8449	1	
5	4867	1	
5	7432	1	
5	13073	1	
5	2834	1	
5	5910	1	
5	3869	2	
5	800	1	
5	16775	1	
5	17202	1	
5	5935	1	
5	15666	1	
5	2873	1	
5	8518	1	
5	20299	1	
5	5967	1	
5	12113	1	
5	5459	1	
5	14677	2	
5	1369	1	
5	22369	1	
5	4966	1	
5	4967	1	
5	8043	1	
5	9069	1	
5	5489	1	
5	20343	1	
5	10105	1	
5	15233	1	
5	4999	1	
5	5000	1	
5	906	1	
5	909	1	
5	14743	1	
5	13723	1	
5	18852	1	
5	6053	2	
5	1446	1	
5	22442	2	
5	16302	1	
5	1967	1	
5	11708	1	
5	22464	1	
5	11714	1	
5	5863	1	
5	5585	1	
5	10709	2	
5	9687	1	
5	16804	1	
5	10205	1	
5	10206	1	
5	16806	1	
5	10218	1	
5	15864	1	
5	8188	1	
6	22272	1	
6	12673	2	
6	4486	1	
6	18569	1	
6	3991	1	
6	5134	1	
6	8557	1	
6	13459	1	
6	22551	1	
6	6937	1	
6	6938	1	
6	20384	1	
6	8993	1	
6	12046	1	
6	18182	1	
6	2856	1	
6	14379	1	
6	12716	2	
6	14509	1	
6	12471	1	
6	10555	1	
6	19900	1	
6	2111	1	
6	6464	1	
6	14019	1	
6	3396	1	
6	4038	1	
6	13516	1	
6	4303	1	
6	9809	1	
6	14037	1	
6	4823	1	
6	6361	1	
6	15709	1	
6	16479	1	
6	22369	1	
6	19938	1	
6	19814	1	
6	11147	1	
6	15976	1	
6	22464	2	
6	4967	1	
6	21613	1	
6	4720	1	
6	21108	1	
6	4341	1	
6	21878	1	
6	20343	1	
6	16248	1	
6	8188	1	
7	12805	1	
7	5127	1	
7	18953	1	
7	685	1	
7	11792	1	
7	15278	1	
7	22551	1	
7	10264	1	
7	18458	1	
7	22557	1	
7	15903	3	
7	11815	1	
7	17671	1	
7	3629	2	
7	16432	1	
7	1076	1	
7	12342	2	
7	5688	1	
7	12352	2	
7	8771	1	
7	19016	1	
7	18505	1	
7	6732	1	
7	592	4	
7	21586	3	
7	595	1	
7	10837	1	
7	598	1	
7	15448	1	
7	7258	1	
7	603	1	
7	19556	1	
7	21097	1	
7	21613	1	
7	6256	1	
7	4722	1	
7	19390	1	
7	4221	1	
7	15486	1	
7	20095	1	
7	5760	1	
7	2179	1	
7	13445	1	
7	11913	1	
7	15499	1	
7	1164	1	
7	9069	3	
7	13388	1	
7	12312	1	
7	1170	1	
7	17177	1	
7	9072	1	
7	21161	4	
7	14509	1	
7	4276	1	
7	10934	1	
7	12471	2	
7	15548	2	
7	19133	1	
7	6773	1	
7	8992	1	
7	15735	1	
7	18128	1	
7	14545	1	
7	14037	3	
7	6361	1	
7	4831	1	
7	9954	1	
7	1763	1	
7	4326	1	
7	14033	2	
7	21227	1	
7	5364	2	
7	19582	1	
7	15096	1	
7	10492	1	
7	2814	1	
7	14082	1	
7	13063	1	
7	13064	1	
7	18185	1	
7	4364	2	
7	3858	1	
7	10515	1	
7	4884	1	
7	1304	1	
7	6937	1	
7	6938	1	
7	7471	1	
7	8989	1	
7	17184	2	
7	18736	1	
7	8892	1	
7	19243	1	
7	15660	1	
7	5935	1	
7	15664	1	
7	10545	2	
7	7477	1	
7	8502	1	
7	22327	2	
7	10552	1	
7	7650	1	
7	21311	2	
7	9543	1	
7	6984	1	
7	13452	1	
7	6986	1	
7	6989	3	
7	12110	3	
7	12111	1	
7	15184	1	
7	13650	2	
7	3413	1	
7	857	2	
7	10592	1	
7	1766	1	
7	5993	1	
7	8043	3	
7	5997	1	
7	15216	1	
7	18800	1	
7	3954	1	
7	643	1	
7	626	1	
7	7542	1	
7	10103	2	
7	12673	2	
7	15751	1	
7	13195	1	
7	17807	1	
7	22418	1	
7	917	1	
7	920	1	
7	1947	1	
7	4509	2	
7	17823	1	
7	16804	1	
7	12716	1	
7	4013	1	
7	2990	1	
7	17331	1	
7	1466	2	
7	14751	1	
7	11708	4	
7	6078	1	
7	22464	2	
7	11714	1	
7	4038	1	
7	6220	1	
7	15818	1	
7	18569	1	
7	20429	1	
7	9167	1	
7	8144	1	
7	9169	1	
7	9684	1	
7	10709	2	
7	18426	1	
7	21984	1	
7	13282	1	
7	13288	1	
7	15850	1	
7	15855	1	
7	15856	1	
7	4602	1	
7	14677	1	
8	12288	1	
8	523	1	
8	5134	1	
8	2578	3	
8	9747	2	
8	22551	1	
8	12313	1	
8	9243	1	
8	16933	1	
8	17464	1	
8	2105	1	
8	2108	1	
8	12350	1	
8	2111	1	
8	19520	1	
8	2113	6	
8	1547	1	
8	1092	1	
8	19016	1	
8	6732	1	
8	13389	1	
8	592	4	
8	611	1	
8	16229	1	
8	10337	1	
8	15971	1	
8	18023	1	
8	19050	1	
8	2407	1	
8	4720	1	
8	21110	1	
8	4727	2	
8	14459	1	
8	16508	1	
8	19581	2	
8	6790	1	
8	18200	1	
8	22163	1	
8	2841	1	
8	15512	2	
8	16543	1	
8	21104	1	
8	679	1	
8	680	1	
8	170	1	
8	172	1	
8	3759	1	
8	3766	1	
8	12471	3	
8	19133	1	
8	16075	1	
8	13516	1	
8	3278	1	
8	1747	1	
8	7892	1	
8	1753	1	
8	4826	1	
8	12508	1	
8	4831	1	
8	7911	1	
8	6377	1	
8	15609	1	
8	8449	1	
8	14082	1	
8	4868	1	
8	15621	2	
8	19718	1	
8	17162	1	
8	3339	1	
8	4364	1	
8	7960	5	
8	6937	2	
8	7963	1	
8	7964	2	
8	8993	1	
8	15494	1	
8	5415	1	
8	2344	1	
8	12588	1	
8	2351	1	
8	21298	1	
8	15157	1	
8	22327	1	
8	2873	1	
8	6464	1	
8	6982	1	
8	12103	1	
8	17225	1	
8	16714	1	
8	4945	1	
8	22356	2	
8	14682	1	
8	14223	2	
8	15709	1	
8	4960	2	
8	13666	1	
8	7011	1	
8	7013	1	
8	4967	1	
8	19817	1	
8	8043	2	
8	18799	1	
8	15217	1	
8	12663	1	
8	12673	2	
8	1922	1	
8	4484	1	
8	5000	2	
8	395	2	
8	909	1	
8	910	2	
8	17807	1	
8	13891	1	
8	19347	1	
8	917	1	
8	18841	1	
8	5019	1	
8	5020	1	
8	13723	1	
8	16804	3	
8	18853	1	
8	22442	1	
8	12716	2	
8	1968	1	
8	433	1	
8	11708	1	
8	22464	1	
8	3009	1	
8	11714	1	
8	6601	3	
8	9686	1	
8	9124	1	
8	10408	1	
8	8691	1	
8	1525	1	
8	1526	1	
8	4602	1	
8	6052	1	
8	13821	1	
9	10625	1	
9	4267	1	
9	16260	1	
9	16124	2	
9	8449	1	
9	9687	1	
9	18569	2	
9	17162	2	
9	395	3	
9	8188	3	
9	12046	1	
9	21613	2	
9	22418	1	
9	19347	1	
9	1430	1	
9	14148	1	
9	11162	1	
9	18202	1	
9	4639	1	
9	20384	1	
9	4304	1	
9	17188	1	
9	13809	1	
9	12584	1	
9	10453	1	
9	22571	1	
9	9777	1	
9	17459	1	
9	5687	1	
9	11832	1	
9	6201	1	
9	3260	2	
9	12350	1	
9	22464	1	
9	18080	1	
9	14402	1	
9	4547	1	
9	1092	1	
9	19050	1	
9	1140	1	
9	7752	1	
9	18377	1	
9	12151	1	
9	6732	1	
9	13389	1	
9	20429	1	
9	592	1	
9	13009	1	
9	19939	1	
9	6741	1	
9	14969	1	
9	22209	1	
9	16474	1	
9	19396	1	
9	15994	1	
9	6622	1	
9	16479	2	
9	18528	1	
9	4960	1	
9	7011	1	
9	21733	1	
9	12354	1	
9	12625	1	
9	8425	1	
9	7402	1	
9	8556	1	
9	18029	1	
9	21487	1	
9	5489	1	
9	7666	1	
9	22131	1	
9	16500	1	
9	10857	1	
9	16249	1	
9	4602	1	
9	11708	2	
9	18940	1	
9	22442	2	
9	12670	1	
9	1125	1	
10	7766	1	
10	1546	1	
10	20494	1	
10	13452	1	
10	9747	2	
10	14868	1	
10	15278	1	
10	22551	1	
10	3610	1	
10	22557	1	
10	6687	1	
10	5667	1	
10	15403	1	
10	8749	1	
10	7219	1	
10	11890	1	
10	5687	3	
10	2105	1	
10	2107	1	
10	7178	1	
10	3134	1	
10	2113	5	
10	14402	2	
10	1092	1	
10	1889	1	
10	2640	1	
10	21586	1	
10	8790	1	
10	7776	1	
10	16302	1	
10	18029	4	
10	14448	1	
10	13937	1	
10	22130	1	
10	19571	1	
10	17018	1	
10	17019	1	
10	20094	1	
10	1728	1	
10	2179	1	
10	13958	1	
10	18569	2	
10	15500	1	
10	20109	1	
10	20119	1	
10	15512	1	
10	5785	1	
10	16547	1	
10	10407	1	
10	10408	2	
10	21161	1	
10	17066	1	
10	14509	1	
10	20142	1	
10	3759	1	
10	3765	1	
10	12471	2	
10	3258	1	
10	3259	1	
10	14016	1	
10	21699	2	
10	2990	1	
10	6345	1	
10	13516	2	
10	3278	1	
10	4303	1	
10	13009	1	
10	7892	1	
10	7893	2	
10	15994	1	
10	12510	1	
10	10469	1	
10	19174	1	
10	7911	1	
10	7402	1	
10	14574	1	
10	3313	1	
10	7380	1	
10	18688	1	
10	14082	1	
10	22571	1	
10	20232	1	
10	16650	1	
10	12046	1	
10	12047	1	
10	19231	1	
10	19238	1	
10	10024	1	
10	21696	1	
10	11568	1	
10	10555	1	
10	5466	1	
10	21310	1	
10	17216	2	
10	12103	1	
10	21320	1	
10	13129	2	
10	22355	1	
10	22356	3	
10	22358	1	
10	14682	1	
10	4960	4	
10	11152	1	
10	4967	1	
10	360	2	
10	22418	1	
10	15216	1	
10	20851	1	
10	12151	1	
10	11645	1	
10	16260	1	
10	17290	1	
10	910	1	
10	16272	1	
10	13202	1	
10	15763	1	
10	8086	1	
10	12183	1	
10	22426	1	
10	12716	2	
10	8110	1	
10	4016	1	
10	21946	1	
10	11708	2	
10	11709	1	
10	11710	1	
10	22464	1	
10	18374	1	
10	457	1	
10	5585	1	
10	9171	1	
10	6622	1	
10	4074	1	
10	3058	1	
10	16373	1	
10	8184	1	
10	4604	1	
10	5118	1	
11	11008	1	
11	8449	2	
11	4867	2	
11	6788	1	
11	14870	1	
11	9729	1	
11	12716	1	
11	17162	1	
11	4364	1	
11	6541	1	
11	2063	1	
11	2179	1	
11	11777	1	
11	8342	1	
11	19204	1	
11	15855	1	
11	13316	1	
11	15818	1	
11	1976	1	
11	5667	1	
11	4090	1	
11	20519	1	
11	909	1	
11	12713	1	
11	1412	1	
11	2219	1	
11	8236	1	
11	8749	1	
11	2990	1	
11	5935	1	
11	16432	1	
11	10545	1	
11	17202	1	
11	22131	1	
11	16978	1	
11	18377	1	
11	10552	1	
11	21305	1	
11	16479	1	
11	15548	1	
11	19133	1	
11	8766	1	
11	16576	1	
11	11969	2	
11	6732	1	
11	20298	1	
11	14283	2	
11	8012	1	
11	19405	1	
11	10857	1	
11	4303	1	
11	7633	1	
11	9170	1	
11	17107	1	
11	9044	1	
11	14037	1	
11	2873	1	
11	7258	1	
11	8570	1	
11	15199	1	
11	4960	2	
11	19350	1	
11	13459	1	
11	9069	2	
11	6652	1	
11	15851	1	
11	21613	1	
11	18030	1	
11	11887	1	
11	10096	1	
11	7794	1	
11	19347	1	
11	19317	1	
11	19190	1	
11	20343	2	
11	14584	1	
11	15994	1	
11	5755	1	
11	8188	2	
11	2105	1	
11	5118	1	
11	7637	1	
12	9901	1	
12	16363	1	
12	13316	1	
12	1544	1	
12	17068	1	
12	13451	1	
12	15117	1	
12	910	1	
12	18191	1	
12	5264	1	
12	2065	1	
12	4882	1	
12	7683	1	
12	917	1	
12	22551	1	
12	920	1	
12	12317	1	
12	20384	1	
12	21794	1	
12	16547	1	
12	10407	2	
12	10408	1	
12	21161	1	
12	20010	1	
12	8236	1	
12	12333	1	
12	8238	2	
12	4509	1	
12	1844	1	
12	6622	1	
12	16054	1	
12	5687	1	
12	21305	1	
12	10428	1	
12	19133	1	
12	5301	2	
12	11714	1	
12	13894	1	
12	17017	1	
12	7069	1	
12	17228	1	
12	5450	1	
12	5451	2	
12	6732	1	
12	13389	1	
12	4303	1	
12	9169	1	
12	21586	1	
12	2899	1	
12	19157	1	
12	11449	1	
12	18267	1	
12	11870	1	
12	16479	1	
12	3221	1	
12	5841	1	
12	5864	1	
12	19050	1	
12	8043	1	
12	9069	2	
12	9583	1	
12	3058	1	
12	5364	1	
12	10358	1	
12	8185	1	
12	8188	1	
12	12799	1	
13	7683	2	
13	7684	3	
13	7687	1	
13	2063	2	
13	7854	1	
13	22551	6	
13	1049	2	
13	22557	1	
13	13316	3	
13	10469	3	
13	20012	3	
13	20014	4	
13	16432	1	
13	10801	1	
13	1074	1	
13	20019	1	
13	3130	1	
13	8262	1	
13	13896	1	
13	13389	1	
13	6736	1	
13	11356	1	
13	605	1	
13	16479	1	
13	7776	1	
13	19900	1	
13	5800	1	
13	19052	1	
13	2680	3	
13	633	1	
13	14459	1	
13	10365	1	
13	20095	2	
13	2179	1	
13	4239	1	
13	1169	1	
13	21652	1	
13	5785	1	
13	16547	2	
13	4772	1	
13	10407	5	
13	168	2	
13	21161	1	
13	174	2	
13	11444	2	
13	5301	6	
13	20150	1	
13	8378	1	
13	13502	1	
13	6809	1	
13	5838	1	
13	4303	2	
13	5841	1	
13	19157	3	
13	12007	1	
13	13532	2	
13	2273	1	
13	10468	1	
13	1765	2	
13	10470	1	
13	7911	1	
13	22252	1	
13	12013	1	
13	17671	1	
13	1068	1	
13	17162	1	
13	10510	1	
13	8238	5	
13	6938	1	
13	7451	1	
13	8988	1	
13	21794	1	
13	4899	1	
13	19238	1	
13	18222	1	
13	10555	1	
13	16194	1	
13	9033	1	
13	5450	3	
13	5451	1	
13	10573	1	
13	3408	1	
13	12625	1	
13	2899	3	
13	18772	1	
13	10360	2	
13	1167	1	
13	16223	2	
13	17251	1	
13	8043	1	
13	9069	4	
13	17262	3	
13	17263	1	
13	7537	1	
13	12670	1	
13	16363	2	
13	5997	1	
13	3991	1	
13	910	1	
13	22418	1	
13	6551	1	
13	4509	1	
13	15774	1	
13	16806	1	
13	20882	1	
13	15432	2	
13	11708	1	
13	22464	2	
13	13775	1	
13	5584	1	
13	8185	2	
13	4058	1	
13	4061	1	
13	21841	2	
13	10219	1	
13	5614	1	
13	10408	3	
13	5460	1	
13	11771	1	
13	8188	1	
14	1921	1	
14	19719	1	
14	19052	1	
14	4364	1	
14	910	1	
14	18191	1	
14	21699	1	
14	11672	2	
14	1947	2	
14	7964	2	
14	12446	1	
14	19491	1	
14	19492	1	
14	16193	1	
14	12716	1	
14	16430	1	
14	3759	1	
14	12209	1	
14	18569	1	
14	8765	1	
14	3134	3	
14	16960	1	
14	2113	4	
14	8771	1	
14	15432	1	
14	588	1	
14	20686	1	
14	2640	1	
14	20689	1	
14	5667	1	
14	4438	1	
14	12505	1	
14	14047	1	
14	18022	1	
14	12625	2	
14	21608	1	
14	8043	2	
14	17260	1	
14	15856	1	
14	20343	1	
14	4601	1	
15	12288	1	
15	6146	1	
15	12815	1	
15	9237	1	
15	5660	1	
15	15903	1	
15	5665	1	
15	5667	1	
15	22061	1	
15	16430	2	
15	9777	5	
15	3134	1	
15	2113	9	
15	12354	1	
15	15432	1	
15	7010	1	
15	592	2	
15	21586	2	
15	11870	1	
15	7778	1	
15	15461	2	
15	10857	1	
15	19052	1	
15	626	1	
15	5750	1	
15	6778	1	
15	4221	1	
15	15723	1	
15	13445	1	
15	14985	3	
15	19595	1	
15	4037	1	
15	11938	1	
15	9895	1	
15	13389	1	
15	3759	1	
15	9075	1	
15	12471	1	
15	19131	1	
15	19133	1	
15	16062	1	
15	1728	1	
15	4290	1	
15	21699	1	
15	5328	1	
15	22051	1	
15	17107	2	
15	6361	1	
15	1754	1	
15	6365	1	
15	17126	1	
15	7400	1	
15	5867	1	
15	14290	1	
15	5876	1	
15	22262	1	
15	7937	1	
15	4364	1	
15	7952	1	
15	7960	1	
15	8988	1	
15	10525	1	
15	10973	1	
15	12100	3	
15	12102	1	
15	9033	1	
15	6989	1	
15	15184	1	
15	12625	1	
15	15709	1	
15	4960	1	
15	2914	1	
15	4967	1	
15	7016	1	
15	8043	3	
15	17811	1	
15	12673	1	
15	13704	1	
15	15754	1	
15	19347	1	
15	11672	1	
15	20292	1	
15	22426	1	
15	1947	1	
15	4509	1	
15	16806	3	
15	19900	1	
15	12734	1	
15	22464	6	
15	11714	1	
15	17349	1	
15	7110	1	
15	19405	2	
15	17229	1	
15	4050	1	
15	14291	2	
15	6108	2	
15	4432	1	
15	13282	1	
15	493	1	
15	16373	1	
15	8188	1	
15	15869	1	
16	8512	1	
16	1922	1	
16	19243	1	
16	13445	2	
16	7749	1	
16	17162	1	
16	13451	1	
16	909	2	
16	12046	1	
16	7055	1	
16	22032	1	
16	20882	1	
16	19347	1	
16	19348	1	
16	16302	1	
16	19350	1	
16	409	1	
16	6938	1	
16	11292	1	
16	8989	1	
16	19486	1	
16	15903	2	
16	11938	1	
16	4773	4	
16	6859	1	
16	10857	1	
16	15751	1	
16	12716	1	
16	8749	1	
16	16430	1	
16	5295	1	
16	7862	1	
16	10552	1	
16	10555	1	
16	8764	1	
16	3134	1	
16	8043	1	
16	14016	1	
16	18022	1	
16	12354	2	
16	19011	1	
16	22464	1	
16	2934	1	
16	15817	2	
16	18029	1	
16	13388	1	
16	19405	1	
16	16462	2	
16	4303	1	
16	12625	3	
16	21586	1	
16	7635	1	
16	20686	1	
16	17107	1	
16	857	2	
16	14211	1	
16	15199	2	
16	4960	4	
16	15971	1	
16	13412	1	
16	7397	2	
16	1766	1	
16	7783	1	
16	8188	1	
16	22122	1	
16	743	3	
16	9069	1	
16	6989	1	
16	14082	1	
16	21617	1	
16	22557	1	
16	13389	1	
16	1141	1	
16	10870	1	
16	20343	1	
16	8185	2	
16	14970	1	
16	20095	1	
16	16124	1	
16	1918	1	
16	917	1	
17	22464	1	
17	15874	1	
17	10625	1	
17	17675	1	
17	4364	2	
17	13200	1	
17	19347	1	
17	6937	1	
17	4635	1	
17	11293	1	
17	9892	1	
17	293	1	
17	13863	1	
17	9640	1	
17	4013	1	
17	16430	1	
17	1459	1	
17	12212	1	
17	1076	1	
17	19131	2	
17	19900	1	
17	1469	3	
17	12734	2	
17	12352	1	
17	2113	3	
17	13891	1	
17	5623	1	
17	6859	1	
17	588	1	
17	20686	1	
17	16592	1	
17	17107	3	
17	6489	1	
17	6108	1	
17	8869	1	
17	22369	1	
17	7780	2	
17	21094	1	
17	7400	1	
17	2108	1	
17	8043	2	
17	13681	1	
17	9075	1	
17	17015	1	
17	10360	1	
17	11771	1	
18	19460	1	
18	14981	1	
18	16774	1	
18	15751	1	
18	17673	1	
18	7690	1	
18	13452	2	
18	2873	1	
18	17424	1	
18	3992	1	
18	17811	2	
18	8342	1	
18	22551	1	
18	10264	1	
18	13316	1	
18	18842	1	
18	18159	1	
18	11162	1	
18	12805	1	
18	5667	3	
18	10408	1	
18	5929	1	
18	4267	1	
18	15276	1	
18	14509	1	
18	16430	1	
18	11568	1	
18	15281	1	
18	1844	1	
18	10206	1	
18	16054	1	
18	2105	1	
18	2108	4	
18	12735	1	
18	3393	1	
18	17218	1	
18	4364	2	
18	12625	1	
18	17107	1	
18	14677	1	
18	2745	1	
18	18267	1	
18	16132	1	
18	4960	1	
18	12816	1	
18	11771	1	
18	15717	1	
18	2113	1	
18	11153	1	
18	7785	1	
18	8043	1	
18	19308	1	
18	16366	1	
18	11887	1	
18	7154	1	
18	7155	1	
18	15222	2	
18	18424	1	
18	19900	3	
18	8188	1	
18	7893	1	
19	12288	1	
19	13316	2	
19	7178	1	
19	12816	1	
19	19460	1	
19	15903	1	
19	16432	1	
19	1076	1	
19	12342	1	
19	8766	1	
19	2113	1	
19	15432	1	
19	6732	2	
19	2640	2	
19	21586	1	
19	15459	1	
19	21945	1	
19	16479	1	
19	19555	1	
19	10857	1	
19	19050	1	
19	18029	1	
19	13937	1	
19	6773	1	
19	1473	1	
19	13960	1	
19	14473	1	
19	14485	1	
19	13979	1	
19	16543	1	
19	10096	1	
19	15522	1	
19	7848	1	
19	20649	2	
19	22188	1	
19	6687	1	
19	18128	1	
19	4823	1	
19	10972	1	
19	16605	1	
19	22252	2	
19	16123	2	
19	16124	2	
19	7938	1	
19	19715	1	
19	18185	1	
19	15575	1	
19	4364	1	
19	18191	1	
19	7952	1	
19	11035	1	
19	11049	1	
19	7471	1	
19	1329	1	
19	2355	1	
19	10889	1	
19	10552	2	
19	16702	1	
19	16193	1	
19	20809	1	
19	6989	1	
19	4438	1	
19	16226	1	
19	4464	1	
19	11708	1	
19	1918	1	
19	1410	1	
19	15751	1	
19	3978	1	
19	17811	1	
19	3991	1	
19	11161	2	
19	4000	1	
19	15266	1	
19	16705	2	
19	17337	1	
19	19900	1	
19	16831	1	
19	15808	2	
19	3009	1	
19	13961	1	
19	4049	1	
19	10205	1	
19	10206	1	
19	11771	1	
19	2026	1	
19	4089	1	
19	8187	1	
20	12288	1	
20	9729	1	
20	7684	1	
20	10763	1	
20	4112	1	
20	22551	2	
20	22557	1	
20	4638	1	
20	15903	2	
20	4647	1	
20	8749	1	
20	20018	1	
20	12345	1	
20	16961	1	
20	8264	1	
20	22091	1	
20	6732	1	
20	592	2	
20	21586	2	
20	4691	1	
20	13404	1	
20	22112	1	
20	13418	1	
20	13950	1	
20	8320	1	
20	14469	1	
20	13451	1	
20	13967	1	
20	15508	1	
20	17569	1	
20	168	1	
20	21161	2	
20	5806	1	
20	5808	1	
20	3788	1	
20	7380	2	
20	9432	1	
20	15577	1	
20	5583	1	
20	9444	1	
20	7409	1	
20	22266	2	
20	15613	1	
20	17162	2	
20	4364	1	
20	4366	1	
20	18191	1	
20	2836	1	
20	8989	1	
20	21794	1	
20	15660	1	
20	1329	1	
20	1844	1	
20	10552	2	
20	12084	1	
20	12602	1	
20	3392	1	
20	6984	2	
20	8012	1	
20	9550	1	
20	4438	1	
20	13147	1	
20	6494	1	
20	16223	1	
20	2914	1	
20	8043	3	
20	9069	1	
20	6000	1	
20	897	1	
20	3978	1	
20	3988	1	
20	917	1	
20	4509	2	
20	22437	1	
20	2479	1	
20	18352	1	
20	1972	1	
20	3629	1	
20	22464	1	
20	7110	1	
20	12232	1	
20	9167	2	
20	9170	1	
20	4058	1	
20	4602	1	
20	9695	1	
20	12770	1	
20	3050	1	
20	10408	1	
20	13907	1	
20	16373	1	
20	4090	2	
20	11771	2	
20	12799	1	
21	12673	1	
21	2947	1	
21	13316	1	
21	18952	1	
21	7979	1	
21	395	1	
21	910	1	
21	5997	1	
21	12312	1	
21	6938	1	
21	13981	1	
21	15903	1	
21	9072	1	
21	8892	1	
21	11850	1	
21	4773	1	
21	15281	1	
21	10408	1	
21	21161	3	
21	19243	1	
21	17181	1	
21	9777	1	
21	15666	1	
21	6622	1	
21	1976	1	
21	6457	1	
21	20794	1	
21	10555	1	
21	15548	1	
21	21949	1	
21	2113	1	
21	12100	1	
21	16714	1	
21	6989	2	
21	12110	1	
21	4941	1	
21	592	1	
21	21586	1	
21	2771	1	
21	10492	1	
21	6361	1	
21	1371	1	
21	6108	1	
21	2914	1	
21	7432	1	
21	4960	1	
21	7650	1	
21	8804	1	
21	5993	1	
21	19050	1	
21	8043	1	
21	9069	3	
21	14448	1	
21	20211	1	
21	1141	1	
21	15864	1	
21	8185	1	
21	6778	1	
21	16124	1	
21	14677	1	
22	12288	2	
22	1924	1	
22	13445	1	
22	19464	1	
22	18185	1	
22	1163	1	
22	4364	1	
22	18191	1	
22	3344	1	
22	18197	1	
22	687	1	
22	797	1	
22	671	1	
22	21794	2	
22	17067	1	
22	12716	1	
22	17071	1	
22	12471	1	
22	1465	1	
22	8378	1	
22	7611	1	
22	12481	1	
22	11714	1	
22	15499	1	
22	12103	2	
22	780	1	
22	11850	1	
22	11851	1	
22	20429	1	
22	592	1	
22	12625	1	
22	21586	1	
22	7637	1	
22	14682	1	
22	1466	1	
22	7016	1	
22	17227	1	
22	13778	1	
22	11760	1	
22	3313	1	
22	14584	1	
22	11771	1	
22	12053	1	
23	12800	1	
23	7683	1	
23	7684	1	
23	18182	1	
23	18569	1	
23	15499	1	
23	13453	1	
23	18191	1	
23	4868	1	
23	13981	1	
23	15903	1	
23	4000	1	
23	21794	2	
23	16804	1	
23	11049	1	
23	16939	1	
23	12716	1	
23	16434	1	
23	16431	1	
23	5554	1	
23	6835	2	
23	8758	1	
23	19900	1	
23	8043	1	
23	16705	2	
23	10565	1	
23	15432	2	
23	15820	1	
23	11850	1	
23	13388	1	
23	13389	1	
23	13778	1	
23	16911	1	
23	14682	1	
23	16475	1	
23	15266	3	
23	7392	1	
23	7780	1	
23	21609	1	
23	7531	1	
23	21586	1	
23	6773	1	
23	1275	1	
23	6652	1	
24	15753	1	
24	4868	1	
24	1415	1	
24	18185	1	
24	4364	1	
24	909	1	
24	19598	1	
24	22032	1	
24	20882	1	
24	7960	1	
24	18075	1	
24	20125	1	
24	20639	1	
24	16936	1	
24	4012	1	
24	16432	1	
24	16435	1	
24	14985	1	
24	10555	1	
24	954	1	
24	6263	1	
24	19133	1	
24	12734	1	
24	22464	1	
24	18373	1	
24	17015	1	
24	20303	1	
24	11856	1	
24	13304	1	
24	14035	1	
24	14677	1	
24	18267	1	
24	10972	1	
24	15971	1	
24	20329	1	
24	8043	1	
24	9075	1	
24	5623	1	
24	17016	1	
24	5625	1	
25	7104	2	
25	16432	1	
25	12164	1	
25	22112	1	
25	15432	1	
25	10731	1	
25	11436	1	
25	11760	2	
25	9432	1	
25	20243	1	
25	19350	1	
25	12799	1	
25	10264	2	
25	15577	1	
25	18267	1	
25	4989	1	
25	4382	1	
25	18911	1	
26	12288	1	
26	7303	1	
26	13961	1	
26	3084	1	
26	22542	1	
26	1167	1	
26	21392	1	
26	22418	1	
26	22551	1	
26	10265	1	
26	4509	2	
26	17823	1	
26	4384	1	
26	14369	1	
26	13478	1	
26	12585	1	
26	8749	1	
26	174	1	
26	3633	1	
26	15666	3	
26	3512	1	
26	21945	1	
26	13243	1	
26	19900	1	
26	7870	1	
26	19519	1	
26	19048	1	
26	11770	1	
26	7236	1	
26	15688	1	
26	13516	1	
26	4686	1	
26	5072	1	
26	21586	2	
26	21587	2	
26	15581	1	
26	22112	2	
26	3088	1	
26	13026	2	
26	13027	1	
26	19993	1	
26	10472	1	
26	14060	1	
26	11496	1	
26	14965	1	
26	16888	1	
26	7418	1	
26	5119	1	
27	19460	1	
27	12815	1	
27	22551	2	
27	19993	5	
27	11291	1	
27	11307	2	
27	15404	1	
27	16430	1	
27	1076	1	
27	5687	1	
27	588	1	
27	15438	1	
27	592	3	
27	21586	2	
27	685	1	
27	5232	1	
27	14970	1	
27	20095	1	
27	2179	1	
27	13445	1	
27	5655	2	
27	19094	1	
27	19096	1	
27	13981	1	
27	16544	1	
27	21104	1	
27	10409	1	
27	170	1	
27	14509	2	
27	8892	1	
27	14019	1	
27	16589	1	
27	4823	2	
27	15577	1	
27	4781	1	
27	17123	1	
27	8421	1	
27	6380	1	
27	5366	1	
27	15616	1	
27	8449	1	
27	4867	1	
27	4868	1	
27	1409	1	
27	3339	1	
27	4366	1	
27	3343	1	
27	8988	1	
27	12588	1	
27	1844	1	
27	14649	1	
27	12091	1	
27	17216	1	
27	16193	1	
27	10565	1	
27	17225	1	
27	331	1	
27	15695	1	
27	12625	3	
27	5459	1	
27	9044	1	
27	4438	1	
27	10553	1	
27	21850	1	
27	10555	2	
27	15717	1	
27	8550	1	
27	15207	1	
27	10103	2	
27	7548	1	
27	1918	1	
27	21889	1	
27	395	1	
27	910	2	
27	19349	1	
27	20384	1	
27	2990	1	
27	17332	1	
27	12213	2	
27	17339	1	
27	22464	2	
27	4000	2	
27	15817	1	
27	15818	1	
27	4058	1	
27	21984	1	
27	995	1	
27	15849	1	
27	11760	1	
27	11763	1	
27	11771	1	
28	19460	1	
28	16774	1	
28	9543	1	
28	3528	1	
28	14473	1	
28	15499	1	
28	21586	1	
28	4238	1	
28	17229	1	
28	16432	1	
28	3058	1	
28	1844	1	
28	13174	1	
28	21652	1	
28	10205	1	
28	15903	1	
29	5321	1	
29	172	1	
