1	9729	2	
1	13316	1	
1	15448	1	
1	1048	1	
1	20507	1	
1	11294	1	
1	18975	1	
1	21295	1	
1	9051	1	
1	548	1	
1	3113	1	
1	3629	1	
1	3636	1	
1	12354	1	
1	3141	1	
1	9290	1	
1	1099	1	
1	13388	1	
1	13389	2	
1	9816	1	
1	5288	1	
1	12901	1	
1	9831	1	
1	21613	1	
1	14448	1	
1	13937	2	
1	1140	2	
1	3197	1	
1	18056	1	
1	14475	1	
1	17558	1	
1	19737	1	
1	4760	1	
1	1220	1	
1	22383	1	
1	10011	1	
1	5285	1	
1	6824	1	
1	19124	1	
1	4277	1	
1	6345	1	
1	2747	1	
1	11969	1	
1	15556	1	
1	9929	1	
1	12151	1	
1	9436	1	
1	21739	1	
1	4339	1	
1	9973	1	
1	1280	1	
1	13570	1	
1	18181	1	
1	18182	1	
1	17163	1	
1	4364	1	
1	4882	1	
1	4886	1	
1	2329	1	
1	7451	1	
1	8995	1	
1	5928	2	
1	7471	1	
1	3376	1	
1	11569	1	
1	21814	1	
1	13117	1	
1	6463	1	
1	4420	1	
1	9047	1	
1	17295	1	
1	19396	1	
1	5988	1	
1	3951	1	
1	1399	2	
1	9081	1	
1	8574	1	
1	897	1	
1	20203	1	
1	14730	1	
1	8079	1	
1	20882	3	
1	12190	1	
1	20384	1	
1	3489	1	
1	6568	1	
1	11181	1	
1	9139	1	
1	13236	1	
1	3060	1	
1	19900	1	
1	12734	2	
1	13252	1	
1	19397	1	
1	588	1	
1	20427	1	
1	20429	2	
1	9167	1	
1	8867	1	
1	18905	1	
1	19939	1	
1	12265	2	
1	20459	1	
1	20463	2	
1	4776	1	
1	17908	1	
2	5638	1	
2	7	1	
2	18442	1	
2	11787	1	
2	11791	1	
2	11792	1	
2	17271	1	
2	11284	1	
2	5806	2	
2	22551	1	
2	19204	1	
2	4123	1	
2	4647	1	
2	11612	1	
2	22571	1	
2	3629	1	
2	11823	1	
2	2608	1	
2	17066	1	
2	6709	1	
2	12354	1	
2	20547	1	
2	6213	1	
2	12870	1	
2	588	2	
2	17490	1	
2	22611	1	
2	6741	1	
2	13398	1	
2	5207	1	
2	12891	1	
2	8797	2	
2	15966	1	
2	18022	1	
2	22119	3	
2	9831	2	
2	9836	1	
2	18030	1	
2	15985	1	
2	1140	2	
2	22140	1	
2	14973	1	
2	18046	2	
2	11392	1	
2	18051	1	
2	9351	2	
2	13451	1	
2	6798	1	
2	13388	1	
2	13979	1	
2	18080	1	
2	17435	2	
2	5797	1	
2	5289	1	
2	13994	1	
2	22188	1	
2	20142	1	
2	13490	1	
2	19124	1	
2	185	1	
2	3258	1	
2	19133	1	
2	11969	1	
2	12998	1	
2	20169	1	
2	12151	1	
2	20172	1	
2	17103	2	
2	5840	1	
2	7889	1	
2	4306	1	
2	15575	1	
2	11992	1	
2	11471	1	
2	5340	1	
2	4831	1	
2	12512	1	
2	740	1	
2	14053	1	
2	16104	1	
2	5355	1	
2	18162	1	
2	250	1	
2	12030	1	
2	14592	2	
2	4868	3	
2	17163	1	
2	12558	1	
2	17679	1	
2	7952	1	
2	8056	1	
2	2834	1	
2	10515	1	
2	10008	1	
2	20519	1	
2	5917	1	
2	2846	1	
2	8490	1	
2	3374	1	
2	7471	1	
2	12081	1	
2	21305	1	
2	839	1	
2	9034	2	
2	3406	1	
2	3408	1	
2	12625	1	
2	14677	2	
2	13658	1	
2	16220	1	
2	2911	1	
2	9069	1	
2	19310	2	
2	22385	2	
2	12150	1	
2	1399	3	
2	8568	1	
2	10730	1	
2	6528	1	
2	395	1	
2	16269	1	
2	7055	1	
2	20882	1	
2	18324	1	
2	2965	1	
2	12357	1	
2	20384	2	
2	20900	1	
2	6568	1	
2	7081	1	
2	22442	6	
2	4011	1	
2	11183	1	
2	7088	1	
2	5554	1	
2	19898	1	
2	5564	2	
2	5567	1	
2	15808	1	
2	8641	6	
2	21957	1	
2	11207	1	
2	15817	1	
2	12746	1	
2	20427	1	
2	11212	1	
2	15821	1	
2	9167	1	
2	2003	1	
2	8158	1	
2	22496	1	
2	3554	1	
2	3562	2	
2	13295	1	
2	13516	1	
2	254	1	
2	19113	1	
2	4601	1	
2	6651	1	
2	11946	1	
2	9726	1	
2	16981	1	
3	8193	1	
3	13316	1	
3	11271	2	
3	20497	1	
3	1560	1	
3	1049	2	
3	4647	1	
3	3113	1	
3	12842	1	
3	1068	2	
3	12333	1	
3	6702	1	
3	6713	1	
3	22368	1	
3	11817	2	
3	12878	1	
3	3153	1	
3	9816	1	
3	18521	1	
3	19553	1	
3	9831	1	
3	2666	1	
3	21613	3	
3	18030	1	
3	19133	1	
3	21617	1	
3	1140	1	
3	22138	1	
3	22140	1	
3	9854	1	
3	2704	1	
3	18067	1	
3	2197	1	
3	5276	1	
3	1697	1	
3	13986	1	
3	7451	1	
3	12966	1	
3	13937	2	
3	12746	1	
3	10943	1	
3	20169	1	
3	13514	1	
3	17271	3	
3	20172	3	
3	2770	1	
3	12153	1	
3	11992	1	
3	20188	1	
3	7903	1	
3	16103	2	
3	5352	1	
3	2285	1	
3	16111	1	
3	18046	1	
3	11511	1	
3	18174	1	
3	18175	1	
3	14592	1	
3	13570	1	
3	2309	1	
3	17671	1	
3	3339	1	
3	12558	2	
3	11821	1	
3	4881	1	
3	18473	1	
3	10011	1	
3	1821	1	
3	1823	1	
3	9509	1	
3	10022	1	
3	3369	1	
3	21305	1	
3	21818	1	
3	7483	1	
3	330	1	
3	2389	1	
3	8026	1	
3	19770	1	
3	9568	1	
3	16229	1	
3	20329	1	
3	6000	1	
3	12147	1	
3	1399	2	
3	21880	1	
3	17273	1	
3	11647	1	
3	11651	1	
3	2449	1	
3	22418	1	
3	19347	1	
3	925	1	
3	20384	1	
3	15266	1	
3	18852	1	
3	4008	1	
3	12202	1	
3	8093	1	
3	7088	1	
3	13242	1	
3	10683	1	
3	19900	1	
3	22464	3	
3	8641	2	
3	3528	1	
3	11210	1	
3	4043	1	
3	17872	1	
3	18391	1	
3	8158	2	
3	19938	1	
3	11748	1	
3	10218	1	
3	8684	1	
3	13295	3	
3	3568	1	
3	5618	1	
3	14836	1	
3	22442	3	
3	2559	1	
4	9729	1	
4	8198	1	
4	1032	1	
4	3082	1	
4	11790	1	
4	15448	1	
4	11284	1	
4	19992	1	
4	20519	1	
4	8236	1	
4	6707	1	
4	13877	3	
4	3127	1	
4	7690	1	
4	12471	1	
4	17996	1	
4	13389	1	
4	16462	1	
4	6741	1	
4	3158	1	
4	13912	1	
4	20569	1	
4	10857	1	
4	7471	1	
4	1140	1	
4	3702	1	
4	10362	1	
4	5246	2	
4	6791	1	
4	14985	1	
4	10895	1	
4	5276	1	
4	11939	1	
4	13989	1	
4	11946	1	
4	10411	1	
4	1710	1	
4	7855	1	
4	20169	2	
4	3258	1	
4	13506	1	
4	12489	1	
4	4810	1	
4	20171	1	
4	13516	1	
4	17104	1	
4	8425	1	
4	7920	1	
4	14592	1	
4	14081	1	
4	16131	1	
4	7432	1	
4	4881	1	
4	13078	1	
4	11547	1	
4	20260	1	
4	5416	1	
4	2351	1	
4	7483	1	
4	6976	1	
4	839	1	
4	21832	1	
4	16220	4	
4	2911	2	
4	2914	1	
4	3943	1	
4	3948	1	
4	9069	2	
4	1399	1	
4	16761	1	
4	9607	1	
4	9610	2	
4	17807	1	
4	5527	1	
4	22442	1	
4	7089	1	
4	19378	1	
4	13242	1	
4	5564	1	
4	5565	1	
4	16831	2	
4	8641	2	
4	13388	1	
4	11210	1	
4	11211	2	
4	11212	3	
4	8158	1	
4	8161	1	
4	15845	1	
4	4604	1	
4	3058	1	
4	18423	1	
4	460	1	
5	13316	1	
5	1032	1	
5	2063	1	
5	14509	1	
5	3417	1	
5	15903	1	
5	3106	1	
5	1076	1	
5	11832	1	
5	13884	1	
5	2622	1	
5	5183	1	
5	22600	1	
5	13388	1	
5	12878	1	
5	5205	3	
5	17495	1	
5	9816	4	
5	4189	1	
5	18022	1	
5	5736	1	
5	3690	2	
5	21613	3	
5	13937	1	
5	19058	2	
5	19571	1	
5	1140	1	
5	1141	2	
5	18042	1	
5	22141	1	
5	11902	1	
5	19074	1	
5	19093	1	
5	5276	2	
5	9887	2	
5	22181	1	
5	5288	1	
5	22188	1	
5	9901	1	
5	7855	1	
5	14001	1	
5	8884	1	
5	15543	1	
5	15035	1	
5	11210	1	
5	15819	2	
5	11378	1	
5	13514	1	
5	12663	1	
5	12495	1	
5	18128	1	
5	4823	1	
5	11992	2	
5	5339	1	
5	15994	1	
5	13022	1	
5	4831	1	
5	8425	1	
5	7919	1	
5	2289	2	
5	638	1	
5	11511	1	
5	7928	1	
5	18172	2	
5	17661	1	
5	7938	1	
5	4868	1	
5	18181	1	
5	19718	1	
5	22281	1	
5	4364	1	
5	21264	1	
5	12050	1	
5	11547	2	
5	7453	1	
5	5414	1	
5	12076	1	
5	7471	1	
5	13111	1	
5	328	1	
5	11600	4	
5	22355	1	
5	12633	1	
5	8026	1	
5	9662	1	
5	9572	1	
5	13159	1	
5	9583	1	
5	22385	1	
5	17778	1	
5	1399	2	
5	8062	1	
5	11651	1	
5	19332	1	
5	22414	1	
5	22416	1	
5	2449	1	
5	19346	1	
5	21912	1	
5	7088	1	
5	12360	1	
5	22457	1	
5	12734	1	
5	22464	3	
5	11714	1	
5	19397	1	
5	13255	1	
5	15817	1	
5	12746	2	
5	11211	1	
5	2896	1	
5	18904	1	
5	8158	1	
5	8161	1	
5	22509	1	
5	11603	1	
5	18420	1	
5	18423	1	
5	6652	2	
6	13316	1	
6	14346	1	
6	11790	1	
6	17424	1	
6	11287	1	
6	16416	1	
6	20170	1	
6	12842	3	
6	22571	1	
6	8236	1	
6	3629	1	
6	9139	2	
6	13877	1	
6	13880	1	
6	6713	3	
6	13882	1	
6	1089	1	
6	587	1	
6	13388	3	
6	12878	2	
6	20559	1	
6	592	1	
6	9816	1	
6	15449	1	
6	8797	2	
6	15459	1	
6	5220	1	
6	22119	1	
6	10857	1	
6	9831	1	
6	18540	1	
6	21613	1	
6	1140	2	
6	9833	1	
6	11898	1	
6	22141	1	
6	13950	1	
6	6791	1	
6	12939	1	
6	6798	1	
6	9496	1	
6	9364	1	
6	14489	1	
6	16543	1	
6	13986	1	
6	6826	1	
6	11719	1	
6	6828	2	
6	17070	1	
6	19133	1	
6	2755	1	
6	9924	1	
6	14535	1	
6	17608	1	
6	20169	1	
6	13514	1	
6	20172	1	
6	11992	1	
6	16605	1	
6	2273	1	
6	2854	1	
6	16616	2	
6	7915	1	
6	17661	1	
6	14592	1	
6	7937	1	
6	14595	2	
6	4868	1	
6	16135	1	
6	19208	1	
6	19723	1	
6	21264	1	
6	15128	1	
6	5414	2	
6	20774	1	
6	8490	1	
6	7471	1	
6	12081	1	
6	21305	1	
6	3392	1	
6	14677	3	
6	8026	1	
6	1371	1	
6	16220	1	
6	2407	1	
6	8556	1	
6	9069	1	
6	16104	1	
6	16757	1	
6	1399	3	
6	12153	1	
6	12162	1	
6	17798	1	
6	21898	1	
6	22418	1	
6	21912	1	
6	6044	1	
6	20915	1	
6	11195	1	
6	5564	1	
6	5565	1	
6	21950	1	
6	5567	1	
6	8641	1	
6	11714	1	
6	19396	1	
6	21957	1	
6	21958	2	
6	12743	1	
6	15820	1	
6	9167	1	
6	1489	1	
6	13266	1	
6	19939	1	
6	11760	1	
6	508	1	
6	11946	2	
7	13316	3	
7	6153	1	
7	14346	1	
7	9739	1	
7	17424	1	
7	11282	1	
7	11284	1	
7	3629	1	
7	11823	1	
7	1076	2	
7	13877	1	
7	18999	1	
7	22585	1	
7	21856	1	
7	20547	1	
7	19017	1	
7	6732	1	
7	20562	1	
7	13398	1	
7	5210	1	
7	8797	1	
7	1119	1	
7	8803	1	
7	9831	1	
7	8299	1	
7	9836	1	
7	21613	1	
7	9839	1	
7	12364	1	
7	13937	1	
7	1140	2	
7	11898	1	
7	1147	1	
7	22140	1	
7	5246	1	
7	17023	1	
7	3720	1	
7	13452	1	
7	9869	1	
7	5776	1	
7	10592	1	
7	5780	1	
7	3764	1	
7	9398	1	
7	20170	1	
7	9918	1	
7	20167	1	
7	18632	1	
7	4810	1	
7	20172	1	
7	6869	1	
7	8922	1	
7	4339	1	
7	11511	1	
7	18686	1	
7	14037	1	
7	16640	1	
7	4868	2	
7	2309	1	
7	16138	1	
7	17163	2	
7	17172	1	
7	8985	1	
7	8989	1	
7	22303	1	
7	16672	2	
7	16682	1	
7	15666	1	
7	20794	1	
7	5951	1	
7	9038	1	
7	14677	1	
7	14176	1	
7	3943	1	
7	5480	1	
7	9069	1	
7	6000	1	
7	18766	1	
7	1399	3	
7	4986	1	
7	9600	1	
7	7044	1	
7	20360	1	
7	9610	1	
7	395	2	
7	13710	2	
7	7055	1	
7	920	1	
7	15262	1	
7	14751	1	
7	11684	1	
7	22442	4	
7	7088	1	
7	22457	1	
7	8636	1	
7	5567	1	
7	22464	2	
7	8641	1	
7	14276	1	
7	11207	3	
7	11208	2	
7	13388	2	
7	6606	1	
7	20302	1	
7	18904	1	
7	18852	1	
7	8161	2	
7	19938	1	
7	4067	2	
7	3562	1	
7	8684	2	
7	20463	1	
7	18420	2	
7	4601	1	
8	1280	1	
8	9730	1	
8	21993	1	
8	13316	1	
8	7	1	
8	22024	1	
8	11524	1	
8	22557	1	
8	10786	1	
8	9777	1	
8	1074	1	
8	1076	2	
8	13877	1	
8	9782	1	
8	21058	1	
8	20171	3	
8	12364	1	
8	12878	1	
8	592	1	
8	20562	1	
8	13398	1	
8	15451	1	
8	21605	1	
8	20070	1	
8	6760	1	
8	21613	2	
8	5742	2	
8	21617	2	
8	21618	1	
8	1140	4	
8	2166	1	
8	14970	1	
8	19582	1	
8	18559	1	
8	22464	1	
8	15491	2	
8	5764	1	
8	1669	1	
8	6791	1	
8	15499	1	
8	13965	2	
8	15981	1	
8	13388	1	
8	17688	1	
8	14483	1	
8	18030	3	
8	1818	2	
8	10407	1	
8	10920	1	
8	20142	1	
8	8989	1	
8	15539	1	
8	19133	2	
8	11969	1	
8	11723	1	
8	19654	1	
8	20170	1	
8	12151	1	
8	14542	1	
8	7889	1	
8	19155	1	
8	14037	1	
8	14993	1	
8	10975	1	
8	7392	1	
8	16616	1	
8	5866	1	
8	20209	1	
8	18162	1	
8	809	1	
8	588	1	
8	5377	1	
8	4868	3	
8	18181	1	
8	19718	1	
8	16001	3	
8	4364	2	
8	15631	1	
8	15128	1	
8	8986	1	
8	4381	1	
8	4894	1	
8	1823	2	
8	4033	1	
8	17372	1	
8	15660	2	
8	4399	1	
8	7476	1	
8	12089	1	
8	3396	1	
8	3126	1	
8	3400	1	
8	11600	3	
8	6627	1	
8	14677	2	
8	21305	2	
8	19802	1	
8	11008	1	
8	19939	1	
8	4496	1	
8	8550	1	
8	2407	1	
8	6505	1	
8	8043	1	
8	8556	1	
8	9069	1	
8	22385	1	
8	882	1	
8	1399	3	
8	4986	1	
8	4475	1	
8	1918	3	
8	1922	1	
8	9607	1	
8	21392	1	
8	4497	1	
8	20882	1	
8	10646	1	
8	920	1	
8	14235	1	
8	12190	1	
8	19781	2	
8	22442	1	
8	7089	1	
8	1459	1	
8	953	3	
8	1469	1	
8	12734	2	
8	16831	1	
8	7104	1	
8	13249	1	
8	16835	1	
8	16324	1	
8	19958	1	
8	6732	1	
8	12746	1	
8	15819	1	
8	6606	1	
8	18393	1	
8	7644	1	
8	8158	2	
8	4067	1	
8	9700	1	
8	2025	1	
8	11760	1	
8	16373	1	
8	20470	1	
8	18423	1	
8	3064	1	
9	11521	1	
9	8566	1	
9	16259	1	
9	13316	1	
9	18181	1	
9	19718	4	
9	1089	1	
9	1032	1	
9	17546	1	
9	11787	2	
9	13452	2	
9	11790	1	
9	11791	2	
9	22032	2	
9	6547	1	
9	14475	1	
9	8878	1	
9	19350	1	
9	22295	1	
9	4868	2	
9	6554	1	
9	13979	1	
9	6300	1	
9	1669	1	
9	2464	1	
9	9777	1	
9	1399	1	
9	7089	1	
9	19174	1	
9	2460	1	
9	16682	1	
9	22571	1	
9	20781	1	
9	15534	1	
9	19016	1	
9	1076	2	
9	15817	1	
9	1336	1	
9	2911	1	
9	8906	1	
9	20799	1	
9	12746	1	
9	8641	3	
9	13506	1	
9	21699	1	
9	15556	1	
9	1526	1	
9	11590	1	
9	6732	1	
9	21832	1	
9	20169	1	
9	11210	1	
9	1099	2	
9	588	1	
9	20429	1	
9	9167	1	
9	5841	1	
9	4364	1	
9	15808	1	
9	5425	1	
9	5208	1	
9	15451	1	
9	12481	1	
9	16758	1	
9	18022	1	
9	9831	1	
9	3562	1	
9	20519	1	
9	8684	1	
9	21613	3	
9	20463	1	
9	22385	1	
9	11283	1	
9	1140	2	
9	1141	2	
9	3702	1	
9	17271	1	
9	12151	1	
9	11898	1	
9	22442	3	
10	4096	1	
10	4102	1	
10	20999	1	
10	22024	1	
10	11787	1	
10	6670	1	
10	12888	1	
10	9244	1	
10	22557	1	
10	22369	1	
10	20519	1	
10	3113	1	
10	20014	1	
10	6709	1	
10	8758	1	
10	12350	1	
10	22082	1	
10	3652	1	
10	12357	1	
10	11335	1	
10	6732	3	
10	6741	8	
10	13398	1	
10	13912	1	
10	13404	1	
10	8797	1	
10	8033	1	
10	15474	1	
10	1140	1	
10	1141	2	
10	7289	1	
10	17530	1	
10	1147	1	
10	18045	2	
10	20099	1	
10	9351	1	
10	13388	1	
10	13459	1	
10	19094	1	
10	15512	1	
10	10410	1	
10	7854	1	
10	10927	1	
10	14530	1	
10	20854	1	
10	8902	1	
10	7370	1	
10	17271	1	
10	13516	3	
10	4303	1	
10	11385	2	
10	11992	1	
10	19066	1	
10	4831	1	
10	11511	1	
10	3326	1	
10	14081	1	
10	16131	1	
10	7433	1	
10	18200	1	
10	7451	2	
10	21295	1	
10	7985	1	
10	10549	1	
10	12091	2	
10	20284	1	
10	16190	1	
10	831	1	
10	8518	1	
10	4942	1	
10	4943	1	
10	9554	1	
10	14677	2	
10	21850	1	
10	859	2	
10	16220	1	
10	3937	1	
10	2407	1	
10	18282	1	
10	5995	1	
10	5996	1	
10	9069	1	
10	10463	1	
10	18805	1	
10	10102	1	
10	1399	2	
10	8056	1	
10	14714	1	
10	17290	1	
10	8026	1	
10	19096	1	
10	20882	1	
10	17818	1	
10	15266	1	
10	6053	1	
10	22442	2	
10	7095	1	
10	11710	1	
10	11714	1	
10	17996	1	
10	15823	1	
10	3536	1	
10	4088	1	
10	9684	1	
10	9550	1	
10	9686	1	
10	19938	1	
10	20463	1	
10	2040	1	
10	4090	1	
10	15356	1	
10	22013	1	
11	18960	1	
11	18962	2	
11	7854	1	
11	22551	4	
11	7706	1	
11	9244	1	
11	22557	3	
11	9246	1	
11	9247	2	
11	5155	1	
11	20010	6	
11	22571	1	
11	20018	1	
11	11832	1	
11	20537	1	
11	12354	1	
11	8260	1	
11	588	1	
11	6741	2	
11	15447	1	
11	21605	1	
11	21613	1	
11	18030	1	
11	21618	1	
11	22423	1	
11	1141	3	
11	1147	1	
11	13592	1	
11	20095	2	
11	9351	1	
11	13452	1	
11	18200	1	
11	13459	1	
11	14495	2	
11	16544	1	
11	14500	1	
11	22181	1	
11	10407	1	
11	17070	1	
11	15540	1	
11	5150	3	
11	9398	1	
11	1140	3	
11	6864	1	
11	19162	1	
11	13532	2	
11	7392	1	
11	2275	1	
11	21739	1	
11	16625	1	
11	15609	1	
11	11514	3	
11	8746	1	
11	18686	1	
11	255	1	
11	1280	1	
11	7937	2	
11	4364	1	
11	12567	1	
11	19224	1	
11	17186	1	
11	21292	1	
11	7471	1	
11	15664	1	
11	6459	1	
11	13129	1	
11	5450	1	
11	2899	1	
11	2446	1	
11	9047	1	
11	15163	1	
11	13681	1	
11	1399	3	
11	14717	1	
11	8579	1	
11	9606	1	
11	2443	2	
11	17806	2	
11	11151	1	
11	14743	1	
11	11164	1	
11	16804	3	
11	2991	1	
11	16543	1	
11	11714	2	
11	6732	1	
11	7650	1	
11	7655	1	
11	6137	1	
11	4092	2	
12	13316	2	
12	22024	1	
12	9241	1	
12	1050	1	
12	8749	1	
12	13880	1	
12	11841	1	
12	12354	1	
12	20547	1	
12	8260	1	
12	9289	1	
12	13388	1	
12	21582	1	
12	6741	1	
12	2649	1	
12	2661	2	
12	18022	1	
12	2666	1	
12	21613	1	
12	18030	1	
12	13937	2	
12	1140	3	
12	12734	1	
12	11385	2	
12	15994	1	
12	1147	1	
12	13950	2	
12	20095	1	
12	11392	1	
12	1668	1	
12	1669	1	
12	1162	1	
12	14475	1	
12	13452	1	
12	14477	1	
12	14019	1	
12	16545	1	
12	15019	1	
12	17070	2	
12	9919	1	
12	21699	1	
12	7879	1	
12	1399	5	
12	15574	1	
12	12510	2	
12	10975	1	
12	16610	1	
12	18046	1	
12	15609	1	
12	11514	2	
12	10357	1	
12	8961	1	
12	18183	1	
12	4364	1	
12	18714	1	
12	15133	1	
12	11909	1	
12	15660	1	
12	7471	1	
12	18736	1	
12	7476	1	
12	9013	1	
12	9034	1	
12	16205	1	
12	4944	1	
12	14677	2	
12	7516	1	
12	18794	1	
12	18797	1	
12	17263	1	
12	13459	1	
12	10103	2	
12	16761	1	
12	4986	1	
12	16771	1	
12	10119	1	
12	22418	1	
12	22422	2	
12	12699	1	
12	2460	1	
12	12702	1	
12	4000	2	
12	12716	1	
12	19900	1	
12	3006	1	
12	7104	1	
12	19397	1	
12	15820	1	
12	20429	1	
12	8144	1	
12	1141	2	
12	2024	1	
12	20463	1	
12	4084	1	
12	11771	1	
12	4092	2	
13	512	1	
13	13316	1	
13	18964	1	
13	22551	1	
13	15279	1	
13	4647	1	
13	11821	1	
13	17466	1	
13	1089	1	
13	12354	2	
13	12360	1	
13	12471	1	
13	13901	1	
13	20047	2	
13	13907	1	
13	16470	1	
13	5208	1	
13	18528	1	
13	3171	3	
13	22119	1	
13	9321	1	
13	18540	1	
13	3694	1	
13	21617	1	
13	1140	3	
13	1141	1	
13	11385	1	
13	1147	2	
13	13440	2	
13	1669	1	
13	10889	3	
13	13452	1	
13	11926	1	
13	14488	1	
13	14492	1	
13	16543	1	
13	6822	1	
13	10412	1	
13	17070	2	
13	6839	1	
13	628	1	
13	629	1	
13	7362	1	
13	14538	1	
13	4818	1	
13	15574	1	
13	4823	1	
13	5863	1	
13	16616	1	
13	748	1	
13	2770	1	
13	4339	1	
13	11514	2	
13	18174	1	
13	22271	1	
13	4864	1	
13	8961	1	
13	4364	1	
13	10515	1	
13	19740	1	
13	17184	2	
13	4900	2	
13	6437	1	
13	6438	1	
13	15160	1	
13	831	1	
13	832	2	
13	9543	5	
13	6984	1	
13	15178	1	
13	20305	1	
13	14677	2	
13	9047	1	
13	2394	1	
13	22369	2	
13	743	1	
13	9069	1	
13	22385	1	
13	1399	6	
13	10644	1	
13	2435	1	
13	3460	1	
13	9606	2	
13	16776	1	
13	2443	1	
13	17811	1	
13	19348	2	
13	19862	1	
13	22423	1	
13	22426	1	
13	12187	1	
13	12700	2	
13	16798	1	
13	18852	1	
13	22442	1	
13	12717	1	
13	2990	1	
13	2991	1	
13	22448	1	
13	7095	2	
13	13753	1	
13	3006	1	
13	21493	1	
13	6596	1	
13	250	1	
13	10210	1	
13	15855	1	
13	18686	1	
13	4092	2	
13	11773	1	
14	5632	1	
14	13316	1	
14	9132	1	
14	22607	1	
14	14862	1	
14	12816	1	
14	10262	1	
14	8216	1	
14	4868	1	
14	22557	1	
14	5158	1	
14	12842	2	
14	1076	2	
14	6713	1	
14	6715	1	
14	8765	1	
14	9791	1	
14	13888	1	
14	12354	2	
14	20046	2	
14	20047	1	
14	13907	2	
14	16981	1	
14	6746	1	
14	3692	2	
14	21613	1	
14	7278	1	
14	1140	1	
14	15990	1	
14	633	1	
14	3206	2	
14	19083	1	
14	2194	1	
14	2166	1	
14	15000	1	
14	4762	1	
14	10407	2	
14	14509	1	
14	6834	1	
14	17093	3	
14	3788	1	
14	13516	2	
14	17621	1	
14	2775	2	
14	741	1	
14	1256	1	
14	7422	2	
14	1280	1	
14	9985	1	
14	260	1	
14	17671	1	
14	9982	1	
14	20254	1	
14	22304	1	
14	11555	1	
14	15144	1	
14	6953	1	
14	12093	1	
14	3392	2	
14	18571	1	
14	9034	2	
14	18765	1	
14	16223	1	
14	22368	1	
14	14689	2	
14	2407	1	
14	2416	1	
14	1399	4	
14	22398	1	
14	1413	1	
14	9606	1	
14	13710	1	
14	11151	1	
14	1936	1	
14	20882	1	
14	6547	1	
14	19862	1	
14	21912	1	
14	15266	2	
14	15276	1	
14	7095	4	
14	13242	1	
14	8636	1	
14	9167	1	
14	17360	1	
14	10709	1	
14	3547	1	
14	10214	1	
14	19950	1	
14	20463	1	
14	15614	1	
14	1526	1	
14	5623	1	
14	4092	1	
14	6741	1	
15	5867	1	
15	13316	1	
15	13445	1	
15	19718	1	
15	11969	1	
15	11787	2	
15	5005	1	
15	9230	1	
15	20010	1	
15	16017	1	
15	22418	1	
15	3943	1	
15	10262	1	
15	14743	1	
15	18017	1	
15	2607	1	
15	8988	1	
15	15773	2	
15	15903	1	
15	17996	1	
15	1399	3	
15	18852	1	
15	8229	1	
15	4007	2	
15	13532	1	
15	22442	3	
15	8236	1	
15	14895	1	
15	15664	1	
15	18019	1	
15	12594	1	
15	7732	1	
15	13365	1	
15	7095	1	
15	20047	1	
15	15548	2	
15	5309	1	
15	9918	1	
15	1089	1	
15	8770	1	
15	12354	1	
15	17093	3	
15	4947	1	
15	3528	1	
15	19657	1	
15	10709	1	
15	1099	1	
15	13388	1	
15	6741	1	
15	20329	1	
15	9170	1	
15	9043	1	
15	14677	1	
15	10710	1	
15	10745	2	
15	7204	1	
15	6746	1	
15	15707	1	
15	16220	1	
15	1120	1	
15	4960	1	
15	17890	1	
15	17891	1	
15	13979	1	
15	9445	1	
15	6758	1	
15	12905	1	
15	1256	1	
15	745	1	
15	6506	1	
15	8043	1	
15	19950	1	
15	20463	1	
15	13937	1	
15	22557	1	
15	1140	3	
15	1141	1	
15	1526	1	
15	11511	2	
15	4601	1	
15	7039	2	
15	4092	1	
15	2173	1	
15	4094	1	
15	4949	1	
16	12288	1	
16	11787	1	
16	7180	1	
16	6687	2	
16	17441	1	
16	7204	2	
16	22571	1	
16	15408	1	
16	20024	1	
16	20026	1	
16	12354	1	
16	587	1	
16	13388	1	
16	13398	1	
16	20569	1	
16	19549	1	
16	3685	1	
16	19552	1	
16	21605	1	
16	8988	1	
16	9833	1	
16	21613	1	
16	13937	1	
16	1140	3	
16	1141	2	
16	11385	1	
16	14972	1	
16	13452	1	
16	19096	1	
16	19113	1	
16	11969	1	
16	545	1	
16	11976	1	
16	5325	1	
16	20687	1	
16	20177	1	
16	19408	1	
16	741	1	
16	21739	1	
16	2289	1	
16	9172	1	
16	7039	1	
16	1280	1	
16	4868	1	
16	19718	1	
16	16135	1	
16	15631	1	
16	2834	1	
16	4885	2	
16	19740	1	
16	20260	1	
16	19420	1	
16	12594	4	
16	3386	1	
16	9034	1	
16	19938	1	
16	11832	1	
16	14677	1	
16	9047	2	
16	18746	1	
16	8421	1	
16	2407	1	
16	18287	1	
16	1399	1	
16	12671	1	
16	9090	1	
16	9606	1	
16	17903	1	
16	15773	1	
16	15266	1	
16	22442	3	
16	4084	2	
16	19389	1	
16	15808	1	
16	8641	1	
16	3524	1	
16	3528	2	
16	588	1	
16	20429	1	
16	9167	1	
16	17872	1	
16	9684	2	
16	10709	1	
16	12250	1	
16	21980	1	
16	17890	3	
16	4068	1	
16	20463	1	
16	18420	1	
16	4094	1	
17	12288	1	
17	8195	1	
17	6155	1	
17	17424	1	
17	22557	2	
17	15903	1	
17	8747	1	
17	3629	1	
17	17466	1	
17	22589	1	
17	13891	1	
17	13388	1	
17	16468	1	
17	597	1	
17	20054	1	
17	14426	1	
17	13404	1	
17	18528	2	
17	6760	1	
17	9833	1	
17	8810	1	
17	6254	1	
17	2673	1	
17	1140	2	
17	10857	1	
17	17530	1	
17	1147	1	
17	4221	1	
17	19582	1	
17	20611	1	
17	16516	1	
17	9351	1	
17	11913	1	
17	1163	1	
17	13452	1	
17	17042	1	
17	3220	1	
17	15014	1	
17	21617	1	
17	22186	2	
17	14509	1	
17	17583	1	
17	4276	1	
17	12471	1	
17	21177	1	
17	5306	1	
17	3259	1	
17	5309	1	
17	16064	1	
17	11969	2	
17	2243	1	
17	8906	1	
17	20688	1	
17	721	1	
17	7380	1	
17	213	1	
17	4218	1	
17	16616	1	
17	12521	1	
17	7915	1	
17	7917	1	
17	2173	1	
17	15096	1	
17	250	1	
17	22571	1	
17	4868	1	
17	19718	1	
17	15117	1	
17	5394	1	
17	4894	1	
17	17184	1	
17	19238	2	
17	5927	1	
17	4399	1	
17	7474	1	
17	7477	1	
17	18746	1	
17	16193	1	
17	22340	1	
17	9543	1	
17	20303	1	
17	3408	1	
17	20817	1	
17	16220	1	
17	14689	1	
17	5996	2	
17	9069	1	
17	1399	2	
17	21880	1	
17	4986	1	
17	382	1	
17	6528	1	
17	8079	1	
17	13723	1	
17	13218	1	
17	6052	1	
17	423	1	
17	12202	1	
17	22448	1	
17	12216	1	
17	5566	1	
17	11714	1	
17	8131	1	
17	6599	1	
17	3528	2	
17	6606	2	
17	17359	1	
17	14800	1	
17	6114	1	
17	5092	1	
17	15845	1	
17	20463	1	
17	16373	1	
18	12162	1	
18	2307	1	
18	13316	2	
18	5638	1	
18	7303	1	
18	18185	1	
18	13741	1	
18	13584	1	
18	20882	1	
18	4390	1	
18	4886	1	
18	5527	1	
18	19737	1	
18	8988	1	
18	22557	1	
18	4894	1	
18	11846	1	
18	21414	1	
18	11431	1	
18	2332	2	
18	3373	1	
18	9139	1	
18	18180	1	
18	20203	1	
18	21305	1	
18	18746	1	
18	18108	1	
18	3517	1	
18	12734	2	
18	17727	1	
18	12746	1	
18	13889	1	
18	19654	1	
18	13388	1	
18	13514	1	
18	20427	1	
18	13516	2	
18	11471	4	
18	11600	1	
18	14677	1	
18	17751	1	
18	5092	1	
18	6493	1	
18	4318	1	
18	18911	1	
18	7904	1	
18	12514	1	
18	22500	1	
18	17509	1	
18	21094	1	
18	2407	1	
18	9833	1	
18	5355	1	
18	17262	1	
18	19133	1	
18	11760	2	
18	22385	1	
18	1001	1	
18	1140	1	
18	1141	2	
18	1399	4	
18	4601	1	
18	14843	1	
18	11388	1	
18	5246	1	
18	15851	1	
19	7424	2	
19	12288	1	
19	3009	1	
19	3171	1	
19	13316	1	
19	1669	1	
19	19718	1	
19	11969	2	
19	16625	1	
19	14475	1	
19	6797	1	
19	16911	1	
19	8976	2	
19	7699	1	
19	6932	2	
19	19096	1	
19	22426	1	
19	12700	1	
19	4765	1	
19	5150	1	
19	10181	1	
19	12704	1	
19	18087	1	
19	12584	1	
19	14492	1	
19	17706	1	
19	6791	1	
19	3757	1	
19	1280	1	
19	7471	1	
19	1076	1	
19	437	1	
19	15673	1	
19	18746	2	
19	15903	2	
19	13514	4	
19	9918	4	
19	6069	1	
19	21696	1	
19	16416	1	
19	22082	1	
19	13891	1	
19	17093	1	
19	8518	1	
19	5857	1	
19	11850	1	
19	1399	3	
19	4944	2	
19	2403	1	
19	14677	1	
19	4950	1	
19	15704	1	
19	9817	1	
19	11898	1	
19	6213	1	
19	17184	1	
19	1232	1	
19	17890	1	
19	15035	2	
19	1140	1	
19	3408	1	
19	13937	1	
19	9833	2	
19	20803	1	
19	21613	2	
19	7662	1	
19	20463	1	
19	6824	1	
19	21579	1	
19	18420	1	
19	14526	1	
19	10857	2	
19	4067	1	
19	19348	1	
19	15994	1	
19	22463	1	
19	8490	1	
19	9983	1	
20	6571	1	
20	13316	1	
20	1281	1	
20	22551	1	
20	545	1	
20	18471	1	
20	22571	1	
20	8236	1	
20	3629	2	
20	9777	1	
20	11827	1	
20	1076	2	
20	16950	1	
20	20024	1	
20	22585	1	
20	22589	2	
20	1607	1	
20	9305	1	
20	16474	1	
20	21601	1	
20	9831	1	
20	9833	2	
20	21613	1	
20	3184	1	
20	625	1	
20	1140	2	
20	11381	1	
20	11898	1	
20	1147	1	
20	14973	1	
20	19582	1	
20	20095	1	
20	11908	1	
20	7303	1	
20	13459	1	
20	13978	1	
20	13979	1	
20	18596	1	
20	9895	1	
20	19113	1	
20	5300	1	
20	12471	1	
20	11969	1	
20	11753	1	
20	13516	2	
20	11471	1	
20	1744	1	
20	3796	1	
20	19162	1	
20	19165	1	
20	739	1	
20	14060	2	
20	637	1	
20	5246	1	
20	16341	1	
20	8961	1	
20	16131	1	
20	4868	1	
20	13061	1	
20	17162	1	
20	7952	1	
20	2834	1	
20	5398	1	
20	6938	1	
20	8992	1	
20	3373	1	
20	7471	1	
20	1844	1	
20	18746	2	
20	12103	1	
20	14677	2	
20	9047	1	
20	15704	1	
20	16220	3	
20	19305	1	
20	3946	1	
20	8043	1	
20	5996	1	
20	9069	1	
20	10096	1	
20	1399	2	
20	11645	1	
20	7039	1	
20	8067	1	
20	7044	1	
20	11656	1	
20	9610	1	
20	2443	1	
20	7565	1	
20	8079	2	
20	22418	2	
20	917	1	
20	8086	1	
20	16804	1	
20	20389	1	
20	12202	1	
20	4011	1	
20	12716	1	
20	2990	2	
20	11193	1	
20	3524	2	
20	19397	1	
20	3528	1	
20	15818	1	
20	17872	1	
20	7634	1	
20	10709	1	
20	17881	1	
20	18911	1	
20	9697	1	
20	2025	1	
20	16893	1	
20	17395	1	
20	15864	1	
20	6052	1	
20	2986	1	
21	9729	3	
21	13316	1	
21	3589	1	
21	9739	3	
21	11791	1	
21	6155	1	
21	9237	1	
21	13848	1	
21	547	1	
21	4133	1	
21	20519	1	
21	22571	1	
21	3629	1	
21	2608	1	
21	7217	1	
21	1076	1	
21	8770	1	
21	11787	1	
21	588	1	
21	592	1	
21	13399	1	
21	12888	1	
21	602	1	
21	12891	1	
21	8208	1	
21	9833	1	
21	1140	2	
21	1141	1	
21	2166	1	
21	18042	1	
21	1147	2	
21	5246	1	
21	18051	1	
21	1669	1	
21	15494	1	
21	9351	2	
21	1163	1	
21	18065	1	
21	3220	1	
21	11414	1	
21	5793	1	
21	13992	1	
21	18089	1	
21	22188	1	
21	3760	1	
21	3762	1	
21	19133	2	
21	9918	1	
21	18632	1	
21	13516	2	
21	20689	1	
21	4818	1	
21	5331	1	
21	11992	1	
21	20189	1	
21	7903	1	
21	22245	1	
21	4326	1	
21	5841	1	
21	16616	1	
21	21739	2	
21	17646	1	
21	12016	1	
21	6391	1	
21	15096	1	
21	22266	1	
21	12539	1	
21	14592	1	
21	14081	1	
21	7432	1	
21	4364	1	
21	7952	1	
21	6421	1	
21	7471	1	
21	12061	1	
21	19235	1	
21	10020	1	
21	6790	1	
21	5415	1	
21	11569	1	
21	16175	1	
21	12081	1	
21	12089	1	
21	18746	1	
21	4831	3	
21	4417	1	
21	3395	1	
21	21832	1	
21	21323	1	
21	847	2	
21	21305	1	
21	19290	1	
21	8079	1	
21	3943	2	
21	10600	1	
21	3946	1	
21	13681	1	
21	20851	1	
21	1399	2	
21	20856	1	
21	18809	1	
21	14743	1	
21	14725	1	
21	5527	1	
21	10636	1	
21	7055	2	
21	3991	1	
21	920	4	
21	22426	1	
21	2463	1	
21	12705	1	
21	11180	1	
21	13244	1	
21	16324	1	
21	20427	1	
21	9167	3	
21	464	2	
21	18390	1	
21	12247	1	
21	8158	1	
21	17890	1	
21	1510	1	
21	2025	1	
21	21995	1	
21	3564	1	
21	15855	1	
21	3060	1	
21	4602	1	
21	9727	1	
