1	12288	1	
1	22464	1	
1	683	1	
1	8989	1	
1	16773	1	
1	7558	1	
1	1089	1	
1	14828	2	
1	1844	1	
1	11180	1	
1	4364	3	
1	685	1	
1	17936	1	
1	11632	1	
1	22418	1	
1	8238	1	
1	19478	1	
1	22551	1	
1	795	1	
1	19100	1	
1	797	1	
1	9887	1	
1	7584	1	
1	6000	1	
1	20642	1	
1	6790	1	
1	17067	1	
1	1068	1	
1	9645	1	
1	18222	1	
1	7471	3	
1	16049	1	
1	4402	1	
1	4276	1	
1	1455	1	
1	18185	1	
1	3636	1	
1	15903	3	
1	8892	1	
1	12733	1	
1	1855	1	
1	9536	1	
1	4161	1	
1	11714	1	
1	801	1	
1	8778	1	
1	20686	1	
1	9167	1	
1	7888	1	
1	21841	1	
1	21586	1	
1	5332	1	
1	18005	1	
1	9686	1	
1	2745	1	
1	4440	1	
1	4441	1	
1	10972	1	
1	4831	2	
1	19938	1	
1	2309	1	
1	21733	1	
1	18108	1	
1	17004	4	
1	11760	1	
1	1440	1	
1	18420	1	
1	745	1	
1	17016	1	
1	5625	1	
1	6652	1	
1	10975	1	
1	11007	1	
2	12288	1	
2	16385	1	
2	19460	1	
2	19464	1	
2	1545	1	
2	11275	1	
2	12	1	
2	3086	1	
2	12815	1	
2	16915	1	
2	3246	1	
2	22551	2	
2	19993	1	
2	4122	1	
2	6685	1	
2	17951	3	
2	21536	1	
2	17954	1	
2	17956	1	
2	17957	2	
2	4654	1	
2	18483	1	
2	1591	2	
2	4668	1	
2	12349	2	
2	20547	2	
2	19126	1	
2	8776	1	
2	21586	3	
2	7768	1	
2	18013	1	
2	20155	1	
2	9832	1	
2	17004	1	
2	5232	1	
2	6773	1	
2	21110	1	
2	13673	1	
2	14649	2	
2	131	1	
2	18052	1	
2	13445	1	
2	364	1	
2	650	1	
2	4235	2	
2	4238	1	
2	17041	1	
2	4249	1	
2	673	1	
2	13478	3	
2	18599	1	
2	3758	1	
2	3759	1	
2	19124	1	
2	22198	1	
2	11449	1	
2	4795	1	
2	19133	1	
2	21696	1	
2	4293	1	
2	18209	1	
2	2761	1	
2	11992	1	
2	9167	2	
2	10463	1	
2	741	2	
2	12007	1	
2	17943	3	
2	1266	1	
2	4053	1	
2	11008	1	
2	4867	1	
2	4364	1	
2	5391	1	
2	2179	1	
2	6283	1	
2	2839	1	
2	7451	1	
2	11549	1	
2	5806	1	
2	17185	1	
2	8995	1	
2	2344	1	
2	14635	1	
2	8243	1	
2	21305	1	
2	4831	1	
2	15676	1	
2	1163	1	
2	22340	1	
2	2374	3	
2	17975	1	
2	8013	1	
2	6479	1	
2	3408	1	
2	21841	2	
2	19939	1	
2	5972	1	
2	3413	1	
2	15673	1	
2	5464	1	
2	15199	1	
2	16224	2	
2	5988	1	
2	8041	1	
2	15210	1	
2	17772	1	
2	9069	7	
2	6511	1	
2	1256	1	
2	3954	1	
2	12151	1	
2	5501	1	
2	17790	1	
2	17181	1	
2	14725	1	
2	904	1	
2	906	4	
2	22418	1	
2	7065	1	
2	19353	1	
2	13723	1	
2	15773	1	
2	15774	1	
2	21410	1	
2	9635	1	
2	15273	1	
2	12716	1	
2	7600	1	
2	1457	1	
2	18876	1	
2	7101	1	
2	22464	1	
2	11714	3	
2	17227	1	
2	13255	2	
2	11723	1	
2	462	1	
2	17229	1	
2	9171	1	
2	7637	1	
2	9691	1	
2	10206	1	
2	1504	3	
2	1507	1	
2	12625	1	
2	16367	1	
2	11760	1	
2	5623	1	
2	12799	1	
2	5973	1	
3	12288	1	
3	8705	2	
3	4438	1	
3	9227	1	
3	3084	1	
3	4115	1	
3	19478	1	
3	20505	1	
3	17435	1	
3	4647	1	
3	22571	1	
3	13358	1	
3	6711	1	
3	10812	1	
3	7741	1	
3	10814	2	
3	16224	1	
3	20547	1	
3	1607	1	
3	22601	1	
3	9291	1	
3	17485	1	
3	10832	1	
3	21586	1	
3	7764	1	
3	18005	1	
3	15448	1	
3	5210	1	
3	21605	1	
3	2661	1	
3	21606	1	
3	8636	1	
3	10922	1	
3	4720	1	
3	1649	1	
3	1141	2	
3	6774	1	
3	4217	1	
3	14970	1	
3	6269	1	
3	13951	1	
3	1152	1	
3	4227	1	
3	12933	1	
3	11398	1	
3	6791	1	
3	6281	1	
3	6282	1	
3	14475	1	
3	15500	1	
3	3217	1	
3	2706	3	
3	7323	1	
3	10410	1	
3	17067	1	
3	685	1	
3	10928	1	
3	19124	2	
3	22200	1	
3	364	1	
3	4795	1	
3	3772	1	
3	19133	4	
3	14016	1	
3	18116	1	
3	20167	1	
3	7880	1	
3	20343	1	
3	5838	1	
3	7380	1	
3	22229	1	
3	12505	1	
3	21217	1	
3	1256	1	
3	11303	1	
3	12164	1	
3	12018	1	
3	21750	1	
3	8954	2	
3	15615	1	
3	8449	2	
3	4868	1	
3	15621	2	
3	7945	1	
3	4364	2	
3	7952	1	
3	17170	1	
3	2839	1	
3	2841	1	
3	8989	1	
3	1825	1	
3	18210	1	
3	8995	1	
3	17188	1	
3	1670	1	
3	14124	1	
3	7471	1	
3	21305	3	
3	19594	1	
3	10208	1	
3	17218	1	
3	21318	1	
3	15175	1	
3	17225	1	
3	7498	1	
3	8013	1	
3	18772	1	
3	15190	1	
3	12121	1	
3	15199	1	
3	1376	1	
3	5996	1	
3	9069	2	
3	16242	1	
3	12151	1	
3	19320	1	
3	16260	1	
3	12675	1	
3	12676	2	
3	7049	1	
3	906	1	
3	395	1	
3	7564	1	
3	910	1	
3	1906	1	
3	8607	1	
3	20384	1	
3	15856	1	
3	15266	1	
3	14763	1	
3	5555	1	
3	9145	1	
3	19900	1	
3	11714	1	
3	646	1	
3	9167	2	
3	464	1	
3	16888	3	
3	4601	1	
3	5593	1	
3	1504	1	
3	20969	1	
3	8683	1	
3	11760	1	
3	497	1	
3	5623	1	
3	15864	1	
3	22100	1	
3	4602	1	
3	15869	1	
3	9726	1	
3	6143	2	
4	12288	1	
4	11008	2	
4	13316	1	
4	6149	1	
4	16367	1	
4	19464	1	
4	11436	1	
4	5643	1	
4	18055	1	
4	1282	2	
4	11791	1	
4	11792	1	
4	8792	1	
4	8451	2	
4	17612	1	
4	17435	2	
4	9244	2	
4	1053	1	
4	18975	1	
4	10469	1	
4	11301	4	
4	11303	2	
4	3627	1	
4	3629	1	
4	861	1	
4	3633	1	
4	13875	1	
4	13876	1	
4	13880	1	
4	12345	1	
4	13885	1	
4	3134	1	
4	13887	2	
4	12354	3	
4	15939	2	
4	3652	1	
4	19126	1	
4	15432	1	
4	15434	1	
4	21586	1	
4	15971	1	
4	7764	1	
4	3672	1	
4	13402	1	
4	10337	2	
4	13411	1	
4	10340	1	
4	3260	1	
4	21613	1	
4	21618	1	
4	10857	1	
4	17017	1	
4	14461	2	
4	20095	2	
4	12930	2	
4	12481	1	
4	14475	1	
4	4238	1	
4	12653	1	
4	17041	1	
4	3220	3	
4	6296	1	
4	6809	1	
4	18128	1	
4	12446	1	
4	795	1	
4	602	1	
4	11434	1	
4	22188	2	
4	9901	2	
4	19124	2	
4	16054	3	
4	8375	1	
4	4795	2	
4	8892	1	
4	19133	3	
4	8385	1	
4	15042	1	
4	9924	1	
4	6853	1	
4	1825	1	
4	2761	2	
4	18634	1	
4	13516	1	
4	7888	1	
4	10449	1	
4	20695	2	
4	1240	1	
4	14046	1	
4	3621	1	
4	1761	1	
4	7397	1	
4	4843	1	
4	14060	1	
4	6382	1	
4	22262	1	
4	21251	1	
4	13049	1	
4	10490	1	
4	7237	1	
4	14592	1	
4	7937	1	
4	770	1	
4	13059	3	
4	2309	1	
4	15113	1	
4	4364	2	
4	19726	1	
4	22232	1	
4	13077	1	
4	16662	1	
4	15128	2	
4	19737	1	
4	3419	1	
4	11547	1	
4	5840	1	
4	4894	2	
4	801	1	
4	8753	1	
4	15448	1	
4	16775	1	
4	8449	1	
4	18222	1	
4	11055	1	
4	16691	1	
4	1844	1	
4	8502	1	
4	1336	1	
4	12089	1	
4	4831	1	
4	7491	1	
4	16694	1	
4	1866	1	
4	4941	1	
4	5455	1	
4	3408	1	
4	12625	1	
4	19939	1	
4	14677	1	
4	4438	1	
4	21305	3	
4	6489	1	
4	19599	1	
4	15709	1	
4	18783	2	
4	22369	1	
4	7010	1	
4	16577	1	
4	17253	1	
4	15206	1	
4	5994	1	
4	8043	3	
4	9069	5	
4	6512	1	
4	5489	1	
4	11156	1	
4	4986	2	
4	15935	1	
4	17790	1	
4	7559	1	
4	7560	1	
4	4497	2	
4	10644	2	
4	405	1	
4	13295	1	
4	6469	2	
4	15266	3	
4	15273	1	
4	5551	1	
4	11193	1	
4	8636	1	
4	22463	1	
4	22464	2	
4	11714	1	
4	12746	2	
4	15820	1	
4	9167	1	
4	13776	1	
4	11729	1	
4	13778	1	
4	472	1	
4	3834	1	
4	4579	1	
4	12261	1	
4	21841	1	
4	13800	1	
4	9194	1	
4	8683	3	
4	6127	1	
4	11760	2	
4	16373	1	
4	16374	1	
4	4087	1	
4	3065	1	
4	2555	1	
4	6652	1	
4	21845	1	
5	12288	1	
5	3158	1	
5	18952	1	
5	13834	1	
5	7180	1	
5	5645	1	
5	4110	1	
5	4111	1	
5	22032	4	
5	2578	4	
5	5141	1	
5	17943	1	
5	6682	1	
5	17435	1	
5	1564	2	
5	11807	1	
5	16416	1	
5	16417	2	
5	2082	1	
5	11300	1	
5	3621	1	
5	4647	1	
5	11304	5	
5	13163	1	
5	8236	1	
5	10799	2	
5	3633	1	
5	3636	3	
5	12341	1	
5	11832	1	
5	19124	1	
5	13885	2	
5	13887	2	
5	13888	1	
5	15456	1	
5	9759	1	
5	1604	2	
5	11334	1	
5	15432	1	
5	10313	1	
5	15434	1	
5	1099	1	
5	10829	1	
5	22096	1	
5	21586	2	
5	18005	1	
5	13398	1	
5	15448	3	
5	602	1	
5	8378	1	
5	10130	1	
5	7776	1	
5	21093	1	
5	9832	1	
5	19561	1	
5	13418	4	
5	8300	1	
5	2834	1	
5	15982	1	
5	14448	1	
5	13937	2	
5	1138	1	
5	3702	1	
5	15209	1	
5	17016	2	
5	6265	1	
5	15994	3	
5	13435	2	
5	6269	1	
5	638	1	
5	22464	2	
5	12930	3	
5	5251	1	
5	5764	1	
5	7813	1	
5	1163	1	
5	12431	1	
5	10896	1	
5	10897	1	
5	20114	1	
5	18068	1	
5	10862	2	
5	10392	1	
5	14489	3	
5	1576	1	
5	12445	1	
5	4255	1	
5	18080	1	
5	673	1	
5	13832	1	
5	21617	1	
5	20648	1	
5	19740	1	
5	11434	2	
5	4779	2	
5	9901	1	
5	17225	1	
5	3421	1	
5	691	1	
5	4276	2	
5	12471	1	
5	3258	1	
5	21691	1	
5	5820	1	
5	19133	8	
5	11455	1	
5	14016	1	
5	7875	1	
5	13508	2	
5	6774	1	
5	16075	1	
5	19155	1	
5	3796	1	
5	1751	1	
5	13528	1	
5	2265	1	
5	10972	2	
5	14046	1	
5	4831	2	
5	15584	1	
5	14800	1	
5	7397	4	
5	5351	1	
5	8425	2	
5	8427	1	
5	5356	1	
5	3026	1	
5	12529	1	
5	15096	1	
5	20692	1	
5	10492	1	
5	14592	1	
5	8449	1	
5	14595	1	
5	19718	1	
5	7433	1	
5	17163	1	
5	4366	3	
5	15119	2	
5	2322	2	
5	3203	1	
5	21781	3	
5	4886	4	
5	5337	1	
5	17041	1	
5	17690	1	
5	8988	1	
5	8989	1	
5	7455	1	
5	20255	1	
5	17696	1	
5	5921	4	
5	8490	1	
5	15666	1	
5	16691	1	
5	7477	1	
5	3895	1	
5	14648	1	
5	21305	8	
5	12602	2	
5	2875	1	
5	5951	1	
5	16224	1	
5	13451	1	
5	21829	1	
5	9924	1	
5	22344	1	
5	17737	3	
5	17227	1	
5	3408	1	
5	18769	1	
5	12625	1	
5	1877	1	
5	13889	2	
5	9047	3	
5	15704	1	
5	6489	2	
5	1372	1	
5	13626	1	
5	1374	1	
5	16223	1	
5	22368	1	
5	355	1	
5	5988	1	
5	8550	1	
5	1895	1	
5	17476	1	
5	20329	1	
5	5994	1	
5	15723	1	
5	9069	15	
5	13800	2	
5	21874	2	
5	745	1	
5	3960	1	
5	3963	1	
5	1918	1	
5	17791	1	
5	21376	1	
5	10975	1	
5	18818	2	
5	21227	1	
5	19408	2	
5	901	1	
5	16775	5	
5	18528	1	
5	17291	1	
5	10636	1	
5	20717	1	
5	10128	1	
5	14020	1	
5	6036	1	
5	408	1	
5	11673	2	
5	19354	1	
5	10651	1	
5	4509	1	
5	12190	1	
5	10655	1	
5	20384	1	
5	16293	1	
5	18857	1	
5	12852	1	
5	15177	3	
5	17771	1	
5	17339	1	
5	4032	2	
5	11714	2	
5	11203	1	
5	14677	1	
5	7111	1	
5	3529	5	
5	17355	1	
5	21968	1	
5	22482	1	
5	22484	1	
5	8666	1	
5	10205	1	
5	10206	1	
5	6375	2	
5	3040	1	
5	11600	1	
5	4579	1	
5	19942	1	
5	19943	1	
5	7144	1	
5	13293	2	
5	3055	1	
5	11760	1	
5	20468	1	
5	14837	1	
5	16374	2	
5	4602	2	
5	11771	3	
5	2556	1	
5	15871	3	
6	12288	1	
6	9729	1	
6	16641	1	
6	14	1	
6	17424	1	
6	14865	1	
6	2578	1	
6	13849	1	
6	1564	1	
6	2082	2	
6	2084	2	
6	3621	1	
6	8742	1	
6	13863	1	
6	10280	1	
6	11817	1	
6	3629	1	
6	3633	2	
6	13885	1	
6	13887	3	
6	1600	1	
6	11843	1	
6	11844	1	
6	12385	1	
6	15434	1	
6	4433	1	
6	591	1	
6	592	1	
6	21586	2	
6	20565	1	
6	18525	1	
6	18528	1	
6	7777	1	
6	4795	1	
6	16998	1	
6	19049	1	
6	13418	2	
6	14448	2	
6	13937	4	
6	21618	1	
6	1141	3	
6	6265	1	
6	22140	1	
6	15487	1	
6	13440	1	
6	12930	2	
6	15723	1	
6	12933	1	
6	18571	1	
6	6801	1	
6	6802	1	
6	21142	1	
6	19607	1	
6	19609	1	
6	12446	1	
6	1696	2	
6	1697	1	
6	795	1	
6	4263	1	
6	4267	1	
6	22188	2	
6	6770	1	
6	8989	1	
6	2229	1	
6	4278	1	
6	12471	2	
6	19186	1	
6	21691	3	
6	17084	1	
6	19133	2	
6	7870	1	
6	2239	1	
6	5920	1	
6	14019	1	
6	9924	1	
6	2763	1	
6	5332	2	
6	9432	2	
6	11482	1	
6	4835	1	
6	17125	1	
6	21228	1	
6	21305	1	
6	21234	1	
6	22262	1	
6	17961	1	
6	20692	1	
6	1786	4	
6	3711	1	
6	7933	1	
6	18174	1	
6	18175	1	
6	14592	1	
6	8449	3	
6	18390	1	
6	2310	1	
6	15113	1	
6	15831	1	
6	7952	1	
6	21782	2	
6	22295	1	
6	15128	1	
6	11547	1	
6	3869	1	
6	4382	1	
6	7455	1	
6	17696	3	
6	3876	1	
6	19238	1	
6	18215	1	
6	2856	1	
6	5929	1	
6	20269	1	
6	18222	3	
6	7988	1	
6	2873	1	
6	19770	1	
6	14141	1	
6	2883	1	
6	17225	1	
6	17229	1	
6	12111	1	
6	21841	1	
6	14677	1	
6	12089	2	
6	1699	1	
6	3417	1	
6	1372	1	
6	15543	1	
6	15199	1	
6	22369	1	
6	15717	1	
6	12135	1	
6	5993	1	
6	17771	2	
6	9069	4	
6	20343	1	
6	11156	1	
6	3963	1	
6	4989	1	
6	12673	1	
6	14722	1	
6	7558	1	
6	7560	1	
6	17801	1	
6	16785	1	
6	20882	1	
6	10644	1	
6	7063	1	
6	15817	1	
6	3321	1	
6	21405	1	
6	20384	1	
6	13723	1	
6	18853	1	
6	15273	1	
6	5618	1	
6	5045	1	
6	14262	1	
6	9145	1	
6	6076	1	
6	22467	1	
6	22469	1	
6	8647	1	
6	3529	1	
6	12746	3	
6	15315	1	
6	5590	1	
6	14807	1	
6	14081	1	
6	10490	1	
6	20962	1	
6	19939	1	
6	13799	1	
6	14593	1	
6	10740	1	
6	16367	1	
6	3058	2	
6	20468	1	
6	502	1	
6	18426	2	
7	12288	1	
7	16911	1	
7	4116	1	
7	19478	2	
7	11806	1	
7	6687	1	
7	7714	1	
7	22571	1	
7	8749	1	
7	16431	1	
7	12852	1	
7	13877	1	
7	16952	1	
7	1076	1	
7	3650	1	
7	67	1	
7	7236	1	
7	11334	1	
7	11850	1	
7	588	1	
7	592	1	
7	18005	1	
7	1626	1	
7	7952	1	
7	13669	1	
7	10337	1	
7	21691	1	
7	16997	1	
7	18023	1	
7	17000	1	
7	5233	1	
7	5246	1	
7	22143	1	
7	10881	1	
7	13445	2	
7	646	1	
7	19596	1	
7	20109	1	
7	16015	2	
7	13457	1	
7	9876	1	
7	4795	1	
7	17062	1	
7	797	1	
7	17608	1	
7	4277	2	
7	19131	1	
7	19133	2	
7	7880	3	
7	721	1	
7	4306	1	
7	20695	1	
7	1240	1	
7	4829	1	
7	14046	1	
7	19837	1	
7	8449	1	
7	775	2	
7	17163	1	
7	4364	2	
7	10510	1	
7	21264	1	
7	2834	1	
7	4886	1	
7	795	2	
7	17181	2	
7	17696	1	
7	129	1	
7	11055	1	
7	1844	3	
7	16694	1	
7	21305	2	
7	12602	1	
7	6623	1	
7	12746	1	
7	17225	2	
7	12625	1	
7	11919	1	
7	21853	1	
7	1376	1	
7	7010	1	
7	15717	1	
7	3217	1	
7	15209	1	
7	364	1	
7	13677	1	
7	11156	3	
7	5498	1	
7	4989	1	
7	17790	1	
7	21377	1	
7	18818	1	
7	20459	1	
7	1412	1	
7	9069	11	
7	66	1	
7	22418	1	
7	6036	1	
7	16806	1	
7	18363	1	
7	4030	1	
7	22464	1	
7	1990	1	
7	3529	2	
7	3530	3	
7	20429	1	
7	14800	1	
7	7633	1	
7	18911	2	
7	7655	1	
7	489	1	
7	7659	1	
7	7660	1	
7	20465	1	
7	3060	2	
7	15871	1	
7	2556	1	
7	13821	1	
7	12799	2	
8	9227	1	
8	21519	1	
8	13059	1	
8	19993	1	
8	15903	1	
8	8236	1	
8	3629	2	
8	10798	1	
8	18479	1	
8	11832	2	
8	19124	2	
8	20547	1	
8	15942	1	
8	11850	2	
8	588	1	
8	20560	1	
8	21586	1	
8	602	2	
8	7777	1	
8	8892	1	
8	22464	1	
8	13933	1	
8	11887	1	
8	14448	1	
8	16831	1	
8	17015	1	
8	4217	1	
8	703	1	
8	14460	1	
8	20928	1	
8	130	1	
8	131	1	
8	19734	1	
8	6790	1	
8	18055	1	
8	4235	1	
8	11918	1	
8	659	1	
8	10900	1	
8	14488	1	
8	18077	1	
8	5279	1	
8	5232	1	
8	13255	1	
8	11444	1	
8	3258	1	
8	18108	1	
8	19133	2	
8	18111	1	
8	14016	1	
8	2243	1	
8	18628	2	
8	12151	1	
8	10453	1	
8	12930	1	
8	1758	1	
8	21727	1	
8	8421	1	
8	10470	1	
8	16616	1	
8	10985	1	
8	5356	1	
8	21234	1	
8	15096	1	
8	7637	2	
8	14594	1	
8	8451	2	
8	4868	1	
8	14093	2	
8	5394	1	
8	16662	1	
8	21276	1	
8	17188	1	
8	13093	1	
8	8502	1	
8	14649	1	
8	6976	1	
8	16196	1	
8	18763	1	
8	846	1	
8	21841	1	
8	21305	2	
8	11610	2	
8	15199	1	
8	11104	1	
8	22369	1	
8	8041	1	
8	7018	1	
8	9069	5	
8	11637	1	
8	21878	1	
8	7401	1	
8	7550	2	
8	21376	1	
8	12673	1	
8	1410	1	
8	4502	1	
8	906	1	
8	10644	1	
8	8086	1	
8	21918	1	
8	17312	1	
8	15266	1	
8	8262	1	
8	9644	1	
8	15278	1	
8	11710	1	
8	20927	1	
8	2496	1	
8	20384	1	
8	13252	1	
8	13767	1	
8	15817	1	
8	11723	1	
8	13730	1	
8	14798	1	
8	3536	2	
8	15825	1	
8	3541	5	
8	592	1	
8	11771	1	
8	10214	1	
8	16366	1	
8	3568	1	
8	16373	1	
8	4599	1	
8	6651	1	
9	12296	1	
9	1545	1	
9	11275	2	
9	22551	1	
9	20505	1	
9	17435	2	
9	16414	1	
9	9759	1	
9	8236	1	
9	3629	2	
9	8	1	
9	12345	1	
9	12349	1	
9	3647	1	
9	12360	1	
9	7755	3	
9	15948	1	
9	21586	1	
9	7764	1	
9	13398	1	
9	7777	1	
9	1635	1	
9	22119	1	
9	18023	1	
9	14448	2	
9	13937	1	
9	1140	1	
9	1141	2	
9	3191	1	
9	13950	1	
9	20095	1	
9	5760	1	
9	3201	1	
9	131	1	
9	12933	1	
9	4754	1	
9	14509	1	
9	22442	1	
9	16049	1	
9	15539	1	
9	7863	1	
9	698	1	
9	15035	1	
9	15036	1	
9	19133	1	
9	18209	1	
9	5321	1	
9	7892	1	
9	3289	1	
9	4315	1	
9	9948	1	
9	7903	1	
9	1255	1	
9	18162	1	
9	14462	1	
9	3339	1	
9	3971	1	
9	16661	1	
9	282	1	
9	8988	1	
9	4385	1	
9	7471	1	
9	10552	1	
9	21305	1	
9	10939	1	
9	17227	1	
9	3920	2	
9	14677	1	
9	22368	1	
9	15714	1	
9	17127	1	
9	9069	3	
9	11637	1	
9	12151	1	
9	8579	1	
9	15751	1	
9	15773	1	
9	11178	2	
9	16301	1	
9	1457	1	
9	1459	1	
9	3512	1	
9	18876	5	
9	22464	1	
9	7617	2	
9	19401	1	
9	9167	1	
9	3541	3	
9	15831	1	
9	18911	1	
9	4432	1	
9	19938	1	
9	10727	1	
9	10728	1	
9	8683	1	
9	6125	1	
9	7663	1	
9	11760	1	
9	3060	1	
9	4601	1	
9	15869	1	
10	12288	1	
10	12805	1	
10	1544	1	
10	13834	1	
10	9815	1	
10	13837	1	
10	12823	1	
10	12825	2	
10	10269	1	
10	2596	1	
10	8744	1	
10	92	1	
10	17451	1	
10	1069	1	
10	13358	1	
10	7219	1	
10	1081	1	
10	12870	1	
10	17484	1	
10	17485	1	
10	4687	1	
10	17490	1	
10	6742	1	
10	87	1	
10	13404	1	
10	9821	1	
10	5729	1	
10	19561	1	
10	13418	2	
10	17004	1	
10	14448	2	
10	10360	1	
10	14969	1	
10	20183	1	
10	123	2	
10	13440	1	
10	18049	1	
10	3203	1	
10	13445	1	
10	14475	1	
10	13453	1	
10	2706	3	
10	10899	1	
10	17046	1	
10	19607	1	
10	7322	1	
10	5276	1	
10	13475	1	
10	16041	1	
10	15534	1	
10	16049	1	
10	3762	1	
10	7862	1	
10	12473	1	
10	3260	1	
10	19133	3	
10	12481	1	
10	19140	1	
10	11461	1	
10	5321	1	
10	20690	1	
10	3796	1	
10	20695	5	
10	9432	1	
10	21727	1	
10	7120	1	
10	11490	1	
10	10962	1	
10	12018	1	
10	16123	1	
10	15102	1	
10	11008	1	
10	128	2	
10	4867	1	
10	12036	1	
10	17163	1	
10	20237	1	
10	14607	1	
10	4884	1	
10	21781	1	
10	4384	1	
10	9513	1	
10	5934	1	
10	5935	1	
10	11569	2	
10	15666	2	
10	21305	3	
10	3900	1	
10	833	1	
10	15682	1	
10	4235	1	
10	19783	1	
10	19784	1	
10	19787	2	
10	14306	1	
10	20303	1	
10	15185	1	
10	15709	1	
10	7010	1	
10	8041	1	
10	16430	1	
10	5996	1	
10	9069	2	
10	9072	1	
10	17790	1	
10	16257	1	
10	16775	1	
10	13704	1	
10	4495	1	
10	3992	1	
10	7570	1	
10	3395	1	
10	9111	1	
10	11672	1	
10	15774	1	
10	4000	2	
10	18857	1	
10	16301	1	
10	20882	3	
10	1976	1	
10	1465	1	
10	3915	1	
10	13255	1	
10	19401	1	
10	8144	1	
10	3025	1	
10	13778	1	
10	12001	1	
10	6622	1	
10	19938	1	
10	12625	1	
10	19469	1	
10	8685	1	
10	15856	1	
10	13809	1	
10	18420	1	
10	15714	1	
10	15869	1	
11	12288	1	
11	9472	1	
11	8195	1	
11	14343	1	
11	13834	1	
11	9227	1	
11	527	1	
11	12816	1	
11	18686	1	
11	4868	1	
11	22557	1	
11	8781	1	
11	18975	1	
11	6696	1	
11	11817	2	
11	1280	1	
11	18479	1	
11	7216	1	
11	8753	2	
11	5683	1	
11	3636	1	
11	2104	1	
11	5178	1	
11	9791	2	
11	12354	1	
11	15434	1	
11	12471	1	
11	13901	1	
11	9584	2	
11	21586	1	
11	7764	1	
11	7765	1	
11	3172	1	
11	3674	1	
11	18011	1	
11	18529	1	
11	7780	2	
11	21613	1	
11	11887	1	
11	13937	1	
11	10867	1	
11	1141	1	
11	17014	1	
11	4217	1	
11	4218	1	
11	20604	1	
11	5764	1	
11	20109	1	
11	19598	1	
11	1174	1	
11	11632	1	
11	22385	1	
11	11434	1	
11	4267	1	
11	22188	1	
11	3759	1	
11	16049	1	
11	22194	1	
11	19571	1	
11	13493	1	
11	10423	1	
11	19133	2	
11	14016	1	
11	11969	1	
11	4290	2	
11	9924	1	
11	20431	1	
11	13514	1	
11	12151	1	
11	7888	1	
11	7892	1	
11	4309	1	
11	20695	1	
11	22232	1	
11	12505	1	
11	11995	1	
11	16092	2	
11	1757	1	
11	1763	1	
11	17637	3	
11	8422	1	
11	12007	1	
11	21227	1	
11	7409	1	
11	7550	2	
11	5368	2	
11	10492	1	
11	18174	1	
11	18175	1	
11	11008	1	
11	4867	1	
11	11524	1	
11	3339	1	
11	4881	1	
11	788	1	
11	5934	1	
11	8988	1	
11	798	1	
11	20255	1	
11	8193	1	
11	1324	1	
11	18222	1	
11	2269	1	
11	18227	1	
11	21305	2	
11	20794	1	
11	1076	1	
11	6976	1	
11	17218	1	
11	16196	1	
11	328	1	
11	17225	1	
11	8522	1	
11	4429	1	
11	12110	1	
11	12625	1	
11	11604	1	
11	21845	1	
11	4438	1	
11	9047	1	
11	19514	1	
11	350	1	
11	22368	3	
11	13412	1	
11	5993	1	
11	9069	3	
11	9072	1	
11	9585	1	
11	10103	1	
11	8568	1	
11	12670	1	
11	12673	1	
11	14725	1	
11	17806	1	
11	10639	1	
11	18837	1	
11	4502	1	
11	15770	1	
11	13723	1	
11	15774	1	
11	13727	1	
11	20384	2	
11	15856	1	
11	13994	1	
11	16301	2	
11	16200	1	
11	7092	1	
11	11704	1	
11	11708	1	
11	11709	1	
11	7103	1	
11	1099	1	
11	17348	1	
11	13255	1	
11	12746	1	
11	9167	1	
11	10709	1	
11	10206	1	
11	1504	1	
11	13282	1	
11	19939	1	
11	6989	1	
11	8683	1	
11	8685	1	
11	16878	1	
11	10224	1	
11	19384	1	
11	11760	1	
11	11771	1	
11	10410	1	
11	9726	1	
11	14677	2	
12	12288	1	
12	18689	1	
12	15275	1	
12	7684	1	
12	13445	1	
12	1798	1	
12	1537	1	
12	18952	1	
12	18393	2	
12	5390	1	
12	9069	1	
12	3088	4	
12	3992	1	
12	22418	4	
12	18197	1	
12	21782	1	
12	22551	1	
12	17688	1	
12	7236	1	
12	4507	1	
12	13252	1	
12	4509	2	
12	4382	1	
12	9247	1	
12	4384	1	
12	8993	1	
12	13858	1	
12	15402	1	
12	14919	1	
12	20882	1	
12	22557	1	
12	8658	1	
12	15666	2	
12	17973	1	
12	4818	2	
12	21305	3	
12	12602	1	
12	18108	1	
12	20541	1	
12	18005	1	
12	18111	1	
12	4032	1	
12	13428	1	
12	11714	1	
12	22464	2	
12	14677	1	
12	13255	1	
12	10206	1	
12	17225	1	
12	10205	1	
12	17810	2	
12	9167	1	
12	21586	2	
12	22100	1	
12	18389	1	
12	4822	1	
12	9687	1	
12	9432	1	
12	6489	1	
12	2778	1	
12	22108	1	
12	954	1	
12	19460	2	
12	22368	1	
12	13537	1	
12	14306	1	
12	8803	1	
12	16998	2	
12	12007	1	
12	5993	1	
12	13418	2	
12	14188	1	
12	21613	1	
12	14574	1	
12	19133	3	
12	21617	1	
12	1266	1	
12	15190	1	
12	16120	1	
12	4217	1	
12	18426	2	
12	13183	1	
12	4053	1	
12	18173	1	
12	12501	1	
13	7680	1	
13	3073	1	
13	15874	1	
13	7684	1	
13	7686	1	
13	7687	1	
13	11273	6	
13	4107	1	
13	4610	2	
13	12816	2	
13	9234	1	
13	20739	1	
13	13844	1	
13	7704	1	
13	4122	3	
13	17435	1	
13	19485	1	
13	15903	1	
13	16417	1	
13	6690	1	
13	5667	1	
13	2084	1	
13	4647	1	
13	14889	2	
13	9259	1	
13	8236	1	
13	20914	1	
13	16430	2	
13	861	1	
13	4042	1	
13	8753	1	
13	17973	1	
13	9268	4	
13	14389	1	
13	9270	1	
13	4617	1	
13	11832	1	
13	13881	1	
13	17467	1	
13	13885	3	
13	13887	1	
13	1600	1	
13	3650	1	
13	11275	1	
13	8262	1	
13	2634	2	
13	6733	1	
13	10318	1	
13	6223	1	
13	2640	4	
13	19694	2	
13	11858	1	
13	20717	1	
13	15448	1	
13	603	1	
13	18013	1	
13	18014	1	
13	14290	1	
13	3088	3	
13	18530	1	
13	8379	1	
13	15462	1	
13	18022	2	
13	9831	1	
13	3176	1	
13	1129	1	
13	13418	2	
13	13419	3	
13	18028	1	
13	18029	1	
13	18030	1	
13	7101	1	
13	17000	1	
13	2578	2	
13	17012	1	
13	1141	2	
13	20598	1	
13	6776	1	
13	14969	2	
13	11902	1	
13	21632	1	
13	15808	1	
13	15491	1	
13	5764	1	
13	13445	1	
13	13446	1	
13	18055	1	
13	13960	1	
13	1163	3	
13	13453	1	
13	1167	1	
13	13457	1	
13	1170	1	
13	14489	1	
13	9583	2	
13	5276	1	
13	13850	1	
13	14495	1	
13	7516	1	
13	1392	1	
13	11428	1	
13	4263	3	
13	11549	1	
13	2224	1	
13	19124	1	
13	13493	1	
13	22198	1	
13	13969	1	
13	3259	1	
13	5820	2	
13	19133	7	
13	7870	1	
13	9919	1	
13	8898	1	
13	11461	1	
13	16075	1	
13	20686	1	
13	15567	1	
13	16592	2	
13	13009	1	
13	4818	1	
13	19155	1	
13	19156	1	
13	12507	1	
13	10972	4	
13	4831	1	
13	10464	1	
13	11632	1	
13	12007	1	
13	7400	1	
13	1482	1	
13	12013	1	
13	14574	2	
13	13040	1	
13	3313	1	
13	18162	1	
13	20723	2	
13	14974	1	
13	20692	4	
13	12026	1	
13	11714	1	
13	3060	1	
13	8976	1	
13	18175	1	
13	128	1	
13	14082	1	
13	7220	1	
13	4868	1	
13	18185	1	
13	8749	1	
13	6416	1	
13	21781	2	
13	4886	3	
13	22295	1	
13	13876	1	
13	8989	1	
13	20255	4	
13	20256	1	
13	8993	1	
13	18140	1	
13	17706	1	
13	2638	1	
13	7471	2	
13	1844	2	
13	7479	1	
13	21305	6	
13	6458	2	
13	18143	1	
13	19263	4	
13	15681	1	
13	6283	1	
13	6080	1	
13	12342	1	
13	17121	1	
13	6984	2	
13	13129	1	
13	17228	1	
13	18766	1	
13	20303	1	
13	12625	1	
13	18772	1	
13	14677	1	
13	4438	1	
13	14682	1	
13	18267	2	
13	21852	1	
13	3421	1	
13	15710	1	
13	22368	2	
13	22369	3	
13	15714	1	
13	2918	1	
13	3943	1	
13	3217	1	
13	5993	1	
13	9069	6	
13	6511	1	
13	15216	1	
13	2416	1	
13	11636	2	
13	11637	6	
13	12663	1	
13	8568	1	
13	12665	1	
13	16252	1	
13	12390	1	
13	21426	1	
13	2944	1	
13	2945	1	
13	4484	1	
13	16774	1	
13	22508	2	
13	4492	1	
13	20878	1	
13	10639	1	
13	13200	1	
13	22418	4	
13	917	1	
13	13012	1	
13	3991	1	
13	11164	1	
13	20384	2	
13	6561	1	
13	4002	1	
13	16539	2	
13	1094	1	
13	12188	2	
13	22442	1	
13	4011	1	
13	1378	1	
13	2990	1	
13	669	1	
13	15794	2	
13	4019	1	
13	5044	1	
13	3697	1	
13	11192	1	
13	17337	1	
13	1466	1	
13	18363	1	
13	11850	1	
13	3953	1	
13	22464	3	
13	20418	1	
13	4550	1	
13	3916	1	
13	12746	3	
13	17355	2	
13	15820	2	
13	15266	1	
13	9167	1	
13	14288	1	
13	18424	1	
13	7634	1	
13	467	2	
13	9684	1	
13	4053	6	
13	9686	1	
13	10575	1	
13	4688	1	
13	14324	1	
13	6112	1	
13	20560	1	
13	12770	1	
13	20452	1	
13	489	1	
13	22506	1	
13	7660	1	
13	21586	8	
13	15855	1	
13	20468	1	
13	18174	1	
13	2040	1	
13	8188	1	
14	16385	1	
14	19460	1	
14	19464	1	
14	22551	1	
14	19993	1	
14	11817	1	
14	20010	1	
14	3629	2	
14	7218	1	
14	4668	1	
14	2109	1	
14	19520	1	
14	11850	3	
14	588	1	
14	2640	1	
14	21586	3	
14	1627	1	
14	8803	1	
14	18023	1	
14	11708	1	
14	13937	1	
14	10360	2	
14	14974	1	
14	130	1	
14	2179	1	
14	646	1	
14	12481	1	
14	19593	1	
14	13963	1	
14	4748	2	
14	15512	3	
14	13475	1	
14	9380	1	
14	4267	1	
14	8376	1	
14	8892	1	
14	19133	1	
14	11969	1	
14	20686	4	
14	9424	1	
14	12505	1	
14	10972	1	
14	741	1	
14	7911	1	
14	4328	1	
14	3313	1	
14	8954	1	
14	11008	1	
14	2306	1	
14	4867	1	
14	4868	2	
14	15621	1	
14	16646	1	
14	4364	1	
14	2834	1	
14	13443	1	
14	12053	1	
14	2839	1	
14	7960	1	
14	2841	1	
14	798	1	
14	801	1	
14	16519	1	
14	2348	1	
14	2351	1	
14	19764	1	
14	12091	1	
14	17225	1	
14	17229	1	
14	14677	2	
14	14682	1	
14	22368	1	
14	1889	1	
14	5993	2	
14	15210	1	
14	3948	1	
14	7684	1	
14	11632	1	
14	7542	1	
14	19864	1	
14	12188	1	
14	8607	1	
14	17312	1	
14	17313	1	
14	14754	1	
14	6055	1	
14	12716	1	
14	16301	1	
14	1466	1	
14	8636	1	
14	11709	1	
14	11710	1	
14	22464	6	
14	11714	2	
14	13255	1	
14	15818	1	
14	9167	1	
14	4569	1	
14	9691	1	
14	18911	1	
14	7138	2	
14	10214	1	
14	489	1	
14	16363	1	
14	500	1	
14	15350	1	
14	5623	1	
14	11771	1	
14	1534	1	
15	9729	3	
15	6149	1	
15	10760	1	
15	7178	1	
15	20494	1	
15	22551	9	
15	19993	4	
15	22557	1	
15	21537	1	
15	12891	1	
15	13863	1	
15	8236	2	
15	8749	1	
15	8238	1	
15	7216	2	
15	7218	1	
15	7749	1	
15	583	1	
15	11850	2	
15	588	1	
15	21586	1	
15	120	1	
15	13912	1	
15	1627	1	
15	14682	2	
15	11870	1	
15	15971	1	
15	9833	1	
15	873	1	
15	21617	1	
15	6770	1	
15	13161	6	
15	6776	1	
15	703	2	
15	14649	1	
15	5246	1	
15	129	3	
15	130	4	
15	20103	1	
15	19594	1	
15	15499	1	
15	1167	1	
15	1168	2	
15	13973	1	
15	15512	1	
15	13937	3	
15	15539	1	
15	19124	1	
15	8892	1	
15	19133	1	
15	7870	1	
15	4799	2	
15	21696	7	
15	13516	1	
15	19149	1	
15	20686	1	
15	16592	2	
15	20177	1	
15	9945	1	
15	10974	1	
15	15583	1	
15	5863	1	
15	4903	1	
15	3313	2	
15	18162	5	
15	5364	1	
15	2812	1	
15	15615	1	
15	8449	1	
15	4868	2	
15	2309	1	
15	4364	1	
15	12565	1	
15	7962	1	
15	8636	6	
15	1308	1	
15	20255	1	
15	20256	1	
15	8998	1	
15	7463	1	
15	16181	1	
15	21305	1	
15	12091	1	
15	18571	1	
15	8013	1	
15	11600	1	
15	14677	1	
15	19769	1	
15	7514	1	
15	3937	1	
15	14690	3	
15	7483	1	
15	7528	1	
15	20329	1	
15	7531	1	
15	9069	1	
15	11632	1	
15	8568	1	
15	12670	1	
15	17793	1	
15	14725	1	
15	20874	4	
15	15755	1	
15	10128	1	
15	16273	1	
15	6036	1	
15	3991	2	
15	7069	4	
15	20384	2	
15	1959	3	
15	1266	2	
15	2990	1	
15	4019	1	
15	11708	3	
15	11710	1	
15	11711	2	
15	22464	1	
15	10210	1	
15	11714	2	
15	15948	1	
15	17229	1	
15	15317	3	
15	8156	1	
15	12768	6	
15	19938	1	
15	10214	9	
15	10407	2	
15	8684	1	
15	15350	1	
15	6650	1	
15	6652	3	
16	19712	1	
16	4267	2	
16	13316	1	
16	4613	1	
16	8449	1	
16	9047	1	
16	22551	4	
16	1049	1	
16	9755	1	
16	5661	1	
16	22557	2	
16	15621	1	
16	14379	1	
16	8236	2	
16	8749	2	
16	8238	1	
16	16431	1	
16	9777	1	
16	14386	2	
16	22581	1	
16	5687	1	
16	21258	1	
16	12354	1	
16	20547	2	
16	7749	4	
16	18503	13	
16	15432	1	
16	11850	4	
16	1099	1	
16	13389	1	
16	15952	1	
16	15953	1	
16	21586	4	
16	15801	1	
16	11866	1	
16	395	1	
16	14429	1	
16	21945	1	
16	8647	1	
16	13415	1	
16	9833	1	
16	1639	1	
16	18030	1	
16	11887	1	
16	21617	2	
16	21618	2	
16	19571	1	
16	15808	1	
16	3702	1	
16	17016	1	
16	14969	1	
16	15997	1	
16	20095	1	
16	128	1	
16	129	1	
16	2179	1	
16	1668	1	
16	20103	1	
16	7306	1	
16	15499	1	
16	13453	1	
16	365	1	
16	1168	1	
16	13969	1	
16	15809	1	
16	15508	2	
16	19993	1	
16	15512	1	
16	19619	1	
16	4263	1	
16	10408	2	
16	19740	1	
16	17067	1	
16	22188	1	
16	626	1	
16	11293	2	
16	21692	1	
16	8376	1	
16	11636	1	
16	7355	1	
16	3260	1	
16	19133	2	
16	13502	1	
16	21696	2	
16	8992	1	
16	21699	1	
16	20431	1	
16	7880	1	
16	13514	1	
16	13516	2	
16	20686	2	
16	4304	1	
16	3844	1	
16	12502	1	
16	12505	1	
16	13255	1	
16	10972	1	
16	6365	1	
16	19460	1	
16	10463	1	
16	7392	1	
16	1763	1	
16	2309	1	
16	16103	1	
16	1280	1	
16	20717	2	
16	14574	1	
16	3313	1	
16	1269	1	
16	13558	1	
16	13937	1	
16	9044	4	
16	15609	2	
16	15612	1	
16	22271	1	
16	15616	1	
16	3329	1	
16	4868	3	
16	3845	4	
16	14089	2	
16	14090	3	
16	4364	1	
16	3854	1	
16	15119	1	
16	3856	1	
16	2834	1	
16	787	1	
16	7964	1	
16	8989	1	
16	798	2	
16	20256	2	
16	19238	1	
16	2344	1	
16	16519	1	
16	1325	1	
16	7471	2	
16	7474	1	
16	18227	1	
16	8500	1	
16	12510	1	
16	19256	1	
16	2873	1	
16	6458	5	
16	10975	2	
16	12341	2	
16	6464	2	
16	3395	1	
16	17225	1	
16	9831	2	
16	17229	1	
16	8014	1	
16	22355	1	
16	11604	1	
16	14677	2	
16	21305	2	
16	6489	1	
16	14682	4	
16	18267	1	
16	15709	1	
16	19088	1	
16	6459	1	
16	19814	1	
16	13159	1	
16	7528	1	
16	13161	2	
16	364	1	
16	9069	3	
16	13679	2	
16	12656	1	
16	12147	1	
16	2932	5	
16	11637	1	
16	20343	1	
16	4484	1	
16	904	1	
16	15755	1	
16	10636	2	
16	8077	2	
16	10126	1	
16	8086	1	
16	3992	2	
16	7637	3	
16	1947	1	
16	20384	2	
16	15266	2	
16	5019	1	
16	20302	1	
16	6053	1	
16	6055	1	
16	1960	1	
16	15273	1	
16	2990	4	
16	13129	1	
16	22457	2	
16	4831	1	
16	8636	3	
16	22464	6	
16	3009	1	
16	11714	3	
16	4547	1	
16	19396	1	
16	18887	1	
16	15817	1	
16	12746	1	
16	14583	1	
16	8013	1	
16	15317	1	
16	9687	1	
16	4058	1	
16	21474	1	
16	10214	1	
16	3050	1	
16	8684	1	
16	11760	1	
16	16373	1	
16	15350	2	
16	5623	1	
16	8185	1	
16	11771	1	
16	5118	2	
17	12288	3	
17	1537	2	
17	15363	1	
17	19460	1	
17	22358	1	
17	14969	1	
17	12808	1	
17	525	1	
17	3758	2	
17	3607	1	
17	19993	1	
17	3610	2	
17	9244	1	
17	22557	2	
17	5662	1	
17	15903	1	
17	6694	1	
17	1068	1	
17	8749	2	
17	8238	1	
17	15119	1	
17	18952	1	
17	22581	1	
17	11444	1	
17	12352	1	
17	13889	1	
17	7236	1	
17	7749	1	
17	8262	1	
17	18503	11	
17	15432	1	
17	7241	1	
17	19019	1	
17	13389	1	
17	5765	2	
17	21586	2	
17	15955	1	
17	13398	1	
17	16475	1	
17	18528	1	
17	8803	1	
17	15460	1	
17	18023	1	
17	19900	1	
17	12906	1	
17	3175	1	
17	18029	2	
17	873	1	
17	5232	1	
17	13937	1	
17	21618	1	
17	4723	1	
17	12916	1	
17	10857	1	
17	6777	1	
17	18042	1	
17	15997	1	
17	13440	1	
17	16513	1	
17	2179	1	
17	5764	1	
17	13445	2	
17	20299	1	
17	1671	1	
17	22551	1	
17	1167	1	
17	7313	1	
17	3221	1	
17	18075	1	
17	7329	1	
17	16547	1	
17	21617	7	
17	10408	1	
17	19740	1	
17	9901	1	
17	17070	1	
17	5661	1	
17	2224	2	
17	16049	1	
17	19124	1	
17	12471	1	
17	9093	1	
17	19133	1	
17	13502	1	
17	12481	1	
17	4290	1	
17	19050	1	
17	5321	1	
17	22119	1	
17	13516	1	
17	20686	1	
17	4306	1	
17	17109	1	
17	11479	1	
17	12505	1	
17	10972	5	
17	3417	1	
17	18144	3	
17	17312	1	
17	19172	1	
17	6381	1	
17	1266	1	
17	6901	1	
17	11511	1	
17	15612	1	
17	18174	1	
17	15615	1	
17	11008	1	
17	128	1	
17	3844	1	
17	2309	1	
17	2310	1	
17	7432	5	
17	7433	1	
17	14381	1	
17	2834	1	
17	4868	1	
17	2265	1	
17	18200	1	
17	14106	1	
17	8988	1	
17	7455	1	
17	8993	1	
17	8490	1	
17	16519	2	
17	11054	1	
17	1840	1	
17	15666	1	
17	11059	1	
17	7988	1	
17	7477	1	
17	22327	1	
17	21202	1	
17	19764	3	
17	20794	1	
17	20285	2	
17	13128	2	
17	15177	1	
17	9034	1	
17	16203	1	
17	8012	1	
17	11600	1	
17	22355	1	
17	9044	9	
17	14677	1	
17	4438	1	
17	21305	1	
17	857	1	
17	19290	1	
17	18267	1	
17	15713	1	
17	8041	1	
17	874	1	
17	9069	1	
17	22369	2	
17	8568	1	
17	11708	3	
17	8878	1	
17	21376	1	
17	897	1	
17	18818	1	
17	1413	1	
17	2113	2	
17	904	1	
17	17290	1	
17	7055	1	
17	2448	1	
17	5009	1	
17	20882	1	
17	19347	1	
17	7063	1	
17	14233	1	
17	5019	1	
17	12188	3	
17	12190	1	
17	15776	1	
17	16804	1	
17	16806	1	
17	22442	1	
17	15431	1	
17	2990	2	
17	17842	1	
17	13129	2	
17	15800	1	
17	9145	1	
17	13244	2	
17	11709	1	
17	11710	2	
17	22464	1	
17	3009	1	
17	11714	2	
17	17227	1	
17	13255	2	
17	17228	1	
17	9167	1	
17	12760	1	
17	8666	1	
17	8669	1	
17	14815	1	
17	2640	1	
17	8779	1	
17	13796	1	
17	8684	1	
17	5623	1	
17	13140	1	
17	4602	1	
17	8188	1	
17	5118	1	
18	12288	2	
18	19460	1	
18	1544	1	
18	17418	1	
18	17424	1	
18	4115	1	
18	4116	1	
18	4117	1	
18	8214	1	
18	22551	1	
18	15384	1	
18	1578	1	
18	16431	1	
18	9169	1	
18	572	1	
18	13887	1	
18	12878	1	
18	592	1	
18	21586	3	
18	18005	2	
18	20571	1	
18	9308	1	
18	22111	1	
18	6075	1	
18	9316	2	
18	9831	1	
18	7868	1	
18	13418	1	
18	22119	1	
18	18028	1	
18	21617	2	
18	13428	1	
18	3175	1	
18	10876	1	
18	22464	1	
18	18562	1	
18	2179	1	
18	21782	1	
18	646	1	
18	7303	1	
18	18571	1	
18	2190	1	
18	14993	1	
18	2194	1	
18	7318	1	
18	7319	1	
18	15514	1	
18	3697	1	
18	19113	1	
18	12461	1	
18	3260	1	
18	14016	1	
18	22209	1	
18	6850	1	
18	719	1	
18	721	1	
18	14037	1	
18	14038	1	
18	9432	1	
18	9434	1	
18	4303	1	
18	20189	1	
18	15584	1	
18	10467	1	
18	6372	1	
18	14033	2	
18	22248	1	
18	18154	1	
18	22256	1	
18	19938	1	
18	6898	1	
18	9171	1	
18	17163	1	
18	3340	1	
18	2873	1	
18	18703	1	
18	13078	1	
18	1309	1	
18	16159	1	
18	18215	2	
18	13611	1	
18	16176	1	
18	15666	1	
18	5433	1	
18	5435	1	
18	15681	1	
18	17229	1	
18	20303	1	
18	12625	1	
18	9047	1	
18	2394	1	
18	18267	1	
18	15710	1	
18	10593	1	
18	13161	1	
18	5351	1	
18	9069	1	
18	14703	1	
18	16242	1	
18	12151	1	
18	15237	1	
18	12153	1	
18	5498	1	
18	5499	3	
18	8063	1	
18	18818	1	
18	8683	1	
18	389	1	
18	15751	1	
18	4247	1	
18	10636	1	
18	13198	1	
18	16273	1	
18	22418	2	
18	4509	1	
18	15264	1	
18	15266	1	
18	20722	1	
18	6584	1	
18	1466	1	
18	1467	1	
18	12220	1	
18	6080	2	
18	12746	2	
18	9167	1	
18	4049	2	
18	18387	1	
18	9684	1	
18	18390	2	
18	9687	1	
18	19424	1	
18	15330	1	
18	18769	1	
18	7164	1	
18	20971	1	
18	16367	1	
18	15856	1	
18	7154	1	
18	18420	1	
18	6652	1	
18	7165	1	
19	8198	1	
19	10254	1	
19	17424	3	
19	3603	1	
19	22551	2	
19	6687	1	
19	16902	1	
19	8238	1	
19	16431	1	
19	9268	1	
19	11832	1	
19	12350	1	
19	3652	2	
19	7241	1	
19	11850	1	
19	588	1	
19	16468	1	
19	9817	1	
19	22032	1	
19	22119	1	
19	15548	1	
19	18540	1	
19	17021	1	
19	13440	1	
19	130	1	
19	18051	1	
19	3723	1	
19	3217	1	
19	3220	4	
19	4247	1	
19	11431	1	
19	4776	1	
19	11946	1	
19	3759	1	
19	16049	1	
19	8892	1	
19	12481	1	
19	21698	1	
19	13516	1	
19	14037	1	
19	7396	1	
19	12010	2	
19	5867	1	
19	21230	1	
19	3313	1	
19	22262	1	
19	759	1	
19	17671	1	
19	4364	1	
19	6421	1	
19	4886	4	
19	19737	1	
19	8988	1	
19	18212	1	
19	20284	1	
19	1855	1	
19	15499	1	
19	14668	2	
19	21330	1	
19	6489	1	
19	14682	1	
19	1374	1	
19	22369	1	
19	15209	1	
19	15216	1	
19	12151	1	
19	1415	1	
19	4497	1	
19	22418	2	
19	8085	1	
19	11672	2	
19	13723	1	
19	12700	1	
19	930	1	
19	16804	1	
19	2289	1	
19	16301	1	
19	17331	2	
19	11193	1	
19	11196	1	
19	22464	2	
19	11714	2	
19	20420	1	
19	4037	1	
19	9167	1	
19	14800	1	
19	12759	1	
19	11684	1	
19	21473	1	
19	19943	1	
19	15856	1	
19	10408	1	
19	5623	1	
20	12288	3	
20	10753	1	
20	13316	1	
20	8705	1	
20	3084	6	
20	3086	1	
20	1044	1	
20	15856	1	
20	22551	1	
20	12825	1	
20	5670	1	
20	20010	2	
20	1069	1	
20	16430	2	
20	7217	1	
20	7218	3	
20	12345	1	
20	9274	1	
20	15199	1	
20	6718	1	
20	13887	1	
20	13891	1	
20	11850	1	
20	588	1	
20	16574	1	
20	595	1	
20	5718	1	
20	2661	1	
20	7777	1	
20	16486	1	
20	10854	1	
20	22119	1	
20	21608	1	
20	12394	1	
20	17511	1	
20	21617	1	
20	21618	1	
20	20343	1	
20	16848	1	
20	6773	1	
20	6775	1	
20	18046	1	
20	127	1	
20	18561	1	
20	3073	2	
20	13445	1	
20	18055	1	
20	13452	1	
20	2706	1	
20	3220	1	
20	14493	1	
20	7451	1	
20	10404	1	
20	17066	1	
20	14509	1	
20	11444	1	
20	20662	1	
20	12471	1	
20	19133	4	
20	7870	1	
20	11637	1	
20	22219	1	
20	18116	1	
20	10951	1	
20	10103	1	
20	20686	2	
20	11471	2	
20	5332	1	
20	14037	1	
20	13532	1	
20	4831	2	
20	3536	2	
20	6375	2	
20	16616	1	
20	745	1	
20	22256	1	
20	5246	1	
20	14583	1	
20	5371	1	
20	15102	1	
20	4868	2	
20	6407	1	
20	16650	1	
20	2873	1	
20	7438	1	
20	21782	2	
20	2841	1	
20	8986	2	
20	3887	1	
20	4894	1	
20	18222	1	
20	7471	2	
20	5424	1	
20	7477	1	
20	9527	2	
20	21305	4	
20	6458	1	
20	15675	1	
20	17212	1	
20	17225	1	
20	21325	1	
20	3919	2	
20	4433	2	
20	6483	2	
20	15190	3	
20	12089	1	
20	1369	1	
20	16223	1	
20	22369	1	
20	9069	1	
20	3954	1	
20	14709	1	
20	3958	1	
20	12663	1	
20	8568	1	
20	17790	1	
20	13697	1	
20	17290	1	
20	17291	2	
20	10638	1	
20	17807	1	
20	7568	1	
20	14231	1	
20	11672	1	
20	13723	1	
20	4509	3	
20	17312	1	
20	10224	1	
20	7579	1	
20	4516	1	
20	16301	1	
20	2990	1	
20	1465	3	
20	7104	1	
20	16833	1	
20	16075	1	
20	12746	1	
20	17872	2	
20	3537	2	
20	3538	1	
20	3541	2	
20	14807	1	
20	14500	1	
20	8156	1	
20	13789	1	
20	21841	1	
20	2025	1	
20	11760	4	
20	5623	4	
20	11771	2	
21	12800	1	
21	19460	1	
21	10262	1	
21	22551	2	
21	7684	1	
21	1076	1	
21	10299	1	
21	10300	1	
21	13887	2	
21	12354	1	
21	15432	1	
21	4364	2	
21	11850	1	
21	588	1	
21	21586	1	
21	602	1	
21	7778	1	
21	16998	2	
21	11887	1	
21	6775	1	
21	131	1	
21	5764	1	
21	19764	1	
21	21642	1	
21	15499	1	
21	19596	1	
21	13459	1	
21	10407	1	
21	10922	1	
21	19124	1	
21	12471	1	
21	8892	3	
21	19133	2	
21	14016	1	
21	11461	1	
21	11468	1	
21	10452	1	
21	10972	1	
21	18420	1	
21	3812	1	
21	6375	3	
21	3452	1	
21	20716	1	
21	19694	1	
21	7408	1	
21	15610	1	
21	18185	2	
21	20236	1	
21	4886	1	
21	132	1	
21	7451	1	
21	11549	1	
21	4894	3	
21	8992	1	
21	5422	1	
21	4402	1	
21	1844	2	
21	7477	1	
21	19766	1	
21	21305	2	
21	12602	1	
21	1855	2	
21	13451	1	
21	5448	1	
21	17229	2	
21	3919	2	
21	3413	1	
21	6489	1	
21	22375	1	
21	13673	1	
21	2411	1	
21	5996	1	
21	21873	1	
21	15222	1	
21	12151	2	
21	15227	1	
21	4988	1	
21	16773	1	
21	14215	1	
21	4496	1	
21	22418	1	
21	8083	1	
21	8085	1	
21	11760	2	
21	4003	1	
21	4011	1	
21	16301	1	
21	433	1	
21	19382	1	
21	9145	1	
21	6075	1	
21	19900	1	
21	7618	1	
21	17313	1	
21	4556	1	
21	3834	1	
21	6651	1	
21	16363	1	
21	14828	1	
21	15856	1	
21	3058	1	
21	3060	1	
21	5623	2	
21	18426	1	
21	11771	1	
22	768	1	
22	4611	1	
22	19460	1	
22	6149	1	
22	8449	1	
22	11293	2	
22	11275	1	
22	7699	2	
22	13844	1	
22	2582	1	
22	22551	1	
22	12825	1	
22	14682	1	
22	13854	4	
22	10928	1	
22	12325	8	
22	3626	2	
22	22571	1	
22	20524	1	
22	20526	2	
22	16431	1	
22	3633	1	
22	1074	1	
22	16436	1	
22	13881	1	
22	10300	1	
22	13888	3	
22	5935	1	
22	19522	1	
22	20547	1	
22	22198	1	
22	12870	1	
22	11335	1	
22	12360	1	
22	18364	2	
22	588	1	
22	13901	1	
22	21586	4	
22	8787	1	
22	7765	1	
22	15432	2	
22	3161	1	
22	7258	1	
22	20064	1	
22	7777	2	
22	15971	1	
22	7780	1	
22	18022	1	
22	3175	2	
22	9832	2	
22	19900	5	
22	15979	1	
22	13937	2	
22	1140	1	
22	21621	1	
22	10360	1	
22	14969	1	
22	14973	1	
22	12053	1	
22	5760	1	
22	14466	1	
22	3203	1	
22	9351	1	
22	18114	1	
22	19599	1	
22	6801	1	
22	9366	1	
22	4247	1	
22	9886	1	
22	16544	1	
22	15216	1	
22	2723	1	
22	21617	1	
22	10408	1	
22	17067	1	
22	14509	1	
22	13487	1	
22	13488	1	
22	19634	1	
22	16926	1	
22	19126	1	
22	12471	1	
22	7867	2	
22	8892	3	
22	19133	1	
22	1141	1	
22	12481	1	
22	7362	1	
22	4291	1	
22	14020	1	
22	22119	1	
22	13516	4	
22	7380	1	
22	9167	3	
22	14556	1	
22	17630	1	
22	6372	3	
22	7397	3	
22	7399	1	
22	10985	1	
22	22252	1	
22	7122	1	
22	14574	1	
22	19184	1	
22	3313	1	
22	10482	1	
22	19187	1	
22	8236	1	
22	2430	1	
22	8950	1	
22	16121	1	
22	8954	1	
22	18686	1	
22	18688	1	
22	14081	1	
22	3674	1	
22	14721	1	
22	18185	5	
22	4364	2	
22	2873	1	
22	12625	1	
22	4884	1	
22	8750	1	
22	2839	1	
22	22258	1	
22	7963	1	
22	8988	1	
22	8989	1	
22	4385	1	
22	13090	1	
22	22307	1	
22	14118	1	
22	10972	1	
22	2351	1	
22	5936	1	
22	7478	1	
22	20281	1	
22	12094	1	
22	15170	1	
22	20291	1	
22	15172	1	
22	130	1	
22	15177	1	
22	17229	1	
22	21841	1	
22	21845	1	
22	4438	1	
22	21305	1	
22	13658	1	
22	6494	1	
22	17125	1	
22	14177	1	
22	14690	1	
22	15206	1	
22	13884	1	
22	20882	1	
22	13679	1	
22	1904	1	
22	15218	3	
22	20851	1	
22	15222	4	
22	12151	1	
22	8568	1	
22	15227	2	
22	17790	1	
22	2433	1	
22	7318	1	
22	8583	1	
22	18023	1	
22	22262	1	
22	17810	1	
22	5844	1	
22	5534	5	
22	20384	1	
22	18853	1	
22	12018	1	
22	18352	1	
22	18353	1	
22	20638	1	
22	13129	2	
22	1465	1	
22	8636	2	
22	22463	1	
22	22464	3	
22	11714	1	
22	4037	4	
22	13255	1	
22	10829	1	
22	3536	1	
22	10705	1	
22	14290	1	
22	15317	1	
22	8666	1	
22	12026	7	
22	19424	1	
22	14306	1	
22	4433	1	
22	21993	1	
22	4074	1	
22	7660	1	
22	4589	2	
22	16367	1	
22	11760	1	
22	16371	1	
22	16372	1	
22	4090	1	
22	7164	1	
22	12799	1	
23	12288	2	
23	7683	1	
23	18948	1	
23	21618	1	
23	8013	1	
23	4095	1	
23	10248	1	
23	4617	1	
23	7690	1	
23	7180	1	
23	6741	1	
23	22542	1	
23	22032	1	
23	15266	2	
23	4116	1	
23	22551	6	
23	19460	1	
23	4122	1	
23	2394	2	
23	13854	2	
23	12831	1	
23	7600	1	
23	18267	1	
23	1572	1	
23	12325	1	
23	16423	1	
23	14595	2	
23	9308	1	
23	22571	1	
23	3629	1	
23	8238	1	
23	16432	1	
23	1074	1	
23	17973	1	
23	22074	1	
23	13887	2	
23	3138	1	
23	20547	1	
23	22601	1	
23	11850	2	
23	8268	1	
23	2914	1	
23	10833	1	
23	21586	2	
23	18005	2	
23	1465	1	
23	13912	2	
23	22082	1	
23	3676	1	
23	8797	2	
23	16479	1	
23	18808	1	
23	20189	1	
23	9316	1	
23	16998	1	
23	18022	1	
23	8568	1	
23	15976	1	
23	18364	2	
23	13418	5	
23	21102	1	
23	5232	1	
23	21617	1	
23	626	1	
23	10867	1	
23	13428	6	
23	1141	2	
23	632	1	
23	122	1	
23	13440	1	
23	3203	1	
23	132	1	
23	13445	2	
23	646	1	
23	7617	1	
23	8556	1	
23	10263	1	
23	13453	1	
23	13388	1	
23	13459	1	
23	4244	1	
23	17177	1	
23	11931	1	
23	15004	1	
23	14493	1	
23	8781	1	
23	6256	1	
23	3748	1	
23	12967	1	
23	10920	1	
23	17066	2	
23	12461	2	
23	4277	2	
23	7121	2	
23	11449	1	
23	20155	1	
23	8892	2	
23	19133	2	
23	21183	1	
23	1824	1	
23	10436	1	
23	2761	1	
23	13516	2	
23	13517	1	
23	4303	1	
23	15567	2	
23	9145	1	
23	14037	1	
23	1763	2	
23	7897	1	
23	9167	2	
23	13532	1	
23	10407	1	
23	10975	1	
23	5344	1	
23	2273	1	
23	2427	1	
23	7397	1	
23	21201	1	
23	17943	1	
23	7409	1	
23	19186	1	
23	17790	1	
23	19190	2	
23	17143	1	
23	12026	2	
23	1275	1	
23	767	1	
23	8449	2	
23	1067	1	
23	4868	1	
23	2310	2	
23	13078	2	
23	18185	3	
23	4364	1	
23	15630	1	
23	15119	2	
23	8579	1	
23	21782	5	
23	22258	1	
23	15615	1	
23	19740	1	
23	8989	1	
23	20766	1	
23	20256	1	
23	8993	1	
23	1827	2	
23	14118	1	
23	4121	1	
23	4402	1	
23	8494	1	
23	2351	1	
23	7699	1	
23	15666	1	
23	21305	2	
23	18389	3	
23	2363	1	
23	20285	1	
23	5951	1	
23	7392	1	
23	1562	1	
23	20384	1	
23	7120	1	
23	7410	2	
23	17229	1	
23	20303	1	
23	12625	1	
23	9043	1	
23	12390	1	
23	14677	1	
23	4438	1	
23	9047	1	
23	4441	1	
23	14682	1	
23	9644	1	
23	22369	1	
23	7010	2	
23	10555	1	
23	7527	1	
23	873	1	
23	15723	1	
23	364	1	
23	18287	1	
23	11708	2	
23	15220	2	
23	22389	1	
23	12816	1	
23	12151	1	
23	20856	1	
23	15227	2	
23	16252	1	
23	17789	1	
23	2430	1	
23	22400	1	
23	10731	1	
23	3460	1	
23	3978	1	
23	10636	1	
23	20877	1	
23	9617	1	
23	22418	2	
23	7778	1	
23	3991	3	
23	1798	1	
23	4506	1	
23	20891	1	
23	15772	1	
23	7069	1	
23	15774	1	
23	4000	1	
23	4514	1	
23	15003	2	
23	15782	1	
23	22442	3	
23	12716	1	
23	16301	2	
23	15278	1	
23	4509	4	
23	18352	1	
23	18354	1	
23	3060	1	
23	18363	2	
23	19900	2	
23	11709	1	
23	22464	1	
23	18369	1	
23	9666	1	
23	17348	1	
23	5577	1	
23	15820	1	
23	7117	1	
23	12495	1	
23	7119	1	
23	464	1	
23	10705	1	
23	11218	1	
23	18387	1	
23	4053	1	
23	9686	1	
23	18391	1	
23	9691	1	
23	10206	2	
23	19424	1	
23	14306	1	
23	6115	1	
23	2025	1	
23	4263	1	
23	11760	2	
23	20466	1	
23	15548	2	
23	16372	1	
23	5623	1	
23	18426	1	
23	15355	1	
23	7765	1	
24	7680	1	
24	12288	1	
24	12803	1	
24	19460	1	
24	19463	1	
24	4111	1	
24	22032	1	
24	13847	1	
24	13849	1	
24	22044	1	
24	11815	1	
24	22571	1	
24	3629	1	
24	15709	1	
24	7217	1	
24	22070	1	
24	3643	1	
24	3647	1	
24	22368	1	
24	8260	2	
24	12870	1	
24	7241	1	
24	13389	1	
24	11855	1	
24	21586	1	
24	13411	1	
24	10340	1	
24	17000	1	
24	3260	1	
24	2666	1	
24	17013	1	
24	6263	1	
24	18553	2	
24	14970	1	
24	13435	1	
24	15486	1	
24	3520	1	
24	130	1	
24	12481	1	
24	1163	2	
24	9874	1	
24	16547	1	
24	5800	1	
24	9244	1	
24	17067	1	
24	19117	1	
24	20168	1	
24	8892	2	
24	19133	3	
24	10431	1	
24	11969	1	
24	7880	1	
24	5321	1	
24	15567	1	
24	17105	1	
24	20690	1	
24	7380	1	
24	10453	1	
24	10464	5	
24	13027	1	
24	22245	1	
24	742	1	
24	8425	1	
24	20722	2	
24	14974	1	
24	1278	1	
24	2309	1	
24	4364	1	
24	14093	1	
24	2835	1	
24	6421	1	
24	8988	1	
24	8989	1	
24	18212	2	
24	8753	1	
24	16775	1	
24	1842	1	
24	7988	1	
24	20277	1	
24	21305	2	
24	12602	2	
24	20285	1	
24	4418	1	
24	22464	1	
24	17227	1	
24	16209	1	
24	10467	2	
24	14677	1	
24	3047	1	
24	2394	1	
24	20794	1	
24	4960	1	
24	7010	1	
24	3943	1	
24	7018	1	
24	20843	1	
24	9069	2	
24	15216	1	
24	7537	1	
24	3954	1	
24	10985	1	
24	14713	1	
24	3963	1	
24	5501	1	
24	16774	1	
24	7559	1	
24	2442	1	
24	16787	1	
24	12188	1	
24	12704	1	
24	15266	1	
24	11684	1	
24	16301	1	
24	7088	1	
24	1465	3	
24	3515	1	
24	1469	1	
24	960	1	
24	11714	1	
24	4547	1	
24	15300	1	
24	7112	1	
24	12746	1	
24	15820	1	
24	9687	1	
24	12760	1	
24	18911	1	
24	3552	1	
24	21841	1	
24	11603	1	
24	5623	3	
24	11771	1	
24	12799	1	
25	12288	1	
25	19460	1	
25	6149	1	
25	16301	1	
25	1041	3	
25	4116	1	
25	13846	1	
25	22551	1	
25	13316	1	
25	18975	1	
25	15403	1	
25	16430	1	
25	3631	1	
25	21995	1	
25	9792	1	
25	9794	1	
25	3652	1	
25	19553	1	
25	15432	1	
25	585	2	
25	19019	1	
25	15436	1	
25	21586	4	
25	13910	1	
25	12897	1	
25	10340	1	
25	22119	1	
25	21609	1	
25	18540	1	
25	5746	1	
25	17013	1	
25	10875	1	
25	6269	1	
25	13950	2	
25	13951	1	
25	5760	1	
25	18055	1	
25	19595	1	
25	11714	1	
25	1167	1	
25	5264	1	
25	1169	1	
25	13979	1	
25	16546	1	
25	22188	1	
25	16049	1	
25	6687	1	
25	19133	2	
25	4289	1	
25	20168	1	
25	9423	1	
25	14032	1	
25	17105	1	
25	17106	1	
25	9167	2	
25	4831	1	
25	10464	1	
25	10467	3	
25	5864	1	
25	22252	1	
25	18162	1	
25	5246	1	
25	18686	1	
25	8961	1	
25	3340	1	
25	3353	1	
25	7451	2	
25	20256	1	
25	18209	1	
25	18212	3	
25	8327	1	
25	18225	1	
25	16691	1	
25	19764	2	
25	8502	1	
25	21305	2	
25	17632	1	
25	16194	1	
25	3395	3	
25	5448	1	
25	12106	1	
25	10573	1	
25	13453	1	
25	5456	1	
25	12625	1	
25	14677	1	
25	9047	1	
25	18267	1	
25	16224	1	
25	7011	1	
25	3943	1	
25	15723	1	
25	364	1	
25	21878	1	
25	12151	1	
25	8063	1	
25	18819	1	
25	16774	1	
25	1415	1	
25	7560	1	
25	906	1	
25	21902	1	
25	10136	1	
25	22418	1	
25	11672	1	
25	14751	1	
25	4000	1	
25	18851	1	
25	11684	5	
25	20722	2	
25	15791	1	
25	12360	1	
25	3508	1	
25	7095	1	
25	11192	1	
25	1465	2	
25	8636	1	
25	11710	1	
25	22464	2	
25	20384	2	
25	16834	1	
25	11726	1	
25	463	1	
25	1496	1	
25	18911	1	
25	19938	1	
25	19939	1	
25	489	1	
25	8683	1	
25	11760	1	
25	9201	1	
25	4364	1	
26	12288	1	
26	9329	1	
26	16915	1	
26	4116	1	
26	8726	1	
26	15903	1	
26	3621	1	
26	20519	1	
26	3631	1	
26	9777	1	
26	1076	1	
26	1591	1	
26	13880	1	
26	19514	1	
26	20542	1	
26	9791	1	
26	13890	1	
26	4675	1	
26	22086	1	
26	583	1	
26	585	2	
26	21586	1	
26	13910	1	
26	18528	1	
26	18022	2	
26	9831	1	
26	9832	1	
26	11708	1	
26	18023	1	
26	18030	1	
26	21617	1	
26	626	1	
26	22133	1	
26	633	1	
26	13951	1	
26	128	1	
26	5765	1	
26	646	1	
26	15508	1	
26	4881	1	
26	13478	1	
26	10407	1	
26	19626	1	
26	4267	1	
26	14509	1	
26	21692	1	
26	12481	1	
26	22223	1	
26	17106	1	
26	7897	1	
26	11471	1	
26	15580	1	
26	10464	2	
26	10467	1	
26	18155	1	
26	7408	2	
26	20722	1	
26	13937	1	
26	22264	1	
26	12026	1	
26	7937	1	
26	775	1	
26	4364	1	
26	7952	1	
26	11537	1	
26	3353	1	
26	7968	1	
26	18209	1	
26	19238	1	
26	2343	1	
26	5934	2	
26	15666	1	
26	10555	1	
26	6461	1	
26	16197	1	
26	17225	2	
26	9546	1	
26	3408	1	
26	12625	3	
26	1763	1	
26	9047	1	
26	4441	1	
26	14682	1	
26	2410	1	
26	364	1	
26	3949	1	
26	8568	1	
26	3647	1	
26	8062	1	
26	1922	1	
26	907	1	
26	10638	1	
26	22418	1	
26	16787	1	
26	4000	2	
26	11684	2	
26	3497	2	
26	3498	1	
26	19384	1	
26	9145	1	
26	8636	2	
26	20418	1	
26	19519	1	
26	464	1	
26	14291	1	
26	20464	1	
26	5623	1	
26	11771	1	
26	11434	1	
26	18208	1	
27	12288	1	
27	7680	1	
27	7766	1	
27	20494	1	
27	12816	1	
27	1044	1	
27	22551	6	
27	1048	2	
27	9246	1	
27	6687	1	
27	9760	2	
27	11821	1	
27	8238	5	
27	8753	1	
27	13884	1	
27	1597	1	
27	13376	1	
27	20545	1	
27	3652	2	
27	15432	2	
27	15434	1	
27	21586	2	
27	18005	1	
27	7254	1	
27	1465	1	
27	3674	1	
27	18013	1	
27	3176	1	
27	15548	1	
27	17004	1	
27	5746	1	
27	14526	1	
27	17526	1	
27	17532	1	
27	5246	1	
27	129	2	
27	130	2	
27	6790	1	
27	19764	1	
27	21132	1	
27	1167	1	
27	13969	1	
27	3220	2	
27	662	1	
27	7325	1	
27	16544	1	
27	683	3	
27	10928	1	
27	14513	1	
27	12471	1	
27	11449	2	
27	11295	1	
27	8892	1	
27	7870	1	
27	12481	1	
27	21189	1	
27	16588	1	
27	8908	1	
27	17626	1	
27	13532	1	
27	15581	1	
27	7904	1	
27	8421	1	
27	2278	1	
27	7399	1	
27	10985	1	
27	7409	1	
27	14583	1	
27	22266	1	
27	18686	1	
27	7938	1	
27	19719	1	
27	3344	1	
27	2834	1	
27	4886	1	
27	281	1	
27	5936	2	
27	16177	1	
27	1844	1	
27	2873	1	
27	16190	1	
27	20384	1	
27	5958	1	
27	19783	1	
27	14668	1	
27	14672	1	
27	14673	1	
27	3413	1	
27	14682	2	
27	22369	1	
27	13159	1	
27	364	1	
27	2949	1	
27	3649	1	
27	19340	1	
27	909	1	
27	11662	1	
27	7055	2	
27	22418	3	
27	13516	1	
27	11672	2	
27	13723	3	
27	13725	1	
27	20382	1	
27	13727	1	
27	12192	1	
27	4002	2	
27	11684	1	
27	3313	1	
27	7069	1	
27	3060	1	
27	19388	1	
27	11709	1	
27	16833	1	
27	11714	1	
27	20420	1	
27	19398	1	
27	15818	1	
27	9167	1	
27	12026	1	
27	18911	1	
27	9704	1	
27	2025	1	
27	11760	4	
27	8180	1	
27	502	1	
27	15869	1	
28	12288	2	
28	7684	1	
28	16902	1	
28	12616	1	
28	20494	1	
28	22032	2	
28	22551	3	
28	1048	2	
28	19460	1	
28	22557	2	
28	2596	1	
28	8236	6	
28	20914	1	
28	8238	1	
28	8752	1	
28	3636	1	
28	19509	1	
28	3647	1	
28	3652	2	
28	11850	2	
28	588	1	
28	8781	1	
28	21586	2	
28	18005	1	
28	9145	1	
28	13912	1	
28	3171	1	
28	16998	2	
28	3175	1	
28	5232	1	
28	5233	1	
28	873	1	
28	129	3	
28	130	1	
28	132	1	
28	13445	1	
28	646	1	
28	14985	1	
28	13969	1	
28	5267	2	
28	3220	3	
28	13980	1	
28	16544	1	
28	14448	1	
28	16547	1	
28	13478	1	
28	10409	1	
28	22188	1	
28	11293	1	
28	4276	1	
28	5301	4	
28	12471	2	
28	11449	4	
28	19131	1	
28	8892	2	
28	19133	1	
28	7870	1	
28	21696	1	
28	5321	1	
28	16075	1	
28	719	1	
28	4304	1	
28	4818	1	
28	18645	1	
28	13030	1	
28	10985	1	
28	13548	1	
28	7408	1	
28	3313	1	
28	1266	1	
28	14583	3	
28	14584	5	
28	16121	2	
28	21841	1	
28	18686	1	
28	18185	1	
28	20234	1	
28	4364	1	
28	15119	1	
28	3344	1	
28	5934	1	
28	19588	1	
28	2343	1	
28	16430	1	
28	3881	1	
28	7982	1	
28	16176	1	
28	14649	1	
28	1076	1	
28	5448	1	
28	1420	1	
28	14668	1	
28	18769	1	
28	5970	1	
28	5971	1	
28	7508	2	
28	15991	1	
28	21305	1	
28	14682	1	
28	13161	3	
28	19943	1	
28	19519	1	
28	7514	1	
28	6014	1	
28	13697	1	
28	8579	3	
28	901	1	
28	13704	1	
28	16779	1	
28	7564	1	
28	16272	1	
28	22418	1	
28	11157	1	
28	7069	2	
28	20384	1	
28	4002	4	
28	1959	3	
28	7410	2	
28	1457	1	
28	6066	1	
28	8628	1	
28	1465	1	
28	11708	4	
28	11709	1	
28	4000	1	
28	11714	1	
28	12746	1	
28	9167	2	
28	14807	1	
28	19939	1	
28	14673	3	
28	8171	1	
28	11760	3	
28	10225	1	
28	3058	1	
28	9043	1	
28	16373	1	
28	505	1	
28	18426	2	
28	15869	2	
29	12288	1	
29	19460	4	
29	10246	1	
29	6155	1	
29	7694	1	
29	12815	1	
29	3758	1	
29	22557	1	
29	4647	1	
29	20524	1	
29	16430	1	
29	9777	1	
29	1074	1	
29	3636	1	
29	12341	1	
29	12344	1	
29	14016	1	
29	7230	1	
29	12354	1	
29	15432	1	
29	11850	1	
29	588	2	
29	18510	1	
29	3674	1	
29	15717	1	
29	22119	1	
29	10642	1	
29	14448	1	
29	6773	1	
29	15993	1	
29	6778	1	
29	22463	1	
29	17024	1	
29	21633	1	
29	9860	1	
29	4238	1	
29	13969	1	
29	18584	1	
29	6306	1	
29	17062	1	
29	7335	1	
29	4776	1	
29	7964	1	
29	21166	1	
29	16049	1	
29	19124	3	
29	5301	1	
29	19133	1	
29	5824	1	
29	20165	1	
29	14033	2	
29	14035	1	
29	22232	1	
29	4831	1	
29	7397	1	
29	13030	1	
29	1233	1	
29	7400	1	
29	22252	1	
29	17141	2	
29	6401	1	
29	4868	1	
29	16133	1	
29	4225	1	
29	4364	3	
29	19598	1	
29	20014	1	
29	16662	1	
29	8988	1	
29	1827	1	
29	17229	1	
29	15149	2	
29	19246	1	
29	7471	2	
29	1844	1	
29	7477	1	
29	8502	1	
29	2873	1	
29	19771	1	
29	12604	2	
29	16701	2	
29	831	1	
29	6464	1	
29	16194	1	
29	4941	1	
29	12110	1	
29	909	1	
29	11918	1	
29	4438	1	
29	7013	1	
29	2407	1	
29	1340	1	
29	5995	1	
29	9069	1	
29	19263	1	
29	17790	1	
29	13186	1	
29	15751	1	
29	10636	1	
29	4493	1	
29	910	1	
29	7570	1	
29	2451	1	
29	10644	2	
29	11157	1	
29	21399	1	
29	409	1	
29	5019	1	
29	15266	4	
29	5551	1	
29	7600	1	
29	12788	1	
29	8636	1	
29	7101	1	
29	4542	1	
29	13759	1	
29	22464	2	
29	11714	1	
29	967	1	
29	15820	1	
29	4046	1	
29	9167	2	
29	9684	1	
29	4942	1	
29	17218	1	
29	16891	1	
29	17892	1	
29	13287	1	
29	20969	1	
29	12778	1	
29	10219	1	
29	11251	1	
29	8180	1	
29	5623	2	
29	11771	2	
29	15869	1	
29	14677	3	
30	16385	1	
30	19460	1	
30	5127	1	
30	7178	1	
30	14860	1	
30	21012	1	
30	22551	3	
30	22557	1	
30	16133	1	
30	22571	1	
30	5684	1	
30	12342	1	
30	1591	1	
30	10814	1	
30	20547	2	
30	10311	1	
30	13389	1	
30	21586	3	
30	18005	2	
30	19553	2	
30	18022	1	
30	7785	1	
30	21613	1	
30	22133	1	
30	6776	1	
30	15486	1	
30	13951	1	
30	15808	1	
30	2179	1	
30	6791	1	
30	14473	1	
30	19595	1	
30	15512	3	
30	10408	1	
30	10928	1	
30	3255	1	
30	2745	1	
30	15903	1	
30	8892	1	
30	19133	2	
30	21696	1	
30	20256	1	
30	8387	1	
30	13516	1	
30	2766	1	
30	16592	1	
30	632	1	
30	12505	2	
30	12507	1	
30	12510	2	
30	8145	1	
30	12010	1	
30	3313	1	
30	7410	1	
30	1269	1	
30	18175	1	
30	12544	1	
30	8449	1	
30	15621	6	
30	4359	1	
30	7432	2	
30	7433	1	
30	2835	1	
30	7960	2	
30	7963	2	
30	15648	1	
30	1827	1	
30	20103	1	
30	7471	1	
30	1841	1	
30	19764	2	
30	21305	2	
30	10555	1	
30	19263	1	
30	17218	4	
30	15175	2	
30	17228	2	
30	9729	1	
30	9047	1	
30	14682	1	
30	22369	1	
30	19810	1	
30	8549	1	
30	3943	1	
30	19816	1	
30	5994	1	
30	9072	1	
30	20343	1	
30	17788	1	
30	12671	1	
30	12676	4	
30	9606	1	
30	395	1	
30	9100	2	
30	909	1	
30	910	1	
30	8086	1	
30	5017	2	
30	5019	1	
30	12190	1	
30	20384	1	
30	18851	1	
30	16804	1	
30	7409	1	
30	5551	2	
30	12212	1	
30	18357	1	
30	22457	1	
30	11708	1	
30	11710	1	
30	11711	1	
30	22464	1	
30	11714	3	
30	13255	1	
30	4558	1	
30	9169	1	
30	18393	1	
30	15837	1	
30	10208	1	
30	14314	1	
30	7154	1	
30	14324	1	
30	5623	1	
30	16888	2	
30	8187	1	
30	5118	1	
30	5717	1	
31	12288	1	
31	13833	1	
31	12816	1	
31	22551	2	
31	14876	1	
31	16430	1	
31	14898	1	
31	3636	2	
31	20026	1	
31	10814	2	
31	3650	1	
31	21586	3	
31	16468	2	
31	16470	1	
31	3679	2	
31	7777	1	
31	16998	1	
31	3175	1	
31	6761	1	
31	10357	1	
31	17016	1	
31	14974	2	
31	10370	1	
31	2179	3	
31	646	1	
31	3723	1	
31	13973	1	
31	6809	2	
31	4255	1	
31	10408	1	
31	11434	1	
31	683	1	
31	22188	1	
31	2745	1	
31	18113	1	
31	4304	1	
31	19672	1	
31	7897	1	
31	7899	1	
31	13532	1	
31	10973	1	
31	10464	1	
31	464	1	
31	7901	1	
31	7396	1	
31	16616	1	
31	13950	1	
31	11524	1	
31	2309	1	
31	18185	6	
31	20236	1	
31	6786	1	
31	8238	1	
31	20783	1	
31	19243	1	
31	18222	1	
31	7471	1	
31	1844	1	
31	12600	1	
31	12602	1	
31	9536	1	
31	16201	1	
31	8012	1	
31	21841	1	
31	7514	1	
31	22368	1	
31	15715	2	
31	2407	2	
31	5994	1	
31	14703	1	
31	8062	1	
31	3392	1	
31	16771	1	
31	5004	1	
31	1421	1	
31	10129	1	
31	22418	3	
31	7579	1	
31	4000	3	
31	15269	1	
31	11182	1	
31	1465	1	
31	19900	2	
31	11709	1	
31	7584	1	
31	15311	1	
31	14800	1	
31	4055	1	
31	8684	1	
31	16366	1	
31	11760	1	
31	12787	1	
31	5625	2	
32	12288	1	
32	13316	1	
32	13912	1	
32	20494	1	
32	12815	6	
32	12816	2	
32	15448	4	
32	18962	1	
32	16915	1	
32	22551	4	
32	19460	1	
32	6831	1	
32	22557	2	
32	17438	1	
32	6687	1	
32	12835	2	
32	20519	1	
32	17961	1	
32	1578	1	
32	22571	1	
32	8749	1	
32	13358	1	
32	2099	1	
32	3636	1	
32	22585	1	
32	10812	1	
32	71	2	
32	15432	1	
32	11850	3	
32	11855	2	
32	21586	3	
32	17494	1	
32	5208	1	
32	22032	2	
32	15971	2	
32	18022	1	
32	21609	1	
32	18540	1	
32	1469	1	
32	21617	1	
32	21618	2	
32	11604	1	
32	3190	1	
32	10857	1	
32	4249	1	
32	6421	1	
32	13440	3	
32	129	1	
32	3392	1	
32	3206	2	
32	7306	1	
32	13451	1	
32	13457	1	
32	2243	1	
32	7319	1	
32	14489	1	
32	5276	1	
32	16543	1	
32	7451	2	
32	6310	1	
32	13937	2	
32	6826	1	
32	17067	1	
32	22188	1	
32	10636	2	
32	17071	1	
32	6833	6	
32	2394	1	
32	15539	1	
32	19124	7	
32	2742	1	
32	2743	2	
32	11449	1	
32	8892	3	
32	19133	8	
32	14709	1	
32	18112	1	
32	8898	1	
32	2755	1	
32	20165	1	
32	15487	1	
32	13516	1	
32	718	1	
32	719	1	
32	721	1	
32	19156	1	
32	22232	1	
32	10972	2	
32	21727	1	
32	2273	1	
32	19172	1	
32	2279	1	
32	6377	3	
32	21227	1	
32	19180	1	
32	4333	1	
32	489	1	
32	3313	1	
32	9458	1	
32	1269	1	
32	1321	1	
32	16120	4	
32	20177	1	
32	17659	1	
32	17660	1	
32	8957	2	
32	14081	1	
32	12331	1	
32	2309	1	
32	14088	1	
32	4364	1	
32	4877	2	
32	4366	3	
32	4879	1	
32	21264	1	
32	17681	1	
32	2834	1	
32	21267	1	
32	4884	1	
32	21781	1	
32	6423	1	
32	11547	2	
32	8988	1	
32	8989	1	
32	20256	1	
32	11555	1	
32	6790	1	
32	19238	1	
32	11049	1	
32	2860	1	
32	20269	1	
32	7471	3	
32	1425	1	
32	1844	1	
32	22196	1	
32	21814	1	
32	12089	2	
32	16190	1	
32	21312	1	
32	3393	1	
32	1858	1	
32	1163	2	
32	2873	1	
32	3553	2	
32	6984	3	
32	1420	1	
32	20300	1	
32	4942	1	
32	3408	1	
32	12625	1	
32	18772	1	
32	17806	2	
32	9047	1	
32	4440	1	
32	6489	1	
32	14682	1	
32	18267	1	
32	8028	1	
32	15168	1	
32	22369	2	
32	4451	1	
32	18577	1	
32	8556	1	
32	9069	1	
32	13681	1	
32	15166	2	
32	745	1	
32	1403	2	
32	11645	1	
32	20353	2	
32	18818	1	
32	1138	1	
32	1415	1	
32	22252	1	
32	906	1	
32	7575	1	
32	1932	1	
32	5929	1	
32	20878	1	
32	4497	1	
32	20882	2	
32	3991	2	
32	11672	1	
32	7296	1	
32	13723	2	
32	7069	1	
32	3568	1	
32	931	1	
32	18853	1	
32	16301	1	
32	15279	3	
32	5044	1	
32	5760	1	
32	1467	2	
32	13244	1	
32	11709	1	
32	18367	1	
32	22464	2	
32	16833	1	
32	11714	1	
32	21957	3	
32	7110	2	
32	21960	2	
32	12746	1	
32	15820	1	
32	8655	1	
32	9171	1	
32	10206	1	
32	10721	1	
32	16891	1	
32	4073	1	
32	3562	1	
32	3564	1	
32	15442	1	
32	11760	1	
32	3060	1	
32	16373	1	
32	16374	1	
32	15863	1	
32	19595	1	
32	4602	2	
32	5627	1	
33	12288	1	
33	6145	1	
33	8194	1	
33	13316	1	
33	12816	5	
33	6173	1	
33	2596	1	
33	16049	1	
33	9262	1	
33	1074	1	
33	3650	1	
33	11835	1	
33	13887	1	
33	12352	1	
33	15425	1	
33	12354	1	
33	12360	1	
33	11851	3	
33	11855	5	
33	11856	2	
33	15448	2	
33	18016	1	
33	17424	2	
33	15971	1	
33	4708	1	
33	18022	1	
33	15976	1	
33	10857	1	
33	18540	2	
33	13937	5	
33	21618	1	
33	10867	1	
33	15476	1	
33	6773	1	
33	17016	1	
33	13438	1	
33	20098	1	
33	15491	1	
33	7303	2	
33	19592	1	
33	7306	1	
33	16011	1	
33	12940	1	
33	14477	1	
33	17042	2	
33	3220	1	
33	18077	1	
33	12446	1	
33	6823	1	
33	19113	1	
33	6826	2	
33	4779	1	
33	1138	1	
33	11438	1	
33	6833	6	
33	11442	1	
33	5811	1	
33	19124	7	
33	13493	1	
33	8379	1	
33	19133	2	
33	21696	2	
33	18113	1	
33	17608	1	
33	718	1	
33	5843	2	
33	22232	1	
33	6876	1	
33	7392	1	
33	7397	1	
33	6375	2	
33	12008	1	
33	6377	4	
33	4331	1	
33	7418	1	
33	8957	2	
33	8958	1	
33	10495	1	
33	1280	1	
33	18689	1	
33	19718	1	
33	775	1	
33	4873	2	
33	3339	1	
33	4364	1	
33	20237	1	
33	4366	3	
33	21267	1	
33	16430	1	
33	21783	1	
33	15128	1	
33	8989	4	
33	13605	1	
33	21814	1	
33	21305	1	
33	12602	1	
33	7483	1	
33	16704	1	
33	16705	1	
33	15170	1	
33	8502	1	
33	17225	1	
33	20303	2	
33	12625	1	
33	7308	1	
33	14677	1	
33	18267	2	
33	13883	1	
33	4497	1	
33	8040	1	
33	5993	1	
33	5996	1	
33	9069	3	
33	6000	1	
33	20343	1	
33	8568	1	
33	1408	1	
33	1413	1	
33	1414	1	
33	1420	1	
33	4493	1	
33	4496	2	
33	1425	1	
33	13723	1	
33	7584	1	
33	3568	1	
33	15266	4	
33	15426	1	
33	9129	1	
33	15275	1	
33	7601	1	
33	14262	1	
33	10636	1	
33	3005	1	
33	12734	1	
33	22464	1	
33	21957	1	
33	21446	1	
33	21960	3	
33	9167	1	
33	10195	1	
33	7638	1	
33	14807	1	
33	3553	8	
33	3562	2	
33	494	1	
33	11760	2	
33	10225	1	
33	16372	1	
33	16374	1	
33	15863	1	
33	15864	1	
33	5625	1	
33	11946	1	
34	7680	1	
34	13316	1	
34	12815	3	
34	17424	1	
34	22551	1	
34	1054	1	
34	15903	2	
34	4647	1	
34	9268	1	
34	6770	1	
34	13887	2	
34	12352	1	
34	12354	1	
34	8261	1	
34	12360	1	
34	13389	2	
34	591	1	
34	15441	1	
34	21586	4	
34	15955	1	
34	5207	2	
34	15448	3	
34	15449	1	
34	17506	1	
34	17083	1	
34	18532	1	
34	13937	2	
34	1650	1	
34	17013	1	
34	17016	2	
34	18042	1	
34	18051	1	
34	7303	2	
34	14475	1	
34	10381	1	
34	5264	1	
34	657	1	
34	1174	1	
34	14489	2	
34	18076	1	
34	18077	2	
34	9887	2	
34	13985	1	
34	15522	1	
34	5285	1	
34	6826	1	
34	13255	1	
34	6828	1	
34	1138	1	
34	6833	5	
34	16054	1	
34	10938	1	
34	11963	1	
34	8892	2	
34	19133	2	
34	18113	1	
34	21194	1	
34	3277	2	
34	22224	1	
34	5841	1	
34	6867	1	
34	22232	1	
34	7897	1	
34	7901	1	
34	4831	1	
34	5840	1	
34	8421	1	
34	5351	2	
34	16616	2	
34	6377	1	
34	18156	1	
34	20177	1	
34	10999	1	
34	20730	1	
34	22267	1	
34	8957	3	
34	10495	1	
34	14592	1	
34	19204	1	
34	12673	1	
34	17163	1	
34	4364	2	
34	4366	1	
34	17680	1	
34	17170	1	
34	19734	2	
34	15128	1	
34	22297	1	
34	17184	1	
34	801	1	
34	6778	1	
34	4289	1	
34	19591	3	
34	7471	1	
34	8502	1	
34	14649	1	
34	4414	1	
34	16194	1	
34	11075	1	
34	5601	1	
34	17225	1	
34	20300	1	
34	12110	1	
34	20818	1	
34	3411	1	
34	14677	2	
34	22368	1	
34	22369	2	
34	6791	1	
34	7057	1	
34	15994	1	
34	6000	1	
34	5996	1	
34	9069	1	
34	15216	1	
34	13681	1	
34	15166	1	
34	8568	1	
34	12351	1	
34	20353	2	
34	1410	1	
34	16260	1	
34	901	1	
34	16774	1	
34	14743	1	
34	10636	1	
34	4497	1	
34	6809	1	
34	409	1	
34	17818	2	
34	3568	1	
34	15266	1	
34	22343	1	
34	12716	1	
34	12852	1	
34	15281	1	
34	8626	1	
34	435	1	
34	7092	1	
34	14262	1	
34	3060	1	
34	13755	1	
34	8636	2	
34	3517	1	
34	12734	3	
34	3519	1	
34	22464	1	
34	9666	1	
34	13766	1	
34	8647	1	
34	16846	1	
34	11855	2	
34	10206	1	
34	3553	6	
34	19938	1	
34	4579	1	
34	15855	2	
34	11760	2	
34	10225	1	
34	14836	1	
34	18175	1	
35	12288	1	
35	13316	2	
35	17424	1	
35	2220	1	
35	10762	1	
35	12815	1	
35	12816	1	
35	17428	1	
35	6830	1	
35	19460	1	
35	2078	1	
35	3106	1	
35	18267	2	
35	2596	1	
35	4647	1	
35	22571	1	
35	4146	1	
35	12852	1	
35	7223	1	
35	11835	1	
35	13887	2	
35	17484	1	
35	13389	1	
35	13445	1	
35	21586	5	
35	4366	3	
35	15449	1	
35	22032	1	
35	12390	1	
35	18022	2	
35	9831	1	
35	8636	2	
35	22119	2	
35	18028	2	
35	11471	1	
35	15476	1	
35	10359	1	
35	4217	2	
35	13435	1	
35	22464	3	
35	14469	1	
35	19591	3	
35	19592	1	
35	14985	1	
35	7306	1	
35	20109	1	
35	21357	1	
35	19993	1	
35	3227	1	
35	18077	1	
35	13986	1	
35	6826	3	
35	8647	1	
35	6828	3	
35	685	1	
35	4782	2	
35	16049	2	
35	19124	1	
35	11294	1	
35	16054	1	
35	8892	4	
35	19133	2	
35	21696	1	
35	9924	1	
35	5319	1	
35	14537	1	
35	17099	1	
35	14543	2	
35	19157	1	
35	22232	1	
35	7897	1	
35	1371	1	
35	12495	1	
35	10972	1	
35	6375	2	
35	12009	1	
35	22252	1	
35	17140	1	
35	4526	1	
35	13049	1	
35	12026	1	
35	14592	1	
35	555	1	
35	2309	1	
35	4364	1	
35	15117	2	
35	19726	1	
35	10265	1	
35	9432	1	
35	2834	1	
35	4886	1	
35	21784	1	
35	19737	1	
35	8988	3	
35	4382	1	
35	645	1	
35	1825	1	
35	15579	1	
35	1833	1	
35	17194	1	
35	7471	2	
35	17200	1	
35	21305	1	
35	12602	1	
35	12604	1	
35	7485	3	
35	9268	1	
35	13632	1	
35	3395	1	
35	22340	1	
35	17229	2	
35	12110	1	
35	11600	1	
35	12625	1	
35	1874	1	
35	14677	1	
35	4438	2	
35	9047	1	
35	2394	1	
35	3419	1	
35	4496	1	
35	10129	1	
35	8040	1	
35	11196	1	
35	9069	4	
35	15216	2	
35	20854	2	
35	8568	1	
35	18809	1	
35	18495	1	
35	12673	1	
35	16771	1	
35	11927	1	
35	4492	1	
35	10128	1	
35	4497	2	
35	1426	1	
35	16276	1	
35	14751	1	
35	4000	3	
35	15777	1	
35	15273	1	
35	4011	1	
35	1454	1	
35	5551	2	
35	7600	1	
35	8626	1	
35	5047	1	
35	15800	1	
35	19900	1	
35	12735	1	
35	9152	2	
35	11714	1	
35	15376	1	
35	13767	1	
35	21960	1	
35	12746	1	
35	4601	1	
35	20952	1	
35	10206	1	
35	3553	2	
35	12770	1	
35	3067	1	
35	21841	1	
35	11760	2	
35	3065	1	
35	11771	1	
35	6652	1	
35	16893	1	
36	13316	2	
36	1110	1	
36	7303	2	
36	8236	1	
36	13887	1	
36	4364	1	
36	21262	1	
36	12307	1	
36	15508	1	
36	16661	1	
36	21910	1	
36	7907	1	
36	19736	1	
36	13956	1	
36	797	1	
36	2078	1	
36	18975	1	
36	20384	1	
36	5541	1	
36	7463	1	
36	10408	1	
36	4647	1	
36	22442	1	
36	4011	1	
36	11180	1	
36	3629	1	
36	1844	1	
36	9141	1	
36	16054	1	
36	7223	1	
36	3636	1	
36	15903	2	
36	8636	2	
36	9022	1	
36	22133	1	
36	9152	1	
36	4868	1	
36	15170	1	
36	20803	1	
36	17350	1	
36	3553	1	
36	2359	1	
36	10636	2	
36	4554	1	
36	12471	1	
36	13389	1	
36	3278	1	
36	14543	1	
36	19408	1	
36	21586	2	
36	9171	1	
36	14677	4	
36	4438	1	
36	5433	1	
36	7479	1	
36	1019	1	
36	13116	1	
36	4263	1	
36	21613	2	
36	13682	1	
36	19347	1	
36	17013	1	
36	13174	1	
36	16763	1	
36	11771	1	
36	2812	1	
36	9469	1	
36	22271	1	
