1	14763	1	
1	14081	1	
1	19464	1	
1	7691	1	
1	4116	1	
1	10262	1	
1	10264	1	
1	16922	1	
1	17435	1	
1	15903	1	
1	10280	1	
1	22571	1	
1	8236	2	
1	3629	2	
1	6702	1	
1	1459	1	
1	9271	1	
1	11832	1	
1	17983	1	
1	15426	1	
1	523	1	
1	22369	1	
1	15432	1	
1	15435	1	
1	588	1	
1	13389	1	
1	11855	1	
1	15441	1	
1	21586	2	
1	15971	2	
1	15957	1	
1	18528	1	
1	3171	1	
1	13412	1	
1	12390	1	
1	11708	1	
1	15981	1	
1	9327	1	
1	22132	1	
1	12917	1	
1	9577	1	
1	17016	2	
1	14969	1	
1	16506	1	
1	20882	1	
1	15485	2	
1	13440	1	
1	14466	1	
1	10541	1	
1	18073	1	
1	11931	1	
1	9887	1	
1	7842	1	
1	19619	1	
1	9892	1	
1	4263	1	
1	1706	1	
1	19124	1	
1	11960	1	
1	18108	1	
1	19133	1	
1	9918	3	
1	6773	1	
1	16064	1	
1	8898	1	
1	4635	1	
1	7881	1	
1	13514	1	
1	13516	1	
1	9424	1	
1	632	1	
1	16092	1	
1	10975	2	
1	6951	1	
1	7463	1	
1	22252	1	
1	10851	1	
1	18680	1	
1	18686	1	
1	11007	1	
1	14592	2	
1	15617	1	
1	4868	1	
1	12037	1	
1	14721	1	
1	1068	1	
1	4364	1	
1	8749	1	
1	5394	1	
1	5400	1	
1	2329	1	
1	8475	1	
1	14725	2	
1	11042	1	
1	2343	1	
1	10972	1	
1	11053	1	
1	21295	2	
1	1844	1	
1	9015	1	
1	10555	1	
1	20284	1	
1	16705	1	
1	8075	1	
1	22340	1	
1	3398	1	
1	18759	1	
1	22071	1	
1	15184	1	
1	5993	1	
1	14677	1	
1	4438	1	
1	15704	1	
1	18267	2	
1	3937	1	
1	4454	1	
1	20329	1	
1	8043	1	
1	9069	1	
1	5489	1	
1	4496	1	
1	7544	1	
1	11641	1	
1	14714	1	
1	7553	1	
1	2795	1	
1	5509	1	
1	4486	1	
1	14727	1	
1	4491	1	
1	8079	2	
1	19344	1	
1	11666	1	
1	7150	2	
1	3991	1	
1	11672	1	
1	20384	3	
1	21922	1	
1	18852	1	
1	9543	1	
1	12717	2	
1	10158	1	
1	5551	1	
1	7600	1	
1	4019	1	
1	11193	1	
1	6075	1	
1	8636	1	
1	15808	1	
1	11714	1	
1	11851	1	
1	13388	1	
1	4087	1	
1	13772	1	
1	9122	1	
1	17359	1	
1	13776	1	
1	2523	1	
1	2524	2	
1	10205	1	
1	10206	1	
1	7148	1	
1	5102	1	
1	15857	1	
1	3058	1	
1	14327	1	
1	4602	2	
1	6652	2	
1	22186	2	
2	6149	2	
2	14854	1	
2	19464	1	
2	9	1	
2	13834	1	
2	13229	1	
2	12309	1	
2	10262	1	
2	7704	1	
2	7706	1	
2	17435	1	
2	11292	1	
2	11293	1	
2	19493	1	
2	550	1	
2	13863	2	
2	15916	1	
2	11821	1	
2	6702	1	
2	560	1	
2	8	1	
2	54	1	
2	1591	1	
2	16952	1	
2	20148	1	
2	4668	3	
2	61	1	
2	4670	2	
2	3649	1	
2	66	3	
2	67	1	
2	3652	1	
2	20150	1	
2	22369	1	
2	20236	1	
2	588	1	
2	15442	1	
2	13398	1	
2	9817	1	
2	1626	1	
2	8797	1	
2	10851	1	
2	15976	1	
2	19048	1	
2	6770	2	
2	6771	1	
2	6263	1	
2	14969	1	
2	3197	1	
2	20095	1	
2	22202	1	
2	4746	1	
2	4235	2	
2	1676	1	
2	4754	1	
2	14489	1	
2	13978	1	
2	14492	1	
2	673	1	
2	19619	1	
2	13477	1	
2	13937	1	
2	11946	1	
2	11444	1	
2	16054	1	
2	16390	1	
2	20155	2	
2	19133	2	
2	279	1	
2	12481	3	
2	20168	1	
2	10441	1	
2	9422	1	
2	10449	2	
2	10963	1	
2	20695	1	
2	10972	1	
2	6372	1	
2	12008	1	
2	15594	1	
2	4332	1	
2	6269	1	
2	246	1	
2	20727	1	
2	14081	1	
2	8967	1	
2	14088	1	
2	8236	1	
2	267	2	
2	4364	2	
2	5993	1	
2	17170	1	
2	18197	1	
2	4169	1	
2	2839	3	
2	15128	1	
2	20762	1	
2	21276	1	
2	8993	1	
2	293	1	
2	7463	1	
2	299	1	
2	1844	1	
2	6965	1	
2	19254	1	
2	1336	1	
2	21305	2	
2	20874	1	
2	9022	1	
2	18754	1	
2	835	1	
2	16196	1	
2	3894	1	
2	57	1	
2	2397	1	
2	15713	1	
2	17521	1	
2	8041	1	
2	9069	1	
2	14703	1	
2	13682	1	
2	12147	1	
2	16702	1	
2	11641	1	
2	17790	1	
2	7552	1	
2	15233	1	
2	14725	1	
2	16775	1	
2	13704	1	
2	906	1	
2	5517	1	
2	8685	1	
2	12694	1	
2	3992	2	
2	8180	1	
2	4000	1	
2	65	1	
2	9645	1	
2	1457	1	
2	7241	1	
2	13161	1	
2	21433	1	
2	4540	1	
2	4030	1	
2	9151	1	
2	20384	1	
2	13388	1	
2	11723	1	
2	13772	1	
2	9167	3	
2	8144	1	
2	978	1	
2	9684	1	
2	14807	1	
2	12760	1	
2	4602	1	
2	5086	1	
2	8614	1	
2	6630	1	
2	8683	1	
2	22508	1	
2	21586	4	
2	16366	1	
2	16367	1	
2	14324	1	
2	14327	1	
2	2552	1	
2	20474	1	
3	1280	1	
3	16390	2	
3	7690	2	
3	22032	1	
3	13331	1	
3	13334	1	
3	3095	1	
3	18460	2	
3	12317	1	
3	18975	1	
3	4235	1	
3	16443	1	
3	21565	1	
3	4670	2	
3	9072	1	
3	66	1	
3	20547	1	
3	2634	1	
3	13388	2	
3	18510	1	
3	20560	1	
3	21586	1	
3	13398	3	
3	10328	1	
3	18521	1	
3	13412	1	
3	21605	1	
3	12390	1	
3	15976	1	
3	12394	1	
3	622	1	
3	13937	3	
3	22130	1	
3	6773	1	
3	20598	1	
3	10871	1	
3	4219	1	
3	4198	1	
3	14475	2	
3	1167	1	
3	15982	1	
3	4604	1	
3	14488	1	
3	6809	1	
3	19612	1	
3	672	1	
3	11937	1	
3	15522	1	
3	17067	1	
3	15532	1	
3	15534	1	
3	22557	1	
3	18108	1	
3	19133	2	
3	9918	1	
3	15041	1	
3	8898	1	
3	17608	1	
3	15565	1	
3	20690	3	
3	10963	3	
3	11988	1	
3	10453	1	
3	20695	1	
3	10972	3	
3	10975	2	
3	8421	1	
3	16103	1	
3	745	1	
3	746	1	
3	748	1	
3	7782	1	
3	9458	1	
3	22262	1	
3	14592	3	
3	4867	1	
3	2348	1	
3	7952	1	
3	12760	1	
3	19331	1	
3	2839	1	
3	22296	1	
3	15322	1	
3	293	1	
3	19238	1	
3	12076	1	
3	10034	1	
3	3895	1	
3	2873	1	
3	18746	1	
3	16704	1	
3	16194	1	
3	1163	1	
3	9015	1	
3	8536	1	
3	4441	1	
3	15713	1	
3	16226	1	
3	1895	1	
3	15216	1	
3	12151	2	
3	8568	2	
3	8571	1	
3	1918	1	
3	2947	1	
3	4490	1	
3	11662	1	
3	4497	1	
3	3992	2	
3	20882	4	
3	7571	1	
3	3991	1	
3	21912	1	
3	8606	1	
3	7600	1	
3	14489	1	
3	22464	1	
3	12746	1	
3	4046	1	
3	9167	1	
3	9169	1	
3	6104	1	
3	8666	1	
3	10205	1	
3	13793	1	
3	11771	1	
3	14824	1	
3	15849	1	
3	493	1	
3	4090	1	
3	13819	1	
3	6652	1	
4	12288	1	
4	1545	1	
4	22032	2	
4	19478	1	
4	23	1	
4	24	1	
4	13849	1	
4	1074	1	
4	4019	1	
4	17973	1	
4	1590	1	
4	4668	1	
4	12354	1	
4	3652	2	
4	292	1	
4	12360	1	
4	21586	3	
4	1626	1	
4	18528	1	
4	15457	1	
4	7778	1	
4	15971	1	
4	17004	4	
4	13937	3	
4	6771	1	
4	14456	1	
4	4219	1	
4	13951	1	
4	13440	1	
4	14475	1	
4	4237	1	
4	2706	2	
4	14489	2	
4	673	1	
4	13480	1	
4	9901	1	
4	3758	1	
4	16049	1	
4	20148	2	
4	16054	2	
4	18108	1	
4	19133	1	
4	15041	1	
4	20167	1	
4	20168	1	
4	16592	2	
4	20690	1	
4	5331	2	
4	10452	1	
4	20695	2	
4	5337	1	
4	8935	1	
4	4328	1	
4	18154	1	
4	18199	1	
4	18162	2	
4	5332	1	
4	14592	1	
4	14081	1	
4	4867	1	
4	8967	2	
4	17170	3	
4	18222	2	
4	278	1	
4	2839	2	
4	7455	2	
4	18209	1	
4	290	1	
4	16164	1	
4	5934	1	
4	5936	1	
4	6024	1	
4	15666	1	
4	21305	1	
4	906	1	
4	7733	1	
4	4235	1	
4	20303	1	
4	11603	1	
4	4438	2	
4	855	1	
4	5464	1	
4	7516	2	
4	22369	1	
4	4453	1	
4	7530	1	
4	9072	3	
4	5490	1	
4	12147	1	
4	12663	1	
4	8568	1	
4	8579	1	
4	1415	2	
4	13704	1	
4	6026	2	
4	66	1	
4	11665	1	
4	20882	4	
4	11157	1	
4	7236	1	
4	7582	1	
4	20384	1	
4	6561	1	
4	4003	4	
4	4005	2	
4	13229	1	
4	18862	1	
4	17840	1	
4	10161	1	
4	5555	1	
4	11714	1	
4	20429	1	
4	9167	3	
4	11733	1	
4	12018	1	
4	1506	1	
4	8679	1	
4	6125	1	
4	15856	1	
4	8184	2	
5	19460	2	
5	6150	1	
5	19464	1	
5	10761	1	
5	17424	1	
5	13912	1	
5	6680	1	
5	13849	2	
5	13851	1	
5	22571	1	
5	12334	1	
5	13883	1	
5	19008	1	
5	588	1	
5	7757	1	
5	21586	4	
5	10835	1	
5	18005	1	
5	13398	1	
5	5208	1	
5	19550	1	
5	10340	1	
5	14437	1	
5	2663	1	
5	21097	1	
5	11887	1	
5	1648	1	
5	1650	1	
5	19571	1	
5	1654	1	
5	15479	1	
5	16504	1	
5	14969	1	
5	14970	1	
5	1152	1	
5	12930	1	
5	19588	1	
5	6281	1	
5	11714	1	
5	9069	1	
5	7313	1	
5	14489	1	
5	671	1	
5	14448	1	
5	20642	1	
5	13477	1	
5	10097	1	
5	4267	1	
5	15532	1	
5	15534	1	
5	16049	1	
5	4786	1	
5	19124	4	
5	16054	1	
5	12471	1	
5	13952	1	
5	4795	1	
5	19133	3	
5	2239	1	
5	800	1	
5	21187	1	
5	11461	1	
5	20167	1	
5	7880	1	
5	13514	1	
5	17103	1	
5	721	1	
5	10963	1	
5	11476	1	
5	10972	1	
5	10975	1	
5	7397	1	
5	4328	1	
5	4335	1	
5	9473	1	
5	6402	1	
5	4867	1	
5	3339	1	
5	4364	2	
5	7952	1	
5	17169	1	
5	18197	1	
5	21782	1	
5	2839	1	
5	2841	2	
5	18208	1	
5	3975	1	
5	6446	1	
5	16691	1	
5	3894	1	
5	14649	2	
5	12602	1	
5	14139	1	
5	3392	1	
5	3905	4	
5	17225	1	
5	6989	1	
5	3408	3	
5	21845	1	
5	15190	2	
5	21305	3	
5	5465	1	
5	13147	1	
5	860	1	
5	15210	1	
5	7570	1	
5	9072	1	
5	7537	1	
5	9074	1	
5	12151	1	
5	12670	1	
5	8063	1	
5	12673	1	
5	16775	1	
5	904	1	
5	492	1	
5	906	1	
5	21902	1	
5	7568	1	
5	20882	2	
5	10646	1	
5	6809	1	
5	3992	1	
5	20384	1	
5	9130	1	
5	7600	1	
5	4019	1	
5	4030	1	
5	4032	1	
5	1474	1	
5	9167	1	
5	467	1	
5	9684	1	
5	18911	1	
5	15328	1	
5	19939	2	
5	12778	1	
5	8683	2	
5	20168	1	
5	16367	1	
5	1013	1	
5	16374	1	
6	16385	1	
6	15874	1	
6	16388	1	
6	15190	2	
6	11273	1	
6	11275	1	
6	12	1	
6	13331	1	
6	14475	1	
6	19460	1	
6	10781	1	
6	1627	1	
6	19493	2	
6	8749	1	
6	20147	1	
6	11444	2	
6	59	1	
6	10300	1	
6	61	2	
6	62	1	
6	64	1	
6	65	1	
6	66	2	
6	20547	3	
6	15432	1	
6	11850	1	
6	11851	1	
6	588	7	
6	21586	1	
6	13398	1	
6	602	1	
6	20239	1	
6	18013	1	
6	7263	1	
6	18529	1	
6	15971	1	
6	13412	1	
6	14437	3	
6	21094	1	
6	19048	1	
6	18540	1	
6	3182	1	
6	13937	1	
6	6770	1	
6	21619	1	
6	13161	1	
6	4219	1	
6	6269	1	
6	277	1	
6	13952	1	
6	1984	1	
6	4227	1	
6	19588	1	
6	4230	1	
6	7540	2	
6	139	1	
6	12429	1	
6	21657	1	
6	669	1	
6	10398	1	
6	13477	1	
6	13425	1	
6	11293	2	
6	15539	1	
6	20148	1	
6	13493	3	
6	11449	1	
6	698	1	
6	20155	1	
6	19133	3	
6	7870	1	
6	4799	1	
6	14016	1	
6	12481	2	
6	8898	1	
6	6342	1	
6	6809	1	
6	13516	1	
6	17103	1	
6	19155	1	
6	10968	1	
6	10971	1	
6	10975	1	
6	4834	1	
6	8421	1	
6	15593	3	
6	5354	1	
6	4332	1	
6	3197	1	
6	10963	1	
6	19705	1	
6	7741	1	
6	3339	1	
6	4364	2	
6	5391	1	
6	273	1	
6	276	1	
6	18197	2	
6	21782	4	
6	2841	5	
6	8989	1	
6	4382	1	
6	292	1	
6	293	1	
6	7463	1	
6	1833	1	
6	7471	1	
6	21305	3	
6	15674	1	
6	11067	1	
6	17216	1	
6	3905	2	
6	17218	1	
6	3907	1	
6	20303	1	
6	11600	1	
6	12625	2	
6	4438	1	
6	57	1	
6	22369	2	
6	13115	1	
6	1895	1	
6	7017	1	
6	7019	1	
6	9069	1	
6	9583	1	
6	6000	1	
6	9074	1	
6	285	1	
6	8568	2	
6	21882	1	
6	17790	1	
6	1922	1	
6	2948	1	
6	14725	1	
6	4492	1	
6	2446	1	
6	16783	1	
6	7568	1	
6	6038	1	
6	14489	2	
6	13222	1	
6	11183	1	
6	22464	2	
6	11714	1	
6	17350	1	
6	1482	1	
6	15609	1	
6	17373	1	
6	10208	1	
6	15184	1	
6	16358	1	
6	7658	1	
6	4263	1	
6	3582	1	
6	15869	1	
6	6142	1	
7	16385	1	
7	19460	1	
7	19464	1	
7	13836	1	
7	16911	1	
7	13331	2	
7	7707	1	
7	12317	1	
7	18975	1	
7	16425	1	
7	8236	1	
7	1074	1	
7	12852	1	
7	4668	1	
7	61	1	
7	9072	1	
7	20547	3	
7	11850	1	
7	13388	1	
7	13389	1	
7	21586	3	
7	7765	1	
7	13398	1	
7	602	1	
7	18528	2	
7	7777	1	
7	273	1	
7	21097	1	
7	22124	1	
7	21613	1	
7	14448	2	
7	13425	1	
7	14969	1	
7	6269	1	
7	9342	1	
7	13951	1	
7	21632	1	
7	14475	1	
7	12429	1	
7	7313	1	
7	1174	1	
7	6809	2	
7	10397	1	
7	18080	1	
7	7329	1	
7	13477	3	
7	10408	1	
7	10410	1	
7	15532	1	
7	22557	1	
7	19124	2	
7	11449	1	
7	19133	4	
7	2244	1	
7	13514	1	
7	16588	1	
7	5841	1	
7	10963	1	
7	10452	1	
7	12501	1	
7	10968	1	
7	21721	1	
7	10971	1	
7	1758	1	
7	10975	1	
7	10468	1	
7	5356	1	
7	6381	1	
7	3825	1	
7	4868	1	
7	7432	1	
7	17163	1	
7	22232	1	
7	17170	1	
7	21782	1	
7	3351	1	
7	15128	1	
7	2841	1	
7	7451	1	
7	2344	1	
7	13611	1	
7	12076	1	
7	8500	1	
7	14046	1	
7	11063	1	
7	21305	4	
7	3398	1	
7	1351	1	
7	22344	1	
7	7499	1	
7	17228	1	
7	11600	1	
7	8021	1	
7	9047	1	
7	18777	1	
7	18267	1	
7	19816	1	
7	9069	1	
7	12656	1	
7	12663	1	
7	17790	1	
7	14725	1	
7	16775	1	
7	13113	1	
7	3991	1	
7	3992	1	
7	15771	1	
7	12188	1	
7	8607	4	
7	17312	1	
7	9121	1	
7	1443	1	
7	9148	1	
7	22464	1	
7	20384	2	
7	450	1	
7	16835	1	
7	12743	1	
7	8012	1	
7	460	1	
7	19408	1	
7	7635	1	
7	7637	1	
7	7841	1	
7	19939	1	
7	15332	1	
7	8683	1	
7	1524	1	
7	6651	1	
7	6141	1	
7	4603	1	
8	12288	2	
8	9729	1	
8	19460	1	
8	14081	1	
8	10072	1	
8	11795	1	
8	19478	2	
8	3099	1	
8	16924	1	
8	6686	1	
8	18975	2	
8	10928	1	
8	6691	1	
8	20519	1	
8	555	2	
8	3629	1	
8	4019	1	
8	1076	1	
8	16952	1	
8	11902	1	
8	19881	1	
8	3652	1	
8	7241	1	
8	8779	1	
8	13388	1	
8	21586	1	
8	15448	1	
8	9817	1	
8	14427	1	
8	18528	2	
8	19555	1	
8	12390	1	
8	9831	1	
8	10857	1	
8	18023	1	
8	8815	1	
8	5232	1	
8	13425	1	
8	4722	1	
8	7799	1	
8	17016	1	
8	14969	1	
8	19581	1	
8	6270	1	
8	19583	1	
8	12930	3	
8	6790	1	
8	1160	2	
8	4235	1	
8	12429	1	
8	17046	1	
8	15514	1	
8	11931	1	
8	18080	1	
8	8816	1	
8	15338	1	
8	13477	2	
8	11946	1	
8	15532	1	
8	21168	1	
8	1206	1	
8	12471	1	
8	3258	2	
8	18108	2	
8	19133	5	
8	15042	2	
8	9924	1	
8	9415	1	
8	16586	1	
8	12151	2	
8	13516	1	
8	5838	1	
8	11471	1	
8	22051	1	
8	10452	1	
8	20181	1	
8	20695	2	
8	11482	1	
8	10972	1	
8	13022	1	
8	17121	1	
8	13542	1	
8	2279	1	
8	17640	1	
8	2793	1	
8	20209	1	
8	19582	1	
8	20727	1	
8	1281	1	
8	770	1	
8	22571	1	
8	4868	1	
8	7433	1	
8	4364	1	
8	12625	1	
8	16661	1	
8	11555	1	
8	4486	1	
8	15656	1	
8	10539	1	
8	10540	1	
8	15666	1	
8	7471	1	
8	11570	1	
8	6965	1	
8	4406	1	
8	21305	5	
8	10162	1	
8	4411	1	
8	9023	1	
8	16195	1	
8	18759	1	
8	17225	1	
8	13880	1	
8	8532	1	
8	14677	1	
8	4438	3	
8	5464	1	
8	7514	1	
8	3419	1	
8	7521	1	
8	20322	1	
8	19816	1	
8	9069	4	
8	16757	1	
8	17129	1	
8	8511	1	
8	10108	1	
8	19837	1	
8	7147	1	
8	9366	1	
8	3974	1	
8	8684	1	
8	1420	1	
8	3991	2	
8	15771	1	
8	15261	1	
8	8607	1	
8	15266	1	
8	20635	1	
8	16804	1	
8	20389	1	
8	15273	1	
8	4011	1	
8	8620	1	
8	18862	2	
8	5554	1	
8	20915	1	
8	14324	1	
8	9146	1	
8	14751	1	
8	20925	1	
8	4030	1	
8	12223	1	
8	8641	1	
8	11714	1	
8	9167	1	
8	8660	1	
8	16853	1	
8	470	1	
8	9178	1	
8	4329	1	
8	2524	1	
8	8669	1	
8	6622	1	
8	18911	1	
8	19939	1	
8	8679	1	
8	12778	1	
8	8683	1	
8	22508	1	
8	16367	3	
8	13808	1	
8	10740	1	
8	16373	1	
8	16374	2	
8	503	1	
8	2552	1	
8	17401	1	
8	4602	1	
8	13819	2	
9	14592	1	
9	4612	1	
9	1545	1	
9	22032	1	
9	13331	1	
9	14475	1	
9	12825	1	
9	17435	1	
9	22557	1	
9	14369	1	
9	547	1	
9	18983	1	
9	4235	1	
9	1068	1	
9	9776	1	
9	12342	1	
9	2104	1	
9	8250	1	
9	1375	2	
9	8778	1	
9	13398	3	
9	15963	1	
9	7773	1	
9	19550	1	
9	17424	1	
9	18022	1	
9	18023	1	
9	9832	1	
9	10857	1	
9	11887	1	
9	20080	1	
9	13937	2	
9	7794	1	
9	1140	1	
9	1141	2	
9	4217	1	
9	4221	1	
9	9342	1	
9	22464	2	
9	12930	1	
9	18051	1	
9	12933	1	
9	7303	1	
9	1163	1	
9	7313	1	
9	4754	2	
9	17046	2	
9	11418	1	
9	13979	1	
9	14448	2	
9	11946	1	
9	11719	1	
9	15534	2	
9	10928	1	
9	19124	1	
9	8376	1	
9	3258	2	
9	10939	1	
9	19133	2	
9	14016	1	
9	4291	1	
9	14024	1	
9	10442	1	
9	721	1	
9	20690	1	
9	10452	3	
9	17017	1	
9	8921	1	
9	10972	1	
9	13022	1	
9	4831	1	
9	19683	1	
9	10981	1	
9	10472	1	
9	10473	1	
9	20519	1	
9	15485	1	
9	9458	2	
9	2686	1	
9	11007	1	
9	1280	1	
9	4868	1	
9	2309	1	
9	18476	1	
9	20234	1	
9	4364	4	
9	1837	1	
9	2835	1	
9	6423	1	
9	3419	1	
9	21295	1	
9	20766	1	
9	20255	1	
9	560	1	
9	7463	1	
9	13611	1	
9	2354	1	
9	7471	1	
9	18736	1	
9	12427	1	
9	6269	1	
9	9015	1	
9	11064	1	
9	21305	2	
9	16701	1	
9	9023	1	
9	16705	1	
9	22339	1	
9	16197	1	
9	21832	1	
9	22346	1	
9	17229	1	
9	17231	1	
9	12625	2	
9	9047	1	
9	2394	1	
9	18267	1	
9	15418	1	
9	15710	1	
9	18783	1	
9	1377	1	
9	20329	1	
9	21821	1	
9	8421	1	
9	15232	1	
9	1922	1	
9	21891	1	
9	10628	1	
9	4486	1	
9	16775	1	
9	17291	1	
9	9617	2	
9	20882	1	
9	19610	1	
9	15774	1	
9	4001	1	
9	18853	1	
9	13809	1	
9	18857	2	
9	5034	1	
9	11179	1	
9	12717	1	
9	7089	1	
9	4019	1	
9	16312	1	
9	15808	1	
9	8641	2	
9	14786	1	
9	16835	1	
9	6087	1	
9	19408	1	
9	465	1	
9	19924	1	
9	15317	1	
9	2525	1	
9	17376	1	
9	3555	1	
9	999	1	
9	13800	1	
9	8683	2	
9	18416	1	
9	1521	1	
9	4602	1	
10	12288	2	
10	13398	2	
10	6150	1	
10	16367	1	
10	13834	1	
10	4107	1	
10	4623	1	
10	22032	1	
10	20499	1	
10	3417	3	
10	17435	2	
10	11293	1	
10	10246	1	
10	21544	1	
10	17451	1	
10	3629	3	
10	18483	1	
10	7224	1	
10	8764	1	
10	13885	1	
10	5182	3	
10	13887	1	
10	13889	1	
10	11332	1	
10	7237	1	
10	22601	1	
10	9809	1	
10	21586	2	
10	3158	1	
10	3159	1	
10	9816	1	
10	5988	2	
10	605	1	
10	12897	1	
10	9831	1	
10	19561	1	
10	13418	1	
10	17170	1	
10	10862	1	
10	9839	1	
10	13425	1	
10	17014	1	
10	15479	1	
10	13435	1	
10	19580	1	
10	20095	1	
10	5251	1	
10	18052	1	
10	13445	1	
10	646	2	
10	6291	1	
10	14492	1	
10	8683	1	
10	9901	1	
10	15534	2	
10	20147	1	
10	3258	1	
10	10940	1	
10	19133	7	
10	7359	1	
10	13507	2	
10	21622	1	
10	14024	1	
10	2761	2	
10	2762	3	
10	17015	1	
10	10449	2	
10	10963	1	
10	12501	1	
10	20695	1	
10	1758	1	
10	4831	1	
10	19682	1	
10	6883	1	
10	741	1	
10	2279	1	
10	17129	1	
10	21228	1	
10	6383	1	
10	9458	1	
10	20724	1	
10	12670	1	
10	14592	1	
10	14081	1	
10	17155	1	
10	4868	3	
10	20689	1	
10	17163	1	
10	4364	1	
10	5391	1	
10	2322	1	
10	18197	1	
10	21782	1	
10	796	3	
10	8989	1	
10	5765	1	
10	13958	1	
10	10631	1	
10	17202	1	
10	17203	1	
10	3895	1	
10	21305	7	
10	10975	2	
10	15754	1	
10	6976	1	
10	20803	1	
10	17225	1	
10	21324	1	
10	7717	1	
10	3408	1	
10	5910	1	
10	1763	1	
10	15190	1	
10	2905	1	
10	22369	1	
10	1380	1	
10	19816	2	
10	15723	1	
10	9069	5	
10	9072	2	
10	10097	1	
10	15731	1	
10	8568	1	
10	3962	1	
10	1918	1	
10	21995	1	
10	16774	1	
10	16775	2	
10	17290	1	
10	1420	1	
10	16273	1	
10	20882	1	
10	7571	1	
10	10646	1	
10	6043	1	
10	20384	1	
10	13223	1	
10	5551	1	
10	15280	1	
10	4020	1	
10	17140	1	
10	13244	1	
10	22464	1	
10	4000	1	
10	11714	1	
10	17740	1	
10	12746	1	
10	11723	1	
10	18393	1	
10	6622	1	
10	2018	1	
10	10723	1	
10	7659	1	
10	22508	1	
10	2543	1	
10	11771	1	
10	6652	1	
11	13440	1	
11	8449	1	
11	1410	1	
11	22571	1	
11	7684	1	
11	8193	1	
11	1673	1	
11	5399	1	
11	66	4	
11	2063	2	
11	22551	2	
11	281	1	
11	21295	1	
11	797	1	
11	16030	1	
11	15903	1	
11	7911	1	
11	17313	1	
11	19619	1	
11	19238	1	
11	15528	1	
11	13532	1	
11	683	1	
11	626	1	
11	1309	1	
11	7618	1	
11	1457	1	
11	12852	1	
11	5301	1	
11	8502	1	
11	20284	1	
11	6075	1	
11	13116	1	
11	4799	1	
11	64	1	
11	11714	1	
11	67	2	
11	7527	1	
11	11334	6	
11	15432	2	
11	15435	2	
11	8013	1	
11	20686	2	
11	17293	1	
11	248	6	
11	10963	1	
11	13398	1	
11	15704	1	
11	18393	2	
11	1167	3	
11	10972	1	
11	21601	1	
11	22252	1	
11	12625	1	
11	873	1	
11	16363	4	
11	7660	2	
11	7917	1	
11	16367	1	
11	14721	1	
11	7409	1	
11	18162	1	
11	18420	1	
11	18686	1	
11	7529	1	
11	20856	1	
11	7546	1	
11	13435	1	
11	4221	1	
11	5246	1	
11	11007	1	
12	7683	1	
12	20494	2	
12	1047	1	
12	13848	1	
12	15903	3	
12	7203	1	
12	6696	1	
12	8236	1	
12	3629	1	
12	16435	1	
12	5687	1	
12	7224	1	
12	65	1	
12	66	2	
12	8771	1	
12	15432	3	
12	588	1	
12	21586	2	
12	17678	1	
12	3676	1	
12	21605	1	
12	9831	1	
12	18023	2	
12	11887	1	
12	22464	2	
12	7303	2	
12	13961	1	
12	22551	8	
12	1167	2	
12	16035	1	
12	10408	1	
12	5301	2	
12	12481	1	
12	15567	1	
12	13532	2	
12	19174	1	
12	7408	1	
12	18162	1	
12	5885	1	
12	4364	1	
12	8461	2	
12	5390	1	
12	5394	1	
12	281	1	
12	284	1	
12	11039	1	
12	21295	1	
12	18234	1	
12	20284	1	
12	8515	1	
12	22340	1	
12	5447	2	
12	1359	1	
12	56	1	
12	4438	1	
12	18783	1	
12	20329	1	
12	1408	1	
12	3974	1	
12	3975	1	
12	16273	1	
12	20882	1	
12	8086	1	
12	6554	1	
12	17312	3	
12	19366	1	
12	1266	1	
12	6075	2	
12	16832	1	
12	11714	1	
12	13763	1	
12	19619	1	
12	15317	1	
12	12768	1	
12	13793	1	
12	10210	1	
12	12625	2	
12	18922	1	
12	16363	2	
12	2033	1	
12	4594	1	
12	20473	1	
12	4602	1	
12	6651	1	
12	6652	1	
12	6741	1	
13	2944	1	
13	1025	1	
13	7684	2	
13	20357	1	
13	7303	1	
13	7304	1	
13	18185	1	
13	7690	1	
13	1163	1	
13	17292	1	
13	1167	2	
13	7952	1	
13	19224	1	
13	20882	1	
13	4884	1	
13	22032	1	
13	8342	1	
13	22551	4	
13	15128	1	
13	22553	1	
13	22557	2	
13	16030	1	
13	15903	4	
13	20384	1	
13	7203	2	
13	11428	1	
13	4263	1	
13	13440	1	
13	8458	1	
13	7982	1	
13	16989	1	
13	18056	1	
13	6066	1	
13	6446	1	
13	8500	1	
13	5301	1	
13	18005	1	
13	2265	1	
13	10043	1	
13	8765	1	
13	11710	1	
13	16544	1	
13	11714	1	
13	13451	1	
13	2747	1	
13	22369	1	
13	13514	1	
13	13131	1	
13	13885	1	
13	4303	1	
13	20303	1	
13	12625	1	
13	19668	1	
13	6741	1	
13	6543	1	
13	20260	1	
13	12623	1	
13	10972	1	
13	11514	1	
13	3417	1	
13	4831	1	
13	22368	1	
13	21601	1	
13	17312	1	
13	16998	1	
13	15705	1	
13	21608	1	
13	489	1	
13	16363	2	
13	7660	1	
13	12013	1	
13	7613	1	
13	12656	1	
13	1266	1	
13	6771	1	
13	18548	1	
13	20597	1	
13	3830	1	
13	10360	1	
13	4601	1	
13	19578	2	
13	5119	1	
13	1578	1	
13	1466	1	
14	12288	3	
14	4611	1	
14	7684	1	
14	518	1	
14	521	1	
14	9742	1	
14	3088	5	
14	2578	1	
14	4116	1	
14	19478	1	
14	9305	1	
14	10264	2	
14	12825	1	
14	4122	1	
14	14875	1	
14	8026	1	
14	4640	1	
14	12835	1	
14	2084	1	
14	4161	1	
14	15400	1	
14	3115	1	
14	15404	1	
14	21841	1	
14	16946	1	
14	7219	1	
14	1076	1	
14	3131	1	
14	13658	1	
14	8765	1	
14	13887	2	
14	17984	1	
14	11329	1	
14	22082	1	
14	22597	2	
14	14919	1	
14	15432	1	
14	587	1	
14	588	3	
14	13389	5	
14	13905	1	
14	17490	6	
14	17494	1	
14	6745	1	
14	602	1	
14	22108	3	
14	1466	1	
14	11089	1	
14	5885	1	
14	11771	1	
14	7785	1	
14	17004	3	
14	3090	1	
14	1648	1	
14	6771	1	
14	22133	1	
14	3190	1	
14	631	1	
14	632	1	
14	633	1	
14	13060	1	
14	10365	1	
14	4735	1	
14	5248	1	
14	22464	1	
14	646	1	
14	14984	1	
14	3948	1	
14	8332	1	
14	1068	1	
14	1167	1	
14	13456	1	
14	13763	1	
14	16695	1	
14	15641	1	
14	20125	1	
14	2207	1	
14	14448	1	
14	2211	1	
14	9892	1	
14	4263	1	
14	4776	2	
14	22188	1	
14	3758	1	
14	22557	1	
14	7345	1	
14	19124	1	
14	13304	1	
14	5304	2	
14	4384	1	
14	20168	1	
14	11979	1	
14	20684	1	
14	20686	1	
14	13519	1	
14	1744	1	
14	15225	1	
14	9432	2	
14	9434	1	
14	13388	2	
14	21727	1	
14	13026	1	
14	13027	1	
14	19174	1	
14	6375	1	
14	745	1	
14	4332	1	
14	14363	1	
14	1266	1	
14	22262	1	
14	15097	1	
14	9981	1	
14	4441	1	
14	11007	1	
14	11520	1	
14	13440	1	
14	4868	3	
14	1798	1	
14	20524	1	
14	17162	2	
14	4364	5	
14	10510	2	
14	18191	1	
14	18197	2	
14	18199	2	
14	281	2	
14	7451	1	
14	22300	1	
14	4381	2	
14	20256	1	
14	21440	1	
14	16888	1	
14	3878	1	
14	15751	1	
14	2348	1	
14	17485	3	
14	21295	1	
14	15666	1	
14	15155	1	
14	13449	1	
14	6458	1	
14	8512	1	
14	14657	2	
14	16194	1	
14	19782	5	
14	16012	1	
14	19787	6	
14	3919	1	
14	12625	3	
14	3922	1	
14	11603	1	
14	14677	1	
14	855	1	
14	12121	1	
14	2906	1	
14	20014	1	
14	19805	1	
14	22368	2	
14	22369	3	
14	7016	1	
14	11628	1	
14	9069	1	
14	3440	1	
14	5489	1	
14	15218	1	
14	3958	1	
14	19831	1	
14	11641	1	
14	63	2	
14	1918	2	
14	2943	1	
14	1409	1	
14	1410	1	
14	12663	1	
14	16260	1	
14	20357	1	
14	4486	1	
14	17799	1	
14	11662	1	
14	11664	1	
14	20882	1	
14	14743	1	
14	18841	1	
14	13723	1	
14	4509	1	
14	13727	1	
14	20384	1	
14	17313	1	
14	18222	2	
14	6982	1	
14	15274	1	
14	3501	1	
14	14493	1	
14	21104	1	
14	954	1	
14	6075	1	
14	4030	1	
14	4032	1	
14	11714	2	
14	14667	1	
14	18373	1	
14	4038	1	
14	1754	1	
14	17484	4	
14	1482	2	
14	4555	1	
14	13772	3	
14	20429	1	
14	9167	1	
14	7120	2	
14	15864	1	
14	5970	1	
14	15317	1	
14	14807	1	
14	20303	2	
14	10205	1	
14	20475	1	
14	6630	1	
14	5095	2	
14	2216	1	
14	21586	5	
14	7663	1	
14	17576	2	
14	16373	1	
14	4600	4	
14	13817	1	
14	11519	1	
14	5629	1	
15	12288	1	
15	5635	1	
15	6760	1	
15	10762	1	
15	22542	1	
15	22032	1	
15	2648	1	
15	10264	3	
15	10265	1	
15	22557	2	
15	13854	1	
15	15903	3	
15	9761	1	
15	20519	1	
15	17960	1	
15	22591	1	
15	12089	1	
15	16946	1	
15	563	1	
15	17973	1	
15	12345	1	
15	20026	1	
15	573	2	
15	22590	1	
15	13887	3	
15	12897	1	
15	15432	1	
15	11851	1	
15	588	2	
15	13389	2	
15	12878	2	
15	15439	2	
15	21586	4	
15	1619	2	
15	18005	1	
15	13398	1	
15	9816	1	
15	602	1	
15	6235	1	
15	19036	1	
15	8797	1	
15	17503	1	
15	21601	1	
15	15971	1	
15	16998	1	
15	14951	1	
15	15976	1	
15	18364	1	
15	13418	1	
15	10861	1	
15	622	2	
15	21617	1	
15	6419	1	
15	13428	6	
15	19902	1	
15	10871	1	
15	14969	2	
15	4219	1	
15	11909	1	
15	20103	1	
15	13961	1	
15	1163	1	
15	20109	1	
15	17039	1	
15	12944	1	
15	19480	1	
15	14488	1	
15	4263	1	
15	17067	1	
15	15534	3	
15	5661	1	
15	7345	1	
15	6331	1	
15	22198	1	
15	5815	1	
15	2747	2	
15	8892	1	
15	19133	2	
15	9918	1	
15	6338	1	
15	19142	1	
15	13772	1	
15	14542	1	
15	12495	1	
15	10963	1	
15	19668	2	
15	12501	1	
15	9434	1	
15	3803	2	
15	15581	1	
15	14786	1	
15	6881	1	
15	19172	1	
15	13425	1	
15	7400	1	
15	7401	1	
15	20008	1	
15	1782	1	
15	15096	1	
15	16123	1	
15	5884	1	
15	18173	1	
15	20222	1	
15	8449	1	
15	4868	1	
15	18390	1	
15	18185	2	
15	6615	1	
15	4364	3	
15	17170	1	
15	15123	1	
15	18197	1	
15	21782	1	
15	4484	1	
15	7451	1	
15	14621	1	
15	12067	1	
15	6436	1	
15	19238	1	
15	6951	1	
15	3881	1	
15	18222	1	
15	15666	1	
15	1844	1	
15	12598	1	
15	21305	1	
15	21727	1	
15	22069	1	
15	20384	2	
15	17740	1	
15	12625	2	
15	11603	2	
15	21845	1	
15	5433	1	
15	8538	1	
15	8539	1	
15	5052	1	
15	18782	1	
15	2914	1	
15	3943	1	
15	9072	1	
15	5489	1	
15	14707	1	
15	12663	1	
15	4472	1	
15	13178	1	
15	3647	1	
15	1405	1	
15	1918	1	
15	12673	1	
15	9092	2	
15	16773	1	
15	15754	1	
15	4494	1	
15	14743	1	
15	4509	2	
15	7582	2	
15	7584	1	
15	15276	1	
15	11471	1	
15	18352	1	
15	20382	2	
15	1466	1	
15	19900	1	
15	446	2	
15	4032	1	
15	7617	1	
15	11714	1	
15	7110	1	
15	4087	1	
15	15820	1	
15	11953	1	
15	9167	3	
15	17872	1	
15	13778	1	
15	8782	1	
15	9686	2	
15	5625	1	
15	11855	1	
15	4671	1	
15	17891	1	
15	13797	1	
15	13287	1	
15	18920	1	
15	10407	1	
15	16366	1	
15	16367	1	
15	15856	1	
15	3060	1	
15	4598	1	
15	5623	1	
15	4601	2	
15	11771	2	
16	12288	1	
16	6658	1	
16	7683	1	
16	7684	1	
16	518	1	
16	19464	1	
16	2063	1	
16	17424	1	
16	13844	1	
16	22551	2	
16	10264	1	
16	22553	1	
16	22557	2	
16	15903	4	
16	12325	1	
16	6694	1	
16	12329	1	
16	22571	1	
16	11820	1	
16	3629	2	
16	17707	1	
16	13884	1	
16	573	1	
16	13888	1	
16	21856	1	
16	66	1	
16	11334	1	
16	15432	2	
16	585	3	
16	15434	1	
16	13388	2	
16	15949	1	
16	15951	1	
16	21586	1	
16	17494	1	
16	8797	1	
16	21601	1	
16	4795	1	
16	7782	1	
16	16998	2	
16	9831	1	
16	19132	1	
16	12394	1	
16	11887	1	
16	19061	1	
16	631	1	
16	633	1	
16	13435	1	
16	3197	1	
16	16513	1	
16	20103	1	
16	1163	1	
16	1167	2	
16	1168	1	
16	7313	1	
16	15809	1	
16	4966	1	
16	6816	1	
16	19619	1	
16	4263	2	
16	10408	2	
16	17577	1	
16	19634	1	
16	11444	1	
16	15032	1	
16	6330	1	
16	7867	3	
16	8892	2	
16	19133	1	
16	7797	1	
16	16544	2	
16	20686	3	
16	10963	2	
16	15583	1	
16	12514	1	
16	7397	1	
16	7400	1	
16	10473	1	
16	22252	2	
16	7408	1	
16	5875	1	
16	248	2	
16	18686	1	
16	13611	1	
16	11524	1	
16	16645	1	
16	4364	2	
16	1410	1	
16	18191	1	
16	4868	1	
16	1305	1	
16	12570	1	
16	7471	1	
16	19238	2	
16	9351	1	
16	12076	2	
16	21295	3	
16	19764	1	
16	1844	1	
16	11066	1	
16	16193	1	
16	22339	1	
16	19783	1	
16	18766	2	
16	15184	2	
16	12625	3	
16	21305	1	
16	15707	1	
16	6494	1	
16	18783	1	
16	22368	1	
16	1889	1	
16	17762	1	
16	1380	1	
16	4454	1	
16	7528	1	
16	6507	1	
16	9069	1	
16	12656	1	
16	15218	2	
16	12151	1	
16	379	1	
16	17790	1	
16	18818	1	
16	16775	1	
16	15754	3	
16	578	1	
16	8079	1	
16	4497	1	
16	11672	1	
16	13723	1	
16	7069	1	
16	8607	1	
16	17312	1	
16	11684	4	
16	65	1	
16	15273	1	
16	7686	1	
16	9644	1	
16	16301	1	
16	6263	1	
16	7600	1	
16	4019	1	
16	7303	1	
16	18876	1	
16	4030	1	
16	20384	1	
16	11714	1	
16	20420	1	
16	15035	1	
16	7623	1	
16	5623	1	
16	14798	1	
16	14800	1	
16	9171	1	
16	18393	1	
16	9691	1	
16	13279	1	
16	14304	1	
16	15036	1	
16	487	1	
16	16363	2	
16	15344	1	
16	4081	1	
16	14324	3	
16	16886	1	
16	20649	2	
16	2552	1	
16	13821	1	
17	11388	1	
17	16069	1	
17	615	1	
