1	15376	1	
1	4399	1	
1	10264	1	
1	9244	1	
1	13853	1	
1	15903	2	
1	6694	1	
1	3627	1	
1	18477	1	
1	6702	1	
1	560	1	
1	4019	1	
1	17984	1	
1	7776	1	
1	1206	1	
1	11851	1	
1	13388	1	
1	13389	1	
1	10510	1	
1	13398	1	
1	18013	1	
1	18014	1	
1	18016	1	
1	18529	1	
1	5118	1	
1	21613	2	
1	14448	1	
1	17016	2	
1	18197	1	
1	22209	2	
1	10378	1	
1	14479	1	
1	6809	1	
1	9887	1	
1	10410	1	
1	4267	1	
1	16054	2	
1	12471	1	
1	15033	1	
1	18975	1	
1	18108	1	
1	18113	1	
1	11975	1	
1	14545	1	
1	1751	1	
1	11480	1	
1	8929	1	
1	7463	1	
1	22262	1	
1	12026	1	
1	14592	1	
1	8449	1	
1	4868	3	
1	4359	1	
1	18185	2	
1	4364	1	
1	21262	1	
1	15119	1	
1	7952	1	
1	16661	1	
1	2328	1	
1	7471	2	
1	798	1	
1	8992	1	
1	2523	1	
1	2343	1	
1	5928	1	
1	21295	1	
1	16695	1	
1	12602	1	
1	21312	1	
1	6421	1	
1	17121	1	
1	12625	1	
1	9047	1	
1	1371	1	
1	9069	1	
1	12151	1	
1	5499	1	
1	17788	1	
1	8063	1	
1	8512	1	
1	8074	1	
1	16271	1	
1	14489	1	
1	14751	1	
1	17312	1	
1	11173	1	
1	12717	1	
1	8623	1	
1	9139	1	
1	8117	1	
1	18847	1	
1	15806	1	
1	13778	1	
1	9687	1	
1	8153	1	
1	7131	1	
1	8156	1	
1	2525	1	
1	9188	1	
1	999	1	
1	15857	1	
1	3061	1	
1	4601	1	
1	1706	1	
1	20990	1	
2	22551	1	
2	19993	1	
2	11293	1	
2	22571	1	
2	8749	1	
2	1074	1	
2	6709	1	
2	11334	1	
2	18503	2	
2	11850	2	
2	3344	1	
2	21586	1	
2	18528	1	
2	12897	1	
2	15459	1	
2	105	2	
2	21613	1	
2	6770	1	
2	118	1	
2	15997	1	
2	5246	3	
2	129	1	
2	2179	1	
2	132	1	
2	136	1	
2	13961	1	
2	13963	1	
2	11925	2	
2	19094	1	
2	281	1	
2	16544	2	
2	19619	2	
2	15528	1	
2	17067	1	
2	3759	1	
2	2224	3	
2	16049	1	
2	11444	3	
2	5301	2	
2	11449	1	
2	19133	2	
2	21696	1	
2	5321	2	
2	20686	1	
2	20177	1	
2	7897	1	
2	10972	3	
2	1768	1	
2	20717	1	
2	248	3	
2	4364	2	
2	7952	1	
2	18051	1	
2	18197	2	
2	7812	2	
2	7451	1	
2	18208	1	
2	13532	1	
2	5934	1	
2	21305	2	
2	6459	1	
2	22339	1	
2	14148	2	
2	13129	1	
2	17229	1	
2	12625	1	
2	14677	1	
2	4438	1	
2	22364	1	
2	1375	1	
2	4454	1	
2	7016	1	
2	873	1	
2	9069	3	
2	13679	2	
2	20343	1	
2	1918	1	
2	17791	1	
2	16273	1	
2	22418	1	
2	14743	1	
2	18841	1	
2	20384	1	
2	20387	1	
2	5551	1	
2	19378	1	
2	11714	1	
2	13778	1	
2	16547	1	
2	16347	1	
2	10206	1	
2	8166	1	
2	494	1	
2	11760	1	
2	8187	1	
2	8188	1	
2	5118	1	
3	8193	1	
3	4267	1	
3	132	2	
3	14088	1	
3	18569	1	
3	17162	1	
3	13451	1	
3	4364	1	
3	9069	3	
3	22032	1	
3	14993	1	
3	6809	1	
3	6511	1	
3	1436	1	
3	13316	2	
3	18847	1	
3	8747	1	
3	11555	1	
3	16806	1	
3	20519	1	
3	21419	1	
3	2860	1	
3	14509	1	
3	3758	1	
3	5551	1	
3	7216	1	
3	136	1	
3	7471	2	
3	17331	1	
3	9268	1	
3	15774	1	
3	12471	1	
3	20794	1	
3	17339	1	
3	17290	1	
3	9662	1	
3	12354	2	
3	707	1	
3	12357	1	
3	11849	1	
3	9901	1	
3	744	1	
3	9167	1	
3	13778	1	
3	21586	1	
3	15971	1	
3	9047	3	
3	9817	1	
3	2394	1	
3	9231	1	
3	1116	1	
3	6458	1	
3	7520	1	
3	16848	2	
3	7483	2	
3	15035	3	
3	360	1	
3	2812	1	
3	6378	1	
3	21613	1	
3	494	1	
3	11887	1	
3	10096	1	
3	10225	1	
3	13938	1	
3	11511	2	
3	18424	1	
3	16260	1	
3	11771	1	
3	8188	2	
3	5118	2	
3	15487	1	
4	12288	1	
4	4267	1	
4	13316	2	
4	5126	1	
4	7687	2	
4	7688	1	
4	6489	1	
4	19716	2	
4	22557	1	
4	11294	1	
4	683	1	
4	3113	1	
4	14379	1	
4	14389	2	
4	12343	1	
4	6718	1	
4	2113	1	
4	8771	1	
4	8262	1	
4	16968	1	
4	2634	1	
4	2636	1	
4	13389	1	
4	2640	2	
4	21586	2	
4	5208	1	
4	14429	1	
4	16991	1	
4	22119	2	
4	21104	1	
4	21618	2	
4	2680	1	
4	10876	1	
4	16511	2	
4	16513	1	
4	16519	3	
4	16520	2	
4	14985	1	
4	12426	1	
4	13459	1	
4	6809	1	
4	13979	1	
4	14448	1	
4	10407	2	
4	17067	3	
4	14509	1	
4	17070	1	
4	8989	1	
4	5301	1	
4	5577	1	
4	15036	1	
4	19133	1	
4	11293	1	
4	4818	1	
4	17107	4	
4	7380	1	
4	7901	1	
4	15583	2	
4	7905	1	
4	19172	1	
4	14574	2	
4	3313	1	
4	5875	1	
4	11511	2	
4	11514	1	
4	9351	1	
4	8961	2	
4	3844	1	
4	13574	1	
4	3342	1	
4	7451	1	
4	19741	1	
4	11555	1	
4	5929	1	
4	7303	1	
4	7471	1	
4	21305	1	
4	20794	1	
4	7483	1	
4	12341	3	
4	14148	1	
4	8518	1	
4	13129	2	
4	5450	1	
4	18766	1	
4	15184	1	
4	4433	1	
4	9044	14	
4	14677	1	
4	3417	1	
4	14682	1	
4	4960	1	
4	22369	1	
4	19814	1	
4	7018	1	
4	9069	12	
4	13679	1	
4	9589	1	
4	12663	1	
4	8568	1	
4	12153	1	
4	7546	1	
4	1918	1	
4	2944	1	
4	8579	2	
4	4484	1	
4	17312	1	
4	17313	3	
4	20389	2	
4	12716	1	
4	2990	1	
4	5551	1	
4	15432	1	
4	5554	1	
4	5449	1	
4	19900	1	
4	15809	1	
4	15817	1	
4	12747	1	
4	9167	1	
4	9169	1	
4	13778	2	
4	13781	2	
4	13276	1	
4	15338	1	
4	16363	1	
4	10220	1	
4	11760	1	
4	14324	2	
4	4601	1	
4	5119	1	
4	18940	1	
4	5118	2	
4	18773	1	
5	12288	1	
5	7687	2	
5	13832	1	
5	15371	1	
5	11524	1	
5	11291	1	
5	11292	2	
5	9757	1	
5	11294	1	
5	6695	1	
5	18473	1	
5	1068	1	
5	16430	1	
5	2108	1	
5	7741	1	
5	2113	1	
5	16225	1	
5	15434	1	
5	17223	1	
5	2640	5	
5	21586	2	
5	18005	1	
5	5207	2	
5	16989	1	
5	22119	2	
5	15982	1	
5	11887	1	
5	2674	1	
5	16506	1	
5	16511	2	
5	21632	1	
5	16513	1	
5	15491	1	
5	19588	1	
5	13445	1	
5	16519	3	
5	13453	1	
5	9069	8	
5	13592	2	
5	18579	1	
5	21652	1	
5	18030	1	
5	18086	1	
5	18087	2	
5	17067	1	
5	14509	1	
5	17071	1	
5	2224	5	
5	16049	1	
5	5301	4	
5	8376	1	
5	19133	4	
5	16075	1	
5	20686	2	
5	17107	4	
5	10972	5	
5	15994	1	
5	22252	1	
5	14574	2	
5	14579	1	
5	1918	1	
5	15096	1	
5	18174	1	
5	1280	2	
5	8962	1	
5	19716	1	
5	14088	1	
5	4364	1	
5	18818	1	
5	15119	2	
5	2634	1	
5	18200	1	
5	8988	1	
5	19741	1	
5	17184	1	
5	7303	1	
5	21305	4	
5	17290	1	
5	16190	1	
5	1351	1	
5	5450	1	
5	12625	1	
5	9044	14	
5	1369	1	
5	19290	1	
5	18267	3	
5	22369	3	
5	3943	1	
5	13677	2	
5	13679	3	
5	7537	2	
5	19315	2	
5	12151	1	
5	7550	2	
5	2944	1	
5	7553	1	
5	1922	1	
5	12663	1	
5	9606	1	
5	14730	1	
5	6545	1	
5	7918	1	
5	17313	1	
5	16807	1	
5	15273	1	
5	15275	1	
5	16301	2	
5	5551	1	
5	11850	1	
5	22464	1	
5	8062	1	
5	7637	1	
5	18393	1	
5	10205	1	
5	21841	1	
5	2025	1	
5	16363	1	
5	16366	1	
5	15855	2	
5	11760	2	
5	14324	1	
5	15864	1	
5	4601	1	
5	4602	1	
5	6652	1	
6	19712	1	
6	7687	1	
6	5641	1	
6	1048	1	
6	3609	1	
6	3610	1	
6	11292	1	
6	5661	1	
6	3113	1	
6	20010	1	
6	15403	1	
6	21858	1	
6	16431	1	
6	16435	1	
6	1076	1	
6	3134	1	
6	2113	2	
6	15432	2	
6	13389	2	
6	2640	2	
6	18005	2	
6	5207	1	
6	8797	1	
6	15971	1	
6	3175	1	
6	20585	1	
6	18023	1	
6	21613	2	
6	13937	2	
6	16504	1	
6	12927	1	
6	11392	1	
6	19588	1	
6	646	1	
6	9351	1	
6	14985	2	
6	13459	1	
6	4247	1	
6	16544	1	
6	7332	1	
6	5660	1	
6	7854	1	
6	16049	1	
6	5815	1	
6	21696	1	
6	20686	2	
6	17107	1	
6	7400	1	
6	3313	1	
6	8062	1	
6	1275	1	
6	18174	1	
6	18688	1	
6	4868	2	
6	8989	1	
6	19238	1	
6	7463	1	
6	16682	1	
6	14123	1	
6	4418	1	
6	22340	1	
6	20299	1	
6	12625	1	
6	2387	1	
6	9044	1	
6	4438	2	
6	14682	2	
6	22369	1	
6	7010	1	
6	15717	1	
6	18793	1	
6	9069	2	
6	13679	2	
6	10096	1	
6	12151	1	
6	1918	1	
6	909	1	
6	17806	1	
6	17313	1	
6	20389	1	
6	11180	1	
6	2990	1	
6	22455	1	
6	1976	1	
6	12716	1	
6	19900	1	
6	6901	2	
6	15808	1	
6	12750	1	
6	9167	1	
6	7637	1	
6	7638	1	
6	16363	1	
6	505	1	
6	4603	1	
6	16893	1	
6	5118	2	
7	12288	1	
7	17067	1	
7	6973	1	
7	11273	1	
7	11787	1	
7	16915	1	
7	22041	1	
7	9755	1	
7	11292	1	
7	22557	1	
7	20519	3	
7	16430	2	
7	9777	1	
7	12852	1	
7	5687	1	
7	2105	1	
7	62	1	
7	2113	1	
7	578	1	
7	15948	1	
7	13389	2	
7	22200	1	
7	21586	3	
7	18528	2	
7	21602	1	
7	99	1	
7	21613	1	
7	11887	1	
7	14448	1	
7	13937	1	
7	22130	1	
7	4217	1	
7	20604	1	
7	4221	1	
7	16511	1	
7	6790	1	
7	20103	1	
7	19599	1	
7	5264	1	
7	10900	1	
7	21444	1	
7	18080	1	
7	4263	1	
7	9244	1	
7	11946	1	
7	4267	1	
7	14509	1	
7	12471	1	
7	8376	1	
7	3259	1	
7	19133	2	
7	4385	1	
7	10452	1	
7	14037	1	
7	15574	1	
7	15575	1	
7	6361	1	
7	21727	2	
7	5348	1	
7	5352	1	
7	4647	1	
7	6381	1	
7	17141	1	
7	6902	1	
7	8449	1	
7	4868	1	
7	4364	1	
7	15119	3	
7	15128	1	
7	18209	1	
7	21305	2	
7	6459	1	
7	10557	1	
7	17214	1	
7	21821	1	
7	3392	1	
7	21330	1	
7	9044	1	
7	18267	1	
7	15210	1	
7	5996	1	
7	9069	4	
7	19310	1	
7	13679	2	
7	14725	1	
7	16775	1	
7	4590	2	
7	14751	1	
7	13216	1	
7	15266	1	
7	20389	1	
7	9640	1	
7	7087	1	
7	4019	1	
7	15800	1	
7	1467	1	
7	18876	5	
7	11710	1	
7	4341	1	
7	22464	1	
7	20384	2	
7	7108	1	
7	17355	1	
7	5069	5	
7	5070	1	
7	6099	1	
7	7637	1	
7	5596	1	
7	10206	1	
7	14820	1	
7	4589	1	
7	7150	1	
7	3060	2	
7	8532	1	
7	6652	1	
8	12288	1	
8	19456	1	
8	3081	1	
8	7178	1	
8	11790	1	
8	22032	2	
8	22557	1	
8	4647	1	
8	7210	1	
8	11273	1	
8	13881	1	
8	3643	1	
8	10308	1	
8	22598	1	
8	15432	1	
8	21586	1	
8	9158	1	
8	17424	2	
8	15971	1	
8	12390	1	
8	19559	1	
8	107	1	
8	11887	1	
8	14448	1	
8	117	1	
8	4217	1	
8	15994	1	
8	3197	1	
8	7616	1	
8	5251	1	
8	5764	2	
8	134	1	
8	20103	1	
8	20104	1	
8	10896	1	
8	15809	1	
8	6291	1	
8	10900	1	
8	5785	1	
8	16030	1	
8	18080	1	
8	16838	1	
8	13478	1	
8	10407	1	
8	10408	1	
8	4267	1	
8	5806	1	
8	8892	1	
8	19133	1	
8	1141	2	
8	11969	1	
8	12995	1	
8	13508	1	
8	20681	1	
8	20684	1	
8	20181	1	
8	2265	1	
8	9167	1	
8	18042	1	
8	10975	1	
8	3812	1	
8	5071	2	
8	8425	1	
8	5866	1	
8	17141	1	
8	22266	1	
8	12540	1	
8	14592	1	
8	2859	1	
8	4868	1	
8	16651	1	
8	19731	1	
8	12564	1	
8	19734	1	
8	15641	1	
8	6791	3	
8	2348	1	
8	7471	1	
8	20787	1	
8	2873	1	
8	14658	1	
8	2387	1	
8	3412	1	
8	14677	2	
8	21305	1	
8	5480	1	
8	8041	1	
8	20331	1	
8	9069	3	
8	9072	1	
8	3961	1	
8	12670	1	
8	2947	1	
8	6537	1	
8	7055	1	
8	917	1	
8	16280	1	
8	19353	1	
8	15770	1	
8	12188	1	
8	20384	1	
8	9121	1	
8	1445	1	
8	18876	3	
8	14270	1	
8	9152	1	
8	18881	1	
8	18882	1	
8	11718	1	
8	15818	1	
8	17355	1	
8	5069	1	
8	17359	1	
8	7637	1	
8	16347	1	
8	4572	1	
8	7138	1	
8	10727	1	
8	7149	1	
8	8174	1	
8	2555	1	
8	13821	1	
9	12288	1	
9	6659	1	
9	18955	1	
9	13838	1	
9	22032	3	
9	19473	1	
9	5654	1	
9	22041	1	
9	17435	1	
9	15903	1	
9	1568	1	
9	8229	1	
9	5158	1	
9	13863	1	
9	4649	1	
9	8236	1	
9	3629	3	
9	20526	1	
9	7216	1	
9	13880	1	
9	3643	1	
9	1599	1	
9	13888	1	
9	1602	1	
9	22086	1	
9	16968	1	
9	588	1	
9	10834	1	
9	10254	1	
9	603	1	
9	22119	1	
9	14448	1	
9	7793	1	
9	4211	1	
9	1141	2	
9	6777	1	
9	13445	1	
9	135	2	
9	11714	1	
9	10897	1	
9	20115	1	
9	8852	1	
9	8086	2	
9	21657	1	
9	4255	1	
9	5801	1	
9	11436	1	
9	15545	1	
9	19133	1	
9	12151	1	
9	7889	2	
9	20692	1	
9	11477	1	
9	15582	1	
9	4831	1	
9	16336	1	
9	2275	1	
9	6694	1	
9	6377	1	
9	20717	2	
9	2812	1	
9	1281	1	
9	15618	1	
9	19715	1	
9	4868	1	
9	15119	2	
9	8989	1	
9	14649	1	
9	10044	1	
9	3392	1	
9	12354	1	
9	20877	1	
9	21330	1	
9	21305	1	
9	15705	1	
9	14993	1	
9	8041	1	
9	5996	1	
9	9069	2	
9	16238	1	
9	12663	1	
9	12670	2	
9	4502	1	
9	909	1	
9	11662	1	
9	20882	1	
9	16787	1	
9	12694	1	
9	13216	1	
9	9634	1	
9	13219	1	
9	11684	1	
9	5551	1	
9	435	1	
9	5044	1	
9	10679	1	
9	18876	2	
9	8641	1	
9	18882	2	
9	1990	1	
9	13255	1	
9	1482	1	
9	11723	1	
9	5069	1	
9	3023	2	
9	464	1	
9	10705	1	
9	15831	1	
9	15841	1	
9	14309	1	
9	15338	1	
9	8683	1	
9	1013	1	
9	6652	1	
10	14592	2	
10	10243	1	
10	4438	1	
10	10758	1	
10	18952	1	
10	11273	1	
10	16396	1	
10	11791	1	
10	22032	2	
10	8724	1	
10	11865	1	
10	20681	1	
10	22557	1	
10	13488	1	
10	683	2	
10	20519	1	
10	7211	1	
10	3629	2	
10	17459	1	
10	12852	1	
10	13880	1	
10	13884	1	
10	12354	1	
10	1604	1	
10	21943	1	
10	13388	1	
10	13389	1	
10	21586	2	
10	9817	2	
10	18529	1	
10	21606	1	
10	22119	1	
10	11708	1	
10	2666	1	
10	2667	1	
10	21613	1	
10	10862	2	
10	1141	1	
10	7287	2	
10	14969	1	
10	15994	1	
10	19582	1	
10	5248	1	
10	12930	1	
10	18283	1	
10	1670	1	
10	136	1	
10	20117	1	
10	10436	1	
10	1691	1	
10	9380	1	
10	17062	1	
10	17067	1	
10	8878	1	
10	15389	1	
10	5808	1	
10	19124	1	
10	19126	1	
10	12471	1	
10	11448	1	
10	8892	1	
10	19133	2	
10	19134	1	
10	6773	1	
10	14016	1	
10	11723	1	
10	9924	1	
10	10441	2	
10	13516	3	
10	9936	1	
10	18646	1	
10	638	1	
10	10975	3	
10	18144	1	
10	7396	1	
10	4326	1	
10	5356	1	
10	6381	1	
10	6901	1	
10	18175	1	
10	22272	1	
10	14081	1	
10	14595	1	
10	4868	2	
10	20230	1	
10	17671	1	
10	4364	1	
10	15119	1	
10	19731	1	
10	1812	1	
10	17685	1	
10	10006	1	
10	8989	2	
10	20255	1	
10	18209	1	
10	6790	1	
10	19238	1	
10	7471	1	
10	17202	1	
10	17203	1	
10	21305	2	
10	4831	3	
10	17212	1	
10	12746	1	
10	22344	1	
10	3913	1	
10	17228	1	
10	3408	1	
10	12625	1	
10	14677	1	
10	19286	1	
10	22363	1	
10	22368	2	
10	16226	1	
10	3387	1	
10	18793	1	
10	5994	1	
10	10727	1	
10	9069	3	
10	15218	1	
10	1918	1	
10	18837	1	
10	9600	1	
10	22401	1	
10	2947	1	
10	4484	1	
10	14725	1	
10	7660	1	
10	17291	1	
10	8077	2	
10	20882	1	
10	917	3	
10	4502	1	
10	14743	1	
10	1092	1	
10	15772	3	
10	7069	1	
10	15774	1	
10	20384	2	
10	16804	1	
10	15260	1	
10	16302	1	
10	12189	1	
10	17225	2	
10	1976	1	
10	1465	1	
10	13243	1	
10	18876	5	
10	13216	1	
10	18882	1	
10	11719	1	
10	4554	1	
10	17355	1	
10	5069	4	
10	5070	2	
10	3023	2	
10	18911	1	
10	15328	1	
10	4579	1	
10	999	1	
10	21993	1	
10	15338	1	
10	10220	1	
10	16367	1	
10	15856	1	
10	497	1	
10	6646	1	
10	4599	1	
10	5627	2	
10	12799	1	
11	13316	1	
11	22232	1	
11	17424	1	
11	21531	1	
11	22557	1	
11	16414	5	
11	15903	1	
11	16419	1	
11	20519	1	
11	1068	1	
11	3120	1	
11	18486	1	
11	4276	1	
11	15418	1	
11	15431	1	
11	15432	1	
11	4169	1	
11	19019	1	
11	13901	1	
11	21586	1	
11	4692	1	
11	7765	1	
11	7769	1	
11	5210	1	
11	22032	5	
11	22119	1	
11	21351	1	
11	11887	1	
11	13937	1	
11	15209	1	
11	17016	1	
11	9854	1	
11	18197	1	
11	7812	1	
11	11398	1	
11	20103	1	
11	6281	1	
11	15499	1	
11	10897	3	
11	13459	1	
11	10900	1	
11	14489	1	
11	4250	1	
11	9887	1	
11	2416	1	
11	9892	1	
11	4263	1	
11	4267	1	
11	9901	1	
11	17071	1	
11	19124	2	
11	19128	1	
11	2745	1	
11	18108	1	
11	13507	1	
11	7878	1	
11	13514	1	
11	11992	1	
11	5838	2	
11	18128	1	
11	10452	1	
11	17110	1	
11	11480	1	
11	1246	1	
11	10975	1	
11	18144	1	
11	3812	2	
11	8426	1	
11	2294	1	
11	11476	1	
11	17148	2	
11	18175	1	
11	14592	1	
11	19204	1	
11	15574	1	
11	4364	1	
11	15119	1	
11	2321	4	
11	2323	1	
11	4884	1	
11	16661	1	
11	15134	1	
11	17188	1	
11	135	1	
11	18735	1	
11	11059	2	
11	2873	1	
11	20285	1	
11	7392	1	
11	4418	1	
11	16011	1	
11	1867	1	
11	8012	2	
11	10573	1	
11	15696	1	
11	14677	1	
11	4441	1	
11	13969	1	
11	20329	1	
11	9069	1	
11	879	1	
11	15216	1	
11	4468	1	
11	13176	1	
11	4989	1	
11	12670	1	
11	12673	1	
11	397	1	
11	10638	1	
11	7055	1	
11	20882	1	
11	5273	1	
11	7584	1	
11	19373	1	
11	18862	1	
11	5551	2	
11	18865	1	
11	16831	1	
11	22464	1	
11	11851	1	
11	21957	1	
11	21958	1	
11	5069	2	
11	5070	2	
11	16205	1	
11	19408	2	
11	7634	1	
11	9684	1	
11	18904	1	
11	18393	1	
11	10204	1	
11	10206	2	
11	4432	1	
11	4580	1	
11	10221	1	
11	16367	1	
11	15207	1	
11	502	2	
11	11007	1	
12	8193	1	
12	17067	1	
12	16397	1	
12	6165	1	
12	14359	1	
12	19460	1	
12	22557	2	
12	16414	9	
12	16417	3	
12	4130	1	
12	4132	1	
12	20519	1	
12	18477	1	
12	693	1	
12	20547	1	
12	14407	1	
12	8268	1	
12	10317	1	
12	20560	1	
12	14422	1	
12	10340	1	
12	18540	1	
12	14448	1	
12	114	1	
12	703	1	
12	14469	1	
12	18569	1	
12	12426	1	
12	14475	5	
12	4238	1	
12	6290	1	
12	9582	1	
12	8342	1	
12	14489	3	
12	10398	1	
12	4255	1	
12	14498	1	
12	4263	3	
12	18600	1	
12	20651	1	
12	14509	1	
12	14024	1	
12	4276	1	
12	4289	1	
12	10439	2	
12	16592	1	
12	8401	1	
12	10452	1	
12	12501	1	
12	20695	1	
12	12487	1	
12	18128	2	
12	8421	1	
12	4326	5	
12	2279	1	
12	4329	1	
12	10493	1	
12	4441	1	
12	8449	2	
12	14595	1	
12	4364	1	
12	2320	1	
12	2321	6	
12	2322	3	
12	16661	2	
12	16662	1	
12	16679	1	
12	12585	1	
12	1757	1	
12	8502	1	
12	14649	1	
12	4831	4	
12	6461	2	
12	6489	1	
12	8512	1	
12	4417	1	
12	4418	1	
12	8518	1	
12	3127	1	
12	4432	1	
12	12625	3	
12	8532	2	
12	14677	2	
12	4440	1	
12	3812	3	
12	12634	1	
12	6511	1	
12	6514	1	
12	12663	1	
12	20856	1	
12	14399	1	
12	12670	1	
12	12673	1	
12	14722	1	
12	14723	1	
12	16774	1	
12	16775	3	
12	4492	1	
12	10639	1	
12	20882	1	
12	16787	1	
12	6554	1	
12	16796	1	
12	7920	1	
12	6565	1	
12	4521	1	
12	437	1	
12	18876	5	
12	20925	1	
12	12736	1	
12	20932	1	
12	8647	1	
12	13389	1	
12	4570	2	
12	4579	4	
12	14825	1	
12	12778	2	
12	14831	1	
12	500	1	
12	502	4	
12	4602	1	
12	6651	1	
12	12799	2	
12	4608	1	
12	2594	1	
12	4650	1	
12	12852	2	
12	8764	1	
12	633	1	
12	588	2	
12	12878	2	
12	602	3	
12	605	1	
12	20240	1	
12	16998	1	
12	8636	1	
12	10869	1	
12	14969	1	
12	648	1	
12	10897	2	
12	10900	3	
12	6809	2	
12	17066	1	
12	683	1	
12	17070	1	
12	19124	2	
12	798	1	
12	8892	1	
12	19133	11	
12	6847	1	
12	6848	1	
12	800	1	
12	19154	1	
12	10963	1	
12	10975	1	
12	21234	1	
12	757	1	
12	15097	1	
12	11008	7	
12	4866	1	
12	4868	1	
12	19214	1	
12	5251	1	
12	15128	1	
12	8988	2	
12	797	1	
12	4894	1	
12	17184	1	
12	801	1	
12	11042	1	
12	19238	2	
12	11059	1	
12	21305	6	
12	17225	2	
12	4941	1	
12	4945	1	
12	21330	1	
12	15190	2	
12	9047	2	
12	15202	1	
12	15206	2	
12	15208	2	
12	9069	3	
12	15214	1	
12	15216	2	
12	13174	1	
12	13182	1	
12	11151	1	
12	917	1	
12	11161	1	
12	925	1	
12	9121	2	
12	15266	1	
12	19364	1	
12	13222	1	
12	13223	1	
12	15273	3	
12	15276	1	
12	19373	1	
12	17333	1	
12	9148	1	
12	7101	1	
12	7104	1	
12	5069	6	
12	5071	1	
12	15324	1	
12	33	1	
12	13293	1	
12	7154	1	
12	3060	1	
12	3064	1	
12	13316	3	
12	11273	2	
12	7179	1	
12	17424	7	
12	15386	1	
12	17435	8	
12	17438	1	
12	17441	1	
12	13354	1	
12	7211	1	
12	21557	1	
12	17463	2	
12	21563	2	
12	19519	1	
12	22368	5	
12	13835	2	
12	15431	1	
12	15432	2	
12	1099	1	
12	13388	1	
12	9293	1	
12	15438	1	
12	21586	6	
12	13398	4	
12	15448	1	
12	9305	1	
12	5210	1	
12	13412	1	
12	3176	1	
12	3182	1	
12	9329	1	
12	19571	1	
12	13428	1	
12	21633	1	
12	3203	1	
12	13445	1	
12	7303	2	
12	13451	1	
12	3217	1	
12	21653	1	
12	21655	1	
12	21656	1	
12	11461	3	
12	19619	1	
12	11429	1	
12	4295	1	
12	13488	1	
12	15560	1	
12	3252	1	
12	11448	1	
12	17602	1	
12	13507	1	
12	13508	5	
12	17605	1	
12	17608	1	
12	5321	1	
12	11471	1	
12	11477	1	
12	15574	1	
12	11482	1	
12	13532	1	
12	15589	1	
12	15593	2	
12	5354	1	
12	1260	1	
12	19694	3	
12	1280	1	
12	15618	1	
12	19718	1	
12	3340	1	
12	3629	1	
12	21782	4	
12	7451	2	
12	21803	1	
12	7471	1	
12	5433	1	
12	7502	1	
12	5456	1	
12	21841	1	
12	5462	2	
12	1375	1	
12	21870	1	
12	7537	1	
12	14712	1	
12	1405	1	
12	1413	1	
12	21902	1	
12	20165	1	
12	11672	2	
12	1445	1	
12	15784	1	
12	19886	1	
12	17839	1	
12	7600	2	
12	5554	1	
12	11708	1	
12	11710	1	
12	1483	1	
12	5580	1	
12	7633	1	
12	13778	4	
12	7635	2	
12	9684	2	
12	7637	1	
12	13793	1	
12	19938	1	
12	19942	1	
12	7655	1	
12	13800	1	
12	20168	1	
12	7663	2	
12	11760	7	
12	3572	1	
12	11771	1	
12	9729	1	
12	13834	1	
12	11787	2	
12	15887	1	
12	22032	9	
12	13841	1	
12	17943	1	
12	22041	1	
12	1564	1	
12	13854	1	
12	15903	2	
12	15910	1	
12	1576	1	
12	22059	1	
12	17965	1	
12	17968	2	
12	3636	1	
12	17973	3	
12	3643	1	
12	22078	1	
12	13887	1	
12	22087	1	
12	9809	1	
12	11858	1	
12	9811	1	
12	7769	1	
12	13583	1	
12	22108	2	
12	9831	1	
12	13937	1	
12	13938	1	
12	4032	1	
12	1674	1	
12	5775	1	
12	13969	1	
12	18071	2	
12	22171	1	
12	18081	1	
12	16049	4	
12	16050	2	
12	1717	1	
12	16054	1	
12	7870	1	
12	20159	1	
12	18114	1	
12	7875	1	
12	9924	1	
12	5829	1	
12	7880	1	
12	22219	1	
12	7888	2	
12	14033	2	
12	11991	1	
12	18136	1	
12	20189	1	
12	1759	1	
12	1761	1	
12	5860	1	
12	22256	1	
12	12026	1	
12	14081	1	
12	1798	1	
12	20239	1	
12	7952	1	
12	20254	1	
12	20255	1	
12	18215	1	
12	12076	1	
12	5934	2	
12	1842	1	
12	3895	1	
12	5951	2	
12	22340	1	
12	12110	1	
12	8028	1	
12	22366	1	
12	16224	1	
12	22369	2	
12	12151	1	
12	1918	1	
12	6464	2	
12	16260	1	
12	10126	1	
12	22416	1	
12	3991	2	
12	3992	2	
12	20384	1	
12	18342	1	
12	22442	1	
12	16301	1	
12	1976	1	
12	22464	14	
12	16333	1	
12	16335	1	
12	18391	1	
12	16347	1	
12	22494	1	
12	14306	1	
12	10219	1	
12	10225	1	
12	18772	1	
12	10238	1	
12	18773	1	
13	18375	1	
13	5634	1	
13	13316	3	
13	21618	1	
13	21514	1	
13	19467	2	
13	9232	1	
13	13331	1	
13	22041	1	
13	16414	1	
13	1568	1	
13	8795	1	
13	3621	1	
13	6694	1	
13	20519	1	
13	4649	1	
13	22571	1	
13	8236	1	
13	8749	1	
13	1074	1	
13	21557	1	
13	5044	1	
13	13884	1	
13	10303	1	
13	1089	1	
13	19527	1	
13	19016	1	
13	7245	1	
13	12878	1	
13	21586	2	
13	9817	1	
13	602	1	
13	15119	3	
13	17424	1	
13	10851	1	
13	8647	1	
13	18876	3	
13	13937	1	
13	19570	1	
13	15987	1	
13	9833	1	
13	9850	1	
13	5755	1	
13	10878	1	
13	15637	1	
13	19585	1	
13	2179	1	
13	3716	1	
13	6790	1	
13	19596	1	
13	17602	2	
13	5775	1	
13	10897	1	
13	13459	1	
13	18080	1	
13	2209	1	
13	7793	1	
13	683	1	
13	14509	2	
13	21678	1	
13	19120	1	
13	1717	1	
13	11960	1	
13	15036	1	
13	703	1	
13	12993	1	
13	9922	1	
13	9924	1	
13	14535	1	
13	13516	4	
13	8397	1	
13	7888	1	
13	7889	1	
13	15574	1	
13	3961	1	
13	8143	1	
13	10972	1	
13	18144	1	
13	5347	1	
13	740	1	
13	8421	1	
13	16616	1	
13	19689	1	
13	16625	2	
13	9458	1	
13	9854	1	
13	14592	2	
13	15618	1	
13	14595	1	
13	19204	2	
13	12673	1	
13	20234	1	
13	5391	1	
13	2321	1	
13	16661	1	
13	4868	1	
13	18200	1	
13	20249	1	
13	8988	1	
13	2846	1	
13	22303	1	
13	4230	1	
13	4572	1	
13	813	1	
13	11059	1	
13	1336	1	
13	12341	1	
13	3392	2	
13	20384	1	
13	22340	1	
13	3913	1	
13	4941	1	
13	10574	1	
13	10552	1	
13	17234	1	
13	4438	1	
13	1369	1	
13	15706	1	
13	18267	2	
13	22369	1	
13	3943	1	
13	18793	1	
13	9069	2	
13	12816	2	
13	12151	1	
13	12153	1	
13	3962	1	
13	831	1	
13	12670	1	
13	21887	1	
13	21312	1	
13	2947	1	
13	6372	1	
13	909	1	
13	1939	1	
13	4429	1	
13	925	1	
13	7584	1	
13	15266	1	
13	9637	1	
13	16806	1	
13	15273	1	
13	22442	1	
13	17323	1	
13	18865	1	
13	16308	1	
13	19900	1	
13	6592	1	
13	13216	1	
13	18882	1	
13	18081	1	
13	15817	1	
13	5069	2	
13	5070	1	
13	5071	1	
13	8668	1	
13	19938	1	
13	19939	2	
13	19943	1	
13	16366	1	
13	7663	1	
13	500	1	
13	16179	1	
13	6652	1	
14	12288	2	
14	11777	1	
14	4011	1	
14	7684	1	
14	19464	1	
14	12716	1	
14	1547	1	
14	17424	1	
14	9816	1	
14	13331	1	
14	19478	1	
14	19993	1	
14	2899	2	
14	17435	1	
14	15903	1	
14	20000	1	
14	10276	1	
14	6694	1	
14	4235	1	
14	8236	1	
14	8749	1	
14	7217	1	
14	1074	1	
14	3636	1	
14	2883	1	
14	3643	1	
14	21055	1	
14	15425	1	
14	5699	1	
14	7777	1	
14	16968	1	
14	8779	1	
14	17996	1	
14	13389	5	
14	591	1	
14	15441	1	
14	21586	4	
14	3171	1	
14	18004	1	
14	13400	1	
14	18532	2	
14	602	1	
14	1627	1	
14	3907	1	
14	22032	1	
14	20066	1	
14	13216	1	
14	13412	1	
14	14437	2	
14	19460	1	
14	14448	1	
14	4211	1	
14	13428	1	
14	6773	1	
14	9850	1	
14	19580	1	
14	10878	4	
14	17685	1	
14	6784	1	
14	12930	1	
14	5764	1	
14	19591	1	
14	5337	1	
14	16011	1	
14	18574	1	
14	499	1	
14	13969	1	
14	22167	1	
14	18287	1	
14	5276	1	
14	12446	1	
14	21104	2	
14	13478	1	
14	11431	1	
14	19624	1	
14	11945	1	
14	683	1	
14	1708	1	
14	6831	2	
14	6833	1	
14	16051	1	
14	19124	1	
14	798	1	
14	13843	1	
14	15545	1	
14	4795	2	
14	8892	3	
14	1141	1	
14	14016	3	
14	18113	1	
14	2243	1	
14	14020	1	
14	11461	1	
14	15558	1	
14	13089	1	
14	15820	1	
14	16587	1	
14	13516	2	
14	4815	2	
14	1744	1	
14	9644	1	
14	20690	2	
14	14036	1	
14	15577	1	
14	11471	1	
14	10972	1	
14	17857	1	
14	19102	1	
14	10975	2	
14	7905	1	
14	9442	1	
14	20195	1	
14	15590	1	
14	12008	1	
14	4329	1	
14	16625	1	
14	1918	2	
14	22262	1	
14	12897	1	
14	5368	1	
14	3321	4	
14	5371	2	
14	15317	1	
14	4868	1	
14	12673	1	
14	14466	1	
14	20238	1	
14	8463	1	
14	15632	1	
14	4884	1	
14	16661	1	
14	8153	1	
14	18200	1	
14	8989	1	
14	4894	2	
14	20255	1	
14	801	1	
14	13090	1	
14	11555	1	
14	20260	1	
14	5929	1	
14	16775	1	
14	16687	1	
14	3376	1	
14	18142	1	
14	3386	1	
14	12604	1	
14	16701	1	
14	3905	3	
14	14658	2	
14	16195	1	
14	17230	1	
14	1351	1	
14	15688	1	
14	3913	2	
14	12110	3	
14	4943	1	
14	4432	1	
14	12625	3	
14	9554	1	
14	2387	1	
14	21334	1	
14	8536	1	
14	18267	2	
14	11103	1	
14	22369	2	
14	5988	1	
14	15208	1	
14	3435	1	
14	9069	11	
14	15727	1	
14	1717	1	
14	9074	3	
14	16757	1	
14	3961	1	
14	10618	1	
14	9611	1	
14	5502	1	
14	1408	1	
14	21889	1	
14	7659	1	
14	15681	1	
14	8585	1	
14	2442	1	
14	10135	1	
14	17806	1	
14	16272	1	
14	4497	1	
14	1939	1	
14	16788	1	
14	3991	1	
14	3992	2	
14	8602	2	
14	15773	1	
14	14751	1	
14	7584	3	
14	17313	2	
14	15266	1	
14	6897	1	
14	15273	2	
14	22442	1	
14	2119	1	
14	11180	1	
14	16302	1	
14	1768	1	
14	7603	1	
14	13749	1	
14	18876	2	
14	12734	1	
14	18881	2	
14	18882	1	
14	17859	1	
14	21957	1	
14	21958	1	
14	18375	1	
14	21962	1	
14	460	1	
14	5070	6	
14	10704	1	
14	8145	1	
14	7634	1	
14	7637	1	
14	11737	2	
14	16348	1	
14	6622	1	
14	5089	1	
14	19938	1	
14	16379	1	
14	13287	1	
14	15849	1	
14	8683	1	
14	9810	1	
14	16367	1	
14	11760	1	
14	10225	1	
14	11762	1	
14	16371	1	
14	11254	1	
14	4087	1	
14	8184	1	
14	15867	1	
14	17185	1	
14	4095	1	
15	19460	1	
15	11275	1	
15	14	1	
15	17424	2	
15	17426	1	
15	14595	1	
15	17435	1	
15	1467	1	
15	21295	1	
15	2596	1	
15	3627	1	
15	3629	1	
15	13875	1	
15	3641	1	
15	3643	1	
15	1599	1	
15	1092	1	
15	11850	1	
15	22096	1	
15	18001	1	
15	15971	1	
15	21589	1	
15	9816	1	
15	9817	1	
15	8797	1	
15	609	1	
15	3171	1	
15	18876	1	
15	18540	1	
15	14448	2	
15	5233	1	
15	1141	2	
15	3702	1	
15	13435	1	
15	14649	1	
15	5246	2	
15	13445	1	
15	6791	1	
15	13451	1	
15	17041	1	
15	12996	1	
15	7323	1	
15	10910	1	
15	18083	1	
15	10404	1	
15	14501	1	
15	4263	1	
15	22186	1	
15	17067	1	
15	22188	1	
15	7855	1	
15	13493	1	
15	12471	1	
15	11449	1	
15	5818	1	
15	18108	2	
15	19133	3	
15	7870	1	
15	15041	1	
15	9924	2	
15	11979	1	
15	4302	1	
15	14543	1	
15	16592	1	
15	5841	1	
15	4311	1	
15	22232	1	
15	11995	1	
15	1246	1	
15	10975	2	
15	5840	1	
15	8421	1	
15	7629	1	
15	12018	1	
15	11514	1	
15	14592	2	
15	10499	1	
15	2309	1	
15	19718	1	
15	10504	1	
15	20695	2	
15	4364	1	
15	2834	1	
15	8636	1	
15	19740	1	
15	7458	1	
15	1827	1	
15	19238	1	
15	9513	1	
15	9514	1	
15	13611	1	
15	11055	1	
15	18483	1	
15	21305	3	
15	11068	1	
15	8006	1	
15	333	1	
15	12625	1	
15	11603	1	
15	14677	1	
15	5069	2	
15	4440	1	
15	857	1	
15	18267	3	
15	1375	1	
15	22369	2	
15	3946	1	
15	9069	3	
15	3958	1	
15	15752	1	
15	15754	1	
15	11662	1	
15	20384	1	
15	9637	1	
15	22442	1	
15	7087	1	
15	18865	1	
15	11193	1	
15	13243	1	
15	9660	1	
15	16831	1	
15	11714	1	
15	5576	1	
15	15820	1	
15	14285	1	
15	5071	1	
15	13776	1	
15	13778	1	
15	10717	1	
15	18911	1	
15	592	4	
15	19939	1	
15	999	1	
15	10219	1	
15	494	1	
15	4601	1	
15	16891	1	
15	6652	2	
15	12799	2	
16	5632	1	
16	15874	1	
16	4267	2	
16	6	1	
16	11275	4	
16	6829	1	
16	9816	1	
16	9234	1	
16	4115	1	
16	4868	1	
16	22557	1	
16	6687	1	
16	2596	1	
16	3621	1	
16	8744	1	
16	22571	1	
16	3631	1	
16	17461	1	
16	13881	1	
16	8250	1	
16	8255	1	
16	8260	1	
16	16969	1	
16	1980	1	
16	13388	1	
16	7245	1	
16	592	1	
16	21586	1	
16	15448	1	
16	13404	1	
16	7780	1	
16	19900	1	
16	21613	1	
16	11887	1	
16	14448	1	
16	1138	1	
16	1141	1	
16	18042	1	
16	13440	1	
16	21912	1	
16	13452	1	
16	17041	1	
16	18287	1	
16	14493	1	
16	10910	1	
16	18080	2	
16	16035	1	
16	5796	1	
16	5489	1	
16	11945	1	
16	17067	1	
16	6770	1	
16	17070	1	
16	17608	1	
16	19124	1	
16	1717	1	
16	19128	2	
16	683	1	
16	18108	2	
16	19133	4	
16	6847	1	
16	11969	1	
16	20168	1	
16	3277	1	
16	1742	1	
16	10453	1	
16	20695	3	
16	10972	1	
16	4317	1	
16	1246	1	
16	4831	1	
16	9442	1	
16	5348	1	
16	15590	1	
16	8935	1	
16	5356	1	
16	18162	1	
16	16017	1	
16	18173	1	
16	1280	1	
16	3332	1	
16	20236	1	
16	20237	2	
16	15119	1	
16	401	1	
16	16661	2	
16	15127	1	
16	15128	2	
16	14618	1	
16	7471	1	
16	7455	1	
16	7457	1	
16	9513	1	
16	9514	3	
16	9515	1	
16	21295	1	
16	21305	4	
16	11066	1	
16	12604	2	
16	6461	1	
16	5951	1	
16	16705	1	
16	22339	1	
16	16197	1	
16	17225	1	
16	8013	1	
16	12110	2	
16	20303	1	
16	3408	1	
16	14677	1	
16	4438	1	
16	18267	1	
16	3130	1	
16	22369	1	
16	4452	1	
16	3943	2	
16	7018	1	
16	8043	1	
16	9068	1	
16	12143	1	
16	11632	1	
16	881	1	
16	12151	1	
16	14721	1	
16	14725	1	
16	16774	1	
16	10636	1	
16	20366	1	
16	16273	1	
16	2450	1	
16	19350	1	
16	16791	1	
16	3992	1	
16	22341	1	
16	20384	2	
16	8609	1	
16	418	2	
16	6059	1	
16	9644	1	
16	10679	1	
16	8636	2	
16	11711	1	
16	8608	1	
16	11714	1	
16	1991	1	
16	5577	1	
16	15266	1	
16	6477	1	
16	13778	1	
16	9687	1	
16	20954	1	
16	6622	2	
16	18911	1	
16	4263	1	
16	12781	1	
16	501	1	
16	4364	2	
16	11771	2	
17	514	1	
17	515	2	
17	1545	1	
17	11275	1	
17	2060	1	
17	16301	1	
17	17424	1	
17	11806	1	
17	18975	1	
17	2596	2	
17	20519	1	
17	8236	1	
17	4142	1	
17	21552	1	
17	12852	1	
17	4668	1	
17	9278	2	
17	3647	1	
17	9072	1	
17	18955	1	
17	11335	3	
17	11336	2	
17	13389	1	
17	9807	3	
17	592	1	
17	21586	1	
17	18005	1	
17	21591	1	
17	9816	1	
17	9818	1	
17	9039	1	
17	15971	1	
17	18532	1	
17	16998	1	
17	10859	1	
17	10862	1	
17	14448	1	
17	6257	1	
17	19060	1	
17	17013	1	
17	17015	1	
17	14969	1	
17	6269	1	
17	20094	1	
17	127	1	
17	11904	1	
17	12930	2	
17	134	1	
17	4235	2	
17	11406	1	
17	5264	1	
17	16017	1	
17	1988	1	
17	7326	1	
17	673	1	
17	9380	1	
17	13477	1	
17	12400	1	
17	19124	1	
17	16054	2	
17	11449	1	
17	19133	5	
17	4831	1	
17	11969	1	
17	18114	1	
17	15558	1	
17	4303	1	
17	4819	3	
17	20692	1	
17	11897	1	
17	15579	1	
17	10972	1	
17	4317	1	
17	1246	1	
17	10975	1	
17	13537	3	
17	7396	1	
17	9959	1	
17	5864	1	
17	5355	1	
17	3321	2	
17	22223	1	
17	4868	1	
17	4364	1	
17	20237	1	
17	22293	1	
17	16662	1	
17	3351	1	
17	8989	1	
17	18209	1	
17	6946	1	
17	5923	2	
17	2855	1	
17	11560	1	
17	9513	2	
17	9514	1	
17	11059	1	
17	21305	2	
17	12602	1	
17	17723	3	
17	7486	1	
17	9535	1	
17	8515	1	
17	22295	1	
17	17737	1	
17	20303	1	
17	7870	1	
17	11604	1	
17	18267	2	
17	861	1	
17	19771	1	
17	5988	2	
17	17041	3	
17	5993	1	
17	5994	1	
17	11627	1	
17	9069	6	
17	15216	1	
17	11637	1	
17	15338	1	
17	17790	1	
17	10120	1	
17	11662	1	
17	20882	1	
17	12691	1	
17	11156	1	
17	18837	1	
17	11999	1	
17	14751	1	
17	1446	1	
17	14407	1	
17	11181	1	
17	18862	1	
17	20913	1	
17	9145	1	
17	12733	1	
17	20927	1	
17	1140	2	
17	13252	4	
17	15432	2	
17	460	1	
17	4046	1	
17	9169	2	
17	21976	1	
17	11737	1	
17	16347	1	
17	1465	1	
17	8682	1	
17	17387	3	
17	16366	3	
17	11760	1	
17	20468	1	
17	12795	2	
18	15874	1	
18	19460	2	
18	13834	1	
18	3088	3	
18	4115	1	
18	4122	1	
18	8781	1	
18	7515	1	
18	15915	1	
18	1068	1	
18	11313	1	
18	10	1	
18	20547	1	
18	7236	1	
18	8262	1	
18	18503	1	
18	12360	2	
18	15433	1	
18	9802	3	
18	588	2	
18	15714	1	
18	592	1	
18	596	1	
18	13398	2	
18	1114	2	
18	8797	1	
18	4723	1	
18	18022	2	
18	16998	1	
18	18023	1	
18	6765	1	
18	5232	1	
18	6675	1	
18	17012	1	
18	1141	1	
18	7288	2	
18	18557	1	
18	5246	1	
18	18051	1	
18	11396	1	
18	134	1	
18	6791	1	
18	136	2	
18	1163	2	
18	21647	1	
18	14993	1	
18	2841	1	
18	4249	1	
18	20639	1	
18	14448	1	
18	678	1	
18	17576	1	
18	10410	1	
18	16049	1	
18	21107	1	
18	11444	1	
18	19133	2	
18	703	1	
18	21696	2	
18	12481	2	
18	3784	1	
18	22223	1	
18	4818	1	
18	15574	1	
18	13022	1	
18	13537	2	
18	1763	1	
18	9044	1	
18	12147	2	
18	19208	1	
18	11008	3	
18	4867	1	
18	4868	2	
18	773	1	
18	1798	1	
18	7432	1	
18	7433	1	
18	4364	3	
18	12559	1	
18	17169	1	
18	2834	1	
18	16661	1	
18	19223	1	
18	5764	1	
18	18209	1	
18	13958	1	
18	1833	1	
18	15751	1	
18	19599	1	
18	21305	2	
18	9695	1	
18	11399	1	
18	16778	1	
18	21314	1	
18	20384	2	
18	22340	1	
18	6982	1	
18	5959	1	
18	19787	1	
18	19938	1	
18	17230	1	
18	3408	1	
18	21841	1	
18	11604	1	
18	14677	1	
18	18267	2	
18	8034	1	
18	3427	1	
18	17041	1	
18	18793	1	
18	364	1	
18	22381	1	
18	12349	1	
18	16275	1	
18	16226	1	
18	1922	1	
18	1415	2	
18	906	3	
18	9069	2	
18	11662	1	
18	2448	1	
18	22418	1	
18	10051	1	
18	3991	1	
18	3992	1	
18	4509	2	
18	8607	1	
18	1440	1	
18	22442	1	
18	15276	1	
18	13741	1	
18	9145	1	
18	11708	1	
18	1469	2	
18	11710	1	
18	4000	2	
18	11714	1	
18	3915	1	
18	1482	1	
18	4555	1	
18	9167	2	
18	8660	1	
18	10205	1	
18	18911	2	
18	14306	1	
18	19939	1	
18	12625	1	
18	15528	1	
18	14326	1	
18	4601	1	
19	12288	1	
19	15874	2	
19	19460	1	
19	12808	2	
19	11709	1	
19	13331	1	
19	4612	1	
19	16414	1	
19	6687	1	
19	6695	1	
19	22571	1	
19	3629	1	
19	1074	1	
19	12343	1	
19	19124	1	
19	8253	1	
19	17675	1	
19	18503	1	
19	9802	1	
19	588	2	
19	21586	2	
19	3674	1	
19	14429	1	
19	18016	1	
19	16998	1	
19	18022	1	
19	3175	1	
19	9832	1	
19	19050	1	
19	21103	1	
19	21617	1	
19	1141	1	
19	7288	2	
19	11388	1	
19	2179	1	
19	5767	1	
19	136	1	
19	14475	1	
19	9069	1	
19	5264	1	
19	6809	1	
19	9072	2	
19	16035	1	
19	13478	4	
19	17072	1	
19	11444	1	
19	16054	1	
19	20155	1	
19	14016	1	
19	15042	1	
19	4293	1	
19	17016	1	
19	15581	1	
19	745	1	
19	11502	1	
19	11008	1	
19	8449	1	
19	4867	3	
19	16132	1	
19	2309	1	
19	2310	1	
19	7433	1	
19	3339	1	
19	17169	1	
19	2834	1	
19	18222	1	
19	8992	1	
19	20260	1	
19	16775	1	
19	11566	1	
19	14649	1	
19	13129	1	
19	12625	4	
19	9044	1	
19	18267	1	
19	15199	1	
19	360	1	
19	18797	1	
19	15216	1	
19	6517	1	
19	11641	1	
19	12666	1	
19	17788	1	
19	7553	1	
19	1415	1	
19	8585	1	
19	906	1	
19	22418	1	
19	20547	1	
19	3992	1	
19	1945	1	
19	7578	1	
19	17312	1	
19	4002	1	
19	15273	1	
19	7600	1	
19	17225	1	
19	21945	1	
19	1469	1	
19	11201	1	
19	5577	1	
19	4558	1	
19	18911	3	
19	10728	1	
19	9201	1	
19	7154	1	
19	8180	1	
19	16891	1	
19	1023	1	
20	19464	1	
20	10761	1	
20	7180	1	
20	22032	1	
20	20519	1	
20	3113	1	
20	1067	1	
20	3643	1	
20	573	1	
20	3651	1	
20	7755	4	
20	10316	1	
20	7765	1	
20	13398	1	
20	9145	1	
20	9816	1	
20	14427	2	
20	18013	1	
20	1040	1	
20	22119	1	
20	18028	1	
20	13933	1	
20	1648	1	
20	13937	1	
20	17012	1	
20	1141	2	
20	637	1	
20	14462	1	
20	646	1	
20	13249	1	
20	14473	1	
20	140	1	
20	17041	1	
20	15534	1	
20	16049	1	
20	8376	1	
20	8892	1	
20	19133	3	
20	7870	1	
20	9919	1	
20	18209	1	
20	12151	1	
20	16588	1	
20	15566	1	
20	20690	1	
20	17108	1	
20	11479	1	
20	10972	1	
20	10975	1	
20	18144	1	
20	2279	1	
20	5864	1	
20	9854	1	
20	12026	1	
20	11008	1	
20	4867	1	
20	17156	1	
20	18182	1	
20	6921	1	
20	12053	1	
20	2846	1	
20	7457	1	
20	5928	1	
20	21305	3	
20	21312	1	
20	17225	1	
20	21841	1	
20	21845	1	
20	4438	1	
20	2394	1	
20	18267	1	
20	22369	2	
20	7011	1	
20	9069	1	
20	10097	1	
20	20343	1	
20	10644	1	
20	5499	1	
20	1917	1	
20	1408	1	
20	7041	1	
20	4484	1	
20	1420	1	
20	21392	1	
20	19348	1	
20	15774	2	
20	8607	2	
20	4002	2	
20	11178	2	
20	5551	1	
20	18872	3	
20	10169	1	
20	11710	1	
20	7617	1	
20	11714	1	
20	7622	1	
20	13255	1	
20	460	1	
20	463	1	
20	18911	3	
20	1504	1	
20	5627	1	
20	22442	1	
21	12288	2	
21	19460	1	
21	20485	1	
21	16367	1	
21	22542	1	
21	9901	1	
21	22032	1	
21	14509	1	
21	2578	1	
21	4116	1	
21	22551	1	
21	17435	1	
21	22557	1	
21	15903	2	
21	20230	1	
21	11815	1	
21	3113	1	
21	22571	1	
21	20524	1	
21	13358	1	
21	16431	2	
21	16946	2	
21	1076	4	
21	3127	1	
21	3130	1	
21	13887	1	
21	20547	1	
21	8260	1	
21	1607	1	
21	15432	1	
21	585	1	
21	19019	1	
21	588	2	
21	13389	1	
21	21586	1	
21	10323	1	
21	13844	1	
21	18005	1	
21	7254	1	
21	9305	1	
21	3674	1	
21	7777	1	
21	7778	1	
21	3171	1	
21	7780	1	
21	19900	2	
21	11708	1	
21	13418	1	
21	21613	1	
21	21617	1	
21	13428	3	
21	7529	1	
21	6687	1	
21	14969	1	
21	15994	1	
21	635	1	
21	8317	1	
21	12929	1	
21	130	1	
21	13445	1	
21	18571	1	
21	3636	1	
21	18577	1	
21	2196	2	
21	1174	1	
21	4247	1	
21	13466	1	
21	10407	3	
21	10408	2	
21	19626	1	
21	4267	1	
21	17069	1	
21	17070	1	
21	2589	1	
21	7867	1	
21	8892	3	
21	19133	1	
21	7870	1	
21	12481	1	
21	20168	4	
21	20343	2	
21	17105	1	
21	3796	7	
21	11477	1	
21	9945	1	
21	15976	2	
21	8421	1	
21	7911	1	
21	7400	1	
21	21227	1	
21	13937	7	
21	4868	2	
21	1798	3	
21	18561	1	
21	19208	1	
21	20234	1	
21	4364	3	
21	7952	2	
21	21782	2	
21	1412	1	
21	8989	1	
21	6432	2	
21	4385	1	
21	6435	1	
21	6436	1	
21	19238	1	
21	18215	1	
21	12585	1	
21	18222	1	
21	1844	1	
21	20277	1	
21	8502	1	
21	5433	2	
21	15170	1	
21	4000	2	
21	15684	1	
21	19787	2	
21	19276	1	
21	19938	1	
21	20303	2	
21	21305	1	
21	22368	1	
21	10640	1	
21	11684	1	
21	15717	1	
21	13161	1	
21	6375	1	
21	9069	1	
21	10096	1	
21	7258	1	
21	10103	1	
21	12153	1	
21	1918	2	
21	15231	1	
21	1922	1	
21	8579	2	
21	1924	1	
21	16773	1	
21	1415	1	
21	3984	1	
21	11153	1	
21	20882	1	
21	3395	1	
21	11672	1	
21	13723	2	
21	4509	3	
21	14751	1	
21	15264	1	
21	4516	1	
21	4011	1	
21	15971	1	
21	5551	1	
21	18352	1	
21	1458	1	
21	15800	1	
21	1465	1	
21	18364	2	
21	1469	1	
21	11710	1	
21	11711	2	
21	20384	2	
21	11714	1	
21	4547	1	
21	967	3	
21	15948	1	
21	12746	1	
21	9167	2	
21	12461	1	
21	7637	1	
21	11737	1	
21	18911	1	
21	14306	3	
21	19939	2	
21	18922	1	
21	13293	1	
21	15855	1	
21	16373	1	
21	4087	1	
21	11771	3	
21	7164	1	
21	15869	1	
21	7765	1	
22	12288	1	
22	22032	1	
22	22551	1	
22	12833	1	
22	7203	1	
22	6695	1	
22	22571	1	
22	3629	1	
22	1074	1	
22	1076	1	
22	11835	1	
22	13884	1	
22	13887	1	
22	13888	2	
22	22593	1	
22	8260	1	
22	8375	1	
22	588	1	
22	12878	2	
22	20237	1	
22	21586	1	
22	18005	1	
22	15448	2	
22	8797	1	
22	15971	1	
22	21605	1	
22	19048	1	
22	15980	1	
22	8306	1	
22	5749	1	
22	633	1	
22	18563	1	
22	13445	1	
22	18056	1	
22	13451	1	
22	19599	1	
22	2705	1	
22	6804	1	
22	4247	1	
22	669	1	
22	4267	1	
22	9901	1	
22	11444	1	
22	21687	1	
22	8892	2	
22	11967	1	
22	20168	3	
22	11479	1	
22	18140	1	
22	7396	1	
22	7397	1	
22	6375	2	
22	7400	1	
22	6377	2	
22	5867	1	
22	15096	1	
22	18686	1	
22	4868	2	
22	4364	2	
22	6413	1	
22	6414	1	
22	17688	1	
22	16156	1	
22	8989	1	
22	18209	1	
22	10972	1	
22	16686	1	
22	2351	1	
22	136	1	
22	3903	1	
22	15170	1	
22	19785	2	
22	967	1	
22	15184	1	
22	6489	2	
22	15707	1	
22	8421	2	
22	10593	1	
22	7010	1	
22	4453	1	
22	9069	2	
22	15218	1	
22	3958	1	
22	1918	2	
22	7039	1	
22	1922	2	
22	21733	1	
22	1414	2	
22	1415	1	
22	15754	1	
22	20877	1	
22	20882	3	
22	11672	4	
22	7236	1	
22	16368	1	
22	1465	1	
22	19900	1	
22	1469	1	
22	16835	1	
22	13255	1	
22	12746	1	
22	15820	1	
22	9170	1	
22	14807	1	
22	18911	1	
22	11760	1	
22	16369	1	
22	16882	1	
22	1526	1	
22	12279	1	
22	6652	1	
23	12288	3	
23	15874	1	
23	16901	1	
23	6665	1	
23	18442	1	
23	855	1	
23	1549	1	
23	20494	1	
23	19117	1	
23	17424	1	
23	6496	1	
23	4115	1	
23	2990	2	
23	13846	1	
23	17435	1	
23	22557	1	
23	4639	1	
23	20000	1	
23	22571	1	
23	11821	1	
23	20526	1	
23	3631	1	
23	7220	1	
23	3643	3	
23	3134	1	
23	9791	1	
23	22593	1	
23	11152	1	
23	8260	3	
23	15432	1	
23	585	1	
23	21068	1	
23	10318	1	
23	18005	1	
23	13398	4	
23	8749	1	
23	11792	1	
23	18022	1	
23	6760	1	
23	19900	1	
23	2666	1	
23	17004	3	
23	14448	1	
23	2673	1	
23	1141	1	
23	3197	1	
23	19582	1	
23	3201	1	
23	6790	1	
23	11969	1	
23	20418	1	
23	2243	1	
23	6809	1	
23	18080	1	
23	15216	1	
23	14498	1	
23	9892	1	
23	4263	1	
23	10408	1	
23	4267	2	
23	14509	1	
23	7343	1	
23	19634	1	
23	12471	1	
23	21692	1	
23	19133	3	
23	22209	1	
23	8387	1	
23	15558	1	
23	20168	6	
23	15820	1	
23	12663	1	
23	15566	1	
23	4818	1	
23	20695	1	
23	5852	1	
23	4317	1	
23	10975	1	
23	10464	5	
23	17121	1	
23	10467	4	
23	17124	1	
23	22245	4	
23	17129	1	
23	5867	1	
23	20690	1	
23	3311	1	
23	20720	3	
23	7409	1	
23	20722	4	
23	11511	1	
23	8961	1	
23	15618	1	
23	4868	4	
23	2310	1	
23	21768	1	
23	17162	1	
23	11479	1	
23	4364	1	
23	10510	1	
23	3629	4	
23	2835	1	
23	2325	1	
23	4894	1	
23	18208	1	
23	12588	1	
23	5934	1	
23	7471	1	
23	1844	1	
23	22327	1	
23	22328	1	
23	21817	1	
23	12602	1	
23	20284	1	
23	4414	1	
23	3392	1	
23	15170	1	
23	20292	1	
23	6982	1	
23	13129	1	
23	7508	1	
23	14677	5	
23	9046	1	
23	21305	3	
23	1369	1	
23	2394	1	
23	7397	2	
23	22368	1	
23	22369	2	
23	10985	1	
23	2918	1	
23	9069	4	
23	9072	2	
23	15217	1	
23	12151	1	
23	20343	1	
23	8568	2	
23	1917	1	
23	12670	1	
23	14721	1	
23	21733	1	
23	20545	1	
23	15754	2	
23	8079	1	
23	7568	2	
23	14743	1	
23	11672	3	
23	13723	4	
23	14748	1	
23	414	1	
23	13730	1	
23	16804	1	
23	11178	1	
23	8107	1	
23	21933	1	
23	15278	2	
23	4019	3	
23	7582	1	
23	11708	2	
23	22464	1	
23	11714	1	
23	4547	1	
23	4550	1	
23	13255	1	
23	3528	1	
23	17484	1	
23	9901	1	
23	7586	1	
23	9167	1	
23	17872	1	
23	467	1	
23	14807	1	
23	17881	1	
23	18394	1	
23	8684	1	
23	7150	1	
23	10225	4	
23	15548	1	
23	1525	1	
23	4599	1	
23	18424	1	
23	15869	1	
24	12805	1	
24	12815	1	
24	1040	1	
24	19478	1	
24	22557	1	
24	4647	1	
24	22571	1	
24	6188	1	
24	21841	1	
24	7216	1	
24	3643	2	
24	12354	1	
24	8260	2	
24	7241	1	
24	588	2	
24	13389	1	
24	21586	2	
24	13398	7	
24	15448	1	
24	18013	1	
24	15976	1	
24	21102	2	
24	14448	1	
24	6770	1	
24	6771	3	
24	7801	1	
24	2179	1	
24	132	1	
24	13445	1	
24	136	2	
24	1163	1	
24	12429	1	
24	19607	1	
24	6809	1	
24	7326	1	
24	673	1	
24	13986	1	
24	13478	3	
24	9901	1	
24	17070	1	
24	17072	1	
24	19124	1	
24	18103	1	
24	18104	1	
24	20155	1	
24	19133	3	
24	12481	1	
24	20168	4	
24	11471	1	
24	14033	1	
24	5332	1	
24	10972	1	
24	4831	1	
24	10464	2	
24	2273	1	
24	4834	1	
24	10467	3	
24	18668	1	
24	20720	1	
24	20722	7	
24	15096	1	
24	2814	1	
24	18689	1	
24	1068	1	
24	16651	2	
24	6924	1	
24	20237	1	
24	20239	1	
24	7952	1	
24	17170	1	
24	17171	1	
24	276	1	
24	6421	1	
24	17688	4	
24	3353	1	
24	12076	1	
24	18222	1	
24	21295	1	
24	18225	1	
24	21305	2	
24	4414	2	
24	8512	1	
24	14475	1	
24	15172	1	
24	16197	1	
24	16199	1	
24	843	1	
24	8012	1	
24	20303	2	
24	4945	1	
24	11604	1	
24	18267	1	
24	22368	2	
24	22369	1	
24	7010	1	
24	4971	2	
24	2451	1	
24	1917	1	
24	9600	1	
24	1922	1	
24	901	1	
24	1414	1	
24	904	1	
24	906	5	
24	4493	1	
24	16195	1	
24	13727	1	
24	4000	3	
24	15778	1	
24	4003	1	
24	11684	3	
24	3497	1	
24	3498	1	
24	12716	1	
24	18162	1	
24	20914	1	
24	4019	1	
24	4020	1	
24	3514	1	
24	3515	2	
24	20420	1	
24	13255	1	
24	13388	4	
24	1482	1	
24	11737	1	
24	3551	2	
24	3552	2	
24	12625	4	
24	4364	1	
24	13305	1	
25	12288	1	
25	12815	1	
25	1040	1	
25	4115	1	
25	10264	1	
25	17435	1	
25	13863	1	
25	3627	1	
25	3629	1	
25	3631	1	
25	3643	1	
25	12354	2	
25	8260	1	
25	12357	1	
25	15432	3	
25	11850	1	
25	588	1	
25	21586	1	
25	18005	1	
25	13398	1	
25	9817	1	
25	5232	1	
25	21617	1	
25	10360	1	
25	5243	1	
25	11902	1	
25	17535	1	
25	13440	1	
25	13445	1	
25	135	1	
25	136	1	
25	1163	2	
25	13969	1	
25	7323	1	
25	4267	1	
25	11449	1	
25	3770	1	
25	19133	1	
25	5840	1	
25	7392	1	
25	7888	1	
25	10467	2	
25	22245	1	
25	10985	1	
25	3311	2	
25	20720	1	
25	20722	3	
25	22262	1	
25	4364	2	
25	10510	1	
25	17688	1	
25	281	1	
25	4894	1	
25	18208	1	
25	3366	1	
25	823	1	
25	21305	1	
25	7485	1	
25	10464	1	
25	17547	1	
25	16197	1	
25	14049	1	
25	21330	1	
25	14677	3	
25	18267	2	
25	13159	1	
25	11627	1	
25	4972	1	
25	15216	1	
25	11645	1	
25	1918	1	
25	1407	1	
25	906	3	
25	1421	1	
25	1422	1	
25	11153	1	
25	22418	1	
25	14743	1	
25	409	1	
25	9626	1	
25	17821	1	
25	4000	5	
25	9122	1	
25	11684	2	
25	11178	1	
25	1465	1	
25	3515	1	
25	1469	1	
25	7110	1	
25	14291	1	
25	3552	1	
25	9802	1	
25	19943	1	
25	9205	1	
25	6652	1	
25	15869	1	
26	12288	1	
26	13832	1	
26	6153	1	
26	6155	1	
26	7700	1	
26	22562	2	
26	3626	1	
26	20526	1	
26	16431	1	
26	16436	1	
26	13887	3	
26	12354	1	
26	14407	1	
26	15432	2	
26	13389	1	
26	18005	2	
26	15448	1	
26	16998	1	
26	625	1	
26	1139	2	
26	13428	1	
26	7293	1	
26	15489	1	
26	6786	1	
26	15491	3	
26	21124	1	
26	6790	1	
26	9863	2	
26	13961	1	
26	13451	1	
26	3636	1	
26	4247	2	
26	18075	1	
26	13937	4	
26	19626	1	
26	14509	1	
26	17072	1	
26	5816	1	
26	3258	1	
26	19133	1	
26	11969	1	
26	20686	2	
26	12495	2	
26	11992	1	
26	10985	1	
26	6381	1	
26	1918	1	
26	1578	1	
26	8449	1	
26	4867	1	
26	1921	1	
26	18185	2	
26	20234	1	
26	4364	1	
26	20239	1	
26	16430	1	
26	6938	1	
26	8988	1	
26	5424	1	
26	1844	1	
26	2039	1	
26	21305	1	
26	7485	1	
26	17216	1	
26	16706	1	
26	20809	1	
26	7498	1	
26	17227	1	
26	4942	1	
26	15184	1	
26	17234	1	
26	14677	1	
26	4448	1	
26	17763	1	
26	20329	1	
26	9069	1	
26	7539	1	
26	21364	1	
26	1917	1	
26	11134	2	
26	12673	1	
26	8579	1	
26	16773	1	
26	1415	1	
26	16023	3	
26	1420	1	
26	7055	1	
26	11156	1	
26	3991	2	
26	13723	1	
26	12700	3	
26	20384	2	
26	18853	1	
26	19901	1	
26	8127	2	
26	4000	1	
26	2038	1	
26	13255	1	
26	5577	1	
26	7115	1	
26	15820	1	
26	9167	1	
26	10205	1	
26	20389	1	
26	6125	1	
26	14836	1	
26	16373	1	
26	5110	1	
26	5623	1	
26	3064	1	
26	11771	2	
27	12288	3	
27	13316	1	
27	519	2	
27	20494	2	
27	2063	1	
27	22551	1	
27	5660	2	
27	5661	1	
27	15903	1	
27	9761	1	
27	22572	1	
27	12333	1	
27	1074	1	
27	19509	1	
27	19511	2	
27	3647	3	
27	7236	2	
27	12360	2	
27	15434	1	
27	588	1	
27	10831	1	
27	10832	1	
27	21586	2	
27	21597	1	
27	15971	1	
27	3260	1	
27	18028	1	
27	126	1	
27	12927	1	
27	13440	1	
27	13442	1	
27	7303	1	
27	136	3	
27	14475	1	
27	16014	1	
27	1167	4	
27	1168	1	
27	21652	1	
27	3221	1	
27	19619	3	
27	15528	4	
27	17066	1	
27	16049	1	
27	15539	2	
27	11444	1	
27	5301	1	
27	19126	1	
27	11961	4	
27	11962	1	
27	8379	2	
27	15548	1	
27	19133	1	
27	12481	1	
27	10434	1	
27	2243	1	
27	5321	2	
27	4823	1	
27	22232	2	
27	4315	1	
27	10972	4	
27	14584	1	
27	15948	1	
27	14049	1	
27	6375	1	
27	11496	3	
27	16511	1	
27	14574	1	
27	3313	2	
27	12018	2	
27	2430	1	
27	5368	2	
27	16123	2	
27	766	1	
27	767	1	
27	5248	1	
27	8236	3	
27	20234	2	
27	9687	1	
27	20238	2	
27	6421	1	
27	4886	2	
27	279	1	
27	281	1	
27	8989	1	
27	7455	2	
27	4901	1	
27	4902	1	
27	17706	7	
27	17707	1	
27	20269	1	
27	21295	2	
27	21305	1	
27	18766	1	
27	15184	1	
27	14682	2	
27	18267	2	
27	3421	1	
27	4449	1	
27	2407	2	
27	8553	1	
27	9069	14	
27	13682	1	
27	3258	1	
27	15508	1	
27	2427	7	
27	2429	1	
27	1918	1	
27	15232	2	
27	21381	1	
27	13704	3	
27	20877	1	
27	13200	5	
27	10644	1	
27	8260	1	
27	9640	1	
27	17996	2	
27	463	1	
27	248	1	
27	8151	1	
27	11737	1	
27	8156	1	
27	6622	1	
27	2640	2	
27	14306	5	
27	17490	2	
27	16366	1	
28	11777	1	
28	13316	1	
28	19476	1	
28	12312	1	
28	5660	1	
28	15903	1	
28	7718	1	
28	11815	1	
28	22572	1	
28	4654	1	
28	3647	1	
28	12354	1	
28	7236	1	
28	588	2	
28	592	3	
28	18005	1	
28	12897	1	
28	9832	1	
28	11887	3	
28	13937	3	
28	1138	1	
28	21619	1	
28	3702	1	
28	4116	1	
28	125	1	
28	126	1	
28	13951	1	
28	19588	1	
28	13445	1	
28	7303	1	
28	19595	1	
28	16014	1	
28	15508	1	
28	14495	1	
28	19619	2	
28	15528	3	
28	17067	1	
28	11948	1	
28	11949	2	
28	4276	1	
28	5301	3	
28	5368	1	
28	3258	1	
28	20155	1	
28	8892	1	
28	14016	1	
28	22209	1	
28	2243	1	
28	2245	1	
28	7880	1	
28	20681	1	
28	14868	1	
28	20686	1	
28	22232	1	
28	10972	1	
28	5863	1	
28	6695	1	
28	1918	1	
28	16120	1	
28	13570	1	
28	2309	1	
28	4359	1	
28	20232	1	
28	20233	1	
28	4364	6	
28	8466	1	
28	4886	1	
28	20519	1	
28	13957	1	
28	8993	1	
28	17706	2	
28	9351	1	
28	7471	1	
28	17093	1	
28	6760	1	
28	6622	1	
28	12602	2	
28	16194	1	
28	1163	1	
28	18766	1	
28	12625	1	
28	11603	1	
28	4438	1	
28	6489	1	
28	18267	1	
28	2914	1	
28	15207	1	
28	5993	1	
28	9069	4	
28	15216	1	
28	10097	1	
28	14712	1	
28	2427	1	
28	2429	2	
28	8062	1	
28	15754	3	
28	7055	1	
28	405	1	
28	4502	1	
28	14751	1	
28	11760	1	
28	15273	1	
28	22442	1	
28	1464	1	
28	9887	1	
28	4540	1	
28	1469	1	
28	13255	1	
28	13388	1	
28	1482	1	
28	460	1	
28	14289	2	
28	8153	1	
28	10206	1	
28	13290	1	
28	15856	1	
28	17400	1	
28	4601	1	
28	16890	1	
29	12288	4	
29	6146	1	
29	19460	1	
29	6149	1	
29	16902	1	
29	11180	1	
29	12816	1	
29	10260	1	
29	535	1	
29	10264	1	
29	22557	1	
29	15903	1	
29	7515	1	
29	5638	1	
29	6694	2	
29	14088	1	
29	3636	2	
29	9270	1	
29	13891	1	
29	6214	1	
29	6215	1	
29	15432	1	
29	1099	1	
29	22094	1	
29	21586	2	
29	16468	1	
29	11870	1	
29	3679	3	
29	7776	1	
29	17424	2	
29	3176	2	
29	13932	1	
29	18030	1	
29	11887	1	
29	13937	1	
29	5746	1	
29	7870	1	
29	10358	2	
29	14970	1	
29	19068	1	
29	14973	1	
29	2179	1	
29	10374	2	
29	15495	1	
29	17004	1	
29	5261	1	
29	5264	1	
29	16835	1	
29	3220	4	
29	10408	1	
29	20137	1	
29	11434	1	
29	14509	1	
29	1717	1	
29	12471	1	
29	2745	1	
29	702	1	
29	10357	1	
29	14016	1	
29	6337	1	
29	8993	1	
29	16589	1	
29	20180	1	
29	740	1	
29	8230	1	
29	8422	1	
29	16616	1	
29	18267	1	
29	11510	1	
29	11514	1	
29	14081	1	
29	9556	1	
29	18185	8	
29	17675	1	
29	4364	1	
29	4884	1	
29	18197	1	
29	15128	1	
29	8988	1	
29	797	1	
29	20256	1	
29	21793	1	
29	19238	2	
29	8753	1	
29	7471	1	
29	1844	1	
29	10560	1	
29	6983	1	
29	8012	1	
29	18769	1	
29	9555	1	
29	11604	1	
29	14677	1	
29	2394	1	
29	3419	1	
29	15709	1	
29	22369	1	
29	16739	1	
29	13161	1	
29	9069	2	
29	14703	1	
29	21579	1	
29	13459	1	
29	12151	1	
29	1344	1	
29	15752	1	
29	10122	1	
29	7062	1	
29	21912	1	
29	7584	1	
29	15266	1	
29	20038	1	
29	7592	1	
29	7593	1	
29	15276	2	
29	2990	1	
29	5551	1	
29	16304	1	
29	7601	1	
29	16308	1	
29	1467	2	
29	19900	3	
29	9662	1	
29	20384	1	
29	11851	1	
29	13255	1	
29	11723	1	
29	14800	1	
29	5624	1	
29	10206	2	
29	12625	1	
29	1002	1	
29	12779	1	
29	494	1	
29	16367	1	
29	7154	1	
29	12787	1	
29	16888	2	
29	5625	1	
29	12799	1	
