1	13316	1	
1	10758	1	
1	13834	1	
1	8878	1	
1	3844	3	
1	3610	1	
1	15903	1	
1	3621	1	
1	14386	4	
1	12852	1	
1	11832	1	
1	2105	2	
1	2108	1	
1	1092	1	
1	18503	2	
1	15432	2	
1	21586	1	
1	7776	1	
1	13412	1	
1	19559	1	
1	10857	1	
1	4722	1	
1	17012	1	
1	16502	1	
1	16504	1	
1	8830	1	
1	15487	1	
1	15491	1	
1	15494	1	
1	1163	1	
1	1167	1	
1	20113	1	
1	7827	1	
1	6596	1	
1	22186	1	
1	17067	1	
1	3758	1	
1	5304	1	
1	3260	1	
1	19133	1	
1	21696	2	
1	12994	1	
1	12995	1	
1	7888	1	
1	18645	1	
1	22232	1	
1	6361	1	
1	10972	1	
1	7901	1	
1	21726	1	
1	21227	1	
1	19582	1	
1	14583	1	
1	9044	2	
1	15610	1	
1	1278	1	
1	14081	1	
1	4868	2	
1	22282	1	
1	4364	1	
1	20237	2	
1	19726	1	
1	3855	2	
1	18197	1	
1	5400	2	
1	17185	1	
1	11227	1	
1	15580	1	
1	6956	1	
1	11054	1	
1	16694	1	
1	21818	1	
1	20284	1	
1	16701	1	
1	1342	1	
1	8512	1	
1	16194	1	
1	12100	1	
1	19269	1	
1	3398	1	
1	12103	1	
1	13129	3	
1	1866	1	
1	19276	1	
1	17229	1	
1	12625	2	
1	18772	1	
1	14677	3	
1	1369	1	
1	18267	1	
1	15674	1	
1	4960	1	
1	22369	1	
1	4967	1	
1	9069	2	
1	7485	1	
1	12151	1	
1	7548	1	
1	16704	1	
1	7563	1	
1	2446	1	
1	4496	1	
1	8604	1	
1	15266	3	
1	16804	1	
1	7078	1	
1	19882	1	
1	4525	1	
1	18862	1	
1	12360	1	
1	1865	1	
1	19900	1	
1	22464	1	
1	2500	1	
1	15818	1	
1	7637	2	
1	4058	1	
1	17371	2	
1	6112	1	
1	15849	1	
1	11760	1	
1	8177	1	
1	11250	1	
1	6136	1	
1	4601	1	
1	6652	1	
1	18941	1	
1	5118	3	
2	12288	2	
2	22368	2	
2	4610	1	
2	17067	3	
2	13316	2	
2	4614	1	
2	16903	1	
2	7690	1	
2	16998	1	
2	22030	1	
2	4623	1	
2	2990	2	
2	14359	1	
2	3609	1	
2	20506	1	
2	9755	2	
2	11292	1	
2	22557	2	
2	11294	2	
2	15903	2	
2	5665	1	
2	5667	7	
2	3621	1	
2	1067	2	
2	8236	2	
2	5677	1	
2	13438	1	
2	13453	1	
2	7432	1	
2	14386	5	
2	12852	1	
2	9269	1	
2	10808	2	
2	2105	10	
2	5690	1	
2	5304	1	
2	2108	2	
2	22282	1	
2	3134	3	
2	2113	10	
2	12891	1	
2	20547	1	
2	1092	1	
2	4677	1	
2	4678	1	
2	18503	5	
2	15432	1	
2	3393	1	
2	4433	1	
2	588	1	
2	8781	1	
2	591	1	
2	10321	1	
2	21586	2	
2	83	1	
2	10837	1	
2	87	2	
2	5208	1	
2	5391	1	
2	14437	1	
2	96	3	
2	10096	3	
2	15460	2	
2	18022	2	
2	12390	1	
2	5233	1	
2	21692	1	
2	19559	1	
2	1606	1	
2	18029	2	
2	622	1	
2	873	2	
2	13937	10	
2	19571	1	
2	7785	2	
2	10876	1	
2	15486	1	
2	20607	1	
2	5248	1	
2	6592	1	
2	6787	1	
2	19588	4	
2	646	1	
2	7303	6	
2	10890	2	
2	22551	2	
2	3329	1	
2	8188	1	
2	6718	1	
2	1167	9	
2	6801	1	
2	7826	1	
2	7827	2	
2	21652	1	
2	18030	2	
2	19094	1	
2	8343	1	
2	3435	1	
2	6809	2	
2	11887	2	
2	9884	1	
2	3610	10	
2	8342	1	
2	18592	1	
2	9072	1	
2	9380	1	
2	20343	1	
2	4263	2	
2	10408	1	
2	3612	1	
2	6315	1	
2	22188	1	
2	9901	2	
2	9729	2	
2	21679	2	
2	18547	1	
2	19124	4	
2	9758	1	
2	5303	1	
2	22340	1	
2	7540	1	
2	21295	1	
2	19131	1	
2	15036	1	
2	19133	3	
2	14583	1	
2	21696	1	
2	603	1	
2	10436	2	
2	17605	2	
2	3873	1	
2	12663	1	
2	16588	1	
2	20686	1	
2	1744	1	
2	18215	2	
2	18571	1	
2	17621	1	
2	10454	1	
2	9945	1	
2	12506	1	
2	9167	1	
2	10972	1	
2	4434	2	
2	8553	1	
2	21735	1	
2	17602	1	
2	21737	3	
2	12010	1	
2	18155	1	
2	21228	1	
2	5586	1	
2	11925	3	
2	2289	1	
2	10622	1	
2	11511	3	
2	16511	2	
2	9351	2	
2	18686	1	
2	11007	1	
2	8260	1	
2	8449	2	
2	22571	1	
2	3844	3	
2	773	1	
2	13697	1	
2	14088	3	
2	20234	1	
2	17163	1	
2	3340	1	
2	3855	1	
2	8376	1	
2	1298	1	
2	10515	1	
2	4884	1	
2	16661	1	
2	4868	3	
2	2839	1	
2	20100	1	
2	19803	1	
2	7451	1	
2	22234	1	
2	17185	1	
2	7458	1	
2	20260	2	
2	7776	1	
2	19238	1	
2	7463	1	
2	5929	1	
2	18218	1	
2	16519	1	
2	20269	1	
2	11054	1	
2	7471	2	
2	21305	2	
2	20794	1	
2	6459	1	
2	20284	1	
2	7485	1	
2	20798	1	
2	7221	1	
2	16704	1	
2	4417	2	
2	17218	2	
2	22339	1	
2	16708	1	
2	19269	1	
2	12103	2	
2	17225	1	
2	1608	1	
2	17293	1	
2	12625	2	
2	5970	1	
2	9044	7	
2	14677	3	
2	13113	1	
2	2394	1	
2	18267	1	
2	6458	5	
2	21613	1	
2	19808	1	
2	22369	2	
2	20027	1	
2	1380	1	
2	15441	1	
2	4967	1	
2	20329	2	
2	8043	1	
2	3436	1	
2	9069	1	
2	13679	6	
2	15216	2	
2	15763	6	
2	6516	1	
2	22389	1	
2	12151	2	
2	3220	1	
2	19263	1	
2	7548	1	
2	4074	1	
2	14206	1	
2	14207	1	
2	21888	1	
2	7553	1	
2	8579	2	
2	19408	1	
2	20357	1	
2	4418	1	
2	15751	1	
2	5000	1	
2	22252	1	
2	15754	1	
2	7563	1	
2	5517	1	
2	6125	1	
2	4496	1	
2	7571	1	
2	18841	1	
2	11334	1	
2	4509	1	
2	22341	1	
2	20384	1	
2	15266	2	
2	10209	1	
2	16804	1	
2	20389	1	
2	6054	1	
2	12200	1	
2	12713	1	
2	4679	2	
2	9050	1	
2	18862	1	
2	5551	2	
2	4680	1	
2	7603	1	
2	13129	1	
2	19900	1	
2	16373	1	
2	22464	2	
2	6593	1	
2	11714	3	
2	1099	1	
2	502	1	
2	4038	1	
2	12746	1	
2	14283	1	
2	20429	1	
2	6361	1	
2	19809	2	
2	8144	1	
2	2001	1	
2	7122	2	
2	9171	2	
2	9687	1	
2	4056	1	
2	4058	2	
2	20303	1	
2	8830	1	
2	10206	1	
2	3937	3	
2	4960	2	
2	4603	1	
2	7653	1	
2	13677	1	
2	18919	7	
2	10728	1	
2	4073	1	
2	12778	1	
2	4589	1	
2	3055	2	
2	10225	1	
2	8592	1	
2	15491	1	
2	14838	1	
2	5623	2	
2	15864	1	
2	505	1	
2	4602	1	
2	6651	1	
2	6652	2	
2	18941	1	
2	5118	4	
3	1024	1	
3	1074	2	
3	4614	1	
3	18952	1	
3	13834	1	
3	5643	1	
3	13837	1	
3	19993	1	
3	3610	2	
3	3844	1	
3	16474	1	
3	18975	1	
3	20008	1	
3	1067	1	
3	1979	1	
3	9777	1	
3	4146	1	
3	22589	1	
3	19808	1	
3	12354	1	
3	18503	1	
3	15432	3	
3	18505	1	
3	13388	1	
3	1626	1	
3	1627	1	
3	8797	1	
3	10338	1	
3	20155	1	
3	20234	1	
3	11708	1	
3	21613	3	
3	9839	1	
3	6770	1	
3	6771	1	
3	11894	1	
3	15209	1	
3	16504	1	
3	19583	1	
3	13445	1	
3	15494	1	
3	16009	1	
3	1167	1	
3	3217	1	
3	7827	2	
3	15508	1	
3	11925	1	
3	6809	1	
3	14492	1	
3	15216	1	
3	7451	1	
3	4263	1	
3	7852	1	
3	9901	2	
3	797	1	
3	12464	1	
3	12465	2	
3	21619	1	
3	2747	1	
3	21696	1	
3	13514	1	
3	13516	1	
3	20686	1	
3	1743	1	
3	5841	1	
3	4818	1	
3	7892	1	
3	10453	1	
3	12505	2	
3	4826	1	
3	15579	1	
3	12510	1	
3	4831	1	
3	746	1	
3	21228	1	
3	7634	1	
3	20209	1	
3	4852	1	
3	22262	1	
3	14583	1	
3	15610	1	
3	20095	1	
3	15616	1	
3	8449	2	
3	4867	1	
3	4868	2	
3	16135	1	
3	12588	1	
3	2826	1	
3	13582	1	
3	7952	1	
3	5935	1	
3	22234	1	
3	7463	1	
3	8490	1	
3	10539	1	
3	12076	1	
3	12589	1	
3	7471	1	
3	15666	1	
3	17206	1	
3	1673	1	
3	5433	1	
3	20284	1	
3	16702	1	
3	6464	1	
3	833	1	
3	15170	1	
3	12100	1	
3	22341	1	
3	13128	1	
3	4942	1	
3	12625	3	
3	9044	1	
3	14677	2	
3	16215	1	
3	6489	1	
3	18267	4	
3	19804	2	
3	22368	1	
3	22369	2	
3	7010	1	
3	4967	1	
3	20329	1	
3	4960	1	
3	9069	3	
3	573	1	
3	2416	1	
3	12663	1	
3	21880	1	
3	12665	1	
3	2940	1	
3	12010	1	
3	15232	1	
3	18818	1	
3	16260	1	
3	3974	1	
3	15751	1	
3	5000	1	
3	22409	1	
3	7570	1	
3	917	1	
3	18841	1	
3	17312	1	
3	15266	1	
3	14386	2	
3	22437	2	
3	22442	1	
3	15275	1	
3	7085	1	
3	6066	1	
3	7092	1	
3	12216	1	
3	6075	1	
3	19900	1	
3	22464	2	
3	6902	1	
3	11719	1	
3	76	1	
3	15820	1	
3	22571	2	
3	11218	1	
3	19619	1	
3	9684	1	
3	4601	1	
3	4058	1	
3	10209	1	
3	7650	1	
3	3044	1	
3	7653	1	
3	2113	2	
3	10727	2	
3	6652	1	
3	4074	2	
3	15855	1	
3	4089	1	
3	8188	2	
3	5118	1	
4	12288	2	
4	9729	1	
4	4610	1	
4	4611	1	
4	13316	3	
4	4614	1	
4	5129	1	
4	7690	1	
4	15874	1	
4	3610	3	
4	16828	1	
4	11294	5	
4	5667	1	
4	3621	1	
4	4647	1	
4	8236	1	
4	12336	1	
4	14386	3	
4	2105	12	
4	1599	1	
4	64	2	
4	2113	7	
4	18503	1	
4	8778	1	
4	8375	1	
4	13389	1	
4	21586	1	
4	8797	2	
4	7952	1	
4	18022	2	
4	9831	1	
4	7785	1	
4	10348	1	
4	21613	3	
4	18030	1	
4	13937	2	
4	6771	1	
4	5993	1	
4	16504	1	
4	15994	1	
4	15491	1	
4	6790	1	
4	15496	1	
4	15497	1	
4	10899	1	
4	7317	1	
4	22166	1	
4	15512	1	
4	16539	1	
4	12446	1	
4	16543	1	
4	18080	1	
4	16547	1	
4	9380	1	
4	13681	1	
4	10410	1	
4	9901	1	
4	21679	1	
4	13679	1	
4	19124	3	
4	1719	1	
4	19131	1	
4	15548	1	
4	19133	4	
4	13901	1	
4	14016	1	
4	22209	1	
4	17605	2	
4	8156	1	
4	14545	1	
4	15907	1	
4	10972	2	
4	4831	2	
4	15584	1	
4	4326	1	
4	5351	1	
4	11815	2	
4	8062	1	
4	11511	1	
4	14584	1	
4	1280	1	
4	8449	1	
4	4868	3	
4	2309	1	
4	1290	1	
4	12046	1	
4	6416	1	
4	2179	1	
4	16661	1	
4	18919	2	
4	19803	1	
4	7451	1	
4	11398	1	
4	646	1	
4	5596	1	
4	17202	1	
4	7471	1	
4	11570	1	
4	17207	2	
4	824	1	
4	21305	3	
4	6458	1	
4	10975	1	
4	16701	1	
4	19263	1	
4	6979	1	
4	16708	1	
4	19269	1	
4	12103	3	
4	9033	2	
4	8013	1	
4	20303	1	
4	4945	1	
4	8019	1	
4	8532	1	
4	854	1	
4	13113	1	
4	5126	1	
4	18267	2	
4	860	1	
4	7520	1	
4	19809	2	
4	7483	1	
4	4967	1	
4	20329	1	
4	7018	1	
4	8043	1	
4	9069	1	
4	7485	1	
4	10096	1	
4	5489	1	
4	6003	2	
4	8568	1	
4	11708	1	
4	1918	1	
4	7553	1	
4	16260	1	
4	3974	1	
4	13889	1	
4	20877	1	
4	7055	1	
4	4497	1	
4	22339	1	
4	7581	1	
4	831	1	
4	15266	1	
4	20389	1	
4	11692	1	
4	434	1	
4	6459	2	
4	19900	1	
4	22464	6	
4	11714	2	
4	13255	1	
4	13768	1	
4	11723	1	
4	20813	1	
4	7633	1	
4	7122	2	
4	7635	1	
4	9684	1	
4	7637	1	
4	7644	1	
4	7645	2	
4	483	1	
4	7653	1	
4	7655	1	
4	4074	1	
4	4263	1	
4	8684	1	
4	15854	1	
4	15855	2	
4	503	1	
4	9044	1	
4	6652	1	
4	17066	1	
4	5118	4	
5	9733	1	
5	7690	1	
5	16399	1	
5	18965	1	
5	3610	1	
5	11292	1	
5	11294	1	
5	18975	1	
5	16430	1	
5	14386	2	
5	12852	2	
5	2105	2	
5	5690	1	
5	2108	1	
5	2109	1	
5	2113	4	
5	12354	1	
5	1094	1	
5	15439	1	
5	15441	1	
5	21586	1	
5	10846	1	
5	7952	1	
5	7867	1	
5	10857	1	
5	9331	1	
5	19572	1	
5	11893	1	
5	19582	1	
5	15491	1	
5	13969	1	
5	7827	1	
5	14492	1	
5	12446	1	
5	18080	1	
5	8764	1	
5	681	1	
5	22188	1	
5	15903	1	
5	19133	1	
5	11969	1	
5	7370	1	
5	12151	1	
5	14032	1	
5	4309	2	
5	4831	1	
5	16608	1	
5	745	1	
5	5246	1	
5	14584	1	
5	15609	1	
5	4868	2	
5	22282	1	
5	4364	1	
5	21264	1	
5	10016	1	
5	14646	1	
5	3636	1	
5	7483	1	
5	16702	1	
5	831	1	
5	12103	1	
5	14677	1	
5	21305	1	
5	18267	2	
5	19808	1	
5	22369	2	
5	15205	1	
5	20329	1	
5	10727	1	
5	10096	1	
5	373	1	
5	15849	1	
5	14713	1	
5	7547	1	
5	1405	1	
5	10631	1	
5	17818	1	
5	20384	1	
5	15266	2	
5	5276	1	
5	7600	1	
5	1459	1	
5	22464	3	
5	13255	2	
5	19401	1	
5	7635	2	
5	6108	1	
5	3041	1	
5	18919	1	
5	4073	1	
5	7147	1	
5	5660	1	
5	11760	2	
5	10225	1	
5	11252	1	
5	4602	1	
5	6651	1	
5	18940	1	
5	5118	1	
6	6148	1	
6	4438	1	
6	11275	1	
6	4622	1	
6	13839	1	
6	17424	2	
6	15448	1	
6	17428	1	
6	13846	2	
6	18521	1	
6	16414	1	
6	18975	1	
6	11815	1	
6	1067	1	
6	8236	1	
6	8541	1	
6	11832	1	
6	1716	1	
6	3131	1	
6	4668	1	
6	9072	3	
6	15432	1	
6	1099	1	
6	9804	1	
6	9807	1	
6	21586	3	
6	4691	2	
6	4695	1	
6	5208	1	
6	89	1	
6	1626	1	
6	4589	1	
6	9820	1	
6	18528	1	
6	18529	1	
6	7778	1	
6	18532	1	
6	7782	1	
6	3691	1	
6	14448	2	
6	1140	4	
6	1141	1	
6	14969	2	
6	14970	1	
6	11902	1	
6	12930	1	
6	5251	1	
6	5764	1	
6	7306	1	
6	655	1	
6	659	1	
6	4756	1	
6	6809	1	
6	15673	1	
6	11422	1	
6	2207	1	
6	17568	1	
6	13985	1	
6	13986	1	
6	13475	1	
6	13476	1	
6	4263	1	
6	16049	1	
6	20148	1	
6	13493	1	
6	10938	1	
6	20155	1	
6	18108	1	
6	19133	5	
6	7870	1	
6	12994	1	
6	20168	1	
6	13514	2	
6	9423	1	
6	17784	1	
6	20690	1	
6	3796	1	
6	20695	7	
6	9432	1	
6	22234	3	
6	10972	1	
6	1757	1	
6	14046	1	
6	13537	1	
6	21227	1	
6	22252	2	
6	15826	1	
6	1918	1	
6	3321	5	
6	17659	1	
6	18686	1	
6	8449	2	
6	4867	1	
6	4868	1	
6	2310	1	
6	17163	2	
6	4364	1	
6	15119	1	
6	2839	4	
6	2841	3	
6	572	1	
6	7463	1	
6	5935	1	
6	17451	1	
6	19253	1	
6	2416	1	
6	21305	5	
6	11066	1	
6	4415	1	
6	21312	1	
6	14148	1	
6	20556	1	
6	3910	1	
6	15177	1	
6	7498	1	
6	15184	3	
6	6483	1	
6	14677	1	
6	854	1	
6	19257	1	
6	19800	1	
6	4441	1	
6	20794	2	
6	15199	1	
6	5988	1	
6	15209	1	
6	15210	1	
6	9069	6	
6	21870	1	
6	6511	1	
6	6000	1	
6	7537	1	
6	12659	1	
6	2936	1	
6	17790	1	
6	21887	1	
6	19840	1	
6	5509	1	
6	16775	1	
6	1420	1	
6	12013	1	
6	20882	2	
6	4509	5	
6	4510	1	
6	20384	2	
6	15266	1	
6	6982	1	
6	15273	1	
6	11692	1	
6	7600	1	
6	1458	1	
6	4020	1	
6	17737	1	
6	22464	3	
6	11714	1	
6	13255	1	
6	5232	1	
6	1482	1	
6	20429	1	
6	9167	4	
6	14289	1	
6	7634	1	
6	9171	1	
6	4056	1	
6	4569	1	
6	10206	1	
6	8685	1	
6	16367	2	
6	3060	1	
6	502	1	
6	11263	1	
7	12288	2	
7	4612	2	
7	6	1	
7	8	1	
7	11436	1	
7	11275	6	
7	16398	1	
7	15376	1	
7	19478	2	
7	19460	1	
7	17435	2	
7	7400	1	
7	16414	1	
7	18975	1	
7	16416	3	
7	2224	1	
7	18267	1	
7	4132	1	
7	16902	1	
7	38	1	
7	13863	1	
7	11821	1	
7	20016	1	
7	18483	1	
7	1076	1	
7	19124	2	
7	5691	2	
7	4668	3	
7	12349	1	
7	13887	1	
7	19520	1	
7	17163	3	
7	7236	1	
7	2633	1	
7	2122	1	
7	11851	1	
7	12878	1	
7	9807	14	
7	21586	2	
7	10851	1	
7	7765	1	
7	15448	1	
7	1626	1	
7	8797	2	
7	95	3	
7	96	1	
7	17424	1	
7	15971	1	
7	13182	1	
7	3688	2	
7	3691	1	
7	18540	1	
7	21102	1	
7	11887	1	
7	5232	1	
7	1139	2	
7	5246	1	
7	16832	1	
7	13334	2	
7	18567	1	
7	14475	2	
7	21645	1	
7	2704	1	
7	17041	8	
7	4247	1	
7	6809	1	
7	16030	1	
7	2207	3	
7	1136	2	
7	20642	1	
7	13478	1	
7	6824	1	
7	683	1	
7	22188	1	
7	9901	1	
7	8878	1	
7	10928	1	
7	18632	1	
7	16051	1	
7	17588	2	
7	8378	2	
7	18108	5	
7	19133	2	
7	12481	1	
7	13174	1	
7	20168	3	
7	5321	1	
7	13516	1	
7	2936	1	
7	10452	1	
7	10453	1	
7	20695	6	
7	22232	1	
7	22234	1	
7	19166	1	
7	14047	3	
7	5352	1	
7	14448	2	
7	5354	1	
7	4647	1	
7	12013	1	
7	6900	1	
7	13950	1	
7	13255	1	
7	3796	1	
7	17688	4	
7	15216	1	
7	9601	1	
7	3339	1	
7	20236	1	
7	6414	1	
7	276	2	
7	2839	2	
7	2840	1	
7	2841	2	
7	7471	1	
7	8993	1	
7	5929	1	
7	5935	1	
7	8502	3	
7	5433	1	
7	15674	1	
7	4831	1	
7	16195	1	
7	12659	1	
7	16197	4	
7	21841	1	
7	14677	1	
7	21305	2	
7	7514	1	
7	8539	1	
7	19258	1	
7	22368	1	
7	22369	2	
7	1895	2	
7	5993	1	
7	9069	4	
7	9072	2	
7	7537	1	
7	12147	2	
7	7540	1	
7	16758	1	
7	20343	1	
7	8568	1	
7	14714	1	
7	18154	1	
7	11134	1	
7	14721	1	
7	16773	1	
7	7570	1	
7	7344	1	
7	10636	1	
7	4493	1	
7	20882	4	
7	19524	1	
7	11692	1	
7	2464	1	
7	14753	1	
7	15266	1	
7	9637	1	
7	9638	2	
7	7593	1	
7	22297	1	
7	18862	1	
7	17840	1	
7	18865	4	
7	7584	1	
7	10679	2	
7	8636	3	
7	22464	2	
7	20384	3	
7	13763	2	
7	7109	2	
7	13767	1	
7	11723	1	
7	15820	1	
7	13986	1	
7	9167	2	
7	7633	2	
7	18510	1	
7	19254	1	
7	11742	1	
7	20389	1	
7	12625	1	
7	494	1	
7	15856	1	
7	8184	1	
7	6652	1	
7	16893	1	
8	15874	2	
8	19460	1	
8	1545	1	
8	11275	2	
8	14475	1	
8	16414	1	
8	16416	1	
8	3620	1	
8	8749	1	
8	7216	1	
8	12852	1	
8	18488	2	
8	4668	4	
8	12349	1	
8	18505	1	
8	9807	6	
8	8797	1	
8	95	2	
8	1136	1	
8	625	1	
8	6770	3	
8	3702	1	
8	17172	1	
8	13444	1	
8	4235	1	
8	17041	2	
8	2207	1	
8	4264	1	
8	4267	2	
8	22188	1	
8	1138	2	
8	16049	1	
8	15539	1	
8	19126	1	
8	8378	1	
8	18108	4	
8	19133	2	
8	1735	1	
8	22220	1	
8	13514	1	
8	20343	1	
8	13516	1	
8	3285	1	
8	20695	6	
8	22232	2	
8	14047	2	
8	740	1	
8	4884	1	
8	15096	1	
8	16651	2	
8	276	2	
8	2839	4	
8	17688	1	
8	2841	3	
8	13088	1	
8	12076	1	
8	5936	1	
8	10035	1	
8	19257	1	
8	4414	1	
8	16195	1	
8	16196	2	
8	16197	1	
8	16199	1	
8	17740	1	
8	12625	1	
8	11603	1	
8	21305	2	
8	6489	1	
8	18267	3	
8	8549	1	
8	1895	2	
8	9069	3	
8	6512	1	
8	10097	1	
8	16758	2	
8	16759	1	
8	7550	1	
8	7552	1	
8	14721	1	
8	18818	1	
8	905	1	
8	22415	2	
8	13718	1	
8	15774	2	
8	21408	1	
8	15777	1	
8	16301	1	
8	18865	1	
8	22464	5	
8	20384	1	
8	9666	1	
8	4547	2	
8	14286	1	
8	9167	4	
8	464	1	
8	4577	1	
8	12778	1	
8	10225	1	
9	12288	1	
9	16387	2	
9	6148	1	
9	12461	1	
9	7553	1	
9	13331	1	
9	18964	1	
9	15278	1	
9	13334	1	
9	4635	1	
9	18975	2	
9	20000	1	
9	11298	1	
9	20519	1	
9	22571	1	
9	15404	1	
9	12343	1	
9	7225	1	
9	20547	1	
9	1206	2	
9	1609	1	
9	587	1	
9	11342	1	
9	16915	1	
9	10833	1	
9	7764	1	
9	13398	3	
9	1627	1	
9	7263	1	
9	19553	1	
9	15971	2	
9	7782	1	
9	21094	1	
9	3691	1	
9	18028	1	
9	13937	1	
9	14475	1	
9	1140	2	
9	1141	2	
9	6790	1	
9	5768	1	
9	4235	1	
9	13452	1	
9	11917	1	
9	13969	1	
9	4756	1	
9	20630	1	
9	10392	1	
9	671	1	
9	13985	1	
9	17577	1	
9	13255	1	
9	7341	1	
9	16054	1	
9	9247	1	
9	19133	1	
9	7870	1	
9	1216	1	
9	13515	1	
9	15567	1	
9	5840	1	
9	18130	1	
9	10963	1	
9	4310	1	
9	20695	5	
9	22232	1	
9	22234	1	
9	10972	1	
9	18148	1	
9	21228	1	
9	20690	1	
9	22262	1	
9	3321	3	
9	2812	1	
9	5885	1	
9	2327	1	
9	15617	1	
9	4867	1	
9	4868	2	
9	17671	1	
9	16650	1	
9	17163	1	
9	11992	1	
9	11027	1	
9	4884	1	
9	21782	1	
9	2839	1	
9	2841	1	
9	10014	1	
9	14725	1	
9	19238	1	
9	7463	1	
9	11564	1	
9	18222	1	
9	5935	1	
9	16694	1	
9	21305	1	
9	4414	1	
9	7487	1	
9	17218	1	
9	20803	1	
9	22343	1	
9	17225	1	
9	6711	1	
9	3408	1	
9	12625	1	
9	9047	1	
9	6489	1	
9	18267	1	
9	9566	1	
9	15723	1	
9	9069	2	
9	6000	1	
9	12659	1	
9	7540	1	
9	2936	1	
9	17788	1	
9	13697	1	
9	3973	1	
9	16775	2	
9	396	1	
9	20882	3	
9	3992	3	
9	8607	2	
9	20384	1	
9	11180	1	
9	16302	1	
9	15290	1	
9	7101	1	
9	14270	1	
9	22464	3	
9	673	1	
9	8652	1	
9	9167	1	
9	7633	1	
9	8660	1	
9	15609	1	
9	8683	2	
9	8685	1	
9	494	1	
9	13807	1	
9	20465	1	
9	16373	1	
9	16374	1	
9	4601	2	
9	6651	1	
9	6141	1	
10	12288	3	
10	16387	1	
10	12805	1	
10	16390	2	
10	8449	1	
10	12296	1	
10	13834	1	
10	20459	1	
10	22032	1	
10	86	1	
10	22557	1	
10	4438	1	
10	33	1	
10	8228	1	
10	12325	1	
10	20519	2	
10	3629	2	
10	16430	1	
10	16431	1	
10	7216	1	
10	18952	1	
10	16434	1	
10	17971	1	
10	12852	1	
10	17973	1	
10	54	1	
10	1591	1	
10	13881	2	
10	13882	1	
10	3649	1	
10	67	1	
10	3652	2	
10	7237	1	
10	15432	2	
10	18505	3	
10	1099	1	
10	588	3	
10	13389	1	
10	21586	2	
10	13398	2	
10	15448	1	
10	92	1	
10	94	1	
10	18528	1	
10	10096	1	
10	15971	2	
10	9831	1	
10	8892	1	
10	21610	1	
10	21613	2	
10	3182	1	
10	5821	1	
10	20080	1	
10	1141	1	
10	7287	1	
10	276	1	
10	11898	1	
10	14649	1	
10	1153	1	
10	12930	3	
10	5764	1	
10	1670	1	
10	22209	1	
10	12426	1	
10	1163	1	
10	18114	1	
10	7823	1	
10	3217	1	
10	659	1	
10	10862	1	
10	6811	1	
10	4252	1	
10	14495	1	
10	17569	1	
10	22220	1	
10	13255	1	
10	22188	1	
10	15534	1	
10	16054	1	
10	5321	2	
10	20155	1	
10	700	1	
10	19133	4	
10	12481	2	
10	15042	1	
10	13516	1	
10	13514	2	
10	16588	1	
10	5838	1	
10	8401	1	
10	20690	1	
10	3796	1	
10	4310	1	
10	20695	1	
10	11482	1	
10	14046	1	
10	4831	1	
10	6372	1	
10	17637	1	
10	7889	1	
10	13863	1	
10	748	1	
10	19183	1	
10	1266	1	
10	15617	2	
10	14595	1	
10	4868	1	
10	7433	1	
10	4364	4	
10	17170	1	
10	15216	1	
10	21782	3	
10	284	1	
10	15135	1	
10	18209	1	
10	1158	1	
10	7463	1	
10	15666	1	
10	16691	1	
10	6965	1	
10	16694	1	
10	14136	1	
10	21305	4	
10	17216	1	
10	1590	1	
10	8013	1	
10	12625	2	
10	2387	1	
10	14677	1	
10	15190	1	
10	9047	1	
10	22369	1	
10	6500	1	
10	6695	1	
10	13969	1	
10	8553	1	
10	9069	5	
10	15339	1	
10	9072	2	
10	7537	2	
10	13682	1	
10	7540	1	
10	12151	1	
10	12665	1	
10	897	1	
10	11651	1	
10	16775	2	
10	20882	1	
10	3992	1	
10	17818	1	
10	1437	1	
10	15774	1	
10	8607	1	
10	13730	1	
10	8105	1	
10	4011	1	
10	21425	1	
10	1465	2	
10	671	1	
10	18876	3	
10	16831	1	
10	22464	1	
10	18882	5	
10	16835	1	
10	13766	1	
10	20935	1	
10	8268	1	
10	10449	1	
10	5069	1	
10	7633	1	
10	9684	1	
10	9691	1	
10	16348	1	
10	6622	1	
10	18911	1	
10	15338	1	
10	8683	1	
10	8685	1	
10	8687	1	
10	15856	1	
10	14324	1	
10	16891	1	
10	12799	2	
11	12288	3	
11	11832	1	
11	9	2	
11	7690	1	
11	13837	1	
11	22032	1	
11	6674	1	
11	8724	1	
11	7704	1	
11	13850	1	
11	13851	1	
11	22557	2	
11	3621	1	
11	6694	1	
11	3115	2	
11	16430	1	
11	14969	1	
11	1076	1	
11	13880	1	
11	11444	3	
11	4668	1	
11	20547	1	
11	17484	1	
11	83	1	
11	7765	1	
11	13398	1	
11	15448	1	
11	20057	1	
11	1626	1	
11	95	2	
11	96	2	
11	15971	2	
11	7780	1	
11	18030	1	
11	5232	1	
11	1650	1	
11	1141	2	
11	7287	1	
11	17017	1	
11	4219	1	
11	6269	1	
11	1153	1	
11	12930	2	
11	13444	1	
11	13445	1	
11	6790	1	
11	12937	1	
11	139	1	
11	12429	1	
11	7823	1	
11	3217	2	
11	9875	2	
11	10900	1	
11	19607	1	
11	13978	1	
11	5793	1	
11	7707	1	
11	13478	1	
11	6770	2	
11	17072	1	
11	4276	1	
11	6345	1	
11	11449	1	
11	19133	3	
11	11969	1	
11	15042	2	
11	5321	1	
11	12663	1	
11	20687	1	
11	21202	1	
11	4235	1	
11	20695	7	
11	15579	1	
11	15590	1	
11	19183	1	
11	1304	1	
11	18174	1	
11	7637	2	
11	1280	1	
11	3627	1	
11	4868	1	
11	773	1	
11	2310	1	
11	5391	1	
11	5934	1	
11	2839	2	
11	17688	1	
11	4377	1	
11	284	2	
11	14725	1	
11	11040	1	
11	19238	1	
11	2344	1	
11	1415	2	
11	1836	1	
11	18222	1	
11	12933	2	
11	19254	1	
11	21305	3	
11	15754	1	
11	6976	3	
11	3395	3	
11	16196	1	
11	22344	1	
11	17225	1	
11	8013	1	
11	21841	1	
11	18260	1	
11	19804	1	
11	22368	1	
11	1895	1	
11	9072	2	
11	19124	1	
11	12151	1	
11	12666	1	
11	7552	1	
11	4485	2	
11	1414	1	
11	16775	1	
11	8585	1	
11	20874	2	
11	20877	1	
11	2541	1	
11	20882	1	
11	3991	4	
11	1945	1	
11	12188	1	
11	8607	2	
11	4002	2	
11	14664	1	
11	10162	1	
11	1465	1	
11	17339	2	
11	11714	1	
11	19396	1	
11	14789	1	
11	9167	2	
11	3536	3	
11	7122	1	
11	3541	1	
11	14807	1	
11	5085	1	
11	10206	1	
11	18911	1	
11	12625	1	
11	15849	2	
11	8683	1	
11	8685	1	
11	16373	1	
11	4603	1	
12	13316	1	
12	8	1	
12	17435	1	
12	14369	3	
12	11298	4	
12	3621	1	
12	9261	1	
12	16430	2	
12	9268	1	
12	22071	1	
12	572	1	
12	1076	1	
12	22368	1	
12	18505	1	
12	11850	1	
12	587	2	
12	588	1	
12	21586	1	
12	15444	1	
12	85	1	
12	13398	1	
12	15448	1	
12	3171	1	
12	13418	1	
12	2407	1	
12	21613	1	
12	18030	2	
12	6770	1	
12	1140	2	
12	10360	1	
12	3201	1	
12	8641	1	
12	13451	1	
12	2704	1	
12	17688	1	
12	17046	1	
12	6809	1	
12	14492	1	
12	14493	1	
12	17569	1	
12	7330	1	
12	5795	1	
12	17576	1	
12	22188	1	
12	19133	4	
12	13508	2	
12	20168	1	
12	5321	1	
12	13514	1	
12	13516	2	
12	10453	2	
12	20695	3	
12	10972	2	
12	10973	1	
12	19174	1	
12	8425	1	
12	21228	1	
12	12013	1	
12	10484	1	
12	16120	1	
12	3321	2	
12	7220	1	
12	20450	1	
12	770	1	
12	4868	2	
12	1798	1	
12	20234	1	
12	4364	1	
12	5400	1	
12	11040	1	
12	12585	1	
12	15666	1	
12	7992	1	
12	21305	3	
12	4417	1	
12	6979	1	
12	14306	1	
12	15184	1	
12	12625	1	
12	14677	1	
12	18267	1	
12	7520	1	
12	17251	1	
12	15207	1	
12	3217	1	
12	9069	1	
12	13681	1	
12	21874	1	
12	16762	1	
12	8255	1	
12	8062	1	
12	11135	1	
12	1924	1	
12	16775	1	
12	10120	1	
12	15754	1	
12	10636	1	
12	9105	2	
12	3991	1	
12	11672	1	
12	12190	1	
12	9122	1	
12	22442	1	
12	18865	1	
12	11708	1	
12	15808	1	
12	4033	1	
12	1099	1	
12	13255	1	
12	13388	2	
12	15820	1	
12	14498	1	
12	9167	1	
12	13776	1	
12	5085	1	
12	9695	1	
12	3408	1	
12	19938	1	
12	3047	1	
12	8683	1	
12	4589	1	
12	11760	1	
12	11765	1	
12	7672	1	
12	6652	2	
13	15361	1	
13	17067	1	
13	19464	1	
13	22032	1	
13	17435	1	
13	5149	1	
13	15903	1	
13	3626	1	
13	8236	1	
13	3629	1	
13	6702	1	
13	7176	1	
13	7219	1	
13	7220	1	
13	1716	1	
13	8255	1	
13	22082	1	
13	15432	1	
13	13388	2	
13	12878	1	
13	12880	1	
13	13398	1	
13	15448	1	
13	602	3	
13	18528	1	
13	17506	1	
13	15971	1	
13	8892	1	
13	22122	1	
13	14448	1	
13	13937	1	
13	1140	1	
13	9662	1	
13	13418	1	
13	21634	1	
13	3203	1	
13	15495	2	
13	9873	2	
13	683	1	
13	19124	2	
13	5819	1	
13	15548	1	
13	19133	3	
13	13508	1	
13	11461	1	
13	20167	2	
13	8397	2	
13	10453	1	
13	11992	1	
13	15579	1	
13	8425	1	
13	12013	1	
13	3881	1	
13	3321	1	
13	20218	1	
13	14592	1	
13	7938	1	
13	4868	1	
13	2309	1	
13	4364	1	
13	7952	1	
13	15064	1	
13	21781	1	
13	18200	1	
13	18205	1	
13	6950	1	
13	7463	1	
13	5929	1	
13	12076	1	
13	3886	1	
13	18229	1	
13	17207	1	
13	21305	2	
13	6979	1	
13	15177	1	
13	15184	1	
13	12625	1	
13	6995	1	
13	14677	2	
13	57	1	
13	22368	2	
13	21861	1	
13	3217	1	
13	364	1	
13	9069	1	
13	879	1	
13	8054	1	
13	4986	1	
13	15935	1	
13	8062	1	
13	1922	1	
13	16775	1	
13	395	1	
13	12354	1	
13	2966	1	
13	11672	1	
13	15266	1	
13	15268	1	
13	19366	1	
13	16301	1	
13	12734	1	
13	7103	1	
13	22464	1	
13	588	2	
13	1482	1	
13	9167	1	
13	9687	1	
13	22494	1	
13	5600	1	
13	19938	1	
13	11771	1	
13	13295	2	
13	11760	1	
13	3058	1	
13	11765	1	
13	7670	2	
13	7672	2	
13	505	1	
13	6651	1	
14	12288	1	
14	15874	1	
14	19460	1	
14	16902	1	
14	2057	1	
14	11789	1	
14	22032	1	
14	11293	1	
14	13858	1	
14	1578	1	
14	1068	1	
14	3629	2	
14	1074	1	
14	7220	1	
14	57	1	
14	13887	1	
14	1600	1	
14	588	1	
14	13389	1	
14	18004	1	
14	18005	1	
14	10862	1	
14	21617	1	
14	6770	1	
14	1140	1	
14	6777	1	
14	4218	1	
14	10876	1	
14	3203	1	
14	15494	1	
14	14475	1	
14	20625	1	
14	18071	1	
14	11422	1	
14	19619	1	
14	17576	1	
14	17066	1	
14	22188	1	
14	17071	1	
14	19124	1	
14	3765	1	
14	13428	2	
14	19133	2	
14	7371	1	
14	13516	1	
14	17209	1	
14	15566	1	
14	7888	1	
14	718	1	
14	10972	1	
14	4831	1	
14	13537	1	
14	6375	1	
14	14060	1	
14	12535	1	
14	15096	1	
14	3321	1	
14	18174	1	
14	1280	1	
14	8961	1	
14	14595	1	
14	4868	1	
14	12673	1	
14	8236	1	
14	2314	1	
14	4364	1	
14	14622	1	
14	8993	1	
14	6947	1	
14	2344	1	
14	1833	1	
14	1844	1	
14	21305	1	
14	10975	1	
14	1856	1	
14	17737	1	
14	21324	1	
14	3408	2	
14	21841	1	
14	9047	1	
14	21848	1	
14	2394	1	
14	1376	1	
14	14139	1	
14	19816	1	
14	5994	1	
14	9583	1	
14	15216	1	
14	13697	1	
14	10631	1	
14	22252	1	
14	3978	1	
14	20882	1	
14	12189	1	
14	4014	1	
14	1459	1	
14	7608	1	
14	6076	1	
14	22464	1	
14	13255	1	
14	15310	1	
14	18391	1	
14	9691	1	
14	10727	1	
14	15849	1	
14	16373	1	
14	7670	3	
14	6652	1	
15	12288	1	
15	8449	1	
15	22032	2	
15	19478	1	
15	8216	1	
15	3621	1	
15	13863	1	
15	555	1	
15	13357	1	
15	18481	1	
15	7219	2	
15	1076	1	
15	13877	1	
15	2105	1	
15	8253	1	
15	14398	2	
15	14408	1	
15	17484	3	
15	17485	1	
15	21586	3	
15	22100	3	
15	15448	2	
15	92	2	
15	93	1	
15	94	1	
15	17424	1	
15	15971	1	
15	19556	1	
15	1648	1	
15	13425	1	
15	15481	1	
15	5755	1	
15	3197	1	
15	21781	1	
15	13952	1	
15	13760	1	
15	10883	1	
15	8214	1	
15	17260	1	
15	13963	1	
15	18068	1	
15	4761	1	
15	15002	1	
15	16539	1	
15	12446	1	
15	13424	1	
15	13937	1	
15	9901	1	
15	17070	1	
15	10928	1	
15	19124	3	
15	4795	1	
15	18108	1	
15	19133	4	
15	4287	1	
15	8898	1	
15	1733	1	
15	5321	1	
15	20689	1	
15	20695	1	
15	22234	1	
15	18140	1	
15	8421	1	
15	4326	1	
15	745	1	
15	19180	1	
15	19183	3	
15	20725	1	
15	5368	2	
15	18686	2	
15	5760	1	
15	14082	1	
15	14595	1	
15	16649	1	
15	16651	1	
15	4364	1	
15	3629	1	
15	18197	1	
15	21782	1	
15	2327	1	
15	1818	2	
15	20270	1	
15	16691	1	
15	21305	3	
15	15675	1	
15	16199	1	
15	1136	1	
15	4432	1	
15	22353	3	
15	8531	1	
15	1375	1	
15	8041	1	
15	11628	1	
15	9069	2	
15	14397	4	
15	17788	1	
15	1917	1	
15	15752	1	
15	15754	1	
15	17291	1	
15	10641	1	
15	4502	1	
15	3992	1	
15	21319	1	
15	9645	1	
15	2990	1	
15	15794	1	
15	16308	1	
15	22464	1	
15	7397	1	
15	7110	1	
15	21968	1	
15	14289	1	
15	12760	1	
15	18907	1	
15	1501	1	
15	19939	1	
15	17892	1	
15	7655	1	
15	15338	1	
15	3061	1	
15	1532	1	
15	12799	1	
16	12288	1	
16	5504	1	
16	15874	1	
16	4231	1	
16	16649	1	
16	14475	1	
16	16012	1	
16	5005	1	
16	3636	1	
16	22032	1	
16	9873	1	
16	11449	1	
16	21295	1	
16	11496	2	
16	8606	1	
16	7455	1	
16	7584	1	
16	9122	1	
16	20260	1	
16	8229	1	
16	4263	1	
16	6826	1	
16	16811	1	
16	12716	1	
16	18162	1	
16	5551	1	
16	6833	1	
16	16434	1	
16	19124	1	
16	16684	1	
16	16694	1	
16	5815	1	
16	11832	1	
16	1593	1	
16	11855	1	
16	18975	1	
16	4668	1	
16	4496	1	
16	20384	1	
16	962	1	
16	15499	1	
16	20165	1	
16	21958	1	
16	13127	2	
16	20168	1	
16	8887	1	
16	12663	1	
16	12333	1	
16	15567	1	
16	10320	1	
16	15864	1	
16	8275	1	
16	19285	1	
16	8236	1	
16	13113	1	
16	7897	1	
16	474	1	
16	18267	1	
16	698	1	
16	22369	1	
16	15971	1	
16	15976	1	
16	8041	1	
16	14495	1	
16	17135	1	
16	11760	2	
16	21617	1	
16	9074	2	
16	2387	1	
16	21364	1	
16	246	1	
16	503	1	
16	12852	1	
16	13984	1	
16	15402	1	
16	1918	1	
17	15874	1	
17	19460	1	
17	16367	1	
17	17424	2	
17	19478	1	
17	19479	1	
17	13316	2	
17	15903	1	
17	16049	2	
17	11817	1	
17	3629	1	
17	12852	1	
17	7224	1	
17	4668	1	
17	15425	1	
17	11846	1	
17	588	3	
17	11855	1	
17	21586	1	
17	7764	1	
17	7768	1	
17	93	1	
17	7782	1	
17	22119	1	
17	10857	1	
17	7783	1	
17	13933	1	
17	10862	1	
17	14448	1	
17	10867	1	
17	5748	1	
17	5993	1	
17	15994	1	
17	4219	1	
17	703	1	
17	15486	1	
17	277	1	
17	13452	1	
17	13969	1	
17	13763	1	
17	6824	1	
17	6826	2	
17	10927	1	
17	20168	3	
17	19124	3	
17	10938	1	
17	21962	1	
17	2239	1	
17	12481	1	
17	20165	2	
17	18632	5	
17	13514	1	
17	14032	1	
17	14033	2	
17	5331	2	
17	7897	1	
17	7396	1	
17	8421	2	
17	11496	3	
17	22008	1	
17	22262	1	
17	18174	1	
17	19718	1	
17	20234	1	
17	20235	1	
17	4364	3	
17	20237	1	
17	11821	1	
17	1813	1	
17	17688	1	
17	281	1	
17	6938	1	
17	11040	1	
17	21295	2	
17	8502	1	
17	20794	2	
17	16701	1	
17	15166	1	
17	6464	1	
17	12625	2	
17	14677	5	
17	9047	1	
17	18267	1	
17	22369	1	
17	20329	1	
17	19943	1	
17	9069	2	
17	6511	1	
17	12656	1	
17	5352	1	
17	9074	1	
17	12659	1	
17	14709	1	
17	21878	1	
17	1918	1	
17	8063	1	
17	5504	2	
17	698	1	
17	16774	1	
17	7559	1	
17	7564	1	
17	4496	6	
17	8602	1	
17	8603	1	
17	4509	1	
17	20384	2	
17	21409	1	
17	420	1	
17	1445	1	
17	11692	1	
17	7600	1	
17	8626	1	
17	8636	1	
17	1984	1	
17	11714	1	
17	4547	1	
17	21957	1	
17	15818	1	
17	17360	1	
17	8184	1	
17	7634	2	
17	14807	1	
17	21841	1	
17	12779	1	
17	15855	1	
17	4296	1	
17	11762	1	
17	3060	1	
17	20472	1	
17	11771	1	
17	6652	1	
18	5632	1	
18	9729	1	
18	13316	1	
18	15532	1	
18	1546	1	
18	19480	1	
18	18460	2	
18	11817	1	
18	11821	1	
18	12343	1	
18	4668	1	
18	12351	2	
18	12352	7	
18	12354	2	
18	8778	1	
18	1099	1	
18	588	1	
18	13901	1	
18	21586	1	
18	7767	1	
18	3171	1	
18	10854	1	
18	3176	1	
18	10857	1	
18	13937	1	
18	1650	1	
18	1651	1	
18	5993	3	
18	17016	1	
18	14969	1	
18	5764	1	
18	19589	2	
18	13969	2	
18	6290	1	
18	6809	2	
18	14492	1	
18	14493	1	
18	12446	1	
18	6000	1	
18	13986	1	
18	4263	1	
18	6824	1	
18	6826	1	
18	17067	2	
18	2220	1	
18	6770	1	
18	21679	1	
18	16049	3	
18	19124	3	
18	3258	1	
18	10939	1	
18	7870	1	
18	703	1	
18	10436	1	
18	20165	1	
18	18632	4	
18	9417	1	
18	17015	1	
18	14032	1	
18	22232	2	
18	5337	1	
18	22234	2	
18	15579	1	
18	4831	2	
18	10976	1	
18	7905	1	
18	18148	1	
18	11496	4	
18	6377	3	
18	18154	1	
18	22252	1	
18	10996	1	
18	2812	1	
18	18686	1	
18	14081	1	
18	4364	2	
18	13069	2	
18	6414	1	
18	7952	1	
18	11992	1	
18	18706	1	
18	13444	1	
18	6940	1	
18	8989	1	
18	10530	1	
18	5929	1	
18	18222	1	
18	21295	2	
18	7477	1	
18	2873	1	
18	6464	1	
18	18144	1	
18	7563	1	
18	22340	1	
18	20813	1	
18	12625	6	
18	10066	1	
18	2387	1	
18	11604	1	
18	14677	6	
18	857	1	
18	14176	1	
18	7523	1	
18	3217	2	
18	11113	1	
18	4330	1	
18	15216	1	
18	7537	1	
18	16242	1	
18	1909	1	
18	1910	1	
18	375	1	
18	893	1	
18	17790	1	
18	5504	3	
18	8512	1	
18	14725	1	
18	11244	1	
18	4491	1	
18	10638	1	
18	4496	2	
18	15854	1	
18	7579	1	
18	15266	1	
18	18851	1	
18	420	1	
18	18862	1	
18	15279	1	
18	11708	1	
18	22464	1	
18	21957	1	
18	21961	2	
18	9167	1	
18	7633	1	
18	7637	1	
18	7638	1	
18	15268	1	
18	10206	2	
18	19938	1	
18	19943	1	
18	15849	1	
18	20168	2	
18	11858	1	
18	16366	1	
18	4601	2	
18	11771	1	
18	6652	2	
18	8702	1	
19	15874	2	
19	19460	3	
19	12805	1	
19	16902	1	
19	17068	1	
19	13834	2	
19	13838	1	
19	17424	2	
19	19476	3	
19	8156	1	
19	19478	1	
19	19479	1	
19	13849	1	
19	6685	1	
19	10783	1	
19	4128	1	
19	16417	1	
19	18141	1	
19	16419	1	
19	15913	1	
19	15402	1	
19	8236	1	
19	10797	1	
19	13360	1	
19	18482	1	
19	4668	9	
19	11837	1	
19	12352	3	
19	11841	2	
19	19523	1	
19	11817	1	
19	11846	1	
19	2632	1	
19	18505	1	
19	588	4	
19	18510	1	
19	591	1	
19	6464	6	
19	21586	2	
19	10836	1	
19	7765	2	
19	9816	1	
19	603	1	
19	8797	1	
19	18528	1	
19	10854	2	
19	22119	1	
19	10857	6	
19	10862	1	
19	625	1	
19	1650	1	
19	10867	1	
19	1141	1	
19	3702	1	
19	5993	1	
19	10360	1	
19	5246	1	
19	13442	3	
19	19588	1	
19	6337	1	
19	12937	1	
19	16010	1	
19	2704	1	
19	15128	1	
19	658	1	
19	4756	1	
19	10436	1	
19	13979	1	
19	16030	1	
19	17569	1	
19	5285	1	
19	6824	1	
19	6826	2	
19	4779	1	
19	15532	1	
19	9901	2	
19	15534	1	
19	17071	1	
19	16049	5	
19	17075	1	
19	19124	4	
19	8376	1	
19	698	1	
19	20155	3	
19	15036	1	
19	19133	1	
19	703	1	
19	22209	1	
19	18628	1	
19	20165	1	
19	20429	1	
19	20167	1	
19	18632	9	
19	16588	2	
19	13514	1	
19	1227	1	
19	22220	1	
19	719	1	
19	14032	1	
19	5841	1	
19	11478	1	
19	5337	1	
19	3290	1	
19	15580	1	
19	7901	2	
19	7903	1	
19	7392	1	
19	8553	1	
19	17127	1	
19	11496	9	
19	12010	1	
19	22252	1	
19	18162	1	
19	20723	1	
19	22262	1	
19	5929	2	
19	17148	1	
19	18174	1	
19	14081	1	
19	7938	1	
19	299	1	
19	4868	1	
19	20230	1	
19	19720	1	
19	16649	1	
19	20235	1	
19	4364	3	
19	20237	1	
19	3629	1	
19	14978	1	
19	18200	1	
19	12570	1	
19	798	1	
19	20256	1	
19	8892	2	
19	5926	1	
19	5927	1	
19	6441	1	
19	16683	1	
19	12076	1	
19	21295	3	
19	5936	1	
19	7476	2	
19	16701	1	
19	8502	2	
19	21305	1	
19	20794	2	
19	4831	1	
19	20284	1	
19	7306	1	
19	15166	1	
19	821	1	
19	17216	1	
19	833	1	
19	20803	1	
19	22340	1	
19	8518	1	
19	13127	1	
19	8012	1	
19	20813	1	
19	20303	1	
19	15184	1	
19	12625	2	
19	2387	1	
19	14677	10	
19	22364	1	
19	22416	1	
19	7520	2	
19	22369	2	
19	500	1	
19	19814	1	
19	20329	1	
19	7019	1	
19	9069	1	
19	14703	1	
19	7536	1	
19	7537	3	
19	9074	1	
19	12659	1	
19	14709	1	
19	16758	1	
19	11708	1	
19	1405	1	
19	5504	2	
19	21889	1	
19	16772	2	
19	16774	1	
19	15751	1	
19	13704	1	
19	4491	1	
19	7564	1	
19	4496	8	
19	20882	1	
19	15763	1	
19	4500	1	
19	9621	1	
19	3479	1	
19	21912	1	
19	1945	1	
19	8602	2	
19	13723	1	
19	4509	1	
19	15774	1	
19	7237	1	
19	21408	1	
19	9122	1	
19	8603	1	
19	11692	1	
19	7635	1	
19	15279	1	
19	20168	2	
19	18865	1	
19	1459	1	
19	12446	1	
19	10679	1	
19	20468	1	
19	1467	1	
19	8636	2	
19	12734	1	
19	22464	4	
19	16833	1	
19	11714	3	
19	21957	1	
19	15432	1	
19	8141	1	
19	9167	2	
19	22008	1	
19	19411	1	
19	16195	1	
19	11855	1	
19	7559	1	
19	3408	1	
19	8684	1	
19	11760	1	
19	11762	1	
19	3060	1	
19	16373	2	
19	502	1	
19	8184	2	
20	12288	1	
20	13316	1	
20	4623	1	
20	17424	1	
20	11292	1	
20	22557	1	
20	2078	1	
20	10783	1	
20	2080	1	
20	7718	1	
20	3627	1	
20	1068	1	
20	1074	1	
20	3636	1	
20	4668	4	
20	4670	1	
20	12352	3	
20	12354	1	
20	15432	1	
20	18505	1	
20	15434	2	
20	588	1	
20	13113	1	
20	12369	1	
20	11858	1	
20	7767	1	
20	15448	2	
20	1626	2	
20	7771	1	
20	22032	1	
20	15971	1	
20	8636	1	
20	16592	1	
20	3711	1	
20	13969	1	
20	20626	1	
20	3227	1	
20	12446	1	
20	20642	2	
20	15217	1	
20	6826	5	
20	17067	1	
20	9901	1	
20	16049	4	
20	19124	5	
20	698	2	
20	19133	1	
20	18628	1	
20	20165	2	
20	6342	1	
20	18632	9	
20	18633	1	
20	13514	1	
20	719	2	
20	14032	1	
20	5331	1	
20	5332	1	
20	22232	3	
20	7897	1	
20	18140	1	
20	7901	1	
20	14047	1	
20	10977	1	
20	22245	1	
20	7399	1	
20	11496	4	
20	5353	1	
20	15096	1	
20	14596	1	
20	16650	1	
20	4364	3	
20	13069	1	
20	17688	1	
20	21295	3	
20	10525	1	
20	7455	1	
20	18208	1	
20	17185	1	
20	1827	1	
20	7460	1	
20	7471	1	
20	8502	2	
20	21305	1	
20	6464	1	
20	4418	1	
20	16197	1	
20	8012	3	
20	15184	1	
20	12625	2	
20	14677	2	
20	855	1	
20	18267	10	
20	16223	1	
20	22369	2	
20	8550	1	
20	9069	1	
20	7537	1	
20	7241	1	
20	20343	2	
20	1918	2	
20	9600	2	
20	15754	1	
20	7563	1	
20	4496	9	
20	20114	1	
20	19363	1	
20	10679	2	
20	11193	1	
20	11708	1	
20	21949	1	
20	17854	1	
20	21957	4	
20	7633	1	
20	6106	1	
20	5352	1	
20	13979	3	
20	16758	1	
20	20168	2	
20	16367	1	
20	11760	1	
20	503	1	
20	15864	2	
20	6652	1	
21	15874	1	
21	19460	2	
21	7686	1	
21	9223	1	
21	18952	1	
21	11436	1	
21	4623	1	
21	17424	1	
21	15532	1	
21	13844	1	
21	18862	1	
21	3588	2	
21	17435	1	
21	22557	1	
21	15903	1	
21	16417	1	
21	3621	1	
21	1063	1	
21	8236	2	
21	3629	1	
21	20232	1	
21	1074	1	
21	11832	1	
21	22585	2	
21	572	1	
21	13887	1	
21	12352	2	
21	7776	1	
21	10818	1	
21	15627	1	
21	13892	1	
21	588	3	
21	21586	1	
21	18005	1	
21	15448	1	
21	89	2	
21	13914	1	
21	11870	1	
21	18528	2	
21	7777	1	
21	15279	1	
21	12391	1	
21	18108	1	
21	22119	1	
21	13937	1	
21	6260	1	
21	20329	1	
21	6264	1	
21	5246	1	
21	20095	1	
21	14978	1	
21	15491	1	
21	13445	1	
21	11398	1	
21	7306	1	
21	14475	1	
21	7313	1	
21	6809	1	
21	14492	1	
21	602	1	
21	19621	1	
21	11431	1	
21	22188	1	
21	18632	4	
21	16051	1	
21	19124	1	
21	4284	1	
21	19133	4	
21	9918	1	
21	703	1	
21	16064	1	
21	22210	1	
21	20165	1	
21	20168	5	
21	18633	3	
21	13516	1	
21	719	1	
21	5332	1	
21	19671	2	
21	22232	2	
21	22234	1	
21	11471	1	
21	19493	1	
21	10464	3	
21	4321	1	
21	7397	1	
21	6375	1	
21	11496	2	
21	22252	1	
21	12013	1	
21	12529	1	
21	18162	2	
21	20723	1	
21	15096	1	
21	17108	1	
21	2812	1	
21	18686	1	
21	14592	1	
21	770	1	
21	4868	2	
21	14088	1	
21	2825	1	
21	20234	1	
21	267	1	
21	4364	1	
21	20237	1	
21	5993	1	
21	7952	2	
21	4886	1	
21	15128	1	
21	19737	1	
21	20762	1	
21	797	3	
21	12575	1	
21	17698	1	
21	7463	1	
21	21295	2	
21	1844	1	
21	9527	1	
21	2873	1	
21	21642	1	
21	4414	1	
21	1855	1	
21	320	1	
21	3396	1	
21	7497	1	
21	20303	1	
21	12625	2	
21	14677	1	
21	21305	2	
21	18267	1	
21	22368	1	
21	22369	2	
21	13884	1	
21	5994	1	
21	9069	1	
21	9065	1	
21	2416	1	
21	9074	4	
21	373	1	
21	12151	1	
21	1405	1	
21	1918	1	
21	9600	1	
21	14725	2	
21	1415	1	
21	7560	1	
21	15754	5	
21	1420	2	
21	4496	5	
21	408	1	
21	11672	1	
21	13723	1	
21	20384	3	
21	15266	2	
21	16302	1	
21	5551	1	
21	4019	1	
21	19900	1	
21	1469	1	
21	12734	1	
21	22464	2	
21	13255	1	
21	21961	1	
21	13772	1	
21	9169	2	
21	2003	1	
21	9684	1	
21	9687	1	
21	11737	1	
21	10205	1	
21	10206	1	
21	19938	1	
21	10728	1	
21	12778	1	
21	15856	2	
21	3060	1	
21	8184	1	
21	11771	1	
21	15869	1	
22	9729	1	
22	15874	2	
22	3588	2	
22	5638	1	
22	14081	1	
22	19464	1	
22	5643	1	
22	21874	1	
22	13229	1	
22	17424	1	
22	12306	2	
22	13851	1	
22	22557	2	
22	18975	1	
22	1576	1	
22	11817	1	
22	1578	1	
22	1067	1	
22	22572	1	
22	7218	1	
22	3636	2	
22	12341	2	
22	12343	1	
22	9873	1	
22	22585	3	
22	21330	1	
22	2314	1	
22	12350	2	
22	13887	2	
22	22369	1	
22	15948	1	
22	20794	1	
22	12878	3	
22	593	1	
22	21586	2	
22	19967	1	
22	602	2	
22	10540	1	
22	22032	2	
22	15971	1	
22	12390	1	
22	9831	2	
22	10857	1	
22	18540	1	
22	10862	1	
22	5232	1	
22	6770	1	
22	4030	1	
22	5993	1	
22	13950	1	
22	16661	1	
22	19588	1	
22	13445	1	
22	21642	5	
22	13451	2	
22	13452	1	
22	18185	1	
22	12944	1	
22	3217	2	
22	13970	2	
22	6083	1	
22	9876	2	
22	13979	1	
22	5790	1	
22	5791	1	
22	15814	1	
22	4263	1	
22	7850	1	
22	11436	1	
22	9901	1	
22	15534	1	
22	8989	1	
22	20168	5	
22	19124	1	
22	13969	1	
22	15903	1	
22	8892	1	
22	19133	5	
22	10943	1	
22	14016	2	
22	14530	1	
22	2243	1	
22	11461	1	
22	21702	2	
22	7880	1	
22	13516	1	
22	5838	2	
22	16333	1	
22	10452	1	
22	21710	1	
22	19671	1	
22	18140	2	
22	13885	1	
22	13022	1	
22	4831	1	
22	10464	4	
22	10192	1	
22	2427	1	
22	18148	1	
22	8421	2	
22	13030	1	
22	10193	1	
22	5352	1	
22	15593	1	
22	21228	1	
22	12013	1	
22	20722	2	
22	1918	2	
22	3060	1	
22	8064	1	
22	14595	1	
22	2309	1	
22	7942	1	
22	19208	1	
22	2825	1	
22	20234	3	
22	18818	1	
22	554	1	
22	17681	1	
22	6419	2	
22	2325	1	
22	19736	1	
22	797	2	
22	18212	1	
22	20774	2	
22	3880	1	
22	12076	1	
22	1074	1	
22	18222	1	
22	17202	1	
22	3894	1	
22	21305	5	
22	10554	1	
22	10976	1	
22	17206	1	
22	6982	2	
22	17225	1	
22	6988	1	
22	9038	1	
22	1068	1	
22	22354	1	
22	14677	1	
22	11096	1	
22	1764	1	
22	18267	1	
22	861	2	
22	19295	1	
22	22368	1	
22	2704	1	
22	15204	2	
22	3943	1	
22	9577	1	
22	8043	1	
22	9069	5	
22	6511	1	
22	7537	1	
22	9074	5	
22	3955	2	
22	7540	1	
22	13174	1	
22	12151	2	
22	8568	1	
22	12153	1	
22	3963	1	
22	17266	1	
22	3966	1	
22	13184	1	
22	13697	1	
22	13186	2	
22	1415	1	
22	7563	1	
22	1420	1	
22	11662	1	
22	13293	1	
22	4496	2	
22	20882	1	
22	7571	1	
22	10644	1	
22	917	2	
22	10646	1	
22	17818	1	
22	8603	1	
22	17308	1	
22	7582	2	
22	5445	1	
22	7584	2	
22	15266	2	
22	19364	1	
22	21927	2	
22	15273	1	
22	4011	2	
22	16301	1	
22	16814	2	
22	12852	1	
22	500	1	
22	13755	1	
22	3517	1	
22	12734	1	
22	13759	2	
22	22464	2	
22	16833	2	
22	16835	1	
22	19398	1	
22	4555	1	
22	15820	1	
22	17357	1	
22	14800	1	
22	7633	1	
22	7568	1	
22	7637	1	
22	20303	1	
22	19938	1	
22	1019	1	
22	4193	1	
22	5097	1	
22	12778	1	
22	3563	1	
22	11858	1	
22	494	1	
22	11760	1	
22	3572	1	
22	502	1	
22	4599	1	
22	7160	1	
22	11771	5	
22	6652	1	
22	11605	1	
23	8705	1	
23	1538	1	
23	16901	1	
23	15532	1	
23	7690	1	
23	4433	1	
23	22032	5	
23	1554	2	
23	20227	1	
23	12825	1	
23	2586	1	
23	15903	2	
23	1568	1	
23	17840	1	
23	11151	1	
23	19718	3	
23	6695	1	
23	12329	1	
23	22571	1	
23	8236	1	
23	3629	1	
23	16430	3	
23	16431	1	
23	1074	1	
23	12341	1	
23	5687	1	
23	11832	1	
23	20234	1	
23	6651	1	
23	12354	1	
23	21586	1	
23	10821	1	
23	18503	1	
23	15432	2	
23	16972	2	
23	9293	1	
23	12878	2	
23	12880	1	
23	17490	4	
23	15444	1	
23	12670	1	
23	4694	2	
23	4695	1	
23	7771	1	
23	6331	1	
23	19556	1	
23	7785	1	
23	21613	1	
23	12910	1	
23	14448	1	
23	16882	1	
23	13428	1	
23	3702	1	
23	7481	1	
23	633	1	
23	15994	1	
23	3197	1	
23	13438	1	
23	642	1	
23	6787	1	
23	13444	1	
23	13445	4	
23	6791	1	
23	6792	1	
23	21642	2	
23	1163	2	
23	13452	1	
23	2704	1	
23	17041	1	
23	10900	1	
23	12446	2	
23	4293	1	
23	10403	1	
23	17576	1	
23	10410	1	
23	22188	1	
23	17070	2	
23	21679	1	
23	4276	2	
23	4744	1	
23	8379	1	
23	19133	6	
23	14016	1	
23	16075	1	
23	9924	1	
23	20165	1	
23	20167	3	
23	20168	2	
23	12151	1	
23	13516	1	
23	4304	1	
23	4818	1	
23	11988	1	
23	17657	1	
23	22234	1	
23	7089	2	
23	15266	4	
23	8421	1	
23	5351	1	
23	7400	1	
23	10500	1	
23	22252	1	
23	7408	2	
23	5416	1	
23	1798	1	
23	17141	1	
23	15096	1	
23	7380	1	
23	11135	1	
23	17671	1	
23	8449	2	
23	2310	2	
23	16131	2	
23	4868	1	
23	20742	1	
23	7943	1	
23	14088	1	
23	17162	1	
23	4364	6	
23	5390	1	
23	19733	1	
23	5400	1	
23	19588	1	
23	17185	1	
23	16677	1	
23	5425	1	
23	10024	1	
23	11134	4	
23	13611	1	
23	16177	1	
23	17206	1	
23	13113	1	
23	20794	1	
23	4417	1	
23	8514	1	
23	22340	1	
23	18759	1	
23	9033	1	
23	12343	1	
23	21305	3	
23	4432	1	
23	12625	5	
23	2387	1	
23	11604	1	
23	14677	1	
23	21334	1	
23	12089	1	
23	2394	2	
23	18267	3	
23	5433	1	
23	22369	2	
23	7010	1	
23	15205	1	
23	20329	1	
23	15210	1	
23	13293	1	
23	9069	3	
23	11632	1	
23	13681	1	
23	11122	1	
23	20343	1	
23	16226	1	
23	8062	1	
23	7039	1	
23	13697	1	
23	13186	1	
23	8579	1	
23	6020	1	
23	15754	1	
23	909	1	
23	18831	1	
23	4496	4	
23	409	1	
23	4506	1	
23	13723	1	
23	12663	2	
23	4509	3	
23	15774	1	
23	20384	2	
23	5537	1	
23	9122	1	
23	19364	1	
23	15273	2	
23	10154	2	
23	12716	1	
23	5618	1	
23	18862	1	
23	431	1	
23	7088	1	
23	18865	1	
23	1459	1	
23	13129	1	
23	11192	1	
23	10681	1	
23	22464	3	
23	11714	1	
23	13763	1	
23	18886	1	
23	17313	1	
23	15817	3	
23	12746	1	
23	15820	1	
23	16333	1	
23	9167	1	
23	7634	1	
23	9684	1	
23	13781	1	
23	7638	1	
23	8663	1	
23	493	1	
23	10206	1	
23	14306	2	
23	15855	1	
23	12360	1	
23	15185	2	
23	8684	1	
23	10221	1	
23	3055	2	
23	7664	1	
23	20648	1	
23	3058	1	
23	17395	1	
23	502	1	
23	5623	1	
23	2552	1	
23	8532	1	
23	11771	1	
23	6652	1	
24	12288	1	
24	1538	1	
24	19460	1	
24	20997	1	
24	7686	1	
24	13832	1	
24	7690	1	
24	22032	3	
24	1554	1	
24	2394	2	
24	15903	2	
24	21295	1	
24	11298	1	
24	12329	1	
24	17451	1	
24	12333	1	
24	7730	1	
24	12852	2	
24	6713	1	
24	6715	1	
24	14399	1	
24	21586	2	
24	12870	1	
24	12360	1	
24	2634	1	
24	587	1	
24	17996	1	
24	6733	1	
24	12878	2	
24	6925	1	
24	17490	2	
24	17494	1	
24	1944	1	
24	18528	1	
24	13418	1	
24	21613	1	
24	21103	1	
24	1140	1	
24	633	1	
24	13435	1	
24	3711	1	
24	4032	1	
24	14469	1	
24	3217	1	
24	2706	2	
24	6809	2	
24	4438	1	
24	17576	2	
24	17577	2	
24	11434	1	
24	4267	1	
24	7854	1	
24	3759	1	
24	22198	1	
24	22200	1	
24	6329	1	
24	20155	1	
24	19133	1	
24	4289	1	
24	20167	1	
24	20343	1	
24	20686	1	
24	1743	1	
24	22232	1	
24	14046	1	
24	10975	1	
24	20194	1	
24	22252	1	
24	16120	2	
24	3321	1	
24	22571	1	
24	4868	3	
24	1798	1	
24	17671	1	
24	14088	2	
24	20234	1	
24	4364	3	
24	13069	1	
24	5390	1	
24	15128	1	
24	7451	1	
24	4381	1	
24	7455	1	
24	11555	1	
24	20774	1	
24	7463	1	
24	2344	1	
24	20269	1	
24	5935	1	
24	1076	1	
24	13129	2	
24	3915	1	
24	8012	1	
24	8013	1	
24	12625	2	
24	11603	1	
24	7508	1	
24	15190	1	
24	857	1	
24	13658	1	
24	861	1	
24	15710	1	
24	22368	2	
24	22369	1	
24	7010	1	
24	7527	1	
24	13293	1	
24	9069	2	
24	15222	1	
24	12663	1	
24	16175	1	
24	748	1	
24	3978	1	
24	7055	1	
24	4497	1	
24	3992	2	
24	22418	2	
24	9111	1	
24	11672	1	
24	1092	1	
24	4508	1	
24	4509	1	
24	15266	3	
24	15268	1	
24	9125	1	
24	4011	1	
24	4014	1	
24	15279	1	
24	16308	2	
24	21430	1	
24	1464	1	
24	16828	1	
24	8778	1	
24	22464	3	
24	19397	1	
24	13255	1	
24	9171	2	
24	11733	1	
24	14306	2	
24	15850	1	
24	8683	1	
24	2541	1	
24	3055	1	
24	7669	1	
24	20649	1	
24	8184	1	
24	15869	1	
25	12288	1	
25	1410	1	
25	7684	1	
25	3975	2	
25	18185	3	
25	1167	2	
25	1168	1	
25	17170	1	
25	22551	7	
25	281	3	
25	7069	2	
25	16030	1	
25	15903	4	
25	17312	1	
25	15393	1	
25	16035	1	
25	18852	1	
25	4263	1	
25	16519	1	
25	8236	1	
25	11821	1	
25	8238	5	
25	12360	1	
25	11444	2	
25	5301	1	
25	19126	1	
25	3977	1	
25	5816	1	
25	11449	3	
25	2747	1	
25	16834	2	
25	15432	3	
25	8778	1	
25	20686	5	
25	20303	1	
25	248	2	
25	21586	1	
25	18005	1	
25	2063	2	
25	10972	1	
25	96	4	
25	97	1	
25	19131	1	
25	1380	1	
25	16998	2	
25	873	2	
25	16363	2	
25	9069	1	
25	16367	1	
25	7409	1	
25	5623	1	
25	10360	1	
25	5881	1	
25	8187	1	
26	16513	1	
26	1410	1	
26	7684	2	
26	16519	1	
26	2063	2	
26	3758	1	
26	22551	3	
26	281	1	
26	16030	1	
26	15903	3	
26	20384	1	
26	15393	1	
26	16035	1	
26	3975	1	
26	8236	1	
26	11821	2	
26	8238	3	
26	21424	1	
26	12360	1	
26	11444	1	
26	5301	3	
26	11449	1	
26	16834	1	
26	15432	3	
26	15566	1	
26	20303	1	
26	248	1	
26	20686	1	
26	603	1	
26	10972	2	
26	18528	1	
26	97	1	
26	873	1	
26	1167	2	
26	7409	1	
26	10360	2	
27	12288	1	
27	7684	1	
27	14725	1	
27	8013	1	
27	13961	1	
27	20234	1	
27	4364	1	
27	4546	1	
27	19598	1	
27	1167	2	
27	18004	1	
27	3978	1	
27	10644	1	
27	16430	1	
27	22551	1	
27	18200	1	
27	19716	1	
27	21103	1	
27	11292	1	
27	8989	1	
27	20639	1	
27	20384	1	
27	16035	1	
27	3621	1	
27	17229	1	
27	11815	1	
27	10408	1	
27	9645	1	
27	8238	1	
27	14493	1	
27	5448	1	
27	21692	1	
27	19126	1	
27	8892	1	
27	16661	1	
27	17339	1	
27	3260	1	
27	1469	1	
27	12481	1	
27	16834	1	
27	15432	2	
27	15565	1	
27	20686	1	
27	20303	1	
27	21202	1	
27	8532	1	
27	18005	2	
27	4438	1	
27	18393	1	
27	19599	1	
27	10206	1	
27	96	1	
27	22032	1	
27	17312	1	
27	19993	1	
27	16998	2	
27	10985	1	
27	12010	1	
27	5867	1	
27	17004	1	
27	13679	1	
27	11760	1	
27	7409	1	
27	13428	1	
27	12670	1	
27	503	1	
27	10580	1	
27	15227	1	
27	1918	1	
27	20095	1	
28	7683	1	
28	18948	1	
28	7690	1	
28	13838	1	
28	22032	2	
28	10263	1	
28	4868	1	
28	1564	1	
28	22557	1	
28	22030	1	
28	15903	2	
28	19035	1	
28	3621	1	
28	1578	1	
28	1067	1	
28	6531	2	
28	16430	1	
28	16431	1	
28	7216	1	
28	1074	2	
28	12341	1	
28	11832	1	
28	1092	1	
28	7752	1	
28	585	1	
28	17485	1	
28	15438	2	
28	10321	1	
28	15808	1	
28	18005	3	
28	3674	1	
28	12891	2	
28	8797	1	
28	15459	1	
28	9316	1	
28	16998	2	
28	22119	1	
28	13418	1	
28	622	1	
28	13937	1	
28	21619	1	
28	13428	2	
28	6773	1	
28	6263	1	
28	633	1	
28	16831	1	
28	9152	1	
28	6786	1	
28	20103	2	
28	1163	1	
28	21647	1	
28	17041	1	
28	2709	1	
28	14492	1	
28	10407	1	
28	17066	1	
28	10985	1	
28	22188	1	
28	12471	2	
28	22200	1	
28	683	1	
28	2747	1	
28	21692	1	
28	19133	2	
28	19140	1	
28	20167	2	
28	9247	1	
28	11979	2	
28	4818	2	
28	3796	1	
28	20694	1	
28	9434	2	
28	3803	1	
28	10975	1	
28	10467	1	
28	14053	1	
28	745	1	
28	22252	1	
28	19184	2	
28	1269	1	
28	11511	1	
28	15097	1	
28	15102	1	
28	21973	1	
28	14592	1	
28	8449	1	
28	6402	1	
28	10499	2	
28	19716	1	
28	1798	1	
28	16135	1	
28	18185	1	
28	4364	1	
28	10515	1	
28	21781	1	
28	21782	3	
28	18209	1	
28	16677	1	
28	19238	1	
28	18215	1	
28	20265	1	
28	16434	1	
28	7471	1	
28	1844	1	
28	13113	1	
28	14653	1	
28	7999	1	
28	6464	2	
28	8514	1	
28	20291	1	
28	6982	1	
28	8012	1	
28	20303	1	
28	13649	1	
28	15701	1	
28	4438	1	
28	5433	1	
28	3215	1	
28	3936	1	
28	7527	1	
28	11113	1	
28	9069	1	
28	9583	1	
28	20343	1	
28	21482	1	
28	8579	2	
28	9093	1	
28	4486	1	
28	16775	1	
28	22421	1	
28	3991	1	
28	4509	3	
28	4000	1	
28	13730	1	
28	11684	3	
28	18853	1	
28	15279	1	
28	15432	1	
28	16308	1	
28	15800	1	
28	19900	1	
28	11710	1	
28	22463	1	
28	22464	4	
28	20384	1	
28	19396	1	
28	13255	1	
28	15266	1	
28	9167	2	
28	3536	1	
28	13781	1	
28	4056	1	
28	10206	1	
28	18911	1	
28	14306	1	
28	15849	1	
28	7637	1	
28	11760	1	
28	3058	1	
28	9716	1	
28	18686	3	
28	15868	1	
28	6741	1	
29	19456	1	
29	19460	1	
29	17424	1	
29	22557	1	
29	15903	8	
29	21295	1	
29	22571	1	
29	3629	1	
29	16430	1	
29	12336	1	
29	7217	1	
29	1074	1	
29	14016	1	
29	1086	1	
29	9791	2	
29	4678	1	
29	2632	1	
29	585	2	
29	15948	1	
29	8782	1	
29	15951	1	
29	9809	1	
29	21586	1	
29	6741	1	
29	603	4	
29	18013	1	
29	19039	1	
29	18016	2	
29	3169	1	
29	15971	2	
29	7780	1	
29	18022	1	
29	7785	2	
29	21617	1	
29	15808	1	
29	7797	1	
29	6265	2	
29	15486	1	
29	3264	1	
29	20098	1	
29	5764	2	
29	16019	1	
29	15508	1	
29	15512	1	
29	16030	1	
29	13937	1	
29	680	1	
29	10410	1	
29	17242	1	
29	12471	1	
29	15548	1	
29	19133	2	
29	21696	1	
29	2243	1	
29	20167	1	
29	8908	1	
29	13516	1	
29	20686	1	
29	17107	1	
29	10453	1	
29	22234	2	
29	16092	1	
29	15583	1	
29	10464	1	
29	9446	1	
29	4049	2	
29	9171	1	
29	10996	1	
29	11511	1	
29	13572	1	
29	14088	4	
29	4364	2	
29	12625	2	
29	15119	2	
29	7952	1	
29	13073	1	
29	10515	1	
29	7451	1	
29	8988	1	
29	18209	1	
29	6947	1	
29	18212	3	
29	7463	3	
29	17706	1	
29	17707	1	
29	10205	2	
29	2355	1	
29	10553	1	
29	4417	1	
29	22464	1	
29	18759	1	
29	20809	1	
29	19787	1	
29	21841	1	
29	14677	2	
29	21334	1	
29	6489	1	
29	4442	1	
29	18267	2	
29	15709	1	
29	15713	1	
29	12007	1	
29	9069	1	
29	21870	1	
29	15216	1	
29	6514	1	
29	20343	2	
29	15225	1	
29	11708	1	
29	20357	1	
29	15754	1	
29	2394	1	
29	4498	1	
29	11672	2	
29	22340	1	
29	17312	1	
29	9121	1	
29	15266	3	
29	18851	1	
29	11684	3	
29	15781	1	
29	4011	1	
29	9644	2	
29	7600	1	
29	435	1	
29	13129	1	
29	1464	1	
29	10684	1	
29	16832	2	
29	20418	1	
29	13255	2	
29	15818	1	
29	11723	1	
29	13772	1	
29	8141	1	
29	9167	3	
29	9169	2	
29	2003	2	
29	7637	1	
29	591	1	
29	5085	1	
29	10206	1	
29	9637	1	
29	14304	1	
29	7138	1	
29	15185	2	
29	7148	1	
29	7663	1	
29	5618	1	
29	1525	1	
29	17400	1	
29	11771	1	
29	18940	2	
29	15359	2	
30	8705	1	
30	86	1	
30	7688	2	
30	7694	1	
30	1556	1	
30	18862	1	
30	22551	3	
30	21528	1	
30	22044	1	
30	22557	1	
30	9247	1	
30	4647	1	
30	3629	1	
30	3641	1	
30	13884	1	
30	13888	4	
30	66	1	
30	1094	1	
30	12360	1	
30	76	1	
30	15438	1	
30	21586	1	
30	17494	1	
30	15448	1	
30	11870	1	
30	96	1	
30	7778	1	
30	19131	1	
30	7780	1	
30	16998	1	
30	1639	1	
30	6760	2	
30	17596	1	
30	11887	1	
30	13937	1	
30	9331	2	
30	633	1	
30	19900	2	
30	6269	1	
30	5246	1	
30	13445	1	
30	18056	1	
30	13963	1	
30	9873	1	
30	19607	1	
30	5231	1	
30	11461	1	
30	18080	1	
30	10401	1	
30	10407	1	
30	22188	2	
30	14509	1	
30	22198	1	
30	12471	1	
30	6331	2	
30	21692	1	
30	19133	2	
30	13502	1	
30	20165	1	
30	20167	1	
30	20168	1	
30	12663	1	
30	5324	1	
30	718	1	
30	20686	1	
30	10467	2	
30	7397	1	
30	744	1	
30	10985	1	
30	22252	1	
30	12013	2	
30	15229	1	
30	20722	2	
30	14592	1	
30	20739	1	
30	2310	2	
30	22282	1	
30	15119	1	
30	7952	1	
30	18222	1	
30	18200	1	
30	16175	1	
30	1308	1	
30	18208	1	
30	6946	1	
30	10531	1	
30	19238	1	
30	10539	1	
30	5934	1	
30	21295	1	
30	16177	1	
30	17207	1	
30	2873	1	
30	10555	1	
30	10557	1	
30	15172	1	
30	3910	1	
30	1351	1	
30	12111	1	
30	15184	1	
30	12625	1	
30	14165	1	
30	2394	1	
30	22368	2	
30	2407	1	
30	19817	1	
30	4972	1	
30	9069	1	
30	880	1	
30	15218	5	
30	6516	1	
30	15849	1	
30	3448	1	
30	15227	1	
30	4074	1	
30	9621	1	
30	9093	1	
30	902	1	
30	1415	1	
30	3977	1	
30	10636	1	
30	15763	1	
30	22421	1	
30	13723	3	
30	3498	1	
30	4014	1	
30	15279	1	
30	15432	2	
30	8892	1	
30	3515	1	
30	11708	1	
30	11821	1	
30	16831	1	
30	18424	1	
30	12878	1	
30	6104	1	
30	8668	1	
30	10206	1	
30	3552	1	
30	7650	1	
30	15337	1	
30	15850	1	
30	16366	1	
30	10225	1	
30	11765	1	
30	5623	2	
30	7672	1	
30	4603	1	
30	5629	1	
31	12288	1	
31	512	1	
31	7684	3	
31	86	1	
31	9223	1	
31	1047	1	
31	15903	1	
31	12325	2	
31	12329	1	
31	11821	1	
31	8238	1	
31	66	1	
31	12870	5	
31	588	2	
31	17490	1	
31	6741	1	
31	17494	1	
31	11870	1	
31	95	2	
31	96	3	
31	16998	1	
31	13937	2	
31	6770	1	
31	10360	2	
31	3197	1	
31	22551	4	
31	1168	1	
31	4249	1	
31	18075	1	
31	671	1	
31	19619	1	
31	17576	2	
31	20649	1	
31	11434	1	
31	20651	1	
31	11439	1	
31	11444	1	
31	11449	1	
31	3258	1	
31	15548	1	
31	12481	1	
31	4555	1	
31	20686	1	
31	13026	1	
31	7400	1	
31	1266	1	
31	248	1	
31	15610	1	
31	19712	1	
31	4364	2	
31	8749	1	
31	17484	1	
31	281	1	
31	1824	1	
31	12602	1	
31	17290	1	
31	22340	1	
31	13128	1	
31	17737	1	
31	12625	1	
31	14677	1	
31	4438	1	
31	9047	1	
31	2394	1	
31	1883	1	
31	4960	2	
31	5473	1	
31	1895	1	
31	9069	1	
31	15218	2	
31	14210	1	
31	16774	1	
31	3978	1	
31	7069	1	
31	17312	1	
31	9122	1	
31	8611	1	
31	6054	1	
31	15279	1	
31	1465	2	
31	8636	1	
31	1469	1	
31	16832	1	
31	76	1	
31	11723	1	
31	13772	1	
31	16120	1	
31	17370	1	
31	10206	1	
31	3040	1	
31	3047	1	
31	5623	4	
31	5119	1	
32	7684	1	
32	17934	1	
32	1048	1	
32	13316	1	
32	1467	2	
32	15903	1	
32	20012	1	
32	18481	1	
32	11827	1	
32	12354	1	
32	15432	1	
32	11850	1	
32	588	1	
32	13389	1	
32	6734	1	
32	6741	1	
32	15448	3	
32	605	1	
32	3171	1	
32	3173	1	
32	7785	1	
32	21613	1	
32	4723	1	
32	17016	1	
32	18045	1	
32	11902	1	
32	19588	1	
32	13445	3	
32	1167	1	
32	7826	1	
32	21652	1	
32	9887	2	
32	10408	1	
32	17067	1	
32	9331	1	
32	12471	1	
32	15035	1	
32	18108	1	
32	14016	1	
32	2243	1	
32	2244	2	
32	13514	1	
32	20686	1	
32	11471	1	
32	5329	1	
32	7380	1	
32	4309	1	
32	14713	1	
32	7905	1	
32	14051	1	
32	14565	1	
32	21230	1	
32	15434	1	
32	15606	1	
32	16131	1	
32	4868	1	
32	2309	1	
32	14088	2	
32	4364	3	
32	10515	1	
32	4884	1	
32	1813	1	
32	5252	1	
32	7451	1	
32	14469	1	
32	17185	1	
32	10531	2	
32	5929	1	
32	7471	2	
32	18483	1	
32	5433	1	
32	20794	1	
32	17290	1	
32	833	1	
32	12103	1	
32	13129	1	
32	20813	1	
32	3408	1	
32	12625	2	
32	21330	2	
32	21847	1	
32	18267	5	
32	7516	1	
32	22366	1	
32	4448	1	
32	11113	1	
32	8043	1	
32	16238	1	
32	13681	1	
32	14195	1	
32	12663	2	
32	3220	3	
32	14716	1	
32	14717	1	
32	1410	1	
32	5000	1	
32	2442	2	
32	4491	1	
32	4496	3	
32	4497	1	
32	17312	1	
32	11760	1	
32	9122	1	
32	12716	1	
32	5551	1	
32	22450	1	
32	4019	1	
32	1466	2	
32	14495	1	
32	11708	1	
32	1469	2	
32	22464	1	
32	20384	2	
32	13768	1	
32	13772	3	
32	9684	1	
32	10206	1	
32	19939	1	
32	13800	1	
32	4074	1	
32	493	1	
32	15856	1	
32	4086	1	
32	6652	4	
