1	22276	1	
1	18565	1	
1	15113	1	
1	4364	1	
1	9486	1	
1	8079	1	
1	15448	1	
1	20882	2	
1	22170	1	
1	20207	1	
1	9887	2	
1	5425	1	
1	11178	1	
1	8878	1	
1	21295	1	
1	3505	1	
1	19124	1	
1	21814	1	
1	12089	1	
1	17722	1	
1	12734	1	
1	13887	1	
1	8641	1	
1	2755	1	
1	13252	2	
1	13253	1	
1	9290	2	
1	13516	1	
1	7380	1	
1	8974	1	
1	9816	1	
1	18905	2	
1	9820	1	
1	2271	1	
1	12257	1	
1	7778	1	
1	12027	1	
1	9702	1	
1	17003	1	
1	20463	2	
1	8819	1	
1	11898	1	
1	1147	1	
1	3141	1	
2	13440	1	
2	9729	2	
2	1670	1	
2	10625	1	
2	14603	2	
2	20878	1	
2	237	1	
2	2064	1	
2	22418	1	
2	4884	1	
2	19093	1	
2	22551	1	
2	5309	1	
2	2461	1	
2	18975	1	
2	20384	1	
2	21161	1	
2	22186	1	
2	8236	1	
2	22557	2	
2	19764	1	
2	19765	1	
2	3640	1	
2	17466	1	
2	9789	1	
2	16190	1	
2	18528	1	
2	11714	1	
2	2443	2	
2	13252	2	
2	197	1	
2	13516	1	
2	5450	1	
2	6732	1	
2	20429	1	
2	4942	1	
2	20303	1	
2	7504	1	
2	12216	1	
2	2899	2	
2	9687	1	
2	12888	1	
2	18905	2	
2	13532	1	
2	11898	1	
2	21984	1	
2	7650	1	
2	17531	1	
2	16998	1	
2	18689	1	
2	21613	1	
2	20463	1	
2	1140	1	
2	11385	1	
2	12154	1	
2	19835	1	
3	6080	1	
3	3332	2	
3	4101	1	
3	5638	1	
3	268	2	
3	8079	1	
3	16272	1	
3	7954	1	
3	1044	1	
3	19093	1	
3	18200	1	
3	21508	1	
3	22426	1	
3	13979	1	
3	9244	1	
3	17184	1	
3	13723	1	
3	16838	1	
3	6822	1	
3	3113	1	
3	12716	1	
3	8238	1	
3	21295	1	
3	19124	1	
3	19764	1	
3	17466	1	
3	9917	1	
3	15808	1	
3	8992	1	
3	262	1	
3	2243	1	
3	19396	1	
3	12230	1	
3	18119	1	
3	13516	1	
3	8906	1	
3	20427	1	
3	13388	2	
3	4303	1	
3	21586	1	
3	2899	1	
3	6741	1	
3	13113	1	
3	15704	2	
3	2649	2	
3	8797	1	
3	7646	1	
3	7952	1	
3	16998	1	
3	2024	1	
3	6506	1	
3	12012	1	
3	21613	2	
3	20463	1	
3	1140	2	
3	3369	1	
3	888	1	
3	1147	2	
3	637	1	
3	9726	1	
4	257	1	
4	13316	1	
4	9351	1	
4	17546	1	
4	9611	1	
4	268	1	
4	17806	1	
4	13912	2	
4	14574	1	
4	3332	2	
4	7451	1	
4	15262	1	
4	6687	1	
4	4899	1	
4	19109	1	
4	6822	1	
4	263	1	
4	8236	1	
4	8749	1	
4	20014	1	
4	2351	1	
4	18736	5	
4	15160	1	
4	7611	1	
4	8765	1	
4	20927	1	
4	22464	1	
4	20803	1	
4	20292	1	
4	14663	1	
4	20169	1	
4	20427	2	
4	13388	1	
4	4942	1	
4	14584	1	
4	6867	1	
4	855	1	
4	15448	1	
4	15705	1	
4	13914	1	
4	19396	1	
4	22369	1	
4	19588	1	
4	1147	1	
4	8422	1	
4	13160	1	
4	20203	1	
4	22509	1	
4	18030	5	
4	22383	1	
4	13937	1	
4	3060	1	
4	12664	1	
4	12153	1	
4	14587	1	
5	13440	1	
5	16131	1	
5	13316	1	
5	925	1	
5	17162	1	
5	1163	1	
5	6541	1	
5	17806	1	
5	9261	1	
5	17810	1	
5	6551	1	
5	11160	1	
5	18841	2	
5	15773	2	
5	15262	1	
5	16543	1	
5	6690	2	
5	5155	1	
5	4006	1	
5	20010	1	
5	22557	3	
5	13357	1	
5	2351	1	
5	18736	7	
5	6864	1	
5	19764	2	
5	20878	1	
5	15160	1	
5	19124	1	
5	15548	2	
5	17290	1	
5	22464	1	
5	16193	1	
5	12354	2	
5	12013	1	
5	18017	1	
5	18121	2	
5	11995	1	
5	14668	1	
5	15184	1	
5	8401	1	
5	2899	1	
5	10837	1	
5	9686	2	
5	5337	1	
5	2394	1	
5	11151	1	
5	13532	2	
5	18784	1	
5	14689	1	
5	6822	1	
5	22119	1	
5	17513	1	
5	18922	1	
5	9069	1	
5	18030	7	
5	22385	1	
5	18686	1	
5	11511	2	
5	15994	1	
5	14587	1	
5	9726	1	
6	12288	2	
6	11392	1	
6	5378	1	
6	2179	1	
6	13316	2	
6	1669	1	
6	259	1	
6	14475	1	
6	17806	3	
6	17807	2	
6	18960	1	
6	20803	1	
6	18571	1	
6	10262	1	
6	22551	3	
6	17818	2	
6	17819	1	
6	2460	1	
6	22557	2	
6	20254	1	
6	18847	1	
6	544	1	
6	9892	1	
6	11815	1	
6	8744	1	
6	17066	1	
6	8236	2	
6	9261	1	
6	5934	1	
6	15773	1	
6	18736	4	
6	8753	1	
6	1074	1	
6	19764	3	
6	12702	3	
6	5306	1	
6	6459	1	
6	8765	1	
6	20798	1	
6	22464	1	
6	11969	1	
6	11714	1	
6	3395	1	
6	22341	1	
6	11590	1	
6	18415	1	
6	17996	1	
6	20429	1	
6	13776	1	
6	17108	1	
6	14677	1	
6	9380	1	
6	13532	1	
6	16223	1	
6	7776	1	
6	7777	1	
6	3554	1	
6	21617	1	
6	1280	1	
6	18030	4	
6	20463	2	
6	19938	1	
6	1141	1	
6	13937	1	
6	11898	1	
6	7471	1	
7	12162	1	
7	13316	3	
7	9606	1	
7	12076	1	
7	13452	1	
7	17806	2	
7	11151	1	
7	20882	1	
7	17811	1	
7	18030	2	
7	22295	1	
7	10012	1	
7	925	1	
7	12702	2	
7	4000	1	
7	4899	1	
7	20260	1	
7	7463	2	
7	2460	2	
7	22571	1	
7	8236	1	
7	18736	2	
7	12081	1	
7	12091	1	
7	15548	1	
7	5309	1	
7	22133	1	
7	832	1	
7	21569	1	
7	15429	1	
7	18121	1	
7	20427	1	
7	13516	1	
7	20429	1	
7	14673	1	
7	4941	1	
7	6609	1	
7	9170	1	
7	14677	1	
7	9686	1	
7	18521	1	
7	12891	1	
7	13532	1	
7	2274	1	
7	19707	1	
7	16998	1	
7	18022	1	
7	22119	1	
7	17259	1	
7	22418	2	
7	9244	1	
7	11381	1	
7	10360	1	
7	12153	1	
7	1147	3	
7	5246	1	
8	512	4	
8	3332	1	
8	1669	1	
8	9606	2	
8	8585	1	
8	20234	1	
8	268	1	
8	17806	2	
8	11151	2	
8	13388	1	
8	17810	1	
8	17811	2	
8	21614	2	
8	7812	1	
8	8988	1	
8	18030	2	
8	12702	1	
8	12580	1	
8	19718	1	
8	11815	1	
8	12076	1	
8	20142	1	
8	15773	2	
8	18736	1	
8	19764	1	
8	13316	1	
8	21312	1	
8	8771	1	
8	13516	2	
8	12151	1	
8	14668	1	
8	15184	1	
8	10709	1	
8	14689	1	
8	3171	1	
8	7396	1	
8	18022	1	
8	16366	1	
8	3562	1	
8	7147	1	
8	364	1	
8	17262	2	
8	18287	1	
8	21617	1	
8	22133	1	
8	12663	1	
8	632	1	
8	1147	3	
9	2944	2	
9	7937	2	
9	16131	1	
9	2436	2	
9	9606	1	
9	5264	1	
9	13912	1	
9	11075	1	
9	8238	1	
9	9110	1	
9	22551	1	
9	408	1	
9	13316	1	
9	922	1	
9	13979	1	
9	9244	1	
9	15773	1	
9	13937	1	
9	3369	1	
9	20010	1	
9	8236	1	
9	20142	1	
9	186	1	
9	6080	1	
9	360	1	
9	2243	1	
9	11974	1	
9	3528	1	
9	8906	1	
9	6732	1	
9	5838	1	
9	9170	1	
9	856	1	
9	2649	1	
9	4960	1	
9	19553	1	
9	19938	1	
9	3171	2	
9	8988	1	
9	2024	1	
9	20076	1	
9	21613	1	
9	18414	1	
9	2673	1	
9	1140	1	
9	12151	1	
9	888	1	
9	14969	1	
9	11898	1	
9	4221	1	
9	6014	1	
10	512	2	
10	9600	1	
10	8579	1	
10	1668	1	
10	11909	1	
10	12673	1	
10	22024	1	
10	19721	1	
10	17162	1	
10	268	1	
10	5005	1	
10	17424	2	
10	17810	2	
10	13459	1	
10	21614	1	
10	22032	1	
10	12055	1	
10	18200	1	
10	18841	1	
10	15771	1	
10	22557	1	
10	12702	3	
10	17184	1	
10	8240	1	
10	19238	1	
10	20905	1	
10	22442	1	
10	12716	2	
10	20142	1	
10	157	1	
10	18736	3	
10	19764	2	
10	5301	1	
10	12216	1	
10	5433	1	
10	20794	1	
10	545	1	
10	18121	1	
10	8906	1	
10	12151	1	
10	4944	1	
10	13532	1	
10	2271	1	
10	18528	1	
10	14689	2	
10	3171	1	
10	7396	1	
10	3332	1	
10	22119	1	
10	6760	1	
10	7399	1	
10	18030	4	
10	21617	1	
10	17811	1	
10	19350	1	
10	15913	1	
10	15096	1	
10	9726	1	
11	6400	1	
11	9729	1	
11	13316	1	
11	6112	1	
11	19718	1	
11	897	1	
11	22188	1	
11	18571	1	
11	22119	1	
11	4384	1	
11	6496	1	
11	22418	1	
11	1044	1	
11	16366	1	
11	22551	2	
11	18200	1	
11	8260	1	
11	17818	2	
11	13951	1	
11	22557	1	
11	5150	1	
11	15903	2	
11	20384	1	
11	19419	1	
11	9125	2	
11	13738	1	
11	14636	1	
11	11949	1	
11	13389	1	
11	7471	2	
11	3888	1	
11	15666	1	
11	19124	1	
11	444	1	
11	21949	1	
11	832	1	
11	19424	1	
11	2443	1	
11	7236	1	
11	12103	1	
11	3528	1	
11	13516	2	
11	9034	1	
11	20427	1	
11	13388	1	
11	11213	1	
11	17869	1	
11	8184	1	
11	11603	1	
11	6741	1	
11	9686	1	
11	12888	1	
11	17881	2	
11	20315	1	
11	19420	1	
11	4832	1	
11	13440	1	
11	11014	1	
11	3684	1	
11	19096	1	
11	4967	1	
11	6760	2	
11	9831	1	
11	1947	1	
11	2030	1	
11	15855	1	
11	5864	1	
11	18808	1	
11	20177	1	
11	1147	2	
11	20010	2	
11	12670	1	
11	4949	1	
12	13440	1	
12	9089	3	
12	9090	2	
12	4867	1	
12	13316	2	
12	1669	1	
12	19718	1	
12	8	1	
12	8585	1	
12	2443	1	
12	11151	1	
12	8208	1	
12	22418	1	
12	18579	1	
12	6804	1	
12	22551	1	
12	15903	1	
12	15771	1	
12	11165	1	
12	16543	1	
12	14629	1	
12	16166	1	
12	1959	1	
12	19113	1	
12	1580	1	
12	2696	1	
12	12594	2	
12	19721	1	
12	17464	1	
12	20026	1	
12	6687	1	
12	3392	1	
12	11714	1	
12	3528	1	
12	13129	1	
12	22119	1	
12	13516	1	
12	13389	1	
12	11600	1	
12	15574	1	
12	17881	1	
12	3674	1	
12	22437	1	
12	17890	1	
12	2309	1	
12	7911	1	
12	2407	2	
12	14495	1	
12	9069	1	
12	17903	2	
12	19286	1	
12	11381	1	
12	9720	1	
12	17785	1	
12	13435	1	
12	14716	1	
13	13316	1	
13	9606	1	
13	19208	1	
13	14985	1	
13	4364	1	
13	7055	1	
13	1044	1	
13	22551	1	
13	3524	2	
13	9755	1	
13	14492	1	
13	12573	1	
13	20384	1	
13	9761	1	
13	9094	1	
13	12585	1	
13	17066	1	
13	8236	3	
13	7471	1	
13	18736	1	
13	15666	1	
13	8378	1	
13	19900	1	
13	19133	1	
13	18114	1	
13	8260	1	
13	22369	1	
13	3528	1	
13	588	1	
13	17229	1	
13	11726	1	
13	17872	3	
13	7891	1	
13	9684	1	
13	8021	1	
13	17881	1	
13	19420	1	
13	17376	1	
13	5985	1	
13	19938	1	
13	6375	1	
13	6760	1	
13	6377	1	
13	8043	1	
13	15714	1	
13	16238	1	
13	16372	1	
13	2025	1	
13	507	1	
13	508	1	
13	9086	2	
14	12288	2	
14	9600	1	
14	12162	1	
14	13316	2	
14	2437	2	
14	9606	1	
14	20024	1	
14	19464	1	
14	18442	1	
14	11714	1	
14	15119	1	
14	2064	1	
14	16017	1	
14	22418	2	
14	20755	1	
14	13516	1	
14	22551	1	
14	12941	1	
14	19460	1	
14	7066	1	
14	17903	2	
14	14492	1	
14	12570	1	
14	3888	1	
14	11808	1	
14	18736	1	
14	7451	1	
14	20260	1	
14	8198	1	
14	19626	2	
14	17067	1	
14	1580	2	
14	13487	1	
14	22557	1	
14	15664	1	
14	12594	1	
14	22455	1	
14	3512	1	
14	15162	1	
14	20028	1	
14	13658	2	
14	19133	3	
14	12352	1	
14	12353	1	
14	8770	1	
14	17185	1	
14	3528	1	
14	13388	1	
14	10359	1	
14	17996	1	
14	7522	1	
14	20303	1	
14	17872	5	
14	20177	1	
14	7890	1	
14	2899	2	
14	12471	1	
14	12888	2	
14	17881	3	
14	17626	1	
14	9167	1	
14	20026	5	
14	9957	1	
14	11600	1	
14	15714	1	
14	7397	1	
14	6377	2	
14	8810	2	
14	11375	1	
14	6511	1	
14	9074	1	
14	20851	2	
14	16244	1	
14	11381	1	
14	3190	2	
14	11511	1	
14	14714	1	
14	14717	1	
14	12414	1	
14	2175	1	
15	8961	1	
15	18076	1	
15	13316	1	
15	9606	1	
15	8585	1	
15	17162	1	
15	18571	1	
15	7533	1	
15	2064	1	
15	11281	1	
15	2834	1	
15	10644	2	
15	22551	1	
15	19096	1	
15	11292	1	
15	8989	1	
15	20510	1	
15	15903	1	
15	4006	1	
15	10407	1	
15	17193	1	
15	3626	1	
15	15660	1	
15	16430	1	
15	7471	3	
15	3888	1	
15	8370	1	
15	6709	1	
15	12471	1	
15	20024	1	
15	22585	1	
15	20026	1	
15	1857	1	
15	4037	2	
15	4550	1	
15	1737	1	
15	3170	1	
15	17870	1	
15	17872	2	
15	6994	1	
15	2899	1	
15	12110	2	
15	9686	1	
15	17881	2	
15	14426	2	
15	19420	1	
15	17630	1	
15	16223	1	
15	10464	1	
15	3554	2	
15	16998	1	
15	16017	2	
15	6375	1	
15	21613	1	
15	19951	1	
15	14448	1	
15	10737	1	
15	1140	1	
15	1526	1	
15	11898	1	
16	3392	1	
16	2911	1	
16	2179	1	
16	3332	1	
16	1669	1	
16	19718	1	
16	1671	1	
16	13017	1	
16	22551	1	
16	4364	2	
16	15117	1	
16	7917	1	
16	13912	1	
16	12888	1	
16	17881	3	
16	17176	1	
16	13316	2	
16	17818	1	
16	13979	2	
16	2460	1	
16	22557	1	
16	20254	1	
16	6687	1	
16	11808	2	
16	9606	1	
16	16220	1	
16	19420	1	
16	12471	1	
16	20026	1	
16	15903	1	
16	19133	1	
16	20798	1	
16	2239	1	
16	6080	1	
16	11714	1	
16	4037	1	
16	10182	1	
16	1351	1	
16	3528	2	
16	20427	2	
16	718	1	
16	17872	2	
16	2899	1	
16	10453	1	
16	20567	1	
16	15448	1	
16	8153	1	
16	13018	1	
16	13532	1	
16	3685	1	
16	14180	1	
16	1765	1	
16	7911	1	
16	1768	1	
16	6377	1	
16	3435	1	
16	21613	1	
16	13080	1	
16	13937	2	
16	1140	1	
16	11898	1	
16	14973	1	
16	18133	1	
17	16131	1	
17	3332	1	
17	19718	2	
17	12716	1	
17	16012	1	
17	7055	1	
17	22418	1	
17	13078	1	
17	6458	1	
17	8988	1	
17	22557	1	
17	20255	1	
17	17184	1	
17	9884	1	
17	1580	1	
17	20882	1	
17	7471	1	
17	18736	1	
17	9777	1	
17	1076	1	
17	20026	1	
17	2911	1	
17	20469	1	
17	6080	1	
17	11898	1	
17	268	1	
17	8906	1	
17	4941	1	
17	5325	1	
17	7890	1	
17	17881	2	
17	14426	1	
17	12891	1	
17	21980	1	
17	15709	1	
17	2271	1	
17	15714	1	
17	5246	1	
17	10365	1	
17	20851	1	
17	13532	1	
17	13941	1	
17	10745	1	
17	4090	1	
17	2173	1	
17	9726	1	
17	12927	1	
18	8961	1	
18	15660	1	
18	7044	1	
18	1669	1	
18	19718	2	
18	7303	3	
18	14985	2	
18	18059	1	
18	13452	2	
18	2063	1	
18	22188	1	
18	16017	2	
18	22418	1	
18	7937	1	
18	19350	1	
18	22551	1	
18	22426	2	
18	8988	1	
18	19162	1	
18	9380	1	
18	9777	1	
18	19740	1	
18	20010	2	
18	17681	1	
18	19505	1	
18	1076	2	
18	7104	1	
18	12354	1	
18	3524	1	
18	4364	1	
18	12746	1	
18	13516	1	
18	9167	1	
18	11600	1	
18	11992	1	
18	14426	2	
18	7645	1	
18	4960	1	
18	17872	1	
18	3171	1	
18	4967	1	
18	14574	2	
18	22385	1	
18	10359	1	
18	10263	1	
18	11898	2	
18	11771	1	
19	18688	1	
19	7937	1	
19	7938	2	
19	2460	1	
19	2948	1	
19	1669	1	
19	19718	2	
19	9607	1	
19	22024	1	
19	12076	1	
19	2442	1	
19	6155	1	
19	6986	1	
19	16653	1	
19	17424	1	
19	1624	1	
19	22418	2	
19	15491	1	
19	13516	1	
19	5742	1	
19	22423	1	
19	3097	1	
19	922	1	
19	12700	5	
19	22426	1	
19	11658	1	
19	21765	1	
19	20256	1	
19	22435	1	
19	14433	1	
19	11817	2	
19	22442	1	
19	8236	1	
19	7854	1	
19	743	1	
19	22448	1	
19	18483	1	
19	7477	1	
19	2289	1	
19	7776	1	
19	12602	1	
19	19900	1	
19	16778	1	
19	20384	1	
19	4601	1	
19	17093	1	
19	1140	1	
19	3528	2	
19	4364	1	
19	13514	2	
19	588	1	
19	13518	1	
19	4049	2	
19	1100	1	
19	20693	1	
19	15673	1	
19	12888	1	
19	18521	1	
19	14426	2	
19	12891	2	
19	2394	1	
19	15709	1	
19	18528	1	
19	22369	1	
19	17890	1	
19	3171	2	
19	11898	1	
19	9831	1	
19	2024	1	
19	8043	1	
19	3564	1	
19	238	1	
19	17469	1	
19	11760	1	
19	20209	1	
19	9716	1	
19	8184	1	
19	11385	1	
19	5498	1	
19	1147	2	
19	6142	1	
20	3488	1	
20	20613	1	
20	18182	1	
20	14017	1	
20	14088	3	
20	2442	1	
20	8043	1	
20	13452	1	
20	15373	1	
20	17424	4	
20	16017	1	
20	12888	1	
20	17818	3	
20	17435	2	
20	12700	1	
20	6938	1	
20	12702	1	
20	3461	1	
20	12064	1	
20	12699	1	
20	6437	1	
20	14492	1	
20	22188	1	
20	7471	1	
20	15664	1	
20	14003	1	
20	14540	1	
20	20255	1	
20	1342	1	
20	20256	2	
20	6592	1	
20	12704	1	
20	6596	1	
20	9543	1	
20	4364	1	
20	20300	1	
20	11600	1	
20	20692	2	
20	4823	1	
20	22232	1	
20	474	1	
20	6875	1	
20	16220	1	
20	18912	1	
20	7777	1	
20	3171	2	
20	2309	1	
20	14725	1	
20	12393	1	
20	21739	1	
20	13937	1	
20	1140	1	
20	1141	1	
20	11511	1	
20	18042	1	
20	1147	2	
20	13438	1	
21	11392	1	
21	7937	1	
21	13316	1	
21	1669	1	
21	897	1	
21	8260	1	
21	2442	1	
21	12183	1	
21	4364	2	
21	12354	1	
21	18686	1	
21	20882	1	
21	22551	2	
21	14489	1	
21	17818	1	
21	17435	1	
21	14492	1	
21	8989	1	
21	12702	1	
21	13979	2	
21	17700	1	
21	10407	1	
21	12700	2	
21	1280	1	
21	22557	1	
21	6709	1	
21	15817	1	
21	6840	1	
21	3386	1	
21	15547	2	
21	590	1	
21	7102	1	
21	7776	1	
21	11714	1	
21	19396	1	
21	3006	1	
21	9543	3	
21	3528	1	
21	588	1	
21	587	1	
21	14540	1	
21	20429	1	
21	20302	1	
21	13880	1	
21	14677	2	
21	16470	2	
21	4900	1	
21	12888	1	
21	13017	1	
21	13018	1	
21	863	1	
21	19296	1	
21	2991	1	
21	8988	1	
21	1895	1	
21	10889	2	
21	22119	1	
21	21613	1	
21	9033	1	
21	2416	1	
21	13937	1	
21	1141	1	
21	12026	1	
21	1918	1	
22	13316	1	
22	7937	1	
22	6153	1	
22	2064	1	
22	1044	1	
22	22551	1	
22	15903	1	
22	7204	1	
22	20519	1	
22	5182	1	
22	12357	1	
22	11850	1	
22	11349	1	
22	12891	1	
22	11511	1	
22	11792	1	
22	3171	2	
22	9831	1	
22	13937	1	
22	1141	1	
22	11898	1	
22	637	1	
22	11392	1	
22	15491	1	
22	1669	1	
22	6791	2	
22	10889	2	
22	9867	1	
22	13452	1	
22	14992	1	
22	17561	1	
22	14492	1	
22	9887	1	
22	14501	1	
22	9398	1	
22	11381	1	
22	4290	1	
22	18123	1	
22	20687	1	
22	7380	1	
22	11992	1	
22	18138	1	
22	22245	1	
22	20203	3	
22	2173	1	
22	3318	1	
22	14583	1	
22	11514	1	
22	11521	1	
22	7938	1	
22	19204	1	
22	19718	1	
22	20234	1	
22	20256	1	
22	7463	2	
22	832	1	
22	21317	1	
22	10054	1	
22	9543	4	
22	9868	1	
22	9034	1	
22	844	1	
22	2899	1	
22	14677	1	
22	9047	1	
22	6489	2	
22	9056	1	
22	7010	1	
22	364	1	
22	6011	1	
22	22418	1	
22	22426	1	
22	20463	1	
22	2460	1	
22	17818	1	
22	15774	1	
22	11679	1	
22	4007	1	
22	20405	1	
22	9033	1	
22	12191	1	
22	13250	1	
22	4038	1	
22	13255	1	
22	20427	1	
22	467	1	
22	12757	2	
22	19943	1	
22	3562	1	
22	15855	1	
22	4601	1	
22	15869	1	
23	3075	1	
23	1669	1	
23	20463	1	
23	14985	1	
23	3595	1	
23	4364	1	
23	2445	1	
23	18704	2	
23	12689	1	
23	16771	1	
23	19348	1	
23	4886	1	
23	12567	1	
23	19992	1	
23	3097	1	
23	9755	1	
23	7964	1	
23	12702	2	
23	15408	1	
23	12073	1	
23	15664	1	
23	20424	6	
23	7474	1	
23	20019	2	
23	6459	1	
23	19133	1	
23	6975	1	
23	8771	1	
23	10055	1	
23	3528	2	
23	15817	1	
23	12106	1	
23	15819	1	
23	19938	1	
23	11471	1	
23	11600	1	
23	4049	3	
23	4818	2	
23	11605	1	
23	8023	1	
23	16474	1	
23	9947	1	
23	17424	1	
23	9826	1	
23	12240	1	
23	1256	1	
23	14574	1	
23	18415	1	
23	17140	1	
23	5623	1	
23	508	1	
23	16253	1	
23	1918	1	
24	7937	1	
24	7938	1	
24	3332	2	
24	8837	2	
24	9729	1	
24	22423	1	
24	268	2	
24	6670	1	
24	17681	1	
24	13452	1	
24	19348	1	
24	22551	1	
24	7451	1	
24	17183	1	
24	9121	1	
24	18596	2	
24	11817	1	
24	12716	1	
24	1396	1	
24	14495	1	
24	8961	1	
24	11709	1	
24	11714	1	
24	3524	1	
24	9543	1	
24	3528	1	
24	4364	1	
24	8906	1	
24	20427	2	
24	588	1	
24	4944	1	
24	6741	2	
24	6926	1	
24	20571	1	
24	21980	1	
24	2271	1	
24	2914	1	
24	3171	2	
24	7013	1	
24	2407	1	
24	14448	1	
24	3562	1	
24	11760	1	
24	1140	1	
24	11381	1	
24	1526	1	
24	1147	1	
24	4092	1	
24	10365	1	
24	9726	1	
24	12927	1	
25	1280	1	
25	897	1	
25	16131	1	
25	13316	1	
25	1669	1	
25	6790	1	
25	2113	1	
25	14985	1	
25	11787	1	
25	4364	1	
25	13071	1	
25	2064	1	
25	19345	1	
25	20882	1	
25	14485	1	
25	11161	2	
25	20292	1	
25	15514	1	
25	2991	1	
25	4764	1	
25	22557	1	
25	5535	1	
25	19718	3	
25	14235	1	
25	1670	1	
25	9895	1	
25	22186	2	
25	2606	1	
25	7471	1	
25	9264	1	
25	7219	1	
25	9716	1	
25	13242	1	
25	15548	4	
25	3134	1	
25	5951	1	
25	832	1	
25	1140	1	
25	2443	1	
25	8260	1	
25	4037	1	
25	4038	1	
25	10360	1	
25	13516	2	
25	18891	1	
25	21964	1	
25	13389	1	
25	4049	4	
25	1362	1	
25	2899	1	
25	14677	3	
25	13400	1	
25	22617	1	
25	9947	1	
25	1141	2	
25	17630	1	
25	2911	1	
25	18017	1	
25	13026	1	
25	20010	1	
25	12100	1	
25	9606	2	
25	9831	1	
25	4967	1	
25	5867	1	
25	13978	1	
25	22418	2	
25	20463	1	
25	10737	1	
25	15092	1	
25	9717	1	
25	1526	1	
25	10359	1	
25	2808	1	
25	11385	1	
25	2834	2	
25	22011	1	
25	3626	1	
25	6997	1	
26	8449	1	
26	7938	2	
26	13316	1	
26	9606	2	
26	10889	1	
26	21515	2	
26	4364	2	
26	910	1	
26	17424	1	
26	15512	1	
26	22418	2	
26	22551	1	
26	7960	3	
26	11161	1	
26	14235	3	
26	12188	1	
26	22557	2	
26	6052	1	
26	4773	1	
26	7964	1	
26	5017	1	
26	22188	1	
26	9777	1	
26	12471	1	
26	15548	1	
26	13502	1	
26	19519	1	
26	15808	1	
26	11714	1	
26	14475	1	
26	11590	1	
26	6600	1	
26	9033	1	
26	4941	1	
26	1744	2	
26	9170	1	
26	11605	1	
26	19161	1	
26	9435	1	
26	12510	3	
26	13968	1	
26	5859	1	
26	17681	1	
26	16616	1	
26	2025	1	
26	21739	1	
26	2834	1	
26	15856	1	
26	1141	1	
26	11768	1	
26	16252	1	
26	10365	1	
26	10357	1	
27	1664	1	
27	3073	1	
27	9730	1	
27	3332	2	
27	19718	1	
27	9351	2	
27	22024	1	
27	12716	1	
27	267	1	
27	13452	1	
27	11714	1	
27	9069	1	
27	22418	1	
27	19349	1	
27	22551	1	
27	13316	1	
27	12058	1	
27	19740	1	
27	9247	3	
27	16544	1	
27	20260	1	
27	20905	1	
27	22442	1	
27	8236	1	
27	14509	1	
27	2990	1	
27	7471	2	
27	9777	1	
27	19124	1	
27	8373	1	
27	9528	1	
27	17467	1	
27	11708	1	
27	8765	1	
27	10972	1	
27	15808	1	
27	16193	1	
27	12354	1	
27	395	1	
27	7749	1	
27	13255	1	
27	13128	1	
27	268	1	
27	20427	1	
27	6732	2	
27	12110	1	
27	11600	2	
27	16851	1	
27	7380	1	
27	13398	2	
27	4185	1	
27	9435	2	
27	2908	1	
27	11008	1	
27	5000	2	
27	22421	1	
27	4546	1	
27	21613	1	
27	20850	2	
27	18174	1	
27	16374	1	
27	15994	1	
27	16379	1	
27	8188	2	
27	18686	1	
27	22527	1	
28	8193	1	
28	13316	1	
28	9227	1	
28	11790	1	
28	17435	1	
28	7204	1	
28	5163	1	
28	8236	1	
28	3629	1	
28	1076	1	
28	5182	1	
28	20033	1	
28	20547	4	
28	20554	1	
28	2649	1	
28	605	1	
28	15971	1	
28	2154	1	
28	21613	1	
28	7278	1	
28	7281	1	
28	1140	1	
28	11898	1	
28	1147	1	
28	13950	1	
28	1664	1	
28	1669	2	
28	14475	1	
28	19093	1	
28	20142	1	
28	11449	1	
28	14024	1	
28	11992	1	
28	7899	1	
28	12510	1	
28	740	1	
28	18174	1	
28	4867	1	
28	3332	2	
28	2309	1	
28	19718	2	
28	14088	2	
28	268	2	
28	6414	2	
28	7964	1	
28	20255	1	
28	20256	1	
28	2348	1	
28	3375	2	
28	7474	1	
28	9013	1	
28	5951	1	
28	14145	1	
28	4944	1	
28	20817	1	
28	15712	2	
28	2914	1	
28	9069	1	
28	18805	1	
28	12151	2	
28	18808	1	
28	901	1	
28	15681	1	
28	22418	2	
28	16276	1	
28	22423	2	
28	7065	1	
28	17818	1	
28	20384	2	
28	22442	1	
28	12716	1	
28	2990	1	
28	4019	1	
28	2996	1	
28	19900	2	
28	15808	1	
28	13255	1	
28	8650	1	
28	20429	1	
28	15830	1	
28	7644	1	
28	7134	1	
28	11600	1	
28	8188	1	
28	4601	1	
28	19964	1	
28	9726	1	
29	11008	1	
29	8320	1	
29	13316	2	
29	22282	1	
29	17424	1	
29	5009	1	
29	18964	1	
29	7854	1	
29	10646	1	
29	17176	1	
29	19460	1	
29	13340	1	
29	20255	1	
29	10912	1	
29	19749	1	
29	22442	2	
29	17323	1	
29	10798	1	
29	9777	1	
29	1074	1	
29	9013	1	
29	10214	2	
29	15903	1	
29	7101	1	
29	9918	1	
29	4868	1	
29	20547	2	
29	2245	1	
29	11335	1	
29	13388	2	
29	21325	1	
29	18002	1	
29	14035	1	
29	6741	2	
29	17936	1	
29	9061	1	
29	3332	1	
29	3943	1	
29	2407	1	
29	9069	1	
29	14448	1	
29	19571	1	
29	1140	1	
29	19190	1	
29	15994	1	
29	11771	1	
29	13950	1	
29	10837	1	
30	13440	1	
30	11392	2	
30	9730	1	
30	16131	1	
30	13316	1	
30	2309	1	
30	9606	1	
30	5000	1	
30	4234	1	
30	2443	1	
30	4364	1	
30	18191	1	
30	15448	1	
30	22418	1	
30	1454	1	
30	22551	1	
30	19133	1	
30	3332	1	
30	17818	1	
30	8988	1	
30	1669	1	
30	17568	1	
30	545	1	
30	15621	1	
30	13477	1	
30	10407	1	
30	11292	1	
30	22442	3	
30	12464	1	
30	1580	1	
30	3058	1	
30	15534	1	
30	9264	1	
30	12465	1	
30	4019	1	
30	7476	1	
30	9013	1	
30	439	1	
30	21305	1	
30	4413	1	
30	5182	1	
30	13445	1	
30	20547	3	
30	12100	1	
30	7749	2	
30	4038	1	
30	15432	1	
30	268	1	
30	13516	3	
30	7960	1	
30	14033	1	
30	10709	1	
30	13398	1	
30	20695	1	
30	11992	1	
30	10329	1	
30	9435	1	
30	7644	1	
30	11008	2	
30	2085	1	
30	740	1	
30	19096	1	
30	14185	1	
30	3524	1	
30	20463	2	
30	11632	3	
30	21618	1	
30	15808	1	
30	1141	1	
30	2166	1	
30	12151	1	
30	11787	1	
30	1918	1	
31	14592	1	
31	9729	1	
31	14595	1	
31	3332	1	
31	9607	1	
31	11787	1	
31	268	1	
31	11151	1	
31	2834	1	
31	13979	1	
31	20255	1	
31	17184	2	
31	11215	1	
31	22442	1	
31	12716	1	
31	9013	1	
31	2271	1	
31	8636	1	
31	15808	1	
31	4037	1	
31	13388	1	
31	20047	1	
31	11600	1	
31	13663	1	
31	6741	1	
31	11791	1	
31	2911	1	
31	15845	1	
31	18022	1	
31	18282	1	
31	1140	1	
31	1147	1	
31	9726	1	
31	14677	1	
32	14592	2	
32	17024	1	
32	13316	1	
32	1669	1	
32	19718	1	
32	906	1	
32	1032	1	
32	14346	2	
32	11287	2	
32	4364	1	
32	11714	1	
32	11791	2	
32	2834	1	
32	16915	1	
32	14475	1	
32	4117	1	
32	16919	1	
32	8988	1	
32	18030	1	
32	18080	1	
32	17185	1	
32	9606	1	
32	12842	1	
32	19243	1	
32	5806	1	
32	15817	1	
32	6713	1	
32	17162	1	
32	14530	1	
32	2883	1	
32	10182	1	
32	11719	1	
32	5321	1	
32	13389	1	
32	22094	1	
32	11471	1	
32	14677	1	
32	19286	1	
32	13403	1	
32	11898	1	
32	11614	2	
32	5216	1	
32	4834	1	
32	15459	1	
32	15845	2	
32	9831	2	
32	8684	1	
32	9069	2	
32	5742	1	
32	15855	1	
32	11405	1	
32	3058	1	
32	22516	1	
32	18169	1	
32	15994	1	
32	1147	2	
32	2684	1	
32	6741	1	
33	14338	1	
33	13316	6	
33	19977	1	
33	11787	1	
33	2064	1	
33	22557	1	
33	15403	1	
33	1076	1	
33	17470	1	
33	8770	1	
33	8260	1	
33	2629	1	
33	19016	1	
33	13388	1	
33	20047	1	
33	13398	2	
33	5207	1	
33	4185	1	
33	21613	1	
33	18030	2	
33	1140	2	
33	10360	1	
33	11898	1	
33	22140	1	
33	5246	1	
33	6791	2	
33	13452	1	
33	6299	1	
33	21671	1	
33	10408	1	
33	19626	1	
33	7855	1	
33	9398	1	
33	17012	1	
33	20170	1	
33	13505	1	
33	13506	1	
33	17093	1	
33	20169	1	
33	13514	1	
33	20172	1	
33	22229	1	
33	13020	1	
33	10463	1	
33	17637	1	
33	7911	1	
33	14070	1	
33	11511	1	
33	20693	1	
33	14592	1	
33	11523	1	
33	19718	2	
33	17672	1	
33	17162	1	
33	17680	1	
33	6937	1	
33	8988	1	
33	14114	1	
33	20262	1	
33	13532	1	
33	12589	1	
33	7471	1	
33	5425	1	
33	17207	1	
33	8512	1	
33	20299	1	
33	12110	1	
33	2899	1	
33	11612	1	
33	20882	1	
33	15216	1	
33	11651	1	
33	5005	1	
33	13710	2	
33	2449	1	
33	22418	4	
33	2455	1	
33	3484	1	
33	22436	1	
33	22442	1	
33	12716	1	
33	20910	1	
33	18866	1	
33	4037	1	
33	19403	1	
33	6903	1	
33	20302	1	
33	16859	1	
33	7644	1	
33	22500	1	
33	10407	2	
33	1067	1	
33	4601	1	
34	13440	1	
34	7937	1	
34	17667	2	
34	1669	1	
34	20463	1	
34	9816	1	
34	13961	1	
34	2443	1	
34	11714	1	
34	21613	1	
34	22032	1	
34	11992	1	
34	22418	1	
34	18571	1	
34	22551	1	
34	8589	1	
34	2899	1	
34	7579	1	
34	22557	1	
34	19816	1	
34	18592	1	
34	21793	1	
34	9122	1	
34	931	2	
34	20774	2	
34	22385	1	
34	17322	1	
34	17067	1	
34	626	1	
34	2351	1	
34	12341	1	
34	5355	1	
34	5433	1	
34	2265	1	
34	17467	1	
34	12746	1	
34	22463	1	
34	22464	1	
34	20384	1	
34	4546	1	
34	2627	1	
34	2757	1	
34	19654	1	
34	11210	3	
34	11211	1	
34	20429	1	
34	12878	1	
34	3151	1	
34	592	1	
34	11347	1	
34	14677	1	
34	15448	1	
34	2020	1	
34	13079	1	
34	13532	1	
34	10407	1	
34	13022	1	
34	229	1	
34	18528	1	
34	2064	1	
34	1482	1	
34	8292	1	
34	8421	2	
34	13159	1	
34	1819	1	
34	5736	1	
34	19943	1	
34	9069	1	
34	14574	1	
34	8303	1	
34	19953	1	
34	18962	1	
34	16243	2	
34	1140	1	
34	12277	1	
34	247	1	
34	3064	1	
34	4601	1	
34	9980	1	
34	5246	1	
35	9600	1	
35	14592	1	
35	13316	1	
35	7686	1	
35	6153	1	
35	2701	1	
35	11790	1	
35	11280	1	
35	2834	2	
35	17814	1	
35	22551	1	
35	17688	1	
35	17818	2	
35	16106	1	
35	14500	1	
35	19238	1	
35	22442	2	
35	1076	1	
35	20663	1	
35	17466	1	
35	5565	4	
35	5182	2	
35	3392	1	
35	8641	1	
35	11714	2	
35	20547	1	
35	19019	1	
35	588	1	
35	846	2	
35	847	2	
35	3536	4	
35	14677	2	
35	14969	1	
35	11992	2	
35	8541	1	
35	10206	1	
35	2273	1	
35	19938	1	
35	11750	1	
35	16616	1	
35	2025	1	
35	19050	1	
35	5867	1	
35	20626	1	
35	20463	1	
35	1141	1	
35	21878	1	
35	13545	1	
35	12153	1	
35	19721	1	
35	11946	1	
36	12288	1	
36	13316	1	
36	18460	2	
36	1576	2	
36	8236	1	
36	19006	1	
36	20547	1	
36	12360	1	
36	16470	1	
36	6757	1	
36	2407	1	
36	3183	2	
36	13937	2	
36	1141	3	
36	1147	1	
36	1148	1	
36	16509	1	
36	13951	1	
36	6791	1	
36	17041	1	
36	10407	1	
36	11946	1	
36	13490	1	
36	2165	1	
36	5841	1	
36	6875	1	
36	5859	1	
36	20203	1	
36	9965	1	
36	3321	1	
36	4867	1	
36	4364	1	
36	7952	1	
36	5395	1	
36	8479	1	
36	20774	1	
36	16679	1	
36	9863	1	
36	2860	1	
36	7471	1	
36	10206	1	
36	2870	1	
36	12089	1	
36	20794	1	
36	17730	1	
36	20292	2	
36	11600	2	
36	6481	1	
36	6482	1	
36	14677	3	
36	16220	2	
36	9056	1	
36	9569	1	
36	21905	1	
36	9069	1	
36	12659	1	
36	18836	1	
36	18819	1	
36	9606	1	
36	9607	1	
36	11656	1	
36	20366	1	
36	9617	1	
36	22418	1	
36	19348	1	
36	17814	1	
36	22426	2	
36	16804	1	
36	4011	1	
36	20882	1	
36	9650	1	
36	4019	1	
36	20405	1	
36	5565	1	
36	21953	1	
36	8647	1	
36	3528	2	
36	11722	1	
36	5069	1	
36	11726	1	
36	6609	1	
36	16340	1	
36	16342	1	
36	2525	1	
36	8158	1	
36	9703	1	
36	20463	1	
36	3568	1	
36	16373	1	
36	18423	1	
36	4601	1	
37	14592	1	
37	14595	1	
37	3332	1	
37	1030	1	
37	3009	1	
37	15113	1	
37	2442	1	
37	18571	1	
37	268	1	
37	16911	1	
37	19347	1	
37	916	1	
37	22551	1	
37	13316	1	
37	17818	1	
37	4037	1	
37	22557	2	
37	16030	1	
37	20255	1	
37	17184	1	
37	2736	1	
37	16223	1	
37	8742	1	
37	10407	1	
37	22442	2	
37	12716	1	
37	12080	1	
37	19082	1	
37	12216	1	
37	21305	1	
37	2271	1	
37	8650	1	
37	17854	1	
37	13887	1	
37	3393	1	
37	12354	1	
37	19397	1	
37	4038	1	
37	6599	1	
37	8906	1	
37	20170	1	
37	9034	1	
37	2899	1	
37	12888	1	
37	19290	1	
37	17679	1	
37	8158	1	
37	2911	1	
37	15981	1	
37	13295	1	
37	19312	1	
37	1140	1	
37	16190	2	
37	8084	1	
37	4986	1	
37	9386	1	
37	9726	1	
38	9730	1	
38	21995	1	
38	3332	1	
38	1669	1	
38	9606	1	
38	3009	2	
38	22024	1	
38	15113	1	
38	2442	2	
38	5259	1	
38	268	1	
38	17679	1	
38	2064	1	
38	19345	1	
38	15491	1	
38	7318	1	
38	13316	2	
38	7451	1	
38	15773	1	
38	14725	1	
38	4364	1	
38	17819	1	
38	19718	1	
38	4006	1	
38	9385	1	
38	5163	1	
38	2736	1	
38	17202	1	
38	11486	1	
38	15545	1	
38	12474	1	
38	5947	1	
38	8636	1	
38	8641	1	
38	12354	1	
38	8260	1	
38	4037	1	
38	13260	1	
38	2159	1	
38	13516	1	
38	20046	1	
38	11729	1	
38	2770	1	
38	2899	2	
38	20692	1	
38	6606	1	
38	14439	1	
38	20470	1	
38	19162	3	
38	4187	1	
38	20188	1	
38	4986	4	
38	9438	1	
38	7647	1	
38	7776	1	
38	5648	1	
38	6609	3	
38	18411	1	
38	20463	1	
38	9308	1	
38	2289	1	
38	19923	1	
38	1526	1	
38	11511	1	
38	21880	1	
38	15994	1	
38	4988	1	
38	5246	1	
39	3073	1	
39	13316	1	
39	6791	1	
39	11656	1	
39	8236	1	
39	11404	3	
39	12354	1	
39	14607	1	
39	17680	1	
39	17688	1	
39	4882	1	
39	1556	1	
39	4007	1	
39	22551	1	
39	5400	1	
39	22426	1	
39	15023	1	
39	12188	1	
39	22301	1	
39	11550	1	
39	9887	1	
39	15268	1	
39	14503	1	
39	20524	1	
39	7471	2	
39	12081	1	
39	12190	1	
39	9398	1	
39	20463	1	
39	13243	1	
39	22464	1	
39	11714	1	
39	4037	1	
39	3528	2	
39	9417	1	
39	9418	1	
39	19021	1	
39	20565	1	
39	4881	1	
39	9559	1	
39	11992	1	
39	17881	1	
39	14426	2	
39	12123	1	
39	11898	1	
39	6753	1	
39	9316	2	
39	22245	1	
39	17700	1	
39	20203	1	
39	19821	2	
39	14318	1	
39	21613	1	
39	5236	1	
39	1141	1	
39	11511	2	
39	788	1	
39	15030	2	
39	9852	1	
39	14973	1	
39	5246	1	
39	12799	1	
40	897	1	
40	3332	1	
40	1669	1	
40	17671	2	
40	20745	1	
40	17546	1	
40	22551	2	
40	8332	1	
40	3123	1	
40	5456	1	
40	6801	1	
40	17810	1	
40	19348	1	
40	7575	1	
40	11672	2	
40	7451	1	
40	14492	1	
40	8908	1	
40	12190	1	
40	13559	1	
40	20000	1	
40	22050	1	
40	22563	1	
40	8325	1	
40	3803	1	
40	16551	1	
40	5724	1	
40	17066	1	
40	7084	1	
40	11821	1	
40	19305	1	
40	7475	1	
40	3369	1	
40	17206	1	
40	20297	1	
40	12089	1	
40	7994	1	
40	8636	1	
40	21642	1	
40	9013	1	
40	22048	1	
40	11714	1	
40	15819	1	
40	3524	1	
40	12743	1	
40	3528	2	
40	13516	1	
40	11850	1	
40	20427	2	
40	588	2	
40	6606	1	
40	9167	1	
40	17872	2	
40	12625	1	
40	15444	1	
40	16469	1	
40	13561	1	
40	15448	1	
40	15322	1	
40	7466	1	
40	16220	2	
40	8797	1	
40	12129	1	
40	9572	1	
40	22117	1	
40	2407	1	
40	17513	1	
40	7463	1	
40	21613	1	
40	3055	1	
40	15216	1	
40	9713	1	
40	21878	1	
40	11511	1	
40	3321	1	
40	16508	1	
40	20221	1	
41	18432	1	
41	22024	2	
41	11791	1	
41	9241	2	
41	6687	1	
41	20010	1	
41	3627	1	
41	8236	1	
41	3633	1	
41	6706	1	
41	11834	1	
41	8765	1	
41	12350	1	
41	585	1	
41	587	1	
41	17996	1	
41	20046	1	
41	15439	1	
41	592	1	
41	15441	1	
41	19028	1	
41	15448	1	
41	10329	1	
41	13404	1	
41	14430	1	
41	22121	1	
41	3692	2	
41	1140	1	
41	14973	1	
41	13438	1	
41	13950	2	
41	14475	1	
41	16017	1	
41	8859	1	
41	16543	2	
41	7854	1	
41	2237	1	
41	11969	1	
41	13516	1	
41	4831	1	
41	5864	1	
41	20203	2	
41	5246	1	
41	3369	1	
41	4354	1	
41	22283	1	
41	4364	1	
41	7471	2	
41	17181	1	
41	7966	1	
41	18215	1	
41	15145	1	
41	12079	1	
41	21814	1	
41	20798	1	
41	20291	1	
41	859	1	
41	22369	1	
41	20882	1	
41	9606	2	
41	2443	2	
41	21900	1	
41	17806	1	
41	22418	1	
41	11161	1	
41	15773	2	
41	12190	1	
41	11679	1	
41	931	1	
41	11684	1	
41	4007	1	
41	7095	1	
41	18872	3	
41	21949	1	
41	12734	1	
41	4037	3	
41	13255	1	
41	4049	1	
41	10709	1	
41	10710	2	
41	9180	1	
41	9182	2	
41	7137	1	
41	19938	1	
41	20560	1	
41	17372	1	
41	20463	1	
41	16882	1	
42	12288	1	
42	3075	1	
42	13316	1	
42	3589	1	
42	11787	1	
42	16911	1	
42	1553	1	
42	22551	1	
42	22557	1	
42	6690	1	
42	6706	1	
42	18997	1	
42	22585	2	
42	5182	2	
42	9791	1	
42	268	1	
42	11850	1	
42	13389	2	
42	602	1	
42	13404	1	
42	9328	1	
42	1140	2	
42	17016	1	
42	1147	2	
42	11388	1	
42	10365	1	
42	1669	1	
42	12940	1	
42	14477	1	
42	14492	1	
42	9887	2	
42	4380	1	
42	22188	1	
42	8375	1	
42	18108	1	
42	16062	1	
42	9924	1	
42	8906	1	
42	18123	1	
42	16088	2	
42	17636	1	
42	16616	2	
42	1149	2	
42	12539	1	
42	8961	1	
42	4866	1	
42	3332	1	
42	18181	2	
42	18185	2	
42	4364	1	
42	12558	1	
42	7952	1	
42	11992	1	
42	8068	1	
42	8988	2	
42	8992	1	
42	15660	1	
42	3888	1	
42	3386	2	
42	22337	1	
42	13129	1	
42	4942	1	
42	12638	1	
42	2918	1	
42	2407	1	
42	18808	1	
42	14716	1	
42	2944	1	
42	20865	1	
42	8579	1	
42	18308	1	
42	9607	1	
42	22418	2	
42	8087	1	
42	17818	1	
42	2460	1	
42	6053	1	
42	12715	1	
42	12209	1	
42	14495	1	
42	22464	1	
42	11714	1	
42	4037	1	
42	4038	2	
42	3528	1	
42	20427	1	
42	2025	1	
42	2547	1	
42	8185	1	
42	3582	1	
43	14081	2	
43	3332	1	
43	897	1	
43	22024	1	
43	17552	1	
43	1163	1	
43	268	1	
43	783	1	
43	22032	1	
43	6417	1	
43	2578	1	
43	16276	1	
43	18837	1	
43	11414	2	
43	22551	1	
43	17041	1	
43	16260	1	
43	17818	2	
43	22383	1	
43	18128	1	
43	22557	1	
43	9041	1	
43	22568	1	
43	13358	1	
43	3636	1	
43	8961	1	
43	954	1	
43	18108	1	
43	5565	1	
43	5182	1	
43	22465	1	
43	11714	1	
43	20427	1	
43	19397	1	
43	587	1	
43	20429	1	
43	20329	1	
43	11600	1	
43	8568	1	
43	14677	2	
43	10710	1	
43	17785	1	
43	11992	1	
43	2265	1	
43	16092	1	
43	16094	1	
43	18528	2	
43	2273	1	
43	14435	1	
43	16998	1	
43	9831	1	
43	2025	2	
43	1002	1	
43	7911	1	
43	2834	1	
43	21613	1	
43	2984	1	
43	242	1	
43	1141	1	
43	12151	1	
43	2808	1	
43	249	1	
43	12026	1	
43	1147	1	
43	10709	1	
44	8961	1	
44	3563	1	
44	18565	1	
44	8838	1	
44	11656	1	
44	16812	1	
44	20234	1	
44	4364	1	
44	12354	1	
44	13592	1	
44	1669	1	
44	9491	1	
44	17688	1	
44	6809	1	
44	13979	1	
44	8837	1	
44	9606	1	
44	4988	1	
44	14123	1	
44	8236	1	
44	3758	1	
44	3759	1	
44	8753	1	
44	1202	1	
44	8890	1	
44	10044	1	
44	18242	1	
44	588	2	
44	6989	1	
44	11600	2	
44	12625	1	
44	10709	2	
44	11672	1	
44	15575	1	
44	15449	1	
44	15496	1	
44	14043	1	
44	16092	1	
44	16094	1	
44	868	1	
44	6012	1	
44	21739	1	
44	20463	2	
44	11760	1	
44	14088	1	
44	21878	1	
44	4604	1	
44	22500	1	
44	6142	3	
45	11776	1	
45	3073	3	
45	3332	1	
45	19718	1	
45	6791	1	
45	11656	1	
45	11273	1	
45	20234	1	
45	268	1	
45	14509	1	
45	17688	1	
45	12182	1	
45	11672	1	
45	5020	1	
45	22557	1	
45	17184	1	
45	8193	1	
45	9606	1	
45	22569	1	
45	5248	1	
45	12716	2	
45	3373	1	
45	8236	1	
45	1201	1	
45	9816	1	
45	18487	1	
45	13113	1	
45	18364	1	
45	3369	1	
45	897	1	
45	1218	1	
45	18628	1	
45	9033	1	
45	13516	1	
45	9167	1	
45	11600	1	
45	2899	1	
45	12628	1	
45	2134	1	
45	6871	1	
45	22232	3	
45	8797	1	
45	7647	1	
45	10080	1	
45	9831	1	
45	22119	1	
45	8556	1	
45	13937	2	
45	12883	1	
45	1140	2	
45	22007	1	
45	2808	1	
46	20271	1	
46	15403	1	
46	4868	1	
46	18181	1	
46	19718	1	
46	11143	1	
46	22024	1	
46	20524	1	
46	395	1	
46	4364	1	
46	17806	1	
46	11792	1	
46	11992	2	
46	17810	2	
46	9923	1	
46	9729	1	
46	22551	2	
46	3332	1	
46	10011	1	
46	16414	1	
46	16417	1	
46	3633	1	
46	3627	1	
46	11180	1	
46	3758	1	
46	7471	5	
46	9777	2	
46	20663	1	
46	1140	1	
46	5182	1	
46	15681	1	
46	11714	2	
46	2243	1	
46	10820	1	
46	4038	3	
46	7879	1	
46	3528	2	
46	20684	2	
46	587	1	
46	13388	1	
46	6754	1	
46	15441	1	
46	12883	3	
46	13396	1	
46	12502	1	
46	9816	2	
46	6489	2	
46	2394	1	
46	20827	1	
46	15709	1	
46	15688	1	
46	12944	1	
46	19938	1	
46	11750	1	
46	9703	1	
46	1639	1	
46	20463	1	
46	3060	1	
46	268	1	
46	17530	1	
46	9468	1	
46	14973	1	
46	9726	1	
47	5248	1	
47	897	1	
47	12162	1	
47	1155	1	
47	16260	1	
47	19718	1	
47	3073	1	
47	22024	1	
47	14475	1	
47	4364	1	
47	22414	1	
47	20291	1	
47	14484	1	
47	8214	1	
47	17818	1	
47	7451	2	
47	17181	1	
47	20384	1	
47	19107	1	
47	20209	1	
47	11946	1	
47	20999	1	
47	13487	1	
47	20781	1	
47	22557	1	
47	18056	1	
47	1074	1	
47	1140	2	
47	2289	1	
47	18911	1	
47	15548	1	
47	12734	1	
47	18879	1	
47	22082	1	
47	2115	1	
47	16838	1	
47	13884	1	
47	5450	1	
47	587	1	
47	13388	1	
47	3408	1	
47	15442	1	
47	12883	1	
47	9684	1	
47	6741	1	
47	9558	1	
47	22232	1	
47	22388	1	
47	2394	1	
47	863	1	
47	7520	1	
47	18017	1	
47	16379	1	
47	22121	1	
47	1002	1	
47	8940	1	
47	21613	1	
47	6511	1	
47	13937	1	
47	6414	1	
47	3060	1	
47	14325	1	
47	18571	1	
47	17657	1	
47	11514	1	
47	11708	1	
47	18686	1	
47	14677	1	
48	6272	1	
48	9729	1	
48	1283	1	
48	4868	1	
48	267	1	
48	16911	1	
48	15376	1	
48	22418	1	
48	2835	1	
48	2709	1	
48	22032	1	
48	5527	1	
48	3332	2	
48	3858	1	
48	7087	1	
48	12842	1	
48	20519	1	
48	22071	1	
48	22442	2	
48	6571	1	
48	14703	1	
48	21295	2	
48	19124	1	
48	8573	1	
48	20879	1	
48	3130	1	
48	11711	1	
48	1345	1	
48	11714	1	
48	11590	1	
48	11976	1	
48	8906	2	
48	5687	1	
48	19408	1	
48	6511	1	
48	9172	1	
48	14677	1	
48	3674	1	
48	7055	1	
48	16094	1	
48	4831	1	
48	14177	1	
48	2914	1	
48	22319	1	
48	2154	1	
48	20882	1	
48	20463	1	
48	13937	1	
48	3058	1	
48	1141	1	
48	12151	1	
48	1147	2	
48	637	1	
48	17150	1	
49	1280	1	
49	14721	1	
49	12162	1	
49	13316	1	
49	268	1	
49	12354	1	
49	15448	1	
49	19093	1	
49	12312	1	
49	3332	2	
49	22557	1	
49	20384	1	
49	7457	1	
49	15653	1	
49	22571	1	
49	4654	1	
49	21295	1	
49	9139	1	
49	19124	1	
49	12471	1	
49	20798	1	
49	5186	1	
49	13516	1	
49	3672	1	
49	9945	1	
49	5339	1	
49	8413	1	
49	549	1	
49	15456	1	
49	16998	1	
49	2025	1	
49	18283	1	
49	20463	1	
49	1140	1	
49	1141	1	
49	22121	1	
49	14969	1	
49	18042	1	
49	5244	1	
50	11394	1	
50	20203	1	
50	1668	1	
50	18181	1	
50	1671	1	
50	12162	1	
50	8079	1	
50	17688	1	
50	19348	1	
50	4868	1	
50	6423	1	
50	11672	1	
50	3332	1	
50	10011	1	
50	9884	1	
50	7453	1	
50	20384	2	
50	20257	1	
50	7844	1	
50	2524	1	
50	12202	1	
50	13230	1	
50	13113	1	
50	2329	1	
50	9541	1	
50	11974	1	
50	13388	1	
50	13516	1	
50	20429	1	
50	9038	1	
50	7065	1	
50	9684	1	
50	9047	1	
50	13532	1	
50	15994	1	
50	16224	1	
50	9835	1	
50	21613	2	
50	13937	2	
50	1141	1	
50	8568	1	
50	916	1	
50	11898	2	
50	1147	1	
