1	12930	2	
1	14725	1	
1	22209	1	
1	18056	1	
1	16649	1	
1	9047	1	
1	9069	1	
1	15042	1	
1	8079	1	
1	10641	1	
1	5394	1	
1	13331	1	
1	3220	2	
1	7903	1	
1	2841	1	
1	21874	1	
1	7579	1	
1	14448	1	
1	8989	2	
1	7326	1	
1	9887	1	
1	15119	1	
1	673	1	
1	7203	1	
1	19238	1	
1	20519	1	
1	15528	1	
1	6057	2	
1	10096	1	
1	3629	1	
1	15534	1	
1	22369	1	
1	15027	1	
1	7823	1	
1	7582	1	
1	8511	1	
1	15800	1	
1	21305	2	
1	20155	1	
1	18108	1	
1	19133	2	
1	15422	1	
1	4031	1	
1	4033	1	
1	11714	1	
1	16195	3	
1	7380	1	
1	7111	1	
1	7112	2	
1	4555	1	
1	588	1	
1	8013	1	
1	12625	2	
1	7634	1	
1	1443	1	
1	17108	2	
1	16981	1	
1	13398	1	
1	8761	1	
1	12717	1	
1	9691	1	
1	18140	1	
1	10206	1	
1	4831	1	
1	7777	1	
1	5627	1	
1	355	1	
1	5988	1	
1	21606	1	
1	487	1	
1	3217	1	
1	7394	1	
1	2322	1	
1	10862	2	
1	21873	1	
1	20384	1	
1	13937	1	
1	13682	2	
1	15735	1	
1	17016	1	
1	4217	1	
1	3775	1	
1	17788	1	
1	3197	1	
2	15874	1	
2	4623	1	
2	16913	1	
2	13850	1	
2	4635	1	
2	11293	1	
2	7715	2	
2	11815	1	
2	8745	1	
2	8236	2	
2	3629	1	
2	7216	1	
2	1076	1	
2	1590	4	
2	11835	2	
2	13885	1	
2	10303	1	
2	13889	1	
2	19523	1	
2	19524	1	
2	16969	1	
2	588	1	
2	2640	1	
2	18005	1	
2	13398	1	
2	21607	1	
2	10428	1	
2	15468	1	
2	15982	1	
2	9839	1	
2	6770	1	
2	3260	1	
2	1654	1	
2	19561	1	
2	14969	1	
2	4218	1	
2	11887	1	
2	16661	2	
2	12930	2	
2	5764	1	
2	7303	1	
2	10862	1	
2	6809	1	
2	7323	1	
2	13934	1	
2	20126	1	
2	6512	1	
2	20642	1	
2	7451	1	
2	9901	1	
2	15534	1	
2	17208	1	
2	17072	1	
2	16049	2	
2	19124	1	
2	1718	1	
2	8376	2	
2	2745	3	
2	20255	1	
2	8892	1	
2	19133	3	
2	2239	1	
2	22209	1	
2	14020	2	
2	9417	1	
2	12151	1	
2	13516	2	
2	20686	1	
2	5841	1	
2	10963	2	
2	718	1	
2	22232	1	
2	15579	1	
2	13022	1	
2	4831	2	
2	4834	2	
2	8421	1	
2	21097	1	
2	21224	1	
2	15593	1	
2	20519	1	
2	6898	1	
2	673	1	
2	15610	1	
2	1282	1	
2	19204	2	
2	4364	1	
2	12625	1	
2	10515	1	
2	18222	1	
2	21782	1	
2	2841	5	
2	1818	1	
2	5935	1	
2	7455	1	
2	8993	1	
2	13444	1	
2	4231	1	
2	10540	1	
2	3886	1	
2	815	1	
2	16862	1	
2	1336	1	
2	21305	3	
2	15675	1	
2	16778	1	
2	14645	1	
2	21312	1	
2	21841	1	
2	15190	2	
2	9047	1	
2	4440	1	
2	4441	1	
2	3419	1	
2	1375	1	
2	22369	1	
2	9069	1	
2	879	1	
2	15216	1	
2	5352	1	
2	16758	1	
2	20343	1	
2	8568	2	
2	8571	1	
2	1918	3	
2	21889	1	
2	1924	1	
2	6038	1	
2	10975	1	
2	5513	1	
2	17290	1	
2	1420	1	
2	11662	1	
2	20882	1	
2	8086	1	
2	3992	1	
2	8687	1	
2	15772	4	
2	7582	1	
2	20384	1	
2	14754	1	
2	19367	1	
2	6058	2	
2	6059	1	
2	3501	1	
2	16302	1	
2	15279	1	
2	11190	1	
2	11192	1	
2	13300	1	
2	16828	1	
2	22464	3	
2	16834	1	
2	13255	1	
2	17353	1	
2	6094	1	
2	13778	1	
2	16588	1	
2	3647	1	
2	16347	1	
2	10205	1	
2	6622	2	
2	10721	1	
2	19939	2	
2	5969	1	
2	7658	1	
2	16367	1	
2	5620	1	
2	8184	1	
2	16890	1	
2	11771	1	
2	1022	1	
3	12288	2	
3	15874	1	
3	19460	1	
3	22024	1	
3	17435	1	
3	11806	1	
3	20519	1	
3	4649	1	
3	13357	1	
3	10287	1	
3	1076	1	
3	5391	1	
3	21563	1	
3	12349	1	
3	19524	1	
3	15628	1	
3	15434	1	
3	8268	1	
3	11855	1	
3	9809	1	
3	9816	1	
3	14427	1	
3	8290	1	
3	17681	1	
3	15979	1	
3	21100	1	
3	13933	1	
3	15982	1	
3	14448	2	
3	5745	1	
3	6770	1	
3	10515	1	
3	1141	2	
3	17015	1	
3	13435	1	
3	19580	1	
3	17021	1	
3	6270	1	
3	1152	1	
3	12930	3	
3	12933	1	
3	646	1	
3	13451	1	
3	21784	1	
3	3220	1	
3	15473	1	
3	17067	1	
3	22188	2	
3	19124	1	
3	12981	1	
3	21176	1	
3	4793	1	
3	4795	2	
3	19133	3	
3	15042	1	
3	2244	1	
3	11979	1	
3	4303	1	
3	9425	1	
3	21723	1	
3	10468	1	
3	20713	1	
3	21234	1	
3	16628	1	
3	22262	1	
3	8449	1	
3	19204	1	
3	12588	1	
3	17163	2	
3	4364	1	
3	15119	1	
3	7952	1	
3	11025	1	
3	2322	1	
3	2323	1	
3	16662	1	
3	2840	1	
3	2841	1	
3	8989	1	
3	801	1	
3	3975	1	
3	8492	1	
3	18222	1	
3	15666	1	
3	1844	1	
3	21305	3	
3	3898	1	
3	3392	2	
3	3397	1	
3	17225	1	
3	8013	2	
3	12625	2	
3	21842	1	
3	10723	1	
3	11604	1	
3	4438	1	
3	19811	1	
3	8040	1	
3	10602	1	
3	9069	3	
3	9072	1	
3	12147	1	
3	12151	2	
3	16252	1	
3	1917	1	
3	12673	1	
3	16260	1	
3	16775	1	
3	11662	1	
3	8079	1	
3	3991	2	
3	3992	1	
3	1092	1	
3	8607	1	
3	20384	1	
3	4529	1	
3	7584	1	
3	15239	1	
3	17339	1	
3	3629	1	
3	22464	1	
3	4033	3	
3	4547	1	
3	15751	1	
3	15813	1	
3	13255	1	
3	6622	2	
3	19939	1	
3	6630	1	
3	489	1	
3	7506	1	
3	16878	1	
3	16367	1	
3	18420	2	
3	5623	1	
4	12288	3	
4	8705	1	
4	4610	1	
4	19460	1	
4	16901	1	
4	22032	2	
4	4115	1	
4	4116	1	
4	13849	1	
4	10269	1	
4	15903	2	
4	1574	1	
4	20519	2	
4	1576	1	
4	8753	1	
4	1076	1	
4	22581	1	
4	3641	1	
4	10820	1	
4	588	2	
4	15442	1	
4	18005	2	
4	9232	1	
4	13412	1	
4	626	1	
4	9331	1	
4	13428	1	
4	3197	1	
4	20609	2	
4	1160	1	
4	16017	1	
4	7319	1	
4	10410	1	
4	17067	1	
4	13490	1	
4	9398	1	
4	12471	1	
4	19131	3	
4	15548	1	
4	16586	1	
4	13516	1	
4	4303	1	
4	9424	1	
4	3796	1	
4	12501	1	
4	9432	1	
4	10464	1	
4	744	1	
4	6378	1	
4	14973	1	
4	1269	1	
4	18686	1	
4	15317	1	
4	14592	1	
4	19716	1	
4	4364	1	
4	7952	1	
4	18197	1	
4	21782	1	
4	18056	1	
4	2355	1	
4	5433	1	
4	16190	1	
4	834	1	
4	9033	1	
4	8013	1	
4	12625	2	
4	15190	1	
4	8539	1	
4	1380	1	
4	13681	1	
4	1922	1	
4	16774	1	
4	15751	1	
4	16194	1	
4	10644	1	
4	13723	1	
4	7582	1	
4	20384	1	
4	22437	2	
4	15273	1	
4	1466	1	
4	19900	1	
4	11714	1	
4	4555	1	
4	7629	1	
4	6989	1	
4	9169	1	
4	7637	1	
4	21841	1	
4	7660	1	
4	2130	1	
4	7155	1	
4	4599	1	
4	15864	2	
4	4602	1	
5	5632	1	
5	8449	1	
5	7691	1	
5	22030	1	
5	21251	1	
5	8726	1	
5	10264	1	
5	4635	1	
5	18975	1	
5	21619	1	
5	16424	1	
5	12848	1	
5	9777	1	
5	7219	1	
5	17466	1	
5	21563	1	
5	3134	1	
5	17983	1	
5	20547	1	
5	1099	1	
5	13388	1	
5	15438	1	
5	13398	1	
5	1627	1	
5	6750	1	
5	7777	1	
5	7780	1	
5	7782	1	
5	3260	1	
5	21613	1	
5	13936	1	
5	7794	1	
5	15987	1	
5	14969	1	
5	21632	1	
5	19588	1	
5	14469	1	
5	17544	1	
5	18569	1	
5	6377	1	
5	8346	1	
5	21104	1	
5	9890	1	
5	16549	1	
5	3953	1	
5	22186	1	
5	16839	1	
5	7852	1	
5	7854	1	
5	12465	2	
5	9331	1	
5	8892	1	
5	10433	1	
5	2244	1	
5	6344	1	
5	13514	1	
5	9424	1	
5	7380	1	
5	18645	1	
5	5889	1	
5	16608	1	
5	745	1	
5	15603	1	
5	22262	1	
5	15617	1	
5	19715	1	
5	4868	2	
5	4359	1	
5	7952	1	
5	6419	1	
5	2329	1	
5	16175	1	
5	10202	1	
5	7463	1	
5	21802	1	
5	12589	1	
5	7471	1	
5	7477	1	
5	20284	1	
5	21312	1	
5	4417	1	
5	9543	1	
5	12625	1	
5	5973	1	
5	9048	1	
5	14081	1	
5	6493	1	
5	5489	1	
5	12663	1	
5	1408	1	
5	12673	1	
5	391	1	
5	7064	1	
5	12191	1	
5	18851	1	
5	3492	1	
5	20389	1	
5	4527	1	
5	2291	1	
5	9146	1	
5	15808	1	
5	13255	1	
5	17359	1	
5	10196	1	
5	18393	1	
5	4570	1	
5	2524	2	
5	1501	1	
5	11742	1	
5	5089	1	
5	19943	1	
5	22508	1	
5	15857	1	
5	6644	1	
5	13813	1	
