1	21632	1	
1	13963	1	
1	4364	1	
1	11662	1	
1	4884	1	
1	18222	2	
1	22551	2	
1	9887	1	
1	7584	1	
1	10410	1	
1	8238	1	
1	16432	1	
1	5815	1	
1	18108	1	
1	19476	1	
1	3519	1	
1	7617	1	
1	11714	1	
1	2990	1	
1	7095	1	
1	17229	1	
1	16592	1	
1	12625	1	
1	8569	1	
1	18267	1	
1	10206	1	
1	19553	1	
1	7906	1	
1	10340	1	
1	21733	1	
1	17004	1	
1	9069	2	
1	20590	1	
1	1266	1	
1	17016	1	
1	5625	2	
1	12799	1	
2	12288	1	
2	9729	1	
2	7683	1	
2	12805	1	
2	17936	1	
2	11293	1	
2	15903	1	
2	2596	1	
2	6694	1	
2	13863	1	
2	11305	1	
2	1067	1	
2	16432	1	
2	6713	1	
2	3134	2	
2	13887	2	
2	16224	1	
2	22082	1	
2	20236	1	
2	11850	1	
2	13398	1	
2	4698	1	
2	12816	1	
2	12906	1	
2	15980	1	
2	21613	1	
2	1648	1	
2	1141	1	
2	17016	1	
2	17017	1	
2	128	1	
2	7300	1	
2	6790	1	
2	18540	1	
2	19596	1	
2	654	1	
2	9069	1	
2	21136	1	
2	3217	1	
2	9072	1	
2	20642	1	
2	22186	1	
2	683	1	
2	3764	1	
2	22200	2	
2	8892	2	
2	19133	1	
2	4290	6	
2	2761	1	
2	7371	1	
2	12495	1	
2	18128	1	
2	721	1	
2	21202	1	
2	10453	1	
2	10972	1	
2	10974	1	
2	7904	1	
2	12514	1	
2	15593	1	
2	4306	1	
2	4335	1	
2	22258	1	
2	246	1	
2	6908	1	
2	11008	1	
2	4868	1	
2	18181	1	
2	7432	1	
2	4364	4	
2	7952	1	
2	18197	3	
2	17041	1	
2	8989	1	
2	5406	1	
2	17184	1	
2	3878	1	
2	1169	1	
2	19243	1	
2	18222	1	
2	7471	3	
2	9520	1	
2	1844	1	
2	8502	1	
2	22327	1	
2	2873	1	
2	12604	1	
2	9536	1	
2	16706	1	
2	6984	2	
2	17225	1	
2	17229	1	
2	4432	1	
2	9047	2	
2	6489	1	
2	4960	1	
2	22369	1	
2	9617	2	
2	13674	1	
2	2450	1	
2	13680	1	
2	18289	2	
2	13682	1	
2	19124	1	
2	17785	1	
2	9086	1	
2	9600	1	
2	12673	1	
2	1922	1	
2	16775	1	
2	5514	1	
2	20366	1	
2	10639	1	
2	5009	1	
2	22418	2	
2	19349	1	
2	17304	1	
2	17313	1	
2	15778	1	
2	15273	1	
2	11178	1	
2	11181	2	
2	6064	1	
2	10162	1	
2	4019	1	
2	9145	1	
2	8641	1	
2	11714	4	
2	1482	1	
2	9167	1	
2	18904	1	
2	10206	1	
2	8683	1	
2	7660	1	
2	4589	1	
2	15856	1	
2	5625	1	
2	4602	1	
2	6652	1	
3	12288	1	
3	9047	1	
3	11065	1	
3	17424	1	
3	13331	1	
3	4116	1	
3	4117	1	
3	19478	1	
3	22551	1	
3	5149	1	
3	16414	1	
3	18977	1	
3	18267	1	
3	19718	1	
3	6694	1	
3	20519	2	
3	20010	1	
3	22573	1	
3	4145	1	
3	18483	1	
3	1076	1	
3	9278	1	
3	7605	1	
3	18528	1	
3	3650	1	
3	20547	1	
3	588	3	
3	20560	1	
3	11192	1	
3	21586	1	
3	595	1	
3	15447	1	
3	7768	1	
3	602	1	
3	4589	1	
3	8797	1	
3	19550	1	
3	7776	1	
3	7778	1	
3	1467	1	
3	18108	1	
3	1648	1	
3	13425	1	
3	1140	2	
3	1141	2	
3	17015	1	
3	4884	1	
3	123	1	
3	13951	1	
3	2176	1	
3	6791	2	
3	1163	1	
3	17041	2	
3	4754	1	
3	9875	1	
3	14489	1	
3	13979	2	
3	22181	1	
3	13478	1	
3	10408	1	
3	14509	1	
3	1710	1	
3	5808	1	
3	19124	2	
3	22200	1	
3	8892	3	
3	19133	5	
3	7870	1	
3	2239	1	
3	13504	1	
3	4290	2	
3	18628	1	
3	16417	3	
3	2761	1	
3	17611	1	
3	13516	4	
3	3278	1	
3	22223	1	
3	4306	1	
3	10963	1	
3	10453	3	
3	20695	2	
3	10972	1	
3	4317	1	
3	4831	1	
3	1763	1	
3	7397	1	
3	4326	1	
3	18154	1	
3	6383	1	
3	20722	1	
3	5875	1	
3	12670	1	
3	3321	2	
3	22266	1	
3	14592	2	
3	17024	1	
3	7938	1	
3	4867	1	
3	8454	1	
3	17162	1	
3	2310	1	
3	8749	1	
3	8376	1	
3	788	1	
3	19733	1	
3	7457	1	
3	16679	1	
3	5928	1	
3	16775	2	
3	21295	1	
3	15666	1	
3	1844	1	
3	7481	1	
3	17723	3	
3	15166	1	
3	3392	1	
3	833	2	
3	2882	1	
3	16195	1	
3	2375	1	
3	17740	1	
3	846	1	
3	14677	1	
3	21305	4	
3	11610	3	
3	22363	1	
3	16224	1	
3	5988	2	
3	22373	1	
3	1895	1	
3	2859	1	
3	15723	1	
3	9069	5	
3	18287	1	
3	2416	1	
3	12663	1	
3	12666	1	
3	8062	1	
3	5504	1	
3	12673	2	
3	18818	2	
3	15442	1	
3	10975	1	
3	13121	1	
3	9608	1	
3	10636	1	
3	17218	1	
3	7055	1	
3	22418	1	
3	3991	2	
3	1947	1	
3	15774	1	
3	17312	1	
3	17313	1	
3	20882	1	
3	22604	1	
3	12190	1	
3	21138	1	
3	4024	1	
3	17339	1	
3	3517	1	
3	8638	1	
3	22464	1	
3	20384	2	
3	20300	1	
3	9167	1	
3	17360	1	
3	7633	1	
3	5586	1	
3	7650	1	
3	7846	1	
3	6630	1	
3	3562	1	
3	8685	1	
3	16366	1	
3	1521	1	
3	499	1	
3	15871	2	
4	10763	1	
4	14509	1	
4	3088	1	
4	2578	1	
4	16915	1	
4	12823	1	
4	15384	1	
4	9244	2	
4	6687	1	
4	4128	1	
4	14369	1	
4	12325	1	
4	4647	1	
4	8236	1	
4	22061	2	
4	12852	1	
4	9278	2	
4	9279	1	
4	15426	1	
4	3652	1	
4	12360	1	
4	8779	1	
4	588	1	
4	12878	1	
4	3151	2	
4	592	1	
4	3157	1	
4	5729	1	
4	3175	1	
4	17004	1	
4	2157	4	
4	6770	2	
4	1141	1	
4	17016	1	
4	11902	2	
4	12930	3	
4	5251	1	
4	5765	1	
4	20503	1	
4	11406	3	
4	20625	2	
4	10901	1	
4	2710	1	
4	18071	2	
4	14493	1	
4	14496	3	
4	673	1	
4	13478	1	
4	4263	1	
4	15530	1	
4	4267	1	
4	15218	1	
4	1205	1	
4	8892	4	
4	19133	3	
4	14016	2	
4	11969	1	
4	20168	1	
4	7889	1	
4	13537	1	
4	19183	4	
4	17790	1	
4	17142	1	
4	15610	1	
4	13056	2	
4	20739	2	
4	22032	1	
4	16651	1	
4	3629	2	
4	21781	1	
4	15128	1	
4	11547	1	
4	8988	1	
4	11549	1	
4	18209	1	
4	1833	1	
4	15666	1	
4	11058	1	
4	3379	1	
4	19256	1	
4	13876	3	
4	4414	1	
4	15681	1	
4	13963	1	
4	17737	3	
4	14306	1	
4	854	1	
4	21305	3	
4	3419	1	
4	22368	1	
4	22369	1	
4	7528	1	
4	17771	1	
4	9069	1	
4	11120	1	
4	21874	1	
4	22551	1	
4	3961	1	
4	1917	1	
4	1918	1	
4	1921	1	
4	7044	1	
4	18837	1	
4	4502	1	
4	7481	1	
4	20384	1	
4	6056	1	
4	5552	1	
4	5554	1	
4	15177	1	
4	13245	1	
4	447	3	
4	13252	2	
4	18887	1	
4	3529	1	
4	11723	1	
4	10701	1	
4	17360	1	
4	15314	1	
4	11737	1	
4	16347	1	
4	12538	1	
4	19938	1	
4	22499	1	
4	7658	1	
4	14827	1	
4	494	1	
4	11760	1	
4	20468	1	
5	9729	1	
5	12930	1	
5	19460	2	
5	16775	2	
5	2839	1	
5	8706	1	
5	4111	1	
5	13844	1	
5	18837	1	
5	20505	1	
5	4868	1	
5	4250	1	
5	22557	1	
5	15774	1	
5	20384	1	
5	12825	1	
5	13863	1	
5	129	1	
5	18857	1	
5	14634	1	
5	3629	1	
5	18222	1	
5	14493	1	
5	1588	1	
5	2873	1	
5	4795	1	
5	12604	1	
5	4669	2	
5	4033	1	
5	11843	1	
5	13255	1	
5	587	1	
5	15820	1	
5	9167	1	
5	3536	2	
5	21841	1	
5	13663	1	
5	3541	2	
5	4438	1	
5	10206	1	
5	21727	1	
5	4432	1	
5	5988	1	
5	3175	1	
5	15979	1	
5	22252	1	
5	9069	1	
5	9072	1	
5	3060	1	
5	11637	1	
5	16705	1	
5	14969	1	
5	17148	1	
5	10975	1	
6	12288	1	
6	16902	1	
6	11275	1	
6	22551	1	
6	20519	1	
6	20012	1	
6	18483	1	
6	3647	1	
6	20547	1	
6	6220	1	
6	10829	1	
6	21586	3	
6	16981	1	
6	13401	1	
6	12378	1	
6	5212	1	
6	6756	1	
6	21606	1	
6	19056	1	
6	6770	1	
6	3187	1	
6	17015	1	
6	6776	1	
6	4218	1	
6	5246	1	
6	127	1	
6	13961	1	
6	17041	1	
6	4754	1	
6	18075	1	
6	683	1	
6	14509	1	
6	19133	2	
6	5321	1	
6	11471	1	
6	17016	1	
6	10963	1	
6	20695	2	
6	18554	1	
6	15584	1	
6	4834	1	
6	2278	1	
6	14033	1	
6	15609	1	
6	8954	1	
6	15621	1	
6	2310	1	
6	269	1	
6	17166	1	
6	4886	1	
6	2839	1	
6	7454	1	
6	18209	1	
6	11569	2	
6	15666	1	
6	17719	1	
6	21305	2	
6	8508	1	
6	6368	1	
6	17218	1	
6	16195	1	
6	17732	2	
6	2375	1	
6	5960	1	
6	16205	1	
6	20303	2	
6	11604	1	
6	13151	1	
6	13669	1	
6	1895	1	
6	13287	2	
6	9069	2	
6	19519	1	
6	19837	1	
6	7550	1	
6	18818	2	
6	12675	1	
6	16775	1	
6	904	1	
6	11672	1	
6	4000	1	
6	7323	1	
6	15273	2	
6	11178	1	
6	4020	1	
6	3003	1	
6	3517	1	
6	11714	2	
6	17859	1	
6	1997	1	
6	9167	1	
6	8660	1	
6	505	1	
6	6622	2	
6	1506	1	
6	10214	1	
6	999	1	
6	10219	1	
6	3568	1	
6	4081	1	
6	16888	1	
6	4601	1	
7	16390	1	
7	17424	1	
7	19473	1	
7	19476	1	
7	17943	1	
7	20505	1	
7	22557	1	
7	17951	1	
7	17956	1	
7	22571	1	
7	1074	1	
7	12852	1	
7	1590	1	
7	17975	1	
7	13880	1	
7	12349	1	
7	8776	1	
7	588	1	
7	5717	1	
7	18530	1	
7	9831	1	
7	9832	1	
7	14448	1	
7	15464	1	
7	6771	1	
7	10358	1	
7	13952	1	
7	18051	1	
7	13445	1	
7	18056	1	
7	7817	1	
7	11916	1	
7	4238	1	
7	2704	1	
7	6291	1	
7	6806	1	
7	19993	1	
7	6809	1	
7	1369	1	
7	671	1	
7	16049	2	
7	4795	1	
7	19133	2	
7	12481	1	
7	2763	1	
7	13516	1	
7	20695	2	
7	7903	1	
7	17637	1	
7	15590	1	
7	10471	1	
7	22258	1	
7	7637	2	
7	1280	1	
7	14082	1	
7	3339	1	
7	4364	2	
7	14093	1	
7	274	1	
7	2839	1	
7	5927	1	
7	2344	1	
7	9513	2	
7	21290	1	
7	20780	1	
7	16946	1	
7	11570	3	
7	8502	1	
7	21305	2	
7	20285	1	
7	16195	1	
7	2374	1	
7	8012	1	
7	12625	1	
7	6489	1	
7	1765	2	
7	22369	1	
7	9069	2	
7	9072	1	
7	7540	1	
7	17790	1	
7	18818	1	
7	15754	1	
7	11662	1	
7	20882	1	
7	14489	1	
7	22426	1	
7	15774	2	
7	16301	1	
7	4016	1	
7	11714	1	
7	13388	1	
7	9167	1	
7	464	1	
7	15317	1	
7	6622	1	
7	1504	1	
7	22500	1	
7	3047	1	
7	6651	1	
8	9600	1	
8	12663	1	
8	4438	1	
8	16902	1	
8	18952	1	
8	7817	1	
8	906	1	
8	22082	1	
8	3629	1	
8	16402	1	
8	13516	1	
8	18837	1	
8	15128	1	
8	3652	1	
8	16539	1	
8	15771	2	
8	20384	2	
8	290	1	
8	15523	1	
8	1670	1	
8	11303	1	
8	15778	1	
8	11178	2	
8	22572	1	
8	2605	1	
8	9520	3	
8	1457	1	
8	20537	1	
8	12426	1	
8	21305	4	
8	12602	1	
8	20155	1	
8	19133	4	
8	3647	1	
8	21312	1	
8	4290	2	
8	13252	1	
8	21702	1	
8	5321	1	
8	11723	1	
8	8012	1	
8	1997	1	
8	14286	1	
8	6223	1	
8	4432	1	
8	465	1	
8	10705	1	
8	20692	1	
8	854	1	
8	20695	1	
8	16616	1	
8	10972	1	
8	11301	2	
8	19938	1	
8	15855	1	
8	8421	1	
8	4326	1	
8	721	1	
8	13800	1	
8	8683	2	
8	22508	1	
8	9069	2	
8	1469	1	
8	14448	1	
8	9832	1	
8	1138	1	
8	8379	1	
8	14583	2	
8	12786	2	
8	127	1	
8	19580	1	
8	12157	1	
8	15487	1	
9	12288	2	
9	19460	1	
9	19464	1	
9	17339	2	
9	19476	1	
9	19479	1	
9	13849	1	
9	9244	1	
9	18209	1	
9	16414	1	
9	20000	1	
9	3627	1	
9	7219	1	
9	1076	1	
9	12341	1	
9	3647	1	
9	11335	2	
9	7752	1	
9	592	1	
9	21586	2	
9	15448	1	
9	10337	1	
9	18530	1	
9	7611	1	
9	18075	1	
9	9831	1	
9	19133	3	
9	6771	1	
9	1141	1	
9	17014	1	
9	18042	1	
9	128	1	
9	4225	1	
9	4226	1	
9	11398	1	
9	14985	1	
9	16012	1	
9	19598	1	
9	3217	1	
9	4755	1	
9	18068	1	
9	4248	1	
9	19098	1	
9	16539	1	
9	2207	1	
9	19626	1	
9	22188	1	
9	16054	1	
9	4795	1	
9	11466	1	
9	4291	1	
9	5750	1	
9	801	1	
9	16586	1	
9	12151	1	
9	22220	1	
9	9423	1	
9	10449	1	
9	10963	1	
9	20695	1	
9	15577	1	
9	10973	2	
9	10975	1	
9	742	1	
9	6895	1	
9	16625	1	
9	22262	1	
9	1273	1	
9	16123	1	
9	11008	1	
9	8449	1	
9	773	1	
9	3851	1	
9	5391	1	
9	16661	1	
9	13078	1	
9	2839	1	
9	17041	1	
9	2841	1	
9	11039	1	
9	4385	1	
9	8683	1	
9	6950	1	
9	15666	1	
9	21305	3	
9	12604	1	
9	6976	1	
9	3395	1	
9	17227	1	
9	20303	1	
9	12625	1	
9	4438	1	
9	11434	1	
9	15192	3	
9	17766	1	
9	8551	1	
9	3435	1	
9	9069	5	
9	18287	1	
9	9072	2	
9	16242	1	
9	5494	1	
9	12663	1	
9	17793	1	
9	7659	1	
9	12164	1	
9	16775	3	
9	904	1	
9	5517	1	
9	19861	1	
9	3992	1	
9	4507	1	
9	21146	1	
9	20384	2	
9	9122	1	
9	15771	1	
9	15784	1	
9	15273	1	
9	11178	1	
9	11179	1	
9	11336	1	
9	11186	1	
9	11193	1	
9	1467	1	
9	11709	1	
9	9152	1	
9	20299	1	
9	4037	1	
9	15432	1	
9	15820	1	
9	9167	1	
9	465	1	
9	7637	1	
9	14807	1	
9	8666	1	
9	1504	1	
9	17890	1	
9	4074	1	
9	15339	1	
9	11858	1	
9	4602	1	
9	11771	1	
9	6652	1	
9	15869	1	
9	6142	1	
10	16385	1	
10	19460	1	
10	16390	1	
10	11273	1	
10	13834	1	
10	12816	1	
10	13486	1	
10	12823	1	
10	12825	2	
10	9247	1	
10	1067	1	
10	8236	1	
10	16430	1	
10	22064	1	
10	3633	1	
10	1074	1	
10	1590	1	
10	9072	1	
10	3650	1	
10	20547	2	
10	12360	1	
10	588	1	
10	20560	1	
10	21586	1	
10	13398	1	
10	9816	1	
10	3674	1	
10	18876	2	
10	9831	1	
10	7785	1	
10	2667	1	
10	625	1	
10	16132	1	
10	9833	1	
10	11388	1	
10	14649	1	
10	13950	1	
10	13957	1	
10	4754	1	
10	19993	1	
10	673	1	
10	13477	1	
10	10407	1	
10	10408	1	
10	12743	1	
10	2220	1	
10	3758	1	
10	7347	1	
10	16054	1	
10	12471	1	
10	19133	1	
10	2243	1	
10	2166	1	
10	13514	1	
10	13516	1	
10	14285	1	
10	10962	1	
10	10963	2	
10	8921	1	
10	10972	1	
10	13022	1	
10	7397	1	
10	19716	1	
10	5867	1	
10	8437	1	
10	22262	1	
10	16119	1	
10	12026	1	
10	16123	2	
10	12031	1	
10	4867	1	
10	4868	2	
10	16661	1	
10	14618	1	
10	2345	1	
10	2348	1	
10	8669	1	
10	17200	1	
10	1844	1	
10	21305	1	
10	11066	1	
10	833	1	
10	15682	2	
10	3398	1	
10	3408	1	
10	12625	1	
10	11065	1	
10	4440	1	
10	22373	1	
10	5996	1	
10	6512	1	
10	5489	1	
10	4472	1	
10	19837	1	
10	3627	1	
10	4484	1	
10	16775	2	
10	11146	1	
10	3991	1	
10	11151	1	
10	11672	1	
10	20882	1	
10	19349	1	
10	2673	1	
10	3992	1	
10	5551	1	
10	9145	1	
10	19900	1	
10	22464	1	
10	16835	1	
10	16374	1	
10	13255	2	
10	5069	1	
10	9167	2	
10	7634	1	
10	467	1	
10	10205	2	
10	18911	1	
10	7138	1	
10	8683	1	
10	8685	2	
10	494	1	
10	10225	1	
10	16372	1	
10	16373	1	
10	1526	1	
10	4599	1	
10	15869	1	
10	20990	1	
11	12288	1	
11	19460	3	
11	6149	1	
11	20494	1	
11	22551	3	
11	13316	1	
11	9244	1	
11	22557	2	
11	18975	1	
11	8238	1	
11	4668	1	
11	8765	1	
11	10814	1	
11	3647	1	
11	3652	1	
11	19131	1	
11	8262	1	
11	11850	1	
11	13901	1	
11	9817	1	
11	10337	1	
11	15971	2	
11	105	1	
11	14448	1	
11	18548	1	
11	10358	1	
11	10360	1	
11	6265	1	
11	128	1	
11	129	2	
11	6786	1	
11	11398	1	
11	19764	1	
11	14475	1	
11	13452	1	
11	4238	1	
11	1167	1	
11	19094	1	
11	12446	1	
11	19619	1	
11	13478	1	
11	10408	2	
11	20649	1	
11	14509	1	
11	3758	1	
11	5149	1	
11	12471	1	
11	11449	1	
11	6687	1	
11	19133	1	
11	11723	1	
11	11471	1	
11	18128	1	
11	15317	1	
11	719	1	
11	15582	2	
11	7392	1	
11	19180	1	
11	19694	1	
11	18162	1	
11	17790	1	
11	21750	2	
11	11511	1	
11	17148	1	
11	11007	1	
11	5382	1	
11	18185	1	
11	4364	2	
11	18197	1	
11	279	1	
11	1305	1	
11	18209	1	
11	646	1	
11	19238	1	
11	16775	1	
11	4061	1	
11	15666	1	
11	1844	1	
11	2873	1	
11	7487	1	
11	6464	1	
11	13963	1	
11	14673	1	
11	3413	1	
11	21305	1	
11	22368	1	
11	875	1	
11	9069	1	
11	7684	3	
11	9072	1	
11	8564	1	
11	15222	1	
11	11641	1	
11	7546	2	
11	12670	1	
11	1410	1	
11	16363	4	
11	14725	2	
11	1415	1	
11	3978	1	
11	395	1	
11	18460	1	
11	16271	1	
11	10129	1	
11	20882	1	
11	3992	1	
11	7069	1	
11	4000	3	
11	17313	2	
11	18852	1	
11	4521	1	
11	9644	1	
11	17336	1	
11	15434	1	
11	17312	1	
11	11714	2	
11	15819	1	
11	9684	1	
11	4053	1	
11	10205	1	
11	7647	1	
11	999	1	
11	18463	1	
11	17899	1	
11	13451	1	
11	505	1	
11	15869	1	
12	15874	1	
12	7684	3	
12	20494	2	
12	2063	1	
12	22551	4	
12	3610	2	
12	11292	1	
12	5149	1	
12	6686	1	
12	19718	1	
12	6694	1	
12	8236	1	
12	11821	2	
12	8238	1	
12	17463	1	
12	13884	1	
12	19131	2	
12	18503	4	
12	11850	1	
12	15948	1	
12	2640	1	
12	21586	3	
12	15971	1	
12	18005	1	
12	603	1	
12	8803	1	
12	18023	1	
12	14448	2	
12	5234	1	
12	10358	1	
12	21627	1	
12	129	1	
12	131	1	
12	13445	1	
12	16519	1	
12	14482	2	
12	15508	2	
12	3221	1	
12	6809	2	
12	14493	1	
12	16030	1	
12	19619	1	
12	680	1	
12	18460	2	
12	6770	1	
12	11444	1	
12	8376	1	
12	3258	1	
12	8379	1	
12	8892	1	
12	21699	2	
12	20686	4	
12	5840	1	
12	12505	1	
12	2273	1	
12	20717	1	
12	6382	1	
12	7409	5	
12	7410	1	
12	8961	1	
12	5382	1	
12	20238	1	
12	8749	1	
12	1305	1	
12	8988	2	
12	2344	1	
12	7303	1	
12	16175	1	
12	16691	1	
12	19764	2	
12	14148	1	
12	13128	1	
12	17225	1	
12	11600	1	
12	16229	1	
12	13160	1	
12	13161	2	
12	5995	1	
12	1170	1	
12	13679	2	
12	15216	1	
12	5489	1	
12	15218	1	
12	2932	2	
12	15222	1	
12	8579	1	
12	10636	1	
12	10637	1	
12	16273	1	
12	14743	1	
12	1947	1	
12	12188	1	
12	17312	1	
12	18852	1	
12	2990	1	
12	7604	1	
12	7605	1	
12	9145	1	
12	1469	1	
12	20384	1	
12	11714	1	
12	588	3	
12	4555	1	
12	4556	1	
12	4601	1	
12	19943	1	
12	13800	1	
12	16363	4	
12	11760	1	
12	10408	1	
12	16373	4	
12	5623	1	
12	505	1	
12	18940	1	
12	5677	1	
12	5119	1	
13	19460	1	
13	12806	1	
13	7178	1	
13	20494	1	
13	16911	1	
13	20505	1	
13	3610	3	
13	14682	2	
13	15903	1	
13	10282	1	
13	8749	1	
13	3133	1	
13	19519	1	
13	18503	4	
13	15434	1	
13	15949	1	
13	2640	1	
13	21586	2	
13	3171	1	
13	18005	1	
13	21945	1	
13	18528	1	
13	19555	1	
13	8636	1	
13	21613	1	
13	10863	1	
13	21617	2	
13	873	1	
13	128	1	
13	16513	1	
13	6791	1	
13	18569	1	
13	19595	1	
13	13453	1	
13	19598	1	
13	1167	1	
13	13970	1	
13	13979	1	
13	16547	2	
13	10407	5	
13	680	1	
13	8989	1	
13	3760	1	
13	5301	1	
13	5309	1	
13	4289	1	
13	4290	1	
13	16581	1	
13	20686	1	
13	4306	1	
13	7380	1	
13	10972	4	
13	10974	1	
13	12481	1	
13	12007	1	
13	745	1	
13	4818	1	
13	6382	1	
13	3313	1	
13	1266	2	
13	3844	1	
13	13559	2	
13	11514	1	
13	11008	2	
13	19716	1	
13	3845	1	
13	2310	1	
13	17671	1	
13	19726	1	
13	21264	1	
13	8988	1	
13	797	1	
13	2351	1	
13	19764	1	
13	12602	1	
13	8507	1	
13	20285	1	
13	3392	1	
13	13128	1	
13	13129	3	
13	16203	1	
13	17228	1	
13	8013	1	
13	9044	1	
13	21333	1	
13	3417	2	
13	2394	1	
13	15709	1	
13	15199	1	
13	15713	1	
13	13161	2	
13	17810	1	
13	5489	1	
13	17788	1	
13	12164	1	
13	906	2	
13	395	1	
13	20882	1	
13	917	1	
13	3991	2	
13	12190	2	
13	14743	1	
13	22442	1	
13	15275	1	
13	17225	1	
13	12216	1	
13	21433	1	
13	11708	2	
13	11850	2	
13	22464	1	
13	11714	1	
13	17227	1	
13	19913	1	
13	19914	1	
13	5623	1	
13	7122	1	
13	9684	1	
13	6622	1	
13	19939	1	
13	13799	1	
13	10408	1	
13	16373	2	
13	18423	2	
14	12288	2	
14	8013	1	
14	22188	1	
14	7690	2	
14	4110	1	
14	22032	1	
14	2578	1	
14	22551	5	
14	1048	1	
14	5149	3	
14	19726	1	
14	1578	1	
14	3629	1	
14	8238	2	
14	4146	1	
14	8250	1	
14	11835	1	
14	575	1	
14	12354	1	
14	11850	1	
14	588	2	
14	9809	1	
14	9811	1	
14	18005	2	
14	11449	2	
14	13912	1	
14	7258	1	
14	3676	1	
14	12816	1	
14	3171	1	
14	16998	1	
14	18022	1	
14	1895	1	
14	5740	1	
14	21613	1	
14	21102	1	
14	11887	2	
14	14448	2	
14	21617	1	
14	21111	1	
14	6776	1	
14	6265	1	
14	11898	1	
14	13440	1	
14	129	1	
14	18052	1	
14	18056	1	
14	12426	1	
14	15499	1	
14	5268	1	
14	18075	1	
14	16544	1	
14	16037	1	
14	10408	1	
14	683	2	
14	11436	1	
14	14509	1	
14	15033	1	
14	19131	1	
14	21695	2	
14	13516	1	
14	4818	2	
14	19155	1	
14	3313	2	
14	21234	1	
14	22262	2	
14	7933	1	
14	11007	1	
14	128	1	
14	4868	1	
14	18049	1	
14	3339	1	
14	4364	1	
14	4366	1	
14	21264	1	
14	16662	1	
14	11032	1	
14	18714	1	
14	19741	1	
14	1827	1	
14	7463	1	
14	3880	2	
14	18222	1	
14	7483	1	
14	7485	1	
14	16706	1	
14	11075	1	
14	22340	1	
14	17228	1	
14	17229	1	
14	12625	1	
14	14677	1	
14	15190	1	
14	14682	2	
14	14690	2	
14	12135	1	
14	13161	2	
14	13682	1	
14	12151	2	
14	7548	1	
14	21380	1	
14	1413	1	
14	3650	1	
14	22418	1	
14	15971	1	
14	11156	1	
14	18837	1	
14	8086	1	
14	3992	1	
14	12188	1	
14	925	1	
14	17312	4	
14	15856	1	
14	18162	1	
14	9145	1	
14	19900	2	
14	3517	1	
14	11710	1	
14	20384	1	
14	11714	2	
14	7623	1	
14	12746	2	
14	16845	1	
14	9167	3	
14	16848	2	
14	15317	1	
14	4058	1	
14	12768	1	
14	10212	1	
14	16363	1	
14	11760	1	
14	5623	1	
14	6650	1	
14	6652	1	
14	6142	1	
15	9047	1	
15	16936	1	
15	1578	1	
15	17966	1	
15	16432	1	
15	9269	1	
15	11444	1	
15	13884	1	
15	8260	1	
15	8781	1	
15	12878	1	
15	12880	1	
15	21586	1	
15	18005	1	
15	16470	1	
15	7777	1	
15	21608	1	
15	3943	1	
15	18540	1	
15	6771	1	
15	5750	1	
15	5246	1	
15	128	1	
15	13445	1	
15	646	1	
15	9863	1	
15	18575	1	
15	3217	1	
15	3220	1	
15	4247	1	
15	665	1	
15	1990	1	
15	13389	1	
15	19124	1	
15	11449	1	
15	19133	3	
15	8898	1	
15	14026	1	
15	13516	1	
15	18128	1	
15	4818	1	
15	14035	1	
15	3796	1	
15	1266	1	
15	1283	1	
15	18185	1	
15	12345	1	
15	6423	1	
15	281	1	
15	1827	1	
15	9351	1	
15	1844	1	
15	16695	1	
15	21305	1	
15	5434	1	
15	20284	1	
15	3392	1	
15	22340	1	
15	14668	2	
15	17229	1	
15	18769	1	
15	5433	1	
15	3417	1	
15	7517	1	
15	5474	1	
15	14993	1	
15	4464	1	
15	5500	1	
15	7041	1	
15	904	1	
15	4492	1	
15	10644	1	
15	3652	1	
15	7582	1	
15	20384	1	
15	22437	1	
15	16301	2	
15	15278	1	
15	1461	1	
15	1466	1	
15	11708	1	
15	21950	1	
15	11714	1	
15	16838	1	
15	9167	1	
15	7154	1	
15	7670	1	
15	3064	2	
15	4602	2	
16	12288	1	
16	7684	1	
16	12816	2	
16	10263	1	
16	20504	1	
16	15903	2	
16	12325	1	
16	12329	1	
16	8749	1	
16	7217	1	
16	1074	1	
16	13884	1	
16	18016	1	
16	7241	1	
16	588	2	
16	21586	1	
16	6741	1	
16	2647	1	
16	6234	1	
16	12891	1	
16	10407	1	
16	15968	1	
16	7777	1	
16	16998	2	
16	1133	1	
16	5743	1	
16	13440	1	
16	129	1	
16	6790	1	
16	22551	2	
16	19598	1	
16	14493	1	
16	16035	1	
16	18087	1	
16	17577	1	
16	683	1	
16	11953	1	
16	19126	1	
16	16057	1	
16	8892	1	
16	7870	1	
16	11471	1	
16	12067	1	
16	19156	1	
16	10972	1	
16	10973	1	
16	6883	1	
16	6372	1	
16	6375	1	
16	18162	1	
16	4049	1	
16	18185	1	
16	3339	2	
16	4364	1	
16	3629	1	
16	19731	1	
16	18197	1	
16	1827	1	
16	646	1	
16	17337	1	
16	15666	1	
16	15157	1	
16	15673	3	
16	7483	1	
16	20284	1	
16	20286	1	
16	5448	1	
16	8012	1	
16	3919	1	
16	11600	1	
16	12625	1	
16	14677	1	
16	21849	1	
16	1374	1	
16	22369	1	
16	5996	1	
16	15218	1	
16	15166	1	
16	8568	2	
16	15227	1	
16	13697	1	
16	8579	1	
16	16773	1	
16	2442	1	
16	17291	1	
16	16273	1	
16	22418	1	
16	11709	1	
16	5534	1	
16	12194	1	
16	12195	1	
16	19879	1	
16	4011	1	
16	2990	2	
16	8628	1	
16	9145	1	
16	1467	1	
16	11708	1	
16	1469	1	
16	8638	1	
16	7104	1	
16	11714	2	
16	13766	1	
16	9167	2	
16	9169	1	
16	5586	1	
16	9171	1	
16	7637	1	
16	20303	1	
16	10206	1	
16	16363	1	
16	16367	1	
16	11760	1	
16	7155	1	
16	528	1	
16	5623	3	
16	18426	1	
16	11771	1	
17	12288	3	
17	683	1	
17	19461	1	
17	7686	1	
17	4617	1	
17	16301	1	
17	12816	1	
17	1041	1	
17	7683	1	
17	19478	1	
17	10263	1	
17	1048	2	
17	11292	1	
17	7258	1	
17	15903	2	
17	4135	1	
17	22571	1	
17	8749	1	
17	10286	1	
17	1076	1	
17	7546	2	
17	13884	2	
17	5182	1	
17	3648	1	
17	3652	1	
17	585	1	
17	588	1	
17	9809	1	
17	21586	3	
17	6741	1	
17	602	1	
17	18528	1	
17	17936	1	
17	15971	1	
17	3175	1	
17	11708	1	
17	1469	1	
17	14448	1	
17	6770	2	
17	14526	1	
17	18553	1	
17	15994	1	
17	18556	1	
17	3197	2	
17	128	1	
17	3201	1	
17	7810	1	
17	13445	1	
17	3720	1	
17	13961	1	
17	4235	1	
17	20418	1	
17	1167	1	
17	3217	1	
17	13459	1	
17	3220	2	
17	1305	1	
17	665	2	
17	18075	1	
17	16547	1	
17	10408	2	
17	17067	1	
17	4780	1	
17	626	1	
17	19595	1	
17	11449	1	
17	20155	1	
17	8892	2	
17	19133	1	
17	7870	1	
17	14527	1	
17	21696	1	
17	12481	1	
17	1733	1	
17	4302	1	
17	17106	1	
17	4317	1	
17	10464	1	
17	10467	2	
17	8421	3	
17	3824	1	
17	20722	1	
17	17651	1	
17	14584	1	
17	2310	1	
17	4364	3	
17	10510	2	
17	15119	1	
17	7952	1	
17	276	1	
17	3353	1	
17	18209	1	
17	18212	2	
17	4901	1	
17	7463	1	
17	14123	1	
17	18222	1	
17	16175	2	
17	17200	1	
17	16177	1	
17	1844	1	
17	19254	1	
17	21305	1	
17	6461	2	
17	16195	1	
17	7410	1	
17	17740	1	
17	909	1	
17	4433	1	
17	9443	1	
17	9556	1	
17	7514	1	
17	7515	1	
17	22369	1	
17	19810	1	
17	13160	1	
17	7018	1	
17	15723	1	
17	15724	1	
17	9069	1	
17	14703	1	
17	19824	1	
17	5498	4	
17	6012	1	
17	18307	1	
17	12164	1	
17	16774	1	
17	906	1	
17	907	1	
17	8589	1	
17	2446	1	
17	22418	2	
17	15254	1	
17	407	1	
17	11672	2	
17	22426	1	
17	7584	1	
17	15856	1	
17	9122	1	
17	11931	1	
17	11684	2	
17	1959	1	
17	15275	1	
17	1266	1	
17	12852	1	
17	8626	1	
17	1466	3	
17	11196	1	
17	11709	1	
17	11710	1	
17	11201	1	
17	11714	2	
17	7110	1	
17	13255	1	
17	14668	1	
17	973	1	
17	8144	1	
17	16804	2	
17	18767	1	
17	16348	1	
17	18911	1	
17	21991	1	
17	10728	1	
17	16367	1	
17	11760	3	
17	7155	1	
17	3060	1	
17	12791	1	
17	12799	1	
18	3588	2	
18	21003	1	
18	17428	2	
18	16919	1	
18	4612	1	
18	17671	1	
18	8749	2	
18	20028	1	
18	12354	1	
18	15448	2	
18	698	1	
18	18022	1	
18	9832	1	
18	11902	1	
18	14466	1	
18	21642	2	
18	1167	1	
18	5264	2	
18	10408	1	
18	10410	1	
18	14522	1	
18	19133	4	
18	7870	1	
18	15558	1	
18	20168	1	
18	16075	2	
18	9423	1	
18	4303	1	
18	10972	1	
18	7903	1	
18	8416	1	
18	12521	1	
18	12522	1	
18	16628	1	
18	1833	1	
18	22266	1	
18	1280	2	
18	2307	2	
18	2309	1	
18	1798	1	
18	775	1	
18	780	1	
18	22288	1	
18	6419	1	
18	10004	1	
18	13592	1	
18	2330	1	
18	20254	2	
18	17183	1	
18	7457	1	
18	2344	1	
18	6441	2	
18	15148	1	
18	15149	1	
18	21295	1	
18	1844	1	
18	17209	1	
18	20794	1	
18	1340	1	
18	19719	1	
18	1858	1	
18	3980	1	
18	17229	1	
18	14677	3	
18	4438	1	
18	21305	1	
18	18267	1	
18	4359	1	
18	13884	1	
18	22386	1	
18	17788	1	
18	13184	2	
18	22405	2	
18	14215	1	
18	10636	2	
18	15170	1	
18	22418	1	
18	11672	1	
18	17307	1	
18	10652	1	
18	13727	1	
18	19361	1	
18	15266	1	
18	18852	1	
18	7078	1	
18	15279	1	
18	19599	1	
18	11709	1	
18	16373	1	
18	16835	1	
18	16631	1	
18	4002	1	
18	9684	1	
18	9691	1	
18	14306	1	
18	13800	1	
18	494	1	
18	11760	2	
18	11762	1	
18	22517	1	
18	11771	2	
19	15874	2	
19	7684	1	
19	13834	1	
19	6741	1	
19	4116	1	
19	22551	1	
19	4122	1	
19	15903	3	
19	21536	1	
19	13890	1	
19	12360	2	
19	11850	1	
19	588	1	
19	21586	2	
19	18005	1	
19	3674	1	
19	7265	2	
19	3171	1	
19	16998	2	
19	5745	1	
19	2166	1	
19	11113	1	
19	17016	1	
19	128	1	
19	6791	1	
19	1163	2	
19	13452	1	
19	3217	1	
19	11927	1	
19	10407	1	
19	10923	1	
19	7345	1	
19	8892	1	
19	19133	2	
19	7870	1	
19	12481	1	
19	13516	1	
19	5324	1	
19	20686	1	
19	14033	1	
19	7379	1	
19	12503	1	
19	10975	1	
19	5882	1	
19	5885	1	
19	4364	2	
19	17170	1	
19	18197	1	
19	7964	1	
19	15648	1	
19	17185	1	
19	18222	2	
19	1844	1	
19	21305	1	
19	12602	1	
19	22340	1	
19	17225	1	
19	21841	1	
19	910	1	
19	7514	1	
19	15714	1	
19	2915	1	
19	13969	1	
19	5481	1	
19	5489	1	
19	8568	1	
19	7546	1	
19	893	1	
19	12164	1	
19	17290	1	
19	2446	1	
19	10128	1	
19	1425	1	
19	13727	1	
19	16301	1	
19	2990	1	
19	7601	1	
19	435	1	
19	4030	1	
19	11714	1	
19	13768	1	
19	22604	1	
19	4555	1	
19	9171	1	
19	21466	1	
19	11760	1	
19	502	1	
19	5623	1	
19	6652	1	
19	17918	1	
19	14677	1	
20	12288	1	
20	8449	1	
20	20494	2	
20	7695	1	
20	11792	1	
20	22551	4	
20	10264	1	
20	9754	1	
20	13863	2	
20	22571	1	
20	1068	1	
20	8749	1	
20	10287	1	
20	8753	1	
20	1074	1	
20	9268	1	
20	13881	2	
20	7741	2	
20	10814	4	
20	19519	3	
20	7745	2	
20	20547	3	
20	5189	2	
20	588	1	
20	21586	1	
20	18005	2	
20	6231	1	
20	1626	1	
20	2141	1	
20	19553	1	
20	19556	1	
20	17000	1	
20	19900	1	
20	1895	1	
20	4541	1	
20	21617	1	
20	19060	1	
20	3702	1	
20	15994	1	
20	14462	1	
20	3711	1	
20	128	1	
20	129	3	
20	14978	1	
20	6791	1	
20	13961	1	
20	1048	1	
20	8387	1	
20	15508	1	
20	15512	1	
20	4762	1	
20	14495	1	
20	10407	5	
20	10408	2	
20	13440	1	
20	3255	2	
20	11449	1	
20	21696	3	
20	22211	1	
20	15046	1	
20	2251	1	
20	2253	2	
20	1233	2	
20	6436	1	
20	18140	1	
20	7396	1	
20	741	1	
20	15084	1	
20	19694	1	
20	22257	1	
20	15615	1	
20	1280	1	
20	3329	7	
20	4868	1	
20	15621	5	
20	2310	1	
20	12505	1	
20	7960	1	
20	13593	1	
20	7963	2	
20	8989	2	
20	21796	1	
20	19751	1	
20	10972	1	
20	18222	1	
20	12081	3	
20	15666	2	
20	19593	2	
20	2873	1	
20	10555	1	
20	831	1	
20	6464	1	
20	1345	1	
20	15175	2	
20	17227	1	
20	17763	1	
20	3217	1	
20	13161	1	
20	14703	1	
20	6000	1	
20	13685	1	
20	16260	1	
20	17216	1	
20	12675	1	
20	12676	3	
20	9608	1	
20	395	2	
20	8588	1	
20	10644	1	
20	17302	1	
20	5017	1	
20	3992	1	
20	11673	1	
20	15258	2	
20	7069	1	
20	7749	1	
20	7584	1	
20	11760	1	
20	13222	1	
20	13751	1	
20	3002	1	
20	11708	3	
20	11709	2	
20	1525	1	
20	4545	1	
20	9547	1	
20	16075	1	
20	9167	1	
20	8144	1	
20	7124	1	
20	15317	2	
20	4602	1	
20	5086	1	
20	3553	1	
20	15856	2	
20	18421	1	
20	5623	1	
20	18426	1	
20	15804	1	
20	6652	2	
21	15874	1	
21	22551	1	
21	4868	1	
21	11806	1	
21	21536	1	
21	22571	1	
21	8236	2	
21	16431	1	
21	9777	1	
21	3636	1	
21	13889	1	
21	11850	1	
21	21586	2	
21	18005	2	
21	3679	1	
21	16998	1	
21	20592	1	
21	6776	1	
21	14459	1	
21	20607	1	
21	19593	1	
21	12429	1	
21	1167	1	
21	19993	1	
21	4253	1	
21	10408	1	
21	10411	1	
21	12466	1	
21	16058	1	
21	2766	1	
21	20686	1	
21	8143	1	
21	12510	1	
21	19716	1	
21	12010	1	
21	19694	1	
21	15616	1	
21	4356	1	
21	17671	1	
21	18185	3	
21	4364	3	
21	7952	1	
21	18197	1	
21	14725	1	
21	2344	1	
21	10552	1	
21	6464	1	
21	6989	1	
21	14677	1	
21	9047	1	
21	6489	1	
21	18267	1	
21	2407	2	
21	7016	1	
21	6511	1	
21	17790	1	
21	12673	1	
21	4484	1	
21	16773	1	
21	395	1	
21	1420	1	
21	910	2	
21	10129	1	
21	22418	1	
21	3991	1	
21	22426	1	
21	7579	1	
21	4000	1	
21	11760	2	
21	15266	1	
21	13723	1	
21	2990	1	
21	14493	1	
21	1466	1	
21	11708	1	
21	11710	1	
21	11723	1	
21	4558	1	
21	17229	1	
21	9684	1	
21	8156	1	
21	10205	1	
21	21984	1	
21	15856	1	
21	7155	1	
21	5623	1	
21	18426	1	
21	11771	1	
21	5118	1	
22	9729	1	
22	19461	1	
22	19276	1	
22	2063	1	
22	13128	2	
22	2065	1	
22	22551	10	
22	10264	1	
22	9241	1	
22	22557	1	
22	13863	3	
22	8236	1	
22	8238	1	
22	7537	1	
22	3633	1	
22	22581	2	
22	5686	1	
22	5687	1	
22	2105	1	
22	20547	3	
22	7749	1	
22	14921	1	
22	8778	1	
22	1099	1	
22	18688	1	
22	2640	1	
22	21586	1	
22	21945	2	
22	18528	1	
22	2747	1	
22	10340	2	
22	17000	1	
22	9833	1	
22	17004	1	
22	21613	1	
22	20590	1	
22	11887	1	
22	625	1	
22	13161	2	
22	6776	1	
22	14969	1	
22	123	1	
22	3710	2	
22	127	1	
22	128	2	
22	129	3	
22	2179	1	
22	20103	1	
22	13960	1	
22	18029	2	
22	11925	1	
22	21142	1	
22	19993	1	
22	15512	1	
22	10407	5	
22	17293	1	
22	20649	1	
22	8874	1	
22	4267	1	
22	9901	2	
22	15539	1	
22	4277	1	
22	12471	1	
22	12929	1	
22	8378	1	
22	3259	1	
22	8892	5	
22	7870	1	
22	21696	2	
22	21699	1	
22	893	1	
22	3788	1	
22	7370	1	
22	119	1	
22	13516	2	
22	20177	1	
22	21202	1	
22	21203	1	
22	7893	1	
22	12503	1	
22	12505	1	
22	20187	1	
22	4831	1	
22	2273	1	
22	12008	1	
22	22252	2	
22	7122	2	
22	3311	1	
22	22256	1	
22	3313	6	
22	22258	1	
22	19190	1	
22	18174	1	
22	15616	2	
22	8449	2	
22	4868	5	
22	15621	2	
22	2310	1	
22	17671	2	
22	1813	1	
22	15642	2	
22	8988	1	
22	800	2	
22	7457	1	
22	8753	1	
22	10555	1	
22	10545	1	
22	7476	1	
22	19769	1	
22	10043	1	
22	6464	1	
22	14145	2	
22	3395	1	
22	22464	1	
22	6982	1	
22	6984	1	
22	5449	1	
22	8012	2	
22	3469	1	
22	11600	2	
22	12625	1	
22	5970	1	
22	14677	3	
22	9047	2	
22	14682	6	
22	15707	1	
22	12127	1	
22	4960	1	
22	22370	1	
22	7483	1	
22	13159	2	
22	7528	1	
22	20329	2	
22	11632	1	
22	2929	1	
22	12147	1	
22	20854	1	
22	12151	1	
22	7546	1	
22	2941	1	
22	9600	1	
22	16775	1	
22	17290	1	
22	10636	1	
22	909	2	
22	10638	2	
22	8086	1	
22	13723	1	
22	12188	1	
22	20384	1	
22	1445	1	
22	16807	1	
22	2990	3	
22	19377	1	
22	19381	1	
22	13129	1	
22	9145	2	
22	7823	1	
22	11709	1	
22	11710	1	
22	18421	1	
22	15808	1	
22	11714	3	
22	19396	1	
22	17228	1	
22	9169	3	
22	11218	1	
22	9171	1	
22	15317	2	
22	4058	1	
22	10206	1	
22	12768	2	
22	3408	1	
22	19939	1	
22	8166	1	
22	489	1	
22	20459	1	
22	11858	1	
22	6126	1	
22	5489	2	
22	18420	3	
22	16373	1	
22	16374	1	
22	18424	3	
22	18426	1	
22	8188	1	
22	3413	1	
23	15874	2	
23	19460	2	
23	8449	1	
23	7690	1	
23	2065	1	
23	19993	6	
23	5148	1	
23	13854	1	
23	22571	1	
23	8236	1	
23	8749	1	
23	9777	1	
23	1074	1	
23	22581	1	
23	2113	1	
23	20547	6	
23	7749	1	
23	18503	2	
23	15432	1	
23	4169	1	
23	11850	4	
23	1099	1	
23	588	7	
23	21586	2	
23	16474	1	
23	1627	1	
23	13404	1	
23	8797	1	
23	3678	1	
23	21601	2	
23	17339	1	
23	18022	1	
23	17004	1	
23	11887	1	
23	6770	5	
23	1141	3	
23	1654	1	
23	6776	1	
23	14459	1	
23	13951	1	
23	5248	1	
23	14466	2	
23	3203	1	
23	13444	1	
23	5765	1	
23	13961	1	
23	19598	1	
23	20112	2	
23	18577	1	
23	19093	1	
23	21142	1	
23	22167	1	
23	15512	3	
23	14489	1	
23	6305	1	
23	4780	1	
23	5234	1	
23	8878	1	
23	13493	1	
23	12471	2	
23	3256	1	
23	5818	1	
23	20155	1	
23	8892	5	
23	7870	1	
23	7360	1	
23	12999	1	
23	16075	1	
23	13516	1	
23	11471	1	
23	4306	1	
23	11477	1	
23	12503	1	
23	7897	1	
23	12510	1	
23	2271	1	
23	740	1	
23	8421	1	
23	12007	1	
23	12010	1	
23	127	1	
23	20717	1	
23	3313	2	
23	22258	2	
23	22267	1	
23	15615	1	
23	11008	1	
23	13440	1	
23	2309	2	
23	19718	1	
23	128	1	
23	11479	1	
23	19725	1	
23	9487	1	
23	7952	1	
23	4373	1	
23	12505	1	
23	15642	1	
23	7451	1	
23	20256	1	
23	10289	1	
23	19238	1	
23	7463	2	
23	7471	1	
23	5425	1	
23	20794	1	
23	7483	1	
23	15679	1	
23	16193	1	
23	22339	1	
23	1351	1	
23	15177	1	
23	1866	1	
23	4429	1	
23	20303	1	
23	9554	1	
23	14677	1	
23	9046	1	
23	14682	2	
23	18267	3	
23	1892	1	
23	13677	1	
23	13682	1	
23	7540	1	
23	14725	2	
23	13704	1	
23	2442	2	
23	395	2	
23	10638	1	
23	17811	1	
23	14743	1	
23	8603	1	
23	22433	1	
23	15767	1	
23	22442	1	
23	4338	1	
23	11710	1	
23	1467	1	
23	11709	1	
23	17854	1	
23	15808	1	
23	13768	1	
23	20942	1	
23	17229	1	
23	9169	2	
23	10206	1	
23	21984	1	
23	10209	1	
23	19938	1	
23	19939	1	
23	10214	1	
23	17899	1	
23	7148	1	
23	11760	3	
23	7155	1	
23	16373	1	
23	5115	1	
23	5118	1	
24	18946	1	
24	14081	1	
24	7178	1	
24	11787	1	
24	19993	2	
24	17834	1	
24	9777	1	
24	1074	1	
24	10300	1	
24	19519	1	
24	20547	4	
24	12357	1	
24	12897	1	
24	11850	1	
24	1099	1	
24	13388	1	
24	15714	1	
24	10337	1	
24	18530	1	
24	18022	1	
24	13244	1	
24	2407	3	
24	21613	3	
24	2161	1	
24	6269	1	
24	13950	1	
24	14466	1	
24	13443	1	
24	15621	3	
24	6790	2	
24	19591	1	
24	13449	1	
24	1163	2	
24	22441	1	
24	9241	1	
24	6809	1	
24	6511	1	
24	17052	1	
24	9380	1	
24	10408	1	
24	22188	1	
24	8989	1	
24	21696	1	
24	11969	1	
24	12487	1	
24	16588	1	
24	719	1	
24	721	2	
24	4818	1	
24	7380	1	
24	14037	1	
24	12505	2	
24	2266	1	
24	6363	1	
24	6876	1	
24	7901	1	
24	12510	2	
24	19716	1	
24	5867	1	
24	748	1	
24	14574	1	
24	21629	1	
24	9969	2	
24	8449	3	
24	4867	1	
24	4868	1	
24	2309	2	
24	4870	1	
24	6017	1	
24	15117	1	
24	15119	3	
24	784	1	
24	14098	1	
24	7960	2	
24	15641	1	
24	18717	1	
24	3948	1	
24	10538	1	
24	7471	1	
24	16180	1	
24	8502	1	
24	15679	1	
24	21312	1	
24	16193	1	
24	8518	1	
24	8012	1	
24	8015	1	
24	5969	1	
24	18772	1	
24	14677	5	
24	6489	1	
24	18267	1	
24	15709	2	
24	15199	1	
24	22369	1	
24	17250	1	
24	3943	1	
24	13884	1	
24	22418	1	
24	9069	1	
24	11118	1	
24	18287	1	
24	7537	1	
24	13684	1	
24	16758	1	
24	8568	1	
24	19323	1	
24	894	1	
24	7553	1	
24	1925	1	
24	4486	1	
24	9608	1	
24	2442	1	
24	16779	1	
24	10636	1	
24	17806	1	
24	7055	1	
24	5010	1	
24	16276	1	
24	5013	1	
24	3991	1	
24	3992	1	
24	22426	2	
24	17312	1	
24	22433	1	
24	15266	1	
24	18852	1	
24	5033	1	
24	22442	1	
24	428	1	
24	7584	1	
24	8636	1	
24	11709	1	
24	11710	1	
24	22464	2	
24	20384	1	
24	7620	1	
24	18887	1	
24	5623	1	
24	9167	1	
24	15825	1	
24	18387	1	
24	469	1	
24	11684	1	
24	21470	1	
24	21984	3	
24	11524	1	
24	12625	1	
24	8683	1	
24	11760	1	
24	14324	1	
24	15273	1	
24	6652	1	
24	10154	1	
25	12288	1	
25	16385	4	
25	15874	2	
25	19460	2	
25	15190	2	
25	16390	3	
25	14081	1	
25	13832	1	
25	7690	1	
25	12815	1	
25	17424	1	
25	4115	1	
25	11771	1	
25	4119	1	
25	19993	1	
25	5149	1	
25	13316	1	
25	6687	1	
25	4647	1	
25	20023	3	
25	13880	2	
25	7745	1	
25	3650	1	
25	20547	4	
25	7748	1	
25	7749	1	
25	7241	1	
25	11850	1	
25	13388	1	
25	592	1	
25	21586	5	
25	13398	1	
25	2135	1	
25	7258	1	
25	1627	4	
25	12816	1	
25	20592	1	
25	6244	1	
25	18022	3	
25	22119	2	
25	3688	2	
25	8636	6	
25	18023	1	
25	21613	3	
25	14448	1	
25	13937	1	
25	6770	1	
25	19060	1	
25	6774	1	
25	9833	1	
25	14969	2	
25	14970	1	
25	13950	1	
25	14974	1	
25	4373	1	
25	12061	1	
25	4225	1	
25	4227	2	
25	13956	1	
25	13445	2	
25	646	1	
25	6337	1	
25	19593	4	
25	10263	1	
25	13452	1	
25	5264	1	
25	21384	1	
25	19607	1	
25	6809	1	
25	13979	1	
25	14495	1	
25	7329	1	
25	9892	1	
25	10407	1	
25	20649	1	
25	17067	1	
25	22188	2	
25	12462	1	
25	22557	1	
25	16049	1	
25	19124	1	
25	12471	1	
25	698	1	
25	7867	1	
25	18108	3	
25	1591	1	
25	7870	1	
25	7361	1	
25	8898	1	
25	1989	1	
25	13089	1	
25	20343	1	
25	2766	2	
25	15436	1	
25	7889	1	
25	20690	2	
25	10963	1	
25	10453	1	
25	20695	2	
25	7897	1	
25	13532	1	
25	12510	1	
25	4831	2	
25	740	2	
25	7397	1	
25	745	1	
25	748	2	
25	4306	1	
25	3829	4	
25	12026	1	
25	15614	1	
25	1280	1	
25	8449	1	
25	14082	1	
25	4867	5	
25	4032	1	
25	15621	4	
25	2310	1	
25	16650	1	
25	3339	1	
25	4364	4	
25	7952	1	
25	10473	1	
25	12053	3	
25	12164	1	
25	8988	2	
25	8989	2	
25	20256	1	
25	801	1	
25	20262	1	
25	13101	1	
25	2351	1	
25	904	2	
25	10206	1	
25	4414	1	
25	16195	1	
25	7766	1	
25	22341	1	
25	329	1	
25	12343	1	
25	17228	1	
25	8013	1	
25	8015	1	
25	5459	1	
25	11604	1	
25	14677	1	
25	4438	1	
25	16730	1	
25	18267	1	
25	10436	1	
25	2407	1	
25	7016	1	
25	15723	1	
25	22551	1	
25	3956	1	
25	15593	1	
25	8568	1	
25	12665	1	
25	5499	1	
25	7550	1	
25	9090	1	
25	12676	1	
25	22398	1	
25	10120	1	
25	19180	1	
25	17290	1	
25	907	1	
25	12354	1	
25	20882	2	
25	4249	2	
25	3992	1	
25	5534	1	
25	16197	1	
25	17312	1	
25	17313	1	
25	15273	1	
25	9050	1	
25	12212	1	
25	9145	1	
25	9887	1	
25	11708	4	
25	9149	1	
25	22464	1	
25	7584	1	
25	21957	1	
25	8647	1	
25	588	1	
25	460	1	
25	9167	1	
25	9680	3	
25	11218	1	
25	11737	1	
25	10204	1	
25	6622	1	
25	18911	1	
25	20963	1	
25	10214	1	
25	7655	1	
25	18921	1	
25	18924	1	
25	16366	2	
25	16367	1	
25	7153	1	
25	7154	1	
25	15207	1	
25	18420	1	
25	18424	1	
25	6650	1	
25	6651	2	
25	15869	1	
26	12288	3	
26	4610	2	
26	15190	2	
26	16390	1	
26	4453	1	
26	11815	1	
26	18955	1	
26	16911	1	
26	17943	1	
26	1048	1	
26	19993	1	
26	7706	1	
26	6687	1	
26	12325	1	
26	20519	1	
26	12329	3	
26	17671	1	
26	8236	2	
26	8749	1	
26	16432	1	
26	12341	1	
26	11785	1	
26	12344	1	
26	13882	1	
26	20547	2	
26	8262	2	
26	15432	2	
26	11850	1	
26	592	2	
26	21586	3	
26	13398	2	
26	3674	1	
26	15717	1	
26	21607	1	
26	3688	1	
26	3182	1	
26	21608	1	
26	626	1	
26	1140	1	
26	1141	1	
26	632	1	
26	5246	1	
26	3200	1	
26	4032	2	
26	18051	1	
26	5764	1	
26	13445	1	
26	18569	1	
26	12938	1	
26	2701	1	
26	19599	1	
26	20625	1	
26	659	1	
26	19093	1	
26	667	1	
26	14497	1	
26	19619	2	
26	9892	1	
26	4263	1	
26	10408	1	
26	8988	1	
26	17066	1	
26	4267	1	
26	22188	2	
26	16049	1	
26	19124	1	
26	19127	1	
26	13855	1	
26	19133	3	
26	2239	1	
26	14016	1	
26	14017	1	
26	22602	1	
26	13516	2	
26	4303	1	
26	10972	2	
26	20303	1	
26	741	2	
26	12007	2	
26	7400	1	
26	12010	1	
26	5867	1	
26	19180	1	
26	14574	2	
26	19184	1	
26	7409	1	
26	19186	3	
26	14579	1	
26	16628	1	
26	1269	2	
26	13937	1	
26	3321	1	
26	12026	2	
26	2814	1	
26	10495	1	
26	8449	2	
26	14082	1	
26	4868	1	
26	7553	1	
26	18185	2	
26	16651	1	
26	4364	2	
26	2835	1	
26	7323	1	
26	18197	3	
26	21782	2	
26	17692	1	
26	11039	1	
26	8992	1	
26	21696	1	
26	2351	1	
26	16688	2	
26	15666	1	
26	1844	2	
26	2873	1	
26	21312	1	
26	7154	1	
26	3907	2	
26	3949	1	
26	17737	2	
26	22004	1	
26	12110	1	
26	8015	1	
26	21841	1	
26	5970	1	
26	10067	1	
26	4438	1	
26	21305	3	
26	6489	2	
26	18267	3	
26	15712	1	
26	15201	1	
26	17251	1	
26	17253	1	
26	6695	1	
26	6506	1	
26	22418	1	
26	1904	1	
26	14706	1	
26	15220	1	
26	7039	1	
26	12673	3	
26	10731	1	
26	16774	1	
26	15751	1	
26	22252	1	
26	2442	2	
26	14733	1	
26	2446	3	
26	1425	1	
26	20882	2	
26	15763	1	
26	3991	1	
26	3992	1	
26	22426	1	
26	19869	2	
26	12190	2	
26	20384	1	
26	8611	2	
26	16966	1	
26	12716	1	
26	1266	2	
26	11186	1	
26	1465	1	
26	11709	1	
26	14270	1	
26	3007	1	
26	22464	1	
26	11714	2	
26	4547	1	
26	3203	3	
26	21957	2	
26	14583	1	
26	4561	1	
26	4053	1	
26	9687	1	
26	12018	2	
26	1871	2	
26	8668	1	
26	10205	2	
26	10206	4	
26	18853	2	
26	12625	1	
26	7658	1	
26	3051	1	
26	21330	1	
26	11760	1	
26	3058	1	
26	8180	2	
26	11771	1	
26	6652	1	
26	15869	1	
26	12799	1	
27	12288	2	
27	16385	1	
27	5635	1	
27	19460	1	
27	15190	4	
27	16390	1	
27	13834	1	
27	20494	2	
27	16911	1	
27	2990	1	
27	13846	1	
27	22551	1	
27	19993	1	
27	5660	1	
27	12325	3	
27	20519	1	
27	12329	1	
27	1067	1	
27	11821	1	
27	8238	1	
27	16431	1	
27	9268	1	
27	12341	1	
27	9270	1	
27	7433	1	
27	6713	1	
27	13663	1	
27	14016	1	
27	12354	1	
27	20547	3	
27	19524	1	
27	7749	1	
27	12360	1	
27	3340	1	
27	588	1	
27	592	1	
27	21586	2	
27	7865	1	
27	9305	1	
27	12815	1	
27	10337	1	
27	1798	1	
27	10854	1	
27	16998	1	
27	3175	1	
27	3688	1	
27	21613	1	
27	14448	1	
27	6770	1	
27	1140	1	
27	1141	3	
27	8825	1	
27	15994	2	
27	5755	1	
27	3197	1	
27	13951	1	
27	129	1	
27	3203	1	
27	18052	1	
27	13445	1	
27	13961	1	
27	1167	1	
27	13763	1	
27	11931	1	
27	10397	1	
27	20639	1	
27	15521	1	
27	10404	1	
27	10407	1	
27	20649	1	
27	22188	2	
27	12462	1	
27	20145	1	
27	19126	1	
27	12471	1	
27	11449	1	
27	2747	1	
27	8892	2	
27	19133	4	
27	10357	1	
27	13129	2	
27	4290	2	
27	8387	1	
27	14023	1	
27	21704	2	
27	18049	1	
27	16075	1	
27	13516	2	
27	719	1	
27	11477	1	
27	17017	1	
27	9432	1	
27	18042	1	
27	12510	1	
27	5863	1	
27	745	1	
27	22252	1	
27	10365	1	
27	19184	2	
27	7409	1	
27	1266	2	
27	14579	1	
27	2105	1	
27	3318	1	
27	16119	1	
27	16120	1	
27	16121	1	
27	12026	2	
27	21841	2	
27	11008	2	
27	8449	1	
27	4867	1	
27	15621	2	
27	19718	1	
27	775	1	
27	18185	1	
27	4364	2	
27	17671	1	
27	2836	1	
27	18197	1	
27	22295	1	
27	13359	1	
27	20256	1	
27	4385	1	
27	19764	2	
27	2873	1	
27	12602	1	
27	20802	1	
27	20803	1	
27	22464	1	
27	4665	1	
27	17737	2	
27	17228	1	
27	8015	1	
27	4433	1	
27	22358	1	
27	21305	3	
27	4440	1	
27	15709	2	
27	15199	1	
27	13666	1	
27	15717	1	
27	2407	1	
27	3435	1	
27	1903	1	
27	1904	1	
27	1905	1	
27	15222	1	
27	12151	1	
27	15227	2	
27	8062	1	
27	2945	1	
27	7553	3	
27	1922	1	
27	2442	1	
27	907	1	
27	3991	1	
27	7069	1	
27	15266	1	
27	8611	2	
27	18853	3	
27	19367	1	
27	15273	1	
27	12018	3	
27	15278	1	
27	19186	3	
27	7601	1	
27	15177	1	
27	1465	1	
27	1466	1	
27	18363	1	
27	11708	1	
27	11709	1	
27	4032	2	
27	11714	2	
27	19907	1	
27	8012	1	
27	20727	1	
27	9122	2	
27	9167	1	
27	4049	1	
27	9171	1	
27	10206	4	
27	12768	2	
27	19939	1	
27	10214	1	
27	12625	3	
27	9707	1	
27	493	1	
27	4591	1	
27	16371	1	
27	14324	1	
27	4602	1	
27	4606	1	
28	15874	1	
28	19460	4	
28	6149	1	
28	13835	1	
28	16911	1	
28	12823	1	
28	12825	1	
28	9244	1	
28	22557	1	
28	9760	1	
28	6695	2	
28	16431	1	
28	6711	1	
28	10808	1	
28	10809	1	
28	2109	2	
28	3649	1	
28	5303	1	
28	13389	2	
28	18510	1	
28	592	1	
28	21586	2	
28	18005	2	
28	21264	1	
28	16998	1	
28	9831	1	
28	17000	1	
28	3943	1	
28	4385	1	
28	11887	1	
28	21608	1	
28	15994	1	
28	14649	1	
28	16661	1	
28	5760	1	
28	13451	1	
28	11714	2	
28	19599	1	
28	13969	1	
28	10398	1	
28	9892	1	
28	11431	1	
28	683	1	
28	797	1	
28	19124	1	
28	16054	1	
28	12471	1	
28	19133	1	
28	11461	1	
28	18209	1	
28	17612	1	
28	13516	1	
28	20095	1	
28	7392	1	
28	3813	1	
28	6375	1	
28	4328	1	
28	10985	2	
28	6380	1	
28	20717	1	
28	9456	1	
28	20723	1	
28	10997	1	
28	1275	1	
28	18686	1	
28	14592	1	
28	4364	4	
28	18882	1	
28	18197	1	
28	4886	1	
28	7960	1	
28	19737	1	
28	8989	1	
28	4894	1	
28	1825	1	
28	18212	1	
28	19238	1	
28	17703	1	
28	5928	1	
28	13611	1	
28	1841	1	
28	1844	2	
28	20878	1	
28	21305	1	
28	3978	1	
28	6283	2	
28	17228	1	
28	12625	1	
28	2446	2	
28	2873	1	
28	14682	1	
28	18267	1	
28	15199	1	
28	16224	1	
28	17251	1	
28	19601	1	
28	8040	1	
28	9832	1	
28	7018	2	
28	9074	1	
28	16246	1	
28	5498	1	
28	13089	1	
28	12670	1	
28	16773	1	
28	15751	1	
28	2442	1	
28	17806	1	
28	7055	1	
28	4496	1	
28	14743	1	
28	11672	1	
28	4000	1	
28	15856	1	
28	15266	1	
28	16804	1	
28	9125	2	
28	4013	1	
28	7600	1	
28	7601	1	
28	11708	1	
28	15808	1	
28	20418	2	
28	4037	1	
28	20939	1	
28	11684	1	
28	10206	2	
28	8421	1	
28	16366	1	
28	11760	2	
28	8180	1	
28	15864	1	
28	16891	1	
28	10581	1	
29	16385	1	
29	5635	1	
29	19460	3	
29	16901	1	
29	1542	2	
29	10763	1	
29	16911	1	
29	3090	1	
29	2582	1	
29	22551	1	
29	9241	1	
29	19498	1	
29	22571	1	
29	12332	1	
29	8749	1	
29	16431	1	
29	1076	1	
29	3127	1	
29	22585	1	
29	3130	1	
29	9792	1	
29	523	1	
29	15432	1	
29	19529	1	
29	11850	3	
29	8779	1	
29	10317	1	
29	11856	1	
29	18513	1	
29	21586	5	
29	22100	9	
29	5207	1	
29	13404	1	
29	20573	1	
29	15971	1	
29	18022	2	
29	21607	1	
29	11708	2	
29	22119	1	
29	12397	2	
29	21103	1	
29	21617	5	
29	21618	1	
29	4723	1	
29	2166	1	
29	6775	1	
29	12852	1	
29	6265	1	
29	15994	1	
29	18562	3	
29	2179	1	
29	13445	3	
29	7303	3	
29	4748	1	
29	13457	1	
29	21699	1	
29	19607	1	
29	4774	1	
29	4263	1	
29	10408	1	
29	22188	1	
29	9901	1	
29	3246	1	
29	15024	1	
29	9398	1	
29	2743	1	
29	15548	1	
29	19133	2	
29	7870	1	
29	2243	1	
29	20167	1	
29	18633	1	
29	5840	1	
29	8401	1	
29	4818	1	
29	17621	1	
29	17112	2	
29	7897	3	
29	1754	1	
29	20189	1	
29	7392	2	
29	6844	1	
29	6372	1	
29	7911	1	
29	745	1	
29	19694	1	
29	13937	1	
29	17659	1	
29	4650	1	
29	8449	1	
29	1067	1	
29	19716	5	
29	22572	1	
29	4364	3	
29	4877	1	
29	17681	1	
29	17170	1	
29	21267	1	
29	17113	1	
29	20254	1	
29	19746	1	
29	18212	1	
29	19238	1	
29	7460	1	
29	11049	1	
29	16682	1	
29	7471	1	
29	5936	2	
29	1844	1	
29	12089	1	
29	6489	1	
29	16193	4	
29	834	1	
29	4423	1	
29	19787	1	
29	8012	1	
29	17229	1	
29	12625	3	
29	13141	1	
29	21305	1	
29	4441	1	
29	2394	1	
29	8028	1	
29	19294	1	
29	22369	1	
29	13969	1	
29	12007	1	
29	9069	1	
29	15216	1	
29	5498	2	
29	1403	1	
29	17790	1	
29	9600	1	
29	13846	1	
29	12164	1	
29	1925	2	
29	2178	1	
29	10515	2	
29	18023	1	
29	906	1	
29	395	1	
29	4493	1	
29	910	1	
29	10128	1	
29	22418	1	
29	3991	1	
29	11672	1	
29	5017	1	
29	4507	1	
29	4509	1	
29	9122	1	
29	14743	1	
29	11684	4	
29	22437	1	
29	5551	1	
29	4019	1	
29	11195	1	
29	13244	1	
29	3517	1	
29	16831	1	
29	20420	1	
29	21445	1	
29	7110	1	
29	13255	1	
29	12746	1	
29	15820	1	
29	8655	1	
29	14289	2	
29	14290	1	
29	4003	1	
29	18852	1	
29	20961	1	
29	19938	1	
29	13797	1	
29	6630	1	
29	12121	1	
29	2407	1	
29	1526	2	
29	5204	1	
29	11259	1	
29	6142	1	
30	7684	1	
30	4438	1	
30	646	1	
30	18185	1	
30	4364	1	
30	2446	1	
30	17936	1	
30	4881	1	
30	22418	1	
30	13459	1	
30	19478	1	
30	409	1	
30	15903	1	
30	20384	1	
30	22086	1	
30	15400	1	
30	11434	1	
30	8236	1	
30	3764	1	
30	4277	1	
30	2359	1	
30	1465	1	
30	1466	1	
30	13883	1	
30	8636	1	
30	16834	1	
30	1990	1	
30	12487	1	
30	15432	1	
30	11850	1	
30	6076	1	
30	8143	1	
30	12625	1	
30	9170	1	
30	4435	1	
30	14677	1	
30	16854	1	
30	1844	1	
30	8156	1	
30	6652	1	
30	10206	1	
30	3171	1	
30	8892	1	
30	4306	1	
30	9469	1	
30	5958	1	
30	15606	1	
30	2812	1	
30	21757	1	
