1	15616	1	
1	21508	1	
1	9733	1	
1	1030	1	
1	11692	1	
1	12306	1	
1	4868	1	
1	13316	1	
1	20005	1	
1	21169	1	
1	8236	1	
1	6702	1	
1	7215	1	
1	9777	1	
1	5764	1	
1	15927	1	
1	572	1	
1	3765	1	
1	18016	1	
1	13388	1	
1	13389	2	
1	19022	1	
1	21586	1	
1	9821	1	
1	15456	1	
1	3171	1	
1	6760	1	
1	10857	1	
1	2666	1	
1	21613	2	
1	622	1	
1	13937	1	
1	9331	1	
1	17016	1	
1	12906	1	
1	19588	1	
1	7303	1	
1	3731	1	
1	16020	1	
1	12910	1	
1	19610	1	
1	7838	1	
1	9887	1	
1	4257	1	
1	20137	1	
1	17069	2	
1	12465	1	
1	21619	1	
1	8990	1	
1	12471	1	
1	7867	1	
1	18108	1	
1	13884	1	
1	4293	1	
1	20168	1	
1	8908	1	
1	20686	1	
1	9423	1	
1	10452	1	
1	21726	2	
1	13493	1	
1	6695	1	
1	8434	1	
1	11514	1	
1	7931	1	
1	2812	1	
1	15614	1	
1	14592	1	
1	14081	1	
1	4866	1	
1	19716	1	
1	19718	1	
1	17671	1	
1	19225	1	
1	7471	4	
1	20254	1	
1	18907	1	
1	4401	1	
1	16169	1	
1	4906	1	
1	13611	1	
1	20780	1	
1	2351	1	
1	16177	1	
1	17203	1	
1	12091	1	
1	17290	1	
1	15170	1	
1	21323	1	
1	12625	2	
1	14677	3	
1	9047	1	
1	22368	1	
1	22369	1	
1	8551	1	
1	11113	1	
1	9069	1	
1	2416	1	
1	5489	1	
1	3954	1	
1	385	1	
1	14725	1	
1	4489	1	
1	13194	1	
1	395	1	
1	5019	1	
1	8346	1	
1	17312	1	
1	15266	1	
1	1957	1	
1	22442	1	
1	8108	1	
1	9458	1	
1	433	1	
1	8641	1	
1	9146	1	
1	8636	2	
1	3517	1	
1	20384	2	
1	9167	1	
1	17872	1	
1	18393	1	
1	2523	1	
1	2524	1	
1	2525	1	
1	18920	1	
1	7147	1	
1	1525	1	
1	17399	1	
1	7160	1	
1	505	1	
2	16897	1	
2	4611	1	
2	19460	2	
2	12805	2	
2	7687	1	
2	21874	1	
2	4111	1	
2	19476	1	
2	17429	1	
2	17071	1	
2	4636	1	
2	22557	1	
2	15903	2	
2	11808	1	
2	3621	1	
2	19494	1	
2	4647	1	
2	1067	1	
2	8753	1	
2	12852	1	
2	17973	1	
2	11832	1	
2	11835	1	
2	13887	1	
2	3136	1	
2	15426	1	
2	17987	1	
2	1092	1	
2	12360	1	
2	17994	1	
2	13389	1	
2	16462	2	
2	11855	4	
2	13398	1	
2	602	3	
2	18528	1	
2	19553	1	
2	19555	1	
2	3688	2	
2	14448	1	
2	13937	1	
2	1138	2	
2	6771	1	
2	1141	1	
2	14970	1	
2	14973	1	
2	8640	1	
2	19588	1	
2	5765	1	
2	9351	1	
2	14474	1	
2	19595	1	
2	6285	1	
2	14993	1	
2	17042	1	
2	6804	1	
2	1174	2	
2	19737	1	
2	14495	1	
2	9072	2	
2	6824	2	
2	6826	1	
2	17067	2	
2	9901	1	
2	12317	1	
2	19124	4	
2	5301	3	
2	11636	1	
2	19133	2	
2	703	2	
2	11723	1	
2	1626	1	
2	6853	1	
2	14022	1	
2	1744	1	
2	5332	1	
2	22232	1	
2	7897	1	
2	10972	2	
2	4831	1	
2	14049	1	
2	6694	1	
2	22252	1	
2	8943	2	
2	14579	2	
2	11514	1	
2	14592	1	
2	22571	1	
2	4868	1	
2	4364	4	
2	8979	1	
2	18197	1	
2	4886	1	
2	2328	1	
2	1305	1	
2	16175	1	
2	6940	1	
2	13445	1	
2	20260	2	
2	18215	1	
2	6791	1	
2	21295	3	
2	15666	1	
2	17203	1	
2	1844	3	
2	17206	1	
2	4660	1	
2	10555	2	
2	22340	1	
2	8502	1	
2	16199	1	
2	17225	1	
2	3916	1	
2	12625	1	
2	9555	1	
2	22369	2	
2	7014	1	
2	9069	1	
2	11632	3	
2	9074	3	
2	8564	1	
2	12663	2	
2	5498	1	
2	14716	1	
2	11645	1	
2	9600	1	
2	897	1	
2	8579	1	
2	1924	1	
2	8584	2	
2	12354	1	
2	4496	3	
2	22418	1	
2	918	1	
2	3991	2	
2	10564	1	
2	12188	1	
2	16197	2	
2	15856	1	
2	19881	1	
2	13611	1	
2	16304	1	
2	13749	1	
2	12218	1	
2	8636	1	
2	12733	1	
2	12734	4	
2	22464	2	
2	6593	1	
2	13763	1	
2	15819	1	
2	15820	1	
2	16333	2	
2	10829	1	
2	21462	1	
2	18911	1	
2	19938	1	
2	19939	1	
2	6630	1	
2	16366	1	
2	16367	3	
2	11760	1	
2	3058	1	
2	15864	1	
2	12799	1	
3	12288	1	
3	18944	1	
3	12805	1	
3	4617	1	
3	9901	1	
3	12816	1	
3	19476	2	
3	3758	1	
3	3610	1	
3	9244	1	
3	3674	2	
3	6686	1	
3	15393	1	
3	21539	1	
3	6694	1	
3	6695	1	
3	22571	1	
3	16430	2	
3	8753	1	
3	14386	2	
3	19124	1	
3	4668	1	
3	2111	1	
3	17987	1	
3	7236	1	
3	12357	1	
3	8262	2	
3	11850	1	
3	15948	1	
3	10829	1	
3	16462	2	
3	11855	1	
3	11856	1	
3	21586	1	
3	12670	1	
3	602	2	
3	8797	1	
3	20547	1	
3	12390	1	
3	18022	3	
3	9831	1	
3	9832	1	
3	22119	1	
3	108	2	
3	5232	1	
3	13937	2	
3	17016	1	
3	14969	3	
3	15994	1	
3	703	1	
3	8828	1	
3	16511	1	
3	5248	2	
3	21696	4	
3	2179	1	
3	18042	1	
3	11398	1	
3	12481	1	
3	10890	1	
3	1163	1	
3	15500	1	
3	9069	1	
3	15508	1	
3	14488	1	
3	6809	1	
3	8351	1	
3	8352	1	
3	2416	1	
3	6824	1	
3	6826	1	
3	17067	1	
3	6828	4	
3	9074	2	
3	20142	1	
3	11444	1	
3	5302	2	
3	19133	3	
3	11967	1	
3	14016	1	
3	18113	1	
3	17602	1	
3	21699	1	
3	22220	1	
3	20686	1	
3	16592	1	
3	7897	1	
3	5853	1	
3	10975	2	
3	20194	3	
3	18154	1	
3	14574	1	
3	5876	1	
3	7550	1	
3	14583	1	
3	14584	1	
3	17148	2	
3	5760	1	
3	7938	1	
3	3627	1	
3	16513	1	
3	4364	2	
3	2834	1	
3	16661	1	
3	15128	1	
3	281	1	
3	293	1	
3	17707	1	
3	17203	1	
3	1844	1	
3	13113	1	
3	7483	1	
3	7485	1	
3	8512	1	
3	14475	1	
3	20292	1	
3	17225	1	
3	13026	3	
3	18766	1	
3	17234	1	
3	11604	1	
3	19286	1	
3	22364	1	
3	16224	1	
3	4451	1	
3	15723	1	
3	22418	1	
3	10096	2	
3	6514	1	
3	20343	1	
3	21883	2	
3	1918	2	
3	1921	1	
3	1922	1	
3	8579	1	
3	9092	1	
3	3973	1	
3	3974	1	
3	13704	1	
3	17290	2	
3	20882	1	
3	19523	1	
3	4500	2	
3	8603	1	
3	7584	2	
3	13730	1	
3	420	1	
3	12713	1	
3	15275	2	
3	12716	1	
3	2990	1	
3	11191	1	
3	3060	2	
3	1467	1	
3	15434	1	
3	22464	3	
3	11714	1	
3	21958	1	
3	16333	1	
3	17229	1	
3	10195	1	
3	9687	1	
3	11737	1	
3	11227	1	
3	14324	1	
3	19939	1	
3	18919	2	
3	4073	1	
3	16366	2	
3	16367	1	
3	20468	1	
3	6136	1	
3	9044	3	
3	18938	1	
3	6651	1	
3	6652	1	
3	5118	4	
3	6741	1	
4	12288	1	
4	4610	1	
4	19460	2	
4	7687	1	
4	19464	1	
4	17069	1	
4	16913	1	
4	11771	2	
4	22551	2	
4	7704	1	
4	19993	2	
4	7706	1	
4	7707	1	
4	22557	4	
4	15903	2	
4	11815	1	
4	20010	2	
4	3627	1	
4	20012	4	
4	20013	1	
4	6702	1	
4	7432	1	
4	1074	1	
4	1076	2	
4	12354	1	
4	8260	1	
4	15432	2	
4	2634	1	
4	13388	1	
4	2640	4	
4	10833	1	
4	21586	2	
4	16982	2	
4	14682	5	
4	18525	1	
4	22119	1	
4	11887	1	
4	14448	2	
4	6770	1	
4	7529	1	
4	17017	1	
4	5246	2	
4	5760	1	
4	22464	2	
4	16514	1	
4	13444	1	
4	13445	1	
4	21126	1	
4	20103	2	
4	18571	1	
4	19596	1	
4	2701	1	
4	22163	2	
4	6809	1	
4	16543	1	
4	16544	3	
4	16547	1	
4	10409	1	
4	10410	1	
4	14509	1	
4	7854	1	
4	9757	1	
4	2224	2	
4	14001	1	
4	14002	1	
4	5301	3	
4	16049	1	
4	8892	1	
4	19133	1	
4	21696	1	
4	2243	1	
4	20683	1	
4	1745	1	
4	8770	2	
4	17621	1	
4	11480	1	
4	12505	1	
4	10972	5	
4	4831	1	
4	21733	1	
4	5864	1	
4	14574	3	
4	3313	5	
4	1266	1	
4	10366	1	
4	3318	1	
4	14589	1	
4	11007	1	
4	4868	1	
4	773	1	
4	2310	1	
4	15233	2	
4	14088	2	
4	17162	1	
4	4364	2	
4	17681	1	
4	17171	1	
4	7664	1	
4	13091	1	
4	13532	1	
4	16175	1	
4	16177	3	
4	1844	1	
4	21305	1	
4	16190	5	
4	16704	1	
4	19595	3	
4	12100	1	
4	21318	1	
4	13129	1	
4	16203	1	
4	18766	1	
4	20303	2	
4	12625	7	
4	14677	1	
4	4438	1	
4	6489	1	
4	2394	1	
4	18267	1	
4	4960	1	
4	22369	1	
4	360	1	
4	8553	1	
4	16430	1	
4	9069	2	
4	21874	1	
4	20343	1	
4	2944	2	
4	1921	1	
4	8579	1	
4	2948	1	
4	14725	1	
4	20877	1	
4	7236	1	
4	17818	1	
4	20384	4	
4	17313	1	
4	15784	1	
4	7085	1	
4	1457	1	
4	17339	1	
4	11709	1	
4	16832	1	
4	9167	2	
4	9169	2	
4	12760	1	
4	12717	1	
4	6622	2	
4	19939	1	
4	9041	1	
4	493	1	
4	16366	1	
4	11760	1	
4	14324	2	
4	6143	1	
4	5118	2	
4	5119	1	
5	12288	1	
5	8193	1	
5	19460	1	
5	19286	1	
5	5633	2	
5	7085	1	
5	22032	1	
5	17435	1	
5	20000	1	
5	4647	1	
5	22571	1	
5	12342	1	
5	13880	1	
5	13888	2	
5	15432	2	
5	13388	1	
5	13398	3	
5	8797	1	
5	17424	1	
5	11771	1	
5	9832	1	
5	18876	3	
5	21613	1	
5	13937	1	
5	15994	1	
5	20604	1	
5	6269	1	
5	19583	1	
5	2179	1	
5	6809	1	
5	18080	1	
5	11428	1	
5	4263	1	
5	13994	1	
5	683	1	
5	15532	1	
5	9901	1	
5	13488	1	
5	20150	1	
5	20151	1	
5	19133	3	
5	14016	1	
5	2243	1	
5	13508	1	
5	5838	1	
5	3281	1	
5	10453	3	
5	11992	1	
5	10972	2	
5	4831	1	
5	10976	1	
5	7399	1	
5	746	1	
5	20519	1	
5	1280	1	
5	7938	1	
5	21251	1	
5	2309	2	
5	2310	1	
5	7433	2	
5	2321	1	
5	2834	1	
5	16662	1	
5	18209	1	
5	2860	1	
5	21305	3	
5	12602	1	
5	7903	2	
5	10044	1	
5	3905	1	
5	3907	1	
5	12625	1	
5	14677	2	
5	22358	1	
5	9047	4	
5	15210	1	
5	9069	1	
5	12153	1	
5	12666	1	
5	11645	1	
5	16774	1	
5	16775	3	
5	21388	1	
5	7062	1	
5	7578	1	
5	13723	1	
5	15774	1	
5	20384	1	
5	15266	1	
5	15273	4	
5	19373	1	
5	7603	1	
5	8636	1	
5	12734	1	
5	5069	3	
5	464	1	
5	19411	1	
5	7637	2	
5	6622	1	
5	3553	1	
5	4579	1	
5	15849	1	
5	4589	1	
5	16367	1	
5	499	1	
5	7672	1	
5	2555	1	
6	12288	3	
6	22464	1	
6	18818	1	
6	17027	1	
6	12548	1	
6	2053	1	
6	17424	1	
6	13889	1	
6	11275	1	
6	18882	5	
6	16877	1	
6	13388	1	
6	6296	1	
6	20882	2	
6	275	1	
6	10644	1	
6	21782	2	
6	18071	1	
6	18200	1	
6	19460	1	
6	17435	1	
6	11293	2	
6	14497	2	
6	8892	2	
6	9167	1	
6	18865	1	
6	9901	1	
6	11946	1	
6	10096	1	
6	16049	1	
6	17968	2	
6	12360	1	
6	12211	1	
6	4276	1	
6	17973	2	
6	15545	1	
6	1924	1	
6	4795	1	
6	12092	1	
6	19133	3	
6	12350	1	
6	1600	1	
6	12481	1	
6	11714	2	
6	33	1	
6	7880	1	
6	588	1	
6	20695	1	
6	17740	1	
6	5069	3	
6	590	1	
6	3151	3	
6	12625	1	
6	2839	1	
6	9684	2	
6	3157	1	
6	22358	1	
6	21305	3	
6	17882	1	
6	20687	1	
6	7952	1	
6	4831	1	
6	16224	1	
6	22369	1	
6	11234	1	
6	19939	1	
6	1766	1	
6	1917	2	
6	18876	1	
6	12011	1	
6	9069	3	
6	21870	1	
6	8687	2	
6	11760	1	
6	13937	1	
6	13516	1	
6	22082	1	
6	17014	1	
6	15593	3	
6	22228	1	
6	2817	1	
6	3197	1	
6	1922	1	
6	10097	1	
7	12288	2	
7	14082	1	
7	3435	1	
7	19460	1	
7	7062	1	
7	1798	1	
7	16775	2	
7	906	1	
7	4364	1	
7	12930	1	
7	21613	1	
7	3088	1	
7	17041	2	
7	22418	1	
7	15971	1	
7	15854	1	
7	8086	1	
7	3991	1	
7	3992	1	
7	15643	1	
7	4381	1	
7	8797	1	
7	13445	1	
7	4000	2	
7	673	1	
7	13858	1	
7	5218	1	
7	1895	1	
7	1670	1	
7	15274	1	
7	11015	1	
7	22188	1	
7	14509	1	
7	18005	1	
7	8989	1	
7	15275	1	
7	7217	1	
7	7219	1	
7	22457	1	
7	11066	2	
7	3900	1	
7	19133	3	
7	2239	1	
7	14016	2	
7	22119	1	
7	3652	1	
7	19782	2	
7	7687	1	
7	1099	1	
7	13516	1	
7	11298	1	
7	5840	1	
7	12625	2	
7	20690	1	
7	9171	1	
7	10453	1	
7	13398	1	
7	21305	3	
7	22232	1	
7	4442	1	
7	10973	1	
7	5086	1	
7	2911	1	
7	17424	1	
7	14306	1	
7	12003	2	
7	4902	1	
7	18022	1	
7	9069	1	
7	15548	1	
7	1465	1	
7	8683	1	
7	4589	1	
7	10862	1	
7	13053	1	
7	13937	2	
7	21107	1	
7	18114	1	
7	13819	1	
7	11714	1	
7	4138	1	
7	1918	1	
7	4002	1	
8	12288	1	
8	14592	2	
8	15874	2	
8	10244	1	
8	11777	1	
8	1032	1	
8	15532	1	
8	4110	1	
8	14509	1	
8	22032	3	
8	16915	1	
8	1454	1	
8	19204	1	
8	17435	1	
8	12317	1	
8	15903	2	
8	16760	1	
8	3621	1	
8	20519	1	
8	8232	1	
8	22571	1	
8	1068	1	
8	3629	1	
8	1544	1	
8	6706	1	
8	18483	1	
8	3636	1	
8	19124	1	
8	10300	2	
8	14397	1	
8	3652	3	
8	7749	1	
8	1606	1	
8	592	1	
8	21586	2	
8	4451	1	
8	13398	1	
8	9816	1	
8	18521	1	
8	8797	1	
8	719	1	
8	9831	1	
8	3260	1	
8	10859	1	
8	6770	1	
8	17015	1	
8	20604	1	
8	14649	1	
8	22464	1	
8	12930	1	
8	15491	1	
8	5764	1	
8	16662	1	
8	10889	1	
8	20109	1	
8	1167	1	
8	17041	1	
8	4754	2	
8	671	1	
8	9072	1	
8	13477	1	
8	13478	1	
8	10408	2	
8	683	1	
8	22188	1	
8	12349	1	
8	3758	1	
8	16049	1	
8	12978	1	
8	4276	1	
8	13493	1	
8	16054	1	
8	8376	1	
8	18463	1	
8	18108	2	
8	19133	5	
8	14024	2	
8	20681	1	
8	16759	1	
8	5838	1	
8	12495	1	
8	18128	2	
8	7889	1	
8	4818	1	
8	10963	1	
8	20695	4	
8	18136	1	
8	463	1	
8	10972	1	
8	4831	2	
8	7397	1	
8	20689	1	
8	21202	1	
8	21233	1	
8	22258	2	
8	5364	1	
8	15610	1	
8	22267	1	
8	15616	1	
8	8449	1	
8	770	1	
8	4867	1	
8	4868	3	
8	773	1	
8	17211	1	
8	2314	1	
8	5391	1	
8	4884	2	
8	16661	1	
8	19734	1	
8	2839	6	
8	5400	1	
8	7451	1	
8	10012	1	
8	2846	1	
8	13445	1	
8	18209	4	
8	5925	1	
8	5927	1	
8	5928	1	
8	1833	1	
8	5934	1	
8	12933	1	
8	1842	1	
8	4404	1	
8	12089	1	
8	21845	1	
8	10555	1	
8	13116	1	
8	20285	1	
8	4414	1	
8	5951	1	
8	6464	1	
8	16193	1	
8	21314	1	
8	16195	1	
8	14148	1	
8	22341	1	
8	17228	1	
8	8013	1	
8	15696	1	
8	12625	1	
8	22354	1	
8	19939	1	
8	8063	1	
8	14677	3	
8	21305	5	
8	8229	1	
8	9571	1	
8	19816	2	
8	4668	3	
8	10603	1	
8	5996	1	
8	9069	1	
8	14703	1	
8	10096	1	
8	18289	1	
8	12147	1	
8	20343	1	
8	8568	2	
8	8569	1	
8	17791	1	
8	17792	1	
8	18818	1	
8	16775	1	
8	22414	1	
8	20882	2	
8	11760	1	
8	3991	1	
8	3992	3	
8	20384	2	
8	6561	1	
8	15266	1	
8	16301	1	
8	11471	1	
8	9152	2	
8	1440	1	
8	11714	1	
8	9162	1	
8	11723	1	
8	9167	8	
8	19408	1	
8	7635	1	
8	4602	1	
8	6622	1	
8	3408	1	
8	10723	1	
8	22500	1	
8	20965	1	
8	10214	1	
8	18793	1	
8	17899	1	
8	22508	1	
8	8685	2	
8	16366	1	
8	9200	1	
8	4598	1	
8	503	1	
8	13817	1	
8	16890	2	
8	5973	1	
9	5760	1	
9	8449	1	
9	3627	1	
9	16390	1	
9	16385	1	
9	12716	1	
9	15754	1	
9	3084	1	
9	909	1	
9	9901	1	
9	20882	1	
9	16916	1	
9	19993	1	
9	3992	1	
9	2841	3	
9	17435	1	
9	2207	1	
9	4000	1	
9	18841	1	
9	19619	1	
9	1670	1	
9	5529	1	
9	15217	1	
9	683	1	
9	20012	1	
9	2349	1	
9	15919	1	
9	12464	1	
9	16049	2	
9	20148	1	
9	9909	1	
9	1590	1	
9	21305	6	
9	7303	1	
9	19133	6	
9	9152	1	
9	16705	1	
9	20547	2	
9	22464	3	
9	7110	1	
9	20168	1	
9	13388	1	
9	7799	1	
9	8012	1	
9	1997	1	
9	8014	1	
9	5389	1	
9	12625	1	
9	21586	1	
9	10963	1	
9	4053	3	
9	20695	2	
9	12288	1	
9	4441	1	
9	672	1	
9	15820	2	
9	18016	1	
9	1465	1	
9	15849	1	
9	748	1	
9	4589	1	
9	16366	1	
9	3652	1	
9	7537	1	
9	22258	1	
9	6483	1	
9	4364	1	
9	1067	1	
9	11641	1	
9	15866	1	
9	15611	2	
9	20420	1	
9	11007	1	
10	12288	3	
10	12800	1	
10	15874	1	
10	19460	3	
10	19462	1	
10	15532	1	
10	19469	1	
10	9645	1	
10	17424	1	
10	4116	1	
10	17435	1	
10	22557	1	
10	11806	1	
10	6687	1	
10	4647	1	
10	3629	2	
10	16430	1	
10	16431	1	
10	564	1	
10	12349	1	
10	3134	1	
10	1076	2	
10	22082	1	
10	20547	1	
10	11844	1	
10	11850	1	
10	8779	1	
10	13388	1	
10	4686	1	
10	21586	3	
10	8463	1	
10	95	1	
10	17936	1	
10	20066	2	
10	4795	1	
10	101	1	
10	18022	3	
10	8039	1	
10	14448	1	
10	21617	1	
10	17016	1	
10	15210	1	
10	4225	4	
10	2179	1	
10	13957	1	
10	13963	1	
10	2706	1	
10	13980	1	
10	14495	2	
10	10401	1	
10	13986	1	
10	4772	1	
10	13477	2	
10	13937	1	
10	22188	1	
10	19124	1	
10	13854	1	
10	6326	1	
10	3259	1	
10	18108	1	
10	19133	7	
10	12481	1	
10	18628	1	
10	15566	1	
10	5843	1	
10	14037	1	
10	20695	2	
10	1761	1	
10	7400	1	
10	4335	1	
10	13053	1	
10	20232	1	
10	4364	4	
10	15119	1	
10	7952	1	
10	18865	1	
10	18197	1	
10	19734	1	
10	2327	1	
10	2841	4	
10	4894	1	
10	4741	1	
10	13088	2	
10	19238	1	
10	1834	1	
10	5994	1	
10	21295	1	
10	16691	1	
10	6965	1	
10	21305	7	
10	2442	2	
10	5951	1	
10	18759	1	
10	331	1	
10	4942	1	
10	11603	1	
10	13141	1	
10	4438	1	
10	18267	1	
10	13667	1	
10	3943	1	
10	7018	1	
10	9069	3	
10	372	1	
10	11641	1	
10	1917	1	
10	1918	1	
10	906	2	
10	10636	1	
10	20877	1	
10	7566	1	
10	7570	1	
10	7062	1	
10	11672	2	
10	22426	1	
10	11675	2	
10	17818	1	
10	15774	1	
10	8607	2	
10	4000	1	
10	15777	1	
10	4003	1	
10	12717	1	
10	12852	1	
10	1457	1	
10	6578	1	
10	14751	1	
10	4032	1	
10	11714	1	
10	13767	1	
10	15817	1	
10	1482	1	
10	460	1	
10	3025	4	
10	3027	1	
10	8660	5	
10	4053	4	
10	18391	3	
10	22355	1	
10	4090	1	
10	11771	1	
11	12288	2	
11	17934	1	
11	17424	1	
11	13400	4	
11	4115	1	
11	18455	1	
11	19993	1	
11	4635	1	
11	22557	1	
11	15621	1	
11	3627	1	
11	3629	3	
11	3631	1	
11	7216	1	
11	3636	1	
11	4668	1	
11	4670	1	
11	13887	1	
11	13889	1	
11	12354	1	
11	20547	1	
11	3652	1	
11	8261	1	
11	8262	1	
11	22369	1	
11	15432	1	
11	7241	1	
11	16706	2	
11	12878	1	
11	21586	3	
11	15971	1	
11	13398	1	
11	9816	1	
11	14427	1	
11	18525	1	
11	11109	1	
11	13408	1	
11	7777	1	
11	5731	1	
11	18022	1	
11	18023	1	
11	3176	1	
11	11887	1	
11	21617	1	
11	17016	1	
11	6777	1	
11	9339	1	
11	14974	1	
11	11392	1	
11	14016	1	
11	12930	1	
11	15491	1	
11	8989	1	
11	4234	1	
11	4235	1	
11	16017	1	
11	12434	1	
11	16020	1	
11	11414	1	
11	14488	1	
11	14497	2	
11	13477	1	
11	13478	1	
11	4263	1	
11	19624	1	
11	683	1	
11	14508	1	
11	8331	1	
11	17181	1	
11	16049	1	
11	19124	1	
11	10014	1	
11	19133	5	
11	7870	1	
11	16064	1	
11	8387	1	
11	2245	1	
11	4294	1	
11	460	1	
11	17612	1	
11	719	1	
11	8401	1	
11	20692	1	
11	12501	1	
11	20695	1	
11	22232	2	
11	15584	1	
11	17121	2	
11	17637	1	
11	17638	2	
11	7400	1	
11	20724	1	
11	17657	1	
11	8954	1	
11	21756	1	
11	5885	1	
11	4867	2	
11	4868	2	
11	9686	1	
11	18185	1	
11	4738	1	
11	21264	1	
11	21968	1	
11	21782	1	
11	15128	1	
11	797	1	
11	6942	2	
11	10534	1	
11	18222	1	
11	1844	1	
11	8502	1	
11	21305	5	
11	15754	1	
11	4414	1	
11	3392	2	
11	2882	1	
11	20803	1	
11	19270	1	
11	2375	1	
11	20301	1	
11	8015	1	
11	6994	1	
11	18771	1	
11	11604	2	
11	3421	1	
11	13658	1	
11	18267	1	
11	15709	1	
11	15201	1	
11	6092	1	
11	5988	1	
11	8549	1	
11	3943	1	
11	5994	1	
11	5996	1	
11	13681	1	
11	21874	1	
11	12147	1	
11	8568	1	
11	18809	1	
11	3647	1	
11	12670	1	
11	9600	1	
11	14721	1	
11	9543	1	
11	6534	1	
11	3649	1	
11	17290	1	
11	22082	1	
11	16704	1	
11	11672	1	
11	9620	2	
11	14744	1	
11	8089	1	
11	12700	1	
11	4509	1	
11	17313	1	
11	15778	1	
11	4521	1	
11	11179	1	
11	21933	1	
11	12360	1	
11	8628	1	
11	10167	1	
11	1976	1	
11	6077	1	
11	7106	1	
11	7110	1	
11	15817	1	
11	8140	1	
11	3024	1	
11	2003	1	
11	470	1	
11	14807	1	
11	6106	1	
11	15820	4	
11	21473	1	
11	6651	1	
11	13800	1	
11	11760	1	
11	3060	1	
11	15273	1	
11	15864	1	
11	1019	2	
11	6652	1	
11	17168	1	
12	13316	1	
12	9733	1	
12	16812	1	
12	9047	1	
12	12306	1	
12	10265	1	
12	17435	2	
12	22557	1	
12	7199	1	
12	774	1	
12	6694	1	
12	20519	1	
12	8746	1	
12	3627	1	
12	8236	2	
12	3629	1	
12	16430	1	
12	8751	1	
12	9777	1	
12	1074	1	
12	1076	3	
12	6713	1	
12	20027	1	
12	12354	1	
12	11335	1	
12	12360	2	
12	11850	1	
12	13388	1	
12	15439	1	
12	21586	1	
12	4691	1	
12	13398	1	
12	1844	1	
12	3674	1	
12	1627	1	
12	18016	1	
12	19553	1	
12	7780	1	
12	18022	1	
12	11771	1	
12	9832	1	
12	7785	1	
12	4715	2	
12	21613	4	
12	15982	1	
12	19133	4	
12	13937	2	
12	6771	1	
12	1141	1	
12	16132	1	
12	14969	1	
12	19900	1	
12	15808	1	
12	15491	1	
12	7303	2	
12	13451	1	
12	3517	1	
12	18080	2	
12	18593	1	
12	10915	1	
12	10408	1	
12	20649	1	
12	10410	2	
12	683	1	
12	22188	1	
12	12465	2	
12	13490	1	
12	12471	1	
12	20255	1	
12	3261	1	
12	3262	1	
12	2243	1	
12	17185	1	
12	6345	1	
12	13516	1	
12	4303	1	
12	22229	1	
12	4310	1	
12	11992	1	
12	10458	1	
12	9947	1	
12	10972	4	
12	12510	1	
12	7903	1	
12	1760	1	
12	7396	1	
12	7911	1	
12	5867	1	
12	13357	1	
12	6386	1	
12	16121	1	
12	14592	1	
12	14081	1	
12	14082	1	
12	4867	1	
12	4868	3	
12	15621	2	
12	19718	1	
12	7432	1	
12	20234	1	
12	17163	1	
12	15119	2	
12	2835	1	
12	17684	1	
12	21782	1	
12	5911	1	
12	21295	1	
12	8988	1	
12	15133	1	
12	8479	1	
12	4385	1	
12	20260	1	
12	19238	1	
12	17706	1	
12	6791	1	
12	7392	1	
12	7471	1	
12	16176	1	
12	10545	1	
12	19764	1	
12	13022	1	
12	5940	1	
12	14047	1	
12	8513	1	
12	1163	1	
12	20292	1	
12	18759	1	
12	3914	1	
12	6989	1	
12	12111	1	
12	15184	1	
12	12625	1	
12	14677	1	
12	21305	3	
12	17241	1	
12	858	1	
12	22368	1	
12	22369	1	
12	8550	1	
12	2407	1	
12	11632	1	
12	5553	1	
12	22389	1	
12	12663	2	
12	7041	1	
12	12164	1	
12	3973	1	
12	16775	3	
12	15754	1	
12	395	1	
12	909	1	
12	4497	1	
12	7570	1	
12	7062	1	
12	3992	1	
12	15172	1	
12	19364	1	
12	18853	1	
12	22442	1	
12	9644	1	
12	7240	1	
12	4019	1	
12	18360	1	
12	13242	1	
12	13755	1	
12	11708	1	
12	11709	3	
12	22464	1	
12	15751	1	
12	17996	1	
12	7114	1	
12	18423	1	
12	15820	1	
12	14798	1	
12	3536	3	
12	13778	1	
12	3541	1	
12	10711	1	
12	20303	1	
12	5085	1	
12	6622	1	
12	18911	1	
12	20449	1	
12	19938	1	
12	15331	1	
12	10214	1	
12	3562	1	
12	13394	1	
12	16366	2	
12	16588	1	
12	12279	2	
12	7160	1	
12	4090	1	
12	6651	1	
13	12288	1	
13	17067	1	
13	19460	1	
13	1544	1	
13	20494	1	
13	2648	1	
13	4868	1	
13	15903	1	
13	8229	1	
13	6695	2	
13	8236	2	
13	11821	1	
13	16430	1	
13	13884	2	
13	16961	1	
13	13891	4	
13	17996	2	
13	6733	1	
13	21586	1	
13	15448	2	
13	602	1	
13	18022	3	
13	9831	1	
13	1136	1	
13	14970	1	
13	638	1	
13	21121	1	
13	6787	3	
13	5765	1	
13	11398	1	
13	10392	1	
13	14489	1	
13	15528	1	
13	20137	1	
13	683	5	
13	22188	1	
13	9901	1	
13	17072	1	
13	5301	1	
13	8375	1	
13	10939	1	
13	18108	1	
13	9919	1	
13	14016	1	
13	9247	1	
13	15567	1	
13	19155	1	
13	11995	2	
13	10972	1	
13	15994	1	
13	4831	2	
13	7392	1	
13	8422	1	
13	5354	1	
13	22258	1	
13	14579	1	
13	6901	1	
13	17148	1	
13	9472	1	
13	3844	1	
13	18181	1	
13	19208	1	
13	12759	1	
13	4364	1	
13	15128	2	
13	3881	1	
13	7903	1	
13	10556	1	
13	4414	1	
13	7904	1	
13	20803	1	
13	3396	1	
13	17229	2	
13	11600	1	
13	12625	2	
13	17241	1	
13	18267	1	
13	19804	1	
13	22369	1	
13	19817	1	
13	8043	1	
13	9069	1	
13	15216	1	
13	21364	1	
13	12663	2	
13	18809	1	
13	17790	1	
13	15751	1	
13	1420	1	
13	1421	1	
13	4496	1	
13	20882	1	
13	16878	1	
13	8604	1	
13	7582	1	
13	7584	1	
13	17313	1	
13	15266	1	
13	16301	1	
13	6065	1	
13	14324	1	
13	15808	1	
13	20384	3	
13	9666	2	
13	13763	1	
13	7637	1	
13	14807	1	
13	11737	1	
13	19939	1	
13	21841	1	
13	15849	2	
13	12778	1	
13	16366	1	
13	11760	1	
13	3060	1	
13	15864	3	
13	11771	3	
14	8193	1	
14	8706	1	
14	19460	3	
14	12805	1	
14	7686	1	
14	7690	1	
14	14509	1	
14	22032	1	
14	5208	1	
14	20739	1	
14	18964	1	
14	13316	3	
14	9755	2	
14	15903	1	
14	7210	1	
14	9761	1	
14	20519	1	
14	1578	2	
14	3627	1	
14	8749	1	
14	1280	2	
14	8753	1	
14	19238	1	
14	1076	2	
14	22071	1	
14	568	1	
14	15199	1	
14	13885	2	
14	13887	1	
14	18016	1	
14	19523	1	
14	8262	1	
14	15432	1	
14	16301	1	
14	11850	2	
14	13388	2	
14	5268	1	
14	21586	4	
14	18005	1	
14	15448	1	
14	12602	1	
14	19550	1	
14	17504	1	
14	19553	1	
14	18020	1	
14	18022	1	
14	16998	1	
14	9831	1	
14	11708	1	
14	12394	2	
14	22119	1	
14	17004	1	
14	12910	1	
14	13937	3	
14	22035	2	
14	7797	1	
14	9850	1	
14	13435	1	
14	14974	1	
14	3203	1	
14	18042	1	
14	13969	1	
14	6290	1	
14	9875	1	
14	21140	1	
14	6809	1	
14	18075	1	
14	18077	1	
14	13986	1	
14	10915	1	
14	11684	1	
14	22188	2	
14	9901	1	
14	14088	1	
14	8989	2	
14	16049	1	
14	13490	1	
14	4276	1	
14	5818	1	
14	6687	1	
14	7870	1	
14	11969	4	
14	8898	1	
14	14020	1	
14	20165	1	
14	8993	1	
14	15820	2	
14	11979	1	
14	13516	1	
14	718	1	
14	17106	3	
14	10531	2	
14	10453	1	
14	3961	1	
14	19672	1	
14	7897	2	
14	18140	2	
14	10973	1	
14	14047	1	
14	10464	7	
14	10467	5	
14	22245	1	
14	7399	1	
14	22248	1	
14	20722	1	
14	12013	1	
14	9455	1	
14	9458	1	
14	467	1	
14	6901	1	
14	16121	1	
14	16682	1	
14	14592	2	
14	14081	1	
14	4867	1	
14	4868	1	
14	20232	1	
14	15119	2	
14	7952	1	
14	6929	1	
14	2835	1	
14	16662	2	
14	18200	2	
14	8988	2	
14	797	2	
14	12165	1	
14	18209	1	
14	18210	2	
14	1827	1	
14	20260	1	
14	20774	2	
14	16177	2	
14	5929	1	
14	1834	1	
14	17435	1	
14	1841	2	
14	1844	1	
14	18746	4	
14	12091	2	
14	8512	1	
14	7904	1	
14	14664	1	
14	17225	1	
14	17229	1	
14	15184	1	
14	12625	1	
14	11604	2	
14	4440	1	
14	6489	1	
14	860	2	
14	861	3	
14	8421	1	
14	22368	1	
14	22369	1	
14	2914	1	
14	3643	2	
14	3943	1	
14	20330	1	
14	9069	3	
14	13678	1	
14	9072	1	
14	7537	1	
14	21878	1	
14	10985	1	
14	8568	1	
14	8569	1	
14	8255	1	
14	380	1	
14	17790	1	
14	9918	1	
14	2944	1	
14	18818	1	
14	9093	1	
14	4486	1	
14	16775	1	
14	909	1	
14	7055	2	
14	4496	1	
14	14743	1	
14	408	1	
14	4002	2	
14	19364	1	
14	19373	1	
14	20915	1	
14	16308	1	
14	10679	1	
14	6075	1	
14	19900	2	
14	4542	2	
14	10972	1	
14	16092	1	
14	2502	1	
14	6732	1	
14	22475	1	
14	7116	1	
14	13730	1	
14	9167	1	
14	14800	1	
14	14803	1	
14	5625	1	
14	11737	1	
14	18911	2	
14	19938	1	
14	15851	1	
14	8684	1	
14	4589	1	
14	3058	1	
14	3572	1	
14	13301	1	
14	8532	1	
14	6651	1	
14	18225	1	
14	4606	1	
15	7680	2	
15	12288	1	
15	4611	1	
15	7684	1	
15	7687	2	
15	11275	1	
15	17935	1	
15	22032	3	
15	19478	1	
15	22551	3	
15	10265	1	
15	14875	1	
15	17951	2	
15	4135	1	
15	1578	3	
15	8238	2	
15	16431	2	
15	8243	1	
15	1076	1	
15	22581	1	
15	13887	1	
15	11850	1	
15	17484	1	
15	12878	1	
15	18005	1	
15	16998	1	
15	15976	1	
15	8892	2	
15	108	1	
15	19048	2	
15	4211	1	
15	2690	1	
15	1669	1	
15	1670	1	
15	19595	1	
15	1167	1	
15	4248	1	
15	3176	1	
15	16544	1	
15	4263	1	
15	9901	1	
15	5717	1	
15	5304	1	
15	11449	1	
15	700	1	
15	22209	1	
15	8940	1	
15	20168	1	
15	13516	2	
15	22229	1	
15	9432	1	
15	13532	2	
15	14560	1	
15	2273	1	
15	18156	1	
15	7408	1	
15	7409	1	
15	7410	1	
15	14583	1	
15	4868	1	
15	2310	1	
15	4364	1	
15	5390	1	
15	5391	1	
15	6421	1	
15	20774	1	
15	17706	1	
15	1844	1	
15	17737	1	
15	12625	1	
15	15186	1	
15	3418	1	
15	8539	1	
15	8547	1	
15	3963	1	
15	2949	1	
15	15751	1	
15	14060	1	
15	6809	1	
15	7069	1	
15	17312	1	
15	16803	1	
15	15275	1	
15	6064	1	
15	12209	1	
15	1459	1	
15	1465	1	
15	1466	2	
15	967	1	
15	15820	1	
15	9169	1	
15	8611	1	
15	18911	1	
15	14306	1	
15	5623	1	
15	18426	1	
15	5119	1	
16	12288	2	
16	3073	1	
16	5635	1	
16	7684	6	
16	16901	1	
16	7687	1	
16	22032	2	
16	7683	2	
16	13844	1	
16	19478	1	
16	22551	2	
16	10264	1	
16	15903	1	
16	17067	2	
16	20519	1	
16	1578	3	
16	8749	1	
16	16430	1	
16	16431	2	
16	16432	1	
16	1076	1	
16	8250	1	
16	13884	2	
16	13887	1	
16	4161	1	
16	16963	1	
16	588	1	
16	8781	1	
16	12878	2	
16	592	1	
16	1617	1	
16	21586	1	
16	18005	3	
16	11449	1	
16	10407	6	
16	8797	1	
16	18528	1	
16	16998	4	
16	7785	1	
16	107	4	
16	108	6	
16	5053	1	
16	13937	1	
16	19058	2	
16	13428	3	
16	3702	1	
16	631	1	
16	14969	1	
16	11887	1	
16	17312	2	
16	6786	1	
16	6791	1	
16	17004	1	
16	13963	1	
16	1168	2	
16	7827	1	
16	8853	1	
16	11931	1	
16	16544	1	
16	16546	1	
16	4263	3	
16	4776	1	
16	683	1	
16	22188	1	
16	9901	1	
16	12471	1	
16	2745	1	
16	8892	2	
16	12481	1	
16	14024	1	
16	14026	1	
16	7546	2	
16	20194	1	
16	15227	1	
16	6377	1	
16	19180	1	
16	4868	1	
16	18185	3	
16	20236	1	
16	15119	1	
16	15499	1	
16	21782	1	
16	6423	1	
16	281	1	
16	17690	1	
16	284	1	
16	17706	1	
16	12588	1	
16	1844	1	
16	15675	1	
16	20284	1	
16	8512	1	
16	3395	1	
16	13026	1	
16	4441	1	
16	15715	1	
16	8039	1	
16	7528	1	
16	9069	1	
16	15216	1	
16	15218	1	
16	15222	2	
16	20343	1	
16	12153	1	
16	3962	1	
16	21883	1	
16	9536	1	
16	12164	1	
16	15237	1	
16	2955	1	
16	1421	1	
16	19523	1	
16	19353	1	
16	13723	2	
16	7069	1	
16	4000	1	
16	17313	2	
16	11684	1	
16	19895	1	
16	9145	1	
16	11708	1	
16	3517	1	
16	7617	1	
16	4547	1	
16	4550	1	
16	18423	2	
16	9171	1	
16	11737	1	
16	4061	1	
16	18911	1	
16	21617	1	
16	16363	4	
16	492	1	
16	10408	4	
16	3058	1	
16	5623	1	
16	18426	1	
16	8188	1	
17	12288	1	
17	15874	1	
17	17925	1	
17	10	1	
17	13837	1	
17	20494	1	
17	12815	1	
17	1046	1	
17	22551	7	
17	10264	1	
17	858	1	
17	15903	4	
17	12325	2	
17	12329	1	
17	16940	1	
17	12333	1	
17	8238	2	
17	16431	1	
17	16432	1	
17	8753	1	
17	6067	1	
17	12341	1	
17	8765	1	
17	9792	1	
17	12357	1	
17	16968	1	
17	585	4	
17	11850	1	
17	8268	1	
17	21586	2	
17	18005	1	
17	2745	1	
17	18528	2	
17	7777	1	
17	101	1	
17	16998	2	
17	19559	1	
17	13418	1	
17	4199	1	
17	108	1	
17	21613	1	
17	1469	1	
17	5232	1	
17	13937	2	
17	626	1	
17	1139	1	
17	10360	1	
17	6265	1	
17	635	1	
17	19580	1	
17	17535	2	
17	6786	1	
17	3203	1	
17	13447	1	
17	15499	1	
17	12429	1	
17	4238	1	
17	1167	3	
17	13969	1	
17	9875	1	
17	16020	1	
17	3221	2	
17	11931	1	
17	14448	1	
17	16545	1	
17	10407	2	
17	17576	1	
17	10409	1	
17	10410	1	
17	19826	1	
17	3758	1	
17	11821	1	
17	11444	1	
17	11449	1	
17	12475	1	
17	8892	2	
17	19133	1	
17	15556	1	
17	20343	1	
17	3220	1	
17	10219	1	
17	632	1	
17	7380	1	
17	4473	1	
17	11482	1	
17	13532	1	
17	14047	1	
17	7399	1	
17	10985	1	
17	7917	1	
17	3313	1	
17	12018	1	
17	6014	1	
17	16120	1	
17	12026	1	
17	10408	1	
17	3418	1	
17	11007	1	
17	1798	1	
17	18185	6	
17	20235	1	
17	4364	2	
17	18191	1	
17	17168	1	
17	18200	1	
17	281	1	
17	8989	1	
17	17696	1	
17	22064	1	
17	14118	1	
17	7217	1	
17	21295	1	
17	1844	2	
17	12602	1	
17	6973	1	
17	16190	1	
17	21311	1	
17	3392	1	
17	20802	1	
17	13360	1	
17	17225	1	
17	14668	3	
17	18766	1	
17	14672	1	
17	18769	1	
17	8532	1	
17	14677	1	
17	12119	1	
17	14682	1	
17	861	1	
17	2399	1	
17	22368	1	
17	7529	2	
17	9069	1	
17	5489	1	
17	15218	1	
17	15220	1	
17	15222	1	
17	745	1	
17	377	1	
17	15227	2	
17	14716	1	
17	1918	1	
17	2944	1	
17	12673	1	
17	17899	1	
17	17740	1	
17	3984	1	
17	14744	1	
17	917	1	
17	3479	1	
17	11672	1	
17	7579	1	
17	7069	1	
17	9122	1	
17	11684	1	
17	22437	1	
17	8618	1	
17	22258	1	
17	4509	1	
17	435	1	
17	2674	1	
17	3060	1	
17	11708	1	
17	11709	1	
17	16832	1	
17	11714	1	
17	6599	1	
17	588	1	
17	9167	1	
17	19408	1	
17	15317	2	
17	18852	1	
17	18911	1	
17	1465	1	
17	14306	1	
17	13290	1	
17	16363	2	
17	4081	2	
17	3058	1	
17	16371	1	
17	14324	2	
17	16373	1	
17	18426	1	
17	11771	1	
17	6652	1	
18	12800	1	
18	8640	1	
18	7684	1	
18	17168	1	
18	22551	1	
18	281	1	
18	16431	1	
18	11293	1	
18	9121	1	
18	4002	1	
18	18162	1	
18	7069	1	
18	21937	1	
18	14387	1	
18	1844	1	
18	20920	1	
18	14522	1	
18	13884	1	
18	21309	1	
18	14527	1	
18	22464	1	
18	21586	1	
18	18005	1	
18	15451	1	
18	14301	1	
18	5883	1	
18	6760	2	
18	10985	1	
18	16363	1	
18	108	1	
18	19693	1	
18	3058	1	
18	6651	2	
19	12288	1	
19	5635	1	
19	13316	1	
19	7687	1	
19	9644	1	
19	4115	1	
19	22551	1	
19	22557	1	
19	6687	1	
19	11815	1	
19	16430	1	
19	12852	1	
19	10300	1	
19	13888	1	
19	12354	1	
19	3652	1	
19	592	1	
19	10321	1	
19	21586	3	
19	7262	1	
19	16998	1	
19	109	1	
19	5745	1	
19	5764	2	
19	13445	1	
19	14985	2	
19	19595	1	
19	3731	1	
19	21142	1	
19	11931	1	
19	10407	1	
19	10408	1	
19	4293	1	
19	16588	1	
19	11472	1	
19	3311	2	
19	1280	1	
19	6402	1	
19	4868	1	
19	4364	4	
19	5391	1	
19	17168	1	
19	18197	1	
19	4886	2	
19	19737	1	
19	17703	2	
19	15751	1	
19	2351	1	
19	15752	1	
19	1844	1	
19	6622	1	
19	5769	1	
19	12091	1	
19	3392	1	
19	15170	1	
19	18759	1	
19	8013	1	
19	12625	1	
19	20878	1	
19	4438	3	
19	22368	1	
19	6507	1	
19	9069	2	
19	14703	1	
19	8564	1	
19	8568	1	
19	11641	1	
19	12673	1	
19	2949	2	
19	1415	1	
19	904	1	
19	909	1	
19	910	1	
19	16366	1	
19	17819	1	
19	20384	2	
19	13723	1	
19	4012	1	
19	1466	1	
19	11709	3	
19	12734	1	
19	22464	1	
19	11714	1	
19	14285	1	
19	8151	1	
19	10206	1	
19	19938	1	
19	19939	1	
19	18926	1	
19	4081	1	
19	3058	1	
19	5623	1	
19	6652	1	
19	12799	1	
20	7104	1	
20	19464	1	
20	650	1	
20	19595	1	
20	17436	1	
20	1054	1	
20	9121	1	
20	419	1	
20	19364	1	
20	15784	1	
20	20905	1	
20	4275	1	
20	12852	1	
20	12471	1	
20	2314	1	
20	19136	1	
20	11850	1	
20	14545	1	
20	14677	1	
20	15704	1	
20	11101	1	
20	10975	1	
20	22252	1	
20	14448	1	
20	20474	1	
20	11771	1	
20	12799	1	
