1	3332	1	
1	4364	2	
1	16911	1	
1	4496	1	
1	17041	1	
1	22557	1	
1	20260	1	
1	7463	1	
1	6824	2	
1	13611	1	
1	8236	1	
1	9901	1	
1	3758	1	
1	21295	2	
1	9069	1	
1	19124	1	
1	21814	1	
1	15035	1	
1	317	1	
1	12734	1	
1	11714	1	
1	13252	2	
1	8647	2	
1	6345	1	
1	9290	1	
1	9167	1	
1	4304	1	
1	12626	1	
1	10452	1	
1	14677	3	
1	15448	2	
1	18905	1	
1	11747	1	
1	16998	2	
1	3943	2	
1	17004	1	
1	21613	1	
1	3568	1	
1	500	1	
1	18042	1	
2	12672	1	
2	6400	1	
2	3332	1	
2	10118	1	
2	17544	1	
2	7306	1	
2	10510	1	
2	16017	1	
2	2834	1	
2	10264	1	
2	15128	1	
2	19225	1	
2	13979	1	
2	18978	1	
2	10011	1	
2	20260	1	
2	10918	1	
2	12585	1	
2	11946	1	
2	21295	7	
2	432	1	
2	4146	1	
2	4019	1	
2	19124	2	
2	12471	1	
2	15292	1	
2	19133	1	
2	6847	1	
2	11969	1	
2	20427	1	
2	3528	3	
2	1099	1	
2	6732	1	
2	11471	1	
2	9424	1	
2	9169	2	
2	19619	1	
2	4692	1	
2	9686	1	
2	9047	1	
2	2265	1	
2	2525	1	
2	10975	1	
2	2273	1	
2	21730	1	
2	19939	1	
2	16998	1	
2	14703	1	
2	14448	1	
2	15986	1	
2	13174	1	
2	1147	1	
2	12670	1	
3	17424	1	
3	4868	2	
3	2075	1	
3	22557	1	
3	15903	1	
3	8236	2	
3	18991	1	
3	16432	1	
3	14391	1	
3	8763	1	
3	13884	1	
3	3141	1	
3	11851	1	
3	10316	2	
3	21070	1	
3	21586	1	
3	15445	1	
3	5206	1	
3	15448	2	
3	15456	1	
3	18530	1	
3	13411	1	
3	19900	1	
3	1138	1	
3	1141	1	
3	10857	1	
3	1147	1	
3	5248	1	
3	14473	1	
3	3210	1	
3	17041	1	
3	20628	1	
3	14489	1	
3	11420	1	
3	9887	1	
3	13986	1	
3	6823	1	
3	22188	2	
3	14509	1	
3	15540	1	
3	8374	1	
3	12471	1	
3	2239	1	
3	17184	2	
3	14019	1	
3	12484	1	
3	15557	1	
3	17608	1	
3	13516	3	
3	15572	1	
3	15575	1	
3	8921	1	
3	4315	1	
3	3293	1	
3	4318	1	
3	1760	1	
3	22245	1	
3	4356	1	
3	18185	1	
3	4364	2	
3	17688	1	
3	797	1	
3	15916	1	
3	7456	1	
3	14122	1	
3	6450	1	
3	16194	1	
3	22339	1	
3	8007	1	
3	22344	1	
3	9033	1	
3	18769	1	
3	14677	3	
3	13654	1	
3	9047	1	
3	21848	1	
3	2394	1	
3	21851	1	
3	15199	1	
3	4496	1	
3	8043	1	
3	9069	2	
3	9071	1	
3	7537	2	
3	2422	1	
3	12663	1	
3	16254	1	
3	2947	1	
3	14725	1	
3	22416	1	
3	19345	1	
3	22418	1	
3	21913	1	
3	8604	1	
3	10657	1	
3	15266	1	
3	22437	1	
3	22442	1	
3	8636	1	
3	12734	1	
3	13255	1	
3	12746	1	
3	5581	1	
3	9167	1	
3	16347	1	
3	15845	1	
3	9041	2	
3	6121	1	
3	15850	1	
3	20463	1	
3	3568	1	
3	6643	1	
3	11771	1	
3	6652	1	
4	20481	1	
4	7686	1	
4	22025	1	
4	11791	1	
4	22032	1	
4	18962	1	
4	6171	1	
4	22557	2	
4	20519	1	
4	6709	1	
4	22196	1	
4	13388	1	
4	13389	1	
4	6741	1	
4	15448	4	
4	19557	1	
4	16998	1	
4	10857	1	
4	18030	1	
4	6776	1	
4	11385	1	
4	20604	1	
4	15486	1	
4	1664	1	
4	1670	1	
4	18569	1	
4	20626	1	
4	13459	1	
4	10915	1	
4	19113	1	
4	22188	1	
4	16051	1	
4	19124	1	
4	2239	1	
4	7368	1	
4	13516	1	
4	5841	1	
4	4818	1	
4	217	2	
4	15581	1	
4	16095	1	
4	15584	1	
4	19172	1	
4	9425	1	
4	17137	1	
4	1269	1	
4	11008	1	
4	8961	1	
4	4364	1	
4	6414	1	
4	5400	1	
4	21295	1	
4	805	1	
4	19238	1	
4	13276	1	
4	18731	1	
4	18732	1	
4	16175	1	
4	15664	1	
4	8502	1	
4	12091	1	
4	12341	1	
4	6464	1	
4	21814	1	
4	14677	1	
4	1895	2	
4	8043	1	
4	9069	1	
4	12142	1	
4	6511	1	
4	12151	1	
4	1918	1	
4	14725	1	
4	21390	1	
4	4497	1	
4	22418	1	
4	12187	1	
4	7584	1	
4	18855	1	
4	22442	1	
4	22455	1	
4	3517	1	
4	15295	1	
4	9152	1	
4	19411	1	
4	18396	1	
4	21493	1	
4	16379	1	
4	2556	1	
4	5119	1	
5	1032	1	
5	7180	1	
5	17424	1	
5	18962	1	
5	10262	1	
5	22551	3	
5	9755	1	
5	22557	1	
5	15903	1	
5	18976	1	
5	545	1	
5	1068	1	
5	3629	1	
5	20014	1	
5	7220	1	
5	13891	1	
5	11334	2	
5	13389	1	
5	9294	1	
5	592	2	
5	6741	1	
5	5207	1	
5	19555	1	
5	15461	1	
5	17000	2	
5	22121	1	
5	18030	1	
5	21608	1	
5	1140	2	
5	1141	1	
5	10857	1	
5	1147	2	
5	13950	1	
5	8322	1	
5	19587	1	
5	11913	1	
5	1163	1	
5	13459	1	
5	14485	1	
5	16543	2	
5	18080	1	
5	6826	1	
5	22188	1	
5	17070	1	
5	19124	2	
5	12471	1	
5	2747	1	
5	15036	1	
5	9247	1	
5	13516	2	
5	18128	2	
5	10452	1	
5	15574	1	
5	218	2	
5	219	1	
5	4831	1	
5	19174	1	
5	4340	1	
5	757	1	
5	17142	1	
5	2307	1	
5	4364	1	
5	15117	1	
5	10510	1	
5	8749	1	
5	4884	1	
5	15128	1	
5	17177	1	
5	19226	1	
5	3375	1	
5	16159	1	
5	5339	2	
5	19238	1	
5	6023	1	
5	5934	1	
5	21295	2	
5	17207	1	
5	9529	1	
5	18746	1	
5	13129	1	
5	12110	2	
5	4947	1	
5	14677	1	
5	9047	2	
5	15704	1	
5	15709	1	
5	22369	1	
5	2407	2	
5	8043	2	
5	5996	3	
5	9069	2	
5	18800	1	
5	10098	1	
5	12151	1	
5	897	1	
5	10626	1	
5	6022	1	
5	16263	1	
5	17290	1	
5	15246	1	
5	18837	1	
5	5527	1	
5	15774	1	
5	12191	1	
5	13738	1	
5	4019	2	
5	7092	1	
5	20098	1	
5	7095	2	
5	11195	1	
5	8636	1	
5	6080	1	
5	16321	1	
5	5577	1	
5	20442	2	
5	15855	1	
5	15548	1	
5	4601	1	
5	4090	1	
5	22442	1	
6	14592	3	
6	18817	1	
6	2309	1	
6	8641	1	
6	9816	1	
6	1163	1	
6	6669	1	
6	11790	1	
6	15448	1	
6	2196	1	
6	10263	1	
6	21912	1	
6	17818	1	
6	8636	1	
6	9761	1	
6	19238	1	
6	4008	1	
6	22442	1	
6	13611	1	
6	5433	1	
6	3386	1	
6	19900	1	
6	1345	1	
6	3528	1	
6	9033	1	
6	20427	1	
6	20429	1	
6	5838	1	
6	4303	3	
6	16341	1	
6	13398	1	
6	15447	1	
6	15704	1	
6	8797	1	
6	8161	1	
6	15845	3	
6	22119	2	
6	20456	1	
6	13161	1	
6	3943	1	
6	14448	1	
6	1140	1	
6	12151	1	
6	1147	1	
7	1030	2	
7	1031	1	
7	22188	1	
7	9047	1	
7	3084	1	
7	2063	1	
7	22032	1	
7	13331	1	
7	22551	1	
7	18460	1	
7	9245	1	
7	16414	1	
7	22047	1	
7	12343	1	
7	6713	1	
7	12350	2	
7	22368	1	
7	11335	1	
7	6732	1	
7	18005	1	
7	13398	1	
7	19050	1	
7	18030	1	
7	14448	1	
7	21618	1	
7	4723	1	
7	6773	1	
7	10360	1	
7	15993	1	
7	14970	1	
7	22140	1	
7	11398	1	
7	7303	1	
7	1163	1	
7	14484	1	
7	13475	1	
7	19628	1	
7	22557	1	
7	3762	1	
7	22198	1	
7	12471	1	
7	22200	1	
7	2746	1	
7	8892	1	
7	19133	1	
7	13514	1	
7	13516	1	
7	3287	1	
7	5340	1	
7	2800	1	
7	17150	1	
7	8449	1	
7	4867	1	
7	19204	1	
7	7432	1	
7	15119	2	
7	4882	1	
7	5398	1	
7	3867	1	
7	20260	1	
7	10545	1	
7	21305	1	
7	5435	1	
7	22339	1	
7	5433	1	
7	16223	1	
7	18784	1	
7	8556	1	
7	9600	1	
7	19332	2	
7	16775	2	
7	906	1	
7	13710	2	
7	18841	1	
7	13723	1	
7	20384	1	
7	1957	1	
7	21926	1	
7	22442	1	
7	12718	1	
7	4527	1	
7	7095	1	
7	5564	2	
7	19396	2	
7	9167	1	
7	8145	1	
7	19939	1	
7	15845	1	
7	2025	1	
7	8685	1	
7	499	1	
7	18936	1	
8	11008	1	
8	8195	1	
8	11787	1	
8	11791	1	
8	22032	2	
8	11287	1	
8	12842	3	
8	6713	3	
8	1089	1	
8	9227	1	
8	11335	1	
8	16969	1	
8	20564	1	
8	13398	1	
8	15448	1	
8	6747	1	
8	8797	1	
8	8636	1	
8	21613	1	
8	18030	2	
8	5309	1	
8	1140	1	
8	1141	1	
8	2173	1	
8	1664	3	
8	17041	1	
8	15508	1	
8	14485	1	
8	13978	1	
8	9839	1	
8	7332	1	
8	16054	1	
8	19133	1	
8	13516	2	
8	4303	1	
8	7892	1	
8	10972	1	
8	4317	1	
8	3536	1	
8	7397	1	
8	20209	1	
8	4340	1	
8	14592	4	
8	2176	1	
8	5378	1	
8	4867	1	
8	2828	1	
8	2837	1	
8	9496	1	
8	19740	1	
8	797	1	
8	18209	1	
8	15666	1	
8	2873	1	
8	19260	1	
8	8511	1	
8	20803	1	
8	20303	1	
8	14677	1	
8	14680	1	
8	11612	1	
8	16733	1	
8	20760	1	
8	16224	1	
8	2918	1	
8	12151	1	
8	16256	1	
8	12162	1	
8	16776	1	
8	17290	1	
8	907	1	
8	20366	1	
8	20882	2	
8	21912	1	
8	8605	1	
8	18855	1	
8	22442	1	
8	4019	1	
8	15804	1	
8	14783	1	
8	9167	1	
8	1488	1	
8	10205	1	
8	14306	1	
8	487	1	
8	15868	1	
8	6643	1	
8	8180	1	
8	1525	1	
8	4601	1	
8	2555	1	
8	4604	1	
8	9726	1	
9	12288	1	
9	11008	1	
9	1074	2	
9	13316	1	
9	13398	4	
9	5638	1	
9	16775	2	
9	5900	1	
9	12616	1	
9	20547	2	
9	13516	1	
9	19349	2	
9	11161	1	
9	15772	1	
9	22557	1	
9	16798	1	
9	18181	1	
9	547	1	
9	13478	1	
9	15273	1	
9	22442	1	
9	13739	1	
9	22188	1	
9	14509	1	
9	20142	1	
9	4016	1	
9	10545	1	
9	15666	1	
9	4019	1	
9	7095	1	
9	15160	2	
9	21305	1	
9	1979	1	
9	19900	1	
9	19133	1	
9	13118	1	
9	15808	1	
9	8387	1	
9	13128	1	
9	19913	1	
9	3395	1	
9	6732	2	
9	15821	1	
9	20047	1	
9	6736	1	
9	21586	1	
9	11732	1	
9	10710	1	
9	2873	1	
9	10206	2	
9	15584	1	
9	18128	1	
9	15202	1	
9	19939	1	
9	11749	1	
9	2278	1	
9	5864	1	
9	8636	1	
9	5866	2	
9	7219	1	
9	18286	1	
9	17395	2	
9	1140	1	
9	12151	1	
9	10360	1	
9	16379	1	
9	9726	1	
10	14592	3	
10	8449	1	
10	19243	1	
10	22188	2	
10	9607	1	
10	12352	1	
10	11820	1	
10	12940	1	
10	13710	1	
10	11791	1	
10	18784	1	
10	3758	1	
10	12441	1	
10	21912	1	
10	22041	1	
10	17435	1	
10	18460	1	
10	4263	1	
10	2846	1	
10	16159	1	
10	13858	1	
10	13475	1	
10	15808	1	
10	4161	1	
10	7207	1	
10	11817	1	
10	22442	1	
10	4011	1	
10	15532	1	
10	15666	2	
10	5038	1	
10	16048	1	
10	17608	1	
10	11570	1	
10	11059	2	
10	11294	1	
10	9142	1	
10	21305	2	
10	683	1	
10	8636	1	
10	19133	1	
10	8569	1	
10	3392	1	
10	14145	1	
10	7110	1	
10	19553	1	
10	3400	1	
10	13516	1	
10	6732	2	
10	15693	1	
10	846	2	
10	11471	2	
10	8568	1	
10	596	1	
10	20695	1	
10	7897	1	
10	8797	1	
10	16094	1	
10	15584	1	
10	11008	1	
10	6791	1	
10	740	1	
10	3943	2	
10	22140	1	
10	18794	1	
10	2407	1	
10	9068	1	
10	21617	1	
10	498	1	
10	4723	1	
10	1140	3	
10	1141	1	
10	19561	1	
10	15096	1	
10	16468	1	
10	4492	1	
10	19201	1	
10	18282	2	
10	9726	1	
11	12288	1	
11	14592	1	
11	13316	1	
11	22024	1	
11	17424	1	
11	547	1	
11	774	1	
11	3113	2	
11	6701	1	
11	19549	1	
11	20915	1	
11	9270	1	
11	22071	1	
11	11851	1	
11	13388	3	
11	11342	1	
11	7764	1	
11	15448	3	
11	15449	1	
11	8797	1	
11	22032	1	
11	21605	1	
11	14438	1	
11	9831	1	
11	12393	1	
11	21613	1	
11	15982	1	
11	14448	2	
11	13937	1	
11	15977	1	
11	17530	1	
11	1147	2	
11	18809	1	
11	1174	1	
11	14489	1	
11	9887	1	
11	5285	1	
11	683	1	
11	9388	1	
11	14509	2	
11	3177	1	
11	2745	1	
11	18108	1	
11	16582	1	
11	9418	1	
11	13516	3	
11	14543	1	
11	11479	1	
11	8921	1	
11	740	1	
11	5351	1	
11	11008	1	
11	8449	3	
11	19718	1	
11	4364	4	
11	4366	1	
11	15119	1	
11	4884	1	
11	8988	1	
11	797	2	
11	4894	1	
11	17183	1	
11	6952	1	
11	4999	1	
11	21299	1	
11	4414	1	
11	11600	1	
11	12625	1	
11	18772	1	
11	14677	2	
11	9047	1	
11	11109	1	
11	2407	1	
11	360	1	
11	22418	1	
11	9072	1	
11	3961	1	
11	1918	1	
11	15751	1	
11	4497	1	
11	7570	1	
11	22426	1	
11	15266	1	
11	20389	1	
11	15273	1	
11	22442	2	
11	4012	1	
11	7600	1	
11	4019	1	
11	12218	1	
11	3517	1	
11	12734	1	
11	19392	1	
11	16838	1	
11	5576	1	
11	20429	2	
11	8144	1	
11	18908	1	
11	21981	1	
11	16775	1	
11	508	1	
11	494	1	
11	1525	1	
11	13816	1	
11	6652	1	
12	7040	1	
12	2944	1	
12	15618	3	
12	7595	1	
12	13316	1	
12	14725	1	
12	18173	1	
12	20999	1	
12	22024	1	
12	20012	2	
12	17290	1	
12	2443	1	
12	13452	1	
12	14492	1	
12	5677	1	
12	6416	1	
12	22418	1	
12	1147	1	
12	15508	1	
12	14743	3	
12	15000	1	
12	18841	1	
12	7319	1	
12	6685	1	
12	15774	1	
12	9247	1	
12	19243	1	
12	4364	1	
12	16547	2	
12	4772	1	
12	9606	1	
12	5119	1	
12	21161	1	
12	20010	3	
12	16135	1	
12	6828	1	
12	16434	1	
12	12673	2	
12	9777	1	
12	6706	1	
12	1076	1	
12	11913	1	
12	17336	1	
12	20319	1	
12	8636	1	
12	16190	1	
12	13445	1	
12	452	1	
12	14689	1	
12	15432	1	
12	13388	1	
12	20427	1	
12	6732	1	
12	19401	1	
12	4942	1	
12	4941	1	
12	11161	2	
12	4945	1	
12	6867	1	
12	9684	1	
12	6741	2	
12	8797	2	
12	16479	1	
12	7392	1	
12	14800	1	
12	15459	1	
12	21605	1	
12	19174	1	
12	13159	1	
12	19900	1	
12	6506	1	
12	14574	1	
12	9583	1	
12	14448	1	
12	13516	1	
12	15548	1	
12	16373	1	
12	1526	1	
12	10360	1	
12	11385	4	
12	16379	1	
12	4604	1	
12	10365	1	
12	7039	1	
13	1280	1	
13	10625	3	
13	15618	2	
13	9351	1	
13	15117	1	
13	15890	1	
13	1147	1	
13	15508	1	
13	2837	1	
13	22551	1	
13	11161	1	
13	19740	1	
13	5150	1	
13	20384	1	
13	219	1	
13	6052	1	
13	19238	1	
13	21160	1	
13	11817	1	
13	5808	1	
13	16691	1	
13	4533	1	
13	8375	1	
13	17466	1	
13	13884	2	
13	16190	1	
13	19019	1	
13	14689	2	
13	13388	2	
13	20427	2	
13	6732	1	
13	4942	1	
13	9170	1	
13	9729	1	
13	14677	1	
13	9047	1	
13	12888	2	
13	218	1	
13	10459	1	
13	6113	1	
13	20707	1	
13	19556	1	
13	3943	1	
13	20329	1	
13	21619	1	
13	20468	1	
13	20471	1	
13	11385	3	
13	16379	1	
13	2173	1	
13	12471	1	
13	7039	1	
14	12288	2	
14	13316	1	
14	2575	1	
14	16913	1	
14	22551	1	
14	4868	1	
14	22557	1	
14	5150	2	
14	9247	2	
14	551	1	
14	8236	1	
14	3629	2	
14	8238	1	
14	18486	1	
14	8771	1	
14	20555	1	
14	6741	1	
14	19554	1	
14	21604	1	
14	7869	1	
14	13937	1	
14	13440	1	
14	13452	1	
14	20625	1	
14	13459	1	
14	9072	1	
14	16035	1	
14	12453	1	
14	10410	1	
14	8892	1	
14	19133	1	
14	9918	1	
14	10452	1	
14	15575	1	
14	2265	1	
14	219	1	
14	5498	1	
14	2271	1	
14	3332	1	
14	5867	1	
14	12089	1	
14	1269	1	
14	18174	1	
14	14081	1	
14	11524	1	
14	4364	1	
14	12558	1	
14	10515	1	
14	20519	1	
14	20260	1	
14	7463	1	
14	15660	1	
14	15664	3	
14	15666	2	
14	5433	1	
14	7903	1	
14	16190	2	
14	12110	1	
14	20303	1	
14	2873	1	
14	8026	1	
14	14689	3	
14	16017	1	
14	8043	2	
14	6000	1	
14	18295	1	
14	4986	4	
14	17790	1	
14	897	1	
14	9606	1	
14	2443	1	
14	20882	1	
14	19347	1	
14	917	1	
14	6039	1	
14	21912	1	
14	409	1	
14	17312	1	
14	12717	1	
14	7095	2	
14	16835	1	
14	4038	1	
14	13255	1	
14	20427	1	
14	16854	1	
14	7645	1	
14	4068	1	
14	15845	1	
14	15855	2	
14	5119	1	
15	1537	1	
15	5635	2	
15	13316	2	
15	8449	2	
15	7178	1	
15	1037	1	
15	14862	2	
15	16912	1	
15	12888	1	
15	14868	1	
15	19478	1	
15	22551	2	
15	19972	1	
15	22557	2	
15	20000	1	
15	545	1	
15	13063	1	
15	8236	1	
15	8749	1	
15	18483	1	
15	18486	3	
15	12350	2	
15	4161	1	
15	12354	1	
15	8260	1	
15	15432	1	
15	1099	1	
15	13389	2	
15	20047	2	
15	593	1	
15	21586	1	
15	13907	3	
15	13398	1	
15	13912	1	
15	8797	1	
15	19550	1	
15	2148	1	
15	13418	1	
15	21613	1	
15	21617	1	
15	4729	1	
15	6786	1	
15	10262	1	
15	6790	1	
15	9351	5	
15	13459	1	
15	15508	2	
15	19093	1	
15	4121	1	
15	19097	1	
15	10409	1	
15	20142	1	
15	13999	2	
15	2239	1	
15	17093	1	
15	13516	1	
15	7889	1	
15	17109	1	
15	22232	1	
15	2273	1	
15	229	1	
15	5863	2	
15	6889	1	
15	5867	1	
15	14574	1	
15	17159	1	
15	8945	1	
15	4343	1	
15	2301	1	
15	1281	1	
15	4651	1	
15	19716	1	
15	12673	2	
15	17162	2	
15	4364	1	
15	216	1	
15	18200	1	
15	22304	1	
15	15660	1	
15	10555	1	
15	12093	1	
15	11075	1	
15	4423	2	
15	19273	1	
15	9035	1	
15	18765	1	
15	2446	1	
15	7003	1	
15	2911	1	
15	18784	1	
15	14689	2	
15	2915	1	
15	8556	1	
15	9069	1	
15	18287	1	
15	21364	1	
15	12151	1	
15	8569	1	
15	1917	1	
15	897	2	
15	19332	1	
15	16776	1	
15	2443	1	
15	11662	1	
15	7055	1	
15	1936	1	
15	20882	1	
15	17818	2	
15	15772	1	
15	7066	1	
15	15774	1	
15	20384	1	
15	15266	1	
15	20905	1	
15	22442	1	
15	12190	1	
15	7095	8	
15	4536	1	
15	13243	1	
15	8636	1	
15	22464	2	
15	4546	1	
15	19275	1	
15	11719	1	
15	20427	2	
15	21972	2	
15	16859	1	
15	7644	1	
15	1501	1	
15	10214	1	
15	18921	1	
15	2541	1	
15	11760	2	
15	14841	1	
16	5632	1	
16	12288	1	
16	13316	1	
16	20998	1	
16	4115	1	
16	19478	1	
16	11294	1	
16	545	1	
16	6662	1	
16	16938	1	
16	16432	1	
16	10291	1	
16	7732	1	
16	3126	1	
16	7736	1	
16	3134	1	
16	3651	1	
16	1092	1	
16	13388	1	
16	21586	1	
16	13907	2	
16	10329	1	
16	13404	2	
16	16998	1	
16	21609	1	
16	7279	1	
16	21104	1	
16	10357	1	
16	12924	1	
16	1669	1	
16	16012	1	
16	13459	2	
16	8857	2	
16	16546	1	
16	17062	1	
16	10407	1	
16	19113	1	
16	683	2	
16	11436	2	
16	12471	1	
16	5306	1	
16	15548	1	
16	16062	1	
16	20427	1	
16	11461	1	
16	3788	1	
16	8906	1	
16	13516	3	
16	11471	1	
16	1744	1	
16	14034	1	
16	10452	1	
16	17109	1	
16	9435	1	
16	13532	1	
16	2271	1	
16	15584	1	
16	5867	1	
16	5358	1	
16	16625	1	
16	7380	1	
16	18174	1	
16	15616	2	
16	8449	1	
16	18182	1	
16	17162	1	
16	4364	3	
16	13070	1	
16	4894	2	
16	20256	1	
16	801	1	
16	15579	1	
16	12073	1	
16	7471	1	
16	15664	2	
16	6464	2	
16	9035	1	
16	4941	1	
16	7520	1	
16	8043	6	
16	9069	3	
16	12660	1	
16	12151	1	
16	1918	1	
16	3978	1	
16	1420	1	
16	13710	1	
16	6036	1	
16	21912	1	
16	1947	1	
16	15772	2	
16	15774	1	
16	4000	1	
16	15266	1	
16	17322	1	
16	12717	1	
16	16302	1	
16	5041	1	
16	7095	6	
16	15800	1	
16	13242	1	
16	19900	1	
16	16831	1	
16	20299	1	
16	4555	1	
16	19405	1	
16	18394	1	
16	7644	1	
16	7074	1	
16	3554	1	
16	11431	1	
16	15855	1	
16	16373	1	
16	16374	1	
16	5623	1	
16	8188	1	
16	5119	1	
17	12288	1	
17	20494	1	
17	8209	1	
17	20507	1	
17	14682	1	
17	20000	1	
17	5158	1	
17	3113	1	
17	15404	1	
17	20019	1	
17	3639	1	
17	15448	2	
17	13884	1	
17	19519	1	
17	12352	1	
17	1092	1	
17	11851	2	
17	12888	1	
17	19553	1	
17	19561	1	
17	19058	1	
17	19064	1	
17	12735	1	
17	20094	1	
17	4547	1	
17	14489	1	
17	13978	1	
17	9887	1	
17	16544	1	
17	10408	1	
17	17066	1	
17	11436	1	
17	7854	1	
17	2745	3	
17	2747	1	
17	13514	1	
17	212	1	
17	15574	1	
17	4823	1	
17	22245	1	
17	22252	1	
17	16624	1	
17	14588	1	
17	2309	1	
17	15575	1	
17	4364	3	
17	10510	1	
17	15128	1	
17	19752	1	
17	12502	1	
17	15666	1	
17	12089	1	
17	6458	1	
17	6459	1	
17	22344	1	
17	11600	1	
17	12625	1	
17	2899	1	
17	2903	1	
17	6489	2	
17	2394	1	
17	16734	1	
17	11109	1	
17	8043	1	
17	9069	4	
17	19520	1	
17	16260	1	
17	9606	1	
17	2443	1	
17	22426	1	
17	13723	1	
17	7584	2	
17	4822	1	
17	14495	1	
17	12733	1	
17	16831	1	
17	18080	1	
17	16835	1	
17	13255	1	
17	14327	1	
17	9167	1	
17	9169	1	
17	7650	1	
17	13799	1	
17	5096	1	
17	2025	1	
17	12279	1	
18	13316	1	
18	7178	1	
18	2903	1	
18	22032	2	
18	5208	1	
18	18962	1	
18	20142	2	
18	22551	2	
18	15899	1	
18	1564	1	
18	22557	1	
18	11294	1	
18	22571	1	
18	8236	1	
18	6732	1	
18	13389	2	
18	12878	1	
18	6229	1	
18	15448	1	
18	13412	1	
18	2173	1	
18	6790	2	
18	2416	1	
18	14509	1	
18	7854	1	
18	16049	1	
18	19133	1	
18	10436	1	
18	8906	1	
18	21196	1	
18	5838	1	
18	15574	1	
18	22232	1	
18	5339	1	
18	19676	1	
18	7392	1	
18	19174	1	
18	8425	3	
18	637	1	
18	14071	1	
18	4868	1	
18	18181	1	
18	17162	1	
18	10518	1	
18	1303	1	
18	19332	2	
18	800	1	
18	11910	1	
18	3369	1	
18	12588	1	
18	21295	1	
18	5433	4	
18	12602	1	
18	831	1	
18	18144	1	
18	17225	1	
18	21839	2	
18	14161	1	
18	21305	1	
18	7516	1	
18	22369	1	
18	14690	1	
18	2917	1	
18	364	1	
18	10096	1	
18	22385	1	
18	13532	1	
18	12151	2	
18	12153	1	
18	2944	1	
18	12162	1	
18	4484	1	
18	15239	1	
18	6033	1	
18	21912	1	
18	20384	1	
18	4014	1	
18	18866	1	
18	4532	1	
18	14277	1	
18	12746	1	
18	4343	1	
18	9684	1	
18	6114	1	
18	7148	1	
18	16373	1	
18	4601	1	
18	4602	2	
18	6652	1	
19	3073	1	
19	13316	1	
19	1032	1	
19	19469	1	
19	2063	3	
19	20142	1	
19	9241	1	
19	22557	1	
19	7204	1	
19	7432	1	
19	12341	2	
19	3126	1	
19	17467	1	
19	4669	1	
19	17470	1	
19	12354	1	
19	2627	1	
19	5339	1	
19	21606	1	
19	15981	1	
19	18030	1	
19	1141	1	
19	22140	1	
19	18569	1	
19	21613	2	
19	5264	1	
19	7317	1	
19	17565	1	
19	7332	1	
19	5831	1	
19	17070	1	
19	2077	1	
19	13769	1	
19	19133	2	
19	12487	1	
19	13514	1	
19	10962	1	
19	19675	1	
19	19676	1	
19	223	1	
19	5860	1	
19	741	1	
19	4326	1	
19	8425	1	
19	757	1	
19	18174	1	
19	20737	1	
19	2309	2	
19	20232	1	
19	20234	2	
19	786	1	
19	13078	2	
19	15128	1	
19	1818	1	
19	7451	1	
19	13019	2	
19	5340	1	
19	3373	1	
19	15664	1	
19	14473	1	
19	21305	2	
19	5435	1	
19	14653	1	
19	3125	1	
19	4418	1	
19	19791	1	
19	12625	1	
19	14677	1	
19	17250	1	
19	4452	1	
19	2407	1	
19	364	1	
19	2416	1	
19	12350	1	
19	12151	1	
19	12162	1	
19	14723	1	
19	19332	4	
19	4999	1	
19	18824	1	
19	5005	1	
19	13710	3	
19	916	1	
19	5527	1	
19	931	1	
19	18343	1	
19	18345	1	
19	22442	1	
19	19375	1	
19	22464	1	
19	19401	1	
19	20303	1	
19	20447	1	
19	2020	1	
19	11750	1	
19	20305	1	
20	13316	3	
20	1029	1	
20	9227	1	
20	22032	1	
20	10262	1	
20	22551	1	
20	1564	1	
20	22557	2	
20	7204	1	
20	22054	1	
20	3113	1	
20	15403	1	
20	9261	1	
20	1076	1	
20	3125	2	
20	3127	1	
20	3130	1	
20	13884	1	
20	13388	1	
20	13389	1	
20	13403	1	
20	16998	1	
20	13418	2	
20	17973	1	
20	18030	2	
20	1141	1	
20	6774	1	
20	21114	1	
20	3203	1	
20	19478	1	
20	6790	2	
20	19087	1	
20	5264	1	
20	4766	1	
20	10915	1	
20	17066	1	
20	20142	2	
20	1733	1	
20	5831	3	
20	12495	1	
20	12501	1	
20	5847	1	
20	19675	1	
20	21726	1	
20	13025	1	
20	1765	1	
20	4326	1	
20	8425	5	
20	11817	1	
20	10499	1	
20	13060	1	
20	2309	1	
20	7432	2	
20	15119	1	
20	4881	1	
20	13078	1	
20	14724	1	
20	5414	1	
20	16680	1	
20	15660	2	
20	15664	1	
20	5433	2	
20	12341	2	
20	22339	1	
20	18772	1	
20	2914	1	
20	19816	1	
20	5994	1	
20	879	2	
20	12151	2	
20	19332	1	
20	14725	1	
20	4999	1	
20	19336	1	
20	916	1	
20	20892	1	
20	931	1	
20	22443	1	
20	16828	1	
20	16831	1	
20	8641	1	
20	19396	1	
20	20427	2	
20	10705	1	
20	19922	1	
20	18911	1	
20	13280	1	
20	20456	1	
20	503	1	
21	14592	1	
21	4868	1	
21	1670	1	
21	11787	1	
21	8079	1	
21	3332	1	
21	8988	1	
21	18180	1	
21	20260	1	
21	11946	1	
21	2870	1	
21	15295	1	
21	9928	1	
21	10059	1	
21	9293	1	
21	9038	2	
21	12625	3	
21	14677	1	
21	9047	1	
21	2522	1	
21	2523	1	
21	20347	1	
21	3943	1	
21	12906	1	
21	1131	1	
21	21613	1	
21	3568	1	
21	13549	1	
21	22389	1	
21	1147	1	
