1 4364 2
1 16399 1
1 21392 1
1 6290 1
1 4115 1
1 18222 1
1 12604 1
1 9887 1
1 12064 1
1 19238 1
1 6695 1
1 22442 1
1 12588 1
1 9901 1
1 2990 2
1 11832 1
1 12476 1
1 15808 2
1 20384 1
1 11714 1
1 15432 1
1 13388 1
1 15566 1
1 11858 1
1 9047 1
1 6489 1
1 21211 1
1 10205 1
1 12816 1
1 9831 1
1 18108 1
1 7147 1
1 22418 1
1 14448 1
1 659 1
1 17016 1
1 4601 1
1 18940 1
1 18197 1
2 12288 1
2 3075 1
2 5638 1
2 7687 1
2 8202 1
2 3636 1
2 10254 3
2 17424 3
2 19589 1
2 10605 1
2 17156 1
2 4635 1
2 13853 1
2 4638 1
2 18175 1
2 4640 1
2 8198 1
2 16422 1
2 21032 1
2 8236 1
2 11821 1
2 16430 1
2 13873 2
2 1074 2
2 1076 1
2 22581 1
2 13883 1
2 12352 1
2 15939 1
2 19126 1
2 15432 1
2 588 1
2 13901 1
2 592 1
2 21586 4
2 4692 1
2 602 2
2 19553 1
2 19554 1
2 15971 1
2 13412 1
2 21605 1
2 22119 2
2 21609 1
2 18540 1
2 21613 1
2 21103 1
2 14448 1
2 7016 2
2 6770 2
2 6773 1
2 6774 1
2 21097 1
2 22136 1
2 11898 2
2 5759 1
2 6786 1
2 15491 1
2 5764 1
2 13445 1
2 6790 2
2 18055 1
2 14475 1
2 13452 1
2 9069 8
2 3217 2
2 3220 5
2 21142 1
2 19737 1
2 14489 1
2 14492 1
2 14493 3
2 9887 2
2 9376 1
2 11632 1
2 11428 4
2 4774 3
2 13937 3
2 10408 2
2 11434 2
2 10411 1
2 22188 1
2 14509 2
2 15128 1
2 16049 4
2 690 1
2 16054 1
2 12471 2
2 18042 1
2 3258 1
2 15903 3
2 19133 1
2 7870 1
2 2243 1
2 11461 1
2 4294 1
2 22218 1
2 13516 1
2 11471 3
2 16592 1
2 11474 1
2 19155 1
2 7892 1
2 7893 1
2 5846 2
2 5335 1
2 22232 1
2 5337 3
2 17627 1
2 10973 1
2 18142 1
2 11771 1
2 4326 3
2 6375 5
2 21227 1
2 10479 1
2 10480 1
2 5331 1
2 8379 1
2 11510 1
2 7380 1
2 16123 1
2 10495 1
2 1280 2
2 21764 1
2 7638 2
2 3339 3
2 4364 4
2 15119 1
2 10515 2
2 4884 3
2 9774 1
2 4886 6
2 18200 1
2 1668 1
2 7451 1
2 2332 1
2 4894 1
2 14469 1
2 4385 1
2 11555 1
2 3876 1
2 6449 1
2 5416 1
2 11049 1
2 7979 1
2 12076 1
2 7471 1
2 11568 1
2 7560 2
2 5426 2
2 5427 1
2 15582 2
2 14646 2
2 15673 1
2 3386 1
2 15675 1
2 20284 1
2 14645 1
2 20803 1
2 20691 1
2 6984 1
2 17225 1
2 3919 1
2 12625 3
2 5460 2
2 7481 1
2 18776 1
2 1369 1
2 1371 2
2 18234 1
2 22369 2
2 7483 1
2 2278 1
2 13969 1
2 19816 2
2 7017 1
2 18282 1
2 5351 1
2 364 1
2 18797 1
2 9583 1
2 6000 1
2 21874 1
2 4472 1
2 4475 2
2 4989 3
2 16260 3
2 10630 1
2 15751 1
2 10098 1
2 2442 4
2 3991 1
2 1002 1
2 20882 2
2 22423 1
2 15774 1
2 14751 1
2 5618 1
2 16302 1
2 431 1
2 12360 1
2 7101 1
2 10631 2
2 13255 2
2 16329 2
2 9167 1
2 16848 1
2 5587 1
2 9686 1
2 14807 1
2 21980 1
2 10205 2
2 4579 1
2 22500 1
2 21841 1
2 18922 1
2 493 1
2 11760 7
2 19401 1
2 2547 1
2 3060 1
2 16373 2
2 16374 1
2 12791 1
2 8184 1
2 13819 2
2 13821 1
2 13822 1
3 12288 1
3 4096 2
3 4610 1
3 19286 1
3 5638 1
3 8199 2
3 1544 1
3 7690 1
3 9326 1
3 4111 1
3 10257 1
3 14354 1
3 12395 1
3 19478 1
3 6489 1
3 19993 2
3 14875 1
3 15388 1
3 22557 1
3 15903 2
3 1092 1
3 21026 1
3 18267 1
3 3621 1
3 1068 1
3 3629 3
3 3633 1
3 13875 1
3 12852 2
3 22581 1
3 12342 1
3 4663 1
3 12345 1
3 6715 1
3 8764 1
3 8202 2
3 19519 1
3 4689 2
3 7520 1
3 15939 1
3 3652 1
3 8261 1
3 20039 1
3 12360 2
3 16969 1
3 11850 1
3 588 2
3 8270 2
3 20560 1
3 18001 1
3 21586 3
3 9299 1
3 10605 1
3 10837 1
3 3676 1
3 18528 1
3 18420 1
3 13412 3
3 15463 1
3 6760 1
3 13159 4
3 18030 1
3 873 1
3 5232 1
3 20593 1
3 6770 2
3 19571 1
3 3702 2
3 5993 1
3 14969 1
3 15994 1
3 3197 2
3 11902 1
3 13440 1
3 3201 1
3 20098 1
3 2179 1
3 1668 1
3 14469 1
3 18571 4
3 21133 1
3 4238 1
3 1167 1
3 4240 1
3 3217 9
3 1170 1
3 3943 1
3 3220 3
3 21102 1
3 6809 1
3 19098 1
3 14448 2
3 6816 1
3 20592 2
3 19619 4
3 14501 1
3 4774 1
3 13937 5
3 17064 1
3 20649 1
3 11434 1
3 11435 1
3 22188 1
3 14509 2
3 7880 1
3 19124 2
3 22198 1
3 21692 1
3 9162 1
3 7870 1
3 15558 1
3 14024 1
3 16544 1
3 13516 1
3 20687 1
3 7892 1
3 5335 1
3 11992 2
3 21608 1
3 11471 1
3 10972 1
3 18141 1
3 5855 1
3 7392 1
3 590 1
3 7396 1
3 8422 1
3 2279 1
3 4988 2
3 11049 1
3 3313 1
3 126 1
3 22262 1
3 14583 1
3 16120 4
3 16121 1
3 1281 1
3 4868 4
3 1918 1
3 21633 1
3 17228 1
3 8236 1
3 4364 1
3 409 1
3 15119 1
3 17484 1
3 2834 1
3 10801 1
3 4886 3
3 18200 1
3 13876 1
3 18205 1
3 4894 2
3 20256 1
3 4385 1
3 11555 1
3 7463 4
3 1169 3
3 5929 2
3 5934 1
3 15151 1
3 5936 1
3 5426 3
3 5427 1
3 1844 1
3 7477 1
3 14646 2
3 2873 4
3 16037 1
3 7483 1
3 10044 1
3 16190 3
3 8511 1
3 7217 1
3 1833 1
3 21318 1
3 17225 1
3 22346 1
3 8012 1
3 4433 2
3 854 1
3 6713 1
3 3417 1
3 3419 1
3 12602 1
3 8544 1
3 22369 2
3 500 1
3 7014 1
3 13969 3
3 13161 1
3 745 1
3 9069 1
3 5489 1
3 21874 1
3 15735 3
3 18808 1
3 4986 3
3 9596 1
3 4989 2
3 14718 1
3 897 1
3 5509 1
3 4486 1
3 15754 1
3 17291 1
3 20877 1
3 3984 1
3 3473 1
3 20882 1
3 3991 1
3 7064 1
3 7236 1
3 17818 1
3 3321 1
3 20384 2
3 9121 1
3 9124 1
3 9908 1
3 4011 2
3 2990 6
3 6561 1
3 15794 1
3 4019 2
3 6985 1
3 18361 1
3 13755 1
3 11708 5
3 9149 1
3 22464 4
3 6593 1
3 4038 1
3 13255 2
3 16328 1
3 16329 3
3 12746 1
3 21454 1
3 9167 2
3 13776 1
3 21971 1
3 4053 2
3 9687 1
3 8153 1
3 4773 2
3 12768 1
3 999 1
3 10219 1
3 7660 1
3 16367 1
3 11760 4
3 15528 1
3 3058 1
3 20468 1
3 13822 1
3 16374 1
3 12791 1
3 15864 1
3 13819 1
3 6652 1
3 6142 1
3 6143 1
4 12288 1
4 19460 2
4 22188 1
4 9227 1
4 22028 1
4 17424 1
4 10259 1
4 10260 1
4 15856 1
4 22551 1
4 15384 2
4 13316 4
4 11291 1
4 22557 2
4 11815 1
4 14595 1
4 22571 1
4 2608 1
4 3636 1
4 21557 1
4 8250 1
4 13884 1
4 4107 1
4 7236 1
4 7237 1
4 1094 2
4 22369 1
4 7180 1
4 11850 1
4 11340 1
4 21581 1
4 8270 1
4 592 1
4 4695 1
4 698 1
4 17936 1
4 3171 1
4 9333 1
4 22119 1
4 22121 1
4 8568 1
4 22123 1
4 7635 1
4 11887 1
4 21617 4
4 21618 1
4 6773 1
4 3177 1
4 21627 1
4 2410 1
4 18046 1
4 9152 1
4 3203 1
4 1668 1
4 13445 2
4 646 1
4 7361 2
4 6281 1
4 14475 1
4 19596 1
4 9666 1
4 4239 1
4 5264 1
4 13969 2
4 5267 1
4 3220 3
4 19093 1
4 21142 1
4 20119 1
4 16026 1
4 4255 1
4 15216 2
4 17435 1
4 11428 3
4 4773 1
4 4774 1
4 11431 3
4 5800 1
4 12970 1
4 13995 1
4 11436 1
4 11438 1
4 15026 1
4 9398 3
4 12471 1
4 3258 2
4 12989 1
4 1141 1
4 11969 1
4 2243 1
4 11638 1
4 801 2
4 14024 1
4 13515 1
4 13516 1
4 11469 1
4 11471 1
4 20177 1
4 7891 1
4 7380 1
4 22232 2
4 15577 1
4 1757 1
4 14047 1
4 12811 1
4 8417 1
4 8571 1
4 19392 1
4 13548 1
4 20717 1
4 6269 1
4 22258 1
4 2003 1
4 18302 1
4 4992 1
4 17154 1
4 13059 1
4 2309 1
4 19718 1
4 20234 2
4 7952 1
4 786 1
4 15491 1
4 4884 3
4 4886 1
4 18200 1
4 7451 2
4 4894 2
4 18207 1
4 20256 1
4 4385 2
4 7463 1
4 816 1
4 1844 1
4 7477 1
4 15673 1
4 12602 5
4 11999 1
4 10556 1
4 8512 1
4 15584 2
4 11074 1
4 6283 1
4 20298 1
4 17227 1
4 12625 3
4 21330 1
4 14677 1
4 7514 1
4 18267 2
4 1375 1
4 22368 1
4 865 1
4 3217 2
4 12604 2
4 7018 1
4 15215 1
4 11632 4
4 6514 1
4 10099 1
4 373 1
4 21878 2
4 375 1
4 16760 1
4 377 1
4 4475 1
4 4989 2
4 13182 1
4 7829 1
4 1408 1
4 2435 1
4 1413 1
4 15751 1
4 1918 1
4 15754 1
4 10123 1
4 12135 1
4 19348 1
4 917 1
4 1092 1
4 14751 1
4 6561 1
4 9122 3
4 9124 1
4 10225 1
4 4011 1
4 19886 1
4 5551 1
4 7601 1
4 435 3
4 436 1
4 19389 1
4 22464 3
4 11714 3
4 19396 1
4 17861 1
4 13255 2
4 6220 1
4 12746 3
4 15266 6
4 13901 2
4 10194 1
4 16851 1
4 10717 4
4 10718 5
4 10719 2
4 15735 1
4 22500 2
4 11238 1
4 7143 1
4 12779 1
4 22508 1
4 11760 5
4 19624 1
4 11762 1
4 11434 1
4 12799 1
5 12288 3
5 15362 1
5 16901 1
5 17424 1
5 15276 1
5 22232 1
5 9232 1
5 4399 1
5 17427 1
5 20142 1
5 19033 1
5 5337 1
5 3099 1
5 22557 1
5 15903 6
5 11808 1
5 6690 1
5 2596 1
5 6694 1
5 15913 1
5 798 1
5 17968 1
5 5764 1
5 11827 1
5 1076 1
5 21557 1
5 9873 1
5 3130 1
5 11835 2
5 4668 1
5 12355 1
5 12357 1
5 6755 1
5 2119 1
5 1611 1
5 6220 1
5 13901 1
5 8270 1
5 592 1
5 21586 4
5 611 1
5 15630 2
5 9816 2
5 6233 1
5 602 1
5 7772 1
5 14431 1
5 18528 1
5 17936 1
5 2747 1
5 18022 1
5 12390 1
5 3175 1
5 20882 1
5 9322 1
5 1132 1
5 11887 1
5 14448 1
5 5746 1
5 3603 1
5 2166 2
5 5993 1
5 11898 1
5 21627 1
5 10876 1
5 13592 1
5 5248 1
5 22464 1
5 1668 1
5 134 1
5 1677 1
5 4238 2
5 7823 1
5 13969 3
5 6290 2
5 3220 1
5 19093 1
5 20119 1
5 19396 1
5 13979 1
5 17569 1
5 7451 1
5 11428 11
5 11431 6
5 20137 1
5 11946 2
5 11436 4
5 15534 1
5 15023 1
5 15026 1
5 21619 2
5 13493 1
5 9398 1
5 12471 1
5 3258 2
5 9247 1
5 19133 1
5 10735 1
5 6847 1
5 11969 2
5 10436 1
5 6853 1
5 12663 1
5 16588 1
5 5325 1
5 21727 1
5 11471 1
5 18128 1
5 10867 1
5 10452 1
5 8026 1
5 21267 1
5 7897 1
5 5339 3
5 10972 1
5 1337 1
5 7902 1
5 8415 1
5 18144 2
5 20195 1
5 13541 1
5 21735 1
5 20724 1
5 11511 1
5 19461 1
5 16307 1
5 17688 1
5 16302 1
5 1280 1
5 14081 1
5 5419 1
5 4868 1
5 18181 1
5 8454 1
5 18183 1
5 18185 1
5 20234 2
5 15831 1
5 18200 1
5 7952 1
5 4881 2
5 10515 1
5 15127 1
5 15128 1
5 18564 1
5 1818 2
5 7471 1
5 2332 1
5 8989 2
5 4894 1
5 5509 1
5 16223 2
5 15652 1
5 7477 1
5 7463 1
5 2344 1
5 7979 1
5 10205 2
5 7101 1
5 13223 1
5 4406 1
5 13113 1
5 20794 1
5 18911 1
5 3388 1
5 14565 1
5 12341 1
5 2881 1
5 22340 1
5 21318 1
5 10922 1
5 10206 1
5 10636 1
5 22346 1
5 21305 1
5 7391 1
5 11600 1
5 12625 3
5 11603 1
5 8532 1
5 14677 2
5 9558 1
5 9047 1
5 2394 1
5 18267 1
5 18781 1
5 8031 1
5 16224 1
5 22369 1
5 489 1
5 3712 1
5 3217 2
5 17163 1
5 18544 1
5 7911 1
5 9069 2
5 13681 1
5 15763 1
5 13174 1
5 20343 2
5 8568 1
5 20346 1
5 4019 1
5 14718 1
5 3985 3
5 897 1
5 10114 2
5 11807 1
5 20357 1
5 20284 1
5 4492 1
5 17806 1
5 8079 1
5 10128 1
5 5009 6
5 12178 1
5 5011 1
5 5013 1
5 3990 1
5 18841 1
5 20080 1
5 20891 1
5 14751 1
5 7584 1
5 15266 3
5 1947 1
5 15780 1
5 9125 1
5 20391 1
5 15431 1
5 15971 1
5 430 1
5 7601 1
5 5554 1
5 17331 2
5 7604 1
5 17334 1
5 17225 1
5 8636 1
5 7498 1
5 1470 1
5 9152 1
5 11851 1
5 6084 1
5 14277 1
5 8647 2
5 588 1
5 12746 3
5 9167 2
5 9169 1
5 7124 1
5 1959 1
5 19926 1
5 9687 2
5 21976 1
5 9691 1
5 10717 1
5 22494 1
5 4517 1
5 3408 1
5 18403 1
5 22500 1
5 10728 1
5 8188 1
5 9755 1
5 12779 1
5 1002 1
5 13840 1
5 6141 1
5 11760 3
5 14324 1
5 12791 1
5 18426 1
5 6652 1
5 11434 2
6 1280 2
6 13316 3
6 12805 1
6 5804 1
6 9227 1
6 20493 1
6 17424 2
6 15378 1
6 18179 1
6 17070 1
6 18948 1
6 3930 1
6 19486 1
6 15903 2
6 2395 2
6 3621 1
6 13214 1
6 20520 1
6 11817 1
6 3629 1
6 435 1
6 8758 1
6 6713 1
6 21563 1
6 13658 1
6 17163 1
6 2119 1
6 11850 1
6 13388 1
6 19023 1
6 21586 1
6 7764 1
6 463 1
6 5207 1
6 9817 1
6 18013 3
6 10846 1
6 18960 1
6 12390 2
6 4989 1
6 21613 1
6 14448 1
6 13937 2
6 10259 1
6 20084 1
6 1141 3
6 7293 1
6 3201 1
6 13445 3
6 22209 1
6 1163 2
6 20109 1
6 4239 1
6 5264 2
6 17041 1
6 13970 1
6 21656 1
6 22339 1
6 5276 1
6 16546 1
6 7451 2
6 9380 1
6 625 1
6 11434 2
6 11436 1
6 10926 2
6 14621 1
6 3252 1
6 22198 1
6 12471 1
6 3258 1
6 1823 1
6 12746 3
6 2239 1
6 11969 1
6 12994 1
6 4385 1
6 4810 1
6 11474 1
6 7380 1
6 11478 1
6 5337 1
6 5339 1
6 4986 5
6 22245 1
6 22252 3
6 21230 1
6 1133 1
6 19702 1
6 22272 1
6 1283 1
6 4868 1
6 1287 1
6 17672 1
6 13066 1
6 3339 1
6 5388 1
6 15629 1
6 3342 1
6 11909 1
6 2327 1
6 4399 1
6 19741 1
6 4894 2
6 7455 1
6 20257 1
6 17188 1
6 15653 1
6 6441 1
6 7979 1
6 16174 1
6 7471 1
6 1844 2
6 15489 1
6 5433 1
6 12602 1
6 12604 1
6 20803 1
6 21318 1
6 8007 2
6 4492 1
6 4944 1
6 21841 1
6 20818 1
6 12259 1
6 14677 7
6 4438 1
6 9047 1
6 9679 1
6 2394 2
6 18267 2
6 15199 1
6 5992 1
6 21865 1
6 20851 1
6 11438 1
6 21878 1
6 20343 1
6 7546 1
6 4988 1
6 5501 1
6 896 1
6 5509 1
6 15751 1
6 378 1
6 10636 1
6 10639 1
6 5009 5
6 19347 1
6 5013 1
6 5527 1
6 18841 2
6 7582 1
6 20384 1
6 15777 1
6 1955 1
6 18853 1
6 14759 1
6 4014 1
6 2480 2
6 22450 1
6 20915 1
6 2997 1
6 10682 1
6 11708 1
6 22464 1
6 4000 1
6 13765 1
6 1953 1
6 1994 1
6 12747 1
6 460 1
6 9167 2
6 464 1
6 9170 1
6 7637 1
6 3065 1
6 11428 2
6 8666 1
6 8668 1
6 18398 1
6 19938 1
6 19939 1
6 12261 3
6 11346 1
6 13295 1
6 11760 2
6 3058 1
6 4087 1
6 13059 1
6 505 1
7 13824 1
7 12288 2
7 15876 2
7 8961 1
7 18952 1
7 15881 1
7 13834 1
7 9047 4
7 18055 1
7 17424 1
7 21823 1
7 18965 1
7 15869 1
7 13316 2
7 11969 2
7 20687 2
7 22557 1
7 9246 1
7 18975 1
7 3104 1
7 545 1
7 18267 1
7 11815 2
7 6696 1
7 6565 1
7 22571 1
7 3629 1
7 1582 1
7 18991 1
7 13872 1
7 8200 1
7 13875 2
7 13876 1
7 3641 1
7 20234 1
7 3134 1
7 13887 2
7 15937 1
7 12354 2
7 9227 1
7 582 1
7 11766 1
7 1099 1
7 18274 1
7 9809 1
7 21586 2
7 7523 1
7 9300 1
7 11351 1
7 11865 1
7 10938 1
7 7776 1
7 12390 7
7 21097 1
7 2407 1
7 18028 1
7 15982 1
7 14448 1
7 13937 4
7 15986 1
7 2835 1
7 1140 1
7 12734 1
7 11894 1
7 8824 1
7 9850 1
7 6847 1
7 8375 1
7 10097 1
7 21633 1
7 8989 1
7 14469 1
7 9351 1
7 7306 1
7 13963 1
7 13452 1
7 16016 1
7 17041 1
7 13459 1
7 9326 1
7 5276 1
7 1696 1
7 10915 1
7 9380 1
7 9383 1
7 13481 4
7 13482 1
7 22188 1
7 19741 2
7 12791 1
7 16049 2
7 13490 1
7 11806 1
7 19126 1
7 12471 1
7 3258 1
7 8379 1
7 13514 1
7 20159 1
7 22209 3
7 14019 1
7 22601 1
7 11974 1
7 8993 1
7 17608 4
7 6346 1
7 16075 1
7 14542 1
7 1743 1
7 1744 1
7 22028 1
7 20691 1
7 19156 1
7 9432 1
7 11995 1
7 16092 10
7 19578 2
7 2271 1
7 11193 1
7 13026 1
7 3943 1
7 22245 4
7 9961 1
7 15911 1
7 22252 3
7 20717 2
7 4846 1
7 8943 1
7 12244 1
7 7419 1
7 1280 1
7 4992 3
7 13059 5
7 4868 1
7 1797 1
7 17671 2
7 13066 1
7 9687 3
7 21772 1
7 17165 1
7 10510 3
7 11946 1
7 1809 1
7 10515 2
7 4886 2
7 17688 1
7 7451 2
7 11549 1
7 5919 1
7 18736 2
7 20187 1
7 20262 1
7 17372 1
7 7979 1
7 12076 1
7 16174 6
7 7471 3
7 11568 1
7 4006 1
7 9527 1
7 15160 1
7 12089 1
7 12602 1
7 19771 1
7 3217 1
7 831 1
7 1345 1
7 22339 1
7 5445 2
7 4989 3
7 17225 1
7 3914 3
7 20300 1
7 6477 1
7 5818 1
7 10575 1
7 4433 1
7 12625 1
7 14677 5
7 9558 1
7 2873 1
7 13796 1
7 19802 1
7 3419 1
7 7888 1
7 10589 1
7 19523 1
7 15199 1
7 22368 1
7 7010 1
7 16093 2
7 20692 1
7 358 2
7 13159 1
7 1819 1
7 4969 1
7 9069 1
7 15216 2
7 5489 2
7 9074 2
7 5267 2
7 10612 1
7 9591 1
7 4986 8
7 15935 1
7 4988 1
7 8061 1
7 13182 2
7 8063 1
7 6528 1
7 897 1
7 1410 1
7 16260 1
7 9606 1
7 3627 1
7 9424 1
7 15938 1
7 17807 1
7 16272 1
7 20882 2
7 15763 1
7 10478 1
7 8086 1
7 17818 1
7 16795 1
7 1954 1
7 7055 1
7 12197 1
7 2470 1
7 8104 1
7 4009 1
7 4011 1
7 21933 1
7 11471 2
7 2480 1
7 7089 1
7 4019 1
7 22455 1
7 22457 1
7 954 1
7 11434 1
7 12733 2
7 11710 1
7 4277 1
7 11714 1
7 7039 1
7 3574 1
7 13255 1
7 3916 8
7 12746 5
7 14283 1
7 14798 1
7 6136 1
7 15939 1
7 9684 1
7 15831 1
7 7483 1
7 8668 1
7 18853 1
7 12258 3
7 12259 1
7 12260 1
7 12261 1
7 12262 1
7 999 1
7 13295 1
7 11760 4
7 17395 1
7 10740 5
7 16374 1
7 5745 1
7 2040 2
7 18426 1
7 10553 1
8 2731 1
8 20491 1
8 11793 1
8 13435 1
8 1044 1
8 9241 1
8 20570 1
8 18975 1
8 11815 1
8 20520 1
8 3627 1
8 3629 1
8 20014 1
8 2096 1
8 1076 1
8 17463 1
8 3641 1
8 5691 1
8 22282 1
8 12352 2
8 2747 1
8 22369 2
8 12360 1
8 15945 2
8 8781 1
8 10832 1
8 21586 1
8 9817 1
8 3674 2
8 12386 1
8 11963 1
8 13412 1
8 12390 9
8 21094 1
8 22119 1
8 6760 8
8 2407 1
8 14448 1
8 13937 2
8 21619 1
8 6846 1
8 633 1
8 19578 1
8 1147 1
8 15996 1
8 7867 1
8 15491 1
8 21878 1
8 12422 1
8 18569 1
8 1163 1
8 13452 1
8 6790 1
8 15128 1
8 3220 1
8 8985 1
8 6809 1
8 4293 1
8 9379 1
8 9380 1
8 2727 1
8 13481 3
8 13482 1
8 15162 1
8 22188 3
8 13485 2
8 2224 1
8 16049 1
8 16051 1
8 15903 3
8 13514 1
8 9918 1
8 11969 1
8 2243 1
8 20677 1
8 11975 1
8 14024 1
8 8906 1
8 5835 1
8 11471 2
8 17621 1
8 8569 1
8 11992 2
8 13532 2
8 11898 2
8 9442 1
8 17019 1
8 22245 5
8 19174 1
8 22248 1
8 5355 1
8 22252 4
8 12089 1
8 20862 1
8 22262 1
8 1280 3
8 8961 1
8 13059 1
8 4868 1
8 21633 1
8 20232 1
8 7945 1
8 20234 1
8 17163 1
8 20236 1
8 12558 1
8 15119 1
8 22232 1
8 4884 1
8 8567 1
8 15641 1
8 8986 1
8 7451 1
8 19740 1
8 22303 1
8 9606 1
8 12081 1
8 10972 1
8 16775 1
8 20780 1
8 16174 1
8 7471 5
8 1067 1
8 7475 1
8 8502 1
8 10551 1
8 13113 1
8 12602 3
8 7483 1
8 20284 1
8 2883 4
8 22340 1
8 13129 1
8 3916 6
8 12258 1
8 10574 1
8 12076 2
8 15184 1
8 12625 1
8 11603 1
8 15700 1
8 14677 3
8 2348 2
8 9047 3
8 4953 1
8 2394 1
8 20794 2
8 3386 1
8 10081 1
8 8081 1
8 5993 1
8 20333 1
8 22383 1
8 22384 1
8 22385 1
8 20851 1
8 22585 2
8 13174 2
8 12151 1
8 18809 1
8 4986 2
8 11133 1
8 4990 2
8 4992 2
8 576 1
8 12663 1
8 9094 2
8 9607 1
8 9096 1
8 15754 1
8 17803 1
8 19852 1
8 9614 1
8 12175 1
8 14744 2
8 20882 1
8 7575 1
8 5016 1
8 15769 1
8 13723 1
8 21410 1
8 20891 1
8 20389 1
8 4006 1
8 11182 1
8 12213 1
8 12216 1
8 8636 1
8 12734 1
8 22464 1
8 16092 2
8 4038 2
8 13255 4
8 3528 1
8 12746 3
8 9167 4
8 17872 3
8 7635 1
8 17881 6
8 6699 1
8 19938 1
8 19939 1
8 12261 4
8 19942 1
8 18408 1
8 12778 1
8 12779 1
8 16367 1
8 11760 2
8 14324 1
8 3064 1
8 8532 1
8 13821 1
8 6655 1
9 12295 2
9 12300 1
9 22551 1
9 18467 1
9 14375 1
9 2096 1
9 4146 1
9 12354 1
9 20551 1
9 20555 1
9 20559 1
9 10327 1
9 22423 1
9 20571 1
9 12390 7
9 2407 2
9 14448 2
9 18546 2
9 2164 3
9 2170 1
9 22209 1
9 6290 2
9 12441 1
9 10407 1
9 14504 2
9 4267 1
9 2220 2
9 14509 1
9 10611 1
9 18617 2
9 8378 1
9 8380 1
9 14530 1
9 2243 1
9 8393 1
9 21880 3
9 12503 1
9 16616 1
9 20519 1
9 20717 2
9 16622 1
9 16623 1
9 10490 1
9 20740 1
9 16649 1
9 4364 1
9 12557 1
9 10515 1
9 16661 1
9 20762 2
9 4382 1
9 6442 1
9 10539 1
9 18736 2
9 12602 1
9 8518 1
9 12625 2
9 14677 5
9 6489 1
9 8551 1
9 20851 2
9 18809 2
9 378 1
9 10621 1
9 12680 1
9 20882 1
9 18838 1
9 14744 1
9 18841 1
9 16794 1
9 20891 1
9 14751 3
9 16804 1
9 2475 1
9 437 2
9 18870 1
9 8636 1
9 12746 9
9 16850 2
9 16851 1
9 12757 1
9 12773 1
9 12778 2
9 12779 1
9 2559 1
9 18947 2
9 522 1
9 12816 1
9 6678 1
9 18975 3
9 547 1
9 2596 2
9 4647 1
9 10793 1
9 6700 1
9 8749 1
9 8767 1
9 588 2
9 13113 1
9 9997 1
9 592 1
9 16978 1
9 16981 1
9 8790 1
9 19037 1
9 10849 1
9 8804 1
9 4712 1
9 21103 1
9 625 1
9 632 1
9 14978 1
9 6790 1
9 17042 1
9 21139 2
9 21142 1
9 6809 4
9 15005 1
9 19102 1
9 4774 2
9 6823 1
9 12975 1
9 12985 1
9 17185 1
9 4810 2
9 4811 2
9 13005 1
9 13007 1
9 15064 2
9 6875 3
9 8314 1
9 8929 1
9 740 1
9 15078 1
9 17146 1
9 13059 5
9 4868 2
9 13066 1
9 19212 1
9 785 1
9 2834 1
9 4884 1
9 15127 1
9 15128 1
9 8988 2
9 8989 1
9 801 1
9 21298 1
9 17202 1
9 15160 1
9 4921 1
9 15166 3
9 2883 2
9 17225 2
9 9047 1
9 4952 2
9 7313 1
9 9069 3
9 9071 2
9 13174 1
9 13176 1
9 4986 2
9 893 1
9 13182 2
9 895 5
9 11137 1
9 4994 1
9 2947 2
9 7055 2
9 11075 1
9 5017 1
9 925 2
9 7081 1
9 7088 2
9 13244 2
9 13245 1
9 15299 1
9 15300 1
9 7110 1
9 13255 2
9 15304 1
9 17355 1
9 9171 1
9 9175 2
9 999 1
9 3058 1
9 17395 4
9 3063 1
9 3075 3
9 13316 1
9 17416 1
9 15532 1
9 17435 2
9 11292 1
9 9247 1
9 1069 1
9 1885 1
9 1074 1
9 1076 2
9 21563 2
9 3134 1
9 1099 1
9 21580 1
9 13389 1
9 5200 1
9 5207 2
9 13404 1
9 19553 2
9 13414 1
9 19568 1
9 1140 1
9 1141 2
9 1147 2
9 11392 1
9 3201 1
9 7306 1
9 19598 1
9 5264 1
9 3217 1
9 5267 2
9 5272 1
9 9380 3
9 11434 1
9 5292 2
9 1199 1
9 13490 1
9 9398 1
9 3258 2
9 7371 1
9 13514 1
9 20343 2
9 13516 1
9 5326 1
9 11471 1
9 17621 1
9 11479 1
9 13529 1
9 11482 1
9 9435 1
9 9449 1
9 4989 1
9 4990 1
9 15610 1
9 1280 1
9 15624 1
9 3339 1
9 5388 1
9 7725 1
9 11139 1
9 19735 1
9 9496 4
9 15641 1
9 7451 2
9 19740 1
9 11555 1
9 7463 1
9 7471 2
9 9527 1
9 9529 1
9 7483 5
9 7498 1
9 15700 1
9 15707 1
9 17756 1
9 1374 1
9 21870 1
9 11632 1
9 13681 5
9 21878 2
9 11640 1
9 19833 1
9 13694 1
9 10617 2
9 7558 5
9 15751 2
9 7560 1
9 21899 1
9 19852 1
9 1436 1
9 5544 4
9 5546 1
9 5550 2
9 15792 1
9 5565 1
9 11714 1
9 13767 1
9 9679 1
9 9684 1
9 19023 1
9 19938 1
9 3562 1
9 11760 2
9 13819 1
9 13827 1
9 15879 1
9 11789 1
9 15903 2
9 5670 1
9 7723 1
9 1581 2
9 1582 1
9 13884 2
9 15939 1
9 13901 1
9 9809 4
9 3674 2
9 3676 1
9 22119 1
9 9831 1
9 20080 1
9 13937 5
9 15988 1
9 22133 3
9 14717 2
9 22136 2
9 11898 1
9 18046 4
9 20095 1
9 18050 2
9 20109 4
9 9883 1
9 18080 1
9 13985 1
9 13986 1
9 15302 1
9 22186 1
9 5806 1
9 16054 1
9 9912 1
9 11963 1
9 14016 3
9 11969 1
9 14019 1
9 22220 1
9 18125 1
9 18126 1
9 7888 1
9 1750 1
9 22232 2
9 7897 1
9 11994 1
9 16092 4
9 14047 1
9 7911 1
9 7920 2
9 7921 1
9 6099 1
9 22262 1
9 14081 4
9 18179 1
9 16132 1
9 9991 1
9 9996 1
9 14093 1
9 18200 2
9 7964 1
9 20254 1
9 20256 1
9 12084 1
9 12089 1
9 12091 1
9 20290 1
9 22340 1
9 8026 1
9 18267 1
9 20794 1
9 8031 1
9 8032 1
9 16229 1
9 16230 1
9 16231 1
9 18287 1
9 12151 1
9 8063 1
9 18315 1
9 16269 1
9 12174 1
9 8079 1
9 8081 2
9 22418 1
9 12183 1
9 22426 1
9 1950 1
9 20384 1
9 4006 1
9 12202 1
9 4014 1
9 4019 1
9 22455 2
9 12216 1
9 22463 1
9 22464 2
9 4037 2
9 18081 1
9 14283 1
9 2040 1
9 2003 1
9 10206 1
9 22497 2
9 12259 1
9 12261 1
9 20817 1
9 22510 1
9 18420 1
9 14328 1
9 8188 1
10 19589 1
10 18746 1
10 13316 1
10 8961 1
10 18952 1
10 10728 1
10 7180 2
10 10727 1
10 14509 1
10 625 1
10 7536 1
10 4382 1
10 11779 1
10 16302 1
10 7451 1
10 19460 1
10 9244 1
10 17438 1
10 18975 1
10 16416 1
10 14369 1
10 22562 1
10 9764 1
10 9765 1
10 20519 1
10 11992 1
10 14154 1
10 15915 1
10 1584 1
10 9777 1
10 3634 1
10 15310 1
10 22585 1
10 17467 2
10 11902 1
10 17470 1
10 13493 1
10 13889 1
10 13891 1
10 7236 3
10 16054 2
10 12897 1
10 4017 1
10 11850 1
10 13388 1
10 13389 1
10 10832 1
10 3702 1
10 11858 2
10 22542 1
10 10573 2
10 1721 1
10 2648 2
10 603 1
10 14324 1
10 10337 1
10 15971 1
10 21605 1
10 22119 3
10 1639 1
10 18028 2
10 11887 1
10 3184 1
10 13937 2
10 13428 1
10 10357 1
10 10870 1
10 14969 1
10 4218 1
10 20882 1
10 7601 1
10 5246 3
10 12927 1
10 5760 1
10 13760 1
10 15723 1
10 2692 1
10 13445 1
10 9351 1
10 18568 1
10 4204 1
10 1163 1
10 13452 3
10 1167 1
10 1617 1
10 6801 4
10 13459 1
10 11926 3
10 11547 1
10 18372 1
10 9884 4
10 9886 3
10 16543 1
10 16544 2
10 11632 8
10 1187 1
10 14500 1
10 4038 1
10 10097 1
10 19626 1
10 4267 3
10 2220 1
10 9901 2
10 16049 2
10 3252 1
10 16414 1
10 9398 1
10 364 1
10 2847 1
10 8892 2
10 19133 2
10 7870 1
10 11969 2
10 14530 1
10 10436 1
10 7877 1
10 6127 1
10 14970 1
10 16588 2
10 11298 2
10 22222 1
10 6865 1
10 4818 2
10 19155 2
10 7892 1
10 740 2
10 7397 1
10 22232 2
10 9167 1
10 18042 1
10 18981 1
10 13440 1
10 19172 1
10 22245 1
10 6375 2
10 12011 1
10 22252 1
10 3197 2
10 12018 2
10 12670 1
10 22262 1
10 16120 1
10 17659 2
10 4117 1
10 18174 1
10 15616 1
10 14081 1
10 7938 1
10 19204 2
10 20234 1
10 12503 2
10 4364 3
10 12625 2
10 20239 2
10 7952 6
10 13073 1
10 4884 1
10 18197 2
10 4886 1
10 15641 1
10 4399 1
10 798 1
10 18207 1
10 3641 1
10 17702 1
10 12677 1
10 5929 1
10 20778 1
10 2348 1
10 7471 2
10 18736 2
10 10545 2
10 20786 1
10 1844 1
10 20277 2
10 10552 1
10 21305 2
10 12602 3
10 10555 4
10 17229 1
10 6974 1
10 21311 1
10 1345 1
10 16194 1
10 22341 1
10 6982 1
10 6983 1
10 6984 3
10 9033 1
10 9034 1
10 6989 2
10 3919 2
10 15184 1
10 20280 2
10 14677 1
10 9047 1
10 6489 1
10 18267 1
10 20794 1
10 741 1
10 11104 1
10 16226 1
10 7014 1
10 3943 1
10 7016 2
10 3946 1
10 8043 3
10 5996 1
10 9069 2
10 15216 1
10 22385 1
10 19124 3
10 592 1
10 21823 2
10 9086 1
10 2944 1
10 20971 1
10 2949 1
10 9606 1
10 15752 2
10 2442 1
10 6986 4
10 22416 1
10 15768 1
10 22418 2
10 20547 3
10 11156 3
10 10646 1
10 6551 1
10 15903 1
10 17818 1
10 13723 2
10 925 1
10 6014 1
10 15856 1
10 15266 1
10 19100 2
10 17836 1
10 430 2
10 2480 1
10 11898 1
10 20915 1
10 5278 2
10 4534 1
10 6985 2
10 11193 1
10 13244 1
10 11709 1
10 7103 1
10 22464 2
10 11714 2
10 13763 1
10 3524 2
10 4037 1
10 13766 1
10 3528 2
10 12746 2
10 20167 1
10 20431 1
10 9171 1
10 9684 1
10 12757 1
10 988 2
10 10205 1
10 6622 1
10 13793 1
10 21986 2
10 11771 2
10 5267 1
10 2990 1
10 999 1
10 13800 1
10 4073 1
10 12779 2
10 21586 3
10 15855 1
10 11760 8
10 4081 1
10 3058 1
10 3060 1
10 16374 1
10 477 2
10 2557 1
10 6652 1
10 9854 1
11 15874 1
11 8196 1
11 10758 1
11 1544 1
11 20494 1
11 15448 1
11 1228 1
11 13849 1
11 17435 1
11 18460 1
11 22557 1
11 15903 2
11 2596 2
11 8013 1
11 13863 1
11 1579 1
11 4653 1
11 4654 2
11 19293 2
11 6193 1
11 1074 1
11 1375 1
11 14664 1
11 4941 1
11 11334 1
11 15431 1
11 15432 1
11 13388 1
11 10833 1
11 21586 2
11 4180 1
11 16470 1
11 7768 1
11 7772 1
11 20155 1
11 16998 1
11 19132 1
11 13937 1
11 5746 1
11 12915 1
11 120 1
11 633 1
11 17018 2
11 19580 1
11 22378 1
11 19582 1
11 13440 1
11 8043 2
11 4230 2
11 7303 1
11 6281 3
11 14475 3
11 140 1
11 20109 1
11 142 1
11 13967 1
11 3217 1
11 3220 1
11 6809 1
11 13979 1
11 14492 1
11 10397 1
11 13984 1
11 9072 1
11 17062 1
11 10407 1
11 17067 1
11 11436 1
11 6770 1
11 7854 2
11 19124 2
11 16054 1
11 12471 2
11 18975 1
11 3260 1
11 801 1
11 5321 1
11 3788 1
11 15567 1
11 4818 1
11 11471 1
11 7401 2
11 5866 1
11 14574 1
11 13040 1
11 7409 1
11 22262 1
11 8993 1
11 3060 1
11 18174 1
11 10495 1
11 2307 2
11 15621 1
11 1800 1
11 4364 1
11 15491 1
11 1301 2
11 14810 1
11 4385 1
11 8753 1
11 16682 1
11 21554 1
11 20794 1
11 12604 1
11 6283 1
11 6984 4
11 13129 1
11 6986 3
11 6989 2
11 4432 1
11 12625 1
11 14677 1
11 4438 1
11 11101 1
11 12126 1
11 12127 4
11 7010 1
11 868 1
11 3943 1
11 7018 1
11 20331 1
11 20332 1
11 9069 1
11 6000 1
11 10728 1
11 6516 1
11 8568 1
11 12670 1
11 14725 1
11 1415 1
11 2442 1
11 20877 1
11 7055 1
11 22418 1
11 21395 1
11 11156 1
11 14489 1
11 12188 4
11 4000 3
11 15856 1
11 6054 1
11 7085 1
11 2990 1
11 19375 2
11 7600 1
11 19377 4
11 16308 1
11 11193 1
11 11196 1
11 22464 6
11 3528 1
11 460 1
11 1997 1
11 9167 2
11 4570 1
11 4573 1
11 6622 1
11 1504 1
11 12888 1
11 8682 1
11 15855 1
11 11760 1
11 18420 1
11 12279 1
12 17899 1
12 21993 1
12 13316 2
12 9733 1
12 7686 1
12 16903 1
12 16544 1
12 7178 1
12 7180 1
12 17424 1
12 17427 1
12 4117 1
12 2251 1
12 19994 2
12 16414 1
12 15903 5
12 21536 1
12 18267 1
12 3621 1
12 4647 3
12 22571 2
12 8749 1
12 11714 1
12 1074 1
12 16367 1
12 1076 1
12 4663 1
12 11832 1
12 22196 1
12 11835 1
12 10814 2
12 1717 2
12 12352 1
12 18528 1
12 3652 1
12 15432 1
12 11850 3
12 13388 1
12 13389 2
12 10832 2
12 15954 1
12 7258 1
12 603 1
12 11870 1
12 7776 1
12 6416 1
12 22119 1
12 15548 1
12 12906 1
12 18028 2
12 11887 1
12 5232 1
12 13937 1
12 6770 3
12 6773 1
12 6263 1
12 8468 1
12 18042 1
12 20882 1
12 15997 1
12 20094 1
12 3199 2
12 5248 1
12 13445 1
12 7303 1
12 6281 1
12 14475 1
12 13453 1
12 9069 2
12 13969 1
12 6291 1
12 15508 1
12 14489 1
12 13979 1
12 11049 3
12 9887 1
12 1184 1
12 1186 1
12 4772 1
12 4774 2
12 10407 1
12 20648 1
12 11434 2
12 4267 1
12 22188 1
12 9901 2
12 16049 2
12 17587 1
12 4276 1
12 13493 1
12 7956 1
12 12471 2
12 8376 1
12 8892 1
12 19133 1
12 7870 1
12 3265 1
12 17602 1
12 8387 1
12 4385 1
12 14024 1
12 13516 1
12 13514 1
12 12151 1
12 3788 4
12 15565 1
12 20689 1
12 4818 1
12 7379 1
12 11477 1
12 12502 1
12 17017 1
12 11992 2
12 5339 1
12 20188 1
12 15994 1
12 740 2
12 10469 1
12 8938 1
12 19691 1
12 22252 1
12 19694 2
12 13681 1
12 12018 2
12 8574 1
12 7926 1
12 1833 1
12 16121 3
12 11514 1
12 16123 1
12 15615 1
12 1280 1
12 6699 1
12 19204 2
12 773 1
12 21255 1
12 3339 1
12 4364 1
12 17678 1
12 15119 2
12 7952 1
12 17170 1
12 10515 1
12 4884 1
12 18197 1
12 16664 1
12 8474 1
12 8988 2
12 19741 1
12 11629 1
12 18208 1
12 18209 2
12 11555 1
12 10972 2
12 17706 1
12 7979 1
12 2348 1
12 5934 1
12 10206 1
12 10410 1
12 21305 1
12 3386 1
12 10555 1
12 2442 2
12 16190 1
12 16193 3
12 16194 1
12 16548 2
12 22340 1
12 22341 1
12 19782 1
12 6984 1
12 9033 1
12 6986 1
12 8012 1
12 17229 1
12 5455 1
12 12625 1
12 22355 2
12 22357 1
12 22358 1
12 855 1
12 4441 1
12 2394 1
12 3419 3
12 3422 1
12 3935 1
12 15499 1
12 1895 1
12 5996 2
12 7018 1
12 19943 1
12 11116 1
12 22418 1
12 11632 1
12 5489 1
12 18579 1
12 1342 1
12 13686 1
12 20343 2
12 8421 1
12 18398 1
12 7548 1
12 12778 1
12 12670 1
12 14721 1
12 14315 2
12 14725 1
12 15751 3
12 15752 1
12 15754 1
12 4492 1
12 17806 1
12 7055 1
12 21392 1
12 2450 1
12 20291 1
12 22421 1
12 3991 1
12 7064 1
12 8260 2
12 13723 2
12 15774 2
12 14751 2
12 4000 3
12 11684 5
12 18154 1
12 19372 1
12 2990 2
12 14493 2
12 1069 1
12 19377 1
12 4019 2
12 7604 1
12 4534 1
12 13161 2
12 19900 1
12 21949 1
12 16831 1
12 22464 9
12 20384 1
12 16834 1
12 4548 2
12 19397 1
12 7110 2
12 13255 1
12 13961 2
12 5067 1
12 16844 1
12 9167 1
12 8658 1
12 14291 1
12 18393 1
12 15610 1
12 990 1
12 19939 2
12 7505 1
12 12777 1
12 14314 1
12 12779 1
12 493 1
12 15855 2
12 11760 4
12 10408 1
12 18420 1
12 15350 1
12 12791 1
12 18424 1
12 11771 2
12 15869 1
12 4095 1
13 4096 1
13 10754 1
13 13316 2
13 7686 2
13 14081 1
13 7690 1
13 12815 1
13 12816 1
13 4115 1
13 19483 1
13 11292 1
13 2394 1
13 6687 1
13 21653 1
13 15393 1
13 547 1
13 13453 1
13 4647 8
13 1069 2
13 19504 1
13 1074 1
13 4019 2
13 17463 2
13 7829 1
13 1716 1
13 3130 1
13 3134 1
13 20256 1
13 7520 1
13 21771 1
13 16968 1
13 11850 2
13 7095 1
13 13388 2
13 13389 2
13 11856 1
13 593 1
13 21586 2
13 3171 1
13 10510 7
13 5208 3
13 605 1
13 5254 1
13 4464 1
13 2834 1
13 18022 5
13 22119 2
13 18028 2
13 8466 1
13 5232 1
13 13937 2
13 6770 1
13 10515 1
13 22133 3
13 15994 2
13 3199 1
13 13440 1
13 21121 1
13 14978 1
13 6787 2
13 11396 1
13 13957 1
13 6790 4
13 9351 1
13 18540 1
13 10890 1
13 1163 1
13 13452 1
13 20109 1
13 21613 1
13 5264 1
13 4241 1
13 5267 1
13 1685 1
13 7833 2
13 13979 1
13 14448 1
13 14493 1
13 16545 1
13 19890 1
13 15216 1
13 9755 1
13 4773 2
13 4774 3
13 21617 2
13 10410 2
13 22188 1
13 9901 1
13 5806 1
13 10927 1
13 11952 1
13 19124 2
13 4277 1
13 9398 1
13 10832 1
13 15903 1
13 8892 1
13 7870 4
13 2717 1
13 6778 1
13 7106 1
13 545 1
13 11992 1
13 5325 1
13 7888 1
13 17466 1
13 7892 1
13 9435 1
13 22232 3
13 9945 1
13 9167 4
13 10972 1
13 18042 1
13 16848 1
13 19174 1
13 2279 1
13 16616 1
13 9449 1
13 19691 1
13 22252 1
13 12013 1
13 19694 1
13 3313 2
13 12018 1
13 13043 1
13 11049 3
13 16121 2
13 12026 1
13 7039 1
13 16124 1
13 2003 2
13 3840 1
13 1969 1
13 19204 1
13 17569 1
13 14807 1
13 4364 1
13 9997 1
13 19726 1
13 7952 2
13 13073 1
13 1311 1
13 15491 2
13 7306 2
13 20519 1
13 21900 1
13 8988 2
13 11398 1
13 20255 1
13 15648 1
13 4385 1
13 19093 1
13 646 2
13 808 1
13 5929 2
13 7979 2
13 18738 2
13 18222 1
13 22344 1
13 12144 1
13 15666 1
13 18740 1
13 8502 1
13 14985 1
13 12602 3
13 7483 1
13 10556 1
13 7485 3
13 1342 2
13 8512 1
13 16705 1
13 4418 1
13 22464 4
13 19269 2
13 3400 1
13 9033 1
13 17229 3
13 1358 1
13 8015 1
13 3408 2
13 12625 1
13 14677 3
13 19286 2
13 3044 1
13 14682 2
13 14173 1
13 15199 2
13 22368 1
13 16230 3
13 16231 2
13 7017 1
13 4960 1
13 9069 5
13 10606 1
13 9071 1
13 6000 1
13 21880 1
13 377 1
13 7548 1
13 893 5
13 6099 1
13 8063 1
13 2944 1
13 2435 1
13 16260 1
13 15751 2
13 15753 1
13 15244 1
13 16194 2
13 21426 1
13 3473 1
13 7571 1
13 7062 1
13 3991 2
13 22426 2
13 925 1
13 4000 1
13 10224 1
13 15266 1
13 4276 1
13 18546 1
13 15273 1
13 22258 1
13 2990 3
13 1967 1
13 7600 4
13 15432 3
13 8641 1
13 20915 1
13 437 1
13 20918 1
13 20919 1
13 18420 1
13 13242 1
13 19900 3
13 11710 1
13 9152 1
13 7584 1
13 4034 1
13 15299 1
13 7380 1
13 13255 1
13 12746 4
13 6093 1
13 13901 1
13 14288 1
13 5488 1
13 14291 2
13 10709 2
13 22265 1
13 18904 1
13 17146 1
13 10206 1
13 592 2
13 21986 1
13 13819 1
13 22500 1
13 18784 1
13 4073 1
13 15954 1
13 11760 1
13 16882 1
13 18128 1
13 7158 1
13 18424 1
13 4090 2
13 11771 1
13 6653 1
13 10238 1
14 8193 1
14 19460 1
14 13958 1
14 7686 1
14 10728 2
14 9227 1
14 11793 1
14 4115 2
14 14475 1
14 4117 1
14 13828 1
14 5337 1
14 16414 1
14 15903 5
14 16416 1
14 17441 1
14 1757 1
14 2596 1
14 3621 1
14 4647 2
14 14684 1
14 20010 6
14 15915 1
14 20012 6
14 8749 3
14 15567 1
14 1076 1
14 13077 1
14 12343 1
14 19124 8
14 15160 1
14 3134 1
14 22368 1
14 12354 3
14 5565 1
14 7236 1
14 22369 2
14 15432 3
14 20041 1
14 5197 1
14 10319 1
14 10832 1
14 21586 4
14 13907 1
14 10837 2
14 5718 1
14 17337 1
14 2648 1
14 603 1
14 18528 1
14 10096 1
14 15971 1
14 15460 1
14 12390 5
14 18022 1
14 18023 1
14 15465 1
14 7556 1
14 22119 4
14 20588 1
14 1133 1
14 21103 1
14 6090 1
14 13937 6
14 6770 2
14 10259 1
14 1163 1
14 22133 1
14 18911 1
14 22121 1
14 632 1
14 15856 1
14 18042 2
14 3175 1
14 10365 1
14 4223 1
14 5760 1
14 7104 2
14 15491 3
14 19596 1
14 13445 3
14 6790 1
14 15495 1
14 15496 1
14 19593 1
14 12938 1
14 22295 1
14 13452 1
14 18963 1
14 3217 2
14 19094 1
14 20119 2
14 6596 1
14 7313 1
14 7324 1
14 11555 2
14 4255 1
14 15216 3
14 9380 2
14 4773 1
14 4774 1
14 11431 1
14 5800 1
14 4267 1
14 14469 1
14 6367 1
14 3758 1
14 10927 1
14 21680 1
14 16049 1
14 625 1
14 4277 1
14 12471 2
14 6687 1
14 6844 1
14 19133 1
14 7870 3
14 13129 1
14 11969 2
14 11459 1
14 2244 1
14 4293 1
14 2990 2
14 20343 1
14 22220 1
14 5325 2
14 20687 1
14 11471 2
14 8568 1
14 2770 1
14 19155 1
14 2772 1
14 11477 1
14 18505 1
14 11992 2
14 1753 2
14 1754 3
14 5339 1
14 10972 2
14 15994 1
14 8415 1
14 8416 1
14 13027 1
14 7633 1
14 9449 1
14 7402 2
14 21227 1
14 748 2
14 19694 1
14 21305 1
14 22258 1
14 19345 1
14 759 1
14 16120 1
14 16121 4
14 15610 1
14 16123 2
14 16124 1
14 14589 1
14 18686 2
14 10709 1
14 2944 2
14 21250 1
14 4868 4
14 14088 1
14 6700 1
14 17163 1
14 1833 1
14 10510 1
14 1069 1
14 22289 2
14 2179 1
14 16661 2
14 4886 2
14 15127 1
14 408 1
14 4135 1
14 14618 1
14 8988 1
14 14621 1
14 11398 2
14 11909 1
14 800 1
14 8892 3
14 646 1
14 17229 2
14 11049 4
14 15751 1
14 12076 1
14 5934 3
14 7471 2
14 11568 1
14 10545 1
14 12183 1
14 13316 1
14 8502 1
14 2416 1
14 15673 1
14 20794 1
14 7483 3
14 10556 1
14 7306 1
14 11007 1
14 8512 1
14 833 1
14 13963 1
14 13389 2
14 20809 1
14 20298 1
14 12151 1
14 17741 1
14 10574 1
14 8015 1
14 12112 2
14 20817 1
14 13532 1
14 14677 1
14 4438 1
14 9047 2
14 2705 1
14 2394 1
14 10684 1
14 19737 2
14 3934 8
14 3935 4
14 3936 1
14 16272 1
14 19993 1
14 10214 1
14 9167 1
14 13969 1
14 7988 1
14 5207 1
14 20330 1
14 16430 1
14 9069 6
14 21870 1
14 18287 1
14 11632 1
14 16872 1
14 20851 1
14 13957 1
14 21877 1
14 12663 1
14 592 1
14 18809 2
14 4053 1
14 11708 1
14 19721 1
14 10218 2
14 18302 1
14 6423 1
14 2435 3
14 16260 2
14 3702 2
14 9095 2
14 6536 1
14 2284 1
14 16417 1
14 907 2
14 13708 1
14 5186 1
14 17806 1
14 7055 1
14 22416 2
14 21905 1
14 20882 1
14 11156 2
14 3989 1
14 3991 3
14 18975 1
14 21617 1
14 22426 1
14 17818 1
14 14751 2
14 4000 3
14 14753 1
14 13730 1
14 18222 1
14 4516 1
14 11761 1
14 15276 1
14 16301 1
14 15278 1
14 925 1
14 14574 1
14 17395 1
14 16308 1
14 17845 1
14 17225 2
14 18361 2
14 18362 2
14 4831 3
14 19900 5
14 3517 1
14 8043 1
14 22464 4
14 17312 1
14 4547 1
14 7380 1
14 15393 1
14 16075 1
14 8609 1
14 20424 1
14 16329 1
14 12746 2
14 15820 1
14 14285 1
14 21957 1
14 13901 3
14 13776 2
14 2040 1
14 7635 1
14 7637 1
14 15609 1
14 11737 1
14 20014 2
14 12026 1
14 6622 2
14 6375 2
14 20560 2
14 11916 2
14 10724 1
14 22501 1
14 22502 1
14 10727 1
14 13288 1
14 12778 2
14 12779 1
14 11858 1
14 11760 8
14 10225 1
14 10323 1
14 18420 1
14 8992 1
14 18424 3
14 11771 2
14 6141 1
14 5717 1
15 12288 1
15 6145 1
15 4267 1
15 19460 1
15 9733 1
15 7178 1
15 22032 3
15 364 1
15 6149 1
15 35 1
15 11817 1
15 20010 17
15 8236 2
15 12852 1
15 11832 4
15 21684 1
15 19519 1
15 12354 2
15 1092 1
15 10337 1
15 12360 1
15 18505 1
15 588 4
15 13389 3
15 11854 2
15 21586 2
15 20570 1
15 8797 1
15 1118 2
15 19557 1
15 8976 3
15 20384 1
15 101 1
15 3175 1
15 12905 1
15 7556 1
15 8039 1
15 14448 1
15 13937 2
15 6770 1
15 20343 1
15 7785 1
15 15994 2
15 13435 1
15 20094 1
15 3711 1
15 5760 1
15 21696 1
15 5764 1
15 13445 2
15 20103 1
15 137 2
15 13451 1
15 13452 1
15 1167 4
15 3217 1
15 1170 2
15 13459 1
15 6809 1
15 6812 1
15 20638 1
15 18080 1
15 19816 1
15 15523 1
15 4773 1
15 10407 3
15 10408 1
15 11434 1
15 18042 1
15 22188 3
15 7538 1
15 3758 1
15 16049 2
15 11444 2
15 5815 1
15 11449 1
15 21693 1
15 14016 1
15 2243 1
15 2245 1
15 15563 1
15 11471 1
15 2768 1
15 5843 1
15 15581 1
15 19172 1
15 22245 1
15 12011 1
15 5276 1
15 5875 2
15 15096 1
15 12927 1
15 7933 1
15 18686 2
15 7424 1
15 9600 1
15 4868 1
15 20012 1
15 3339 2
15 3340 1
15 10510 4
15 5993 1
15 7952 2
15 13073 1
15 4886 2
15 22295 1
15 19737 1
15 797 1
15 7455 1
15 4364 1
15 11554 4
15 1827 1
15 5529 1
15 4547 1
15 2348 1
15 2349 1
15 15666 1
15 11842 1
15 9527 1
15 3636 1
15 12602 1
15 17211 1
15 16188 1
15 9098 1
15 16190 3
15 7529 1
15 15681 1
15 2370 1
15 22339 1
15 22340 1
15 9033 1
15 13131 1
15 7504 1
15 12625 4
15 14677 1
15 6489 1
15 16224 1
15 6459 2
15 7014 1
15 13969 1
15 8552 2
15 20284 1
15 7530 1
15 5996 1
15 9069 2
15 9582 1
15 9583 1
15 3954 1
15 12151 1
15 7544 1
15 10218 1
15 8062 1
15 7039 1
15 2944 1
15 9092 1
15 4486 1
15 9095 2
15 15754 2
15 15244 1
15 12356 1
15 4496 1
15 4497 1
15 22418 1
15 15763 1
15 14743 1
15 19865 1
15 15774 1
15 17312 2
15 15856 1
15 18851 1
15 15784 1
15 15273 1
15 14763 1
15 10226 1
15 4498 1
15 15432 1
15 20915 1
15 500 2
15 10684 7
15 22464 1
15 1473 1
15 13763 2
15 13252 1
15 16374 1
15 3528 1
15 14800 1
15 2001 1
15 19619 2
15 20291 2
15 19424 1
15 18920 1
15 1002 1
15 10219 4
15 16367 1
15 11760 1
15 16882 1
15 16884 2
15 15671 1
15 502 1
15 15864 1
15 6651 1
15 6652 1
15 10410 3
15 20309 2
16 12288 1
16 16897 1
16 19460 4
16 5638 1
16 21212 1
16 11787 1
16 20494 1
16 8722 1
16 6489 1
16 13316 4
16 3930 1
16 22121 2
16 9247 1
16 20571 5
16 3138 1
16 4647 2
16 21032 1
16 20010 5
16 555 1
16 8236 1
16 12333 1
16 15709 1
16 6770 3
16 3127 1
16 11832 1
16 8250 1
16 7471 1
16 8254 2
16 19520 1
16 1089 1
16 12354 2
16 20547 1
16 7237 1
16 20038 5
16 19527 1
16 15432 1
16 4364 1
16 11850 1
16 13388 2
16 13389 7
16 20047 1
16 592 1
16 21586 2
16 15955 1
16 10340 1
16 20570 2
16 20239 1
16 3676 2
16 8749 1
16 1118 1
16 18016 1
16 19553 1
16 15971 1
16 100 1
16 6758 1
16 12390 2
16 6760 6
16 12220 2
16 21613 1
16 11887 1
16 14448 1
16 13937 3
16 1138 1
16 3992 3
16 22133 1
16 10359 1
16 10360 1
16 3192 1
16 15994 1
16 19900 2
16 10365 4
16 5760 1
16 22464 1
16 6786 1
16 6787 1
16 13444 1
16 133 1
16 6790 1
16 14986 1
16 15499 1
16 4238 1
16 9069 4
16 5264 1
16 11632 2
16 16018 1
16 18579 1
16 21142 3
16 14488 1
16 8751 1
16 15514 1
16 19102 2
16 673 1
16 7842 1
16 7451 1
16 4772 1
16 1137 1
16 10920 1
16 12458 2
16 2731 1
16 22188 1
16 14509 1
16 20142 1
16 16049 5
16 2738 1
16 12716 1
16 9398 1
16 12916 1
16 15903 2
16 19133 1
16 21621 1
16 2243 1
16 12065 1
16 13772 1
16 13515 2
16 15566 1
16 8401 1
16 7891 1
16 14037 1
16 20112 2
16 11479 1
16 22232 1
16 5337 1
16 5339 1
16 13532 1
16 18042 2
16 7391 1
16 17872 3
16 14562 1
16 10468 1
16 14545 2
16 745 1
16 5867 2
16 22252 4
16 12013 1
16 5870 1
16 15997 1
16 19938 1
16 5875 2
16 5877 1
16 13255 1
16 11049 1
16 9684 1
16 7039 1
16 1280 1
16 8449 1
16 17154 1
16 4868 5
16 5893 1
16 21254 1
16 16135 1
16 12352 1
16 17480 1
16 3339 1
16 3340 1
16 3629 1
16 7952 3
16 10852 1
16 2835 1
16 4884 2
16 18222 1
16 4886 3
16 20519 1
16 8986 1
16 20783 1
16 5765 1
16 1824 1
16 18736 1
16 11555 1
16 12678 1
16 7119 2
16 5929 1
16 5934 2
16 2351 1
16 5936 1
16 10545 11
16 20196 1
16 8502 1
16 13985 1
16 20281 1
16 7482 1
16 21215 1
16 20284 1
16 5951 1
16 21314 1
16 13451 1
16 1351 1
16 9033 2
16 17226 1
16 17229 1
16 12110 1
16 909 1
16 7504 1
16 12625 2
16 14677 1
16 11094 1
16 9047 4
16 4441 1
16 2394 2
16 18267 3
16 2747 1
16 20794 2
16 11008 1
16 15199 1
16 16224 1
16 22369 1
16 16226 2
16 8035 1
16 8036 1
16 8552 1
16 3946 1
16 5863 2
16 5996 1
16 12219 1
16 15215 1
16 15216 2
16 3954 1
16 5267 2
16 21985 1
16 12151 1
16 12670 1
16 8063 3
16 9600 1
16 14721 1
16 2947 1
16 16260 1
16 12677 3
16 4486 1
16 15751 2
16 21228 1
16 8043 1
16 10636 1
16 5517 1
16 7055 1
16 4496 1
16 4497 3
16 22418 6
16 19347 1
16 8086 1
16 19865 1
16 11672 1
16 409 1
16 19354 1
16 926 1
16 22431 1
16 17312 1
16 15266 1
16 22437 1
16 12779 1
16 22442 2
16 20551 1
16 14252 1
16 2990 1
16 14767 1
16 12360 1
16 20915 1
16 4096 1
16 16826 1
16 11195 1
16 10684 1
16 11709 1
16 22093 1
16 13760 1
16 9666 1
16 8026 2
16 15521 1
16 6732 1
16 2492 1
16 17868 1
16 20429 3
16 9167 1
16 464 1
16 7568 1
16 15523 1
16 9172 1
16 9686 1
16 17881 4
16 7130 1
16 3919 1
16 17372 1
16 2914 1
16 10206 2
16 6375 1
16 18593 2
16 10832 1
16 21986 1
16 17892 1
16 18917 1
16 21617 1
16 18463 1
16 12778 1
16 10407 1
16 493 1
16 9170 1
16 11760 5
16 10225 2
16 498 1
16 3060 1
16 9380 1
16 4090 2
16 6775 2
17 8705 1
17 13316 12
17 15365 1
17 22273 1
17 9687 1
17 11815 1
17 17424 1
17 20227 1
17 10264 1
17 11524 1
17 3674 1
17 9247 2
17 16417 1
17 6695 1
17 15903 1
17 3626 1
17 11066 1
17 1068 1
17 3629 2
17 14894 1
17 3631 1
17 1076 2
17 18485 1
17 17463 1
17 22585 1
17 3130 1
17 20038 2
17 19527 1
17 22088 1
17 15945 1
17 11850 1
17 11851 1
17 588 1
17 13389 1
17 11855 1
17 7504 1
17 21586 2
17 2645 2
17 13912 1
17 20569 1
17 20570 1
17 20571 2
17 15097 1
17 19553 1
17 13412 1
17 6758 1
17 12390 1
17 22119 1
17 3688 2
17 22121 1
17 12394 1
17 9831 2
17 5309 1
17 14448 1
17 13937 2
17 11887 1
17 22133 1
17 7017 1
17 632 1
17 17019 1
17 13950 1
17 3712 1
17 13445 3
17 4289 1
17 1163 1
17 7960 1
17 14482 2
17 19098 1
17 4719 1
17 14492 1
17 12446 1
17 18080 1
17 15216 3
17 7451 1
17 19424 1
17 4263 1
17 10410 2
17 4267 1
17 11436 1
17 9901 1
17 14621 2
17 7780 1
17 2738 1
17 19124 1
17 9398 1
17 12471 1
17 10936 1
17 2747 2
17 20891 2
17 19133 3
17 7870 1
17 1141 2
17 11969 2
17 2243 2
17 20854 1
17 7878 1
17 7879 1
17 7880 1
17 12151 1
17 21710 1
17 18128 2
17 14033 2
17 19667 1
17 7892 1
17 15575 1
17 9945 1
17 9167 1
17 7380 1
17 22188 1
17 741 1
17 6375 1
17 745 1
17 5866 1
17 5867 2
17 22252 1
17 7917 1
17 19420 2
17 2855 1
17 13182 1
17 22262 1
17 12585 1
17 13524 1
17 11515 1
17 22268 1
17 18046 2
17 20223 1
17 13440 1
17 5089 1
17 4868 2
17 6760 7
17 3339 2
17 1805 1
17 10510 1
17 1753 1
17 18200 1
17 7963 5
17 7964 5
17 7965 2
17 20254 1
17 9606 2
17 7463 2
17 11049 1
17 12076 1
17 18222 1
17 7471 1
17 18736 1
17 10545 2
17 18229 1
17 21305 1
17 12602 2
17 18747 1
17 20796 1
17 5951 1
17 14145 1
17 15170 1
17 22341 1
17 8518 1
17 18759 1
17 3127 1
17 4941 1
17 3919 1
17 3408 1
17 21841 1
17 14677 1
17 9047 5
17 14895 1
17 20794 2
17 3386 3
17 2351 1
17 7520 1
17 16272 2
17 11434 1
17 2407 1
17 7016 1
17 5993 1
17 5863 1
17 9069 1
17 13331 1
17 11632 3
17 5489 1
17 10611 1
17 15629 1
17 6732 1
17 13174 1
17 12663 1
17 12153 1
17 8571 1
17 13802 1
17 12670 1
17 16260 1
17 4486 1
17 16776 1
17 13548 1
17 16194 1
17 17806 1
17 4496 3
17 22418 2
17 3991 1
17 21912 1
17 17818 1
17 20379 1
17 14752 1
17 929 1
17 4515 1
17 13969 1
17 15273 1
17 22442 2
17 13244 2
17 15276 2
17 16301 1
17 2990 4
17 20914 1
17 18420 1
17 19900 1
17 15808 1
17 7584 1
17 11714 1
17 3524 1
17 7110 1
17 13255 1
17 13388 1
17 12746 1
17 17868 1
17 20429 1
17 20431 1
17 4725 1
17 20434 1
17 9684 2
17 12757 1
17 14807 1
17 15403 1
17 13723 1
17 10205 1
17 17866 1
17 21985 2
17 21986 1
17 9120 1
17 17892 2
17 12625 1
17 12778 1
17 12779 2
17 11858 1
17 494 1
17 15609 2
17 4087 1
17 18975 1
17 11771 1
17 22186 4
17 5717 1
18 12288 1
18 13316 2
18 8197 1
18 9227 1
18 12816 1
18 8722 1
18 10262 1
18 22551 2
18 9243 1
18 22571 1
18 3633 1
18 1074 1
18 1076 3
18 2613 1
18 22585 2
18 20028 1
18 5189 1
18 12360 1
18 3255 1
18 13389 2
18 15439 1
18 592 1
18 21586 1
18 603 1
18 10852 1
18 18022 1
18 22119 1
18 6760 2
18 6761 3
18 4719 2
18 17521 1
18 21621 1
18 2166 1
18 10857 1
18 4728 2
18 6782 1
18 6787 1
18 13444 1
18 6790 1
18 6791 1
18 1163 1
18 9069 5
18 22169 1
18 15521 1
18 7333 1
18 8988 1
18 4267 1
18 12471 1
18 11960 1
18 8892 1
18 19133 4
18 6773 1
18 13516 1
18 1744 2
18 17016 1
18 11566 1
18 14036 2
18 17621 1
18 11992 1
18 1754 5
18 740 1
18 22245 1
18 2790 1
18 5863 1
18 6377 1
18 5867 1
18 11007 1
18 4868 2
18 4364 1
18 10510 1
18 15119 2
18 7952 1
18 8468 1
18 4885 1
18 9860 1
18 8474 1
18 7964 7
18 4826 1
18 4385 1
18 16682 1
18 14983 1
18 2860 1
18 18222 1
18 12081 1
18 15666 1
18 21330 1
18 16194 1
18 22341 1
18 22344 1
18 20299 1
18 4945 1
18 9047 1
18 1363 1
18 14677 3
18 13881 1
18 6489 2
18 21850 1
18 7520 1
18 2410 1
18 5997 1
18 9071 1
18 12151 1
18 1917 1
18 13182 1
18 20352 1
18 16770 1
18 4484 1
18 9606 1
18 909 4
18 910 1
18 22418 5
18 917 1
18 18853 1
18 18857 2
18 13229 2
18 19378 1
18 21949 1
18 8127 1
18 19392 1
18 13255 2
18 12747 1
18 9167 2
18 8669 1
18 17891 1
18 18916 1
18 15849 1
18 15442 1
18 19439 1
18 5623 3
18 18424 1
18 5625 1
18 11259 1
19 12288 1
19 19460 1
19 22032 1
19 1559 1
19 15384 1
19 2595 1
19 7345 1
19 11817 1
19 1578 1
19 3627 1
19 1580 1
19 9777 2
19 6706 1
19 13493 1
19 8257 1
19 15431 1
19 15432 1
19 13388 3
19 13389 4
19 6788 1
19 9300 1
19 18005 1
19 22457 1
19 3676 1
19 3258 1
19 18526 3
19 12390 1
19 21606 1
19 13937 1
19 1138 1
19 18042 1
19 5246 1
19 16661 1
19 5248 1
19 5252 1
19 13445 1
19 11969 4
19 13452 1
19 17241 1
19 9069 1
19 5264 2
19 17041 1
19 1172 2
19 5270 2
19 4247 1
19 22383 1
19 14492 1
19 18080 1
19 15522 1
19 9380 1
19 22385 2
19 22186 1
19 22188 3
19 16049 2
19 19124 1
19 2334 1
19 12471 1
19 15033 1
19 19642 1
19 17183 1
19 19133 2
19 9918 1
19 4289 1
19 4293 1
19 13515 1
19 3277 1
19 9425 1
19 22232 2
19 16092 2
19 2271 1
19 7392 1
19 12521 2
19 22252 1
19 7408 1
19 5276 3
19 22266 1
19 7938 1
19 17671 1
19 17672 1
19 19210 1
19 17163 1
19 4364 4
19 20237 1
19 1806 1
19 22289 1
19 17172 1
19 18222 1
19 6425 2
19 19741 2
19 17694 1
19 14469 1
19 17700 1
19 8753 1
19 5928 1
19 5929 1
19 16682 1
19 15149 2
19 5934 1
19 7471 2
19 12082 1
19 1844 1
19 14646 1
19 2873 1
19 12602 1
19 12091 1
19 16190 2
19 7999 1
19 3392 1
19 15170 1
19 17225 1
19 8013 1
19 9550 1
19 18767 1
19 7504 1
19 12174 1
19 4438 1
19 9047 2
19 6489 1
19 2394 1
19 9566 1
19 7010 1
19 7483 1
19 20330 1
19 13164 1
19 2962 1
19 7023 1
19 13681 2
19 16105 1
19 9791 1
19 14716 1
19 1918 1
19 15751 2
19 3978 1
19 20366 1
19 4497 1
19 22418 1
19 15763 1
19 9108 1
19 16791 1
19 11672 1
19 21914 1
19 4509 1
19 2464 1
19 15266 2
19 17829 1
19 1959 1
19 19100 3
19 12202 1
19 11180 1
19 437 1
19 4023 1
19 1465 1
19 22463 1
19 22464 4
19 18370 1
19 12739 2
19 3528 1
19 12746 2
19 5580 1
19 13218 1
19 3408 1
19 2001 1
19 12757 1
19 6565 1
19 13793 1
19 6651 2
19 18420 1
19 15273 1
19 11771 1
19 11434 1
20 12288 2
20 19460 2
20 19286 1
20 20999 1
20 19464 1
20 22025 1
20 7178 1
20 525 1
20 9901 1
20 7700 1
20 17945 1
20 3610 1
20 17435 1
20 11292 4
20 22557 3
20 13316 3
20 4130 1
20 2596 1
20 12325 1
20 11815 1
20 11817 1
20 20010 1
20 20013 1
20 12334 1
20 1076 1
20 22581 1
20 17975 1
20 2105 1
20 2107 2
20 19516 1
20 3133 1
20 12350 1
20 4160 1
20 4960 1
20 22082 1
20 20547 1
20 15994 1
20 1163 1
20 15432 3
20 3340 1
20 11850 1
20 17996 1
20 13389 2
20 592 1
20 17339 1
20 18005 2
20 3134 1
20 7772 1
20 18528 1
20 15971 1
20 18022 1
20 16998 1
20 21613 1
20 1469 1
20 14448 2
20 17521 1
20 1140 2
20 1141 3
20 13161 1
20 16504 1
20 633 2
20 11898 1
20 4219 1
20 18282 2
20 13440 1
20 22464 3
20 19587 1
20 18055 1
20 14985 4
20 18571 1
20 13452 1
20 13453 1
20 18942 1
20 14993 2
20 658 1
20 15434 1
20 11926 1
20 367 1
20 9887 1
20 15521 1
20 3611 1
20 4438 2
20 13937 1
20 10408 1
20 4267 1
20 22188 1
20 14509 1
20 8989 1
20 16049 1
20 13679 2
20 12716 1
20 19578 1
20 22198 1
20 12471 2
20 10426 1
20 19131 1
20 15036 1
20 19133 3
20 21696 1
20 8898 1
20 14970 1
20 13516 1
20 2679 1
20 16588 1
20 20686 3
20 7379 1
20 7380 1
20 19204 1
20 10972 2
20 10407 1
20 10975 2
20 7392 1
20 21627 1
20 740 1
20 8422 1
20 9169 1
20 10985 1
20 5866 1
20 5867 1
20 22252 1
20 14574 1
20 18557 1
20 19184 1
20 3313 3
20 14072 1
20 12026 2
20 2025 1
20 18175 1
20 14082 1
20 4868 3
20 18182 1
20 7041 2
20 7432 1
20 6921 1
20 4364 1
20 4884 1
20 18197 1
20 8473 1
20 6938 1
20 7451 3
20 8988 1
20 14621 1
20 15648 1
20 11555 1
20 15456 1
20 20103 1
20 2348 2
20 5421 1
20 7982 1
20 2351 2
20 5424 1
20 1844 3
20 7477 1
20 21305 1
20 6971 1
20 16190 1
20 8512 1
20 16193 4
20 20803 1
20 22340 1
20 13129 3
20 20109 1
20 6592 1
20 21845 2
20 15190 1
20 2873 1
20 14682 4
20 3421 1
20 22368 1
20 4961 1
20 8035 1
20 7014 1
20 2407 1
20 8040 1
20 5993 1
20 13674 1
20 7911 1
20 9069 1
20 366 1
20 8765 1
20 11858 1
20 15217 1
20 15701 1
20 6718 1
20 12663 1
20 21880 1
20 21369 1
20 7548 1
20 11645 1
20 12670 1
20 12673 1
20 18818 1
20 14725 2
20 1857 1
20 10120 1
20 21228 1
20 3991 1
20 11662 1
20 7055 1
20 6380 1
20 20882 1
20 3395 1
20 16276 1
20 917 1
20 8086 1
20 919 1
20 3992 4
20 5017 2
20 7637 1
20 1947 1
20 17608 1
20 15763 1
20 15774 4
20 14751 1
20 12588 1
20 14753 1
20 18222 1
20 6052 1
20 18853 3
20 12200 1
20 13227 1
20 8351 3
20 4013 1
20 2990 5
20 22450 1
20 3392 1
20 19381 1
20 16969 1
20 17609 1
20 18363 3
20 19900 1
20 3517 1
20 4030 1
20 4032 2
20 11714 1
20 502 1
20 13767 1
20 588 1
20 12746 1
20 21727 1
20 9167 2
20 8144 1
20 2001 1
20 9684 2
20 15317 1
20 4058 1
20 8668 1
20 20389 1
20 6017 1
20 2640 1
20 5642 1
20 11771 2
20 2113 3
20 15849 1
20 12778 1
20 4263 1
20 18924 1
20 4589 1
20 16366 1
20 6127 1
20 11760 2
20 3058 4
20 5118 2
20 16374 1
20 18426 1
20 11259 1
20 15869 1
20 10238 1
20 14677 3
21 12288 1
21 13316 3
21 22061 1
21 11274 1
21 11275 4
21 3084 1
21 22119 2
21 526 1
21 17424 1
21 15856 1
21 22551 2
21 4868 1
21 3610 1
21 5149 1
21 14881 2
21 14882 3
21 1589 1
21 8355 1
21 6695 1
21 8236 1
21 12333 1
21 12336 1
21 3633 1
21 1076 1
21 22581 3
21 3127 1
21 6713 1
21 2106 2
21 9275 1
21 7471 1
21 17983 2
21 2113 2
21 10818 1
21 8771 2
21 20188 1
21 15432 2
21 18023 1
21 13388 2
21 592 1
21 3512 1
21 21608 1
21 5717 1
21 17494 1
21 11865 1
21 9818 1
21 12891 1
21 6652 2
21 11477 1
21 15971 1
21 11771 1
21 3176 1
21 11708 2
21 9831 1
21 21613 2
21 11887 1
21 1136 1
21 15976 1
21 626 1
21 1141 2
21 15994 1
21 4221 1
21 13950 1
21 20095 1
21 15491 1
21 6788 1
21 13445 1
21 20102 1
21 14985 2
21 13452 2
21 20109 1
21 1167 1
21 3943 3
21 15897 1
21 19993 1
21 12441 1
21 12399 1
21 19101 2
21 18080 3
21 15521 1
21 7451 1
21 10407 2
21 10408 1
21 22186 1
21 4267 1
21 2220 2
21 1710 1
21 797 1
21 19632 1
21 16049 1
21 6142 1
21 22198 2
21 22200 1
21 7357 1
21 4799 1
21 14016 1
21 8898 1
21 2243 1
21 10436 1
21 13514 1
21 16075 1
21 13516 3
21 22222 2
21 11471 1
21 5840 1
21 721 1
21 7380 1
21 20686 1
21 20694 1
21 22232 1
21 12505 1
21 6875 1
21 10972 1
21 15581 1
21 12510 1
21 10975 2
21 740 1
21 8421 1
21 20689 1
21 9449 1
21 7463 1
21 3313 2
21 20722 1
21 467 1
21 12670 2
21 17142 1
21 9513 1
21 16121 1
21 20177 1
21 18686 2
21 11007 1
21 11008 1
21 14285 1
21 2307 1
21 19716 1
21 15621 1
21 15113 1
21 22282 1
21 3339 2
21 11946 2
21 7952 1
21 6787 1
21 4884 1
21 745 1
21 11790 1
21 7963 1
21 7964 1
21 8989 3
21 18208 1
21 5927 2
21 12585 1
21 2348 3
21 10154 1
21 16177 1
21 8500 1
21 10410 1
21 6969 1
21 20794 1
21 10555 1
21 9269 1
21 16193 2
21 17218 1
21 19272 1
21 13129 1
21 12855 1
21 19938 1
21 20303 1
21 12625 1
21 15187 1
21 8020 1
21 14677 4
21 11851 1
21 9047 1
21 18042 1
21 19172 1
21 14682 2
21 18267 2
21 3130 1
21 11103 1
21 2914 2
21 2107 4
21 13159 1
21 5996 1
21 17259 1
21 8556 1
21 9069 4
21 10094 1
21 15215 1
21 5489 1
21 10098 1
21 11923 1
21 13532 1
21 20343 1
21 5951 1
21 1918 1
21 19687 1
21 2947 1
21 16260 1
21 4486 1
21 11655 1
21 2442 1
21 1932 1
21 12354 1
21 2446 1
21 17403 1
21 8636 2
21 20547 1
21 408 1
21 18841 1
21 17818 1
21 5019 1
21 14748 1
21 7481 1
21 17312 1
21 6561 1
21 15266 1
21 9124 1
21 20389 1
21 18857 1
21 19370 1
21 13227 1
21 16813 1
21 2990 2
21 12209 1
21 434 1
21 12212 1
21 1976 1
21 13243 1
21 19900 2
21 11709 1
21 11710 1
21 501 1
21 22464 1
21 19019 1
21 11898 1
21 13255 2
21 8268 2
21 12746 2
21 9122 1
21 17729 1
21 9167 1
21 19093 1
21 9169 1
21 7909 1
21 9684 1
21 18902 1
21 5597 1
21 12770 1
21 6651 1
21 4433 1
21 15868 1
21 18922 1
21 8172 1
21 8173 1
21 15855 2
21 11760 2
21 5365 1
21 5118 2
21 18423 1
21 11604 1
21 13819 1
21 18940 1
21 13821 1
21 18942 1
21 18005 1
22 7680 1
22 20994 1
22 13316 2
22 12805 2
22 7687 1
22 11275 2
22 22573 1
22 11790 1
22 22032 1
22 4115 1
22 10263 1
22 10265 1
22 9755 1
22 9244 1
22 13854 2
22 15365 1
22 14882 1
22 1371 1
22 16936 1
22 15976 1
22 12842 2
22 3629 3
22 3631 3
22 22064 1
22 8241 1
22 1592 1
22 8250 1
22 2445 1
22 3134 1
22 19519 1
22 21568 1
22 22593 1
22 20547 2
22 17988 1
22 5867 1
22 12360 1
22 7755 2
22 21586 2
22 11672 1
22 3674 1
22 12891 3
22 8749 1
22 18528 1
22 18022 1
22 22119 2
22 19900 1
22 6761 1
22 4714 1
22 2663 1
22 21102 1
22 13937 1
22 1141 4
22 15991 1
22 1144 1
22 14459 1
22 18557 1
22 10878 1
22 11392 1
22 17312 1
22 8043 2
22 1668 1
22 1669 1
22 6790 1
22 6791 1
22 18568 1
22 14473 1
22 2701 1
22 5264 1
22 1170 1
22 13459 2
22 14998 1
22 18287 1
22 11422 1
22 6853 1
22 683 2
22 797 1
22 12464 1
22 19124 1
22 19133 4
22 10357 1
22 14016 1
22 2243 1
22 4293 1
22 20167 2
22 20168 1
22 22220 1
22 20686 1
22 20687 2
22 20691 1
22 718 1
22 11478 1
22 15575 1
22 11992 1
22 9945 2
22 4826 1
22 1757 1
22 21727 1
22 7901 1
22 18659 2
22 10469 1
22 7911 1
22 5864 1
22 7403 1
22 1266 1
22 7379 1
22 12026 1
22 15612 1
22 18686 2
22 11007 1
22 13440 1
22 4867 3
22 4868 1
22 7432 1
22 20236 1
22 1069 1
22 9432 1
22 2947 1
22 4884 1
22 12565 1
22 4886 1
22 14618 1
22 10011 1
22 8989 1
22 18215 1
22 9513 3
22 5931 1
22 8449 1
22 5994 1
22 7471 1
22 10545 1
22 1844 1
22 10552 2
22 21305 2
22 6459 4
22 8961 1
22 19775 1
22 16194 1
22 17737 1
22 20303 2
22 15184 1
22 3409 1
22 15187 4
22 9044 1
22 14677 2
22 20281 1
22 2394 1
22 8079 1
22 9566 1
22 1375 1
22 15210 1
22 5863 2
22 9069 1
22 9071 1
22 10096 1
22 5489 2
22 967 4
22 10103 1
22 8568 1
22 15919 1
22 9791 1
22 10219 1
22 15752 1
22 3991 2
22 17293 1
22 7055 1
22 3992 1
22 917 1
22 14742 1
22 18841 1
22 7064 1
22 20377 1
22 15170 1
22 2349 1
22 7584 1
22 17313 1
22 13730 1
22 18205 1
22 6573 1
22 12446 1
22 7095 1
22 11708 3
22 17899 1
22 22464 1
22 15809 1
22 8644 1
22 4038 3
22 929 2
22 20429 1
22 9167 1
22 2351 1
22 9171 1
22 18391 1
22 15610 1
22 18911 1
22 14306 6
22 17403 4
22 4587 1
22 19050 1
22 8786 1
22 18174 1
22 5623 3
22 8184 1
22 6651 2
22 6655 1
23 18442 1
23 18443 1
23 4440 1
23 22557 2
23 20519 4
23 18472 2
23 8236 2
23 6193 1
23 6195 1
23 12341 1
23 692 1
23 8250 1
23 14399 1
23 12357 1
23 4168 1
23 18507 1
23 18528 2
23 12390 1
23 12394 1
23 18540 1
23 14448 2
23 2164 2
23 2166 1
23 10360 1
23 16508 2
23 2179 1
23 12429 1
23 6290 3
23 12441 2
23 10410 1
23 14509 1
23 4276 1
23 4278 1
23 12471 1
23 2243 1
23 8393 3
23 4299 1
23 16588 1
23 20687 3
23 14545 1
23 20692 2
23 12502 1
23 12503 2
23 16605 1
23 14579 1
23 12543 1
23 14592 1
23 2309 1
23 8454 1
23 12558 1
23 11992 1
23 10514 1
23 10515 2
23 16661 3
23 14621 1
23 14725 1
23 6438 1
23 8924 1
23 18736 1
23 10545 2
23 18744 1
23 1076 2
23 20794 2
23 12604 1
23 4418 1
23 18769 1
23 18771 1
23 14677 6
23 4438 1
23 14680 1
23 19172 1
23 19174 1
23 2406 1
23 10606 1
23 389 1
23 20882 1
23 18837 1
23 8611 2
23 8614 1
23 431 1
23 435 1
23 8630 1
23 14777 1
23 1099 2
23 12746 2
23 464 1
23 16850 2
23 11684 1
23 12778 2
23 8685 1
23 12791 1
23 6652 1
23 4606 1
23 6679 1
23 14872 1
23 18975 3
23 2594 1
23 548 1
23 14886 1
23 18983 1
23 12842 1
23 8749 1
23 564 1
23 12855 1
23 19004 1
23 588 3
23 12878 1
23 592 7
23 593 2
23 19027 1
23 610 1
23 10857 1
23 14973 2
23 6786 2
23 22295 1
23 19093 1
23 19094 2
23 19102 1
23 8863 1
23 10919 1
23 17066 1
23 689 1
23 19124 1
23 694 1
23 19133 3
23 20256 1
23 8899 1
23 8906 1
23 21200 1
23 10972 4
23 740 2
23 13030 1
23 8954 1
23 11008 2
23 4868 4
23 17163 2
23 17167 1
23 8976 1
23 4881 1
23 4884 1
23 4891 2
23 8996 1
23 19238 1
23 7303 1
23 21295 1
23 21305 2
23 9022 1
23 831 1
23 21316 1
23 9033 1
23 21330 1
23 9047 3
23 863 1
23 4960 1
23 15205 1
23 9069 1
23 9071 1
23 9072 1
23 13176 1
23 19325 4
23 897 2
23 17290 1
23 19351 1
23 5020 2
23 925 1
23 21410 1
23 21412 1
23 13222 1
23 13223 1
23 841 1
23 9146 1
23 19389 1
23 7670 1
23 9158 1
23 13255 2
23 9167 5
23 9169 1
23 9170 1
23 19420 2
23 3055 1
23 7160 1
23 13316 4
23 11275 1
23 17424 4
23 13330 1
23 17435 1
23 9246 1
23 9247 1
23 11303 1
23 1067 1
23 5172 1
23 21563 1
23 1206 1
23 11335 13
23 11336 13
23 7241 1
23 10423 2
23 13388 10
23 13389 1
23 9294 1
23 21586 1
23 13396 1
23 21589 1
23 13398 6
23 13412 1
23 11371 1
23 21613 2
23 1140 1
23 1141 1
23 1147 2
23 19581 1
23 13444 1
23 17542 1
23 9351 1
23 7306 1
23 13452 1
23 7313 1
23 13459 1
23 5268 1
23 5276 1
23 13485 1
23 13490 1
23 13493 1
23 3254 1
23 15548 2
23 13515 1
23 5325 1
23 11471 2
23 7380 1
23 9443 1
23 17637 1
23 20689 4
23 15610 1
23 7424 4
23 3331 1
23 3332 1
23 15621 1
23 7432 3
23 15630 1
23 19740 2
23 17696 1
23 11555 1
23 7463 1
23 7471 5
23 15666 1
23 17737 2
23 13663 1
23 15718 1
23 13677 1
23 13681 3
23 9587 1
23 15751 1
23 15752 1
23 21907 1
23 11672 2
23 17818 1
23 13723 1
23 13727 1
23 3492 1
23 13736 1
23 1454 1
23 10483 1
23 9652 1
23 7608 1
23 3519 2
23 11723 1
23 9686 1
23 9687 1
23 15832 1
23 17881 2
23 17890 1
23 15852 1
23 11760 1
23 11763 1
23 22006 1
23 9729 2
23 22032 2
23 3674 1
23 11806 3
23 15903 2
23 11808 1
23 11815 1
23 3627 1
23 9777 1
23 20024 1
23 3641 4
23 3643 3
23 13889 1
23 13891 1
23 13901 2
23 9809 1
23 10510 3
23 13914 1
23 15971 1
23 1637 1
23 1638 1
23 22119 1
23 1639 2
23 11887 1
23 5745 2
23 1653 1
23 18042 1
23 1662 1
23 13951 1
23 20112 1
23 9876 2
23 16030 1
23 18080 3
23 18083 1
23 22181 2
23 13937 2
23 22188 1
23 16049 1
23 22200 1
23 7870 1
23 11969 1
23 9924 1
23 7880 1
23 9934 1
23 7892 1
23 22232 3
23 18140 1
23 7901 1
23 1758 1
23 12010 1
23 5867 3
23 22252 1
23 7122 1
23 1775 1
23 22265 3
23 14081 3
23 16131 3
23 9991 1
23 10007 1
23 12064 1
23 18222 1
23 3889 3
23 12086 1
23 1852 1
23 22340 1
23 3927 1
23 12602 1
23 22368 1
23 3943 4
23 20329 1
23 22386 3
23 10102 1
23 8063 2
23 16276 2
23 22423 1
23 3992 1
23 20384 2
23 1959 1
23 12209 2
23 4018 1
23 4019 1
23 16308 2
23 12218 1
23 12220 1
23 14277 1
23 4038 2
23 8156 2
23 8161 1
23 12625 2
23 20459 1
23 6127 1
23 18420 2
23 18424 2
23 6138 1
24 3073 1
24 13316 1
24 8709 2
24 11777 1
24 18952 1
24 11273 5
24 9360 1
24 4107 1
24 7180 1
24 20817 1
24 9901 1
24 17424 1
24 22616 1
24 8451 1
24 4117 1
24 1048 1
24 18948 1
24 17435 2
24 9244 1
24 3674 1
24 13854 1
24 6917 1
24 14369 1
24 11298 1
24 3107 1
24 2596 2
24 19718 1
24 11302 1
24 6695 2
24 1576 1
24 1578 1
24 16982 1
24 3629 3
24 16430 2
24 3633 3
24 13874 2
24 10151 1
24 1076 1
24 12341 1
24 13912 2
24 11832 1
24 3641 1
24 17170 1
24 10300 1
24 7471 1
24 13887 1
24 12354 1
24 9227 1
24 7236 1
24 7237 1
24 3088 1
24 11336 3
24 16969 1
24 18023 1
24 588 4
24 13389 2
24 12878 1
24 591 2
24 1706 1
24 21586 3
24 1895 1
24 10510 1
24 21590 1
24 15448 3
24 602 2
24 6235 1
24 13405 1
24 7776 1
24 22032 3
24 15971 1
24 18022 1
24 9831 1
24 18364 1
24 11771 1
24 3943 3
24 18540 1
24 21613 1
24 11887 1
24 14448 1
24 13937 1
24 626 1
24 13428 3
24 1141 1
24 21097 1
24 17016 1
24 16081 1
24 9074 2
24 1664 1
24 3201 1
24 12930 1
24 15723 1
24 1669 5
24 21520 1
24 15495 1
24 18569 2
24 17203 1
24 3636 2
24 5264 2
24 9194 1
24 19593 1
24 5268 1
24 1174 1
24 20242 1
24 6060 1
24 12447 1
24 1136 1
24 15013 1
24 21617 1
24 1564 1
24 16042 1
24 6791 1
24 14509 1
24 10928 1
24 16049 1
24 10930 1
24 4276 1
24 9127 1
24 9398 1
24 15817 3
24 13611 1
24 11963 1
24 19133 8
24 7870 1
24 14016 4
24 7873 1
24 18114 1
24 2243 1
24 9924 1
24 2245 1
24 17185 1
24 11059 1
24 13514 1
24 13516 2
24 15565 1
24 11471 1
24 7888 1
24 1745 1
24 20690 2
24 20692 3
24 10453 1
24 13689 1
24 14040 1
24 7897 2
24 6875 1
24 15068 1
24 4986 2
24 21727 1
24 15590 1
24 17639 1
24 14806 1
24 8425 1
24 12010 1
24 20519 2
24 22252 2
24 12089 1
24 17134 1
24 17135 1
24 20209 1
24 3060 1
24 17790 1
24 6902 1
24 18005 3
24 8953 1
24 21757 1
24 18686 2
24 11008 3
24 8449 1
24 17154 1
24 13059 1
24 7126 1
24 1798 1
24 14088 1
24 7433 1
24 20234 1
24 4364 2
24 6786 1
24 12558 1
24 15119 1
24 7952 1
24 2834 1
24 14467 1
24 14592 1
24 5337 1
24 17041 1
24 1697 1
24 7451 1
24 8988 1
24 8989 1
24 4894 1
24 19589 1
24 20257 1
24 15579 1
24 8996 1
24 1670 1
24 20774 2
24 18140 1
24 1152 1
24 2859 1
24 8790 1
24 17202 1
24 18222 1
24 11055 1
24 15752 1
24 1842 1
24 7475 1
24 19156 2
24 5431 1
24 21305 7
24 12602 1
24 4831 1
24 15754 1
24 4414 1
24 12318 1
24 11672 1
24 6979 1
24 15491 1
24 22341 1
24 6982 1
24 20585 1
24 22344 2
24 1865 1
24 19208 1
24 3197 1
24 12112 1
24 12625 4
24 21330 1
24 19939 1
24 18773 1
24 9047 2
24 6489 2
24 5433 1
24 10896 1
24 18273 1
24 7010 1
24 8081 1
24 13161 1
24 7889 2
24 8043 2
24 364 1
24 9069 19
24 5509 1
24 6511 1
24 9072 1
24 10097 3
24 4496 1
24 19124 1
24 9478 1
24 21003 1
24 21878 1
24 20343 2
24 18808 1
24 14713 3
24 14714 2
24 4989 1
24 12670 1
24 9600 1
24 5867 2
24 1412 1
24 10900 1
24 4486 1
24 16775 1
24 904 1
24 17290 1
24 4418 1
24 3520 1
24 7055 1
24 4497 1
24 3992 1
24 6826 1
24 9393 1
24 14744 1
24 5017 2
24 1138 1
24 7481 2
24 21918 1
24 14751 1
24 20384 1
24 15266 8
24 906 2
24 4006 1
24 15271 3
24 4011 1
24 15009 1
24 679 1
24 12852 2
24 3400 1
24 500 1
24 13398 3
24 7101 2
24 12734 1
24 11253 1
24 22464 6
24 4000 1
24 11714 2
24 13252 1
24 4038 1
24 8647 1
24 13388 3
24 12746 1
24 11723 1
24 5069 5
24 5070 2
24 9167 5
24 8184 2
24 13778 2
24 10318 1
24 7637 1
24 8662 1
24 22503 1
24 17137 1
24 4570 1
24 6622 2
24 19621 1
24 18207 1
24 9836 1
24 14306 1
24 995 2
24 16806 1
24 22502 1
24 7655 1
24 6652 1
24 18922 1
24 8683 1
24 13093 1
24 16366 1
24 11760 2
24 15405 1
24 11763 1
24 10740 1
24 11765 1
24 7670 1
24 15864 1
24 4601 1
24 15871 4
24 2044 1
24 801 1
24 14677 1
25 6149 2
25 6151 1
25 19464 2
25 11273 3
25 9047 1
25 16998 1
25 11563 1
25 17424 1
25 2578 2
25 4867 1
25 13844 1
25 12718 1
25 11662 1
25 12825 2
25 22557 2
25 4438 1
25 9759 1
25 11808 1
25 2594 1
25 6694 1
25 6695 1
25 7863 1
25 17451 3
25 8236 1
25 7520 1
25 4146 1
25 1591 1
25 19000 1
25 3643 1
25 4670 1
25 19519 2
25 16224 3
25 22082 2
25 20547 1
25 8260 1
25 19114 1
25 8264 1
25 1099 1
25 13388 1
25 15714 2
25 10318 1
25 15441 2
25 21586 4
25 1895 1
25 15444 1
25 13398 4
25 7767 1
25 7618 1
25 6234 1
25 4116 1
25 10407 1
25 16302 1
25 3171 1
25 7780 1
25 3173 1
25 18022 1
25 17681 1
25 12393 1
25 2154 1
25 9831 1
25 1042 1
25 9326 1
25 13937 1
25 1141 8
25 6774 1
25 21097 1
25 17016 3
25 14969 1
25 18042 2
25 19559 1
25 18709 1
25 128 1
25 4032 1
25 5251 2
25 9864 1
25 9068 1
25 20429 1
25 1163 1
25 13452 1
25 4290 10
25 4239 3
25 14019 2
25 21652 1
25 10901 2
25 17046 2
25 22167 1
25 2244 1
25 13979 1
25 668 1
25 18080 1
25 9380 1
25 13681 2
25 6826 1
25 6828 1
25 16049 1
25 11444 1
25 16054 1
25 2761 2
25 7868 1
25 19133 3
25 14016 2
25 11969 1
25 14530 2
25 2243 1
25 20676 1
25 2990 1
25 14537 1
25 16075 1
25 13516 2
25 11471 1
25 8913 1
25 10963 1
25 10452 1
25 10453 1
25 12503 1
25 9435 1
25 10972 2
25 4317 1
25 1758 1
25 14049 1
25 2279 1
25 11332 2
25 9453 2
25 6382 1
25 11178 1
25 20209 1
25 20692 1
25 11514 1
25 12471 3
25 17621 1
25 11008 2
25 5504 2
25 14595 1
25 4868 1
25 6917 1
25 9167 1
25 20234 1
25 271 1
25 7953 1
25 18708 1
25 16661 1
25 278 1
25 18199 1
25 4888 1
25 11055 1
25 17183 1
25 20769 1
25 20260 2
25 5929 2
25 7979 2
25 12588 1
25 5934 1
25 7471 1
25 10974 1
25 21305 3
25 12604 1
25 18571 1
25 8143 1
25 1351 1
25 22087 1
25 22346 2
25 141 2
25 4546 1
25 7224 1
25 11603 1
25 14677 3
25 3414 1
25 18775 1
25 18776 1
25 18267 3
25 4604 1
25 22368 2
25 3426 1
25 4291 1
25 3943 1
25 14725 1
25 13161 1
25 364 1
25 9069 6
25 8724 1
25 15216 1
25 7537 1
25 3954 1
25 17017 1
25 18921 1
25 13177 1
25 9600 4
25 2949 1
25 15754 1
25 5515 1
25 17806 1
25 7055 1
25 16272 1
25 22418 2
25 14743 1
25 409 1
25 16367 1
25 15774 1
25 11641 1
25 20384 2
25 22171 1
25 16773 1
25 22442 1
25 4011 1
25 15276 1
25 19886 1
25 7600 1
25 21426 1
25 4019 3
25 21696 2
25 6076 1
25 15805 1
25 22464 1
25 8641 1
25 11714 1
25 17149 1
25 13255 2
25 17996 2
25 7114 1
25 5069 3
25 5071 2
25 8636 1
25 2003 1
25 8270 1
25 5590 1
25 20952 1
25 14081 1
25 10205 1
25 6622 1
25 19938 1
25 13799 1
25 14332 1
25 10219 1
25 18173 1
25 15856 1
25 2407 1
25 4435 1
25 8180 1
25 4601 1
25 6652 1
25 10154 1
25 15871 1
26 12288 2
26 22272 1
26 10246 3
26 17424 1
26 9816 1
26 13331 1
26 17945 1
26 9755 1
26 11807 1
26 14369 1
26 20520 1
26 17451 2
26 3633 1
26 2611 1
26 12852 1
26 11444 1
26 14397 1
26 3134 1
26 16224 1
26 12354 1
26 20547 1
26 3140 1
26 9289 1
26 1719 1
26 10339 1
26 7764 1
26 18005 3
26 6742 1
26 15448 1
26 7769 1
26 9819 1
26 19550 1
26 6239 1
26 15456 1
26 10939 1
26 7780 1
26 21608 1
26 21097 2
26 21612 1
26 14448 1
26 15976 1
26 1140 2
26 1141 3
26 6263 1
26 17017 1
26 3197 2
26 13440 1
26 15490 1
26 5251 1
26 5764 1
26 17547 1
26 18114 1
26 13677 1
26 17688 1
26 4756 1
26 17046 2
26 2153 1
26 14488 1
26 14024 1
26 19124 1
26 12471 1
26 8376 1
26 6329 1
26 3258 2
26 18975 1
26 19133 1
26 637 2
26 4290 3
26 2243 1
26 20168 1
26 2761 1
26 10963 1
26 20260 1
26 9167 1
26 19676 1
26 13022 1
26 4831 2
26 1761 1
26 1258 1
26 21230 1
26 18557 1
26 13040 1
26 16629 1
26 22262 1
26 18174 1
26 14592 1
26 4867 2
26 4868 1
26 2309 1
26 17163 1
26 5391 1
26 15632 1
26 1411 1
26 12565 1
26 10006 1
26 4888 1
26 282 1
26 17181 1
26 11555 1
26 7972 1
26 6441 2
26 7476 2
26 21305 2
26 3900 1
26 6973 1
26 20813 1
26 14677 1
26 9047 2
26 1370 1
26 13148 1
26 11104 1
26 1852 1
26 9069 1
26 9072 1
26 13681 1
26 12663 1
26 14827 1
26 16260 1
26 9609 1
26 21902 2
26 8685 2
26 21905 2
26 21906 1
26 11332 1
26 20384 1
26 18853 2
26 18857 1
26 11179 2
26 12717 1
26 2990 1
26 7600 1
26 1461 1
26 12734 1
26 19396 1
26 13255 1
26 3529 1
26 12746 1
26 20429 1
26 463 1
26 22571 1
26 10194 1
26 15827 1
26 8683 2
26 4589 1
26 16367 2
26 503 1
26 4602 1
26 1531 1
26 10238 1
26 12799 3
27 11008 2
27 8706 1
27 19460 1
27 14081 1
27 18946 1
27 22032 1
27 9241 1
27 1562 1
27 17435 3
27 18460 1
27 18975 1
27 11808 1
27 16417 1
27 4647 1
27 555 1
27 8236 1
27 8749 1
27 18990 1
27 15922 1
27 9268 1
27 12343 1
27 3647 1
27 13376 1
27 20547 2
27 22369 1
27 12360 1
27 7241 1
27 1639 1
27 20556 1
27 15441 1
27 21586 1
27 4691 1
27 13398 2
27 14017 1
27 15119 1
27 7776 1
27 15035 1
27 4198 1
27 9831 1
27 22122 1
27 22119 1
27 21613 5
27 18030 1
27 12733 1
27 14448 3
27 1140 1
27 22133 2
27 4214 1
27 17017 1
27 11898 3
27 9339 1
27 18557 1
27 18049 1
27 12930 1
27 15491 1
27 5764 1
27 7303 3
27 17547 1
27 6773 1
27 17041 1
27 17046 1
27 13252 1
27 22128 2
27 5796 1
27 10407 1
27 13992 2
27 11946 2
27 13255 1
27 4786 1
27 14707 1
27 4276 1
27 13493 1
27 1719 1
27 13969 1
27 17012 1
27 9247 1
27 3260 1
27 19133 3
27 1141 5
27 12481 1
27 17602 1
27 2243 1
27 9924 1
27 15558 1
27 20168 1
27 6345 1
27 8397 1
27 11471 1
27 9424 1
27 10452 1
27 9167 2
27 19676 1
27 16093 1
27 5347 2
27 18148 1
27 21227 1
27 22252 1
27 13437 1
27 2289 1
27 22262 1
27 14592 2
27 18689 1
27 7938 1
27 19204 1
27 7432 2
27 17163 2
27 4364 1
27 5390 2
27 5391 1
27 2834 1
27 12564 1
27 15641 1
27 19740 1
27 797 1
27 8479 1
27 6437 1
27 7463 1
27 6441 1
27 8449 1
27 15410 1
27 7471 3
27 8503 1
27 21304 1
27 21305 2
27 20794 2
27 1852 1
27 6976 1
27 22339 1
27 21828 1
27 3909 1
27 18759 1
27 22344 2
27 4944 1
27 12625 2
27 3412 1
27 14677 1
27 2905 1
27 18267 2
27 13148 1
27 1375 1
27 22368 1
27 22416 2
27 9571 1
27 8549 1
27 3943 2
27 13161 1
27 15212 1
27 7537 2
27 11635 1
27 8566 1
27 14714 1
27 2944 1
27 8512 1
27 9606 2
27 6539 1
27 10636 1
27 20880 1
27 917 1
27 15903 1
27 16367 1
27 20384 2
27 15266 1
27 11684 1
27 18853 1
27 15273 2
27 22442 3
27 18862 1
27 18865 2
27 4019 2
27 18420 1
27 1467 1
27 8636 1
27 3517 1
27 15808 3
27 19396 1
27 19397 2
27 8647 1
27 12746 1
27 459 1
27 20429 1
27 463 1
27 464 1
27 9169 1
27 9170 1
27 10195 1
27 478 1
27 13793 1
27 2018 1
27 22500 2
27 4257 1
27 22183 1
27 8684 1
27 493 1
27 15616 1
27 4591 2
27 2407 1
27 8180 1
27 1531 1
27 6652 1
28 4610 1
28 14342 1
28 4618 1
28 17424 1
28 13841 1
28 16414 1
28 1576 2
28 8236 1
28 13357 1
28 7261 1
28 13360 2
28 3633 1
28 1076 1
28 11329 1
28 22082 1
28 1719 1
28 13388 1
28 8272 1
28 21586 1
28 11348 1
28 18005 1
28 13398 1
28 5207 1
28 9816 1
28 3258 1
28 3259 1
28 615 1
28 3690 1
28 7101 1
28 21618 1
28 1141 3
28 17015 1
28 11388 1
28 9864 1
28 145 1
28 17046 1
28 19124 1
28 2761 1
28 5304 1
28 15033 1
28 19130 1
28 2235 1
28 4290 1
28 2243 1
28 16069 1
28 20168 1
28 5321 1
28 8913 1
28 7379 1
28 10452 1
28 17632 1
28 8421 1
28 2279 1
28 12532 1
28 6901 1
28 3060 1
28 8449 2
28 6914 1
28 4867 1
28 4868 1
28 16651 1
28 18191 1
28 17688 1
28 4891 2
28 8989 1
28 292 1
28 3877 1
28 561 1
28 3880 1
28 3881 1
28 1844 1
28 12852 2
28 15584 1
28 17225 1
28 2018 1
28 22351 1
28 11600 1
28 21841 1
28 14677 1
28 2905 1
28 1371 1
28 13148 2
28 2914 1
28 9069 3
28 9072 2
28 9081 1
28 20118 1
28 21905 1
28 19346 1
28 14743 1
28 9626 1
28 1441 1
28 18853 1
28 12717 1
28 9139 1
28 9145 1
28 3629 2
28 22464 1
28 1099 1
28 18884 1
28 13255 1
28 9167 1
28 13778 1
28 6622 2
28 19938 2
28 1512 1
28 8685 1
28 17396 1
28 16375 1
28 18424 1
28 4180 1
28 1532 1
28 12799 1
29 11008 2
29 4610 2
29 19460 2
29 22041 1
29 1564 1
29 15903 2
29 3621 1
29 17451 1
29 3629 1
29 16435 1
29 3641 1
29 13883 1
29 17996 1
29 6221 1
29 18510 1
29 21586 3
29 15955 1
29 4180 1
29 13398 4
29 3674 1
29 15971 1
29 15548 1
29 22122 2
29 21613 1
29 10862 1
29 21617 3
29 6770 1
29 17016 1
29 17017 1
29 18042 1
29 9339 1
29 20098 1
29 1671 1
29 1163 1
29 13970 1
29 3220 2
29 20118 1
29 13937 1
29 13992 2
29 22186 1
29 15532 1
29 16049 1
29 5304 4
29 6516 1
29 8378 1
29 8892 2
29 19133 3
29 4290 3
29 14024 1
29 12663 2
29 719 1
29 18128 1
29 20690 1
29 8995 1
29 10453 1
29 11479 1
29 11471 1
29 14046 1
29 10975 1
29 8421 3
29 8425 1
29 5867 1
29 7405 1
29 22262 2
29 5929 1
29 17148 3
29 14592 1
29 7938 1
29 14595 1
29 772 1
29 2309 1
29 19719 1
29 14088 1
29 17163 1
29 12625 1
29 15119 1
29 17170 1
29 13592 1
29 14622 1
29 9691 1
29 3877 1
29 3881 2
29 18055 1
29 16691 1
29 10206 1
29 21305 2
29 20794 1
29 20284 1
29 13634 1
29 21319 1
29 8012 1
29 4432 1
29 5969 1
29 4438 2
29 4441 1
29 18267 1
29 7516 1
29 7397 1
29 4451 1
29 22503 1
29 9069 1
29 9072 2
29 21874 1
29 21364 1
29 2933 1
29 12151 1
29 7040 1
29 16775 1
29 16799 1
29 14753 1
29 20389 1
29 15273 1
29 18865 1
29 8626 1
29 15283 1
29 16825 1
29 3517 1
29 12734 1
29 22464 1
29 19396 1
29 14583 1
29 15820 1
29 14798 1
29 11737 1
29 8666 1
29 4329 1
29 6138 1
29 6622 1
29 19939 1
29 10725 1
29 21841 1
29 489 1
29 11760 1
29 500 1
29 20474 1
30 11008 1
30 19460 1
30 7766 1
30 14509 1
30 22032 2
30 2578 1
30 8451 1
30 12824 1
30 12825 3
30 17451 4
30 12089 1
30 22067 1
30 22073 1
30 9278 2
30 12354 1
30 10820 1
30 17996 1
30 9807 2
30 592 2
30 10321 1
30 21586 1
30 13398 1
30 15451 1
30 21097 1
30 21103 1
30 14448 1
30 1140 1
30 6773 1
30 13677 1
30 17016 1
30 1147 1
30 637 1
30 6790 1
30 15496 1
30 4235 1
30 1167 1
30 9873 1
30 17046 3
30 17062 1
30 1706 1
30 9901 1
30 5806 1
30 5808 1
30 20168 1
30 5302 1
30 5303 2
30 11449 1
30 8378 1
30 20155 1
30 19133 4
30 1141 2
30 12993 1
30 4290 6
30 13507 1
30 17605 1
30 17608 1
30 14538 1
30 12663 1
30 16588 1
30 9425 1
30 3293 1
30 10975 1
30 9339 1
30 10469 1
30 5867 1
30 17148 1
30 17150 1
30 14592 3
30 17153 1
30 4867 4
30 7432 1
30 15660 1
30 20234 1
30 17163 1
30 2835 1
30 4884 1
30 20260 1
30 19238 1
30 20780 1
30 12084 1
30 21304 1
30 20281 1
30 20794 1
30 17723 2
30 20292 1
30 17227 2
30 21305 4
30 4432 1
30 9047 1
30 18267 1
30 1376 1
30 22369 1
30 7011 1
30 4966 3
30 9069 1
30 12151 1
30 17788 1
30 9600 1
30 12694 3
30 15754 1
30 17810 1
30 8086 1
30 3992 1
30 15775 1
30 20384 1
30 15273 1
30 12717 2
30 11193 1
30 22464 2
30 11714 1
30 20299 1
30 588 1
30 17229 1
30 7634 1
30 5077 1
30 7638 1
30 10206 1
30 19938 1
30 19943 1
30 4602 1
30 6142 1
31 14592 2
31 19460 1
31 9733 1
31 18952 1
31 3088 1
31 7536 1
31 15378 1
31 17435 2
31 22557 1
31 15903 1
31 14369 2
31 20519 1
31 7208 1
31 1068 1
31 4653 1
31 1280 1
31 8236 1
31 18483 2
31 12852 1
31 16649 1
31 11832 1
31 4668 2
31 16650 1
31 1076 1
31 12352 1
31 20547 1
31 19527 1
31 16968 1
31 592 5
31 21586 2
31 10837 1
31 13398 1
31 11870 1
31 16998 1
31 22119 2
31 4712 1
31 21611 1
31 20076 1
31 21613 2
31 13937 2
31 1141 3
31 119 1
31 4222 1
31 18049 1
31 7303 1
31 18540 1
31 1163 2
31 13969 1
31 10901 1
31 17046 2
31 19096 1
31 12441 1
31 9072 1
31 22188 1
31 12656 1
31 13490 1
31 12471 2
31 22200 1
31 18975 1
31 8892 1
31 19133 3
31 6848 1
31 4295 1
31 9247 1
31 13516 1
31 11471 1
31 18128 1
31 20692 1
31 20695 2
31 9945 1
31 12510 1
31 7888 1
31 19684 1
31 5867 1
31 22252 1
31 11008 4
31 4867 1
31 7432 1
31 7433 2
31 20234 1
31 20751 1
31 2322 1
31 1812 1
31 7455 1
31 8482 1
31 11555 2
31 14121 1
31 2348 1
31 18222 1
31 7476 1
31 21305 4
31 835 1
31 16197 1
31 16199 1
31 9831 1
31 8012 2
31 22369 1
31 12625 1
31 4435 1
31 14680 1
31 18267 1
31 15709 1
31 7520 1
31 7521 1
31 19811 1
31 15499 1
31 6695 1
31 15216 1
31 21878 1
31 13190 2
31 7559 1
31 15752 1
31 17291 1
31 10636 2
31 20877 1
31 9617 1
31 19348 1
31 3992 3
31 20384 2
31 15268 1
31 15273 2
31 16302 1
31 7600 1
31 7601 1
31 8636 1
31 22464 3
31 13763 1
31 11726 1
31 9167 1
31 13776 1
31 981 1
31 19939 2
31 12779 1
31 9710 1
31 545 1
31 6652 1
32 12288 1
32 7690 1
32 11275 3
32 3086 2
32 17424 1
32 3758 1
32 5142 1
32 17943 4
32 15944 2
32 22557 1
32 17951 2
32 17956 5
32 17957 8
32 21546 1
32 1580 1
32 21841 1
32 17968 1
32 1076 3
32 17975 1
32 11832 1
32 22585 2
32 10300 1
32 13834 1
32 12867 1
32 3652 1
32 12870 1
32 8776 4
32 13898 1
32 6732 1
32 5197 1
32 14926 1
32 2127 1
32 21586 2
32 22100 1
32 15374 1
32 14427 2
32 22108 2
32 18528 1
32 21601 1
32 17339 1
32 18022 1
32 3176 1
32 113 1
32 1141 1
32 130 1
32 5252 1
32 19478 1
32 135 1
32 136 1
32 1168 1
32 15507 3
32 2374 3
32 19100 2
32 4255 1
32 16544 1
32 18597 1
32 5801 1
32 22188 1
32 14509 1
32 5806 2
32 21679 1
32 19120 2
32 19121 1
32 11444 1
32 19133 1
32 9333 1
32 22209 1
32 8387 1
32 9924 1
32 11461 1
32 10439 1
32 17608 2
32 15820 3
32 11979 1
32 13516 1
32 1997 1
32 5841 2
32 5332 1
32 22232 1
32 2265 1
32 10973 1
32 735 1
32 7397 1
32 12007 1
32 7409 1
32 1266 1
32 20723 4
32 248 1
32 4441 1
32 17156 1
32 3339 1
32 4364 1
32 20237 1
32 21782 1
32 2839 1
32 132 1
32 282 1
32 11547 2
32 11549 3
32 14981 1
32 5920 1
32 17185 1
32 19238 1
32 22088 1
32 14635 4
32 7471 1
32 2873 1
32 7483 1
32 16702 1
32 14145 1
32 16706 5
32 19782 1
32 17225 2
32 19787 1
32 21305 1
32 20303 2
32 4432 1
32 12625 1
32 20818 1
32 18772 1
32 12089 1
32 6489 1
32 7514 1
32 13088 2
32 22368 1
32 7010 1
32 5996 1
32 9069 1
32 9072 1
32 13459 1
32 12151 1
32 8568 1
32 17785 1
32 15751 1
32 15754 1
32 7565 1
32 8088 3
32 7570 1
32 11672 2
32 8260 1
32 13724 1
32 13216 1
32 9633 2
32 4003 1
32 18853 1
32 5276 1
32 15432 1
32 15283 1
32 11195 1
32 20384 1
32 13763 1
32 4555 1
32 5580 1
32 17357 1
32 9167 1
32 15439 3
32 19588 1
32 19939 1
32 999 1
32 15850 1
32 493 1
32 15856 2
32 502 2
32 13737 1
32 20986 1
32 4603 1
33 12288 3
33 11273 2
33 11275 2
33 10254 1
33 3087 1
33 22032 1
33 5806 1
33 8215 1
33 1564 1
33 22557 1
33 17951 1
33 17956 1
33 17957 3
33 1576 1
33 1076 1
33 9269 2
33 17975 2
33 10300 1
33 15426 1
33 12867 1
33 8260 1
33 11335 2
33 11336 2
33 16973 1
33 2127 1
33 21586 2
33 3158 2
33 14427 1
33 19550 1
33 18528 1
33 10337 1
33 15971 1
33 18022 1
33 19048 1
33 14448 1
33 21617 1
33 17014 1
33 10360 1
33 10877 1
33 13440 1
33 3203 1
33 646 1
33 9351 1
33 1161 1
33 2839 1
33 9069 1
33 2704 1
33 18577 1
33 19607 1
33 6809 1
33 15642 1
33 7451 1
33 18598 2
33 18599 1
33 10408 1
33 6791 1
33 3758 1
33 11444 1
33 2229 1
33 12471 2
33 19133 1
33 16504 1
33 14547 1
33 14037 1
33 9945 1
33 13532 1
33 18142 1
33 5156 1
33 14560 1
33 7397 1
33 1766 1
33 12007 1
33 12009 1
33 22258 1
33 20723 1
33 16117 1
33 16118 2
33 20739 1
33 4868 1
33 18185 1
33 15491 1
33 21781 1
33 21782 4
33 16663 1
33 1818 1
33 11547 2
33 11549 1
33 11555 1
33 19238 1
33 18140 1
33 14635 1
33 18222 2
33 15666 1
33 1844 1
33 14136 1
33 21305 1
33 906 1
33 15584 1
33 6489 1
33 21340 1
33 1375 1
33 1376 1
33 2407 2
33 12653 1
33 4981 1
33 8568 2
33 12673 1
33 20874 1
33 16785 1
33 22418 2
33 7321 1
33 8089 1
33 13723 1
33 17312 1
33 9633 1
33 15275 1
33 20882 2
33 15791 1
33 16373 1
33 22467 2
33 452 1
33 7110 1
33 15820 1
33 9167 1
33 19939 1
33 13478 1
33 1002 2
33 10219 1
33 16978 1
33 14324 1
33 8693 1
33 15869 1
34 12288 2
34 19460 1
34 1545 1
34 11275 5
34 9292 1
34 12306 1
34 1454 1
34 15382 1
34 22551 1
34 17951 1
34 17956 1
34 17957 3
34 17958 1
34 16049 2
34 8236 1
34 3629 1
34 16430 1
34 13875 1
34 1076 1
34 12341 1
34 1590 1
34 1591 1
34 15431 1
34 12360 1
34 14409 1
34 11850 1
34 17996 1
34 7248 1
34 21586 2
34 22100 1
34 18522 1
34 12602 1
34 22108 1
34 3258 1
34 10337 1
34 15971 1
34 16998 1
34 9831 1
34 15976 1
34 22119 1
34 7792 1
34 19048 2
34 1138 1
34 1141 1
34 10358 2
34 15994 1
34 9339 1
34 11392 1
34 22147 1
34 13444 1
34 646 1
34 13452 1
34 13453 1
34 3217 2
34 3220 1
34 17046 1
34 18072 1
34 15519 1
34 9072 1
34 22188 1
34 14509 1
34 7081 1
34 7861 1
34 10938 2
34 20155 1
34 19133 1
34 9919 1
34 4290 3
34 11461 1
34 15669 1
34 17105 1
34 22232 1
34 9167 1
34 14560 1
34 17637 2
34 8940 1
34 18174 1
34 14592 1
34 15216 1
34 4867 1
34 775 1
34 7952 1
34 2835 1
34 21781 2
34 21782 1
34 8989 1
34 8484 1
34 14635 1
34 7471 1
34 6965 1
34 15666 1
34 1844 1
34 14645 1
34 21305 1
34 15674 1
34 16702 1
34 7477 1
34 19776 1
34 328 1
34 17225 1
34 19939 1
34 4438 1
34 860 1
34 861 1
34 22368 1
34 22369 1
34 2407 1
34 9069 2
34 11632 2
34 7537 1
34 7538 1
34 17788 1
34 4989 1
34 1918 2
34 18668 1
34 3978 1
34 7055 2
34 20165 1
34 3991 2
34 11672 1
34 11675 1
34 15774 1
34 14751 1
34 20384 1
34 9633 2
34 19355 1
34 15273 1
34 11181 1
34 4014 1
34 15279 1
34 4529 1
34 15283 1
34 5047 1
34 17339 1
34 3517 1
34 11714 1
34 13252 1
34 15817 1
34 15820 1
34 14286 1
34 9679 1
34 10709 1
34 13723 1
34 19938 1
34 995 1
34 19943 1
34 4074 1
34 493 1
34 7154 1
34 5623 2
34 4601 1
34 11771 1
34 4604 1
34 12799 1
35 12288 1
35 1280 1
35 13316 2
35 13654 2
35 17424 2
35 19464 3
35 22032 5
35 17427 2
35 4116 1
35 1369 1
35 7451 1
35 6172 2
35 15903 1
35 15400 1
35 17451 1
35 8200 1
35 18483 1
35 569 1
35 4668 1
35 2229 1
35 11332 1
35 21067 1
35 13388 9
35 13389 2
35 21586 2
35 4691 1
35 9817 2
35 7264 1
35 12897 1
35 13411 1
35 12390 1
35 3175 1
35 3943 2
35 11887 1
35 5232 1
35 1141 2
35 9339 3
35 16508 3
35 5246 2
35 5760 1
35 5251 1
35 1668 1
35 19596 1
35 18371 1
35 17046 1
35 1136 1
35 20131 1
35 22186 1
35 19626 1
35 22188 1
35 3758 1
35 11444 1
35 13493 2
35 18108 1
35 7370 1
35 13504 1
35 4290 8
35 8906 1
35 8908 1
35 11474 1
35 17621 1
35 8919 1
35 22232 1
35 10972 2
35 10975 1
35 18147 1
35 17637 2
35 4326 1
35 5415 2
35 15403 1
35 10483 1
35 16628 1
35 11514 1
35 17659 2
35 14592 4
35 5504 1
35 22571 2
35 11524 1
35 3852 1
35 10510 2
35 7952 2
35 10515 1
35 17688 1
35 13444 1
35 4891 1
35 5919 2
35 4385 1
35 293 1
35 7463 1
35 5929 1
35 15660 1
35 4399 3
35 5425 1
35 4402 1
35 19770 1
35 20284 1
35 20285 1
35 4418 1
35 3408 1
35 12625 2
35 4438 1
35 9047 1
35 4441 1
35 7514 1
35 1895 1
35 15723 1
35 9069 1
35 2450 2
35 9072 1
35 8566 1
35 12151 1
35 11641 1
35 4989 1
35 13182 1
35 9600 1
35 11662 2
35 22418 1
35 18838 1
35 21912 1
35 7066 1
35 15771 1
35 5020 3
35 1437 1
35 15774 1
35 20384 1
35 6565 1
35 15273 1
35 10154 1
35 12717 1
35 17337 1
35 2407 2
35 22464 2
35 15809 1
35 11714 1
35 1099 1
35 18081 1
35 12746 2
35 20429 1
35 9167 1
35 13776 1
35 16851 1
35 9691 1
35 18911 1
35 19939 1
35 22500 1
35 19943 1
35 10728 1
35 18409 1
35 12779 1
35 7245 1
35 3058 1
35 13821 2
36 1280 1
36 20994 1
36 5803 1
36 13316 1
36 16901 1
36 5638 1
36 9729 1
36 13912 2
36 1545 1
36 18955 1
36 9351 1
36 11790 2
36 2063 1
36 17424 1
36 19473 1
36 17427 1
36 21525 1
36 22551 3
36 4868 3
36 17435 2
36 1564 2
36 22557 4
36 11807 1
36 12321 1
36 4130 1
36 19035 1
36 1572 1
36 3621 2
36 20519 1
36 15401 1
36 1578 2
36 1067 2
36 16982 1
36 11821 1
36 6702 1
36 8236 1
36 12336 1
36 9266 1
36 51 1
36 1076 1
36 8961 1
36 12342 1
36 11815 1
36 5690 1
36 20029 1
36 13887 2
36 22368 1
36 12354 2
36 16651 1
36 8260 1
36 22086 1
36 15432 2
36 7180 1
36 15751 1
36 13388 5
36 5197 1
36 18688 1
36 3151 1
36 10832 2
36 21586 6
36 3171 1
36 7950 1
36 13398 2
36 12888 2
36 9817 1
36 3674 1
36 12602 1
36 5306 1
36 21621 1
36 19553 1
36 15971 2
36 9316 3
36 22119 1
36 18364 4
36 22122 1
36 15463 1
36 18540 1
36 8301 1
36 11887 1
36 13937 5
36 6770 1
36 13428 9
36 6773 1
36 6774 1
36 20841 1
36 369 1
36 21622 1
36 5246 1
36 6786 1
36 6787 1
36 19588 1
36 1669 2
36 7303 1
36 2125 1
36 18543 1
36 1163 1
36 18393 1
36 5051 1
36 5264 1
36 10837 1
36 7314 1
36 18579 1
36 3220 1
36 19093 2
36 22032 7
36 1561 1
36 7833 1
36 22339 1
36 10863 1
36 1818 1
36 9374 1
36 5791 1
36 15216 2
36 8556 1
36 10407 2
36 2588 1
36 14023 1
36 22188 2
36 18981 1
36 13389 1
36 2589 1
36 20766 1
36 7121 1
36 12471 1
36 8376 1
36 364 1
36 3258 3
36 3260 1
36 19133 1
36 13941 1
36 22209 2
36 2166 1
36 10439 1
36 8393 1
36 13514 1
36 13515 1
36 13516 1
36 18948 1
36 11471 2
36 20177 1
36 7893 1
36 18646 1
36 7383 1
36 11994 1
36 15283 1
36 4831 2
36 2196 3
36 12515 2
36 14158 2
36 13030 1
36 7399 1
36 17943 1
36 745 1
36 6695 1
36 4267 1
36 20194 1
36 19582 1
36 758 1
36 11511 1
36 22265 1
36 5873 1
36 11714 1
36 10357 1
36 14592 5
36 14081 2
36 22571 1
36 14596 1
36 15864 1
36 18185 2
36 9483 1
36 2873 1
36 10510 1
36 16972 1
36 8989 1
36 4884 2
36 13078 2
36 16663 1
36 15641 1
36 20762 2
36 7451 2
36 20485 3
36 9946 1
36 20254 1
36 19743 1
36 18208 1
36 18209 1
36 11555 2
36 5414 1
36 1835 1
36 12076 1
36 4910 1
36 7471 3
36 10263 1
36 7475 2
36 3892 1
36 8158 1
36 14646 1
36 5517 1
36 21305 1
36 3386 2
36 7483 1
36 20284 1
36 12682 1
36 5438 1
36 5390 1
36 19424 3
36 8514 1
36 6283 1
36 22340 1
36 13129 2
36 20299 1
36 16205 1
36 10574 1
36 16719 1
36 9041 1
36 13138 2
36 14677 3
36 19286 1
36 9047 3
36 14680 1
36 6489 2
36 2394 1
36 18267 1
36 15709 1
36 11008 1
36 2911 1
36 4448 1
36 2914 3
36 6459 1
36 2918 2
36 15207 1
36 15209 1
36 6506 1
36 5996 1
36 20882 1
36 9583 2
36 12656 1
36 13681 4
36 11708 1
36 7542 1
36 20343 2
36 13177 1
36 20859 2
36 897 1
36 12663 1
36 16260 1
36 2710 1
36 5511 1
36 20874 2
36 16779 2
36 3468 1
36 16269 1
36 20878 1
36 17807 2
36 18832 1
36 8081 1
36 22418 1
36 19347 3
36 7600 2
36 6809 1
36 409 1
36 7066 1
36 13723 1
36 17818 1
36 20384 5
36 6561 1
36 15266 4
36 6052 1
36 4006 1
36 15271 1
36 11113 1
36 18352 4
36 22450 1
36 19162 1
36 841 1
36 14324 1
36 1979 1
36 8636 2
36 19389 1
36 22464 10
36 4277 1
36 20303 1
36 17227 1
36 19396 3
36 14277 1
36 9158 1
36 13255 2
36 15817 1
36 12746 4
36 10700 1
36 20429 1
36 9167 1
36 15660 1
36 16851 2
36 15317 1
36 15268 1
36 20442 1
36 22351 1
36 20570 1
36 18398 1
36 1504 1
36 8161 1
36 19938 1
36 21987 1
36 22500 3
36 19429 1
36 22503 1
36 7313 1
36 2025 1
36 12778 1
36 12779 3
36 3052 1
36 493 2
36 13807 1
36 15856 2
36 17067 1
36 13451 3
36 4598 1
36 7160 1
36 4601 1
36 1824 1
36 16981 1
37 12288 1
37 16901 1
37 8201 1
37 9047 1
37 4623 1
37 17424 1
37 13912 1
37 19480 1
37 11524 1
37 6685 1
37 18975 1
37 18467 1
37 2596 1
37 1578 3
37 1074 1
37 12341 1
37 22585 1
37 3130 1
37 13885 2
37 13887 2
37 15201 3
37 9686 1
37 13388 1
37 13901 1
37 9816 1
37 12390 2
37 6760 1
37 14448 1
37 21608 2
37 13428 5
37 1141 1
37 10360 1
37 15994 2
37 5764 1
37 13445 1
37 13452 3
37 19094 2
37 1176 1
37 6809 1
37 22171 1
37 18077 2
37 15216 2
37 21617 2
37 4776 1
37 18119 2
37 15532 2
37 2348 1
37 4274 1
37 22198 1
37 11453 2
37 7870 1
37 3266 1
37 4295 1
37 13514 1
37 12151 1
37 15567 1
37 6864 1
37 7380 1
37 6875 1
37 10972 2
37 22188 2
37 741 2
37 7400 1
37 14574 1
37 15096 1
37 7040 1
37 14082 1
37 4868 1
37 2309 1
37 18185 2
37 3339 1
37 15630 1
37 18191 1
37 7952 2
37 2834 1
37 16665 1
37 8989 1
37 14469 1
37 17184 1
37 1243 1
37 1828 1
37 16169 2
37 12076 1
37 7475 3
37 1862 1
37 16062 2
37 3408 1
37 4438 1
37 855 4
37 6489 2
37 2394 1
37 18267 1
37 15710 2
37 10593 1
37 9167 1
37 3943 1
37 360 1
37 3946 1
37 7536 1
37 20851 2
37 3958 1
37 13175 1
37 14714 2
37 8255 2
37 9600 1
37 7041 1
37 9090 3
37 16260 2
37 12595 1
37 17290 1
37 12183 1
37 20891 1
37 925 1
37 12708 1
37 19366 1
37 15275 1
37 15432 1
37 5554 1
37 12212 1
37 6075 1
37 8131 1
37 13764 1
37 13255 1
37 12746 9
37 12495 1
37 17871 1
37 17872 1
37 9684 1
37 14806 1
37 9687 1
37 17881 2
37 18911 1
37 8161 1
37 999 1
37 7164 3
37 12778 1
37 8174 1
37 4087 1
37 6652 3
38 3171 1
38 8198 1
38 12716 1
38 17418 2
38 7180 1
38 22032 8
38 7536 2
38 2578 3
38 4117 1
38 17943 1
38 1048 1
38 13849 1
38 6171 1
38 22557 1
38 15903 1
38 18352 2
38 2596 1
38 1573 1
38 15400 1
38 1578 8
38 1067 1
38 8236 1
38 8797 1
38 12336 1
38 1074 2
38 12341 1
38 1460 1
38 17467 1
38 3889 1
38 13887 4
38 11708 2
38 13891 1
38 3655 1
38 18507 1
38 13388 1
38 13389 2
38 12878 2
38 10321 2
38 13062 1
38 14751 1
38 18004 1
38 6741 4
38 11193 1
38 14424 1
38 14716 1
38 20570 2
38 12602 1
38 605 1
38 17424 1
38 15971 1
38 8292 1
38 22119 1
38 8892 4
38 12394 1
38 8301 1
38 11887 1
38 14448 1
38 13937 1
38 19058 2
38 19571 1
38 13428 6
38 8818 1
38 21622 1
38 14969 1
38 20927 1
38 13950 1
38 19582 1
38 12565 1
38 6786 7
38 12419 2
38 14469 1
38 11969 1
38 14473 1
38 12076 1
38 16834 1
38 7533 1
38 4240 1
38 17041 1
38 7826 1
38 8899 1
38 2196 2
38 12604 1
38 14488 2
38 7321 1
38 13466 1
38 4719 1
38 15521 1
38 16034 1
38 8867 2
38 2914 1
38 6822 1
38 10407 2
38 4776 1
38 19626 1
38 4267 1
38 2220 1
38 14509 1
38 841 1
38 9393 1
38 9394 1
38 15539 1
38 4276 1
38 5814 1
38 364 1
38 10426 1
38 16373 1
38 12988 2
38 7870 2
38 4799 1
38 21696 3
38 22209 1
38 12994 1
38 12483 1
38 12484 1
38 17185 1
38 9506 1
38 12495 1
38 13009 2
38 4818 1
38 14035 1
38 7380 2
38 5070 1
38 19162 1
38 18140 1
38 21213 1
38 3621 1
38 7392 1
38 18384 1
38 9442 1
38 12515 1
38 7396 1
38 20774 4
38 745 1
38 5867 1
38 19989 1
38 13549 1
38 14574 1
38 12018 1
38 1662 1
38 13255 1
38 15096 1
38 3796 2
38 18421 1
38 18686 2
38 14592 1
38 2818 1
38 10499 1
38 4868 2
38 8454 1
38 18185 5
38 20234 1
38 3339 2
38 4364 1
38 9090 1
38 18191 1
38 7952 1
38 6787 1
38 12564 1
38 6421 1
38 7471 1
38 8989 1
38 4382 1
38 7455 1
38 4385 1
38 16674 1
38 16163 1
38 16166 1
38 7463 1
38 5929 1
38 2348 1
38 18222 2
38 10205 1
38 5000 2
38 13883 1
38 16181 1
38 16695 1
38 3778 1
38 20794 1
38 5435 1
38 8508 1
38 17229 1
38 3390 1
38 10560 1
38 20803 1
38 22341 1
38 13129 2
38 20299 1
38 845 1
38 18767 1
38 11600 1
38 10065 1
38 18770 1
38 9043 1
38 6234 1
38 14677 1
38 18404 1
38 3386 1
38 7520 1
38 15714 1
38 1379 1
38 6746 1
38 3943 1
38 360 1
38 20329 2
38 17260 1
38 9069 1
38 21613 1
38 6000 2
38 13682 1
38 19315 1
38 3958 2
38 12663 1
38 14714 1
38 16243 2
38 16252 1
38 11645 1
38 18988 1
38 14144 1
38 18818 1
38 16260 1
38 15237 3
38 4486 1
38 15751 1
38 15752 1
38 3627 1
38 15767 1
38 19853 1
38 17806 1
38 19864 1
38 20882 1
38 11668 1
38 1633 1
38 11672 1
38 11673 1
38 13723 1
38 12188 2
38 3999 1
38 11760 1
38 20891 1
38 6052 1
38 12700 1
38 10096 1
38 9033 1
38 7600 3
38 7601 1
38 15283 3
38 15284 2
38 17846 1
38 17225 1
38 15289 2
38 5051 1
38 18364 1
38 3519 1
38 22464 1
38 21953 2
38 18882 2
38 7039 1
38 18593 1
38 12746 3
38 5580 1
38 5069 2
38 14286 1
38 9167 2
38 8425 1
38 18385 1
38 7635 1
38 9684 2
38 4053 1
38 9686 1
38 6104 1
38 17881 1
38 17373 1
38 6622 1
38 5600 1
38 8161 1
38 19938 1
38 5267 1
38 21617 1
38 13800 1
38 15849 1
38 10834 1
38 494 1
38 17903 1
38 15856 1
38 4597 1
38 7670 1
38 15855 1
38 5625 2
38 6651 1
38 10410 1
