1 9729 2
1 13444 1
1 14603 1
1 12354 1
1 4366 1
1 8079 1
1 22418 1
1 18197 2
1 22551 2
1 9887 1
1 20384 1
1 1074 1
1 18108 1
1 12734 1
1 11714 1
1 13252 2
1 11898 1
1 13388 1
1 20429 1
1 15448 1
1 18393 1
1 2394 1
1 859 1
1 18905 1
1 21613 1
1 12151 1
1 8569 1
1 12154 1
1 1147 1
1 2812 1
2 8449 1
2 19971 1
2 13316 1
2 6278 1
2 9607 1
2 11948 1
2 6787 1
2 4364 2
2 15117 1
2 7952 1
2 20625 1
2 18962 1
2 13459 1
2 19476 1
2 18197 9
2 22032 1
2 18199 1
2 5013 1
2 7684 1
2 17435 1
2 15262 1
2 22369 1
2 20384 1
2 16417 1
2 17881 1
2 547 1
2 16547 1
2 7463 1
2 21161 1
2 20010 1
2 15660 1
2 3629 1
2 9729 1
2 9777 1
2 6489 4
2 21299 1
2 3636 1
2 5150 1
2 21305 1
2 19553 1
2 4085 1
2 8043 2
2 19133 1
2 9918 1
2 9791 1
2 11714 1
2 9867 1
2 9543 1
2 603 1
2 6989 1
2 205 1
2 7870 1
2 2899 1
2 11604 1
2 9945 1
2 13914 1
2 18267 1
2 395 1
2 5173 1
2 2911 1
2 3937 1
2 16226 1
2 15971 1
2 13979 1
2 18406 1
2 17041 1
2 7016 1
2 15849 1
2 10407 1
2 18540 1
2 16621 1
2 5352 1
2 13776 1
2 6773 1
2 20649 1
2 8184 1
2 16049 1
2 11898 1
2 19900 1
2 19626 1
2 917 1
3 9729 1
3 4868 1
3 9473 1
3 3201 1
3 4364 2
3 11521 1
3 8749 1
3 17424 1
3 13457 1
3 2835 1
3 17044 1
3 17429 1
3 13979 1
3 16028 1
3 6234 1
3 9887 1
3 545 1
3 15771 1
3 11428 1
3 18853 1
3 11815 1
3 683 1
3 8493 1
3 2990 1
3 21295 2
3 15664 1
3 8755 1
3 19124 1
3 10040 1
3 15903 1
3 18108 1
3 6078 1
3 5570 1
3 11851 1
3 21957 1
3 5576 1
3 18828 1
3 21962 2
3 9035 1
3 7888 1
3 18129 1
3 2003 1
3 3669 1
3 19886 1
3 14993 1
3 7897 1
3 13658 1
3 11791 1
3 19549 1
3 10206 1
3 18128 1
3 19938 1
3 11898 1
3 9169 1
3 11388 1
3 8556 1
3 21613 2
3 8259 1
3 8180 1
3 6773 1
3 8698 1
3 17788 1
4 18689 1
4 6787 1
4 4868 1
4 1669 1
4 9351 1
4 2443 1
4 4364 1
4 8717 1
4 15763 1
4 916 1
4 19478 1
4 22551 1
4 15128 1
4 14489 1
4 5150 1
4 5285 2
4 6826 1
4 683 1
4 8749 1
4 15534 1
4 14135 1
4 15671 1
4 15035 2
4 5450 1
4 12734 1
4 191 1
4 20427 1
4 12743 1
4 13514 1
4 1099 1
4 13389 1
4 14801 1
4 2899 2
4 7380 1
4 12888 1
4 7903 1
4 18528 1
4 18406 1
4 9809 1
4 14448 1
4 499 1
4 15994 1
5 7684 1
5 2443 1
5 15170 1
5 20494 1
5 19347 1
5 19093 1
5 22551 2
5 13723 1
5 9244 1
5 22557 1
5 19103 1
5 16547 3
5 17062 1
5 3113 1
5 8749 1
5 4123 1
5 3638 1
5 12343 1
5 12216 1
5 5433 1
5 5435 1
5 190 1
5 19519 1
5 11714 2
5 14677 1
5 13516 1
5 6989 1
5 13777 1
5 2899 1
5 6741 1
5 14806 1
5 3927 1
5 12888 5
5 4058 1
5 7646 1
5 18528 1
5 8036 1
5 19238 1
5 8043 1
5 494 1
5 3058 4
5 13459 1
5 1140 1
5 5623 1
5 831 1
5 1918 1
5 5119 1
6 9729 1
6 7938 1
6 19718 1
6 18055 1
6 5128 1
6 15660 1
6 9610 1
6 855 1
6 5776 1
6 14147 1
6 18964 1
6 18030 1
6 22551 1
6 18458 1
6 13807 1
6 8744 1
6 15262 1
6 16544 1
6 14896 1
6 13979 1
6 9606 2
6 5158 2
6 12081 1
6 21160 1
6 21161 1
6 3627 1
6 9388 1
6 8749 2
6 16430 1
6 7471 1
6 15664 1
6 9777 1
6 10803 1
6 3765 1
6 12471 2
6 22457 1
6 6458 2
6 9839 7
6 11381 1
6 20384 2
6 12354 1
6 20026 1
6 22340 1
6 21228 1
6 4038 1
6 9543 1
6 3528 1
6 3914 1
6 11851 1
6 10828 1
6 5325 2
6 6734 1
6 17872 1
6 20214 1
6 2899 2
6 20000 1
6 9047 3
6 13912 1
6 7897 2
6 3386 1
6 15013 1
6 1147 1
6 9831 1
6 21608 1
6 2025 2
6 8043 1
6 364 1
6 10041 1
6 14574 1
6 11887 1
6 11760 1
6 6760 1
6 1141 1
6 17270 1
6 7855 1
6 5755 1
6 2173 1
6 16981 1
7 11392 1
7 19585 1
7 13316 2
7 11909 1
7 6790 1
7 19719 1
7 19336 1
7 17290 1
7 10263 1
7 4364 1
7 22032 2
7 12183 1
7 1818 1
7 15262 2
7 21023 1
7 17188 1
7 19718 1
7 21159 1
7 3113 1
7 683 1
7 6791 1
7 6702 1
7 17071 1
7 1076 1
7 19124 2
7 22303 1
7 17725 1
7 6718 1
7 831 2
7 20291 1
7 11973 1
7 20427 2
7 13388 1
7 13389 2
7 12110 2
7 19408 1
7 14033 1
7 14037 1
7 15574 1
7 18393 1
7 18267 1
7 11152 1
7 6459 1
7 21605 1
7 5353 1
7 5994 1
7 18540 1
7 22589 1
7 13937 1
7 22386 1
7 1140 1
7 6773 1
7 17400 1
7 22138 1
7 1147 1
8 7937 1
8 13316 1
8 9606 3
8 3201 1
8 12716 1
8 22032 1
8 18686 1
8 13459 1
8 17881 1
8 1818 1
8 7451 1
8 4892 1
8 15773 1
8 15262 1
8 9887 1
8 20571 1
8 11381 1
8 21161 1
8 15660 1
8 3629 1
8 1454 1
8 7471 2
8 9777 1
8 6969 1
8 15903 1
8 13884 1
8 3517 1
8 1141 1
8 12993 1
8 22082 1
8 13978 1
8 9543 1
8 7370 1
8 8144 1
8 7380 1
8 22585 1
8 8153 1
8 18267 1
8 14940 1
8 19038 1
8 1147 2
8 22245 1
8 2407 5
8 15548 1
8 13937 1
8 22386 2
8 4725 1
8 9791 1
8 22140 1
8 2173 1
8 10366 1
8 17535 1
9 9901 1
9 18248 1
9 15491 1
9 13316 1
9 22422 1
9 11398 1
9 14913 1
9 19585 1
9 3082 1
9 1163 2
9 8079 1
9 2834 1
9 5398 1
9 2649 1
9 12700 1
9 925 1
9 15262 3
9 6790 1
9 16806 1
9 9895 1
9 8988 1
9 13482 1
9 22188 2
9 3629 1
9 20526 2
9 19888 2
9 12081 1
9 5684 1
9 3633 1
9 11960 1
9 3129 1
9 3258 3
9 22209 1
9 4037 1
9 3528 1
9 13129 1
9 11850 1
9 13901 1
9 12110 1
9 5325 1
9 12856 1
9 12625 1
9 17106 1
9 9043 1
9 7892 1
9 22229 1
9 7638 1
9 22585 1
9 856 1
9 7897 1
9 20571 1
9 3386 1
9 10464 1
9 5110 1
9 3171 1
9 5863 1
9 6760 1
9 8043 1
9 18540 1
9 15981 2
9 18288 1
9 22248 1
9 1526 1
9 11385 1
9 18683 1
9 11645 4
9 18686 1
10 3584 1
10 13316 2
10 6790 1
10 16524 1
10 22418 1
10 928 1
10 15660 1
10 22588 1
10 22589 1
10 15688 1
10 11850 1
10 6989 1
10 1362 1
10 6362 1
10 7644 1
10 18911 1
10 19555 1
10 11748 1
10 7014 1
10 9836 1
10 21619 1
10 1525 1
10 1526 1
10 11384 1
10 15994 1
10 18686 1
11 14592 1
11 13316 3
11 11909 1
11 9606 1
11 10889 1
11 395 1
11 9614 1
11 19088 1
11 13460 1
11 13080 1
11 4868 1
11 11141 1
11 4000 1
11 15266 2
11 2854 1
11 4776 2
11 21161 1
11 15660 1
11 2098 1
11 2738 2
11 18185 1
11 3339 1
11 12354 1
11 8387 2
11 9924 1
11 4941 1
11 6734 1
11 13389 1
11 9388 1
11 9684 1
11 1934 1
11 2653 1
11 6367 1
11 7396 1
11 12280 1
12 9730 1
12 13316 3
12 11948 1
12 9867 1
12 16017 1
12 917 1
12 10262 1
12 22423 1
12 15266 1
12 4900 1
12 2981 1
12 13736 1
12 13737 1
12 15660 1
12 7471 1
12 2911 1
12 20028 1
12 9791 1
12 8771 1
12 588 1
12 15820 1
12 17872 1
12 15953 1
12 12888 1
12 20569 1
12 20571 1
12 21980 1
12 9438 1
12 18911 1
12 7776 1
12 9702 1
12 4839 1
12 6760 1
12 14448 1
12 19058 1
12 12927 1
12 1525 1
12 1526 1
12 10360 1
12 11771 1
12 2173 1
12 11647 1
13 7938 1
13 22188 1
13 13316 3
13 13078 1
13 9606 2
13 9863 1
13 20625 1
13 10889 1
13 12558 1
13 16913 1
13 6254 1
13 22422 1
13 22426 1
13 8988 1
13 12446 1
13 6822 1
13 9895 2
13 20649 1
13 15660 1
13 3629 1
13 7471 2
13 18736 1
13 9777 1
13 20914 1
13 7219 1
13 4638 1
13 6985 1
13 15160 1
13 17337 1
13 8636 1
13 5949 1
13 12209 1
13 4037 1
13 10054 1
13 6983 1
13 16968 1
13 15817 1
13 9034 1
13 5325 1
13 20686 1
13 15697 1
13 4818 2
13 855 1
13 13912 1
13 21604 1
13 13914 1
13 22368 1
13 22369 1
13 9443 1
13 5860 1
13 3173 1
13 13159 1
13 19900 1
13 18030 1
13 15855 2
13 14448 1
13 1141 1
13 18678 1
13 3703 1
13 8186 1
13 13819 1
13 18046 1
14 6146 1
14 13316 1
14 9863 1
14 20625 1
14 13833 1
14 2442 2
14 2443 1
14 19340 1
14 10510 1
14 5554 1
14 10264 1
14 18962 1
14 16787 1
14 5742 1
14 13079 1
14 11672 1
14 11161 2
14 1050 1
14 2351 1
14 4509 1
14 6686 1
14 15903 1
14 18736 1
14 16547 1
14 4772 1
14 13736 1
14 13737 1
14 20010 3
14 1068 1
14 11309 1
14 7471 6
14 15664 1
14 20018 2
14 20019 1
14 19401 1
14 15160 1
14 14649 1
14 11948 1
14 15548 1
14 4541 1
14 1141 3
14 9867 1
14 4038 1
14 13452 1
14 20281 1
14 3711 1
14 13516 5
14 4941 2
14 205 1
14 592 1
14 4899 1
14 19741 1
14 6741 1
14 4823 1
14 856 1
14 17881 1
14 14426 1
14 20571 1
14 21084 1
14 12510 1
14 21604 1
14 7780 1
14 6989 1
14 16913 1
14 13159 1
14 2834 1
14 18030 1
14 15216 1
14 2899 1
14 1525 1
14 2348 3
14 22551 1
14 11385 2
14 5498 1
14 9791 1
14 5963 1
14 14493 1
15 9729 1
15 18818 1
15 11909 1
15 9223 1
15 2442 2
15 3339 1
15 4364 1
15 15119 1
15 21392 1
15 11161 1
15 17818 1
15 22557 1
15 20254 1
15 16543 1
15 16544 1
15 14565 1
15 20468 1
15 19238 1
15 4831 1
15 3113 3
15 20010 1
15 8236 2
15 9901 1
15 2993 1
15 15666 1
15 18483 1
15 5022 1
15 6711 1
15 8180 1
15 14751 1
15 8636 1
15 20234 1
15 16190 2
15 13884 1
15 20384 1
15 11714 1
15 2443 3
15 9287 1
15 9686 2
15 13452 1
15 20427 1
15 204 2
15 13389 1
15 5200 1
15 12625 1
15 10837 1
15 12502 1
15 12888 2
15 10329 1
15 5391 1
15 22366 2
15 15845 1
15 16224 1
15 14689 2
15 19938 1
15 5860 1
15 21605 1
15 8041 1
15 7219 1
15 6511 1
15 15216 1
15 1140 1
15 11381 1
15 11511 2
15 592 1
15 11385 1
15 15615 1
15 6741 1
16 9729 1
16 7938 1
16 4868 1
16 2309 1
16 10625 1
16 10120 1
16 11913 1
16 4823 1
16 13452 1
16 7313 1
16 22418 1
16 22163 2
16 22423 1
16 21660 1
16 13981 1
16 5150 1
16 15648 1
16 19238 1
16 10407 1
16 10024 1
16 9884 2
16 20010 1
16 11180 1
16 10545 1
16 1076 1
16 10552 1
16 14265 1
16 3130 1
16 3260 1
16 22464 4
16 13249 1
16 19016 1
16 9034 2
16 20427 1
16 4941 1
16 6989 1
16 4944 1
16 10837 1
16 16854 1
16 9687 1
16 12888 1
16 21984 1
16 14689 1
16 4452 1
16 360 1
16 21161 1
16 7018 1
16 12779 2
16 18287 1
16 21617 1
16 4084 1
16 11511 1
16 11385 1
16 10408 1
16 7548 1
16 10365 1
16 18302 1
17 11008 1
17 13953 1
17 2179 1
17 1924 2
17 12805 1
17 7303 2
17 15903 8
17 15532 1
17 20234 1
17 8043 2
17 18114 1
17 20752 1
17 7313 1
17 21806 1
17 2351 1
17 15128 1
17 13316 3
17 13978 1
17 21147 1
17 11292 3
17 14493 1
17 12779 1
17 19952 1
17 4635 1
17 10407 1
17 10408 1
17 21957 1
17 10410 1
17 683 1
17 4012 1
17 16430 1
17 7471 2
17 18736 1
17 434 1
17 6142 1
17 6760 1
17 16094 1
17 14646 1
17 14265 1
17 3386 1
17 10555 3
17 3914 1
17 16190 1
17 22464 1
17 16193 1
17 12354 1
17 13891 1
17 13174 1
17 12734 3
17 3528 1
17 6860 1
17 11850 1
17 6732 1
17 6989 1
17 5840 1
17 4945 1
17 9047 2
17 467 1
17 17621 1
17 9686 2
17 4823 1
17 17881 1
17 22491 1
17 9887 1
17 8186 1
17 7952 1
17 22369 1
17 7867 1
17 8144 1
17 7400 1
17 9895 1
17 11760 1
17 13937 1
17 372 1
17 11381 1
17 3702 1
17 2442 1
17 11898 1
17 1147 1
17 14649 1
17 13950 2
17 18197 1
18 7937 1
18 4868 4
18 1669 1
18 15366 1
18 1671 1
18 14473 1
18 13453 1
18 22418 1
18 19093 1
18 13316 1
18 18460 6
18 19741 1
18 5920 1
18 18596 1
18 21852 1
18 13255 1
18 13356 1
18 21853 1
18 1076 1
18 20662 1
18 698 1
18 6719 1
18 11974 1
18 2375 1
18 11850 1
18 20427 1
18 13388 1
18 21838 1
18 11684 1
18 7258 1
18 11612 1
18 16093 1
18 11396 1
18 2918 1
18 7399 1
18 2159 1
18 2673 1
18 18046 2
18 10102 1
18 1147 1
18 6142 1
19 12288 1
19 7463 1
19 13316 3
19 6406 1
19 17671 1
19 5000 1
19 15404 1
19 20695 1
19 11521 1
19 14478 1
19 22032 2
19 17681 1
19 2706 1
19 9411 1
19 16020 1
19 14592 1
19 19332 1
19 879 1
19 10012 1
19 22557 1
19 18352 1
19 16544 1
19 1313 1
19 9506 1
19 14141 1
19 2085 1
19 20519 1
19 1576 1
19 5929 1
19 22442 2
19 12487 1
19 8236 1
19 21618 1
19 7471 2
19 15280 1
19 5425 1
19 20914 1
19 12341 2
19 10410 1
19 5433 1
19 13242 1
19 12746 2
19 8641 1
19 20299 1
19 11719 1
19 8647 1
19 5576 1
19 9034 2
19 587 2
19 205 2
19 12878 1
19 20177 1
19 14546 1
19 2899 1
19 5070 1
19 13710 1
19 4601 1
19 22232 1
19 19172 1
19 9050 1
19 19676 1
19 3258 1
19 11008 1
19 8796 1
19 22369 1
19 2407 1
19 740 1
19 2661 1
19 16017 1
19 22121 1
19 2666 1
19 11815 1
19 15214 1
19 4669 1
19 21617 1
19 10610 1
19 19347 1
19 8425 1
19 10900 1
19 11388 1
19 13821 1
19 8381 1
20 15616 1
20 14592 1
20 8579 1
20 13316 3
20 13398 1
20 15878 1
20 15751 1
20 19208 1
20 13612 1
20 906 1
20 18443 1
20 7183 1
20 13459 2
20 405 1
20 22551 1
20 21617 1
20 7451 1
20 15772 1
20 18975 2
20 7458 1
20 1947 1
20 20260 1
20 5158 1
20 20519 1
20 1576 2
20 17706 1
20 4267 1
20 22188 1
20 8238 1
20 12360 1
20 3765 1
20 19273 1
20 10828 1
20 12354 2
20 20427 1
20 12100 1
20 22088 1
20 13516 2
20 12471 1
20 17996 1
20 15266 1
20 12878 2
20 14925 1
20 9955 1
20 14677 1
20 6486 1
20 8919 1
20 18267 1
20 4831 1
20 14689 1
20 19938 1
20 21603 1
20 6372 1
20 8387 1
20 15079 1
20 2025 1
20 4647 1
20 20076 1
20 21613 1
20 2416 1
20 10408 1
20 3058 1
20 10867 1
20 757 1
20 377 1
20 7546 1
20 460 1
20 18046 1
20 20547 1
21 11008 1
21 12673 1
21 14595 1
21 13316 5
21 13445 1
21 1671 1
21 8585 1
21 7307 1
21 18574 1
21 20010 1
21 2066 1
21 14484 1
21 14102 1
21 22295 1
21 8988 1
21 16416 1
21 16417 1
21 10972 1
21 6949 1
21 18086 2
21 20519 1
21 15273 1
21 8362 1
21 1068 1
21 7729 1
21 15666 1
21 18872 1
21 5306 1
21 3006 2
21 15298 1
21 20547 1
21 20554 1
21 203 1
21 588 1
21 467 1
21 13398 1
21 8153 1
21 7644 1
21 22188 3
21 1765 1
21 7655 1
21 21613 1
21 512 1
21 15216 1
21 13170 1
21 4723 2
21 16373 1
21 7670 1
21 4601 1
21 12505 1
21 4092 1
21 22442 1
22 11008 1
22 16131 1
22 13316 6
22 1029 1
22 9606 1
22 20232 1
22 15548 1
22 15504 1
22 9617 1
22 16276 1
22 19094 1
22 8727 1
22 22426 1
22 11164 1
22 15262 1
22 2309 1
22 545 1
22 10452 1
22 18218 1
22 683 2
22 13490 1
22 3400 1
22 15666 1
22 13747 1
22 7476 1
22 19348 1
22 15160 1
22 6458 1
22 12091 1
22 8636 2
22 19133 1
22 11710 1
22 10549 1
22 21696 1
22 2243 1
22 19397 1
22 17441 1
22 15432 1
22 12746 1
22 11471 1
22 1744 1
22 15441 1
22 9044 1
22 13398 3
22 857 1
22 4836 1
22 2407 1
22 360 1
22 5867 1
22 5863 1
22 14448 1
22 22385 1
22 17395 1
22 6804 1
22 17531 1
22 1148 1
22 11946 1
22 16383 1
23 11008 1
23 22464 1
23 15491 1
23 13316 5
23 8837 1
23 1030 1
23 1032 1
23 5207 2
23 4364 1
23 22032 1
23 7313 1
23 19348 1
23 14486 1
23 22340 1
23 17818 1
23 22303 1
23 17968 1
23 1798 1
23 7153 1
23 13611 1
23 15404 1
23 2606 1
23 2608 1
23 12341 1
23 22198 1
23 22455 1
23 21305 1
23 10975 1
23 7869 1
23 14016 1
23 21873 1
23 12354 1
23 907 1
23 19396 1
23 4486 2
23 7180 2
23 13516 2
23 13389 1
23 591 1
23 10452 1
23 22229 1
23 13398 1
23 6713 1
23 18393 1
23 2394 1
23 20133 1
23 13937 1
23 14306 1
23 5863 1
23 9839 1
23 7638 1
23 10867 1
23 6773 1
23 12663 1
23 8184 1
23 13562 1
23 2811 1
24 13316 1
24 18829 1
24 8079 1
24 2962 1
24 9491 1
24 22167 1
24 7087 1
24 11807 1
24 2982 1
24 13681 2
24 10927 2
24 11312 1
24 13493 1
24 7903 1
24 15292 1
24 1216 1
24 11714 1
24 13514 1
24 588 1
24 9047 1
24 602 1
24 18267 1
24 8158 2
24 20447 1
24 8684 1
24 879 1
24 5488 1
24 13937 1
24 885 1
24 8566 1
24 1147 1
25 11392 1
25 11521 1
25 8746 1
25 4868 1
25 1669 1
25 11969 1
25 22024 1
25 4364 1
25 8079 1
25 11672 2
25 9491 2
25 6423 1
25 14488 1
25 22426 1
25 20384 2
25 20519 2
25 5928 1
25 22442 3
25 7471 2
25 432 1
25 8641 1
25 1076 1
25 20663 1
25 8636 2
25 21823 1
25 22209 2
25 19140 1
25 13253 1
25 6728 1
25 3914 1
25 13388 2
25 14592 1
25 9167 1
25 14677 1
25 7767 1
25 11471 1
25 8797 1
25 7903 6
25 2912 1
25 12390 1
25 9831 1
25 4969 1
25 3943 1
25 4589 1
25 1140 1
25 8568 1
25 1147 1
25 11388 1
25 12202 1
25 11390 1
