1 12288 1
1 19479 1
1 12825 1
1 22557 1
1 1067 1
1 3643 1
1 12360 1
1 13389 1
1 2639 1
1 13398 1
1 9305 1
1 7777 1
1 7778 1
1 1639 1
1 6760 1
1 18108 1
1 13425 1
1 16502 1
1 10360 2
1 12929 1
1 22551 1
1 6801 2
1 9887 1
1 13937 1
1 11945 1
1 12459 1
1 20168 2
1 19124 1
1 22198 1
1 15033 1
1 8892 1
1 19133 1
1 2243 3
1 20167 1
1 18632 1
1 17016 1
1 10453 1
1 4310 1
1 9945 1
1 11999 1
1 10464 1
1 13026 1
1 742 1
1 1266 1
1 13255 1
1 7418 1
1 4868 1
1 1798 1
1 19208 1
1 17163 1
1 4364 1
1 21276 1
1 20265 1
1 18218 1
1 20269 1
1 15666 2
1 10552 1
1 3907 1
1 18759 1
1 3915 2
1 14306 2
1 14677 2
1 15206 1
1 11632 1
1 7571 1
1 897 1
1 7044 1
1 12680 1
1 910 1
1 7567 1
1 835 1
1 3991 1
1 20376 1
1 13723 1
1 13725 1
1 20384 1
1 18853 1
1 3314 1
1 413 1
1 8636 1
1 8638 1
1 16831 1
1 12704 1
1 967 1
1 9167 2
1 7635 1
1 10712 1
1 17890 1
1 19939 1
1 8685 1
1 11760 1
1 12799 1
2 10667 1
2 17154 1
2 13841 2
2 13843 1
2 21 2
2 17945 1
2 22557 1
2 549 1
2 13357 1
2 9777 1
2 7237 1
2 13389 1
2 13398 1
2 8287 1
2 20064 1
2 7782 1
2 109 2
2 11887 2
2 13937 2
2 6770 1
2 1141 2
2 631 1
2 13440 2
2 7303 1
2 8921 1
2 1167 1
2 15514 1
2 12446 1
2 18592 1
2 9945 1
2 12459 3
2 20652 1
2 12464 1
2 15537 1
2 14514 1
2 5301 1
2 6331 2
2 21696 1
2 2243 1
2 20168 1
2 9424 1
2 15057 1
2 12505 1
2 4826 1
2 13532 1
2 12510 1
2 21727 1
2 21733 1
2 10985 1
2 22252 1
2 19182 1
2 19186 1
2 1269 1
2 16120 1
2 16121 1
2 15610 2
2 15614 1
2 6402 2
2 4868 3
2 15621 2
2 13078 1
2 8983 1
2 7451 1
2 4384 1
2 1829 1
2 12680 2
2 18239 1
2 15170 1
2 6982 1
2 17225 1
2 21323 1
2 15185 1
2 14677 1
2 12120 1
2 7823 2
2 2918 1
2 360 1
2 20329 1
2 13683 1
2 897 1
2 11144 1
2 395 1
2 910 1
2 912 1
2 3992 1
2 16282 1
2 13730 2
2 11684 1
2 22442 1
2 8107 1
2 2990 1
2 17840 2
2 19900 1
2 22464 1
2 7110 2
2 5577 1
2 7634 1
2 14807 1
2 10225 1
2 12280 1
2 10922 1
3 1280 1
3 21508 1
3 15903 1
3 17595 1
3 11787 2
3 7180 1
3 21517 1
3 4433 1
3 4781 1
3 17424 1
3 1454 1
3 19478 1
3 17943 1
3 19204 1
3 22557 1
3 11807 1
3 12891 1
3 6694 1
3 6695 1
3 22571 1
3 8236 1
3 13357 1
3 16430 1
3 7216 1
3 7219 1
3 1076 2
3 12341 1
3 7222 1
3 569 1
3 20028 1
3 9791 1
3 7747 1
3 2747 1
3 18503 1
3 15432 1
3 11851 1
3 13388 2
3 13389 1
3 15439 1
3 592 1
3 13393 1
3 21586 4
3 15444 1
3 22613 1
3 13398 1
3 5207 1
3 13412 1
3 13914 1
3 1627 1
3 8797 2
3 19553 1
3 19555 1
3 16814 2
3 12390 1
3 614 1
3 18023 1
3 6760 4
3 8636 2
3 12907 1
3 12909 1
3 14448 2
3 13937 1
3 1138 1
3 18547 1
3 12916 1
3 21097 1
3 13435 1
3 5246 1
3 22464 1
3 12422 1
3 9351 1
3 4744 1
3 20619 1
3 21613 1
3 17041 1
3 1170 1
3 17872 2
3 6809 1
3 15514 1
3 3227 1
3 13980 1
3 15522 1
3 10915 1
3 17060 1
3 10920 2
3 22188 1
3 14509 2
3 3758 1
3 16049 1
3 19595 1
3 12471 1
3 11963 1
3 8892 1
3 19133 3
3 22209 1
3 8771 1
3 2244 1
3 20167 1
3 3788 1
3 6758 1
3 15567 1
3 9424 1
3 22225 1
3 10452 1
3 4310 1
3 12503 1
3 22232 1
3 9945 1
3 7952 1
3 2273 1
3 18011 1
3 740 1
3 7397 1
3 742 1
3 7911 1
3 3058 1
3 5867 1
3 9170 3
3 3588 1
3 3314 1
3 5876 1
3 1269 1
3 15096 1
3 15609 1
3 18686 1
3 1791 1
3 15616 1
3 3332 3
3 15621 1
3 20780 1
3 20234 1
3 20237 1
3 15632 1
3 9124 1
3 17170 1
3 17684 1
3 12565 1
3 1753 1
3 17688 1
3 8479 1
3 4385 1
3 11555 1
3 646 1
3 7463 1
3 5596 1
3 7303 1
3 2348 2
3 18222 2
3 7471 2
3 15666 4
3 10035 1
3 5210 1
3 8502 2
3 21305 1
3 15675 1
3 20285 1
3 8511 1
3 18240 1
3 15170 1
3 13451 1
3 5942 1
3 8518 1
3 8417 1
3 20123 1
3 15177 1
3 3914 1
3 20299 1
3 20300 1
3 10574 1
3 9041 1
3 9044 1
3 4438 1
3 9047 3
3 14680 1
3 7396 1
3 2394 1
3 21733 1
3 22368 1
3 7483 1
3 15441 1
3 5994 1
3 7655 1
3 9069 3
3 6000 1
3 12659 1
3 1918 1
3 9621 1
3 897 1
3 12162 2
3 14725 1
3 14320 1
3 15754 1
3 10636 1
3 12013 1
3 4497 1
3 15763 2
3 3989 1
3 3991 1
3 3992 1
3 1434 1
3 13287 1
3 11248 1
3 15266 1
3 2467 1
3 20900 1
3 10857 1
3 15516 1
3 22442 1
3 5547 1
3 16813 1
3 2990 1
3 11672 1
3 17840 1
3 12360 1
3 4532 1
3 1844 1
3 22457 1
3 526 1
3 11708 3
3 17141 1
3 15808 1
3 11714 1
3 13763 1
3 21957 1
3 16838 1
3 14753 1
3 3528 1
3 17996 1
3 12746 1
3 9167 2
3 16848 1
3 13560 1
3 11218 1
3 7635 1
3 9172 1
3 15206 1
3 4601 1
3 17881 2
3 16195 1
3 20014 1
3 10204 1
3 10205 2
3 10206 1
3 19424 1
3 11856 1
3 12773 1
3 12625 1
3 2025 1
3 11760 1
3 13992 1
3 20466 1
3 917 2
3 10495 1
3 6652 1
4 8449 1
4 14082 1
4 2947 1
4 3588 3
4 2309 1
4 17671 1
4 15754 4
4 11787 1
4 3468 1
4 17218 1
4 1167 1
4 1168 1
4 4497 1
4 15763 1
4 16814 1
4 16775 1
4 17241 1
4 1048 1
4 4868 1
4 17818 1
4 9244 1
4 16372 1
4 1054 1
4 8683 1
4 20384 1
4 17840 1
4 5252 1
4 19619 2
4 4773 1
4 4774 1
4 17195 1
4 20010 1
4 7687 1
4 20012 3
4 20014 1
4 2351 1
4 2224 1
4 16177 1
4 19124 1
4 21305 2
4 570 1
4 8401 1
4 19133 2
4 22464 1
4 11714 1
4 19595 1
4 15751 1
4 140 1
4 15820 1
4 4558 1
4 12625 2
4 21586 1
4 4601 1
4 12007 1
4 22232 1
4 89 1
4 17790 1
4 12163 1
4 16223 1
4 6752 1
4 22369 5
4 99 1
4 7140 1
4 21733 2
4 13287 1
4 7313 1
4 7529 1
4 7402 2
4 6507 1
4 9069 1
4 14574 1
4 573 1
4 15217 1
4 114 1
4 14324 1
4 22133 1
4 18166 1
4 15273 1
4 2552 1
4 14969 1
4 16260 2
4 7594 1
4 1918 1
5 16903 1
5 1544 1
5 13331 1
5 10263 1
5 4868 1
5 9755 2
5 4638 1
5 18975 1
5 20519 2
5 3627 1
5 11821 1
5 1076 1
5 12352 1
5 20236 1
5 11850 2
5 2635 1
5 588 1
5 9302 1
5 18528 1
5 7777 1
5 7780 1
5 12390 2
5 9832 1
5 11708 1
5 17016 1
5 13444 1
5 14469 1
5 13969 1
5 659 1
5 19607 1
5 14493 1
5 20642 1
5 7575 1
5 10408 1
5 17067 1
5 19124 1
5 16054 1
5 4795 1
5 8892 1
5 19133 2
5 18633 1
5 4815 1
5 9425 1
5 10963 1
5 10973 1
5 10975 1
5 19172 1
5 15590 1
5 1256 1
5 10495 1
5 1280 1
5 14595 1
5 19204 1
5 4364 1
5 18195 1
5 12081 1
5 8502 1
5 21305 2
5 3907 1
5 12625 1
5 855 1
5 15192 1
5 15193 1
5 18267 2
5 16224 1
5 5988 1
5 18793 1
5 6000 1
5 13682 1
5 377 1
5 16775 1
5 15754 1
5 395 1
5 8079 1
5 3991 1
5 20384 2
5 14753 1
5 7055 1
5 15273 1
5 22442 1
5 15275 1
5 9645 1
5 5551 1
5 4540 1
5 9167 1
5 5089 1
5 15855 1
5 11760 1
5 5623 1
5 6652 1
6 12288 1
6 19460 1
6 9733 1
6 16390 1
6 11275 1
6 19478 1
6 22557 2
6 6695 1
6 555 1
6 12852 1
6 12342 1
6 16952 1
6 3647 2
6 11850 2
6 21586 1
6 18528 1
6 21601 1
6 15971 1
6 21097 1
6 19133 2
6 6770 1
6 10867 1
6 8553 1
6 14649 1
6 13950 1
6 5760 1
6 19588 1
6 4741 1
6 4235 1
6 3217 2
6 18068 1
6 17046 1
6 18071 1
6 11887 1
6 16049 1
6 15033 1
6 3258 1
6 22205 1
6 14016 1
6 5829 1
6 13514 1
6 11471 1
6 5332 1
6 20695 1
6 5337 1
6 719 1
6 6380 1
6 19183 1
6 19938 1
6 4364 2
6 13445 1
6 18208 1
6 9514 1
6 15751 1
6 18222 1
6 11569 1
6 19257 1
6 3900 1
6 8012 1
6 21305 2
6 568 1
6 9047 2
6 18267 2
6 22369 1
6 7014 1
6 13161 1
6 13162 1
6 9069 2
6 9600 1
6 897 1
6 20284 1
6 17290 1
6 20882 1
6 9645 1
6 18352 1
6 9145 1
6 11714 1
6 4550 1
6 3529 1
6 5590 1
6 5591 1
6 4569 1
6 1506 1
6 12625 1
6 4602 1
6 507 1
6 508 1
7 12288 2
7 13316 1
7 16902 1
7 17665 1
7 12296 1
7 11273 2
7 10327 1
7 5133 1
7 19373 2
7 7877 1
7 10774 1
7 22551 1
7 22041 1
7 22557 1
7 8228 1
7 20519 1
7 5675 1
7 3629 3
7 6702 1
7 8753 1
7 1590 1
7 4276 1
7 19002 1
7 3643 1
7 1086 1
7 20547 1
7 7241 2
7 8779 1
7 10831 1
7 14928 1
7 13398 3
7 17849 1
7 7769 1
7 15887 1
7 15971 1
7 15979 1
7 5232 1
7 13937 1
7 1141 1
7 10360 1
7 13435 1
7 19582 1
7 5248 1
7 12930 1
7 4746 1
7 14475 3
7 11714 1
7 1167 2
7 6290 1
7 14995 1
7 4255 1
7 14497 2
7 20642 1
7 19619 2
7 5489 1
7 14509 1
7 3758 1
7 9245 1
7 13488 1
7 19124 1
7 20151 2
7 20155 1
7 21692 1
7 19133 3
7 21696 1
7 12481 1
7 17602 1
7 9924 1
7 17605 1
7 20343 1
7 10963 1
7 20794 1
7 10975 3
7 12512 1
7 1763 1
7 6372 1
7 4326 2
7 22252 1
7 16114 1
7 14583 1
7 14584 2
7 3060 1
7 18175 1
7 15616 1
7 7937 1
7 15618 1
7 3844 1
7 3339 1
7 13069 1
7 20239 2
7 1305 1
7 8666 1
7 805 1
7 18215 1
7 16682 1
7 5932 1
7 18736 1
7 7477 1
7 21305 2
7 11066 1
7 15754 1
7 1163 1
7 20303 1
7 4432 1
7 12625 1
7 8532 1
7 14677 2
7 740 1
7 5775 1
7 860 1
7 3130 1
7 22368 1
7 2915 1
7 17163 1
7 13161 2
7 5994 1
7 9069 3
7 21361 1
7 17271 1
7 21884 1
7 16301 1
7 13182 1
7 1408 1
7 18818 1
7 16775 1
7 906 1
7 20882 2
7 405 1
7 3992 1
7 16804 1
7 8107 1
7 9644 1
7 9645 1
7 16302 1
7 5551 1
7 18352 2
7 1457 1
7 5554 1
7 2483 1
7 14324 2
7 11708 1
7 11710 1
7 18882 2
7 13252 1
7 673 1
7 4599 2
7 5069 3
7 14800 1
7 8145 1
7 13451 1
7 4053 2
7 14807 1
7 11737 1
7 4570 1
7 14081 1
7 6622 1
7 15841 1
7 4073 1
7 14833 1
7 17395 1
7 3572 1
7 503 1
7 4602 1
7 11771 1
7 6652 1
7 20477 1
8 1280 1
8 13316 2
8 11273 1
8 12810 1
8 9227 1
8 22028 1
8 4433 1
8 6672 1
8 13841 1
8 4115 1
8 1044 1
8 13846 1
8 13847 1
8 10264 1
8 19460 1
8 17435 1
8 1564 1
8 4263 2
8 4945 1
8 15903 1
8 16416 2
8 2596 3
8 7635 2
8 555 1
8 15404 1
8 3629 2
8 6702 2
8 2096 1
8 9777 2
8 3636 1
8 12341 1
8 3127 1
8 19516 1
8 6651 1
8 20239 1
8 22368 1
8 578 1
8 20547 1
8 13388 2
8 21586 1
8 13398 2
8 10327 1
8 18521 1
8 15119 1
8 13404 1
8 605 1
8 12816 1
8 13412 1
8 9831 1
8 9832 1
8 21692 1
8 7786 1
8 21613 1
8 18030 1
8 13937 2
8 14969 1
8 4799 1
8 19050 1
8 13440 1
8 4737 1
8 13445 1
8 6791 1
8 13960 1
8 18569 2
8 1163 1
8 5264 1
8 10900 1
8 7829 1
8 6809 1
8 12446 1
8 679 1
8 680 1
8 18460 1
8 683 1
8 22188 2
8 14509 1
8 19124 1
8 16414 1
8 4792 1
8 6331 1
8 3260 1
8 7870 4
8 6847 2
8 22209 1
8 2243 1
8 20168 2
8 14539 1
8 13516 3
8 11471 2
8 14033 2
8 6355 1
8 7380 1
8 10453 1
8 12503 1
8 7321 1
8 19675 1
8 1757 1
8 10975 2
8 10976 1
8 7396 2
8 4326 1
8 7633 1
8 18154 1
8 5927 1
8 14717 1
8 19411 1
8 22262 1
8 15096 1
8 15610 1
8 17660 2
8 22271 1
8 14592 1
8 15617 1
8 15618 1
8 4868 1
8 13357 1
8 7952 1
8 15127 2
8 5935 1
8 797 1
8 20255 2
8 7457 1
8 8892 1
8 805 1
8 7463 1
8 4647 1
8 1834 1
8 1839 1
8 15666 1
8 8502 1
8 1337 1
8 7485 1
8 19774 1
8 831 2
8 7392 1
8 3913 2
8 17228 1
8 21305 1
8 4432 1
8 12625 1
8 11604 2
8 14677 3
8 12089 1
8 11008 2
8 10591 1
8 16224 1
8 7011 1
8 15206 1
8 15208 1
8 8764 1
8 364 3
8 9069 5
8 6000 1
8 20343 1
8 5268 1
8 16252 1
8 21994 1
8 19326 1
8 383 1
8 17899 1
8 4087 1
8 4486 1
8 15754 3
8 4492 1
8 22414 1
8 8685 1
8 8636 1
8 3991 1
8 7582 1
8 20384 4
8 15266 3
8 15273 3
8 21632 1
8 8107 1
8 19886 1
8 18865 1
8 16825 1
8 9146 1
8 18876 2
8 16373 1
8 22464 1
8 3220 1
8 12279 1
8 16333 1
8 16846 1
8 8145 1
8 13778 1
8 16851 1
8 7637 1
8 7638 1
8 5456 1
8 19938 1
8 11771 1
8 4583 1
8 15850 1
8 8683 1
8 22508 1
8 11858 1
8 16882 1
8 15548 1
8 9205 1
8 5801 1
8 15865 1
8 11007 1
8 20477 1
9 8193 1
9 17067 1
9 10244 1
9 22232 1
9 14359 1
9 19460 1
9 22557 1
9 16414 7
9 16417 4
9 4130 1
9 4132 2
9 20519 1
9 22571 1
9 10286 1
9 10303 1
9 12354 1
9 8268 1
9 10317 1
9 20560 1
9 10323 1
9 14422 1
9 18529 1
9 10340 1
9 18540 1
9 14448 3
9 4218 1
9 19900 1
9 14469 1
9 14473 1
9 12426 1
9 14475 9
9 4238 1
9 8342 1
9 10392 1
9 14489 2
9 14498 1
9 14501 1
9 4263 1
9 18600 1
9 14505 1
9 20651 1
9 14509 2
9 14024 1
9 16075 1
9 10439 2
9 14537 1
9 4303 1
9 16592 1
9 20689 1
9 10452 2
9 10453 1
9 12503 1
9 8412 1
9 18128 2
9 8421 2
9 4326 4
9 7889 1
9 4329 1
9 10493 1
9 14592 2
9 8449 2
9 14595 1
9 14721 1
9 14600 1
9 4364 1
9 2873 1
9 2320 1
9 2321 3
9 2322 3
9 18819 1
9 16661 2
9 16662 1
9 16663 1
9 10532 1
9 12585 1
9 1757 2
9 4404 1
9 14649 1
9 4831 1
9 6489 1
9 8512 1
9 14657 1
9 8514 1
9 8518 1
9 17463 2
9 4432 3
9 12625 3
9 18772 1
9 14677 3
9 4441 1
9 12634 1
9 6511 1
9 6514 2
9 12663 1
9 14716 1
9 14717 1
9 12670 2
9 12673 2
9 18818 2
9 14723 1
9 16775 4
9 4492 1
9 20882 1
9 16787 1
9 12694 2
9 12695 1
9 6554 2
9 6563 1
9 6565 1
9 4521 1
9 5197 1
9 437 1
9 10679 1
9 8636 1
9 20927 1
9 16833 1
9 16834 1
9 16835 1
9 8647 1
9 462 1
9 13389 1
9 14800 1
9 4570 3
9 5882 1
9 6622 1
9 4579 6
9 4583 1
9 12778 2
9 8685 2
9 500 2
9 502 2
9 4601 1
9 16890 1
9 6651 1
9 6652 1
9 12799 1
9 6685 1
9 18975 1
9 2594 1
9 551 1
9 6702 1
9 12852 3
9 8764 1
9 573 1
9 16968 1
9 588 1
9 12878 1
9 591 1
9 602 4
9 8797 1
9 16998 1
9 18876 7
9 620 1
9 625 1
9 14969 1
9 648 2
9 10897 3
9 10900 4
9 6809 1
9 673 1
9 17066 1
9 683 1
9 17070 1
9 8989 1
9 17176 1
9 19133 14
9 6848 1
9 800 1
9 8679 1
9 719 2
9 721 1
9 10972 1
9 10975 3
9 10976 2
9 740 1
9 21234 1
9 757 1
9 15097 1
9 763 1
9 11008 4
9 4866 1
9 4868 2
9 19214 1
9 15119 1
9 2835 1
9 4884 1
9 20270 1
9 15128 1
9 8988 2
9 797 2
9 4894 1
9 17184 2
9 801 1
9 11042 1
9 19238 1
9 11059 3
9 21305 10
9 11070 1
9 7648 1
9 19595 1
9 17225 3
9 21330 1
9 10723 1
9 9047 4
9 858 2
9 15205 1
9 15206 1
9 7313 1
9 15208 1
9 10727 1
9 9069 7
9 15214 1
9 15215 1
9 15216 4
9 13174 1
9 13182 1
9 11151 1
9 19347 1
9 917 1
9 925 1
9 13216 1
9 21409 1
9 15266 4
9 9124 1
9 13223 1
9 15273 4
9 7083 1
9 19373 2
9 11187 1
9 9148 1
9 13255 1
9 17356 1
9 5069 7
9 9167 1
9 19408 1
9 9169 2
9 15324 1
9 4603 1
9 33 1
9 13293 1
9 3064 1
9 19456 1
9 13316 3
9 11273 3
9 855 1
9 17424 6
9 15386 1
9 17435 7
9 17438 1
9 18175 1
9 7211 1
9 1074 1
9 21557 1
9 3127 3
9 21563 2
9 19519 1
9 22368 2
9 13835 2
9 15432 2
9 7241 1
9 15434 1
9 1099 1
9 13388 1
9 9293 1
9 15438 1
9 9297 1
9 21586 7
9 13398 4
9 9305 1
9 19553 2
9 13412 1
9 3176 1
9 9329 1
9 19571 1
9 19580 1
9 5248 1
9 3203 1
9 13445 1
9 7303 1
9 13451 1
9 19598 2
9 3217 1
9 13465 1
9 22339 1
9 11429 1
9 11434 2
9 4295 1
9 15534 1
9 3252 1
9 1206 1
9 13515 1
9 17608 2
9 20343 3
9 11471 1
9 11477 1
9 11482 1
9 13532 1
9 7394 1
9 5347 1
9 8401 1
9 4647 1
9 5356 1
9 19694 3
9 9458 1
9 1280 1
9 3332 1
9 19718 2
9 17671 1
9 7432 1
9 20695 1
9 3340 1
9 21782 3
9 7451 1
9 19740 1
9 7455 1
9 7457 1
9 21803 1
9 7471 2
9 7477 1
9 5433 1
9 7485 2
9 19775 1
9 3393 1
9 1351 1
9 7502 1
9 3408 1
9 21841 2
9 5462 2
9 7055 1
9 1375 1
9 19810 1
9 13673 1
9 7537 1
9 19833 1
9 13887 1
9 17791 1
9 1413 1
9 7560 1
9 7568 1
9 11672 1
9 15770 1
9 1445 1
9 5543 1
9 15784 1
9 9644 1
9 19886 1
9 17839 1
9 7600 2
9 11703 1
9 11708 2
9 11714 2
9 1483 1
9 5580 1
9 11726 1
9 13778 3
9 7635 4
9 9684 2
9 7637 1
9 7638 1
9 19364 1
9 15840 1
9 13793 1
9 19938 1
9 13800 1
9 21994 1
9 20168 1
9 7663 2
9 11760 3
9 9729 1
9 5635 1
9 22024 2
9 13834 1
9 11787 2
9 7693 1
9 22032 6
9 13841 1
9 10499 1
9 1564 1
9 13854 1
9 5666 1
9 3621 2
9 15910 1
9 11815 1
9 1576 1
9 17965 1
9 17968 1
9 3636 2
9 17973 2
9 22078 1
9 3647 1
9 13888 2
9 9809 1
9 9811 1
9 22100 1
9 9817 1
9 22108 1
9 15971 1
9 9831 2
9 13937 3
9 18042 1
9 3707 1
9 9854 1
9 22464 13
9 18051 1
9 5764 2
9 18055 3
9 13969 3
9 20114 1
9 18071 1
9 13978 1
9 18081 2
9 22188 1
9 16049 5
9 16050 2
9 16054 1
9 20151 1
9 7870 1
9 20159 1
9 18114 1
9 9924 1
9 5829 1
9 7880 2
9 22219 1
9 22223 1
9 7888 2
9 14033 3
9 11991 1
9 11992 1
9 8143 1
9 18140 1
9 20189 1
9 7902 1
9 7903 1
9 5860 1
9 5864 1
9 22252 1
9 18158 1
9 7920 1
9 12026 1
9 20223 1
9 14081 1
9 1798 1
9 20235 1
9 20239 1
9 7952 3
9 10012 1
9 20260 1
9 12076 1
9 5934 2
9 5935 1
9 1842 1
9 3895 1
9 5951 2
9 3905 1
9 3907 1
9 3913 1
9 12110 1
9 18267 4
9 8028 1
9 22366 1
9 16224 2
9 22369 2
9 16226 1
9 16430 1
9 7664 1
9 12151 2
9 16252 1
9 16260 2
9 18136 1
9 16276 1
9 3991 1
9 3992 1
9 22426 1
9 20384 6
9 20389 2
9 22442 1
9 4019 1
9 1976 3
9 4032 1
9 1089 1
9 16333 1
9 14286 1
9 16335 1
9 18391 1
9 22494 1
9 14306 1
9 4073 1
9 4074 1
9 16367 1
9 18424 1
9 8532 1
9 10238 1
10 12288 2
10 8705 1
10 19461 1
10 12296 1
10 11273 2
10 11787 1
10 4110 1
10 17069 1
10 19473 1
10 16915 1
10 19478 1
10 12823 1
10 12825 1
10 13851 1
10 18460 1
10 22557 1
10 6687 1
10 603 1
10 22571 1
10 8749 2
10 1544 1
10 16435 1
10 1076 1
10 17463 1
10 19712 1
10 5472 1
10 12354 1
10 1604 1
10 22086 1
10 15432 1
10 7241 1
10 1099 1
10 7244 1
10 20560 1
10 9809 2
10 22030 2
10 22616 1
10 4111 1
10 8797 2
10 18528 1
10 3175 1
10 9832 1
10 8636 1
10 9831 1
10 21102 1
10 9839 1
10 7785 1
10 18197 1
10 12930 1
10 2179 1
10 14469 1
10 6791 1
10 13961 1
10 15498 1
10 655 1
10 17041 1
10 673 2
10 683 1
10 9901 1
10 5149 1
10 16054 2
10 20155 1
10 3260 1
10 19133 3
10 11969 1
10 9924 1
10 16586 1
10 10975 2
10 20195 1
10 7397 1
10 22252 1
10 16625 1
10 12018 1
10 17790 2
10 17661 1
10 11007 1
10 14592 1
10 21250 1
10 19716 1
10 20232 1
10 3339 2
10 4364 1
10 3629 1
10 7952 1
10 18051 1
10 16661 1
10 3351 1
10 8989 1
10 13445 1
10 13959 1
10 12588 1
10 18222 1
10 5935 1
10 17200 1
10 7219 1
10 21305 2
10 12625 3
10 4579 1
10 7514 1
10 18267 2
10 11100 1
10 3421 1
10 12773 1
10 16224 1
10 22369 1
10 9069 3
10 15215 1
10 19315 1
10 4104 1
10 8568 1
10 8062 1
10 14725 1
10 15751 1
10 11662 1
10 3471 1
10 3992 1
10 6036 1
10 8086 1
10 10328 1
10 15772 2
10 12189 1
10 17312 1
10 16804 1
10 20550 1
10 12716 1
10 19373 1
10 5551 1
10 10679 1
10 18876 1
10 11710 1
10 4032 1
10 16835 1
10 5069 1
10 14811 1
10 19939 1
10 10725 1
10 4433 1
10 22508 1
10 9199 1
10 16882 1
10 3060 1
10 16374 1
10 16888 1
10 16890 1
10 6652 1
11 12288 1
11 8705 1
11 19460 2
11 14969 1
11 7694 1
11 1042 1
11 16915 1
11 12823 1
11 12825 2
11 4635 1
11 1564 2
11 22557 1
11 12325 1
11 20519 1
11 17451 1
11 12333 1
11 2096 1
11 6193 1
11 5682 1
11 9269 1
11 4668 1
11 13888 1
11 3652 3
11 16458 1
11 17484 1
11 12878 1
11 10833 1
11 21586 3
11 13404 1
11 18528 1
11 17506 1
11 15971 1
11 9832 1
11 107 1
11 6770 1
11 6262 1
11 6265 1
11 6778 1
11 13435 1
11 638 1
11 16661 1
11 21633 1
11 11398 1
11 12653 1
11 6291 1
11 16030 1
11 18080 1
11 1819 1
11 7844 1
11 9901 1
11 3758 1
11 19634 1
11 11444 1
11 19133 4
11 10432 2
11 8898 1
11 16075 1
11 5838 1
11 18128 1
11 9425 1
11 7801 1
11 6876 1
11 16605 1
11 15582 2
11 7888 1
11 20194 2
11 17312 1
11 8421 1
11 1256 1
11 20717 1
11 14574 1
11 12018 1
11 21750 1
11 14584 2
11 15102 1
11 14594 1
11 8451 1
11 18185 1
11 17163 1
11 4364 1
11 3629 1
11 21781 1
11 7451 2
11 290 1
11 19238 1
11 12588 1
11 16694 1
11 2873 1
11 19258 1
11 20284 1
11 505 1
11 17225 2
11 19938 1
11 12625 1
11 14677 1
11 4438 1
11 21305 4
11 1369 1
11 1167 1
11 18269 1
11 4960 1
11 22369 1
11 10300 1
11 9069 4
11 18287 1
11 15218 1
11 20343 1
11 20345 1
11 18818 1
11 14730 1
11 18477 1
11 9111 1
11 4000 1
11 9636 1
11 15278 1
11 329 1
11 4030 1
11 4033 1
11 13763 1
11 13766 1
11 13255 1
11 15820 1
11 14807 2
11 20695 1
11 8668 1
11 20962 1
11 16878 1
11 13295 1
11 13809 1
11 14324 1
11 18424 1
11 4601 1
12 12288 1
12 22464 1
12 2306 1
12 14725 2
12 11398 1
12 22368 1
12 7817 1
12 4746 1
12 3991 1
12 269 2
12 9645 1
12 17041 1
12 22418 2
12 1731 1
12 18571 2
12 4886 3
12 12823 1
12 3992 1
12 16367 1
12 11293 1
12 4000 1
12 15856 1
12 4003 1
12 16390 1
12 113 1
12 9514 1
12 9901 1
12 8568 1
12 15791 1
12 11275 1
12 11444 2
12 4661 1
12 10238 2
12 2416 1
12 12852 1
12 954 1
12 20155 1
12 8262 1
12 4670 1
12 7477 1
12 6976 1
12 7776 1
12 11714 2
12 16195 1
12 3652 2
12 7704 2
12 14086 1
12 15434 1
12 588 2
12 4942 1
12 7633 1
12 14037 1
12 20695 1
12 15448 1
12 17790 1
12 10206 1
12 18528 1
12 14049 1
12 7778 1
12 20384 3
12 7780 1
12 15590 1
12 6630 1
12 17169 1
12 15593 2
12 13161 2
12 5232 1
12 13425 1
12 1266 1
12 4115 2
12 5246 2
12 6646 2
12 13937 2
12 22551 3
12 6651 1
12 17789 1
12 7550 1
12 12799 1
13 12288 2
13 1538 1
13 4886 4
13 7686 1
13 15751 2
13 13704 2
13 10646 1
13 3722 1
13 14475 1
13 16834 1
13 12625 1
13 1167 1
13 19601 1
13 20882 1
13 4115 1
13 3220 3
13 405 1
13 6806 1
13 18393 1
13 8989 1
13 13445 1
13 11850 1
13 19718 1
13 4263 1
13 16430 1
13 6646 1
13 9645 1
13 11471 1
13 15408 1
13 12007 1
13 7477 3
13 16054 1
13 12471 1
13 11708 2
13 17290 1
13 4030 1
13 3648 1
13 11714 1
13 20291 1
13 3652 4
13 22262 1
13 15432 1
13 15434 2
13 8184 1
13 20303 1
13 12497 2
13 5332 1
13 6264 2
13 4438 1
13 17017 1
13 9945 1
13 6234 1
13 5339 1
13 22368 1
13 7010 2
13 4451 1
13 7780 1
13 19943 1
13 16998 2
13 13159 1
13 3050 1
13 2279 1
13 22418 2
13 494 1
13 5232 1
13 13937 1
13 5391 1
13 13822 1
13 19478 1
13 248 1
13 6265 1
13 18426 1
13 5499 1
13 5629 1
13 10238 1
14 12288 2
14 12800 1
14 15874 3
14 11779 1
14 19460 1
14 22358 1
14 16390 1
14 11777 1
14 1544 1
14 1545 2
14 19469 1
14 14509 1
14 17424 6
14 2990 1
14 16920 1
14 10244 1
14 22426 1
14 22557 1
14 15903 1
14 7201 1
14 22363 1
14 19493 1
14 4647 7
14 22572 1
14 3629 1
14 16430 1
14 7216 1
14 19464 2
14 1074 2
14 7219 1
14 1076 2
14 17973 1
14 12343 1
14 3641 1
14 17467 1
14 3134 3
14 3647 1
14 22082 1
14 3339 1
14 3652 5
14 21552 1
14 15432 1
14 18505 1
14 15434 1
14 21586 4
14 4691 1
14 602 1
14 9124 1
14 22108 1
14 8797 1
14 20064 1
14 10337 1
14 20066 3
14 2147 1
14 20155 1
14 4198 1
14 4199 1
14 104 1
14 21097 1
14 15266 2
14 13159 1
14 15980 1
14 18030 2
14 20142 1
14 13937 4
14 20343 1
14 16132 1
14 17015 1
14 12852 2
14 633 3
14 20882 3
14 12394 1
14 5246 1
14 10097 1
14 4225 5
14 11444 1
14 13444 1
14 13445 2
14 646 1
14 13959 1
14 5768 1
14 13961 1
14 13451 1
14 4461 2
14 3217 1
14 13877 1
14 7236 1
14 5993 1
14 19607 1
14 6809 2
14 13979 1
14 1375 1
14 20638 1
14 14495 1
14 16544 3
14 13986 1
14 7584 1
14 11462 1
14 474 1
14 4263 1
14 10408 1
14 4267 2
14 9901 4
14 8878 2
14 22442 3
14 108 2
14 6834 1
14 19124 2
14 16049 1
14 4795 1
14 21692 1
14 19133 12
14 14016 1
14 4384 2
14 2243 1
14 15556 1
14 11461 2
14 4294 1
14 20168 1
14 12151 1
14 13516 1
14 5838 1
14 20429 1
14 4818 1
14 10963 1
14 14037 1
14 4822 1
14 20695 2
14 22209 1
14 1753 1
14 4831 2
14 7392 1
14 1763 1
14 7867 5
14 12007 2
14 12008 1
14 12009 1
14 18155 1
14 2770 1
14 12018 4
14 20723 2
14 17141 1
14 22262 1
14 8660 5
14 12026 5
14 7637 1
14 9169 2
14 8449 2
14 14082 1
14 10499 1
14 4032 7
14 7432 1
14 20234 1
14 18391 7
14 4364 2
14 20237 2
14 4049 3
14 5391 1
14 6787 1
14 16897 1
14 4886 1
14 2839 4
14 2841 1
14 3419 1
14 8988 1
14 4381 2
14 14469 2
14 15558 1
14 4385 2
14 14118 2
14 7303 2
14 2348 1
14 18736 2
14 15666 1
14 16947 1
14 9525 1
14 14473 1
14 21305 11
14 17000 1
14 10975 2
14 17290 1
14 831 1
14 320 1
14 16193 3
14 15491 1
14 1257 1
14 329 1
14 8013 1
14 4945 1
14 16819 1
14 11604 1
14 14677 2
14 4438 2
14 3417 1
14 858 1
14 7055 1
14 860 2
14 7397 1
14 22368 5
14 3937 1
14 8039 1
14 15208 1
14 13161 1
14 15210 1
14 9069 6
14 9583 1
14 6000 1
14 15217 1
14 4868 1
14 5625 1
14 12663 3
14 8568 2
14 11821 1
14 16252 1
14 1918 1
14 13147 1
14 18818 3
14 15751 2
14 15754 1
14 11662 3
14 7567 1
14 11152 1
14 3992 1
14 7570 2
14 7571 1
14 405 1
14 10646 1
14 11673 1
14 11672 7
14 21617 1
14 17818 1
14 11675 2
14 4509 1
14 15774 3
14 8607 3
14 20384 4
14 9122 1
14 9123 2
14 4516 1
14 9637 1
14 15274 1
14 4011 1
14 16302 1
14 5551 1
14 5552 2
14 1459 1
14 12190 1
14 17225 1
14 16826 1
14 11708 3
14 11850 1
14 22464 2
14 4000 1
14 13767 1
14 5577 1
14 1482 1
14 11723 1
14 16333 1
14 9167 7
14 3025 15
14 9171 1
14 9684 1
14 4053 4
14 14807 1
14 9380 2
14 13274 1
14 8513 1
14 8158 1
14 18911 1
14 995 2
14 14821 1
14 5591 1
14 12625 3
14 10218 1
14 7147 1
14 4589 3
14 4591 2
14 10225 1
14 5618 2
14 18421 1
14 505 1
14 4090 2
14 15869 1
14 13822 1
15 12288 1
15 11008 1
15 7810 1
15 10499 1
15 19460 1
15 2309 1
15 4225 1
15 13960 1
15 395 1
15 17678 1
15 9901 2
15 17424 2
15 11672 3
15 1170 1
15 405 1
15 20063 1
15 1048 1
15 11161 1
15 15642 1
15 4381 2
15 15903 1
15 18208 1
15 15102 1
15 15266 1
15 700 1
15 4647 1
15 4267 1
15 16301 1
15 18222 1
15 9777 1
15 3934 1
15 16054 1
15 12471 1
15 21305 2
15 14033 1
15 4795 1
15 11708 1
15 3645 1
15 3134 1
15 8511 1
15 1988 1
15 8647 1
15 17225 1
15 11850 1
15 15820 1
15 15567 1
15 13957 1
15 12625 3
15 10963 1
15 18772 1
15 9047 1
15 2394 1
15 13147 1
15 10206 1
15 1375 1
15 20064 1
15 18391 1
15 1763 1
15 18022 1
15 742 1
15 3025 2
15 1280 1
15 8892 1
15 18154 1
15 13287 1
15 17170 1
15 19133 4
15 12018 2
15 21619 1
15 4670 2
15 20726 1
15 12663 2
15 12026 4
15 16252 1
15 18046 1
16 12800 3
16 14082 1
16 4867 1
16 18391 3
16 12625 1
16 12007 1
16 2704 1
16 1048 1
16 20882 2
16 20243 1
16 4375 1
16 11672 1
16 6809 1
16 8988 1
16 20638 2
16 15266 1
16 10041 1
16 11309 1
16 5552 1
16 12343 1
16 10040 1
16 19257 1
16 15674 1
16 15676 1
16 19133 1
16 16704 1
16 13889 1
16 8261 1
16 21305 1
16 1104 1
16 3025 1
16 4818 1
16 20067 1
16 17108 1
16 11662 1
16 20695 1
16 6235 1
16 3421 1
16 15583 1
16 20064 1
16 15971 1
16 3940 1
16 15313 1
16 3435 1
16 9069 2
16 4463 1
16 9072 2
16 12018 2
16 22262 1
16 12026 1
16 17788 1
16 16665 1
17 12800 1
17 14082 1
17 15491 1
17 19460 1
17 16773 1
17 19464 1
17 1163 1
17 4364 3
17 17790 1
17 13969 1
17 16661 1
17 11675 2
17 13980 1
17 20638 1
17 6694 1
17 4136 1
17 8236 1
17 13405 1
17 7216 1
17 1714 1
17 1844 1
17 19253 1
17 19126 1
17 8628 1
17 13889 1
17 1590 1
17 15432 1
17 17996 1
17 3025 1
17 21330 1
17 4438 1
17 18267 1
17 3421 1
17 10206 1
17 7263 1
17 20066 1
17 15459 1
17 7654 1
17 4198 1
17 15313 1
17 5993 1
17 4330 1
17 9069 1
17 15102 2
17 12665 1
17 6652 1
17 5994 1
17 8062 1
18 12288 2
18 22024 1
18 9047 2
18 7180 1
18 13838 1
18 9901 1
18 11281 1
18 13850 2
18 13851 1
18 4135 1
18 4138 1
18 3627 1
18 3629 4
18 16430 1
18 3631 2
18 1076 2
18 13883 1
18 3650 1
18 3651 3
18 7237 1
18 7240 1
18 15434 1
18 15948 1
18 18510 1
18 9809 3
18 21586 3
18 16468 3
18 13400 1
18 5721 1
18 13402 1
18 3343 3
18 13405 5
18 13408 5
18 17000 1
18 20592 1
18 15473 1
18 20343 1
18 6773 1
18 17016 2
18 633 1
18 21633 1
18 15491 1
18 14475 2
18 3220 3
18 17122 2
18 11932 1
18 21665 1
18 21666 1
18 16035 1
18 6826 1
18 17067 1
18 17069 4
18 7854 1
18 16049 1
18 12471 1
18 20155 1
18 700 1
18 19133 7
18 7870 1
18 703 2
18 8898 1
18 2243 3
18 15556 2
18 13514 1
18 12663 2
18 13516 1
18 719 1
18 7888 1
18 14969 1
18 22232 1
18 16605 1
18 14046 1
18 7903 1
18 17121 1
18 10978 1
18 17123 1
18 17125 1
18 4647 1
18 14081 2
18 4867 1
18 4868 3
18 12558 1
18 13357 2
18 3344 2
18 4886 2
18 7451 1
18 6942 1
18 4385 1
18 11054 1
18 7471 1
18 16180 1
18 9015 1
18 2873 2
18 12602 1
18 7483 1
18 17291 1
18 8013 1
18 3408 1
18 12625 1
18 11603 1
18 21305 7
18 7514 1
18 19939 2
18 22368 2
18 5988 1
18 6695 1
18 10727 1
18 9069 6
18 13681 1
18 13682 1
18 21364 1
18 12151 1
18 9600 2
18 12673 1
18 1547 1
18 14725 1
18 15751 1
18 395 1
18 14220 1
18 15938 1
18 405 1
18 15855 1
18 15773 1
18 10655 1
18 20384 2
18 7592 1
18 4521 1
18 15275 1
18 16301 1
18 5554 1
18 4019 1
18 8628 1
18 8629 1
18 16586 1
18 14751 1
18 1980 1
18 8505 1
18 16833 1
18 13255 1
18 15820 1
18 14798 2
18 9167 3
18 16848 1
18 9684 2
18 14807 1
18 8666 1
18 8668 1
18 6622 1
18 10720 1
18 11771 1
18 7654 1
18 18513 1
18 6121 1
18 13394 1
18 6126 1
18 8626 2
18 11760 4
18 18420 1
18 1013 1
18 4598 1
18 9300 1
18 6651 2
18 13822 1
19 15874 2
19 4611 1
19 16902 1
19 19464 2
19 17424 3
19 4867 1
19 19478 1
19 13852 1
19 22557 1
19 3629 7
19 3631 3
19 8753 1
19 1076 2
19 11835 1
19 3647 1
19 13888 1
19 13408 2
19 2632 1
19 11850 1
19 21581 1
19 10833 1
19 21586 2
19 13398 1
19 13400 2
19 14426 1
19 13404 1
19 13405 1
19 18528 1
19 22119 1
19 1132 1
19 2673 2
19 6770 1
19 15987 1
19 10868 1
19 1141 4
19 15479 1
19 17016 1
19 13445 1
19 18055 1
19 13451 1
19 3220 1
19 10392 1
19 6809 1
19 22385 1
19 15530 1
19 16049 1
19 1716 1
19 16054 2
19 12471 1
19 10938 1
19 4795 1
19 19133 5
19 2243 2
19 13515 1
19 11471 1
19 5840 1
19 19154 1
19 12503 1
19 10972 1
19 10975 1
19 17121 1
19 7397 1
19 5352 1
19 17129 1
19 12522 1
19 12525 1
19 15102 1
19 8449 3
19 8451 1
19 4868 3
19 8454 1
19 18185 1
19 17163 1
19 4364 3
19 5635 1
19 8993 1
19 6441 1
19 5935 1
19 11059 1
19 1844 3
19 7477 1
19 8504 1
19 2873 1
19 8507 1
19 3392 2
19 395 1
19 21318 1
19 329 1
19 12625 4
19 5458 1
19 14677 1
19 4438 1
19 21305 5
19 18267 1
19 7016 2
19 7018 1
19 9069 4
19 6511 1
19 10097 1
19 12151 1
19 917 1
19 9600 1
19 16704 2
19 4486 1
19 16775 1
19 17290 1
19 17291 1
19 5517 1
19 22418 1
19 405 1
19 14761 1
19 11180 1
19 9645 1
19 2990 1
19 5551 1
19 14263 1
19 11193 1
19 10682 1
19 6075 1
19 15434 1
19 7109 1
19 7110 1
19 3528 1
19 8141 1
19 464 1
19 7633 1
19 10206 1
19 11771 1
19 7654 4
19 494 2
19 11760 3
19 3058 1
19 3060 1
19 15273 1
19 15864 1
19 18426 1
19 1019 2
19 6652 1
19 15869 1
20 9729 1
20 4115 1
20 13844 1
20 5141 1
20 22551 6
20 7343 1
20 5149 1
20 6686 1
20 8238 3
20 16432 1
20 8753 1
20 14387 1
20 1076 1
20 19124 1
20 6685 1
20 11334 1
20 11850 1
20 588 1
20 21586 2
20 18005 1
20 8791 1
20 3172 1
20 16998 2
20 9831 1
20 113 2
20 114 2
20 15989 1
20 118 1
20 5246 2
20 10890 1
20 19599 1
20 4247 1
20 10407 1
20 5661 1
20 16049 1
20 11444 1
20 11449 4
20 21692 1
20 20686 2
20 9425 1
20 4309 1
20 11992 1
20 10975 1
20 1256 1
20 22252 1
20 16625 1
20 5364 1
20 248 1
20 11007 1
20 4364 2
20 17678 1
20 2834 1
20 18197 1
20 281 1
20 7451 1
20 10531 1
20 4831 1
20 12625 1
20 17234 2
20 14677 1
20 2394 1
20 22368 1
20 2914 1
20 13159 1
20 15209 1
20 9069 1
20 12656 1
20 3954 1
20 12162 1
20 15752 1
20 11662 1
20 3985 1
20 21912 1
20 19355 1
20 22429 1
20 14751 1
20 17312 1
20 15275 1
20 7069 4
20 18872 1
20 4538 1
20 4540 1
20 22464 2
20 11714 5
20 4550 1
20 13255 1
20 9167 1
20 2524 1
20 19939 1
20 18919 2
20 16363 2
20 1518 1
20 5623 4
20 18426 2
21 13316 1
21 7686 1
21 8449 1
21 12808 1
21 19460 1
21 5149 1
21 15903 1
21 16417 2
21 20519 1
21 15404 1
21 8749 1
21 22024 1
21 16434 1
21 18952 1
21 3643 1
21 15432 2
21 11850 3
21 15948 1
21 22100 1
21 13398 1
21 9816 1
21 18022 1
21 19900 1
21 18028 1
21 21617 1
21 6774 1
21 14969 1
21 18049 1
21 18055 1
21 19595 1
21 5268 1
21 20117 2
21 19094 2
21 17049 1
21 7329 1
21 22186 1
21 5301 1
21 5304 1
21 15035 1
21 19133 1
21 21696 1
21 21699 1
21 2244 1
21 15567 1
21 22229 1
21 11992 1
21 12505 1
21 10972 1
21 14574 1
21 12670 2
21 3844 3
21 14584 1
21 15617 1
21 4868 1
21 15621 1
21 22572 1
21 3339 1
21 4364 1
21 2834 1
21 18208 1
21 18214 1
21 13611 1
21 19764 1
21 10552 1
21 21305 1
21 22342 1
21 18759 1
21 8012 1
21 9550 1
21 17234 1
21 21334 1
21 2394 1
21 9566 1
21 11835 2
21 16229 1
21 20329 1
21 364 1
21 2416 1
21 13681 2
21 22398 1
21 11925 1
21 10625 1
21 12164 2
21 8342 1
21 15752 1
21 17290 1
21 7055 1
21 14743 1
21 17818 1
21 6558 1
21 18851 1
21 22442 2
21 5551 1
21 4017 1
21 9141 1
21 1468 1
21 3006 1
21 22464 6
21 9672 1
21 9167 1
21 15322 1
21 18907 1
21 16519 1
21 6623 1
21 19938 1
21 18919 2
21 14324 1
21 8185 1
21 8188 1
21 5118 1
22 4611 1
22 11295 1
22 15393 1
22 21539 1
22 6694 1
22 11835 3
22 16961 1
22 3138 1
22 12357 1
22 11334 1
22 20553 1
22 2634 1
22 17996 1
22 18005 1
22 3676 1
22 15970 1
22 5232 1
22 7812 1
22 116 1
22 13941 1
22 10365 1
22 16511 1
22 18051 1
22 5764 1
22 7303 1
22 20113 3
22 8351 1
22 12464 1
22 19634 1
22 5304 1
22 19572 1
22 21696 2
22 21699 1
22 12487 1
22 20686 1
22 16084 1
22 7897 1
22 10972 1
22 19166 1
22 4831 2
22 2224 1
22 14574 1
22 3313 1
22 248 1
22 1275 1
22 11524 1
22 18200 1
22 15641 1
22 15648 1
22 4385 1
22 16164 1
22 17704 1
22 16519 1
22 7471 1
22 19254 1
22 16190 1
22 13129 1
22 9550 1
22 9044 1
22 4438 1
22 14682 2
22 3419 1
22 22369 1
22 17467 1
22 16229 1
22 7527 1
22 13160 1
22 13679 3
22 11637 1
22 12151 1
22 12153 2
22 6527 1
22 12673 1
22 1922 1
22 16260 1
22 3978 1
22 12354 1
22 22418 1
22 4078 1
22 17818 2
22 20384 1
22 8262 1
22 2990 1
22 5553 1
22 841 1
22 21945 1
22 16543 1
22 11708 1
22 22464 5
22 13255 1
22 588 2
22 8140 1
22 11726 1
22 6108 1
22 5597 1
22 10206 1
22 12773 1
22 16365 1
22 16366 1
22 16367 1
22 3061 1
22 5118 3
23 12288 1
23 15363 1
23 7684 1
23 7687 1
23 5128 1
23 522 1
23 4116 1
23 13316 1
23 10792 1
23 16430 1
23 7216 1
23 9777 2
23 12852 1
23 20023 1
23 7749 1
23 15432 1
23 588 1
23 21586 1
23 18005 1
23 1626 1
23 1627 5
23 22119 1
23 625 1
23 632 1
23 633 1
23 16519 1
23 1167 1
23 15512 1
23 6809 1
23 16543 1
23 16547 1
23 10407 2
23 10410 2
23 12462 1
23 12464 1
23 12465 1
23 12471 1
23 6331 1
23 20686 1
23 15567 1
23 4818 2
23 22229 1
23 12510 1
23 745 1
23 3829 1
23 13937 2
23 8449 1
23 4867 1
23 15621 1
23 20237 1
23 8988 1
23 8989 1
23 20256 1
23 20260 1
23 3878 1
23 3880 1
23 3881 1
23 17200 1
23 10122 1
23 9041 1
23 9044 1
23 6489 1
23 22369 1
23 3943 1
23 5993 1
23 9069 1
23 6000 1
23 12670 1
23 4998 1
23 17290 1
23 18835 1
23 15768 1
23 7582 1
23 17312 4
23 15266 1
23 4534 5
23 8180 1
23 11711 1
23 22464 3
23 15820 1
23 13778 1
23 12759 1
23 6622 1
23 16868 1
23 10214 1
23 16367 1
23 14324 3
23 6651 4
23 6652 2
24 12288 1
24 9729 1
24 19460 1
24 7687 1
24 522 1
24 12815 1
24 22032 2
24 2065 1
24 19478 1
24 22551 2
24 9244 1
24 6687 1
24 1578 1
24 22572 1
24 16432 1
24 18995 1
24 12345 1
24 7690 1
24 3647 1
24 3649 1
24 3652 3
24 15432 1
24 11850 1
24 7010 1
24 10833 1
24 21586 1
24 18005 2
24 3674 1
24 17168 1
24 16998 2
24 13937 1
24 10360 1
24 14973 1
24 5246 1
24 19595 1
24 1167 1
24 1170 1
24 14995 1
24 6809 1
24 14495 2
24 2416 1
24 2224 1
24 12471 1
24 5816 2
24 8892 1
24 8992 1
24 12759 1
24 20686 1
24 16592 1
24 7380 1
24 15574 1
24 20187 1
24 2000 1
24 7402 1
24 22258 1
24 5875 1
24 7418 1
24 18686 1
24 1280 1
24 21770 1
24 3339 1
24 4364 1
24 10510 1
24 7952 2
24 4886 1
24 7968 1
24 806 1
24 7463 1
24 7474 1
24 1844 2
24 14649 1
24 1855 1
24 13963 1
24 18759 1
24 11605 1
24 9047 1
24 14690 1
24 2407 1
24 19816 2
24 9069 1
24 15216 1
24 13681 1
24 7546 1
24 16260 2
24 21905 1
24 20380 1
24 12189 2
24 11180 2
24 8628 1
24 22457 1
24 17851 1
24 11708 2
24 4546 1
24 11723 1
24 8140 1
24 14800 1
24 21458 1
24 7637 1
24 7638 1
24 14807 1
24 18911 1
24 15851 1
24 492 1
24 14324 1
24 502 1
24 505 1
24 11771 1
24 12799 1
25 15616 1
25 7937 2
25 375 1
25 19716 1
25 17290 1
25 13451 1
25 7180 1
25 6669 1
25 11821 1
25 12868 1
25 917 1
25 22551 1
25 7451 1
25 6809 1
25 1947 1
25 13316 2
25 11547 1
25 20260 1
25 20774 1
25 1578 1
25 13255 1
25 8236 1
25 14509 1
25 8238 1
25 16431 1
25 1841 2
25 1465 1
25 19514 1
25 6331 1
25 19900 2
25 21949 1
25 13887 3
25 22464 1
25 16961 1
25 8387 1
25 5316 1
25 22369 3
25 12360 1
25 9033 1
25 12663 1
25 17996 1
25 16226 1
25 20686 2
25 4818 1
25 7637 1
25 13912 2
25 6361 1
25 13532 1
25 8797 1
25 13885 1
25 2273 1
25 2944 1
25 16806 1
25 22374 1
25 8549 1
25 13160 1
25 7018 1
25 8684 2
25 21586 1
25 14574 1
25 21871 1
25 11760 1
25 7471 1
25 19572 1
25 1270 1
25 5623 1
25 5387 1
25 11771 1
25 15869 1
25 15102 1
26 1408 1
26 14592 1
26 4100 1
26 3461 1
26 20486 2
26 8585 1
26 13963 1
26 7694 1
26 22032 3
26 13848 1
26 2243 1
26 9621 1
26 14743 1
26 1944 1
26 2394 1
26 11806 1
26 773 1
26 15266 1
26 7463 1
26 4776 2
26 18473 1
26 12288 1
26 22188 2
26 4509 1
26 1076 1
26 18185 2
26 5433 1
26 19133 1
26 13889 1
26 1163 1
26 15432 1
26 7120 1
26 14033 1
26 12501 1
26 16470 1
26 21305 1
26 8153 1
26 9434 1
26 1465 2
26 742 1
26 16913 1
26 12394 1
26 364 1
26 20717 1
26 18574 1
26 881 1
26 6770 1
26 13451 1
26 6773 1
26 7418 1
27 19460 1
27 13398 2
27 4115 1
27 4116 1
27 17943 2
27 2589 1
27 20485 1
27 3621 1
27 9777 1
27 16947 1
27 1076 1
27 16951 1
27 19520 1
27 12354 2
27 8260 1
27 15432 1
27 21067 1
27 5748 1
27 16982 1
27 5208 1
27 3674 1
27 13412 1
27 15976 2
27 18364 2
27 18540 1
27 21613 1
27 13428 3
27 13941 1
27 15994 1
27 13435 1
27 6787 1
27 7303 1
27 18569 2
27 13963 1
27 17562 1
27 12445 1
27 9380 1
27 4263 2
27 2219 1
27 9901 1
27 17070 1
27 13493 1
27 17788 1
27 9916 1
27 6773 1
27 12501 1
27 9432 1
27 4831 1
27 21730 1
27 8421 1
27 16252 3
27 8449 1
27 18391 1
27 2873 1
27 15119 1
27 7952 1
27 2327 1
27 12076 1
27 5433 2
27 20794 1
27 20284 1
27 18571 1
27 8161 1
27 3408 1
27 4433 1
27 15190 1
27 20281 1
27 3936 1
27 13161 1
27 6506 1
27 16242 1
27 20860 2
27 22400 1
27 18818 1
27 8579 1
27 15752 1
27 14730 1
27 20882 1
27 19347 1
27 19349 1
27 13723 3
27 20384 1
27 15268 3
27 8300 1
27 5051 1
27 11708 1
27 5053 1
27 4000 1
27 4546 2
27 13255 1
27 7121 1
27 11218 2
27 11219 1
27 11220 3
27 16342 1
27 8151 1
27 13136 1
27 4590 1
27 502 1
27 12279 1
28 12288 3
28 7683 1
28 13316 1
28 7687 2
28 15276 1
28 14082 1
28 22032 1
28 18965 1
28 1369 1
28 22041 1
28 4122 1
28 1564 1
28 22557 2
28 19718 1
28 17961 1
28 22571 1
28 2604 1
28 9777 1
28 1074 1
28 1076 1
28 16951 2
28 12345 2
28 13887 1
28 8260 1
28 15432 1
28 21067 1
28 13388 1
28 13389 1
28 15459 1
28 15976 1
28 11708 1
28 13418 1
28 10859 1
28 8300 1
28 11887 2
28 6256 1
28 13937 1
28 6770 1
28 13428 5
28 6773 2
28 10358 1
28 20329 1
28 10360 1
28 633 1
28 4218 1
28 22140 1
28 22464 1
28 13444 2
28 1670 1
28 22551 2
28 13452 1
28 1167 1
28 13969 1
28 18582 1
28 12445 1
28 22175 1
28 10096 1
28 9380 1
28 4263 1
28 626 1
28 15534 1
28 11439 1
28 5808 1
28 2745 1
28 2747 1
28 10428 1
28 16067 1
28 14024 2
28 12663 1
28 13516 1
28 3796 1
28 13532 1
28 873 1
28 3417 1
28 21727 1
28 7392 1
28 740 1
28 8421 5
28 15593 1
28 22252 1
28 7410 1
28 19707 1
28 18175 1
28 1408 1
28 2310 1
28 14595 1
28 1798 2
28 18185 1
28 15119 1
28 7952 1
28 13078 1
28 19588 1
28 6938 1
28 17183 1
28 17185 1
28 20260 1
28 805 1
28 12076 1
28 7982 1
28 16695 1
28 2873 1
28 4831 3
28 20284 3
28 831 1
28 16194 1
28 22340 1
28 17225 1
28 3408 1
28 4433 1
28 13138 1
28 6489 1
28 15199 1
28 22369 1
28 8553 1
28 6506 1
28 15216 1
28 13681 1
28 16242 1
28 19319 1
28 8568 1
28 16252 1
28 17790 1
28 22400 1
28 897 1
28 16260 1
28 16775 1
28 4494 1
28 20882 1
28 13723 1
28 4000 2
28 15268 1
28 12716 1
28 18674 1
28 13129 1
28 1466 2
28 5051 1
28 18364 2
28 5053 1
28 16832 1
28 20384 1
28 11714 1
28 18887 2
28 12746 1
28 12279 1
28 13772 1
28 9167 1
28 11219 1
28 11220 1
28 8151 1
28 20860 1
28 8156 1
28 10205 1
28 7164 1
28 10407 1
28 5623 1
28 6652 1
28 5119 3
29 9729 1
29 4610 1
29 13316 1
29 7686 1
29 18093 1
29 16913 1
29 22551 2
29 22557 1
29 15903 1
29 3675 1
29 12325 4
29 12329 4
29 17451 1
29 8749 1
29 16430 1
29 1076 1
29 22581 1
29 19511 1
29 13884 1
29 11332 1
29 7237 1
29 588 1
29 21586 1
29 6329 1
29 1627 1
29 7263 1
29 8804 1
29 5733 1
29 16998 1
29 11708 1
29 6763 1
29 11887 1
29 14448 1
29 114 1
29 1141 3
29 7529 1
29 5246 1
29 3203 1
29 12481 1
29 19595 1
29 1167 1
29 20638 2
29 22175 1
29 1136 1
29 20642 1
29 19619 1
29 10408 2
29 20649 1
29 17067 1
29 22188 1
29 14509 1
29 12471 1
29 2745 1
29 7867 1
29 8892 3
29 19133 4
29 18208 1
29 20168 1
29 13516 1
29 20686 2
29 3278 1
29 22232 1
29 13532 1
29 10975 1
29 21733 1
29 12007 1
29 22252 1
29 19184 1
29 18162 1
29 1275 1
29 19712 1
29 3329 1
29 1067 1
29 4868 1
29 19718 1
29 18185 4
29 4364 1
29 7952 2
29 5251 1
29 21782 1
29 20760 1
29 281 1
29 7471 1
29 8989 1
29 9041 1
29 8992 1
29 1919 1
29 18140 1
29 16175 1
29 16694 1
29 21305 2
29 12602 4
29 5448 1
29 14154 1
29 12625 4
29 14677 2
29 14682 2
29 22369 1
29 3943 1
29 13160 2
29 5993 2
29 9069 1
29 15218 1
29 15227 1
29 3455 1
29 2944 1
29 16260 1
29 15751 2
29 15752 1
29 748 1
29 7564 1
29 18051 1
29 3992 1
29 15257 1
29 15258 1
29 22429 1
29 18853 2
29 9645 1
29 10680 1
29 8636 1
29 1469 1
29 9662 1
29 22464 1
29 11714 1
29 9167 1
29 17872 1
29 18898 1
29 9171 1
29 15317 1
29 12018 1
29 10206 1
29 12768 1
29 15185 1
29 13800 1
29 14313 1
29 7660 1
29 16366 1
29 11760 1
29 1525 1
29 5623 1
30 12800 1
30 19460 1
30 21003 1
30 2990 1
30 22551 1
30 7684 1
30 17435 1
30 9244 1
30 11293 1
30 6687 1
30 8749 1
30 13358 1
30 16431 1
30 13884 3
30 12354 2
30 4364 1
30 11850 1
30 18005 2
30 599 1
30 18521 1
30 18013 1
30 22373 1
30 19555 1
30 16998 2
30 107 1
30 6770 1
30 12915 1
30 18553 1
30 5246 1
30 13445 2
30 6790 1
30 19601 1
30 13478 1
30 4263 3
30 14522 1
30 9247 1
30 3260 1
30 8898 1
30 20168 3
30 718 1
30 16592 1
30 17105 1
30 20695 2
30 17790 1
30 13532 1
30 10464 1
30 10467 1
30 19174 1
30 7889 1
30 10985 2
30 1266 1
30 6901 1
30 15096 1
30 19715 1
30 4868 1
30 3340 1
30 7952 1
30 16661 1
30 10530 1
30 6947 2
30 18222 1
30 10545 1
30 15666 1
30 8512 1
30 15184 1
30 12625 2
30 9044 2
30 14677 1
30 22363 1
30 10470 1
30 19820 1
30 9069 1
30 20343 1
30 12153 1
30 7546 1
30 12670 1
30 12673 2
30 16363 1
30 16806 1
30 15278 1
30 2480 1
30 16819 1
30 1460 1
30 11708 2
30 9150 1
30 15809 1
30 16835 1
30 15817 1
30 8145 1
30 13779 1
30 18911 1
30 19939 1
30 9704 1
30 10407 2
30 6125 1
30 6136 1
30 13819 1
31 8705 1
31 21509 1
31 9351 1
31 10890 1
31 4364 1
31 19726 1
31 11821 1
31 3221 1
31 22551 3
31 11672 1
31 7637 1
31 20382 1
31 15903 2
31 20384 1
31 4002 1
31 11684 1
31 19238 1
31 5831 1
31 19599 1
31 14509 1
31 9134 1
31 3175 1
31 10974 1
31 12471 1
31 4438 1
31 3258 1
31 8892 1
31 19133 1
31 9792 1
31 13088 1
31 11714 1
31 7236 1
31 20167 1
31 585 4
31 6602 1
31 15438 1
31 6461 2
31 15317 1
31 7254 1
31 1369 1
31 18212 1
31 603 1
31 10205 1
31 19783 2
31 6113 1
31 5092 1
31 16998 2
31 7783 1
31 13884 1
31 12394 1
31 16363 1
31 11887 2
31 13937 1
31 5364 2
31 1525 1
31 17910 1
31 8568 1
31 6265 2
31 18426 1
31 11771 2
31 6269 1
31 15486 1
31 16661 1
32 5635 2
32 7684 1
32 7687 1
32 22032 1
32 22551 8
32 1048 1
32 12825 1
32 22557 1
32 1578 1
32 8238 2
32 13360 1
32 7730 1
32 51 1
32 1597 1
32 3652 1
32 12870 1
32 15432 1
32 11850 2
32 8782 1
32 19041 1
32 9687 1
32 12910 1
32 111 1
32 112 1
32 626 1
32 13428 1
32 10360 1
32 11887 2
32 17535 3
32 21642 1
32 1167 4
32 11931 1
32 16547 1
32 10407 1
32 10408 4
32 17067 1
32 114 2
32 3758 1
32 11449 2
32 5818 1
32 3259 1
32 13502 1
32 20167 1
32 13516 1
32 13532 1
32 10974 1
32 19238 1
32 8938 1
32 7408 1
32 7409 1
32 1266 1
32 5364 3
32 5365 1
32 14583 1
32 15610 1
32 22276 3
32 17162 1
32 20235 1
32 4364 2
32 18197 1
32 4902 1
32 16679 1
32 16190 3
32 3915 1
32 14668 2
32 14671 1
32 14672 5
32 14673 4
32 19796 1
32 14682 1
32 3313 1
32 16224 1
32 11126 1
32 11130 2
32 5866 1
32 16780 2
32 909 1
32 13723 3
32 7069 2
32 1959 2
32 15791 1
32 6065 1
32 7095 1
32 11714 2
32 6599 1
32 9171 1
32 15317 2
32 14807 1
32 20303 1
32 6622 2
32 20475 1
32 17892 1
32 14324 2
32 1525 1
32 18423 1
32 505 1
32 4603 1
33 12288 2
33 16901 1
33 7686 1
33 8449 1
33 15276 1
33 7690 1
33 14543 1
33 12815 1
33 22032 1
33 2578 3
33 4115 1
33 22551 1
33 10264 1
33 14875 1
33 4636 1
33 4639 2
33 4641 2
33 20519 1
33 15401 1
33 1067 1
33 8236 2
33 3629 1
33 21841 1
33 19208 1
33 21042 1
33 3292 1
33 8247 1
33 6715 1
33 13884 1
33 12354 1
33 8260 1
33 4961 1
33 4364 1
33 11850 2
33 13388 1
33 13389 1
33 21586 1
33 1619 1
33 6741 1
33 1627 1
33 19553 1
33 10854 1
33 7785 1
33 21613 1
33 15982 1
33 6256 1
33 13937 2
33 115 1
33 13428 1
33 1141 1
33 633 1
33 11392 1
33 14466 1
33 19588 1
33 13445 2
33 10890 1
33 12429 1
33 1167 1
33 13969 1
33 18592 1
33 4438 1
33 4263 1
33 15528 1
33 10012 1
33 20142 1
33 7345 1
33 21619 1
33 12471 1
33 6331 1
33 19133 2
33 21696 1
33 8387 1
33 6345 1
33 20686 1
33 719 1
33 20692 1
33 12503 1
33 9935 1
33 16092 1
33 2273 1
33 1763 1
33 10468 1
33 10985 1
33 10953 1
33 748 1
33 7409 1
33 3314 2
33 10484 1
33 18148 1
33 16017 1
33 5881 1
33 11008 3
33 8064 1
33 15618 1
33 4867 1
33 4868 1
33 7432 1
33 11820 1
33 18700 1
33 7952 2
33 17170 1
33 2835 1
33 18197 1
33 7451 1
33 8988 1
33 8989 1
33 14622 1
33 13089 1
33 14118 1
33 16430 1
33 10972 1
33 12589 1
33 15666 1
33 7481 1
33 12602 1
33 5951 1
33 5959 1
33 17229 1
33 3408 1
33 12625 2
33 3411 1
33 14677 1
33 22358 1
33 21305 1
33 3417 1
33 4960 1
33 22369 2
33 2914 1
33 19814 1
33 7527 2
33 19943 1
33 9069 2
33 9071 2
33 15218 1
33 7540 1
33 3958 1
33 12663 2
33 12465 1
33 19172 1
33 17790 2
33 9600 1
33 7044 1
33 1415 1
33 3978 1
33 3979 1
33 910 1
33 17818 1
33 3996 1
33 4000 1
33 18853 1
33 15273 2
33 22442 1
33 9644 1
33 7410 1
33 1465 1
33 1466 2
33 6075 1
33 21949 1
33 22464 1
33 7617 1
33 11714 1
33 7620 4
33 7623 1
33 19401 1
33 8013 1
33 15096 1
33 18391 1
33 10205 2
33 22437 1
33 19938 1
33 14820 1
33 10467 1
33 13800 1
33 8683 1
33 11760 1
33 5623 1
33 5625 3
33 4602 1
33 6651 1
33 10749 1
34 15617 1
34 2949 1
34 7041 1
34 910 2
34 911 1
34 2578 2
34 3731 1
34 622 1
34 20639 1
34 4002 2
34 4003 1
34 13255 1
34 11180 1
34 9645 1
34 15666 1
34 1844 1
34 1076 1
34 12604 1
34 18759 1
34 22463 1
34 9543 1
34 13516 1
34 6306 1
34 20429 1
34 11603 1
34 18005 1
34 9145 1
34 1880 1
34 3919 1
34 18426 1
34 11103 1
34 16998 3
34 6375 1
34 6760 1
34 10985 1
34 490 1
34 17004 1
34 9069 1
34 494 1
34 21619 2
34 6761 1
34 4602 1
35 13843 1
35 15903 1
35 2102 1
35 15415 1
35 15935 2
35 8261 1
35 583 1
35 13898 1
35 8270 1
35 22100 1
35 7254 1
35 4695 1
35 9816 1
35 9817 1
35 10854 1
35 3176 1
35 19900 1
35 15981 1
35 11887 1
35 1136 1
35 21618 1
35 21619 1
35 6269 1
35 5246 1
35 13440 1
35 12929 1
35 1670 1
35 18055 1
35 21642 2
35 13453 1
35 20643 1
35 15217 1
35 4779 1
35 14509 1
35 16046 1
35 14513 1
35 8376 1
35 6687 1
35 20167 1
35 20168 2
35 5323 1
35 15567 1
35 19154 1
35 10453 1
35 15071 1
35 7402 1
35 1266 1
35 7418 1
35 1277 1
35 7637 2
35 1280 1
35 4868 1
35 4364 2
35 5421 1
35 797 1
35 20263 1
35 15149 2
35 7471 2
35 1844 2
35 21814 1
35 2873 1
35 20794 1
35 7483 1
35 20284 1
35 19263 1
35 16704 1
35 18759 1
35 3915 1
35 5459 1
35 6489 1
35 16223 1
35 22369 1
35 19814 1
35 22378 1
35 9067 1
35 22385 1
35 13176 1
35 4986 2
35 14721 1
35 21906 1
35 1942 1
35 11672 1
35 17818 1
35 20382 1
35 20384 1
35 15266 1
35 17828 1
35 15275 1
35 11180 1
35 3060 1
35 8636 1
35 11850 1
35 3528 1
35 7633 1
35 3541 1
35 18391 1
35 11684 3
35 21361 1
35 10208 1
35 5089 1
35 11259 2
35 13797 1
35 4263 1
35 11760 2
35 10740 2
35 22517 1
35 3574 1
35 7160 1
35 11771 3
35 12799 1
36 13316 2
36 7686 1
36 19464 1
36 8722 1
36 13847 1
36 3629 1
36 16430 1
36 16435 1
36 11835 1
36 12354 1
36 11850 1
36 21586 2
36 22100 1
36 5390 1
36 7258 1
36 603 1
36 5729 1
36 16998 1
36 18022 1
36 22121 1
36 12910 1
36 1139 1
36 12916 1
36 6263 1
36 12929 1
36 14978 1
36 19588 1
36 19589 1
36 11398 1
36 13449 1
36 21651 1
36 6809 1
36 13978 1
36 9892 1
36 19626 1
36 14513 1
36 4278 1
36 19133 2
36 2243 2
36 2244 1
36 20167 3
36 20168 1
36 14037 1
36 4310 1
36 14551 1
36 22232 1
36 13532 1
36 10975 1
36 20711 1
36 20712 2
36 5867 1
36 18686 1
36 11479 3
36 4364 2
36 6414 1
36 18197 1
36 19740 1
36 13445 1
36 18211 1
36 646 1
36 16682 1
36 7471 1
36 12089 1
36 22344 1
36 12625 1
36 11602 1
36 14677 1
36 21305 1
36 2394 1
36 18267 1
36 15199 1
36 9069 1
36 3954 1
36 16019 2
36 12390 1
36 9600 2
36 15754 1
36 21902 1
36 20882 1
36 9621 1
36 11672 1
36 22426 1
36 20382 3
36 15856 1
36 11684 1
36 13227 1
36 4012 2
36 4533 1
36 11708 1
36 11710 1
36 13255 1
36 7113 1
36 14290 1
36 13796 1
36 18921 1
36 11760 1
36 19449 1
36 11771 2
36 15530 1
37 129 1
37 13611 1
37 1138 1
37 19719 1
37 14807 1
37 4364 1
37 12354 1
37 5390 1
37 7952 1
37 18197 1
37 22551 1
37 21912 1
37 10052 1
37 6170 1
37 13979 1
37 18208 1
37 14448 1
37 20643 1
37 20123 1
37 4038 1
37 7463 1
37 20008 1
37 22492 1
37 20010 1
37 17067 1
37 8236 1
37 9901 1
37 7471 1
37 4019 1
37 19124 1
37 6770 1
37 16054 1
37 5690 1
37 19133 1
37 831 1
37 22368 1
37 11714 1
37 20384 1
37 3524 1
37 2245 1
37 16966 1
37 11847 1
37 21960 2
37 13388 1
37 17996 1
37 17872 2
37 12625 2
37 21586 2
37 4180 1
37 9047 1
37 9816 1
37 18267 3
37 18012 1
37 10205 1
37 15583 1
37 16352 1
37 9232 1
37 11916 1
37 19942 1
37 6760 2
37 19561 1
37 22252 1
37 12013 1
37 16238 1
37 3568 1
37 1266 1
37 12799 1
38 22464 2
38 18051 1
38 3588 2
38 10208 1
38 15751 1
38 2220 1
38 15754 1
38 18955 1
38 15763 1
38 18966 1
38 22551 1
38 3332 1
38 8479 1
38 20384 1
38 18841 1
38 20260 1
38 8257 1
38 16625 1
38 22442 1
38 20012 1
38 15149 1
38 11953 1
38 19124 1
38 8585 1
38 8636 1
38 10890 1
38 10047 1
38 6592 1
38 6337 1
38 17163 1
38 3958 1
38 17996 1
38 13389 1
38 17290 1
38 7635 1
38 8153 1
38 18267 1
38 2271 1
38 22368 1
38 11771 1
38 7014 1
38 5351 1
38 15976 1
38 20284 1
38 18154 1
38 22385 1
38 3314 1
38 16502 1
38 10107 1
38 5118 1
39 12352 1
39 20257 1
39 17188 1
39 9121 1
39 20905 1
39 2314 1
39 4364 1
39 3629 1
39 9167 1
39 17424 1
39 19476 1
39 21845 1
39 19133 1
39 21305 1
39 14543 1
39 3978 1
