1 19473 1
1 22551 2
1 13849 2
1 15903 1
1 11303 1
1 1067 1
1 12848 1
1 17973 1
1 11335 1
1 8268 1
1 13389 1
1 21586 1
1 3157 1
1 13398 1
1 9817 1
1 18528 1
1 12897 1
1 14448 1
1 13937 2
1 1141 1
1 17016 2
1 4218 1
1 12938 1
1 14479 1
1 4754 1
1 17046 1
1 9887 1
1 673 1
1 20642 1
1 9901 1
1 2224 1
1 19124 1
1 4795 1
1 18108 1
1 19133 1
1 2761 1
1 3278 1
1 9423 1
1 7380 2
1 21727 1
1 17637 1
1 8954 1
1 18174 1
1 4867 1
1 4868 2
1 7433 1
1 4364 1
1 8979 1
1 4884 1
1 21781 1
1 15128 1
1 7456 1
1 16682 1
1 2873 1
1 4418 1
1 20299 1
1 21305 1
1 5988 1
1 8552 1
1 13681 1
1 13682 1
1 890 1
1 17790 1
1 16775 1
1 5000 1
1 909 1
1 7055 1
1 15770 1
1 8607 1
1 20384 1
1 18853 1
1 15273 2
1 9645 1
1 5551 1
1 12209 1
1 14495 1
1 15808 1
1 11714 1
1 9167 1
1 7633 1
1 9684 1
1 11737 1
1 18911 1
1 8683 1
1 5623 1
1 8184 1
1 4601 1
1 8188 1
1 12799 1
2 12288 1
2 15874 1
2 19460 1
2 8198 1
2 10 1
2 22551 1
2 6150 1
2 20519 1
2 16430 1
2 14387 1
2 12852 1
2 12686 1
2 13884 1
2 10758 1
2 12352 1
2 20547 1
2 1092 1
2 15432 1
2 11850 1
2 7755 2
2 1635 1
2 7765 1
2 9819 1
2 15971 1
2 16998 1
2 1639 1
2 18028 1
2 4718 1
2 14448 1
2 1141 2
2 17015 1
2 17016 1
2 633 2
2 14462 1
2 15487 1
2 11398 2
2 13453 1
2 19907 1
2 14495 1
2 20642 1
2 14509 1
2 12465 1
2 15028 1
2 22200 1
2 15033 1
2 14522 1
2 19133 2
2 14016 2
2 4290 2
2 631 1
2 18645 1
2 14969 1
2 22232 1
2 18420 1
2 10974 1
2 15312 1
2 740 1
2 1256 1
2 748 1
2 17148 3
2 11008 1
2 4867 1
2 15621 1
2 2310 1
2 3335 1
2 7432 1
2 4364 5
2 7952 1
2 19734 1
2 1828 1
2 5929 1
2 1837 1
2 6446 1
2 6965 1
2 21305 2
2 21837 4
2 21841 1
2 11662 1
2 860 1
2 10589 1
2 7010 1
2 5987 1
2 5988 1
2 8041 1
2 15216 1
2 8568 1
2 9600 2
2 1922 2
2 11144 1
2 11148 1
2 910 1
2 917 1
2 13723 2
2 7581 1
2 20384 1
2 4003 2
2 15273 1
2 15276 1
2 9645 1
2 4526 1
2 9145 1
2 11714 1
2 13763 1
2 7620 1
2 7622 1
2 12746 1
2 15820 2
2 14798 1
2 3536 1
2 3541 1
2 19938 2
2 17892 1
2 492 1
2 16367 2
2 500 1
2 505 1
2 6652 1
2 13821 1
2 14677 1
3 12288 2
3 15874 2
3 19460 1
3 10 1
3 16911 1
3 19478 1
3 4121 1
3 21018 1
3 9244 1
3 14682 1
3 15903 1
3 4128 1
3 11821 1
3 13358 1
3 16431 1
3 13360 1
3 14387 1
3 12852 1
3 11832 1
3 12349 2
3 12360 1
3 7241 1
3 2634 1
3 588 4
3 21586 2
3 22100 1
3 18005 1
3 4182 1
3 8797 1
3 95 1
3 15971 1
3 7785 1
3 1895 1
3 3182 1
3 112 1
3 21618 1
3 1651 1
3 8041 1
3 19581 1
3 5246 1
3 16511 1
3 5248 1
3 16513 1
3 2179 1
3 11399 1
3 4746 1
3 8332 1
3 1167 1
3 1170 1
3 7329 1
3 5806 1
3 19124 1
3 5301 1
3 12472 1
3 20155 1
3 19133 5
3 12503 2
3 12481 1
3 2243 1
3 20168 1
3 20686 1
3 5841 1
3 5843 1
3 5838 1
3 8919 3
3 13885 1
3 740 1
3 10469 1
3 14575 1
3 3313 1
3 12018 2
3 20723 3
3 14583 1
3 8954 1
3 13952 1
3 20695 1
3 4364 4
3 7952 1
3 18197 1
3 21782 1
3 2839 1
3 2840 1
3 16684 1
3 18222 1
3 6965 1
3 21305 5
3 13129 1
3 4942 1
3 1882 1
3 13666 1
3 7527 1
3 5993 1
3 15210 1
3 9069 1
3 6269 1
3 2706 2
3 20343 1
3 9600 1
3 1922 1
3 1415 1
3 11152 1
3 18329 1
3 12189 2
3 20384 1
3 4002 1
3 4003 1
3 9645 1
3 12726 1
3 500 1
3 954 1
3 1469 1
3 22464 1
3 4000 1
3 11714 2
3 4547 1
3 13255 1
3 1997 1
3 1998 1
3 9167 1
3 2000 1
3 14807 1
3 15838 1
3 1504 2
3 16366 1
3 16367 1
3 4081 2
3 14324 2
3 502 1
3 15869 1
4 12288 2
4 15874 1
4 14725 1
4 22406 2
4 9167 1
4 19464 1
4 4746 1
4 13963 1
4 6028 3
4 11714 1
4 11821 1
4 11664 2
4 2706 1
4 4116 1
4 21102 1
4 6809 1
4 2840 1
4 2841 3
4 14493 1
4 15754 1
4 20639 1
4 4000 3
4 2839 1
4 4002 1
4 19619 1
4 18214 1
4 274 1
4 4011 1
4 14509 1
4 16430 1
4 1076 2
4 3629 2
4 22198 2
4 17975 2
4 1464 1
4 21305 5
4 6687 1
4 19133 5
4 20874 1
4 13445 1
4 22368 1
4 22082 1
4 1547 1
4 3652 4
4 15434 1
4 12870 2
4 19783 1
4 6216 2
4 1482 2
4 19787 1
4 588 1
4 15266 1
4 1998 1
4 1997 3
4 8144 1
4 5843 1
4 9044 1
4 14037 1
4 20695 1
4 602 1
4 1167 2
4 13532 1
4 13663 1
4 12512 1
4 16592 1
4 14807 1
4 100 1
4 16998 1
4 9069 3
4 104 1
4 13161 1
4 15210 1
4 22418 1
4 14574 2
4 12349 1
4 5232 1
4 18162 1
4 8180 1
4 15096 1
4 13053 1
4 5246 1
5 1415 1
5 16902 1
5 19464 2
5 1547 3
5 22032 2
5 12825 1
5 542 1
5 6687 1
5 11808 1
5 11303 1
5 3629 1
5 13358 1
5 1076 1
5 569 1
5 4668 1
5 12349 1
5 13887 1
5 17984 1
5 13889 1
5 22082 2
5 3652 5
5 18505 1
5 11850 1
5 21586 1
5 11865 1
5 602 1
5 20923 1
5 13412 2
5 104 1
5 10859 1
5 21102 1
5 9832 1
5 17015 1
5 6265 1
5 13435 1
5 5760 1
5 107 1
5 11398 1
5 4238 1
5 10900 1
5 22175 1
5 19616 1
5 11632 1
5 11431 1
5 17071 1
5 19124 1
5 6345 1
5 3259 1
5 19133 2
5 13504 1
5 13508 1
5 14537 1
5 16588 1
5 1507 1
5 4816 1
5 4310 1
5 20695 2
5 11992 1
5 5339 1
5 1757 1
5 5840 1
5 741 1
5 4844 1
5 13357 1
5 20209 1
5 2309 1
5 2310 1
5 12625 2
5 18191 1
5 17170 1
5 16430 1
5 4886 1
5 2840 1
5 2841 2
5 17185 1
5 20260 1
5 6950 1
5 11563 1
5 11569 2
5 21305 2
5 5951 1
5 320 1
5 4941 1
5 20303 1
5 3408 1
5 15697 1
5 9554 1
5 6995 1
5 11604 1
5 2873 1
5 6489 1
5 18267 1
5 7517 1
5 4448 1
5 9069 4
5 9072 2
5 4415 1
5 17788 1
5 4484 1
5 14725 1
5 11841 1
5 15754 1
5 10128 1
5 10129 1
5 10644 1
5 4000 3
5 4002 1
5 15273 1
5 4011 1
5 2990 1
5 1467 1
5 6076 1
5 4030 1
5 1482 1
5 9167 1
5 14807 1
5 17231 1
5 18911 1
5 995 1
5 13799 1
5 16366 1
5 16367 1
5 1524 1
5 16373 1
5 6649 1
5 6651 2
6 12288 1
6 9901 1
6 4868 1
6 2309 1
6 11398 1
6 1415 1
6 4364 2
6 16301 1
6 16272 1
6 274 2
6 3408 1
6 16661 1
6 19478 1
6 16260 1
6 13778 2
6 4000 1
6 16419 1
6 4003 1
6 2310 1
6 11815 1
6 8412 1
6 1453 1
6 5936 1
6 9660 1
6 4668 2
6 6078 1
6 22463 1
6 9072 1
6 11714 1
6 4385 1
6 1482 1
6 588 1
6 1443 1
6 8041 1
6 18128 1
6 21586 1
6 9635 1
6 7765 1
6 4438 2
6 105 1
6 8409 1
6 19023 1
6 7516 1
6 2000 1
6 20194 1
6 13412 1
6 16998 1
6 20712 1
6 7785 1
6 15980 1
6 9069 2
6 7663 1
6 14448 2
6 21751 1
6 1918 1
7 1408 1
7 8449 2
7 19460 1
7 14725 1
7 14086 1
7 4524 2
7 3991 1
7 4364 4
7 6798 1
7 9645 1
7 17041 2
7 659 1
7 16916 1
7 15856 1
7 8086 1
7 5593 1
7 12825 1
7 8636 1
7 16030 1
7 6687 1
7 4000 1
7 11760 1
7 6742 1
7 4438 1
7 16806 1
7 6695 1
7 20690 1
7 15273 2
7 11946 1
7 11436 2
7 9901 1
7 1711 1
7 7600 1
7 7601 1
7 19124 1
7 15774 1
7 14006 1
7 7817 1
7 21305 1
7 8378 1
7 6075 1
7 8764 1
7 19133 1
7 3392 1
7 3652 1
7 69 1
7 460 1
7 5838 1
7 6479 1
7 8685 1
7 12625 1
7 21586 1
7 15827 1
7 6484 1
7 14038 1
7 20695 1
7 5337 1
7 11738 1
7 9644 1
7 13405 2
7 4665 1
7 18528 1
7 22369 1
7 8507 1
7 15590 1
7 4668 4
7 17063 1
7 17772 1
7 9069 2
7 20848 1
7 20639 1
7 20724 1
7 22262 1
7 18424 1
7 6269 1
8 12288 1
8 1921 1
8 15874 1
8 4611 1
8 11703 1
8 7451 1
8 1415 1
8 18185 2
8 17290 1
8 395 1
8 4364 2
8 7463 1
8 11662 1
8 16911 1
8 17169 1
8 10515 1
8 7937 1
8 14744 1
8 17435 1
8 11292 2
8 22557 1
8 2464 1
8 5723 1
8 4005 1
8 6694 1
8 7011 1
8 6826 1
8 11180 1
8 3629 3
8 16431 1
8 1844 1
8 12471 2
8 21305 8
8 10938 1
8 8892 1
8 19133 8
8 7999 1
8 13408 1
8 3220 1
8 13891 1
8 21586 1
8 15478 1
8 3528 2
8 5321 1
8 13514 3
8 20343 1
8 588 1
8 12878 2
8 10219 1
8 13394 1
8 19939 1
8 12521 1
8 7637 1
8 11672 1
8 14807 3
8 3647 2
8 5391 1
8 15820 3
8 94 1
8 22368 1
8 17121 1
8 17122 2
8 11771 1
8 16294 1
8 7654 1
8 9069 2
8 8041 1
8 17291 1
8 8556 1
8 109 1
8 9420 1
8 1469 1
8 2673 1
8 14803 1
8 11604 1
8 16831 1
8 22262 2
8 5623 1
8 3631 1
8 15994 1
8 15227 1
8 6652 1
8 12799 1
9 11008 1
9 15874 1
9 19460 3
9 16901 1
9 12296 1
9 17424 1
9 19478 1
9 22551 1
9 14426 1
9 4128 1
9 10928 1
9 3629 4
9 1074 1
9 11827 1
9 14389 1
9 11832 1
9 13885 2
9 8766 1
9 13887 1
9 12354 1
9 8261 1
9 15432 1
9 11850 2
9 9292 1
9 10833 1
9 21586 3
9 5717 1
9 13398 1
9 602 1
9 18876 2
9 11870 1
9 18528 1
9 11792 1
9 22119 1
9 21948 1
9 3175 1
9 15468 1
9 10861 1
9 10862 1
9 11887 1
9 2673 1
9 1141 5
9 14969 1
9 12930 1
9 107 1
9 4741 1
9 11398 1
9 6791 1
9 1163 1
9 13452 1
9 18882 1
9 21613 1
9 13969 2
9 13970 2
9 20115 1
9 10392 1
9 11932 1
9 20639 1
9 20642 1
9 17062 1
9 6823 1
9 15528 2
9 11946 1
9 17067 1
9 15534 3
9 13357 1
9 1712 1
9 16049 1
9 16054 3
9 10938 2
9 4795 1
9 19133 2
9 14016 1
9 12481 1
9 2243 1
9 11466 1
9 17612 1
9 3277 1
9 5840 1
9 20690 1
9 19155 1
9 12502 1
9 5337 1
9 5347 1
9 10468 3
9 2279 1
9 4328 1
9 17129 1
9 19154 1
9 12526 1
9 6898 1
9 5843 2
9 17148 1
9 15102 1
9 1280 1
9 8449 2
9 8451 1
9 4868 1
9 6917 1
9 4360 1
9 20234 1
9 3339 1
9 4364 7
9 5391 1
9 7952 1
9 18051 1
9 11566 1
9 2839 1
9 284 1
9 4894 1
9 13445 3
9 6441 2
9 18222 1
9 14387 1
9 17042 1
9 21305 2
9 17290 1
9 8512 1
9 3905 1
9 17220 1
9 22341 1
9 17225 1
9 17229 1
9 5455 1
9 12625 4
9 17123 2
9 14677 2
9 4438 1
9 6489 1
9 2394 1
9 18267 1
9 22369 1
9 8502 1
9 7017 1
9 4460 1
9 9069 4
9 16701 1
9 22385 1
9 6517 1
9 1405 1
9 17792 1
9 21312 1
9 16773 1
9 16775 1
9 904 3
9 19849 1
9 3978 1
9 395 1
9 10124 1
9 493 1
9 4496 1
9 14744 1
9 22418 3
9 10644 1
9 11672 1
9 7584 2
9 14761 2
9 11180 1
9 9645 2
9 14262 1
9 8124 1
9 1469 1
9 22464 1
9 20384 1
9 11714 2
9 3528 1
9 20429 1
9 9167 1
9 2003 1
9 5592 1
9 22496 1
9 11771 1
9 7654 4
9 14825 1
9 4263 1
9 13394 1
9 494 1
9 11760 1
9 15273 1
9 5625 2
9 4602 1
9 1019 3
10 20483 1
10 5251 1
10 12296 2
10 11273 2
10 22539 1
10 1550 1
10 17424 1
10 8724 1
10 15534 1
10 4868 1
10 602 1
10 9758 1
10 16417 1
10 13863 2
10 3629 2
10 9777 2
10 1586 1
10 2099 1
10 9924 1
10 22581 2
10 12344 1
10 12345 1
10 5691 1
10 13884 1
10 64 1
10 1092 1
10 10821 1
10 19736 1
10 8268 1
10 10318 1
10 3151 1
10 5208 1
10 14017 1
10 9309 1
10 19550 1
10 18528 2
10 15632 1
10 12899 1
10 9832 1
10 6844 2
10 109 2
10 15177 3
10 14448 1
10 1141 1
10 15994 1
10 3197 1
10 13950 1
10 21632 1
10 21635 1
10 1668 1
10 6791 1
10 21640 1
10 18882 1
10 17041 3
10 9876 1
10 20119 1
10 14020 1
10 11931 2
10 11932 1
10 13981 1
10 11461 1
10 14497 1
10 13986 1
10 22220 1
10 13992 2
10 8988 1
10 9901 1
10 7854 1
10 21680 1
10 20148 1
10 12471 1
10 8376 1
10 4980 1
10 3258 1
10 4795 1
10 8892 1
10 19133 4
10 5276 1
10 12481 1
10 18628 1
10 20165 1
10 18632 3
10 18633 2
10 12151 1
10 13516 3
10 290 1
10 11471 1
10 8913 1
10 13016 1
10 19162 1
10 12495 1
10 13532 1
10 19677 1
10 10975 1
10 15584 1
10 16616 1
10 7403 1
10 19183 1
10 18162 1
10 18165 1
10 7612 1
10 13569 1
10 21250 1
10 16683 1
10 6916 1
10 1918 1
10 19208 1
10 17162 1
10 3343 1
10 7952 2
10 21720 1
10 275 1
10 18200 1
10 282 1
10 17691 1
10 10012 1
10 11815 1
10 4385 1
10 9506 1
10 19238 3
10 2343 1
10 5416 1
10 2780 1
10 15495 1
10 16684 1
10 18222 1
10 15666 1
10 17203 1
10 8502 1
10 1681 1
10 21305 4
10 7483 1
10 10046 1
10 17973 1
10 14657 1
10 20291 1
10 5445 2
10 18247 1
10 3913 1
10 20303 1
10 3408 1
10 12625 1
10 14819 1
10 3641 1
10 15705 1
10 22368 1
10 22369 1
10 11835 1
10 16231 1
10 5480 1
10 5994 1
10 17771 1
10 5996 1
10 9069 3
10 7538 1
10 372 1
10 15128 2
10 17692 1
10 20343 2
10 21880 1
10 10900 1
10 3963 1
10 21884 1
10 12670 1
10 9600 1
10 18818 1
10 8427 1
10 16772 1
10 9093 1
10 3905 1
10 12220 1
10 10636 2
10 18068 2
10 16787 1
10 14489 1
10 3992 1
10 927 1
10 13216 1
10 15266 3
10 9124 1
10 19881 1
10 1968 1
10 19378 1
10 435 1
10 437 1
10 15799 1
10 8123 1
10 18876 2
10 19392 1
10 8641 1
10 11714 1
10 5246 2
10 19397 1
10 10696 1
10 12746 1
10 5069 7
10 19408 1
10 14290 1
10 7635 1
10 9684 1
10 17486 1
10 14807 1
10 16804 1
10 8156 1
10 6622 1
10 19939 1
10 16775 1
10 6630 1
10 16367 1
10 11760 1
10 15187 1
10 3572 1
10 4602 1
10 17403 1
10 4603 1
11 12288 1
11 19460 2
11 12296 1
11 22188 1
11 14 1
11 16911 1
11 3600 1
11 529 1
11 19476 1
11 19478 1
11 16417 2
11 12325 1
11 20519 2
11 11817 1
11 3629 1
11 1076 1
11 1589 1
11 1590 1
11 11273 1
11 16952 1
11 4277 1
11 15939 2
11 15432 1
11 7241 1
11 8268 3
11 13389 1
11 4691 1
11 9300 2
11 18005 1
11 7768 1
11 5721 1
11 602 2
11 603 1
11 97 1
11 4795 3
11 9831 1
11 14448 1
11 1141 2
11 21781 2
11 12930 1
11 18052 1
11 4746 1
11 3217 1
11 13459 1
11 14495 1
11 14497 2
11 20642 1
11 4263 1
11 15528 1
11 15532 2
11 2224 1
11 19124 1
11 1717 1
11 19126 1
11 8375 1
11 11449 1
11 3258 1
11 20155 1
11 18108 1
11 19133 4
11 4290 1
11 11461 1
11 18632 1
11 10447 1
11 10449 1
11 10452 1
11 12501 1
11 11471 1
11 15582 1
11 2273 1
11 20195 2
11 8421 2
11 17148 1
11 14592 2
11 8449 1
11 4868 1
11 21767 1
11 20234 1
11 4364 1
11 2325 1
11 21782 1
11 2839 1
11 17200 1
11 13108 1
11 15838 1
11 17720 1
11 21305 4
11 19770 2
11 10044 2
11 17973 1
11 22344 1
11 847 1
11 12625 3
11 19796 2
11 7397 1
11 9069 1
11 6511 1
11 10096 1
11 4980 2
11 18293 1
11 21878 2
11 377 1
11 21884 1
11 1917 1
11 18818 1
11 12164 1
11 904 1
11 6030 1
11 21903 1
11 11843 1
11 11668 1
11 5534 1
11 20384 1
11 15266 1
11 15273 1
11 9645 1
11 5551 1
11 5552 1
11 18865 1
11 16831 1
11 15808 1
11 18882 2
11 7620 1
11 5069 1
11 9167 1
11 3025 1
11 5829 1
11 7635 1
11 9684 1
11 20954 1
11 10205 1
11 6622 2
11 18406 1
11 19943 1
11 15850 1
11 7660 1
11 16367 2
11 500 1
11 18424 1
12 19460 1
12 19461 1
12 8988 1
12 12815 1
12 22032 2
12 19478 1
12 10264 1
12 15903 1
12 22352 1
12 11815 1
12 1576 1
12 15403 1
12 8236 1
12 3629 1
12 1076 1
12 17973 1
12 1468 2
12 7236 1
12 11850 1
12 8268 1
12 11856 1
12 21586 2
12 18005 1
12 15545 1
12 15448 3
12 1467 1
12 16998 1
12 7785 1
12 21098 1
12 625 1
12 1138 2
12 13428 2
12 1141 3
12 15994 1
12 5909 1
12 18052 1
12 18565 1
12 13451 1
12 18882 1
12 13969 1
12 9876 1
12 13979 1
12 9886 1
12 9887 1
12 14500 1
12 13478 1
12 6825 1
12 11434 1
12 6828 1
12 2224 1
12 19124 1
12 9398 1
12 2745 1
12 19133 4
12 5823 1
12 14016 1
12 2243 1
12 15558 1
12 17612 1
12 16592 1
12 8401 1
12 11479 1
12 1760 1
12 14051 1
12 7403 1
12 6892 1
12 1266 1
12 10490 1
12 14081 1
12 12673 1
12 18185 1
12 4364 5
12 14095 1
12 21781 1
12 17692 1
12 20262 1
12 21799 1
12 16688 1
12 21814 1
12 21305 4
12 16195 1
12 20808 1
12 20298 1
12 15184 1
12 12625 1
12 14677 1
12 4438 1
12 14649 1
12 7516 1
12 22369 2
12 2407 1
12 9069 2
12 7537 1
12 12670 2
12 1921 1
12 1922 1
12 8579 1
12 22252 1
12 1418 1
12 20877 1
12 2446 1
12 4496 1
12 4497 1
12 20882 4
12 19595 1
12 6042 1
12 6043 1
12 20384 1
12 4012 1
12 5047 1
12 1465 1
12 14495 1
12 18876 1
12 1471 1
12 22464 1
12 7584 2
12 11714 2
12 21957 1
12 13255 1
12 588 1
12 5069 1
12 9684 1
12 5077 1
12 9892 2
12 592 2
12 19939 1
12 15185 1
12 2025 1
12 15855 1
12 11760 1
12 13299 1
12 8184 1
12 15869 1
12 3157 2
13 12673 1
13 14082 1
13 7812 2
13 4438 1
13 19464 2
13 18199 1
13 4364 4
13 2446 1
13 4973 1
13 4496 1
13 3985 1
13 2834 1
13 18197 3
13 22551 1
13 7709 1
13 9886 1
13 15903 2
13 7584 2
13 15266 1
13 14500 1
13 5623 1
13 17067 1
13 8236 1
13 20142 1
13 8989 1
13 13832 1
13 4661 1
13 12471 1
13 1465 1
13 13884 1
13 437 1
13 22464 1
13 20384 3
13 17218 1
13 13131 1
13 22086 1
13 15817 1
13 11850 2
13 1099 1
13 17996 1
13 20686 1
13 12625 1
13 21586 1
13 4310 1
13 6622 1
13 18267 1
13 10206 1
13 22496 1
13 8804 1
13 15593 1
13 748 1
13 20882 1
13 15855 2
13 15856 1
13 13937 1
13 1138 1
13 1139 2
13 4599 1
14 512 1
14 22571 1
14 7684 2
14 3973 1
14 3974 1
14 7687 1
14 2348 1
14 3978 1
14 3991 1
14 4364 2
14 12815 1
14 12466 1
14 9432 1
14 20882 1
14 7683 1
14 16333 1
14 11726 1
14 22551 2
14 10264 1
14 10265 1
14 3652 1
14 12189 1
14 15903 2
14 17313 1
14 8539 1
14 18852 2
14 19238 1
14 681 1
14 3626 1
14 18055 1
14 12076 1
14 12717 1
14 8238 2
14 15096 2
14 12360 1
14 8722 1
14 12852 1
14 5301 1
14 12471 1
14 1466 3
14 8892 1
14 6718 1
14 7617 1
14 11714 1
14 11723 1
14 10436 1
14 15432 1
14 16586 1
14 20343 1
14 17484 1
14 8013 1
14 15566 1
14 9167 1
14 22352 1
14 10360 1
14 18851 1
14 6741 3
14 12111 1
14 22232 1
14 18393 1
14 603 1
14 10972 1
14 22418 1
14 21727 1
14 2915 1
14 19733 1
14 7911 1
14 10428 1
14 16363 2
14 9069 2
14 14448 1
14 7537 1
14 6514 1
14 18423 1
14 18424 1
14 5625 1
14 7546 1
14 12799 1
15 7686 1
15 519 1
15 12808 1
15 7570 1
15 22551 1
15 19204 1
15 16926 1
15 20519 1
15 11817 1
15 12842 1
15 14379 1
15 8236 1
15 8749 1
15 8238 1
15 12342 1
15 3134 1
15 19519 1
15 16224 2
15 8260 1
15 7749 1
15 15432 1
15 11850 1
15 526 1
15 18016 1
15 6331 1
15 9831 1
15 21102 1
15 13937 1
15 6770 1
15 12916 1
15 11894 1
15 16504 1
15 19580 1
15 5246 1
15 15487 1
15 13440 1
15 15808 1
15 2179 2
15 13453 1
15 19607 1
15 6809 1
15 13984 1
15 16035 1
15 11434 1
15 22188 1
15 9901 1
15 7342 2
15 7345 1
15 4277 1
15 4041 1
15 11963 1
15 8892 1
15 19133 1
15 7870 1
15 18113 1
15 13514 1
15 12151 1
15 22229 1
15 11479 1
15 10972 1
15 17124 1
15 745 1
15 7915 1
15 14574 1
15 14063 1
15 18162 1
15 14584 1
15 15609 1
15 22571 1
15 4868 3
15 15621 1
15 7952 2
15 10515 1
15 7451 1
15 18205 1
15 7455 1
15 10530 1
15 12588 1
15 2351 1
15 22340 1
15 12625 3
15 9044 1
15 9047 1
15 4441 1
15 7520 1
15 2915 4
15 15205 1
15 13161 1
15 9069 3
15 9587 1
15 20343 1
15 6174 1
15 3974 1
15 395 1
15 22418 1
15 14743 1
15 1434 1
15 20384 1
15 17313 2
15 15266 1
15 6052 1
15 434 1
15 1468 1
15 22464 3
15 11714 1
15 13255 1
15 5577 1
15 14286 1
15 3023 1
15 13778 1
15 14293 1
15 14807 1
15 15322 1
15 2524 1
15 6622 1
15 19938 1
15 19939 1
15 10214 1
15 18919 4
15 15849 1
15 7660 1
15 16366 1
15 15855 1
15 6652 1
16 13316 1
16 12808 1
16 7690 1
16 11787 1
16 7692 2
16 9745 1
16 16914 1
16 22551 1
16 3609 1
16 9755 1
16 22557 1
16 9758 1
16 9759 1
16 7200 1
16 16417 1
16 20519 1
16 14379 1
16 9777 2
16 12852 1
16 2111 1
16 20547 1
16 7749 1
16 16968 1
16 7180 1
16 13389 1
16 11858 2
16 15801 1
16 13412 1
16 15976 1
16 20589 1
16 13937 1
16 5746 1
16 12916 2
16 2166 1
16 6264 1
16 20095 1
16 21633 1
16 13443 1
16 19588 1
16 5765 1
16 7814 1
16 9351 1
16 21699 1
16 8342 1
16 15512 1
16 21146 1
16 18592 1
16 6819 2
16 9380 1
16 10407 1
16 17067 1
16 22188 1
16 14509 1
16 20155 1
16 21696 1
16 11969 1
16 2243 1
16 15574 1
16 11992 1
16 2394 1
16 12510 1
16 4831 1
16 740 1
16 5867 2
16 20718 1
16 5876 1
16 10622 1
16 11511 2
16 14584 1
16 18174 1
16 5675 1
16 4868 5
16 15621 1
16 20234 1
16 4364 1
16 10510 1
16 8988 1
16 4058 1
16 7463 1
16 12076 1
16 16175 1
16 7474 1
16 10552 2
16 8512 1
16 6982 2
16 17225 1
16 7498 2
16 17229 1
16 1336 1
16 9044 2
16 4438 1
16 17242 1
16 18267 1
16 4960 1
16 22369 1
16 22373 1
16 3943 1
16 11632 1
16 5489 1
16 7550 1
16 10625 2
16 19094 1
16 3991 1
16 1436 1
16 16804 1
16 20389 1
16 12713 3
16 17322 2
16 2990 1
16 15432 2
16 9145 1
16 22460 1
16 22464 2
16 13255 2
16 15322 1
16 18919 2
16 15851 1
16 21586 1
16 13821 1
16 10224 1
16 4089 1
16 22442 1
16 5118 7
17 13316 1
17 22358 1
17 521 1
17 526 1
17 2063 1
17 19476 1
17 7854 1
17 3094 2
17 22551 2
17 19204 1
17 3610 1
17 17071 1
17 11292 4
17 14682 2
17 5662 1
17 6690 1
17 5667 1
17 8236 1
17 14381 1
17 12852 2
17 13880 1
17 11835 1
17 3134 2
17 17983 1
17 2113 6
17 20547 1
17 7236 1
17 8262 2
17 15432 1
17 13389 3
17 2640 5
17 11858 1
17 18005 1
17 9755 1
17 15971 1
17 18022 1
17 20589 1
17 18030 1
17 14448 2
17 13937 2
17 13161 1
17 16506 1
17 3709 1
17 16512 1
17 15491 1
17 20100 1
17 18055 1
17 15496 1
17 19595 2
17 19596 1
17 1167 5
17 20113 1
17 13763 1
17 15512 1
17 6809 1
17 19098 1
17 3232 1
17 6819 1
17 9892 1
17 21617 1
17 21160 1
17 17067 1
17 20142 1
17 12463 1
17 12471 2
17 15033 2
17 14522 1
17 15036 3
17 19133 2
17 4799 1
17 20683 2
17 20686 1
17 17109 1
17 11992 1
17 13532 1
17 19460 1
17 21733 1
17 7911 1
17 7400 1
17 21737 1
17 8428 1
17 14574 1
17 3313 2
17 14579 1
17 3318 1
17 11514 1
17 14082 1
17 4868 5
17 20234 1
17 7952 1
17 22232 1
17 15641 1
17 8481 1
17 1827 1
17 7463 1
17 10972 6
17 7303 2
17 2351 1
17 5936 1
17 19764 3
17 22327 1
17 21305 2
17 12602 1
17 15675 1
17 20284 1
17 19263 1
17 8512 1
17 12101 1
17 6982 1
17 12103 1
17 13128 1
17 13129 2
17 17228 1
17 5969 1
17 17234 1
17 14677 1
17 4438 3
17 2394 1
17 14176 1
17 22369 1
17 14690 1
17 14993 1
17 20329 1
17 9069 3
17 13679 3
17 15216 1
17 10625 1
17 12162 1
17 1924 2
17 22252 1
17 17291 1
17 17292 2
17 2446 3
17 8771 1
17 9621 1
17 1942 1
17 17818 2
17 5019 2
17 414 1
17 20384 2
17 6053 1
17 15784 1
17 5552 1
17 19381 1
17 21945 1
17 19900 2
17 16831 1
17 22464 6
17 13249 1
17 16835 1
17 13255 2
17 9167 1
17 11737 1
17 14304 1
17 12770 1
17 19939 1
17 18920 1
17 13801 1
17 4075 1
17 21586 2
17 10408 1
17 3058 2
17 14324 2
17 9380 1
17 16891 1
17 18940 1
17 5118 2
17 22357 1
18 12288 1
18 12459 2
18 19460 1
18 4613 4
18 22024 1
18 521 1
18 1546 1
18 7180 1
18 9746 1
18 4611 1
18 22551 1
18 3844 1
18 11292 1
18 22557 1
18 9758 1
18 15621 1
18 12891 1
18 20519 1
18 16431 1
18 15408 1
18 12852 1
18 4153 1
18 11835 1
18 2108 1
18 3134 3
18 2113 2
18 12870 1
18 15432 1
18 585 1
18 15948 1
18 13389 1
18 2640 2
18 21586 1
18 595 1
18 603 1
18 18022 1
18 7785 1
18 108 1
18 18030 1
18 14448 3
18 21617 2
18 14969 2
18 3709 1
18 13951 1
18 13957 1
18 16519 1
18 11632 1
18 20117 1
18 22166 1
18 6809 1
18 2416 1
18 9892 1
18 10407 2
18 10408 1
18 17067 2
18 17071 3
18 2224 1
18 16049 1
18 15036 1
18 12481 1
18 10436 1
18 15567 1
18 17107 1
18 17109 1
18 14038 1
18 22232 1
18 10972 2
18 16606 1
18 11771 1
18 7397 1
18 9169 1
18 22252 1
18 14574 1
18 3197 1
18 15088 1
18 3313 1
18 14583 1
18 14584 1
18 15614 1
18 19204 1
18 2309 1
18 17675 1
18 3344 1
18 4868 1
18 8988 1
18 13088 1
18 290 1
18 18215 1
18 12585 1
18 20269 1
18 7471 1
18 1844 2
18 10552 1
18 16704 1
18 15170 2
18 14148 1
18 7500 1
18 21841 1
18 17234 1
18 9043 1
18 9044 1
18 4438 2
18 2105 1
18 14682 1
18 17243 1
18 15202 1
18 2918 1
18 17257 1
18 13679 1
18 6000 1
18 11636 1
18 20343 1
18 8579 1
18 14725 3
18 8428 1
18 2442 1
18 17811 1
18 11672 1
18 20384 1
18 18853 1
18 15784 1
18 11180 1
18 11181 1
18 17842 1
18 16371 1
18 13242 1
18 8636 2
18 11709 1
18 11710 1
18 11711 1
18 11714 1
18 13255 2
18 9167 1
18 16120 1
18 15314 1
18 4055 3
18 13276 1
18 6622 1
18 21984 3
18 5089 1
18 19939 1
18 6629 1
18 10214 1
18 18919 1
18 22355 1
18 20468 1
18 6651 1
18 5118 3
18 4607 1
19 12800 1
19 19460 3
19 12815 1
19 14509 1
19 22551 2
19 4636 1
19 14682 2
19 16304 1
19 6690 1
19 18267 1
19 6695 1
19 14379 1
19 16431 1
19 16434 1
19 12342 1
19 20547 2
19 1607 1
19 11850 1
19 3674 1
19 2063 1
19 18022 2
19 9832 1
19 21613 2
19 9840 1
19 13937 1
19 1141 2
19 14969 1
19 15994 1
19 15491 1
19 15499 1
19 19599 1
19 16544 1
19 6819 1
19 10407 1
19 10408 1
19 20649 2
19 10410 1
19 20651 1
19 9901 1
19 22557 1
19 3258 1
19 10442 1
19 2765 1
19 719 1
19 4818 1
19 12505 1
19 5339 1
19 10973 1
19 5355 1
19 14574 1
19 3313 1
19 11511 1
19 14584 1
19 1275 1
19 15612 1
19 18174 1
19 8449 1
19 5890 1
19 4868 1
19 15621 1
19 19718 1
19 4364 1
19 3203 1
19 21782 2
19 7451 1
19 12064 1
19 12585 1
19 13611 1
19 19244 1
19 15666 2
19 1844 2
19 10552 1
19 19764 1
19 2874 1
19 16193 1
19 1858 1
19 6982 1
19 22345 1
19 12625 2
19 17234 1
19 14677 1
19 4438 2
19 2394 1
19 1167 3
19 22369 1
19 9571 1
19 5993 1
19 20332 1
19 6000 1
19 20343 1
19 19836 1
19 17790 1
19 3455 1
19 10625 1
19 15763 1
19 7584 1
19 432 1
19 18355 2
19 19381 1
19 4534 1
19 22463 1
19 22464 1
19 11714 2
19 13763 1
19 8655 1
19 9684 1
19 19939 1
19 18919 1
19 3060 1
19 16373 1
19 5118 1
20 8193 1
20 19460 2
20 1537 1
20 13832 1
20 4012 1
20 3088 1
20 3090 1
20 19476 1
20 17945 1
20 15903 1
20 22352 1
20 12835 1
20 16430 1
20 22581 1
20 6713 3
20 3653 1
20 12360 1
20 18505 1
20 17484 2
20 13389 2
20 9908 2
20 22100 4
20 1627 1
20 8285 1
20 1631 1
20 16998 2
20 19048 1
20 13421 2
20 13937 2
20 13950 1
20 4885 1
20 4032 1
20 14473 1
20 7313 1
20 15512 1
20 14492 1
20 14493 1
20 21667 1
20 4263 1
20 20649 1
20 9901 1
20 7348 1
20 22198 3
20 15035 1
20 8892 1
20 19133 3
20 19136 1
20 8387 2
20 13516 1
20 12505 2
20 10973 1
20 13026 1
20 22252 1
20 14574 1
20 11511 1
20 15609 1
20 15612 1
20 8449 2
20 20234 2
20 4364 1
20 18197 2
20 21782 1
20 4381 1
20 4384 2
20 8993 2
20 21696 1
20 17485 1
20 1844 1
20 18911 1
20 16702 1
20 10051 3
20 22340 1
20 15184 1
20 13658 1
20 22369 1
20 3985 1
20 9069 1
20 16238 1
20 13681 1
20 19124 2
20 20343 1
20 3455 1
20 12162 1
20 3460 1
20 20357 1
20 1415 1
20 748 1
20 15754 1
20 11664 2
20 11153 1
20 22418 4
20 14245 1
20 11180 1
20 5554 1
20 4534 1
20 11708 1
20 22464 2
20 11714 1
20 9167 3
20 3408 1
20 9169 1
20 18853 3
20 9697 1
20 20451 1
20 10731 1
21 12288 1
21 12289 1
21 18818 1
21 3203 1
21 4868 1
21 12076 1
21 17162 1
21 19595 1
21 4364 1
21 7732 1
21 22032 1
21 16657 1
21 13763 1
21 21781 1
21 3991 1
21 19993 1
21 12190 1
21 4385 1
21 18853 1
21 1412 1
21 1835 1
21 9644 1
21 16430 1
21 15275 1
21 7729 1
21 2611 1
21 12852 1
21 13238 1
21 13129 1
21 1465 1
21 13882 1
21 17339 1
21 19133 1
21 20725 1
21 22464 2
21 13428 1
21 15170 1
21 20547 2
21 3855 1
21 13255 1
21 17225 1
21 5623 2
21 17484 2
21 20686 1
21 8144 1
21 12625 2
21 4818 1
21 468 1
21 18005 1
21 13398 2
21 1844 1
21 1113 1
21 12943 1
21 13532 1
21 8250 1
21 16224 1
21 11771 1
21 3814 1
21 16998 1
21 7399 1
21 489 1
21 13418 1
21 21613 1
21 494 1
21 13952 1
21 21696 1
21 3060 1
21 1918 2
21 3844 1
21 1641 1
21 22100 1
21 20218 1
21 9449 1
21 18686 1
21 18197 1
22 12288 1
22 14592 1
22 15751 2
22 18952 1
22 19721 1
22 13451 2
22 4364 1
22 13453 1
22 9645 1
22 22032 3
22 20882 1
22 14574 1
22 8086 1
22 11737 1
22 1561 2
22 17947 1
22 12700 1
22 7711 1
22 20384 1
22 15408 1
22 16935 1
22 4776 1
22 1578 2
22 11180 1
22 11181 1
22 11183 1
22 16432 2
22 8753 1
22 1844 3
22 14473 1
22 19712 1
22 5435 1
22 8892 1
22 8512 1
22 22464 1
22 4547 1
22 14026 1
22 17996 1
22 9167 1
22 4432 1
22 4818 1
22 7380 1
22 18005 2
22 1369 1
22 8539 1
22 10205 2
22 15714 1
22 16998 2
22 9831 1
22 15976 1
22 21735 1
22 492 1
22 16366 1
22 19058 1
22 8236 1
22 15864 1
22 5625 1
22 20095 1
23 4610 1
23 19716 1
23 13445 2
23 18185 1
23 18572 1
23 15618 1
23 5934 1
23 19588 1
23 12700 1
23 21662 1
23 17823 1
23 20384 1
23 15856 1
23 20774 2
23 19751 1
23 5929 1
23 1578 2
23 17067 2
23 11821 1
23 1838 1
23 4276 1
23 16695 1
23 2745 1
23 11708 1
23 14583 1
23 15680 1
23 12354 1
23 6979 1
23 2990 1
23 15432 1
23 14026 1
23 12151 1
23 5583 1
23 1617 1
23 22369 1
23 8421 1
23 7463 1
23 5740 1
23 14574 1
23 11760 2
23 20343 1
23 14582 1
23 5623 2
23 14584 2
23 13887 1
23 5501 1
24 7683 1
24 8197 1
24 5641 1
24 14509 2
24 22032 1
24 9816 1
24 4116 1
24 22551 3
24 13849 1
24 13851 1
24 22044 1
24 15400 1
24 1067 1
24 3629 1
24 8238 1
24 16946 1
24 12341 1
24 12345 2
24 8250 1
24 7776 1
24 15432 1
24 1099 1
24 13388 1
24 592 2
24 21586 1
24 18005 1
24 13912 1
24 22108 1
24 8797 1
24 18528 1
24 21094 1
24 12390 1
24 13418 2
24 2407 1
24 21613 1
24 3183 1
24 13428 5
24 6773 2
24 6774 1
24 6265 1
24 15994 1
24 15997 1
24 13950 1
24 6786 1
24 646 1
24 647 1
24 18568 1
24 18571 1
24 13453 1
24 6801 1
24 17945 1
24 4255 1
24 10096 1
24 4263 2
24 17066 1
24 17067 1
24 9901 2
24 19124 1
24 1141 1
24 22209 1
24 16067 1
24 20343 1
24 13516 1
24 14969 1
24 11992 1
24 6361 1
24 6365 1
24 4831 1
24 18658 1
24 8421 2
24 1766 1
24 17943 1
24 7401 1
24 8427 1
24 11514 1
24 14081 1
24 22571 1
24 18185 3
24 4364 2
24 17681 1
24 4884 1
24 21782 1
24 18393 1
24 6938 1
24 8989 1
24 17183 1
24 17706 1
24 7471 1
24 15855 1
24 13451 1
24 20292 1
24 6989 1
24 10065 1
24 13138 1
24 3047 1
24 6489 1
24 18267 1
24 22369 1
24 2914 2
24 8549 1
24 13159 1
24 5993 1
24 15723 1
24 6510 1
24 6511 2
24 15216 1
24 15217 2
24 16243 1
24 12663 1
24 12153 1
24 16252 1
24 22400 1
24 1922 2
24 3975 1
24 22418 3
24 16276 1
24 1947 1
24 1436 1
24 20384 5
24 5552 1
24 1466 1
24 18364 2
24 11714 2
24 13255 2
24 12746 1
24 7629 1
24 9167 1
24 7637 1
24 11737 1
24 19939 1
24 12625 1
24 4079 1
24 5623 1
24 8188 1
25 12288 1
25 7684 3
25 4486 1
25 18185 2
25 13963 1
25 1167 1
25 1168 1
25 4115 1
25 15856 1
25 22551 2
25 4484 1
25 7066 1
25 20638 1
25 15903 1
25 17313 2
25 12325 1
25 10407 2
25 10408 1
25 3881 1
25 5447 1
25 12716 1
25 19186 1
25 8238 1
25 16175 1
25 11568 1
25 5534 1
25 12329 1
25 14473 1
25 11449 1
25 1466 1
25 7867 1
25 8892 2
25 15166 1
25 7617 1
25 6561 1
25 14024 1
25 15434 1
25 20686 1
25 21586 1
25 10453 1
25 2745 1
25 6372 1
25 18911 1
25 10263 1
25 7780 1
25 16998 1
25 13884 2
25 492 1
25 111 1
25 112 1
25 15218 2
25 15222 2
25 5623 2
25 14584 1
25 505 1
25 12026 1
25 15227 1
25 16124 1
26 11904 1
26 7552 3
26 2306 1
26 4867 3
26 12288 1
26 8449 1
26 13961 2
26 4234 1
26 15499 2
26 3084 1
26 20494 4
26 1168 1
26 8954 1
26 22551 6
26 13723 4
26 13854 1
26 22175 1
26 4668 1
26 19184 1
26 20238 1
26 19837 1
26 12325 2
26 10407 5
26 17577 2
26 6791 1
26 20466 2
26 3758 1
26 19186 1
26 8607 1
26 19509 1
26 18185 2
26 11449 2
26 1466 1
26 4795 2
26 13884 1
26 19133 1
26 13502 1
26 13888 2
26 16193 1
26 5186 1
26 4235 1
26 15222 2
26 12870 4
26 11335 1
26 13516 1
26 16546 1
26 10360 1
26 4818 1
26 19553 1
26 15317 1
26 21305 1
26 15449 1
26 8156 1
26 14324 1
26 11870 1
26 18911 1
26 22369 1
26 7778 1
26 13669 1
26 17000 1
26 873 1
26 111 1
26 112 2
26 7528 1
26 15218 2
26 15220 2
26 4670 1
26 13558 1
26 12329 1
26 16120 2
26 633 1
26 12026 2
26 16123 1
26 7433 1
26 14717 1
26 17790 1
26 13525 1
27 9831 1
27 1538 1
27 643 1
27 20237 1
27 19718 1
27 1415 1
27 20068 1
27 4364 2
27 13069 1
27 19599 1
27 21264 1
27 13912 1
27 17811 1
27 4868 1
27 4635 1
27 13530 1
27 5534 1
27 22175 1
27 672 1
27 16432 2
27 8892 2
27 4005 1
27 16049 1
27 17704 1
27 3626 1
27 11180 1
27 12973 1
27 11471 1
27 15536 1
27 15409 1
27 1076 1
27 1844 1
27 21305 1
27 12602 2
27 10975 1
27 19900 1
27 19133 1
27 13884 1
27 5664 1
27 15170 1
27 3060 1
27 4385 1
27 15432 1
27 603 1
27 17996 1
27 8013 2
27 17293 1
27 592 2
27 12625 1
27 21586 1
27 7380 1
27 10837 1
27 4438 2
27 11434 1
27 15448 1
27 740 1
27 3674 1
27 12815 1
27 2394 1
27 10206 1
27 18911 1
27 19938 1
27 7780 1
27 21605 1
27 12007 1
27 7400 1
27 8636 1
27 16363 1
27 11887 1
27 4081 1
27 20243 1
27 15220 2
27 15222 2
27 5623 1
27 8264 1
27 15227 2
27 15229 1
28 12288 2
28 17067 1
28 10244 1
28 7952 1
28 16367 1
28 14856 1
28 15567 1
28 14082 1
28 20494 1
28 11181 1
28 19381 1
28 15890 1
28 9241 1
28 19630 1
28 19460 1
28 9755 1
28 11292 1
28 5303 1
28 6687 2
28 4128 1
28 20237 1
28 18463 1
28 22571 1
28 15794 1
28 16430 3
28 19464 1
28 1076 1
28 6711 1
28 11832 1
28 1375 1
28 2111 6
28 16961 2
28 12354 1
28 16963 1
28 3652 6
28 15432 2
28 7241 1
28 11850 3
28 11851 1
28 588 5
28 13901 1
28 13903 1
28 10832 1
28 21586 3
28 2147 1
28 13912 1
28 602 1
28 12891 1
28 3676 1
28 15774 2
28 4965 1
28 18528 1
28 22032 2
28 15971 1
28 5732 1
28 4966 3
28 21606 1
28 3175 2
28 15464 1
28 106 1
28 18023 1
28 9324 1
28 20592 1
28 21617 1
28 626 1
28 13941 1
28 15688 1
28 873 1
28 11711 1
28 14649 1
28 5246 1
28 15491 1
28 13444 1
28 13445 1
28 15494 1
28 15495 1
28 21642 1
28 19595 1
28 7823 1
28 3217 1
28 3220 2
28 11925 1
28 1174 1
28 11927 1
28 665 1
28 20165 1
28 3746 1
28 19619 1
28 10407 1
28 6824 1
28 4777 1
28 17066 1
28 13255 1
28 1710 1
28 1199 1
28 10928 1
28 16051 1
28 19124 1
28 5301 1
28 16054 1
28 12471 3
28 7867 1
28 19133 4
28 12481 1
28 17602 1
28 2243 3
28 11461 1
28 14023 1
28 20168 4
28 7849 1
28 12663 1
28 11468 2
28 11469 1
28 20686 2
28 8397 1
28 15568 1
28 19155 1
28 5332 1
28 10446 1
28 14038 1
28 20183 1
28 5339 1
28 15582 3
28 4831 2
28 1760 1
28 7396 1
28 8421 1
28 6375 2
28 12009 1
28 17861 1
28 13778 1
28 20718 1
28 7920 1
28 12529 2
28 21234 1
28 13129 2
28 20724 1
28 6902 1
28 14583 1
28 15610 1
28 18175 1
28 12604 1
28 15618 1
28 2307 1
28 4868 1
28 773 1
28 2310 1
28 19719 1
28 14807 2
28 4364 5
28 13069 1
28 12625 3
28 21264 1
28 18197 1
28 4886 2
28 17688 3
28 19737 1
28 1818 1
28 797 1
28 4894 7
28 13957 1
28 20256 1
28 17185 1
28 10530 1
28 20187 1
28 5414 1
28 12076 1
28 5935 1
28 16177 1
28 1844 2
28 21305 4
28 7483 1
28 20284 1
28 4417 1
28 4000 1
28 21318 1
28 13128 1
28 9033 1
28 22346 1
28 1591 1
28 8012 1
28 20817 1
28 14622 1
28 2387 1
28 14677 1
28 9047 1
28 4440 1
28 4441 1
28 13088 1
28 19808 1
28 22369 1
28 6459 1
28 15205 1
28 15206 1
28 22375 1
28 20329 1
28 5994 1
28 9069 2
28 10098 1
28 373 1
28 8169 1
28 14713 1
28 4988 1
28 4989 1
28 12390 1
28 12673 1
28 4484 1
28 1415 1
28 15754 2
28 7055 1
28 17810 1
28 13516 1
28 21230 1
28 6038 1
28 11672 1
28 409 1
28 1947 1
28 525 1
28 12189 1
28 21406 1
28 20384 1
28 15856 1
28 20388 1
28 16806 1
28 6897 1
28 18857 1
28 15275 1
28 12716 2
28 8690 1
28 15278 1
28 12852 2
28 12360 1
28 17842 1
28 20723 1
28 8626 1
28 21429 1
28 11191 2
28 11193 1
28 13754 1
28 19900 1
28 1469 1
28 833 1
28 20927 1
28 22464 1
28 961 1
28 11714 1
28 20420 1
28 17349 1
28 15815 1
28 3834 1
28 12746 1
28 5623 1
28 15820 1
28 16333 1
28 14798 1
28 13389 1
28 5554 2
28 21970 1
28 7123 1
28 7637 1
28 5591 1
28 7759 1
28 10717 1
28 6622 1
28 18911 1
28 22498 1
28 5625 1
28 6732 1
28 2990 3
28 15185 1
28 10728 1
28 8188 2
28 12778 1
28 8171 1
28 493 1
28 15855 2
28 11760 2
28 11762 1
28 11763 2
28 3060 2
28 15863 1
28 15864 1
28 505 2
28 11771 1
28 6652 1
28 13822 1
29 683 1
29 2309 1
29 775 1
29 7690 1
29 13963 1
29 19596 1
29 15119 1
29 13445 1
29 20384 1
29 13089 1
29 16546 1
29 20519 1
29 2344 1
29 7687 1
29 11180 1
29 1844 1
29 8892 1
29 1855 1
29 11714 1
29 5576 1
29 17229 1
29 10318 1
29 11471 1
29 21841 1
29 7637 1
29 2273 1
29 10467 1
29 19172 1
29 16998 1
29 12625 1
29 10985 1
29 15982 1
29 1139 1
29 5623 3
29 4602 1
29 11771 1
30 14592 1
30 13316 1
30 6713 1
30 19718 2
30 15937 1
30 7049 1
30 17162 1
30 1163 1
30 9069 1
30 909 1
30 17166 1
30 15119 1
30 9232 1
30 17681 1
30 7058 1
30 1556 1
30 22551 1
30 20877 1
30 19588 1
30 13229 1
30 17435 2
30 8989 1
30 1438 1
30 14725 1
30 18080 1
30 18212 1
30 3877 1
30 3878 1
30 17521 1
30 15402 1
30 15275 1
30 22557 1
30 14509 1
30 7537 1
30 16177 1
30 13876 1
30 22198 1
30 20024 1
30 3641 2
30 14047 1
30 4540 1
30 20695 1
30 9791 1
30 22368 1
30 12354 1
30 20384 1
30 20165 1
30 993 1
30 20168 2
30 15817 1
30 15567 1
30 12625 1
30 17106 3
30 10467 3
30 11604 1
30 14677 1
30 19204 1
30 4601 2
30 11992 1
30 8502 1
30 16092 1
30 18853 1
30 10464 3
30 7952 1
30 19939 1
30 22245 1
30 18022 1
30 1639 1
30 22248 2
30 9961 1
30 6823 1
30 21586 1
30 6382 1
30 6511 1
30 15216 1
30 11496 1
30 9794 1
30 1525 1
30 8568 1
30 14969 1
30 17791 1
31 19460 1
31 17925 2
31 13832 1
31 526 1
31 13841 1
31 22551 7
31 10265 1
31 9244 1
31 12317 1
31 15903 4
31 13963 1
31 11821 1
31 8238 1
31 22064 1
31 13884 2
31 9792 1
31 9794 1
31 585 16
31 12878 1
31 18005 1
31 17494 1
31 7778 1
31 2747 1
31 17004 1
31 626 1
31 6265 3
31 5246 2
31 5760 1
31 17544 1
31 13451 1
31 15500 1
31 1167 3
31 3221 2
31 10407 2
31 10408 1
31 20649 1
31 10410 2
31 18101 1
31 14522 1
31 7867 1
31 8892 1
31 19133 2
31 14527 1
31 2245 2
31 10464 1
31 19172 1
31 10985 1
31 16121 1
31 11007 1
31 15621 1
31 17168 1
31 3347 2
31 18209 1
31 19238 1
31 12585 2
31 19246 1
31 3888 1
31 3889 1
31 19764 1
31 1844 1
31 21509 1
31 6461 1
31 15499 2
31 21316 1
31 19783 4
31 16203 1
31 18766 1
31 12119 3
31 12122 1
31 16226 1
31 875 1
31 19826 1
31 20343 1
31 7546 1
31 21373 1
31 9093 1
31 909 2
31 11672 4
31 1947 1
31 20384 2
31 4002 1
31 11684 2
31 11180 1
31 2990 1
31 4019 1
31 1469 2
31 11714 1
31 7623 1
31 9122 1
31 9167 1
31 8144 1
31 9169 1
31 15317 1
31 17881 1
31 5089 1
31 19939 1
31 21989 1
31 16363 2
31 7153 1
31 1525 2
32 12288 1
32 7680 1
32 5635 2
32 7684 1
32 7686 1
32 20494 4
32 22032 2
32 22551 7
32 22276 3
32 17016 1
32 3629 2
32 8238 3
32 13360 2
32 51 1
32 3636 1
32 19519 1
32 578 1
32 20235 1
32 1092 1
32 12360 3
32 11850 1
32 588 1
32 12878 1
32 7765 1
32 3674 3
32 3676 1
32 8797 1
32 15971 1
32 10857 1
32 21102 1
32 11887 1
32 626 1
32 13428 3
32 10360 1
32 19900 1
32 17535 2
32 4227 1
32 5764 1
32 5825 1
32 5768 1
32 13453 1
32 19598 1
32 1167 3
32 110 1
32 16547 1
32 10407 1
32 10922 1
32 3758 1
32 19131 1
32 3260 1
32 13502 1
32 17696 1
32 5316 2
32 11979 1
32 719 1
32 22136 1
32 12498 1
32 19675 1
32 10972 1
32 21727 1
32 10468 1
32 17637 1
32 2279 1
32 10985 1
32 14066 2
32 18005 1
32 15618 1
32 4868 2
32 2310 1
32 3339 1
32 4364 2
32 18197 1
32 16662 1
32 18207 1
32 6944 1
32 12585 1
32 2348 1
32 1844 1
32 10553 1
32 12602 1
32 4414 1
32 3395 1
32 3913 2
32 14668 2
32 17229 1
32 14670 1
32 14672 5
32 14673 2
32 9043 1
32 19796 1
32 14677 1
32 22369 1
32 7010 1
32 8041 1
32 9069 2
32 6511 1
32 15216 1
32 11126 2
32 10103 1
32 13887 1
32 17790 1
32 16780 2
32 9108 1
32 413 1
32 14759 1
32 11180 1
32 16814 1
32 6065 1
32 8627 2
32 18420 1
32 11708 2
32 22464 2
32 11714 5
32 6599 1
32 4046 1
32 9167 1
32 15317 2
32 4058 1
32 18769 2
32 7149 1
32 15855 1
32 14324 1
32 18423 1
32 11771 1
32 11946 1
32 5119 1
33 19460 1
33 12805 1
33 6061 1
33 4116 2
33 16917 1
33 4868 5
33 22557 2
33 9733 1
33 6694 1
33 15915 2
33 8236 1
33 16431 1
33 13881 1
33 19519 1
33 8260 1
33 15432 1
33 10313 1
33 13389 2
33 18005 1
33 16998 2
33 6760 2
33 8892 2
33 6764 1
33 13937 1
33 114 2
33 15808 1
33 2179 1
33 13444 1
33 6791 1
33 19598 1
33 10408 1
33 10410 1
33 9901 1
33 3258 1
33 7867 1
33 21692 1
33 16070 1
33 9247 1
33 13516 1
33 5324 2
33 10452 1
33 9948 1
33 10974 1
33 4831 1
33 6368 1
33 8421 1
33 1255 1
33 10985 1
33 3311 6
33 7410 1
33 7380 1
33 13562 1
33 3332 1
33 773 1
33 2310 1
33 4364 1
33 20237 1
33 5391 1
33 7451 1
33 8988 1
33 14725 1
33 10972 1
33 2348 1
33 7471 1
33 15666 2
33 1844 1
33 16695 2
33 7482 1
33 14047 1
33 17229 1
33 3919 1
33 8039 1
33 2279 1
33 5996 1
33 1403 1
33 16175 1
33 7044 1
33 2949 2
33 15751 1
33 22418 1
33 917 1
33 22426 1
33 11181 1
33 21430 1
33 1467 1
33 22464 2
33 9167 1
33 7635 1
33 11737 1
33 6375 1
33 19939 2
33 15855 1
33 18423 1
34 12288 1
34 7684 1
34 7686 1
34 2220 1
34 1547 1
34 2578 1
34 4116 1
34 2583 1
34 10265 1
34 9244 1
34 22557 1
34 15903 1
34 11808 1
34 18470 1
34 20519 1
34 3626 1
34 1067 1
34 16430 1
34 3633 3
34 3134 4
34 22082 1
34 13388 2
34 13389 1
34 21586 1
34 22100 1
34 3674 1
34 10854 2
34 12394 1
34 18028 1
34 14448 1
34 13937 1
34 1141 1
34 14969 3
34 6787 1
34 19595 1
34 14993 1
34 8857 1
34 15514 1
34 11931 1
34 14492 1
34 19626 1
34 22188 1
34 16049 1
34 2237 1
34 5841 1
34 17106 1
34 22232 1
34 10972 1
34 10973 1
34 1760 1
34 6375 3
34 7400 1
34 14569 1
34 7463 1
34 3627 2
34 4868 1
34 8065 1
34 4364 1
34 15119 1
34 12337 1
34 7471 2
34 16177 1
34 22327 1
34 18238 1
34 4417 1
34 21317 1
34 3919 1
34 12625 1
34 6486 1
34 6489 1
34 2394 1
34 1376 1
34 15713 1
34 2407 1
34 9069 2
34 18287 1
34 6000 1
34 9074 1
34 20343 1
34 19346 1
34 897 1
34 9090 1
34 3974 1
34 6023 1
34 21385 1
34 21906 1
34 10133 1
34 14742 1
34 11162 1
34 19610 1
34 11684 1
34 22437 1
34 15784 1
34 12121 1
34 11708 2
34 19902 1
34 22464 1
34 13255 1
34 13256 1
34 14289 1
34 9687 1
34 20303 1
34 22418 2
34 15845 1
34 21478 1
34 494 1
34 6648 1
35 12800 1
35 1921 1
35 19460 1
35 6023 1
35 18185 2
35 4364 1
35 1421 1
35 7952 1
35 2578 1
35 2451 1
35 5764 1
35 7451 1
35 3636 2
35 7241 1
35 1844 1
35 13889 1
35 13793 1
35 12360 2
35 1420 2
35 13514 1
35 17612 3
35 20303 1
35 592 2
35 12625 1
35 15715 1
35 14807 1
35 12816 1
35 19939 1
35 19559 1
35 16616 2
35 8679 1
35 9068 1
35 5875 1
35 3060 1
35 16888 1
36 12288 1
36 13316 1
36 1542 1
36 22024 1
36 3088 2
36 13841 1
36 2578 1
36 16407 1
36 10265 1
36 7258 1
36 15903 3
36 12209 1
36 4649 1
36 16430 2
36 1076 2
36 12342 1
36 3127 1
36 569 1
36 6715 1
36 13884 1
36 1086 1
36 9792 1
36 12354 2
36 13891 1
36 7236 1
36 12870 1
36 15432 2
36 587 1
36 588 1
36 10832 1
36 9809 1
36 8803 1
36 22100 1
36 13914 1
36 603 1
36 18016 2
36 15971 1
36 12390 1
36 18022 3
36 15976 1
36 11708 1
36 12910 1
36 17521 2
36 6773 1
36 3702 1
36 13950 1
36 12929 1
36 19588 1
36 19595 2
36 3636 1
36 13457 1
36 15508 1
36 4757 1
36 13981 1
36 4774 1
36 22188 2
36 19124 2
36 698 2
36 9247 1
36 15548 1
36 19133 1
36 6847 1
36 21696 1
36 4289 1
36 21698 1
36 17608 1
36 17612 3
36 10452 1
36 11479 1
36 19460 1
36 4831 1
36 13027 2
36 5877 1
36 22266 1
36 16126 1
36 11007 1
36 15618 1
36 19716 1
36 2309 1
36 18185 1
36 20234 1
36 4364 3
36 18191 1
36 17484 2
36 18197 1
36 4868 1
36 2330 2
36 15615 1
36 4384 1
36 4385 1
36 18210 1
36 18212 1
36 16682 1
36 21295 1
36 1844 1
36 12852 1
36 15170 2
36 3915 1
36 8013 1
36 18766 1
36 18659 1
36 22277 1
36 4438 1
36 6487 1
36 17242 2
36 7013 1
36 15207 1
36 20332 1
36 9069 1
36 5489 1
36 7540 1
36 14709 1
36 7041 1
36 15751 1
36 3978 1
36 909 1
36 11672 2
36 7584 2
36 11684 1
36 13227 1
36 4012 1
36 13229 2
36 14493 1
36 19016 1
36 14780 1
36 22464 7
36 15809 1
36 13255 1
36 15817 2
36 9167 1
36 14288 1
36 18911 1
36 11771 1
36 15849 1
36 11258 1
36 11259 1
37 11264 1
37 4484 1
37 518 1
37 1162 1
37 15499 1
37 7180 1
37 16911 1
37 7107 1
37 13723 1
37 11760 1
37 9755 1
37 20905 1
37 22571 1
37 16431 1
37 19595 1
37 17206 1
37 3636 1
37 8892 1
37 8641 1
37 6859 1
37 18628 1
37 7110 1
37 9121 1
37 4364 1
37 11723 1
37 16333 1
37 17435 1
37 4438 1
37 5207 1
37 18022 2
37 2407 1
37 13884 1
37 7018 1
37 18023 1
37 9069 1
37 15216 1
37 11638 1
37 11511 1
37 6778 1
37 6011 1
37 18686 1
