1 12288 1
1 9729 1
1 8064 1
1 4267 1
1 10127 1
1 8197 1
1 16902 1
1 13912 1
1 7690 2
1 9047 1
1 5646 1
1 22032 1
1 12305 1
1 12306 1
1 16915 1
1 13844 1
1 3758 1
1 4061 1
1 1048 1
1 12292 1
1 1467 1
1 6149 1
1 6694 1
1 8744 1
1 22571 1
1 8236 1
1 3629 1
1 6702 1
1 10316 1
1 9777 1
1 7218 1
1 3636 1
1 12341 1
1 11318 1
1 19124 4
1 4668 1
1 4670 1
1 15935 1
1 19520 1
1 12354 1
1 9398 1
1 15432 1
1 1099 2
1 13388 1
1 9293 1
1 590 1
1 15439 4
1 21586 2
1 15971 1
1 7764 1
1 15374 1
1 13398 1
1 15448 3
1 22082 1
1 13920 1
1 8803 1
1 12390 1
1 9831 1
1 20585 1
1 14442 1
1 22119 2
1 3180 1
1 7101 1
1 14448 1
1 13937 4
1 1138 1
1 10867 1
1 1140 1
1 1141 1
1 17016 1
1 4573 1
1 11887 1
1 640 1
1 6786 1
1 21635 1
1 13445 1
1 11969 1
1 17544 1
1 10890 1
1 13452 1
1 13453 1
1 21137 1
1 17042 2
1 1174 1
1 14488 1
1 2244 1
1 3227 1
1 5276 1
1 9887 1
1 18080 1
1 9072 1
1 7451 1
1 9380 1
1 6824 1
1 17067 1
1 22188 1
1 17069 1
1 15534 1
1 10928 1
1 1203 1
1 4276 1
1 1717 1
1 21686 1
1 12471 1
1 7455 1
1 18108 1
1 19133 8
1 4287 2
1 4115 1
1 6337 1
1 10436 1
1 14021 1
1 20678 2
1 13514 1
1 12151 2
1 13516 1
1 4303 3
1 720 1
1 13970 1
1 1751 1
1 10458 1
1 11471 1
1 13532 1
1 20142 1
1 15215 1
1 5352 1
1 4330 1
1 18156 1
1 5881 1
1 17658 1
1 14592 1
1 8449 1
1 770 1
1 4868 1
1 19718 3
1 15404 1
1 17162 1
1 13069 1
1 13357 1
1 17681 1
1 6419 1
1 9600 1
1 13078 1
1 7471 2
1 797 2
1 14981 1
1 7457 1
1 19675 1
1 3641 1
1 19238 1
1 7463 1
1 8636 1
1 18222 1
1 21295 4
1 5424 1
1 12082 1
1 8502 2
1 2873 2
1 21727 1
1 7996 1
1 20285 1
1 9268 1
1 6464 1
1 20290 1
1 20803 1
1 12342 1
1 14476 1
1 18764 1
1 9038 1
1 14677 8
1 4438 1
1 21305 6
1 21849 1
1 18267 2
1 22368 1
1 4496 5
1 3217 1
1 9580 1
1 9069 4
1 14703 1
1 2416 1
1 744 1
1 3954 1
1 22389 1
1 15735 1
1 11641 1
1 11348 2
1 12670 1
1 1408 1
1 7147 1
1 1925 1
1 21896 1
1 22252 1
1 395 1
1 18316 1
1 4418 1
1 8079 1
1 22416 2
1 4497 1
1 22418 3
1 22339 1
1 917 1
1 17302 1
1 12188 1
1 8606 1
1 20343 1
1 6561 1
1 15266 1
1 7055 1
1 20389 1
1 14761 1
1 14543 1
1 8621 1
1 12852 1
1 17328 1
1 9800 1
1 1458 1
1 20915 1
1 11703 1
1 8892 1
1 9146 1
1 22175 1
1 11708 1
1 3517 2
1 12734 1
1 20384 1
1 11714 2
1 4550 1
1 12743 1
1 588 1
1 12746 1
1 11723 1
1 9167 1
1 2001 1
1 9170 1
1 10915 1
1 18510 1
1 9687 1
1 8669 1
1 15339 1
1 4589 1
1 9198 1
1 13821 1
1 15856 1
1 15857 1
1 15273 1
1 16888 1
1 5625 1
1 11771 1
1 6652 2
1 5629 1
2 12288 3
2 13316 1
2 6149 1
2 19464 1
2 16812 1
2 4623 1
2 17424 1
2 4399 1
2 17428 1
2 18965 1
2 16919 1
2 3332 1
2 17435 3
2 22557 1
2 16414 1
2 18267 4
2 4649 1
2 3627 1
2 8753 1
2 12342 1
2 569 1
2 8764 1
2 4157 1
2 12352 1
2 15426 1
2 2747 1
2 11850 1
2 11851 1
2 11348 1
2 10510 2
2 599 1
2 602 1
2 13411 1
2 12390 2
2 9831 1
2 4284 1
2 15979 1
2 21613 1
2 13937 2
2 15986 1
2 18547 1
2 1141 1
2 14969 1
2 11711 1
2 19580 1
2 20098 1
2 7303 1
2 7533 1
2 2704 1
2 17046 2
2 16539 1
2 12446 1
2 9072 2
2 11431 1
2 20137 1
2 11946 2
2 683 1
2 15532 2
2 14509 1
2 13730 1
2 19124 9
2 16054 1
2 12471 2
2 11960 1
2 14010 1
2 11963 1
2 8892 5
2 19133 6
2 11969 1
2 11461 1
2 2337 1
2 7881 1
2 6347 1
2 11471 1
2 9424 1
2 14546 1
2 9428 1
2 5339 1
2 10972 2
2 21727 1
2 2273 1
2 7397 1
2 20710 1
2 12008 1
2 12010 4
2 2770 1
2 6898 1
2 14082 1
2 4868 1
2 19718 1
2 20232 1
2 16650 1
2 3340 1
2 20237 1
2 13070 1
2 418 1
2 2836 1
2 10006 1
2 19737 1
2 21295 4
2 8479 1
2 7457 1
2 7463 1
2 20690 1
2 1501 1
2 7471 4
2 8502 1
2 21305 3
2 6973 1
2 1342 1
2 22416 1
2 11672 1
2 3398 1
2 17223 2
2 14677 1
2 12345 1
2 17241 1
2 1371 2
2 8421 1
2 22368 1
2 8033 1
2 3943 1
2 8043 1
2 9069 12
2 2416 1
2 7537 1
2 7546 1
2 19323 1
2 1918 1
2 1206 1
2 2944 1
2 13697 1
2 8579 1
2 4417 1
2 7050 1
2 4496 4
2 408 1
2 22418 1
2 13719 1
2 21912 1
2 8604 1
2 414 1
2 7584 2
2 9121 1
2 21410 1
2 6563 1
2 1445 1
2 15273 1
2 11692 2
2 1719 1
2 7600 2
2 18865 1
2 19900 1
2 19018 1
2 12734 1
2 7103 1
2 22464 4
2 8641 2
2 11714 1
2 1099 1
2 4550 1
2 15266 1
2 9167 1
2 19408 1
2 9169 1
2 2003 1
2 9172 1
2 11737 1
2 8669 1
2 5092 1
2 3558 1
2 13287 1
2 1006 1
2 11760 1
2 13814 1
2 5625 1
2 11771 4
3 12805 1
3 22026 1
3 21004 1
3 22032 1
3 13841 1
3 13331 2
3 15534 2
3 7711 1
3 1568 1
3 16475 1
3 5806 2
3 1578 1
3 8236 1
3 6702 1
3 1076 1
3 3130 1
3 4158 1
3 14176 1
3 12357 1
3 17991 1
3 15434 1
3 11851 1
3 12878 1
3 15439 2
3 1617 1
3 5716 1
3 15448 1
3 1627 1
3 21613 1
3 18030 1
3 19133 17
3 13937 5
3 1138 1
3 6776 1
3 14969 1
3 11902 1
3 1163 1
3 3636 1
3 13459 1
3 14488 2
3 14504 1
3 683 1
3 8878 1
3 1711 1
3 16049 1
3 19124 1
3 16054 1
3 2745 1
3 8892 1
3 14013 1
3 4287 1
3 6883 1
3 11461 1
3 20168 2
3 7370 1
3 12151 1
3 719 1
3 10452 1
3 22232 1
3 5337 1
3 4315 1
3 1758 1
3 19167 1
3 7392 1
3 21219 1
3 21733 1
3 12009 1
3 22252 2
3 12013 1
3 19582 1
3 4868 1
3 10506 1
3 4364 1
3 15119 1
3 2836 1
3 15128 1
3 19737 1
3 7471 1
3 7455 1
3 4385 1
3 4392 1
3 1834 1
3 3975 2
3 5935 1
3 9527 1
3 21305 5
3 13115 1
3 13116 1
3 6976 1
3 9541 1
3 3408 1
3 5347 1
3 14677 1
3 1366 1
3 2394 1
3 7397 1
3 22368 2
3 22369 3
3 1378 1
3 8547 1
3 15209 1
3 18796 1
3 9069 2
3 2416 1
3 8766 1
3 20343 1
3 8568 1
3 19833 1
3 1918 2
3 9600 1
3 12162 1
3 16774 1
3 15751 1
3 4496 9
3 18837 1
3 21913 1
3 15777 1
3 15266 1
3 15273 1
3 7084 1
3 7086 1
3 14769 2
3 7611 1
3 19900 2
3 17141 1
3 22464 1
3 13763 1
3 9167 1
3 7633 1
3 7635 2
3 6622 1
3 16775 1
3 4590 1
3 14761 1
3 21845 1
4 17921 1
4 15275 1
4 5636 1
4 7686 1
4 13837 1
4 13838 1
4 20227 1
4 17428 1
4 16917 2
4 5142 1
4 22557 1
4 6687 1
4 21936 1
4 16934 1
4 1578 1
4 3627 1
4 3629 2
4 861 1
4 9777 1
4 12341 1
4 13881 1
4 8764 3
4 4670 1
4 13887 1
4 13888 1
4 12354 1
4 17991 1
4 4364 1
4 17994 1
4 7095 1
4 588 1
4 12878 3
4 11856 1
4 10321 1
4 10510 1
4 599 1
4 15448 1
4 20569 1
4 602 1
4 15963 1
4 7777 1
4 13411 1
4 12390 1
4 4203 1
4 21613 1
4 18030 2
4 4029 1
4 14448 1
4 13937 3
4 16915 1
4 7799 1
4 22136 1
4 14969 1
4 14970 1
4 13952 1
4 7275 1
4 15494 1
4 16577 1
4 5801 1
4 13451 1
4 13452 1
4 9496 1
4 7829 1
4 13469 1
4 9892 1
4 21617 1
4 6824 1
4 11945 1
4 1706 1
4 683 1
4 15532 1
4 15218 2
4 20168 1
4 9075 2
4 21684 1
4 4894 2
4 8376 1
4 7867 1
4 8892 7
4 19133 11
4 7358 1
4 12992 1
4 18113 1
4 16067 1
4 20678 2
4 2990 1
4 17608 3
4 10441 1
4 13514 1
4 3278 1
4 3279 1
4 17016 1
4 21714 1
4 21715 1
4 14552 1
4 17290 1
4 4831 2
4 2273 1
4 17312 1
4 21733 1
4 12007 1
4 20690 1
4 9458 2
4 10963 1
4 22262 1
4 8449 1
4 14595 1
4 4868 1
4 19208 1
4 16652 1
4 6414 1
4 15119 1
4 7952 1
4 2834 1
4 22291 1
4 2836 1
4 19734 1
4 22295 1
4 22296 1
4 15641 1
4 6938 1
4 2342 1
4 19740 1
4 6942 1
4 9093 1
4 15473 1
4 18736 1
4 802 1
4 6947 2
4 3878 1
4 16679 1
4 4392 1
4 1835 1
4 21295 1
4 17200 3
4 1067 1
4 17202 1
4 17203 1
4 10553 1
4 20794 1
4 10555 1
4 20285 1
4 4414 1
4 16194 1
4 15172 1
4 1816 1
4 9418 1
4 17230 1
4 15184 1
4 12625 4
4 21330 2
4 2387 1
4 11604 1
4 14677 1
4 15190 2
4 21305 4
4 15704 1
4 6489 1
4 2394 1
4 7055 1
4 19804 1
4 858 1
4 7397 2
4 7011 1
4 11112 1
4 13884 2
4 15723 1
4 9069 6
4 20232 1
4 9072 1
4 7633 1
4 19124 1
4 7258 1
4 12663 1
4 14713 1
4 1918 1
4 16891 1
4 18818 1
4 14725 2
4 1415 1
4 10121 1
4 15754 1
4 395 1
4 8079 1
4 7057 1
4 13716 1
4 18837 1
4 3991 2
4 21913 1
4 20384 1
4 15266 1
4 4006 1
4 15273 2
4 9425 1
4 4011 1
4 10156 1
4 11182 1
4 7600 2
4 7601 1
4 10679 2
4 12218 1
4 7612 1
4 3517 1
4 7103 1
4 22464 11
4 16833 1
4 7109 1
4 12746 1
4 5623 1
4 16333 1
4 9167 1
4 9169 1
4 10194 1
4 6099 1
4 590 1
4 14807 2
4 2524 1
4 15328 1
4 19939 1
4 4263 1
4 7660 1
4 2541 1
4 3568 1
4 11762 1
4 3060 1
4 4599 1
4 4602 1
4 11771 1
4 15871 1
5 13316 3
5 20999 1
5 6828 1
5 9901 1
5 22032 1
5 13331 2
5 16916 1
5 4868 2
5 18460 1
5 9245 1
5 16414 1
5 15903 1
5 11815 1
5 13357 1
5 560 1
5 5764 1
5 12345 1
5 569 1
5 17467 3
5 8764 1
5 7471 2
5 3134 1
5 18108 1
5 16011 1
5 12357 1
5 17665 1
5 13389 1
5 6223 1
5 14417 2
5 6414 1
5 5207 1
5 8797 1
5 19553 1
5 15035 1
5 18532 1
5 6844 1
5 21613 2
5 18030 1
5 6767 1
5 1137 1
5 1138 4
5 16915 1
5 17016 1
5 15994 1
5 3707 1
5 4221 1
5 14462 1
5 14973 2
5 7300 1
5 1669 2
5 4230 1
5 14985 1
5 1162 1
5 14475 1
5 13452 2
5 15485 1
5 2704 1
5 13970 1
5 15273 1
5 14488 1
5 4249 1
5 3227 1
5 6300 1
5 9887 1
5 2416 2
5 11428 1
5 4263 1
5 12743 1
5 22188 1
5 14509 3
5 17070 1
5 3759 1
5 1716 1
5 6686 1
5 10423 1
5 11855 1
5 18975 1
5 8892 2
5 19133 9
5 20159 1
5 4115 1
5 10436 1
5 20678 1
5 18632 3
5 14542 1
5 719 1
5 721 2
5 15579 1
5 13532 1
5 8421 1
5 4326 1
5 22252 1
5 12013 1
5 4335 1
5 9458 1
5 22262 1
5 13937 2
5 1019 1
5 14592 1
5 18689 1
5 7938 1
5 19204 1
5 19718 1
5 20232 1
5 3340 1
5 12625 1
5 15119 1
5 17681 1
5 16661 1
5 21784 1
5 22297 1
5 21295 4
5 8988 1
5 4381 1
5 8479 1
5 17200 2
5 802 1
5 19238 1
5 7463 1
5 5935 1
5 18736 1
5 1841 1
5 17202 1
5 8500 1
5 7477 1
5 21305 4
5 3392 1
5 15170 1
5 16195 1
5 9542 1
5 22344 1
5 17230 2
5 11600 1
5 5969 1
5 19124 1
5 14677 2
5 5433 1
5 6489 1
5 18267 2
5 2747 1
5 350 1
5 22368 1
5 4451 1
5 17297 1
5 13884 1
5 20330 1
5 9069 2
5 6511 2
5 15216 1
5 7571 1
5 12151 4
5 377 1
5 4986 1
5 5499 1
5 12670 2
5 16775 1
5 17293 1
5 7055 1
5 4496 3
5 4497 1
5 22418 2
5 2451 1
5 19349 1
5 8086 1
5 15774 1
5 7584 1
5 15266 5
5 14761 1
5 11178 2
5 20882 1
5 10161 1
5 14770 1
5 7603 1
5 12220 1
5 3629 2
5 12734 1
5 16831 1
5 22464 1
5 21408 1
5 22466 1
5 8079 2
5 13255 3
5 11723 1
5 15308 1
5 20429 1
5 9167 2
5 10195 1
5 9684 1
5 13786 1
5 11343 1
5 3553 1
5 19939 3
5 17233 1
5 3058 1
5 15863 1
5 16890 1
5 11771 1
5 16892 1
6 12288 2
6 19460 1
6 10763 1
6 6829 3
6 17424 1
6 3603 2
6 3758 1
6 16919 1
6 13316 2
6 3674 1
6 15903 1
6 18857 1
6 16418 1
6 18267 2
6 2596 1
6 20519 2
6 12842 1
6 8236 1
6 8749 1
6 22062 1
6 11101 1
6 8753 1
6 13875 1
6 3636 3
6 11832 1
6 13663 1
6 8764 1
6 7471 1
6 13887 1
6 11887 2
6 15937 1
6 12354 1
6 8262 1
6 7777 1
6 15432 1
6 3340 1
6 11850 1
6 588 3
6 8270 1
6 11855 1
6 12670 1
6 5207 1
6 15448 3
6 602 1
6 20833 1
6 20574 1
6 22032 2
6 10850 1
6 15971 2
6 21606 1
6 9831 1
6 4284 1
6 10859 1
6 21615 2
6 11055 1
6 13937 1
6 1650 1
6 10867 1
6 19573 1
6 16132 1
6 6687 2
6 14969 1
6 19900 1
6 15486 1
6 8640 3
6 14466 1
6 13444 1
6 8641 1
6 12426 1
6 16011 3
6 9875 1
6 6292 1
6 5274 1
6 13979 1
6 9887 1
6 9380 1
6 10407 1
6 11434 2
6 4267 2
6 11437 1
6 17070 1
6 17072 1
6 16049 2
6 16833 1
6 9331 1
6 19124 7
6 1719 1
6 22200 1
6 2745 2
6 9759 2
6 8892 4
6 19133 14
6 14016 1
6 18208 1
6 6338 1
6 1984 1
6 20678 2
6 18209 1
6 17608 1
6 14537 1
6 13514 2
6 13516 1
6 719 1
6 16592 2
6 17016 1
6 5331 2
6 10452 1
6 22229 1
6 22232 1
6 7897 1
6 15580 1
6 18420 1
6 15266 3
6 1761 1
6 13435 1
6 7397 2
6 4326 1
6 6375 1
6 6377 1
6 22252 1
6 4562 1
6 20718 1
6 20724 1
6 13182 1
6 21268 1
6 18174 1
6 1280 1
6 1835 1
6 4868 1
6 6405 1
6 6406 1
6 4225 1
6 20234 1
6 9687 1
6 4364 4
6 15119 1
6 21264 1
6 17105 1
6 11028 1
6 16661 1
6 4886 1
6 9433 1
6 7451 2
6 797 1
6 4894 2
6 8479 1
6 11040 1
6 8568 2
6 11556 1
6 16775 1
6 18222 3
6 21295 1
6 17200 1
6 817 1
6 6964 1
6 17741 1
6 22327 1
6 21305 8
6 8508 1
6 21312 1
6 19591 2
6 3553 1
6 3916 1
6 20813 1
6 4942 1
6 3408 1
6 12625 3
6 17234 1
6 14677 1
6 4438 1
6 3419 1
6 10589 1
6 4837 1
6 22368 3
6 4496 6
6 21862 1
6 14725 2
6 9069 3
6 9072 1
6 13681 2
6 19501 1
6 15593 1
6 18808 1
6 4986 1
6 21883 1
6 1918 2
6 9600 1
6 3392 2
6 21890 1
6 18819 1
6 1925 1
6 15239 1
6 5514 1
6 3760 1
6 10128 1
6 18736 1
6 16366 1
6 1942 1
6 409 1
6 11027 1
6 6833 6
6 13723 1
6 12442 1
6 4000 1
6 9093 1
6 13730 1
6 21411 1
6 13819 1
6 15784 1
6 15273 1
6 4011 1
6 9644 1
6 18861 1
6 7584 2
6 10679 1
6 20468 1
6 1979 1
6 13244 1
6 12734 1
6 22464 5
6 20384 1
6 19396 1
6 7110 1
6 13255 1
6 13768 1
6 12746 1
6 11723 1
6 16333 1
6 9167 1
6 7633 1
6 7634 1
6 8608 3
6 14807 1
6 4432 1
6 5627 1
6 15849 1
6 7146 1
6 7150 1
6 13821 1
6 3568 1
6 7153 1
6 21960 1
6 3060 1
6 16373 1
6 502 1
6 4599 1
6 8184 1
6 4602 1
6 11771 2
6 15869 1
6 5631 1
7 12288 1
7 4610 2
7 8195 1
7 19460 1
7 9733 1
7 8449 1
7 22026 1
7 14679 1
7 7694 3
7 4623 1
7 17424 3
7 13331 1
7 17070 1
7 6233 1
7 1048 1
7 11524 1
7 18460 2
7 13658 1
7 13316 6
7 18975 1
7 21295 1
7 6178 1
7 13147 4
7 3846 1
7 6694 1
7 8744 1
7 3676 1
7 22571 1
7 22572 1
7 21841 2
7 1071 1
7 12336 2
7 7432 1
7 21554 1
7 9122 1
7 12852 1
7 7221 1
7 6711 1
7 12858 1
7 3643 1
7 3647 1
7 3136 1
7 12354 1
7 1831 1
7 19527 1
7 11850 1
7 1099 1
7 17996 1
7 11854 1
7 19023 1
7 16468 1
7 10837 1
7 13398 1
7 5207 1
7 9817 1
7 602 1
7 13404 1
7 16477 1
7 3173 1
7 7776 1
7 22032 1
7 15035 1
7 10340 1
7 21605 1
7 12390 1
7 18023 1
7 3176 1
7 6844 1
7 15266 1
7 22119 2
7 21613 5
7 18030 1
7 7101 1
7 14448 1
7 13937 2
7 21619 1
7 15808 2
7 22133 1
7 3702 1
7 17015 1
7 11898 5
7 3175 1
7 14383 1
7 15486 1
7 13951 1
7 8640 4
7 12825 1
7 5766 1
7 7303 2
7 17544 1
7 860 1
7 535 1
7 13452 3
7 2704 1
7 7313 2
7 3731 1
7 10094 1
7 11663 1
7 10391 1
7 14489 1
7 22339 1
7 7838 1
7 10096 1
7 960 1
7 5797 1
7 4263 3
7 11946 1
7 19480 2
7 15532 1
7 6829 1
7 3758 1
7 16051 1
7 19124 1
7 12471 1
7 15903 2
7 8892 1
7 19133 4
7 6651 1
7 5806 1
7 11969 1
7 16067 1
7 2244 1
7 15558 1
7 18632 3
7 13514 1
7 20343 1
7 5718 1
7 21727 1
7 11471 2
7 7888 1
7 8568 1
7 19154 1
7 17141 1
7 20692 1
7 22229 1
7 7897 1
7 1743 1
7 10972 1
7 16093 1
7 14046 1
7 7903 2
7 8400 1
7 1762 1
7 13435 1
7 22245 1
7 8422 1
7 7633 1
7 16616 1
7 746 1
7 7463 1
7 20717 1
7 7635 1
7 13438 1
7 13558 1
7 15096 2
7 7892 2
7 10367 1
7 7400 1
7 929 1
7 16131 1
7 4868 3
7 774 1
7 14088 4
7 20780 1
7 17162 1
7 9483 1
7 3342 2
7 9488 2
7 4881 1
7 8921 2
7 3674 1
7 8636 4
7 19740 2
7 1309 1
7 6942 1
7 18207 1
7 19675 1
7 17188 2
7 646 1
7 16679 1
7 2344 1
7 16682 1
7 13611 1
7 2348 1
7 18222 2
7 7901 2
7 12081 1
7 5086 1
7 19254 1
7 1336 1
7 2873 1
7 3386 2
7 10555 5
7 17290 1
7 11723 1
7 3392 1
7 16194 1
7 20384 1
7 18628 1
7 3909 1
7 6982 1
7 18759 1
7 1864 1
7 9033 1
7 7498 1
7 19583 1
7 6989 2
7 8015 1
7 11600 1
7 12625 1
7 11604 1
7 14677 6
7 4438 1
7 9047 3
7 1369 1
7 2394 2
7 18267 2
7 19396 1
7 12125 1
7 15710 1
7 10043 1
7 6501 1
7 19814 1
7 6801 1
7 7394 1
7 364 1
7 9069 8
7 16238 1
7 6511 2
7 11632 9
7 13681 1
7 15987 1
7 5438 1
7 20854 1
7 12151 2
7 14879 1
7 21835 1
7 5866 1
7 10975 1
7 7039 1
7 9600 1
7 12162 1
7 11651 1
7 16772 1
7 11145 1
7 15754 2
7 14732 1
7 7565 1
7 16271 1
7 10640 1
7 20882 1
7 19347 1
7 9305 1
7 14744 1
7 15170 3
7 10565 1
7 8608 1
7 22433 1
7 13730 1
7 18851 1
7 7055 2
7 18529 1
7 22442 1
7 8108 1
7 19373 1
7 13141 3
7 14768 1
7 6985 2
7 1976 1
7 11195 1
7 956 1
7 21949 1
7 8639 1
7 22464 2
7 8641 3
7 16835 1
7 2500 1
7 502 1
7 19553 1
7 19401 1
7 12746 1
7 15307 1
7 15820 2
7 14285 1
7 16846 1
7 4047 1
7 19408 1
7 9169 1
7 9170 1
7 2003 3
7 9172 1
7 5590 1
7 7483 1
7 6106 1
7 22418 1
7 18911 1
7 21984 1
7 3553 1
7 11771 1
7 5092 1
7 7654 1
7 21617 1
7 5608 1
7 8683 1
7 494 1
7 15855 1
7 10224 1
7 18942 1
7 16886 1
7 4087 1
7 16888 2
7 5716 1
7 1019 1
7 1841 1
7 8797 4
7 6741 1
8 12288 4
8 15874 1
8 7687 2
8 7690 1
8 20494 1
8 13327 1
8 17424 1
8 22551 2
8 1048 2
8 3610 2
8 17071 1
8 14682 1
8 15903 3
8 7713 1
8 6694 1
8 20010 2
8 8236 1
8 8238 2
8 7217 2
8 9139 1
8 12852 1
8 9270 1
8 12345 1
8 13884 1
8 7471 1
8 9792 2
8 9398 1
8 4876 1
8 11850 1
8 588 2
8 8781 1
8 15438 1
8 15951 1
8 15441 1
8 18005 1
8 16470 1
8 5208 1
8 8797 1
8 18528 1
8 10337 1
8 19555 1
8 16998 1
8 15976 1
8 7785 3
8 12394 1
8 8815 1
8 5232 1
8 20593 1
8 13428 1
8 22133 1
8 1578 1
8 6263 1
8 6265 1
8 5246 1
8 14978 1
8 15491 1
8 19588 1
8 6791 1
8 13961 1
8 13451 1
8 20418 1
8 1167 1
8 20112 1
8 20625 2
8 13763 1
8 3221 1
8 21305 1
8 18081 1
8 14677 1
8 19619 1
8 585 2
8 4263 1
8 10408 1
8 17066 1
8 3313 1
8 4637 1
8 12673 1
8 19124 1
8 20662 2
8 12471 1
8 11449 1
8 14522 1
8 19133 6
8 4295 1
8 20343 1
8 16588 1
8 4899 1
8 17108 1
8 11477 1
8 10972 1
8 10407 1
8 10464 1
8 21733 1
8 6375 1
8 10985 1
8 22252 1
8 12013 1
8 14574 1
8 5873 1
8 1266 1
8 22557 1
8 17141 1
8 22262 1
8 13937 2
8 16120 1
8 17661 1
8 7637 1
8 7937 2
8 14082 2
8 4868 3
8 1409 1
8 14088 1
8 18185 1
8 17162 1
8 4364 2
8 19214 1
8 15119 1
8 21783 1
8 281 1
8 7451 1
8 797 1
8 14725 2
8 17696 1
8 7457 1
8 11555 1
8 18212 2
8 19238 2
8 13532 1
8 18222 1
8 21295 1
8 15666 1
8 19252 1
8 7477 1
8 1076 1
8 15674 1
8 7483 1
8 12604 1
8 16701 1
8 7998 1
8 1163 1
8 8518 1
8 14668 2
8 14306 1
8 12110 2
8 3919 1
8 14672 1
8 12625 1
8 13141 1
8 22585 1
8 4441 1
8 2394 1
8 13147 1
8 15199 1
8 22368 1
8 21392 1
8 18791 1
8 572 1
8 15723 1
8 6511 1
8 11632 1
8 12151 1
8 8054 1
8 745 1
8 11668 1
8 11708 1
8 21372 1
8 6014 1
8 21888 1
8 2945 1
8 8579 1
8 2949 2
8 19846 1
8 8585 1
8 3479 1
8 4494 1
8 14735 1
8 4496 2
8 7570 1
8 22339 1
8 10644 1
8 3991 5
8 13723 3
8 12663 1
8 4509 1
8 17312 1
8 15266 1
8 18851 1
8 11684 4
8 19782 1
8 7409 1
8 20384 1
8 1459 1
8 22455 1
8 22457 1
8 8636 3
8 9662 1
8 22464 1
8 10144 1
8 11714 3
8 7397 1
8 7704 1
8 17740 1
8 12746 2
8 14583 1
8 9122 1
8 18769 2
8 13389 1
8 14584 1
8 7635 1
8 18766 1
8 5590 1
8 16804 1
8 4943 1
8 6622 1
8 12768 2
8 3553 1
8 19938 1
8 10726 1
8 21617 1
8 16363 1
8 15854 1
8 13808 1
8 17576 1
8 11771 1
8 10553 1
8 5717 1
9 12288 3
9 7684 2
9 3077 1
9 7687 1
9 22542 1
9 685 1
9 9232 1
9 22551 6
9 1564 2
9 22557 2
9 13854 2
9 700 1
9 12325 1
9 1576 1
9 19036 1
9 1578 1
9 6699 1
9 1068 1
9 11821 1
9 8238 2
9 16431 1
9 19505 1
9 16434 1
9 1076 2
9 104 2
9 1887 1
9 13884 1
9 4158 1
9 13887 1
9 15432 3
9 18505 1
9 15434 1
9 15949 1
9 15438 1
9 12880 1
9 21586 1
9 595 1
9 22100 1
9 18005 2
9 8177 1
9 3676 1
9 1466 1
9 18528 1
9 22032 3
9 9316 2
9 5733 1
9 16998 4
9 3175 1
9 15976 2
9 105 1
9 13418 3
9 103 1
9 13937 1
9 5746 1
9 15987 1
9 13428 2
9 21950 1
9 5246 1
9 6787 1
9 19734 2
9 646 1
9 7617 2
9 13963 2
9 19598 1
9 1167 1
9 1168 1
9 13969 1
9 9875 1
9 1174 1
9 19607 1
9 12445 1
9 16543 1
9 16544 2
9 19619 1
9 10407 1
9 19624 1
9 17577 1
9 17066 1
9 17067 1
9 2955 1
9 14509 2
9 11444 1
9 5816 1
9 2745 1
9 8892 4
9 19133 4
9 16577 1
9 16588 1
9 12495 1
9 8401 1
9 7380 1
9 14037 1
9 15581 1
9 3621 1
9 7397 1
9 7400 3
9 8425 1
9 12013 1
9 7408 1
9 19186 1
9 11219 1
9 17141 1
9 16169 1
9 248 2
9 12026 1
9 14592 2
9 8449 1
9 14595 1
9 4868 1
9 18185 5
9 4364 1
9 15119 1
9 21264 1
9 21782 5
9 8989 1
9 20774 2
9 5929 1
9 1074 1
9 16177 1
9 15666 1
9 19764 1
9 17206 1
9 15499 2
9 6982 1
9 5959 1
9 7410 1
9 8012 1
9 12624 1
9 12625 1
9 5970 1
9 21845 1
9 4438 2
9 12121 1
9 8421 2
9 4448 1
9 10896 1
9 1380 1
9 15717 1
9 7528 1
9 9069 1
9 10097 1
9 15218 1
9 15220 1
9 15222 1
9 15227 2
9 17277 1
9 1918 1
9 12673 1
9 8579 2
9 7044 1
9 2949 1
9 3975 1
9 3977 1
9 17291 1
9 3980 1
9 22418 1
9 3991 1
9 13723 2
9 13724 1
9 7069 1
9 15774 1
9 6014 1
9 17312 1
9 17313 3
9 9124 1
9 1959 1
9 15784 1
9 18857 1
9 1266 2
9 12360 1
9 12878 4
9 12218 1
9 6075 1
9 19900 2
9 11709 1
9 446 1
9 22463 1
9 4000 2
9 11714 2
9 22467 1
9 13255 1
9 12746 3
9 16333 3
9 13389 2
9 16547 2
9 15317 1
9 4058 1
9 8669 1
9 12770 1
9 18769 1
9 16363 2
9 4081 1
9 7155 2
9 13451 1
9 5623 4
9 15864 1
9 4604 1
9 15869 1
9 6741 1
10 12288 1
10 8193 1
10 4115 1
10 22551 3
10 13316 4
10 22557 2
10 8232 1
10 18473 1
10 22571 1
10 8236 4
10 8238 2
10 14386 2
10 16436 1
10 2105 2
10 2113 1
10 8260 1
10 8262 1
10 14407 1
10 10317 1
10 18510 1
10 16479 1
10 18528 1
10 10339 1
10 12390 1
10 105 1
10 12394 1
10 8301 1
10 10365 1
10 16512 1
10 9583 1
10 16547 2
10 10408 1
10 10410 1
10 2220 2
10 4278 1
10 8376 1
10 8378 1
10 4293 1
10 16588 1
10 20686 1
10 14545 1
10 2271 1
10 6368 2
10 10281 1
10 14584 1
10 14592 1
10 15403 2
10 2309 1
10 4364 2
10 16661 1
10 9945 2
10 281 1
10 10545 1
10 20794 1
10 4831 1
10 5514 1
10 9269 1
10 12625 3
10 14677 4
10 4438 1
10 6510 1
10 20851 1
10 12663 1
10 12670 1
10 2945 1
10 12673 1
10 4486 1
10 20882 1
10 10644 1
10 408 1
10 18503 1
10 12716 1
10 12717 1
10 8636 2
10 8641 1
10 16837 1
10 14792 1
10 18889 1
10 12746 2
10 16848 1
10 4571 1
10 2524 1
10 2525 1
10 12779 1
10 494 1
10 13451 1
10 4599 1
10 6651 1
10 6652 3
10 4611 1
10 523 1
10 8718 1
10 4635 1
10 6686 1
10 2596 1
10 6694 2
10 8749 1
10 10798 1
10 8753 1
10 12852 2
10 8770 1
10 6734 1
10 19023 1
10 2640 1
10 6738 1
10 595 1
10 6741 1
10 12891 2
10 12897 1
10 16998 2
10 10857 1
10 12906 1
10 6769 1
10 6770 1
10 21126 1
10 17041 3
10 19094 1
10 21147 1
10 671 1
10 22186 1
10 10920 1
10 17066 1
10 17067 2
10 797 1
10 19124 2
10 15033 1
10 19131 1
10 19133 1
10 10972 1
10 10975 1
10 4837 1
10 4866 2
10 4868 9
10 4870 1
10 17159 1
10 17162 1
10 15119 2
10 17170 1
10 13077 1
10 15128 1
10 8988 1
10 8989 1
10 19238 2
10 15160 1
10 17209 1
10 1163 1
10 13128 1
10 13129 1
10 9044 1
10 21305 1
10 15201 1
10 4967 1
10 9069 3
10 15216 1
10 21364 1
10 2944 2
10 897 1
10 2947 1
10 9092 1
10 9093 1
10 17290 2
10 7055 1
10 21392 1
10 917 1
10 7062 1
10 925 1
10 17312 2
10 13219 1
10 2990 2
10 7095 1
10 7103 1
10 13255 1
10 19401 1
10 9167 2
10 9169 1
10 9170 1
10 17370 1
10 11227 1
10 3041 1
10 5118 4
10 19460 2
10 9729 1
10 9047 3
10 21522 1
10 11292 1
10 17438 1
10 1067 2
10 15404 1
10 7221 1
10 8015 1
10 15432 1
10 13388 3
10 13389 6
10 15439 1
10 21586 3
10 15458 1
10 21613 3
10 19571 1
10 13440 1
10 13443 1
10 13444 1
10 17547 1
10 1167 2
10 1168 1
10 7313 1
10 21652 1
10 3221 1
10 5301 6
10 5304 1
10 11449 1
10 15566 1
10 11479 1
10 5337 1
10 1242 1
10 13532 1
10 21733 1
10 7398 1
10 15597 1
10 7410 1
10 17671 1
10 3340 1
10 11821 1
10 17680 1
10 7463 1
10 19676 1
10 4319 1
10 7485 2
10 3408 3
10 5460 1
10 21845 1
10 8079 1
10 7528 1
10 7531 1
10 13677 1
10 9582 1
10 13679 1
10 13681 2
10 5498 1
10 9600 1
10 21889 1
10 1412 1
10 15754 1
10 17806 1
10 15763 2
10 21912 1
10 21913 1
10 17818 1
10 13723 1
10 13727 1
10 7584 1
10 5551 1
10 21948 1
10 15808 1
10 11714 1
10 13778 1
10 7635 1
10 7650 1
10 13802 1
10 11760 2
10 11771 1
10 11777 2
10 7684 2
10 22024 1
10 13834 1
10 22030 1
10 22032 3
10 15889 1
10 15890 1
10 3610 4
10 9755 2
10 15903 4
10 1568 1
10 603 1
10 20012 2
10 3629 2
10 20014 1
10 3636 1
10 13880 1
10 5702 1
10 18002 1
10 18005 1
10 9816 1
10 3674 1
10 1627 1
10 3676 1
10 18022 1
10 18023 1
10 22119 1
10 18029 1
10 11887 1
10 13937 1
10 22133 3
10 15994 1
10 19900 4
10 16030 1
10 16035 1
10 13994 1
10 5816 1
10 11963 1
10 1724 1
10 7870 2
10 11969 4
10 7885 1
10 7889 1
10 14037 1
10 7897 1
10 7911 2
10 12013 1
10 5877 1
10 5882 1
10 22267 1
10 20227 1
10 12043 1
10 18215 1
10 12089 1
10 16194 1
10 20303 1
10 5969 1
10 10069 1
10 18267 3
10 18746 1
10 22368 1
10 22369 4
10 10555 1
10 20325 1
10 3943 1
10 18287 1
10 10097 1
10 3958 1
10 16252 1
10 1918 1
10 12162 1
10 3978 1
10 10127 1
10 22416 1
10 20384 1
10 6054 1
10 10157 1
10 6066 1
10 6075 1
10 6076 1
10 2003 1
10 5795 1
10 4055 1
10 18393 1
10 4058 1
10 12252 1
10 10205 2
10 8188 1
10 16363 2
10 8175 1
10 680 1
10 10226 1
10 18428 1
10 10922 1
11 12288 1
11 8193 1
11 7684 2
11 1030 1
11 9729 1
11 22188 1
11 22026 1
11 9047 1
11 20494 1
11 16301 1
11 22032 1
11 12306 1
11 22551 2
11 6660 1
11 22557 1
11 15903 1
11 3621 1
11 13863 1
11 1067 1
11 3629 1
11 8238 1
11 7215 1
11 8753 1
11 7219 2
11 1076 1
11 3125 1
11 11832 1
11 17466 1
11 12354 2
11 15713 1
11 15432 2
11 22601 1
11 587 1
11 8268 1
11 13389 1
11 18005 2
11 13398 2
11 13912 1
11 22030 1
11 15119 2
11 13404 1
11 14324 1
11 2661 1
11 7776 1
11 17424 1
11 20066 1
11 15971 1
11 12390 1
11 16998 1
11 9831 1
11 104 1
11 10857 1
11 106 1
11 21613 4
11 18030 1
11 17007 1
11 14448 1
11 18545 1
11 1140 1
11 20598 1
11 105 1
11 5755 1
11 12394 1
11 5246 1
11 1664 1
11 3201 1
11 20098 1
11 19588 1
11 13445 1
11 18056 1
11 17943 1
11 3212 1
11 1167 2
11 12432 1
11 7313 1
11 21651 1
11 21305 2
11 14489 1
11 5276 1
11 16372 2
11 16679 2
11 19619 1
11 16548 1
11 22181 1
11 13681 1
11 10408 1
11 5993 1
11 9901 1
11 4381 1
11 17608 1
11 4268 1
11 19124 1
11 5301 1
11 2761 1
11 15032 1
11 11449 2
11 5818 1
11 19133 2
11 16579 1
11 20168 1
11 13516 3
11 20343 1
11 16588 1
11 20686 2
11 4303 1
11 8913 1
11 1235 1
11 3796 1
11 10453 1
11 7287 1
11 19676 1
11 21726 1
11 7903 1
11 7904 1
11 21730 1
11 1764 1
11 21733 1
11 742 1
11 5866 1
11 4647 1
11 22252 1
11 5869 1
11 6345 1
11 6269 1
11 7409 2
11 1266 2
11 10963 2
11 22262 1
11 14584 1
11 12026 1
11 15614 1
11 14592 1
11 8449 2
11 4867 1
11 4868 2
11 2309 1
11 19718 1
11 7041 1
11 7902 1
11 12044 1
11 2873 1
11 5391 1
11 17169 1
11 19734 1
11 281 2
11 282 1
11 7451 2
11 797 1
11 3517 1
11 16163 1
11 19238 1
11 7729 1
11 10972 1
11 8490 1
11 20269 1
11 17485 1
11 7471 3
11 1160 1
11 7475 1
11 6965 3
11 3636 1
11 10359 1
11 20285 1
11 6464 1
11 15172 1
11 3397 1
11 7785 1
11 12514 1
11 847 1
11 5969 1
11 11603 1
11 6484 3
11 13113 1
11 2394 1
11 18267 3
11 15709 1
11 12325 1
11 17637 1
11 22368 2
11 22369 1
11 15717 1
11 20838 1
11 7527 2
11 7529 1
11 3946 1
11 5996 1
11 9069 3
11 2415 1
11 2416 1
11 3953 1
11 3731 1
11 7540 1
11 12663 1
11 17788 1
11 8062 1
11 6976 2
11 1410 1
11 8683 1
11 4484 2
11 14725 1
11 16775 1
11 9458 3
11 909 1
11 910 1
11 8685 1
11 19347 1
11 10644 1
11 16366 2
11 12800 1
11 3991 3
11 7069 2
11 17312 1
11 4002 1
11 18853 1
11 12712 1
11 15273 3
11 22442 1
11 13227 1
11 7410 1
11 16302 1
11 925 1
11 19187 1
11 9145 1
11 6075 1
11 11709 1
11 22463 1
11 14046 1
11 20384 1
11 8079 1
11 13255 2
11 15817 1
11 12746 1
11 11723 1
11 15820 1
11 15266 1
11 9167 2
11 3536 1
11 13778 1
11 16547 2
11 12018 1
11 10205 1
11 7432 1
11 18911 1
11 17890 1
11 17892 1
11 13677 1
11 12625 4
11 7224 1
11 16363 1
11 7660 1
11 4589 1
11 494 1
11 16367 1
11 496 1
11 7153 1
11 17395 1
11 18420 1
11 16373 1
11 16374 1
11 5623 1
11 11604 1
11 20990 1
11 1109 1
12 12288 2
12 11008 1
12 1074 1
12 13316 2
12 15190 2
12 8449 1
12 19464 2
12 1545 1
12 13834 1
12 9047 3
12 4799 1
12 13838 1
12 16911 1
12 22032 2
12 6673 1
12 15890 1
12 13331 3
12 19476 1
12 17943 1
12 19460 1
12 1562 1
12 17435 1
12 11292 1
12 15903 1
12 4884 1
12 11134 1
12 11815 1
12 8232 1
12 11817 1
12 4451 1
12 15404 1
12 3629 1
12 16430 1
12 21552 1
12 7217 1
12 5682 2
12 11827 1
12 3636 1
12 20535 1
12 11832 1
12 1468 1
12 19520 1
12 13626 2
12 12354 1
12 9227 1
12 3652 1
12 13880 1
12 15432 3
12 11850 1
12 8779 1
12 8268 1
12 9618 1
12 15439 1
12 4707 1
12 13398 3
12 12151 1
12 602 1
12 8797 2
12 18528 1
12 18529 1
12 10339 1
12 3562 1
12 3175 1
12 7785 1
12 21613 1
12 15982 1
12 1469 1
12 14448 2
12 13937 2
12 6770 1
12 22082 1
12 1141 3
12 12852 2
12 14969 1
12 14970 1
12 19900 2
12 20604 1
12 6270 1
12 16661 1
12 4225 1
12 12930 1
12 2179 1
12 5764 2
12 11398 1
12 6593 1
12 13451 1
12 5775 1
12 10896 3
12 13969 1
12 13763 1
12 14488 1
12 10436 1
12 19610 1
12 16539 1
12 12445 1
12 15522 1
12 9380 1
12 5758 1
12 4263 1
12 10410 1
12 683 1
12 500 1
12 15534 1
12 16049 1
12 4276 1
12 16054 2
12 15817 1
12 8376 2
12 1140 1
12 3258 1
12 4795 1
12 19133 9
12 22133 1
12 12993 1
12 13507 1
12 13508 1
12 18209 1
12 17608 1
12 13514 2
12 7371 1
12 9423 1
12 1235 1
12 11476 2
12 12501 1
12 12503 1
12 5337 2
12 11482 1
12 16603 1
12 10972 1
12 16828 1
12 10975 3
12 7392 1
12 10978 2
12 7396 1
12 741 1
12 5351 1
12 7400 1
12 7463 2
12 5356 2
12 9453 1
12 20723 1
12 12670 2
12 22262 1
12 3369 1
12 17620 1
12 3060 1
12 11477 1
12 14592 5
12 14081 1
12 770 1
12 4867 3
12 17366 2
12 774 1
12 7432 1
12 7433 4
12 8458 1
12 16651 1
12 15628 1
12 17166 1
12 15119 1
12 2322 1
12 11028 1
12 13077 2
12 2839 4
12 22339 1
12 2841 5
12 5433 1
12 7471 2
12 14622 1
12 18207 1
12 7457 1
12 17188 1
12 2243 1
12 5927 1
12 1833 1
12 12589 1
12 17711 1
12 11058 1
12 16691 1
12 1844 1
12 8502 3
12 8503 1
12 13113 2
12 2704 1
12 7903 1
12 8508 1
12 17229 1
12 3392 1
12 4418 1
12 10891 1
12 22464 1
12 13125 2
12 10697 1
12 17223 1
12 11063 1
12 17741 1
12 4942 1
12 15696 1
12 16952 1
12 12625 1
12 17163 2
12 21845 1
12 854 1
12 21305 5
12 17241 1
12 20794 1
12 1256 1
12 3935 1
12 10128 1
12 3643 1
12 4452 1
12 19816 1
12 20284 1
12 11196 1
12 9069 5
12 879 1
12 9072 1
12 15486 1
12 4496 1
12 17043 2
12 20343 1
12 3960 1
12 15739 1
12 15741 1
12 13182 1
12 6464 2
12 15339 1
12 14725 1
12 16775 1
12 22252 1
12 7565 1
12 20878 2
12 16877 1
12 21392 1
12 10641 1
12 20882 3
12 15971 1
12 18324 1
12 18837 1
12 3991 2
12 21617 1
12 7066 1
12 15771 1
12 588 1
12 10141 1
12 22341 1
12 4000 2
12 15777 1
12 15266 4
12 423 1
12 6054 1
12 22439 1
12 15273 6
12 22442 4
12 9644 1
12 11181 1
12 11471 3
12 5551 1
12 4432 1
12 16372 1
12 18363 1
12 18364 2
12 5565 1
12 6592 1
12 20384 2
12 19907 2
12 8062 1
12 13978 1
12 13255 1
12 13388 2
12 16333 1
12 21454 1
12 9167 9
12 8636 1
12 590 1
12 9686 1
12 12760 1
12 1499 1
12 2524 1
12 10206 1
12 20389 1
12 1504 1
12 10721 1
12 4579 2
12 3044 1
12 13222 1
12 13287 1
12 10218 1
12 8683 1
12 8685 1
12 4591 1
12 11760 4
12 4081 1
12 4691 1
12 20468 1
12 5394 1
12 6652 1
12 14677 1
13 1280 1
13 12292 1
13 6149 1
13 17424 1
13 19464 1
13 13834 1
13 7694 1
13 22198 1
13 22032 2
13 14680 1
13 8722 1
13 3331 1
13 2990 1
13 8214 1
13 9305 1
13 12825 1
13 9755 1
13 22557 3
13 5951 1
13 13858 1
13 547 1
13 20519 1
13 8232 1
13 8236 1
13 1069 1
13 6702 1
13 18991 1
13 11827 1
13 3636 3
13 22375 1
13 22071 1
13 6713 1
13 3643 1
13 572 1
13 7690 2
13 6718 1
13 22133 1
13 22082 2
13 20547 1
13 9398 1
13 16966 1
13 9569 1
13 16652 1
13 863 1
13 10316 1
13 13389 1
13 15439 1
13 10320 1
13 13394 1
13 4691 1
13 13727 1
13 3342 1
13 13398 2
13 599 1
13 15448 1
13 15961 1
13 5210 1
13 12891 1
13 13404 2
13 18528 1
13 19553 1
13 7778 1
13 3171 1
13 13412 1
13 13881 1
13 18022 2
13 22119 1
13 6760 1
13 18876 1
13 15266 1
13 20327 1
13 8920 1
13 21613 3
13 7777 1
13 15037 1
13 14448 1
13 13937 2
13 15986 1
13 19571 1
13 1141 2
13 21865 1
13 17016 1
13 16064 1
13 637 1
13 19073 1
13 3332 1
13 19587 1
13 7300 1
13 13445 1
13 11969 1
13 1160 1
13 7881 1
13 18571 1
13 2704 1
13 17688 1
13 17042 3
13 13459 1
13 2709 1
13 12441 1
13 3738 1
13 11887 1
13 9887 1
13 18080 1
13 2416 2
13 18759 2
13 21531 1
13 9892 1
13 5797 2
13 21617 1
13 10408 2
13 11945 1
13 11946 2
13 11684 1
13 15128 1
13 8989 1
13 17890 1
13 8370 1
13 10932 1
13 16054 1
13 12471 1
13 13969 2
13 3258 2
13 4795 1
13 8892 1
13 19133 5
13 21182 1
13 20159 1
13 4115 1
13 19137 2
13 14530 1
13 2243 2
13 2244 1
13 11461 1
13 8992 1
13 4385 1
13 20168 1
13 16588 1
13 4299 1
13 13516 1
13 2765 1
13 11725 1
13 14033 1
13 10963 1
13 10452 2
13 725 1
13 10458 1
13 7897 1
13 11482 1
13 4303 1
13 3937 1
13 4831 1
13 11632 1
13 9442 1
13 4406 1
13 7396 1
13 7397 1
13 4326 1
13 9425 1
13 8532 1
13 8425 1
13 18154 1
13 5867 1
13 12013 1
13 20718 1
13 17021 1
13 19495 1
13 7635 1
13 3316 1
13 12897 1
13 4867 1
13 17657 1
13 4492 1
13 10453 1
13 14592 1
13 8449 1
13 1282 1
13 1283 1
13 4868 5
13 21889 1
13 15624 1
13 12076 1
13 17162 1
13 8151 1
13 4364 2
13 8461 1
13 13070 1
13 3629 1
13 17681 1
13 6934 1
13 5400 1
13 6937 1
13 3354 1
13 5935 1
13 21276 1
13 8908 1
13 2328 1
13 6943 1
13 17184 1
13 16176 1
13 3363 1
13 3877 1
13 7463 2
13 10555 1
13 16775 1
13 18220 1
13 21295 1
13 9008 1
13 7474 2
13 7475 1
13 4404 1
13 18230 1
13 9015 1
13 21305 3
13 11066 1
13 827 1
13 21821 1
13 20798 1
13 7999 1
13 12110 1
13 16706 1
13 8502 5
13 3127 1
13 3911 1
13 21832 1
13 10636 1
13 4919 1
13 5028 1
13 20813 1
13 4942 1
13 12576 1
13 3408 1
13 9041 1
13 11603 1
13 11604 2
13 18830 1
13 18775 1
13 2705 1
13 4441 1
13 2394 1
13 16223 1
13 22368 2
13 22416 1
13 7011 1
13 19301 1
13 21862 1
13 9873 1
13 11113 1
13 9069 8
13 10402 1
13 573 1
13 9072 2
13 5489 1
13 19124 2
13 12663 1
13 4032 1
13 21311 1
13 12390 1
13 1918 2
13 14741 1
13 9600 1
13 14721 1
13 19842 1
13 8579 1
13 20886 1
13 15751 1
13 19852 1
13 15170 1
13 11662 1
13 8079 2
13 4496 1
13 11665 1
13 20882 3
13 16175 1
13 16788 1
13 19349 1
13 8086 1
13 3991 1
13 11672 1
13 5529 1
13 9918 1
13 22427 1
13 8607 2
13 20384 1
13 9169 1
13 3492 1
13 8262 1
13 10857 2
13 11177 1
13 22442 1
13 22087 1
13 16812 1
13 21933 1
13 11182 1
13 4123 1
13 18978 1
13 1583 1
13 14495 1
13 19900 1
13 5567 1
13 22464 1
13 9665 1
13 5059 1
13 8645 1
13 13388 1
13 12746 1
13 20429 1
13 9167 2
13 8144 1
13 8636 2
13 2003 1
13 9172 1
13 4497 1
13 7638 1
13 18391 1
13 9380 1
13 20559 1
13 2523 1
13 22181 1
13 17376 1
13 3553 1
13 20450 1
13 21475 1
13 18838 1
13 999 1
13 15850 1
13 10399 1
13 13840 1
13 15855 1
13 7152 1
13 7433 1
13 6461 1
13 2673 1
13 16269 1
13 8184 1
13 5029 1
13 7471 2
13 8188 1
13 10410 1
13 9726 1
13 14677 6
14 11392 1
14 9729 1
14 4866 1
14 13316 1
14 18055 1
14 22252 1
14 14530 1
14 9069 1
14 4496 1
14 4497 1
14 8908 1
14 3408 1
14 8623 1
14 11672 1
14 19204 1
14 19610 1
14 14703 1
14 858 1
14 15903 1
14 9072 1
14 802 1
14 17435 1
14 9380 1
14 14769 1
14 11177 1
14 12202 1
14 1580 1
14 14509 1
14 7471 2
14 17200 1
14 9777 1
14 15859 1
14 19124 1
14 9015 1
14 8892 1
14 21305 2
14 20639 1
14 8636 1
14 19133 2
14 14399 1
14 3776 1
14 22209 1
14 22082 1
14 11827 1
14 22344 1
14 7241 1
14 13388 1
14 9293 1
14 9167 1
14 9424 1
14 7633 1
14 14677 2
14 9017 1
14 21849 1
14 6345 1
14 10684 1
14 16223 1
14 22368 1
14 22416 1
14 741 1
14 12625 1
14 10857 1
14 364 1
14 21613 2
14 15293 1
14 14448 2
14 13937 1
14 9331 1
14 8568 1
14 15225 1
14 20437 1
14 13947 1
14 554 1
14 5246 1
14 10453 1
