1 1280 1
1 13316 4
1 14081 1
1 15903 1
1 21168 1
1 3113 1
1 14379 1
1 16946 1
1 12852 1
1 15806 1
1 3130 1
1 1076 2
1 12352 1
1 6723 2
1 12360 1
1 11850 1
1 9292 1
1 9298 1
1 9300 1
1 15630 1
1 22422 3
1 5207 1
1 8549 5
1 13243 1
1 12390 10
1 22119 1
1 10428 1
1 21613 2
1 11887 6
1 14448 2
1 13937 3
1 5746 1
1 1141 2
1 17016 1
1 7289 1
1 4218 1
1 14459 1
1 21120 1
1 22464 3
1 6786 1
1 6787 1
1 11116 1
1 13451 1
1 5267 1
1 3220 1
1 8342 2
1 2244 1
1 9887 1
1 11632 1
1 7451 2
1 22186 1
1 4267 2
1 22188 2
1 3760 1
1 21171 1
1 12471 1
1 18108 1
1 13514 1
1 9918 1
1 19403 1
1 7876 1
1 19658 1
1 18295 2
1 5326 1
1 7892 1
1 17621 1
1 22232 2
1 10975 1
1 12095 1
1 1767 1
1 745 1
1 22252 2
1 14574 1
1 12527 1
1 9969 2
1 15609 2
1 15611 1
1 18686 1
1 588 1
1 8320 1
1 15618 1
1 3627 1
1 4868 2
1 2348 4
1 20234 1
1 10510 1
1 15119 1
1 8380 4
1 7963 1
1 8989 1
1 8892 3
1 2344 1
1 17372 1
1 21902 1
1 11052 1
1 2351 1
1 18736 1
1 10545 1
1 18227 1
1 2869 1
1 14646 1
1 2873 1
1 12602 1
1 10555 1
1 20284 2
1 7870 2
1 22339 1
1 17225 1
1 17229 1
1 3408 2
1 12625 2
1 19939 1
1 14677 2
1 13654 2
1 10553 1
1 19288 1
1 6489 1
1 18267 1
1 22369 1
1 7013 1
1 3943 2
1 360 2
1 3946 3
1 364 3
1 22418 1
1 18287 1
1 19312 1
1 5489 1
1 10098 1
1 7542 2
1 12151 1
1 18808 1
1 11708 1
1 12663 1
1 21142 1
1 9606 2
1 9607 1
1 17806 1
1 14744 1
1 12178 1
1 8086 1
1 14743 1
1 21912 1
1 1945 1
1 5019 1
1 20384 1
1 17819 1
1 6052 1
1 1959 4
1 10667 2
1 2990 4
1 19375 1
1 19377 1
1 16371 1
1 4533 1
1 9033 1
1 4831 1
1 19900 1
1 12734 1
1 15808 4
1 4038 3
1 11719 1
1 6601 1
1 12746 2
1 22475 1
1 20429 1
1 9167 2
1 9684 1
1 12757 1
1 9580 1
1 21980 2
1 2531 1
1 999 1
1 7147 1
1 21074 1
1 17395 1
1 10740 1
1 4601 1
1 12458 1
1 18942 1
1 2559 1
2 1538 1
2 9733 1
2 7638 1
2 13833 1
2 7178 1
2 9047 5
2 7180 1
2 20817 1
2 3265 1
2 1454 1
2 13846 1
2 6489 1
2 11524 1
2 6686 1
2 15903 1
2 16416 1
2 16417 1
2 2594 1
2 815 1
2 4647 2
2 3113 1
2 22571 1
2 8751 1
2 19464 1
2 10803 1
2 1076 2
2 21557 1
2 19124 2
2 19516 1
2 7690 1
2 13887 1
2 12354 1
2 20547 1
2 12356 1
2 15432 1
2 3340 1
2 11850 1
2 4023 1
2 13388 2
2 13389 6
2 592 3
2 9809 1
2 21586 4
2 1107 1
2 14784 1
2 6741 1
2 598 1
2 602 1
2 18528 1
2 18022 2
2 3176 1
2 22121 2
2 20076 1
2 21104 1
2 21617 2
2 1138 2
2 6771 1
2 22133 1
2 21622 2
2 17019 1
2 18965 1
2 21633 1
2 11461 1
2 15491 2
2 13445 1
2 6790 1
2 705 1
2 10890 1
2 13451 1
2 5264 1
2 9873 1
2 4754 1
2 19093 1
2 1174 1
2 12446 1
2 19397 1
2 7451 1
2 4772 4
2 4773 2
2 4774 5
2 4263 1
2 4267 2
2 2239 1
2 16049 1
2 4276 1
2 13493 1
2 8892 1
2 19133 2
2 13901 1
2 6773 2
2 14016 1
2 11969 1
2 6774 1
2 2990 3
2 11471 1
2 18128 1
2 14033 1
2 7892 1
2 21227 1
2 19162 2
2 9167 5
2 2275 1
2 19174 1
2 18154 1
2 5867 1
2 22252 1
2 19694 5
2 3828 1
2 18302 1
2 22262 1
2 7380 2
2 17147 1
2 15613 1
2 11007 1
2 8961 1
2 4868 3
2 2309 1
2 22278 1
2 18185 2
2 20234 1
2 3339 1
2 4364 3
2 7952 1
2 18865 1
2 2179 1
2 21783 1
2 21295 1
2 8988 1
2 4894 1
2 20255 1
2 17185 1
2 646 1
2 11049 3
2 4289 1
2 7979 1
2 18222 1
2 7471 1
2 18736 1
2 10545 3
2 8502 3
2 20794 1
2 17211 1
2 3393 1
2 16705 5
2 17225 1
2 17227 1
2 8012 1
2 9550 1
2 8015 1
2 21841 1
2 1716 1
2 14677 1
2 13654 1
2 855 1
2 857 2
2 12602 3
2 3934 2
2 15199 1
2 22368 1
2 22369 1
2 15206 1
2 3943 3
2 8552 1
2 7018 1
2 9069 8
2 9071 1
2 10098 1
2 6003 1
2 7542 1
2 12151 2
2 21818 1
2 13182 1
2 9600 1
2 2435 1
2 15751 2
2 10515 1
2 3469 1
2 7055 1
2 4496 3
2 22418 1
2 7062 1
2 3991 1
2 7064 1
2 925 1
2 20384 1
2 15856 1
2 15266 7
2 12716 1
2 4241 1
2 18862 4
2 15773 1
2 7601 1
2 4019 2
2 7092 1
2 7095 1
2 14495 1
2 11708 1
2 7101 1
2 17200 1
2 22464 1
2 1099 1
2 19396 1
2 14277 1
2 588 1
2 12746 1
2 20427 1
2 8143 1
2 8144 1
2 7122 1
2 4564 1
2 10574 1
2 20915 1
2 11769 1
2 10916 1
2 10205 1
2 11771 1
2 19943 1
2 12779 2
2 15854 1
2 5885 1
2 11760 4
2 10225 1
2 18423 1
2 18424 1
2 10745 1
2 8187 1
2 508 1
2 13821 2
2 341 1
3 13824 1
3 12288 1
3 20254 1
3 8107 1
3 19460 3
3 9733 1
3 8988 1
3 1546 1
3 4110 2
3 685 3
3 17424 1
3 10259 2
3 10260 1
3 7485 2
3 1048 2
3 13316 1
3 13338 1
3 8261 1
3 22557 1
3 15903 2
3 6691 1
3 6180 2
3 6182 1
3 4647 1
3 14379 1
3 8236 3
3 22450 2
3 861 1
3 1074 2
3 17331 1
3 1590 1
3 11832 1
3 10625 1
3 17494 1
3 3134 1
3 21173 1
3 12352 1
3 5935 1
3 15426 1
3 17163 1
3 1092 1
3 9398 1
3 8262 1
3 12897 1
3 15432 2
3 18505 1
3 11850 3
3 1099 1
3 6732 1
3 13389 2
3 5199 1
3 592 2
3 19694 4
3 21586 3
3 19555 1
3 5339 1
3 20569 1
3 10331 1
3 605 1
3 16190 8
3 9488 1
3 15971 1
3 4197 1
3 18022 3
3 22119 2
3 20882 1
3 15425 1
3 18028 1
3 9033 2
3 14448 2
3 13937 3
3 6770 2
3 4115 1
3 20084 1
3 10357 1
3 6774 3
3 16616 1
3 4218 1
3 13947 1
3 10876 1
3 15997 1
3 8830 1
3 12927 2
3 5760 1
3 22464 2
3 15491 3
3 16661 1
3 13445 1
3 646 1
3 647 2
3 5337 1
3 14473 1
3 19595 1
3 13452 4
3 20109 1
3 12007 1
3 5264 3
3 3217 2
3 4267 1
3 13462 1
3 20505 1
3 9071 1
3 15673 2
3 12446 1
3 18080 1
3 10096 1
3 16547 1
3 4438 1
3 19621 1
3 4774 4
3 11182 1
3 20649 1
3 11434 1
3 10411 1
3 22188 2
3 18282 1
3 8989 4
3 14016 1
3 21107 1
3 4087 1
3 4382 1
3 6974 1
3 3258 1
3 20155 1
3 15548 2
3 12624 3
3 3262 1
3 3264 1
3 12994 1
3 2244 1
3 21622 2
3 4294 1
3 2990 5
3 5321 1
3 9420 1
3 11471 1
3 10222 1
3 12209 1
3 5331 1
3 12503 1
3 22232 2
3 2596 2
3 6875 1
3 5852 1
3 8314 1
3 4831 1
3 7392 1
3 13493 1
3 14050 1
3 8993 1
3 10468 1
3 10981 1
3 2001 1
3 12008 1
3 9449 2
3 18267 2
3 11049 5
3 5870 1
3 16120 2
3 19597 1
3 5873 2
3 9970 1
3 7891 1
3 12585 2
3 14584 1
3 16121 1
3 20218 1
3 16123 1
3 20732 1
3 5885 1
3 18686 1
3 1280 1
3 2944 1
3 4049 1
3 16939 1
3 4868 1
3 2309 3
3 14721 2
3 8015 1
3 9583 1
3 3339 1
3 4364 3
3 2873 1
3 7438 1
3 8749 1
3 7952 2
3 11992 1
3 7043 1
3 2836 1
3 13077 1
3 1303 1
3 17688 1
3 15641 1
3 3419 1
3 815 2
3 19740 1
3 15133 1
3 4894 2
3 7457 1
3 11555 2
3 12602 1
3 19238 1
3 2344 1
3 10972 1
3 12076 1
3 7471 2
3 1844 3
3 16701 2
3 8502 1
3 2416 1
3 7481 2
3 15674 1
3 17211 3
3 15676 1
3 15677 1
3 15678 1
3 7870 1
3 3392 1
3 16705 4
3 16194 1
3 20803 1
3 14646 1
3 21318 2
3 20236 1
3 17225 2
3 7498 1
3 7499 1
3 4942 1
3 13453 1
3 4546 1
3 12625 2
3 21330 2
3 14051 1
3 20309 1
3 19286 1
3 9047 1
3 7396 1
3 1371 1
3 14173 2
3 7397 1
3 22368 1
3 15714 1
3 7483 1
3 9167 3
3 7016 1
3 7018 1
3 16103 1
3 9069 5
3 17213 1
3 15216 2
3 10097 1
3 7633 1
3 1342 1
3 13174 1
3 12663 2
3 8568 1
3 18809 1
3 13178 1
3 10975 1
3 19840 1
3 17216 2
3 20794 1
3 8579 1
3 16260 1
3 16774 1
3 15751 1
3 5291 1
3 11152 1
3 22418 2
3 22339 1
3 11156 2
3 18837 1
3 3991 3
3 21617 1
3 11163 1
3 14237 1
3 16193 5
3 15459 1
3 4000 8
3 15266 5
3 15771 1
3 11762 1
3 15784 1
3 15273 1
3 22442 1
3 21419 3
3 2435 2
3 4338 1
3 16302 4
3 15279 1
3 7601 2
3 15794 1
3 15795 1
3 4020 1
3 437 3
3 22455 1
3 18361 1
3 3517 1
3 7104 2
3 20384 1
3 11714 2
3 17859 2
3 7110 3
3 13255 1
3 16329 1
3 603 1
3 9122 1
3 13901 1
3 10704 1
3 18424 1
3 13451 1
3 10195 1
3 9684 1
3 7637 1
3 15831 1
3 8898 4
3 4943 1
3 10206 1
3 4773 1
3 21984 1
3 20560 1
3 13819 2
3 6117 1
3 11524 1
3 20817 1
3 493 1
3 494 1
3 11760 5
3 10225 1
3 3058 2
3 3060 1
3 5110 1
3 5623 1
3 2040 1
3 15865 1
3 4090 4
3 11771 1
3 18940 1
3 15869 1
3 12799 1
4 12288 1
4 4096 1
4 13316 1
4 15367 1
4 685 2
4 17424 1
4 15278 1
4 512 3
4 1047 1
4 13848 1
4 13849 1
4 9245 1
4 15903 2
4 2596 3
4 11815 2
4 7447 1
4 4649 1
4 4650 1
4 8236 1
4 8749 1
4 16430 1
4 3421 3
4 1074 1
4 17331 1
4 3636 1
4 1590 1
4 2105 1
4 10811 1
4 13885 1
4 10814 1
4 4277 1
4 2113 1
4 12354 2
4 17476 1
4 8261 1
4 15432 1
4 18505 2
4 11703 1
4 20802 1
4 13901 2
4 5199 1
4 20560 2
4 9809 1
4 21586 1
4 15955 1
4 19028 1
4 2873 1
4 17494 1
4 22457 1
4 2648 3
4 3161 2
4 3674 1
4 7771 1
4 605 1
4 7263 1
4 1170 1
4 20384 1
4 18022 1
4 21094 1
4 18023 1
4 17000 1
4 11708 2
4 3175 1
4 18028 1
4 20593 1
4 21618 1
4 1141 1
4 3702 1
4 7785 1
4 15994 3
4 19900 1
4 13950 2
4 3711 1
4 4225 1
4 4227 1
4 14469 1
4 3206 1
4 6791 1
4 15980 1
4 1163 1
4 2701 1
4 7448 1
4 21650 1
4 16020 1
4 17945 1
4 10436 1
4 11727 1
4 14492 1
4 11049 5
4 13957 1
4 14496 1
4 5793 1
4 16547 1
4 13937 3
4 20649 1
4 11434 2
4 4267 1
4 22188 1
4 6770 2
4 13389 1
4 19741 1
4 10928 1
4 19124 2
4 13493 1
4 10832 1
4 2745 1
4 8892 1
4 5823 1
4 21696 1
4 4289 1
4 6852 1
4 11461 1
4 801 1
4 22119 3
4 7888 1
4 20692 1
4 22232 2
4 7897 2
4 8655 1
4 2394 1
4 4218 1
4 19460 1
4 4831 2
4 15751 2
4 6421 1
4 15911 1
4 19290 1
4 14290 2
4 19694 2
4 1917 1
4 5874 1
4 7537 1
4 3198 1
4 14583 1
4 16120 6
4 16121 4
4 12026 3
4 16635 1
4 16637 1
4 13574 1
4 3201 1
4 1833 1
4 10001 1
4 7952 2
4 11992 1
4 22291 1
4 4884 2
4 16661 1
4 21783 1
4 21784 1
4 15641 1
4 16308 1
4 13853 1
4 8989 1
4 4894 1
4 13445 1
4 8993 2
4 11555 1
4 10972 1
4 5852 1
4 2347 1
4 2862 1
4 10545 3
4 14387 1
4 8500 1
4 8502 2
4 12852 1
4 12602 1
4 10044 2
4 16190 6
4 6464 1
4 16705 3
4 13824 1
4 13451 2
4 22340 1
4 8518 1
4 3199 1
4 17228 1
4 10210 1
4 12624 1
4 12625 1
4 21330 1
4 19286 3
4 9047 1
4 4442 1
4 7516 1
4 861 1
4 7518 1
4 22368 1
4 9167 2
4 15207 1
4 5994 1
4 8043 2
4 5996 1
4 9069 3
4 20541 1
4 15216 1
4 10097 1
4 21875 2
4 7241 1
4 12663 1
4 8568 1
4 3220 1
4 7514 1
4 4019 2
4 1918 1
4 2435 3
4 1412 1
4 9606 1
4 16193 4
4 748 1
4 906 4
4 907 3
4 10636 1
4 10306 1
4 20878 1
4 12868 1
4 16276 1
4 5765 1
4 3991 3
4 11161 1
4 21914 1
4 14751 1
4 4000 6
4 15856 1
4 15266 6
4 14755 1
4 15273 2
4 9050 2
4 15495 1
4 16302 2
4 4017 1
4 8626 1
4 7603 1
4 12212 1
4 12737 2
4 18358 2
4 2487 1
4 18361 3
4 18362 1
4 8636 1
4 7101 1
4 3006 1
4 22464 6
4 16544 1
4 7106 1
4 2500 1
4 7110 1
4 13255 2
4 16328 4
4 16329 2
4 11511 1
4 8140 1
4 5197 1
4 5586 1
4 9171 1
4 20442 1
4 4090 1
4 10206 2
4 592 1
4 19938 1
4 2990 2
4 9041 1
4 489 1
4 18924 1
4 493 1
4 11760 8
4 4081 1
4 15548 3
4 14324 1
4 22100 1
4 6138 1
4 11771 1
4 509 1
5 12288 3
5 4096 2
5 4123 1
5 4130 1
5 6180 1
5 14374 1
5 8236 1
5 16432 1
5 12354 3
5 20547 1
5 12356 1
5 12357 2
5 20559 1
5 20560 1
5 18521 1
5 14324 1
5 17424 2
5 11963 1
5 12390 10
5 12391 1
5 12393 2
5 8551 1
5 12399 1
5 7870 1
5 12422 2
5 6279 1
5 18796 1
5 20625 1
5 12441 1
5 4263 1
5 10408 2
5 20649 4
5 4267 3
5 4276 2
5 2243 1
5 10436 1
5 20687 2
5 20692 1
5 8422 1
5 2279 1
5 2282 1
5 20723 1
5 19497 1
5 18686 3
5 18688 1
5 2309 1
5 20524 1
5 8458 1
5 16651 1
5 4364 1
5 10510 1
5 11992 1
5 10515 1
5 2326 1
5 16665 1
5 14621 2
5 4385 1
5 2351 2
5 4400 1
5 10545 3
5 14642 1
5 20794 2
5 12604 1
5 16704 1
5 16705 3
5 8514 1
5 6489 5
5 2394 4
5 2407 2
5 18793 1
5 364 2
5 12663 1
5 2435 4
5 20891 4
5 20896 1
5 435 1
5 8636 1
5 10686 1
5 6593 1
5 12746 8
5 8651 1
5 16846 1
5 16850 1
5 4567 1
5 4573 1
5 489 1
5 12778 2
5 12779 2
5 17490 1
5 495 1
5 16882 1
5 16883 1
5 6655 1
5 10754 1
5 2576 1
5 18180 1
5 18975 2
5 545 1
5 2596 2
5 6695 1
5 8753 1
5 8778 1
5 588 2
5 592 1
5 19027 1
5 19028 1
5 599 1
5 21094 1
5 6770 2
5 6773 2
5 14969 1
5 6784 1
5 21121 1
5 6786 1
5 6787 1
5 6790 3
5 8641 1
5 14985 3
5 10890 1
5 651 1
5 19094 4
5 667 1
5 19102 1
5 10915 2
5 10916 1
5 4773 2
5 694 1
5 700 2
5 12064 1
5 17098 1
5 12750 1
5 10972 7
5 4831 3
5 745 1
5 17148 1
5 15574 4
5 4868 1
5 17159 1
5 4881 1
5 2834 1
5 15127 1
5 15128 1
5 8988 1
5 8989 2
5 17185 1
5 8996 1
5 19238 1
5 11049 1
5 9351 1
5 4910 1
5 15160 1
5 13113 1
5 17212 1
5 6974 1
5 1163 1
5 17225 1
5 6986 1
5 6987 2
5 17229 1
5 21332 1
5 11094 1
5 9047 3
5 9050 1
5 19291 1
5 2914 1
5 15205 1
5 7016 1
5 9069 7
5 9071 1
5 15216 1
5 15166 1
5 13174 1
5 12777 1
5 7036 1
5 13182 2
5 8145 1
5 9093 2
5 7055 2
5 11075 1
5 11164 1
5 11760 3
5 15266 3
5 2990 8
5 15281 1
5 11193 1
5 19396 2
5 15376 1
5 13255 1
5 17355 1
5 17359 1
5 21458 1
5 11224 1
5 17372 1
5 13282 2
5 13287 1
5 5489 2
5 17395 4
5 13316 6
5 15371 1
5 9232 3
5 9245 1
5 9247 1
5 7208 1
5 3113 1
5 1067 1
5 1069 2
5 21552 1
5 17476 1
5 7237 1
5 15432 3
5 1099 2
5 13388 3
5 13389 1
5 21586 3
5 1112 1
5 11355 1
5 19553 3
5 19555 2
5 13412 1
5 21605 1
5 9318 1
5 21613 5
5 19304 1
5 1141 2
5 1147 1
5 5248 1
5 15491 1
5 19588 1
5 7303 1
5 17547 1
5 13452 3
5 5267 1
5 3220 1
5 21653 1
5 11428 1
5 9383 1
5 11433 1
5 11434 1
5 9393 1
5 9394 1
5 13493 1
5 9398 1
5 3258 1
5 15548 1
5 21696 1
5 13516 4
5 5326 1
5 15567 1
5 17621 1
5 13526 1
5 11471 3
5 17642 1
5 4647 1
5 19694 3
5 15573 1
5 7424 1
5 1281 1
5 3332 1
5 22138 2
5 3339 3
5 22061 2
5 9491 1
5 7451 2
5 19740 1
5 15648 1
5 11555 1
5 11560 1
5 11568 1
5 7481 1
5 1342 1
5 9550 1
5 7504 1
5 3421 1
5 21870 1
5 7536 1
5 13681 1
5 7543 1
5 5498 1
5 11645 1
5 15754 1
5 22423 1
5 5517 2
5 11672 1
5 17818 1
5 5541 2
5 5551 1
5 7600 2
5 19900 5
5 3519 1
5 15808 2
5 11714 1
5 3528 1
5 9684 1
5 9687 1
5 9691 1
5 21980 1
5 9695 3
5 21072 1
5 19939 1
5 15855 1
5 19952 2
5 17905 2
5 15864 1
5 7673 1
5 11771 1
5 9729 1
5 1543 1
5 1544 1
5 5646 1
5 9816 2
5 11524 1
5 15903 9
5 20000 2
5 3629 1
5 3631 1
5 3633 1
5 3634 1
5 11832 1
5 3654 1
5 7752 3
5 11850 4
5 13901 1
5 9809 2
5 9810 1
5 22100 1
5 13912 3
5 15971 1
5 18022 2
5 22119 2
5 9832 1
5 22122 2
5 18023 1
5 20076 1
5 11887 2
5 13937 1
5 22133 2
5 11898 1
5 15996 1
5 13950 2
5 3711 1
5 20099 2
5 5764 3
5 1669 1
5 13963 1
5 7823 2
5 16016 1
5 9876 3
5 13973 1
5 11926 1
5 16026 1
5 18080 1
5 5801 1
5 22186 1
5 22188 4
5 7854 1
5 14000 1
5 16049 2
5 20155 1
5 16062 1
5 14016 1
5 14019 1
5 7876 1
5 7879 1
5 14024 1
5 22220 2
5 22232 4
5 7897 1
5 9167 6
5 18042 6
5 5863 2
5 5864 1
5 5867 1
5 22252 3
5 5870 1
5 22262 1
5 16119 1
5 16120 8
5 16121 3
5 12026 2
5 16123 2
5 18174 1
5 14082 2
5 16132 1
5 20234 2
5 9996 1
5 7952 3
5 22295 1
5 18200 1
5 16155 1
5 20254 4
5 20256 1
5 12072 1
5 1833 1
5 12076 1
5 10546 1
5 5934 1
5 5935 4
5 16177 1
5 7988 1
5 18229 1
5 10043 3
5 20285 2
5 16190 1
5 16193 1
5 22340 1
5 22344 5
5 22346 2
5 18267 2
5 16226 1
5 3943 1
5 999 1
5 12140 1
5 22385 1
5 12151 1
5 1915 1
5 1685 1
5 8064 1
5 12162 1
5 8079 1
5 22418 1
5 3991 3
5 4000 1
5 6052 1
5 8108 1
5 16301 1
5 4016 1
5 22450 1
5 18361 4
5 18362 1
5 18363 1
5 22464 3
5 8184 1
5 14291 2
5 4090 1
5 10206 1
5 3408 1
5 4084 1
5 2040 1
5 18426 1
5 18431 1
6 12288 1
6 19461 1
6 5638 1
6 21847 1
6 10263 2
6 13849 1
6 6686 1
6 15903 1
6 1067 1
6 18478 2
6 16431 1
6 8753 1
6 1076 1
6 12345 1
6 10814 2
6 22368 1
6 12354 1
6 1609 1
6 11850 2
6 21586 5
6 17494 1
6 20569 1
6 20573 1
6 18022 1
6 5232 1
6 21617 1
6 6773 2
6 10876 1
6 641 1
6 13078 1
6 13961 1
6 13451 1
6 6804 1
6 7319 1
6 665 1
6 9886 2
6 4263 1
6 10408 1
6 4267 3
6 22188 1
6 14509 1
6 17071 1
6 20662 1
6 12471 1
6 20666 1
6 8892 1
6 19133 1
6 21621 1
6 16308 1
6 5339 1
6 14714 1
6 8421 2
6 12011 1
6 1266 1
6 22262 1
6 16119 1
6 16120 4
6 16121 2
6 18174 2
6 4868 1
6 18185 3
6 4364 4
6 17679 1
6 17681 3
6 18197 1
6 4886 1
6 19737 1
6 14618 1
6 14895 1
6 4894 1
6 20260 1
6 11049 2
6 12588 1
6 3340 1
6 1844 2
6 3895 1
6 2873 1
6 12602 1
6 10555 1
6 6982 1
6 17225 2
6 6987 2
6 6989 2
6 12625 1
6 21305 1
6 11104 1
6 7011 1
6 20329 1
6 8043 1
6 9069 2
6 11632 2
6 19315 1
6 22551 1
6 14713 1
6 1402 1
6 7548 1
6 12670 1
6 19349 1
6 14721 1
6 1412 1
6 10817 2
6 917 1
6 3991 2
6 13723 3
6 15275 1
6 9644 1
6 1459 1
6 12212 1
6 1464 1
6 13244 1
6 7104 1
6 3220 3
6 7109 1
6 7110 3
6 13255 1
6 5577 1
6 975 1
6 9169 1
6 12757 1
6 7638 1
6 8156 1
6 6622 1
6 10407 1
6 2540 2
6 15855 1
6 11760 2
6 3060 1
6 20985 1
6 6651 2
6 15869 1
6 12799 1
7 12288 1
7 1026 1
7 19460 1
7 18952 1
7 13834 1
7 11789 1
7 22542 1
7 17424 1
7 9234 1
7 16915 1
7 15481 1
7 13316 2
7 19375 2
7 11292 1
7 15903 1
7 4647 1
7 15404 1
7 16431 1
7 3633 2
7 16434 1
7 21557 1
7 5693 1
7 12352 1
7 4161 1
7 12354 1
7 17996 2
7 13389 4
7 21586 1
7 21874 1
7 11358 1
7 14435 1
7 9831 1
7 6760 1
7 7880 1
7 11887 1
7 21618 1
7 21619 1
7 13428 1
7 21621 1
7 14454 1
7 11895 1
7 14969 1
7 18042 1
7 14016 1
7 15491 1
7 11969 1
7 6283 1
7 19596 1
7 1167 1
7 5264 1
7 11632 3
7 5267 1
7 6804 1
7 5270 1
7 20121 1
7 14493 1
7 7326 1
7 6000 1
7 11428 1
7 9895 1
7 15018 1
7 9901 1
7 17071 1
7 16049 1
7 9394 1
7 19124 1
7 4894 2
7 11295 1
7 21696 1
7 14017 1
7 7879 1
7 17608 1
7 15575 2
7 15577 1
7 11485 1
7 6375 4
7 12008 1
7 12010 1
7 1405 1
7 1266 1
7 13044 1
7 4884 1
7 759 2
7 11431 1
7 11479 2
7 4364 2
7 13070 1
7 17172 1
7 18197 2
7 16665 1
7 7451 1
7 8988 1
7 4382 1
7 4902 1
7 13873 1
7 18218 1
7 12076 1
7 1074 1
7 20785 1
7 6622 2
7 10552 1
7 17209 1
7 20794 1
7 7485 1
7 16705 1
7 8514 1
7 14475 1
7 22340 1
7 7497 1
7 6986 2
7 6989 1
7 3919 2
7 21841 1
7 11604 1
7 1375 1
7 22368 1
7 3217 2
7 7016 1
7 7018 1
7 8043 1
7 9069 3
7 16701 1
7 15216 1
7 22385 1
7 13682 2
7 3220 1
7 1917 1
7 13182 1
7 10259 1
7 1921 1
7 1922 1
7 16260 1
7 11926 2
7 15751 5
7 15754 1
7 1420 1
7 22082 1
7 4497 1
7 22418 1
7 14489 1
7 14751 1
7 4000 1
7 15266 5
7 9124 1
7 15273 1
7 5551 1
7 7600 1
7 3424 1
7 437 1
7 19900 3
7 3519 1
7 22464 4
7 20384 1
7 13763 1
7 3528 1
7 9167 1
7 16848 1
7 2003 1
7 7637 1
7 5590 2
7 22491 1
7 8156 2
7 10717 1
7 10718 1
7 18911 1
7 19424 1
7 13287 1
7 17899 1
7 11760 5
7 3058 1
7 9556 1
7 11771 1
7 5629 1
7 12799 2
8 12288 3
8 11777 1
8 19460 1
8 12805 1
8 5638 1
8 16911 1
8 13843 1
8 14871 1
8 13316 2
8 18975 1
8 4130 1
8 20519 1
8 3113 2
8 15914 1
8 22571 1
8 8236 1
8 3629 1
8 3631 1
8 16434 1
8 1076 1
8 4161 1
8 12354 1
8 8260 1
8 11850 3
8 13388 3
8 13389 1
8 11855 1
8 592 1
8 21586 2
8 19028 1
8 12888 1
8 605 1
8 7952 1
8 18022 2
8 8807 1
8 17000 1
8 5231 2
8 13937 2
8 4115 1
8 2164 2
8 1141 1
8 6776 1
8 11887 2
8 1163 1
8 13452 2
8 4239 1
8 17041 1
8 3220 1
8 1174 1
8 14489 1
8 13466 2
8 5275 1
8 673 1
8 8867 1
8 5797 1
8 4267 5
8 22188 1
8 7854 1
8 16049 3
8 19124 1
8 20254 1
8 15903 2
8 8892 3
8 19133 5
8 11969 2
8 7879 1
8 7880 2
8 8908 1
8 5325 1
8 1233 1
8 7379 1
8 7380 1
8 15574 1
8 15575 2
8 10973 1
8 21727 1
8 21733 1
8 12521 1
8 9451 1
8 22252 1
8 6381 2
8 2290 1
8 5364 1
8 11049 1
8 7938 1
8 1067 1
8 3849 1
8 8749 1
8 21264 1
8 4884 1
8 15128 1
8 16665 1
8 16431 1
8 19741 1
8 4382 1
8 5936 1
8 20260 1
8 5929 1
8 18222 2
8 7471 1
8 18736 2
8 1844 1
8 20277 1
8 21305 1
8 20794 1
8 10555 2
8 16190 1
8 831 2
8 3392 1
8 20803 1
8 6981 1
8 8518 1
8 6985 1
8 3915 1
8 8013 1
8 3408 1
8 4433 1
8 11603 1
8 4438 1
8 17892 1
8 20811 1
8 17756 1
8 12602 2
8 11104 1
8 18747 1
8 3943 1
8 3217 1
8 20329 1
8 18282 1
8 13287 1
8 18796 1
8 9069 2
8 11632 9
8 22385 4
8 13890 1
8 20856 1
8 10644 1
8 12670 1
8 6464 1
8 12164 1
8 16269 1
8 11154 1
8 11156 4
8 7062 1
8 3991 3
8 11672 1
8 22426 2
8 2464 1
8 1266 1
8 435 1
8 11193 1
8 7614 1
8 22464 1
8 20384 1
8 11714 1
8 1475 1
8 3524 3
8 7110 1
8 3528 3
8 6732 1
8 20427 1
8 15820 2
8 9167 1
8 9169 1
8 9170 1
8 9684 1
8 10205 2
8 10206 1
8 19938 1
8 8676 1
8 6631 1
8 20456 1
8 12779 1
8 494 1
8 15855 1
8 14324 1
8 5623 2
8 505 1
8 8797 1
8 12799 1
9 13316 4
9 15365 1
9 11783 1
9 1544 1
9 22188 1
9 1547 1
9 3636 1
9 526 1
9 13485 4
9 17424 2
9 13841 4
9 20227 1
9 1454 1
9 14870 1
9 19480 1
9 20740 1
9 9755 1
9 18460 2
9 9246 1
9 9247 2
9 20255 1
9 547 1
9 6180 1
9 14970 1
9 13572 1
9 20519 3
9 3113 4
9 4650 1
9 3627 1
9 7724 1
9 11049 1
9 20526 1
9 2653 1
9 12055 1
9 8200 1
9 14969 1
9 22067 1
9 9924 1
9 8250 1
9 2107 1
9 8766 1
9 1076 1
9 3136 3
9 3138 2
9 19523 1
9 7237 1
9 14407 1
9 7241 1
9 13388 1
9 5197 1
9 18510 1
9 6413 2
9 9809 2
9 21074 1
9 11587 1
9 12558 2
9 13398 1
9 7777 2
9 18521 1
9 3674 7
9 8797 1
9 15205 1
9 8288 1
9 12897 1
9 8123 1
9 14509 3
9 12390 12
9 6417 1
9 3176 1
9 11708 1
9 22122 1
9 18028 1
9 2834 1
9 11887 2
9 13937 4
9 17011 1
9 1163 3
9 22133 1
9 2166 1
9 2309 1
9 632 1
9 7289 1
9 15994 2
9 6269 1
9 19582 1
9 11392 1
9 3713 3
9 21912 2
9 5764 2
9 13334 1
9 10889 2
9 12426 1
9 17547 1
9 16012 1
9 21613 1
9 20112 1
9 3217 1
9 6290 1
9 5267 1
9 14484 1
9 6006 1
9 17046 1
9 20119 1
9 19133 2
9 10436 1
9 19100 2
9 19613 1
9 11461 1
9 18080 4
9 18081 1
9 18083 1
9 9380 1
9 4773 1
9 4774 2
9 3697 1
9 14504 1
9 22186 2
9 15532 1
9 500 2
9 15534 2
9 1266 1
9 16049 2
9 3762 1
9 4276 2
9 13493 1
9 16054 2
9 16055 1
9 4793 1
9 18975 3
9 22369 1
9 11969 2
9 2243 1
9 2244 1
9 13174 3
9 10926 1
9 1223 1
9 14422 1
9 8393 1
9 13514 2
9 16588 1
9 20687 1
9 11471 1
9 18128 1
9 20689 1
9 20691 1
9 22229 1
9 15574 2
9 6521 1
9 12799 1
9 2596 1
9 6265 1
9 9435 1
9 18420 1
9 15127 1
9 7392 1
9 8929 1
9 10980 1
9 15078 1
9 4049 1
9 4843 1
9 22252 1
9 19694 1
9 12018 2
9 10483 1
9 5246 1
9 22262 1
9 11511 1
9 16017 1
9 22265 1
9 12026 2
9 7419 1
9 18686 1
9 17621 1
9 1280 2
9 8961 1
9 13059 1
9 4868 1
9 20694 2
9 4499 1
9 17673 1
9 3339 1
9 4364 1
9 5389 1
9 10510 5
9 11946 1
9 7952 1
9 17169 2
9 3858 1
9 2836 1
9 12905 1
9 2327 1
9 2328 2
9 22297 1
9 21295 1
9 7964 1
9 2846 1
9 14469 1
9 7969 1
9 4899 1
9 3364 1
9 8486 1
9 7463 3
9 16169 1
9 16434 1
9 5934 3
9 7471 2
9 18736 2
9 12081 2
9 7988 2
9 8502 2
9 20593 1
9 15160 1
9 2873 1
9 18746 1
9 17211 1
9 1852 3
9 20285 1
9 4496 1
9 718 1
9 16194 1
9 2883 1
9 2884 1
9 6981 1
9 8518 1
9 6472 1
9 6985 1
9 7498 1
9 2220 1
9 20813 1
9 9550 1
9 8015 1
9 17435 1
9 12625 1
9 21330 2
9 18772 2
9 14677 2
9 9047 2
9 7396 1
9 14081 3
9 18267 5
9 17756 1
9 15199 3
9 22368 1
9 22416 1
9 10043 1
9 8549 1
9 17041 1
9 18797 1
9 8636 1
9 11632 1
9 2416 1
9 1394 1
9 1395 1
9 11637 1
9 21878 1
9 12663 3
9 14713 1
9 18811 1
9 15850 1
9 13182 1
9 2990 1
9 831 1
9 12162 1
9 19094 5
9 16705 1
9 15752 1
9 4844 1
9 15754 1
9 15511 1
9 9069 9
9 12354 1
9 10638 1
9 7055 1
9 16272 1
9 14744 1
9 15763 2
9 16276 2
9 22422 3
9 22423 1
9 15903 1
9 22340 1
9 22232 1
9 19578 1
9 15266 3
9 19364 1
9 19879 1
9 19527 1
9 4525 1
9 19886 1
9 1455 1
9 7088 1
9 7089 1
9 19378 1
9 20915 1
9 4432 1
9 22457 3
9 2964 1
9 13755 1
9 12220 2
9 19389 1
9 13759 1
9 7104 1
9 11714 1
9 4942 1
9 4038 2
9 8647 1
9 3528 3
9 12746 10
9 15820 1
9 9167 3
9 14800 2
9 7633 1
9 12086 1
9 10574 2
9 4601 2
9 9176 1
9 21980 4
9 10205 1
9 4217 2
9 7521 1
9 14013 1
9 19938 1
9 15331 1
9 22500 2
9 11238 1
9 999 2
9 15849 2
9 12778 1
9 21586 2
9 11760 3
9 17395 1
9 13300 1
9 502 1
9 12791 2
9 2949 1
9 2553 1
9 6139 1
9 6652 1
9 11434 1
9 7765 1
10 4944 1
10 22272 1
10 4610 1
10 13316 6
10 16901 1
10 7686 1
10 4097 1
10 22024 1
10 22188 1
10 6790 1
10 16301 1
10 12816 2
10 16248 1
10 4115 1
10 18174 1
10 19460 1
10 8623 1
10 18460 1
10 22557 2
10 9758 2
10 6687 3
10 14680 1
10 16417 2
10 16419 1
10 16390 1
10 6182 2
10 15914 1
10 7723 1
10 3629 1
10 1582 1
10 16431 1
10 13832 1
10 1074 1
10 10291 1
10 1076 2
10 19124 6
10 10300 1
10 3936 1
10 10306 1
10 3339 3
10 16966 1
10 18529 1
10 7752 1
10 16969 1
10 11850 4
10 12471 2
10 13388 2
10 13389 3
10 8270 1
10 11777 1
10 5765 2
10 21586 2
10 9811 3
10 13398 2
10 7768 1
10 15451 1
10 3676 1
10 18013 1
10 21264 1
10 13412 1
10 18022 1
10 12390 3
10 4199 1
10 3176 1
10 19050 1
10 14154 1
10 21613 1
10 20591 1
10 14448 2
10 20593 1
10 21619 1
10 1141 1
10 6774 1
10 10360 1
10 17017 1
10 18042 1
10 4219 1
10 3711 2
10 5760 1
10 22464 1
10 15491 1
10 13444 1
10 13445 2
10 646 2
10 7303 2
10 22368 1
10 10889 10
10 1163 2
10 13452 3
10 8898 1
10 3726 1
10 9069 1
10 6290 1
10 13459 2
10 19993 2
10 22571 3
10 11710 2
10 4259 1
10 6876 1
10 7110 1
10 4774 5
10 4263 1
10 10408 1
10 10922 1
10 684 1
10 11434 1
10 4441 1
10 12317 1
10 16049 1
10 3762 1
10 19315 1
10 4276 1
10 14110 1
10 8375 1
10 15903 2
10 8892 2
10 19133 7
10 6773 1
10 14016 1
10 11969 1
10 6338 1
10 3702 1
10 3782 1
10 9247 1
10 4810 1
10 19149 1
10 20429 1
10 18128 1
10 18808 1
10 10963 1
10 7380 1
10 20694 1
10 12007 1
10 22232 7
10 6875 1
10 10972 2
10 10975 3
10 5840 1
10 21733 1
10 19716 1
10 4049 3
10 4328 2
10 22252 2
10 7917 1
10 19694 4
10 12624 2
10 12018 1
10 14035 1
10 2804 1
10 22262 1
10 1833 2
10 20692 1
10 12026 1
10 12927 2
10 21841 1
10 9469 1
10 18686 1
10 7424 2
10 8449 3
10 9425 1
10 4867 1
10 4868 1
10 15864 1
10 16135 1
10 22551 1
10 20234 1
10 17675 1
10 4364 6
10 15629 1
10 15119 5
10 7952 2
10 11992 1
10 2834 1
10 21267 1
10 4884 2
10 10007 1
10 17688 1
10 7451 1
10 8988 1
10 21318 1
10 12779 1
10 1824 1
10 7457 1
10 4386 1
10 11555 2
10 8015 1
10 5766 3
10 6193 1
10 2344 1
10 11049 3
10 14122 1
10 15751 1
10 12076 1
10 1837 1
10 18222 3
10 4399 1
10 9047 1
10 2355 1
10 8502 1
10 9527 1
10 15160 1
10 21305 1
10 6970 1
10 4831 1
10 10556 3
10 16701 2
10 6464 1
10 16705 1
10 16706 2
10 15499 1
10 3398 1
10 3468 1
10 22346 1
10 8012 1
10 4942 1
10 13453 1
10 3408 3
10 12625 2
10 10066 1
10 2040 1
10 4438 1
10 13113 1
10 4440 1
10 6489 1
10 5450 1
10 8421 1
10 18374 1
10 7483 1
10 5988 1
10 12645 1
10 2407 1
10 17163 2
10 18282 3
10 8043 5
10 364 3
10 13677 1
10 7684 2
10 15215 1
10 15216 3
10 1256 1
10 14707 1
10 16246 1
10 8568 1
10 1411 1
10 1917 1
10 2944 1
10 3392 5
10 1922 1
10 10219 1
10 2948 1
10 2949 1
10 12288 1
10 16775 1
10 906 1
10 10636 1
10 12354 1
10 4589 1
10 10644 1
10 405 1
10 7062 1
10 6551 1
10 3992 4
10 6554 1
10 15855 1
10 17608 1
10 17818 1
10 16193 1
10 17312 3
10 17313 2
10 15266 2
10 21411 1
10 2179 1
10 19365 1
10 17637 1
10 1959 1
10 15784 1
10 22442 1
10 15276 1
10 22258 1
10 2990 5
10 5551 1
10 7601 1
10 15955 1
10 11524 1
10 16308 2
10 2487 1
10 1976 1
10 11708 3
10 8778 2
10 7614 1
10 9152 1
10 20384 1
10 11714 1
10 7397 1
10 13937 2
10 4038 1
10 13255 2
10 1413 1
10 6732 1
10 12746 2
10 14285 1
10 14592 1
10 9167 1
10 16848 2
10 18424 1
10 21458 1
10 10014 1
10 4053 1
10 9686 1
10 12111 1
10 10205 1
10 10206 1
10 18911 1
10 4432 2
10 19938 2
10 13478 1
10 19942 1
10 19943 1
10 15850 1
10 15339 1
10 21330 2
10 18173 1
10 11760 3
10 17395 1
10 3060 1
10 16373 1
10 5623 2
10 18975 1
10 11771 3
10 6652 1
10 5629 1
10 6142 1
10 14677 3
11 12288 1
11 13316 1
11 16904 1
11 17936 1
11 22551 1
11 17436 1
11 9246 1
11 15903 3
11 14369 1
11 6695 1
11 15914 1
11 22571 1
11 16430 1
11 1076 1
11 13884 3
11 13888 2
11 13891 1
11 13388 2
11 10832 1
11 11858 1
11 6741 3
11 12888 1
11 1466 1
11 3088 1
11 8380 1
11 21102 1
11 13937 1
11 6770 1
11 13428 1
11 7870 1
11 15990 1
11 13452 1
11 142 1
11 20112 1
11 7826 1
11 16030 1
11 20127 1
11 10407 1
11 9244 1
11 15537 1
11 5150 1
11 12471 1
11 8892 1
11 19133 1
11 9918 1
11 22209 1
11 2243 1
11 5321 1
11 21195 1
11 15567 1
11 7888 1
11 7920 1
11 15915 1
11 4364 2
11 788 1
11 12565 1
11 17688 1
11 22418 1
11 21279 1
11 7463 1
11 1844 1
11 16436 1
11 6459 1
11 12604 1
11 22340 1
11 13129 1
11 13131 1
11 10573 1
11 21305 1
11 7521 1
11 8556 1
11 17810 2
11 21364 2
11 373 2
11 376 1
11 4986 1
11 16260 1
11 12165 1
11 4486 1
11 7055 2
11 20882 1
11 10644 1
11 11672 2
11 20292 1
11 17818 1
11 13723 1
11 20384 2
11 4002 1
11 2990 1
11 5551 1
11 22455 1
11 21946 1
11 11708 1
11 22464 2
11 9167 1
11 18907 1
11 10206 1
11 18921 1
11 12779 1
11 16368 1
11 3058 1
11 12799 1
12 12288 1
12 22368 1
12 4610 1
12 13316 1
12 10246 1
12 10761 1
12 7180 1
12 12816 2
12 15889 1
12 16302 1
12 22551 1
12 4868 1
12 3610 1
12 4123 1
12 11292 1
12 17437 1
12 15903 1
12 20000 1
12 2596 1
12 11815 1
12 22571 1
12 22061 1
12 16430 1
12 15709 1
12 1074 1
12 12343 1
12 14033 2
12 10300 1
12 17983 3
12 2113 1
12 12354 1
12 15432 2
12 11850 1
12 1099 1
12 13901 1
12 8782 1
12 592 1
12 11858 2
12 595 1
12 6741 1
12 599 1
12 13404 1
12 19553 1
12 10851 1
12 13412 1
12 8892 1
12 11887 1
12 4317 1
12 1141 1
12 632 1
12 14970 1
12 20604 1
12 6786 1
12 15491 1
12 19588 1
12 13445 1
12 646 1
12 10890 1
12 7309 1
12 4239 1
12 3217 1
12 13459 4
12 5815 1
12 14488 1
12 21103 1
12 6819 2
12 15532 1
12 4276 1
12 12471 1
12 6844 2
12 4831 1
12 14016 1
12 21727 1
12 7876 1
12 1736 1
12 20686 1
12 15567 1
12 16504 1
12 14035 3
12 9167 1
12 10972 2
12 16506 1
12 19460 1
12 10975 2
12 21730 2
12 22188 1
12 6372 1
12 19716 2
12 7911 1
12 18155 1
12 10561 1
12 22267 1
12 21841 1
12 8449 1
12 6402 1
12 18180 1
12 4364 1
12 4366 1
12 7952 2
12 6787 1
12 7394 1
12 17176 1
12 798 1
12 22088 1
12 1321 1
12 13611 1
12 11054 1
12 7471 2
12 15667 1
12 22327 1
12 10552 1
12 6970 1
12 7483 1
12 16702 1
12 6464 1
12 16193 2
12 3395 1
12 22340 1
12 13128 1
12 13129 2
12 17229 1
12 4432 1
12 12625 1
12 4438 1
12 2394 2
12 14991 1
12 12602 1
12 4448 1
12 13161 1
12 364 1
12 9069 1
12 9071 1
12 4464 1
12 2944 1
12 10625 1
12 4999 1
12 15244 1
12 22418 1
12 11157 1
12 3991 2
12 1947 1
12 7584 4
12 18222 1
12 20389 1
12 22442 1
12 15275 1
12 12716 1
12 16301 1
12 2990 9
12 1967 1
12 8008 1
12 5554 1
12 19380 1
12 15800 1
12 21945 3
12 1979 1
12 19900 2
12 11710 1
12 11851 1
12 4037 2
12 12279 2
12 6733 1
12 16848 1
12 9684 1
12 13781 1
12 7644 1
12 3408 1
12 11235 1
12 10726 1
12 20817 1
12 8188 2
12 21586 1
12 15855 1
12 15856 1
12 8180 1
12 5623 1
12 15864 1
12 5625 3
12 6651 1
12 18940 1
12 15869 1
12 5118 2
13 12288 3
13 7680 1
13 15874 1
13 7684 2
13 3077 1
13 7686 1
13 4012 1
13 12815 1
13 10259 2
13 13316 1
13 4636 1
13 3102 2
13 18463 1
13 4640 4
13 16417 1
13 10787 1
13 15281 1
13 3113 1
13 5815 2
13 16430 1
13 16431 1
13 1076 2
13 9269 1
13 11832 1
13 19124 1
13 11835 1
13 13885 1
13 13891 1
13 7237 2
13 16966 1
13 16968 1
13 11850 1
13 12471 1
13 588 2
13 13389 1
13 11856 1
13 11858 1
13 7764 1
13 3342 1
13 5208 1
13 602 1
13 18191 1
13 8976 1
13 15971 1
13 15460 1
13 18022 1
13 22119 1
13 15976 1
13 11708 2
13 4385 1
13 13937 1
13 10357 1
13 5994 1
13 7806 1
13 18051 1
13 5764 1
13 1266 1
13 14475 1
13 13969 1
13 18579 1
13 21142 1
13 6809 1
13 13980 1
13 12446 1
13 10915 1
13 7333 1
13 4774 1
13 21617 2
13 6826 1
13 6828 3
13 18282 1
13 6830 1
13 6832 1
13 19634 1
13 22196 1
13 12981 1
13 8375 1
13 5818 1
13 15903 1
13 7870 1
13 6773 1
13 2244 1
13 6342 1
13 4807 1
13 4810 3
13 15907 2
13 8415 2
13 8416 1
13 5348 1
13 4837 1
13 21629 1
13 22256 1
13 2802 1
13 13129 3
13 2804 1
13 10492 1
13 4868 1
13 21768 1
13 19291 1
13 4364 1
13 17678 1
13 8749 1
13 7952 2
13 4884 1
13 13589 1
13 4886 1
13 17688 1
13 19737 1
13 8988 1
13 4382 1
13 8992 1
13 8993 1
13 11555 3
13 13611 2
13 5934 1
13 817 1
13 18227 1
13 14645 1
13 5432 1
13 12602 2
13 15676 1
13 7485 1
13 22340 1
13 19269 1
13 9033 2
13 8012 1
13 10573 1
13 12625 1
13 21330 1
13 15704 1
13 21850 1
13 18267 1
13 5993 1
13 7018 1
13 8043 1
13 9069 2
13 15216 2
13 6003 1
13 15128 6
13 12663 1
13 4989 1
13 13182 1
13 12673 1
13 10114 1
13 2435 1
13 15751 1
13 10636 1
13 17806 1
13 4496 1
13 7577 1
13 926 1
13 14753 1
13 15266 1
13 18222 1
13 13222 1
13 15276 1
13 4013 2
13 16302 1
13 7089 1
13 17225 1
13 10682 1
13 8636 1
13 22464 3
13 11714 1
13 1099 1
13 13255 1
13 15817 1
13 6989 1
13 10194 1
13 15172 1
13 4773 2
13 4579 1
13 16366 1
13 16367 1
13 11760 4
13 16371 1
13 16372 1
13 16375 1
13 6136 1
13 10928 1
13 12799 1
14 12288 1
14 12324 1
14 20519 2
14 22571 2
14 8236 1
14 18480 1
14 16434 1
14 16435 1
14 2125 1
14 12390 3
14 6844 1
14 14448 1
14 6264 1
14 14469 1
14 138 1
14 144 2
14 12441 1
14 4257 1
14 4263 1
14 4267 1
14 8364 1
14 8375 1
14 8378 2
14 8380 1
14 14530 2
14 2243 1
14 14543 1
14 10453 1
14 20695 2
14 13007 1
14 8421 3
14 2278 1
14 8425 2
14 14592 16
14 8449 1
14 2307 1
14 10510 1
14 10515 1
14 14621 1
14 8483 1
14 4400 1
14 12602 1
14 15754 1
14 8512 1
14 8518 1
14 12625 2
14 14677 1
14 4438 1
14 14680 3
14 2394 2
14 358 1
14 16754 1
14 18808 1
14 18809 2
14 10619 1
14 14743 1
14 20892 1
14 6567 1
14 430 1
14 437 1
14 8636 1
14 20927 1
14 12746 2
14 463 1
14 10709 1
14 14807 2
14 12778 2
14 14835 1
14 4598 1
14 6651 1
14 6652 1
14 16901 1
14 16904 1
14 6687 1
14 14895 1
14 12852 1
14 569 1
14 4668 1
14 2625 1
14 588 1
14 12878 2
14 10832 2
14 12897 1
14 12899 1
14 17016 1
14 16831 1
14 10876 1
14 4754 1
14 19093 1
14 6809 1
14 19126 1
14 8892 2
14 19133 4
14 719 1
14 14456 1
14 4831 2
14 11007 1
14 11008 3
14 17154 1
14 4867 1
14 4868 1
14 4870 1
14 11016 1
14 15113 1
14 17163 1
14 4876 1
14 785 2
14 2834 1
14 4884 1
14 17181 1
14 21295 1
14 6965 1
14 13113 1
14 17223 1
14 21305 4
14 21330 1
14 15190 1
14 9047 1
14 15204 1
14 20284 1
14 9069 4
14 879 1
14 15216 2
14 881 1
14 21364 1
14 13176 1
14 15508 1
14 4986 1
14 21379 1
14 7055 2
14 7062 1
14 925 1
14 929 1
14 15266 1
14 11173 1
14 15273 2
14 11179 1
14 2990 1
14 13244 2
14 19389 1
14 19396 1
14 9167 1
14 9169 1
14 2555 1
14 3044 1
14 11238 1
14 13287 1
14 3053 1
14 3058 1
14 3060 2
14 7160 1
14 15362 1
14 13316 1
14 2903 1
14 17426 2
14 17427 3
14 17434 1
14 17435 5
14 11293 1
14 19494 1
14 1068 1
14 13357 1
14 1076 1
14 19519 1
14 11335 1
14 15432 2
14 15434 1
14 13388 6
14 13389 1
14 21586 6
14 21589 1
14 13398 6
14 15448 1
14 1114 1
14 19553 1
14 9316 1
14 13418 2
14 13420 1
14 5232 1
14 21617 1
14 21622 1
14 15482 1
14 9339 5
14 3197 1
14 19582 1
14 13445 3
14 17547 1
14 19596 1
14 4290 11
14 3217 1
14 17555 1
14 3220 2
14 7321 1
14 9374 1
14 9072 2
14 1187 2
14 9380 3
14 15534 1
14 3258 2
14 18975 1
14 15548 2
14 21696 1
14 13512 1
14 5321 1
14 13514 1
14 13516 2
14 3277 1
14 9423 1
14 21713 1
14 15574 1
14 11482 1
14 11471 3
14 7392 1
14 17637 2
14 9449 1
14 11511 1
14 1578 1
14 7424 1
14 19718 1
14 3339 1
14 7451 2
14 7463 2
14 5425 3
14 15666 1
14 7475 1
14 7483 1
14 17740 2
14 11605 1
14 13654 1
14 21858 1
14 4326 2
14 13677 2
14 13681 1
14 5504 1
14 7558 1
14 15751 1
14 7562 1
14 11668 1
14 11669 1
14 11672 1
14 17818 1
14 13723 1
14 7581 1
14 17834 1
14 5547 1
14 5549 2
14 19886 1
14 5551 1
14 5552 1
14 7601 1
14 9662 1
14 11714 1
14 15817 1
14 15818 1
14 9684 1
14 9687 1
14 11737 1
14 12880 1
14 19938 1
14 21987 1
14 21993 1
14 11760 7
14 7081 1
14 11768 1
14 1280 1
14 15874 1
14 22027 1
14 22028 1
14 13838 1
14 22032 12
14 11793 2
14 8451 1
14 17943 2
14 1564 2
14 1568 1
14 13863 1
14 3626 1
14 3627 1
14 11821 1
14 9600 3
14 1589 1
14 13880 1
14 3643 2
14 17996 1
14 7765 1
14 18022 2
14 18028 1
14 18030 1
14 11887 1
14 13937 1
14 13950 1
14 3711 1
14 18050 1
14 20109 1
14 7829 1
14 20118 1
14 7833 1
14 5791 1
14 18080 1
14 18081 1
14 7844 1
14 13992 1
14 9901 1
14 20148 1
14 16054 2
14 11963 1
14 7870 1
14 14016 1
14 18114 1
14 9924 1
14 22220 1
14 7892 1
14 18133 1
14 1757 1
14 18146 1
14 1766 1
14 1767 1
14 12008 1
14 22252 2
14 7920 1
14 18162 1
14 16122 1
14 18175 1
14 14081 1
14 18181 1
14 20234 1
14 1809 1
14 22295 1
14 18200 1
14 20254 1
14 20256 1
14 18209 1
14 5929 1
14 1841 1
14 8158 2
14 1852 1
14 18275 1
14 10097 1
14 3954 1
14 12151 1
14 12153 1
14 16252 1
14 12163 1
14 16260 2
14 22418 1
14 6044 1
14 6046 1
14 18335 1
14 20384 1
14 20389 2
14 22442 2
14 10158 1
14 12207 1
14 22450 1
14 1976 1
14 22175 1
14 4030 1
14 22464 4
14 20418 1
14 20431 1
14 4053 1
14 8151 1
14 18393 1
14 10206 1
14 8161 1
14 16367 1
14 20468 1
14 14325 1
14 18428 1
14 18431 1
15 4608 1
15 1280 1
15 7683 1
15 13316 2
15 16901 1
15 12815 1
15 22032 5
15 17943 1
15 5144 1
15 15897 1
15 17435 2
15 9244 1
15 17438 1
15 9247 1
15 1568 1
15 545 1
15 14882 1
15 16419 1
15 548 1
15 6694 1
15 11815 2
15 1578 1
15 8236 1
15 13420 1
15 22071 1
15 13880 1
15 3643 3
15 5969 1
15 12354 2
15 19523 1
15 15432 2
15 18505 1
15 13388 2
15 12878 1
15 10833 1
15 21586 1
15 8788 1
15 7950 1
15 13398 10
15 9816 1
15 5210 1
15 3676 1
15 19549 1
15 18528 1
15 17424 1
15 15971 1
15 21605 1
15 18022 1
15 9831 1
15 8892 1
15 22119 3
15 9836 1
15 21104 1
15 13937 1
15 3260 1
15 6773 1
15 3702 2
15 18028 2
15 17017 1
15 9339 4
15 12924 1
15 13437 2
15 5246 1
15 3711 1
15 10515 1
15 22464 3
15 2179 1
15 5764 1
15 13445 2
15 6790 2
15 15496 1
15 5996 2
15 1163 5
15 13452 2
15 13763 1
15 20112 1
15 17041 1
15 2243 1
15 3220 2
15 12441 1
15 12446 1
15 9375 1
15 10096 1
15 16546 1
15 13475 1
15 8556 1
15 9246 1
15 15113 1
15 6774 1
15 3761 1
15 3762 1
15 4276 1
15 19742 1
15 18975 1
15 8380 1
15 19133 2
15 14016 1
15 6337 1
15 4290 5
15 13507 1
15 2244 1
15 1967 1
15 13514 1
15 17608 3
15 8393 1
15 10442 1
15 12151 1
15 11471 3
15 14033 1
15 14037 1
15 12502 1
15 20695 1
15 11992 2
15 20260 1
15 5339 1
15 19136 1
15 4831 1
15 8929 2
15 18147 1
15 7400 1
15 8425 1
15 12010 1
15 6695 2
15 22252 1
15 10186 1
15 13042 1
15 5875 1
15 15100 1
15 18686 1
15 19199 1
15 14592 3
15 8961 1
15 3332 1
15 19208 1
15 12076 2
15 17675 1
15 9997 1
15 12625 6
15 15119 1
15 7952 1
15 17169 1
15 2834 2
15 2435 1
15 4884 1
15 18200 1
15 20519 1
15 8636 1
15 20254 1
15 18207 1
15 13787 1
15 17188 2
15 22463 1
15 18214 1
15 7463 1
15 6045 4
15 1833 2
15 2348 1
15 7471 1
15 18736 1
15 1844 1
15 21305 1
15 7903 1
15 20284 1
15 906 2
15 6974 1
15 6283 1
15 8417 1
15 22344 1
15 17225 1
15 12855 1
15 6660 1
15 5456 1
15 20817 2
15 5458 1
15 8532 1
15 5973 1
15 2903 1
15 14680 2
15 6489 1
15 18267 1
15 11008 3
15 15199 1
15 5264 1
15 14879 1
15 17768 1
15 20329 1
15 364 1
15 9071 1
15 15216 5
15 1342 1
15 20854 1
15 12663 1
15 18808 1
15 10900 1
15 18302 1
15 5867 2
15 16260 1
15 19845 1
15 16775 1
15 16776 1
15 15754 1
15 3468 1
15 17806 1
15 7055 1
15 7600 2
15 16276 1
15 7062 1
15 11672 1
15 17818 1
15 1947 1
15 19866 1
15 14751 1
15 20384 3
15 15266 2
15 13723 3
15 4516 1
15 15273 1
15 22442 4
15 15275 1
15 15276 3
15 925 2
15 19888 1
15 13176 1
15 20723 1
15 22457 1
15 19348 1
15 1979 1
15 13244 2
15 19389 1
15 3519 1
15 19392 1
15 11714 1
15 16835 1
15 13255 4
15 17996 1
15 15818 2
15 12747 1
15 15820 1
15 9167 2
15 7160 1
15 15523 1
15 9684 1
15 11342 1
15 7638 1
15 1497 2
15 9691 1
15 10205 1
15 1504 2
15 4944 1
15 19938 1
15 2555 1
15 4433 1
15 17404 1
15 12778 1
15 12779 1
15 9298 1
15 15855 1
15 10225 1
15 2407 1
15 18424 1
15 16891 1
15 6652 1
15 19370 1
15 9045 2
16 1537 1
16 13316 8
16 4694 1
16 7686 1
16 7084 1
16 13486 1
16 17424 1
16 4115 1
16 4117 1
16 17943 1
16 7481 2
16 17435 3
16 9244 2
16 1053 1
16 16414 1
16 18975 1
16 16416 2
16 14369 1
16 3621 1
16 20519 3
16 3113 1
16 22571 2
16 8236 1
16 1069 1
16 10798 1
16 21552 1
16 9777 1
16 1074 2
16 9267 1
16 12341 1
16 1079 1
16 12345 1
16 572 1
16 3647 1
16 22368 1
16 12354 1
16 3339 2
16 7236 1
16 865 1
16 15432 1
16 1099 1
16 13388 7
16 22093 1
16 12878 1
16 592 2
16 593 1
16 21586 1
16 13398 2
16 12602 1
16 3088 2
16 18022 1
16 22119 2
16 19050 1
16 9831 1
16 21613 4
16 622 1
16 11887 1
16 14448 1
16 13937 1
16 21619 1
16 1141 5
16 3702 1
16 10871 1
16 14969 1
16 4218 1
16 5246 1
16 15808 1
16 6787 1
16 13592 1
16 5766 1
16 7306 1
16 1163 2
16 13452 2
16 17041 1
16 13459 2
16 21102 1
16 17046 6
16 9241 1
16 3183 1
16 18080 2
16 19056 1
16 3750 1
16 21617 1
16 4267 1
16 22188 1
16 3758 1
16 10927 1
16 16049 1
16 19124 1
16 15817 1
16 22200 1
16 19642 1
16 19133 1
16 7870 1
16 6773 1
16 14016 3
16 14019 1
16 10436 1
16 20165 2
16 9245 1
16 20168 1
16 13514 1
16 15567 1
16 9425 2
16 1456 1
16 7380 1
16 11897 1
16 20687 2
16 18042 1
16 10975 3
16 7392 1
16 9442 2
16 5863 1
16 1256 1
16 12013 1
16 7379 1
16 11511 1
16 15096 1
16 12026 1
16 15102 1
16 14592 3
16 8449 1
16 4867 1
16 4868 1
16 5764 1
16 17159 1
16 20232 1
16 16651 1
16 20238 1
16 15119 3
16 17169 1
16 11026 1
16 2179 1
16 4884 1
16 16661 1
16 5400 1
16 16665 2
16 17184 1
16 8993 1
16 2243 1
16 6441 10
16 2349 1
16 7471 1
16 8500 1
16 4405 1
16 3382 1
16 5433 1
16 3386 1
16 4831 1
16 20284 1
16 1342 1
16 4418 2
16 3396 2
16 17225 1
16 22346 1
16 21305 1
16 14158 1
16 21841 2
16 21330 1
16 12625 1
16 14677 1
16 20281 1
16 14680 2
16 8026 1
16 18267 1
16 13148 5
16 20794 1
16 16224 1
16 15713 1
16 19810 1
16 2705 1
16 18282 1
16 9069 1
16 13331 1
16 879 2
16 15216 1
16 5864 1
16 2280 1
16 12663 1
16 1002 1
16 7829 1
16 1408 1
16 14721 1
16 1412 1
16 9093 1
16 395 1
16 14146 3
16 6030 1
16 8685 1
16 9617 2
16 7575 1
16 4509 1
16 20384 3
16 15266 1
16 18853 4
16 4006 1
16 22442 1
16 12716 3
16 12717 1
16 11471 2
16 7600 2
16 16825 1
16 7611 1
16 3629 1
16 20927 2
16 22464 3
16 15809 2
16 18370 1
16 13255 1
16 10697 1
16 9167 1
16 464 1
16 13778 2
16 7635 1
16 13786 1
16 17167 1
16 19938 1
16 19939 2
16 22500 1
16 8614 1
16 20817 1
16 12778 1
16 22508 1
16 4589 3
16 6652 1
17 12288 1
17 7424 1
17 13316 3
17 16904 1
17 20489 2
17 4618 2
17 9047 1
17 20817 1
17 22032 1
17 13841 3
17 10259 1
17 1044 1
17 15534 1
17 5142 1
17 22551 1
17 22557 1
17 9247 1
17 16416 1
17 18267 1
17 6180 1
17 20519 1
17 1576 1
17 1372 1
17 3627 1
17 15532 1
17 3629 1
17 1280 2
17 12852 1
17 1590 2
17 11815 1
17 13883 1
17 8766 1
17 1076 3
17 12354 1
17 15939 2
17 15994 1
17 10337 1
17 1099 1
17 13388 3
17 6223 1
17 9809 1
17 15955 1
17 13398 4
17 5207 1
17 3672 1
17 5210 1
17 603 1
17 10846 1
17 21601 1
17 20689 1
17 8550 1
17 22119 1
17 9832 1
17 8892 1
17 19050 1
17 2407 1
17 21613 6
17 5742 1
17 21103 2
17 13937 5
17 21618 1
17 1141 1
17 18042 1
17 18557 1
17 20094 1
17 20095 1
17 13952 1
17 15491 2
17 19589 1
17 15494 2
17 364 1
17 1163 2
17 13452 2
17 13453 2
17 10894 2
17 17041 4
17 10898 1
17 17046 1
17 11927 1
17 19098 1
17 9884 1
17 14495 1
17 15216 2
17 9380 2
17 11429 1
17 13478 1
17 7055 1
17 19015 1
17 4267 1
17 22188 1
17 13485 1
17 7854 2
17 10927 1
17 2224 1
17 6323 1
17 5301 2
17 5304 3
17 12985 1
17 6844 1
17 19133 1
17 14016 2
17 2243 1
17 20165 1
17 9245 1
17 20168 1
17 14537 1
17 7370 1
17 17611 1
17 16588 1
17 3278 1
17 11471 1
17 8913 1
17 16594 1
17 4218 1
17 18646 1
17 22232 1
17 3876 1
17 10972 3
17 1757 1
17 7903 1
17 10976 1
17 1763 1
17 8421 1
17 1766 1
17 2279 1
17 5355 1
17 14574 3
17 18674 1
17 14579 1
17 14583 1
17 15096 2
17 11007 1
17 14592 2
17 8449 11
17 4868 5
17 21765 1
17 897 1
17 7433 1
17 20234 1
17 16651 1
17 3340 2
17 10510 1
17 8749 1
17 7952 1
17 2834 1
17 10515 1
17 2836 1
17 16661 1
17 17176 1
17 14618 1
17 7451 2
17 8988 1
17 5412 1
17 3880 1
17 6441 5
17 16775 1
17 2348 3
17 5934 1
17 7471 2
17 11058 1
17 11059 2
17 8502 1
17 14136 1
17 7481 1
17 18746 1
17 4831 1
17 20284 1
17 4417 2
17 4418 1
17 22339 1
17 22340 1
17 5867 1
17 22345 1
17 20300 1
17 21305 1
17 6479 9
17 3408 2
17 21841 1
17 21330 1
17 10428 2
17 14677 3
17 2873 1
17 14680 1
17 1371 3
17 13148 5
17 15199 2
17 22368 1
17 15499 1
17 4966 3
17 3217 4
17 15209 1
17 18282 1
17 17772 9
17 9069 5
17 9072 1
17 3954 1
17 20851 2
17 12663 1
17 10105 1
17 13182 2
17 21376 1
17 2433 1
17 2947 1
17 9092 1
17 9606 5
17 6023 1
17 18071 1
17 10306 1
17 17806 1
17 8685 1
17 20882 1
17 16276 2
17 917 2
17 17814 1
17 14743 1
17 13723 1
17 14751 2
17 20384 3
17 9121 1
17 15266 4
17 15268 1
17 18853 1
17 4009 1
17 9131 1
17 22258 1
17 22450 1
17 9033 1
17 7611 1
17 16194 1
17 7101 2
17 22464 3
17 19389 1
17 15751 1
17 13255 2
17 15817 1
17 12791 1
17 13772 1
17 14286 1
17 9167 1
17 13776 2
17 13778 2
17 13779 1
17 15206 1
17 17610 1
17 9892 1
17 10206 1
17 18341 1
17 19938 3
17 1090 2
17 16400 1
17 12625 1
17 4589 1
17 15855 1
17 14324 1
17 6647 1
17 2040 1
17 6652 1
18 12288 1
18 7687 1
18 11273 6
18 17932 1
18 12815 1
18 17936 1
18 10259 1
18 4117 1
18 5142 2
18 6441 1
18 5149 3
18 5666 1
18 6180 1
18 1576 1
18 19804 1
18 1074 3
18 1590 3
18 7433 2
18 13880 1
18 13883 1
18 12925 1
18 7236 1
18 7751 1
18 2632 1
18 7241 1
18 588 1
18 5197 2
18 10999 1
18 592 1
18 9809 2
18 21586 1
18 9811 1
18 17166 1
18 5207 2
18 605 1
18 7013 1
18 5216 1
18 21601 1
18 21711 1
18 18022 3
18 15976 1
18 8636 1
18 19050 1
18 21613 1
18 18031 1
18 7471 2
18 11887 1
18 1141 5
18 18042 1
18 1147 2
18 15997 1
18 20095 1
18 21633 1
18 6786 1
18 15491 1
18 11398 1
18 1163 1
18 3217 1
18 7323 1
18 12625 2
18 13986 2
18 13475 1
18 9892 2
18 17062 1
18 10407 1
18 5069 1
18 683 1
18 22188 1
18 21874 1
18 8989 1
18 20148 1
18 8375 1
18 5304 2
18 8379 1
18 18108 4
18 7870 1
18 14583 1
18 14016 1
18 10321 1
18 11471 1
18 7888 1
18 9427 1
18 7892 1
18 20695 9
18 22232 2
18 17626 1
18 6875 1
18 21727 1
18 11055 1
18 10978 1
18 13947 1
18 8422 1
18 1917 1
18 745 1
18 13548 1
18 6381 1
18 14574 1
18 18045 1
18 3313 3
18 3881 1
18 10452 1
18 15610 1
18 17148 1
18 18174 1
18 14592 1
18 8449 5
18 7979 1
18 8964 1
18 2309 1
18 17671 1
18 14088 1
18 18185 1
18 20234 1
18 3339 1
18 4364 1
18 15630 1
18 15119 1
18 11193 1
18 4884 2
18 6421 1
18 21784 1
18 4377 1
18 5935 1
18 8988 1
18 11482 1
18 13819 1
18 8992 2
18 5929 1
18 13611 1
18 20281 1
18 3886 2
18 2351 1
18 11059 2
18 1844 1
18 15160 1
18 14649 2
18 3386 3
18 10555 1
18 8961 1
18 8513 1
18 20384 1
18 22340 1
18 16197 1
18 21318 1
18 3400 2
18 19938 2
18 6479 9
18 6481 3
18 20818 1
18 19939 1
18 14677 4
18 4438 2
18 9047 1
18 14682 3
18 18267 3
18 7516 1
18 5433 1
18 11104 1
18 15201 1
18 19259 1
18 9061 1
18 4966 5
18 17772 9
18 9069 8
18 6510 1
18 9072 1
18 19313 1
18 3954 1
18 20851 2
18 13174 1
18 20856 1
18 12665 2
18 11708 1
18 8912 1
18 14717 1
18 1918 1
18 2433 1
18 18819 1
18 16260 1
18 9606 1
18 1415 1
18 17290 1
18 21388 1
18 16276 1
18 7064 1
18 3652 3
18 925 1
18 15774 2
18 17312 2
18 17313 2
18 15266 1
18 13979 1
18 18852 1
18 15273 1
18 12716 2
18 16301 1
18 12719 1
18 7601 1
18 5554 1
18 15800 1
18 14324 1
18 13242 1
18 13244 1
18 7584 1
18 11714 3
18 15751 1
18 13388 1
18 503 1
18 8141 1
18 11726 1
18 17360 3
18 17361 1
18 17366 1
18 10206 1
18 13148 1
18 6114 1
18 8187 1
18 20817 1
18 12778 1
18 6126 1
18 20468 1
18 5110 1
18 5623 1
18 6651 1
18 13822 1
18 21845 1
19 12288 5
19 6158 1
19 9901 1
19 22551 1
19 22557 2
19 8236 1
19 16431 1
19 12342 1
19 22585 1
19 18505 1
19 20570 2
19 20571 3
19 4190 1
19 18540 3
19 14448 1
19 2164 1
19 10360 1
19 12484 1
19 144 1
19 4241 1
19 18579 3
19 2204 1
19 12445 1
19 12449 1
19 10407 3
19 10408 2
19 4267 1
19 8364 1
19 12481 2
19 2243 1
19 2244 1
19 20691 1
19 8421 1
19 4326 1
19 14574 1
19 20180 1
19 18686 1
19 18688 1
19 8449 1
19 2309 1
19 12558 1
19 6421 2
19 6423 1
19 8477 1
19 16674 1
19 16677 1
19 6438 1
19 12588 1
19 8502 1
19 4831 1
19 10561 1
19 18767 1
19 4432 1
19 12625 1
19 2394 1
19 8539 1
19 2407 3
19 14703 1
19 2416 2
19 10613 1
19 18808 1
19 14713 1
19 20859 1
19 8579 2
19 2442 1
19 16779 1
19 20891 1
19 12700 10
19 14751 1
19 12716 2
19 11336 2
19 18882 2
19 6599 1
19 12746 5
19 14806 1
19 18911 2
19 8676 1
19 490 1
19 12779 1
19 493 1
19 12787 1
19 12790 1
19 4602 1
19 6651 1
19 6652 1
19 16911 1
19 18964 2
19 4868 1
19 545 1
19 16936 2
19 588 1
19 12878 1
19 10832 2
19 595 1
19 16982 1
19 9316 1
19 603 2
19 8797 1
19 625 1
19 19058 3
19 8821 1
19 6774 1
19 631 1
19 6786 3
19 6787 2
19 6790 1
19 647 1
19 19093 1
19 19094 3
19 8855 2
19 17059 1
19 4776 4
19 683 2
19 17069 2
19 13428 14
19 4800 1
19 8899 1
19 19145 1
19 6864 1
19 17107 1
19 21212 1
19 10975 1
19 740 1
19 6896 1
19 16169 1
19 15096 5
19 17146 1
19 11008 1
19 2818 2
19 2819 1
19 8964 1
19 773 1
19 15113 1
19 15119 1
19 17170 1
19 4884 3
19 13078 1
19 15492 1
19 8989 3
19 2860 1
19 2873 1
19 21310 2
19 17225 2
19 17229 1
19 9041 1
19 21330 3
19 19286 1
19 855 3
19 856 1
19 2911 1
19 15205 1
19 2918 2
19 145 1
19 17262 2
19 15216 1
19 12778 1
19 9086 1
19 12096 1
19 9090 3
19 15237 2
19 9096 1
19 9098 2
19 7055 2
19 19347 1
19 15276 1
19 13129 2
19 5051 1
19 502 1
19 9169 2
19 14158 1
19 19424 1
19 4604 1
19 4263 1
19 13138 2
19 3058 1
19 7164 2
19 3075 1
19 13316 5
19 15365 1
19 9047 3
19 1048 1
19 3113 1
19 1076 1
19 19523 1
19 11334 1
19 15432 1
19 1099 1
19 13388 1
19 21586 2
19 13398 1
19 9310 1
19 3171 1
19 19556 1
19 21608 1
19 13420 1
19 21617 1
19 21619 1
19 21620 1
19 1141 1
19 21622 1
19 3197 2
19 19582 1
19 13440 1
19 19588 1
19 13445 3
19 7303 1
19 13452 4
19 13453 1
19 13459 2
19 1174 2
19 10436 1
19 15532 1
19 9394 1
19 11453 1
19 13514 2
19 15567 1
19 7380 2
19 15584 3
19 19683 1
19 17641 1
19 13548 1
19 19716 1
19 3339 3
19 21782 2
19 19740 2
19 7455 1
19 11555 3
19 7463 1
19 7471 1
19 9536 1
19 3396 1
19 7504 1
19 1366 1
19 1369 1
19 21850 1
19 15714 3
19 7533 1
19 5489 1
19 7543 1
19 11648 1
19 11662 1
19 13723 6
19 7600 1
19 1466 1
19 3999 1
19 11708 2
19 3517 1
19 11710 1
19 9684 2
19 9686 1
19 11737 1
19 19938 1
19 19942 1
19 7655 1
19 15855 1
19 15856 1
19 5623 4
19 15864 1
19 5625 2
19 15869 3
19 14592 2
19 19555 1
19 16301 1
19 22032 5
19 17943 1
19 13848 1
19 11524 1
19 11806 1
19 1568 1
19 11815 2
19 1578 17
19 22071 1
19 11832 1
19 13885 3
19 13887 8
19 1633 1
19 15971 1
19 22119 1
19 22121 1
19 13937 2
19 15994 2
19 3711 1
19 18051 1
19 18055 1
19 13963 1
19 22161 2
19 13979 1
19 18077 2
19 22188 1
19 1709 1
19 3758 1
19 16049 1
19 22198 3
19 18120 1
19 3796 3
19 7901 1
19 8144 3
19 20774 2
19 12018 1
19 12026 1
19 18174 1
19 18181 1
19 20232 1
19 18185 4
19 7952 2
19 1827 1
19 20260 1
19 16166 6
19 5929 1
19 9863 2
19 12076 1
19 1844 1
19 20277 1
19 20281 1
19 20284 1
19 3904 1
19 9867 1
19 22341 1
19 12110 1
19 5970 1
19 16224 3
19 22369 3
19 8039 1
19 8041 1
19 3946 1
19 10096 1
19 10097 2
19 20343 2
19 22418 3
19 16287 1
19 20384 4
19 1959 2
19 22442 1
19 22445 1
19 16302 1
19 18364 1
19 22463 1
19 22464 8
19 20429 1
19 3408 1
19 4053 1
19 4058 1
19 10205 3
19 8161 1
19 18424 1
20 12800 1
20 9729 1
20 9730 1
20 13316 1
20 20485 3
20 9687 1
20 11180 1
20 523 1
20 7180 1
20 19469 1
20 20494 1
20 14509 1
20 22032 3
20 18686 1
20 8211 1
20 19989 1
20 1415 1
20 17943 1
20 10264 1
20 21529 1
20 6171 1
20 1564 1
20 2589 3
20 17950 3
20 3620 1
20 3621 1
20 7601 1
20 20521 1
20 8236 1
20 12333 1
20 13129 1
20 13405 1
20 16432 1
20 1074 1
20 1076 1
20 17973 2
20 16951 1
20 19124 1
20 22074 1
20 13885 1
20 13887 1
20 19523 1
20 1291 1
20 19524 1
20 19527 1
20 12360 1
20 15884 1
20 11850 2
20 592 1
20 13420 1
20 21586 3
20 18005 1
20 3158 1
20 13912 2
20 7769 1
20 3674 2
20 20571 3
20 9308 1
20 19642 1
20 9312 1
20 13410 1
20 9316 2
20 16998 2
20 12390 3
20 22119 2
20 19900 1
20 11708 1
20 13418 1
20 3175 3
20 9836 1
20 786 1
20 14448 1
20 21617 1
20 21619 2
20 13428 5
20 21622 1
20 10871 1
20 633 1
20 15994 1
20 635 2
20 22140 1
20 6786 1
20 6787 1
20 19588 2
20 13078 2
20 7303 1
20 17544 1
20 8300 1
20 10890 1
20 22551 1
20 13452 6
20 13453 1
20 10268 1
20 9875 1
20 2196 1
20 19093 1
20 1174 2
20 4547 1
20 21657 1
20 2204 3
20 2205 1
20 18593 1
20 20642 1
20 15013 1
20 4263 1
20 2588 1
20 5803 2
20 22188 3
20 9901 1
20 9393 4
20 19595 1
20 10270 1
20 11960 1
20 4980 2
20 3258 1
20 11963 1
20 12481 1
20 18114 2
20 11979 1
20 10436 1
20 14023 1
20 18540 1
20 11895 1
20 13516 1
20 20429 1
20 5840 1
20 5331 1
20 7380 2
20 22232 1
20 20260 1
20 4314 1
20 19675 1
20 4218 1
20 1573 1
20 20194 1
20 12515 1
20 13459 1
20 4844 1
20 13549 1
20 2289 1
20 1266 1
20 17107 1
20 6347 1
20 13255 1
20 3113 1
20 15096 2
20 19478 1
20 11771 1
20 18174 1
20 18175 1
20 18688 1
20 10499 1
20 11524 1
20 17961 1
20 14088 1
20 3339 1
20 4364 3
20 14093 1
20 7952 2
20 12760 1
20 10514 1
20 4884 2
20 16661 1
20 21782 3
20 7451 3
20 8989 1
20 1823 1
20 12576 1
20 11555 1
20 4388 1
20 7463 1
20 3991 1
20 14123 1
20 2860 1
20 4146 1
20 7982 1
20 7471 1
20 10206 1
20 19766 1
20 4919 1
20 6968 1
20 20281 3
20 6970 1
20 4831 1
20 10556 1
20 1342 1
20 7477 1
20 13445 1
20 10561 1
20 8514 4
20 16779 1
20 15177 1
20 9831 1
20 17228 1
20 12625 2
20 13138 2
20 995 1
20 17806 2
20 4438 2
20 4441 1
20 7514 1
20 20794 1
20 19295 1
20 22369 1
20 2914 1
20 2918 1
20 2407 1
20 13972 1
20 873 1
20 16430 1
20 364 1
20 20882 1
20 9582 2
20 9583 1
20 11632 1
20 369 2
20 14707 2
20 6516 1
20 4981 1
20 7542 1
20 12151 1
20 20570 1
20 20860 1
20 11645 1
20 13695 1
20 12673 1
20 21310 1
20 4997 1
20 4486 2
20 20284 1
20 22252 1
20 12682 1
20 9611 1
20 19852 1
20 12354 2
20 11662 1
20 22418 2
20 19347 1
20 6809 1
20 409 1
20 13723 1
20 20892 1
20 13727 1
20 4000 3
20 13398 1
20 15268 1
20 12716 1
20 11471 1
20 15279 3
20 18352 1
20 7089 2
20 1459 2
20 437 1
20 17225 1
20 1976 1
20 9145 1
20 5050 1
20 5051 4
20 18364 3
20 19389 1
20 20927 1
20 22464 3
20 11714 2
20 1475 1
20 7111 1
20 15432 2
20 21324 1
20 12746 3
20 11511 1
20 7117 1
20 9167 2
20 9124 1
20 9684 1
20 9686 1
20 4055 1
20 4056 1
20 11737 1
20 10205 1
20 8158 1
20 8161 2
20 20962 1
20 6651 1
20 20236 1
20 21841 1
20 8012 1
20 6652 1
20 10219 1
20 17338 1
20 16373 1
20 5623 3
20 3631 1
20 6052 1
20 17916 2
20 6076 1
21 8066 1
21 8043 1
21 2949 1
21 16011 1
21 17293 1
21 3344 1
21 21267 1
21 494 1
21 3991 1
21 20260 1
21 683 1
21 8236 1
21 3631 1
21 14649 1
21 7500 1
21 17996 1
21 15577 1
21 3419 1
21 13405 3
21 13406 1
21 7397 1
21 19691 1
21 16366 1
21 11632 1
21 5623 1
21 11771 1
22 19460 1
22 14856 1
22 535 1
22 15384 1
22 17435 1
22 5149 1
22 15903 1
22 2596 1
22 11815 1
22 3626 2
22 3629 1
22 4654 1
22 3636 2
22 12354 1
22 7236 1
22 592 1
22 593 1
22 5207 2
22 13405 1
22 13407 1
22 13408 1
22 16998 1
22 21608 2
22 8892 2
22 20076 1
22 11887 1
22 6773 1
22 7785 1
22 11897 1
22 5248 1
22 1670 1
22 13452 2
22 13454 1
22 1167 2
22 19102 1
22 20165 1
22 17568 1
22 17062 1
22 9587 1
22 19124 2
22 10939 1
22 15548 1
22 19133 4
22 11461 3
22 17612 1
22 7380 1
22 17621 1
22 4310 1
22 10975 1
22 15584 1
22 5347 1
22 17127 1
22 9449 1
22 6695 1
22 14574 1
22 5501 1
22 13561 1
22 3331 1
22 4868 1
22 17672 1
22 17673 1
22 4364 1
22 4886 1
22 15127 1
22 4894 3
22 1321 1
22 7471 1
22 1844 1
22 21305 4
22 7483 1
22 1855 1
22 20299 1
22 8012 1
22 14158 1
22 7504 1
22 21334 1
22 20329 1
22 20330 1
22 6375 2
22 22418 1
22 10099 1
22 373 1
22 4989 5
22 897 1
22 8171 1
22 8585 1
22 7570 1
22 17322 1
22 10679 1
22 17339 1
22 11714 1
22 9167 1
22 8153 1
22 988 2
22 995 1
22 22504 2
22 12779 1
22 11760 3
22 11771 1
22 12799 1
23 12288 1
23 9729 1
23 6658 1
23 4267 1
23 19460 1
23 16901 1
23 13835 1
23 17424 1
23 15208 1
23 11259 2
23 16407 1
23 16409 1
23 15387 2
23 4945 1
23 15903 7
23 13147 1
23 2596 1
23 7718 1
23 22571 1
23 16432 1
23 1074 1
23 1076 1
23 9269 1
23 18185 4
23 8250 1
23 13885 4
23 8766 1
23 15935 1
23 13889 2
23 15939 1
23 1094 1
23 7777 1
23 15432 2
23 11850 2
23 588 4
23 13389 1
23 10832 2
23 9809 2
23 21586 1
23 9811 1
23 21589 1
23 18010 1
23 603 1
23 8797 1
23 12816 1
23 3171 1
23 19556 1
23 12390 2
23 21607 1
23 3176 1
23 21617 2
23 21618 1
23 6773 1
23 6263 1
23 18042 1
23 13674 1
23 6786 1
23 15491 1
23 20100 1
23 6790 1
23 18055 1
23 14986 1
23 6679 1
23 13452 1
23 20112 1
23 19607 1
23 12446 1
23 13937 3
23 18887 2
23 14509 1
23 16049 1
23 19124 1
23 21173 1
23 12985 1
23 2747 1
23 19133 4
23 5822 1
23 10357 1
23 21696 1
23 8898 1
23 2245 1
23 4807 1
23 13516 1
23 2763 1
23 2764 1
23 4813 1
23 21198 1
23 16845 1
23 19155 1
23 15581 1
23 7904 1
23 20194 1
23 9958 1
23 22252 3
23 5869 1
23 16628 1
23 18686 1
23 7637 1
23 14088 1
23 20233 1
23 2826 1
23 3339 1
23 2873 1
23 15119 1
23 7952 1
23 15127 1
23 16665 2
23 6427 1
23 6428 1
23 8989 2
23 7968 1
23 4899 1
23 4901 1
23 7471 4
23 16177 1
23 1844 1
23 14646 1
23 21305 4
23 12602 1
23 1855 1
23 20803 2
23 22340 1
23 6981 3
23 21318 1
23 1420 1
23 6987 1
23 6770 1
23 11604 1
23 14677 1
23 4438 1
23 625 1
23 13146 1
23 18267 2
23 15199 1
23 7016 1
23 18282 1
23 9069 2
23 2416 1
23 8562 1
23 7542 1
23 12663 1
23 7544 1
23 4986 3
23 906 1
23 908 1
23 20882 1
23 3395 1
23 10644 1
23 11672 2
23 16795 1
23 4509 1
23 14751 1
23 20384 1
23 11760 1
23 15266 1
23 11684 4
23 13894 1
23 16301 1
23 1459 1
23 13129 1
23 15800 1
23 8778 1
23 4000 1
23 16834 1
23 13255 1
23 13388 3
23 10699 1
23 14285 1
23 16846 1
23 9167 1
23 469 1
23 9686 1
23 15268 1
23 10205 1
23 22437 1
23 19939 2
23 22501 2
23 999 1
23 22506 2
23 4263 1
23 7660 1
23 493 1
23 15854 1
23 15855 1
23 15856 1
23 10225 1
23 3058 1
23 16373 1
23 15863 1
23 11257 1
23 11771 5
23 6652 1
23 19285 1
24 19555 1
24 5638 1
24 13833 1
24 7180 1
24 17424 1
24 3417 1
24 16409 1
24 7514 1
24 15903 6
24 9760 2
24 8229 1
24 4647 1
24 3113 1
24 1074 1
24 11827 1
24 12852 1
24 21557 1
24 6711 1
24 14016 1
24 20542 1
24 9791 1
24 9792 2
24 19523 1
24 15432 3
24 585 4
24 1099 1
24 588 1
24 13389 2
24 15439 1
24 595 1
24 22100 2
24 5718 1
24 20990 1
24 3677 1
24 18528 1
24 19553 1
24 15971 1
24 7780 1
24 18022 1
24 3175 2
24 8892 1
24 14448 4
24 13937 2
24 21621 1
24 13673 1
24 21626 1
24 19582 1
24 20607 1
24 7104 1
24 13442 1
24 19588 1
24 9351 1
24 13961 1
24 20108 1
24 655 1
24 13457 1
24 13459 1
24 9876 1
24 20119 1
24 19610 1
24 4464 1
24 13986 1
24 9380 1
24 21617 2
24 683 1
24 17070 2
24 8803 1
24 13493 1
24 22198 1
24 8378 1
24 15548 2
24 19133 1
24 7870 2
24 21696 4
24 15566 1
24 15567 2
24 7892 1
24 17109 3
24 7903 1
24 1763 1
24 7396 1
24 9169 2
24 1542 1
24 8428 1
24 14290 1
24 13950 2
24 14037 1
24 8961 1
24 7938 3
24 19718 2
24 19719 2
24 18185 2
24 8141 1
24 15119 2
24 8468 9
24 8988 2
24 16159 2
24 18208 1
24 18209 1
24 18211 1
24 18212 1
24 16175 1
24 1076 1
24 20794 1
24 6461 1
24 831 1
24 16705 1
24 21314 1
24 22340 1
24 17225 1
24 4941 1
24 18766 1
24 4433 1
24 14677 2
24 6489 1
24 2394 1
24 18267 1
24 22368 1
24 14435 1
24 1380 1
24 7529 1
24 12007 1
24 9069 4
24 8558 1
24 15216 1
24 1412 1
24 7559 1
24 16706 1
24 6032 1
24 22418 2
24 15763 1
24 11672 7
24 13723 1
24 15774 2
24 20384 1
24 11684 5
24 22437 1
24 13244 1
24 16302 1
24 17840 1
24 2632 1
24 20382 1
24 11708 1
24 22464 2
24 1440 1
24 16834 1
24 8644 2
24 4037 1
24 13255 2
24 9165 6
24 9167 2
24 14289 1
24 9170 1
24 14291 1
24 12110 1
24 15268 1
24 1501 1
24 10194 1
24 19938 1
24 7147 1
24 19453 1
24 11760 2
24 15443 1
24 1525 1
24 7158 1
24 11257 1
24 11259 1
24 15869 1
24 1534 1
25 12288 1
25 11008 1
25 15275 1
25 13398 1
25 10763 1
25 22032 1
25 22551 1
25 11293 1
25 10928 1
25 6694 1
25 4647 1
25 17961 1
25 1069 1
25 6702 1
25 20232 1
25 1074 2
25 12345 1
25 7226 1
25 14306 1
25 11330 1
25 20547 1
25 19016 1
25 4683 1
25 8268 2
25 13389 1
25 12878 2
25 11856 1
25 17494 1
25 9816 1
25 6234 1
25 22108 1
25 18528 1
25 15971 1
25 16998 1
25 3175 1
25 18364 2
25 13418 2
25 9831 1
25 21613 1
25 18030 1
25 21104 1
25 5234 1
25 1140 2
25 1141 1
25 633 1
25 13435 1
25 18557 1
25 14462 1
25 5759 1
25 11904 1
25 22464 1
25 11908 1
25 1669 1
25 9864 1
25 13452 1
25 10861 1
25 13388 1
25 3217 1
25 20114 1
25 147 1
25 2196 1
25 10862 1
25 17046 1
25 19607 1
25 11931 1
25 21661 1
25 14495 1
25 21152 1
25 9379 1
25 11434 1
25 20140 1
25 12464 1
25 19124 1
25 9398 1
25 8376 1
25 19133 3
25 12481 1
25 18114 1
25 13507 1
25 18116 1
25 7457 1
25 12495 3
25 7888 1
25 14035 1
25 3289 1
25 3290 1
25 3293 6
25 12510 1
25 11999 1
25 13026 1
25 15593 1
25 6695 1
25 19180 1
25 4335 1
25 12018 1
25 3113 1
25 12026 2
25 17688 1
25 14592 1
25 8449 1
25 10499 1
25 4868 1
25 1798 1
25 7432 1
25 17162 1
25 4364 3
25 8749 1
25 2464 1
25 4884 1
25 21782 1
25 21784 1
25 7451 1
25 10525 1
25 20254 1
25 7455 4
25 4385 1
25 22463 1
25 17229 1
25 145 1
25 21807 1
25 16691 1
25 5433 1
25 22344 1
25 18572 1
25 20299 1
25 8013 1
25 12625 2
25 21330 1
25 14677 1
25 4438 2
25 9047 1
25 9050 2
25 16732 1
25 21305 2
25 9566 1
25 2399 1
25 7010 2
25 2407 1
25 9069 2
25 9072 1
25 12151 1
25 18808 1
25 21883 1
25 1918 1
25 9600 1
25 3971 1
25 1924 1
25 15751 1
25 3978 1
25 12354 2
25 21902 1
25 3984 1
25 22418 1
25 917 2
25 4509 1
25 1439 1
25 4000 1
25 18851 1
25 18853 2
25 11179 1
25 7087 1
25 12212 1
25 19900 1
25 3519 1
25 4032 1
25 15809 1
25 7755 1
25 7620 1
25 13255 1
25 588 2
25 9167 3
25 10205 1
25 592 1
25 12770 3
25 12773 1
25 16366 1
25 15855 1
25 15869 1
25 9726 1
26 3073 3
26 9732 1
26 7178 1
26 22032 1
26 9816 1
26 22551 2
26 22557 2
26 20519 1
26 8236 3
26 3629 1
26 16430 1
26 3636 1
26 13880 1
26 1546 1
26 3134 1
26 3647 1
26 11330 1
26 13388 1
26 13901 1
26 592 1
26 21586 1
26 599 1
26 15448 1
26 3674 2
26 13404 1
26 3171 1
26 18022 1
26 16998 1
26 18364 1
26 3943 3
26 18540 1
26 21613 1
26 19133 1
26 13937 2
26 10360 1
26 3711 1
26 21121 2
26 3203 1
26 5252 2
26 6790 1
26 22209 1
26 1163 1
26 13452 1
26 145 1
26 21142 1
26 6816 1
26 13986 1
26 16035 1
26 10407 1
26 20649 1
26 16049 1
26 19126 1
26 12471 1
26 11449 1
26 15546 1
26 8892 1
26 4285 2
26 11969 1
26 22214 1
26 15567 1
26 5841 1
26 10452 1
26 9945 1
26 10972 3
26 6368 1
26 5347 1
26 4049 1
26 19186 1
26 13558 1
26 12026 1
26 19197 1
26 18174 1
26 1280 1
26 8449 1
26 4868 2
26 7432 1
26 4364 1
26 12565 1
26 5920 1
26 11568 1
26 21794 1
26 10533 1
26 18215 1
26 11056 1
26 1844 1
26 3038 1
26 21305 1
26 12602 2
26 3905 1
26 14668 1
26 9550 1
26 4433 2
26 14677 2
26 3417 1
26 2394 1
26 861 2
26 13663 1
26 12645 1
26 18577 1
26 20329 1
26 21355 1
26 7536 1
26 10102 3
26 10103 4
26 7035 1
26 17788 1
26 13182 1
26 897 1
26 2949 1
26 15751 1
26 17293 1
26 17806 1
26 7055 1
26 22416 1
26 22418 1
26 15763 3
26 11670 1
26 21912 1
26 11675 1
26 7069 1
26 20384 1
26 4002 1
26 13723 1
26 16301 1
26 16705 1
26 11708 1
26 9157 2
26 13255 1
26 9167 1
26 9169 2
26 10709 1
26 18391 1
26 988 1
26 6622 1
26 19938 2
26 15338 1
26 13808 1
26 3058 1
26 18424 1
27 12288 4
27 8705 1
27 9732 1
27 15190 2
27 8193 1
27 11784 1
27 1196 1
27 8661 1
27 9227 1
27 3084 1
27 12815 1
27 14352 1
27 17936 1
27 22551 1
27 1048 3
27 12825 1
27 6291 1
27 17436 1
27 13316 1
27 12319 1
27 18267 1
27 2596 1
27 11301 1
27 4385 1
27 3113 3
27 3626 2
27 3627 1
27 1068 1
27 11821 1
27 16430 1
27 3631 3
27 7216 1
27 22581 1
27 1197 1
27 12858 1
27 17467 1
27 8253 1
27 10814 2
27 12354 1
27 15939 1
27 7236 1
27 16054 1
27 12897 1
27 11336 1
27 7180 2
27 11850 1
27 1099 2
27 13388 1
27 13389 1
27 6222 1
27 7248 1
27 21586 3
27 11859 1
27 13727 1
27 13912 1
27 13401 1
27 3674 3
27 603 1
27 10407 1
27 8797 1
27 11870 1
27 17424 5
27 2407 2
27 15460 1
27 12390 6
27 18022 1
27 4714 1
27 11371 1
27 18028 1
27 21613 1
27 5766 1
27 13937 3
27 20343 1
27 18174 1
27 1141 3
27 5481 1
27 18042 1
27 10768 1
27 7295 1
27 5760 1
27 21121 2
27 18050 1
27 19588 1
27 19589 1
27 6790 2
27 18055 1
27 1280 2
27 10890 1
27 1163 1
27 13452 2
27 13763 1
27 20111 1
27 5264 2
27 16017 2
27 5267 1
27 15674 1
27 19093 1
27 19094 4
27 16665 1
27 20120 1
27 13764 1
27 18074 2
27 1179 1
27 19100 1
27 18077 1
27 9887 1
27 14496 1
27 18593 2
27 15523 2
27 960 1
27 4038 1
27 22182 1
27 625 1
27 11434 1
27 4267 1
27 22188 2
27 9901 1
27 16049 2
27 13490 1
27 21875 1
27 19742 1
27 3254 1
27 12471 1
27 20255 1
27 19133 1
27 18777 1
27 703 1
27 21696 1
27 22209 2
27 4290 2
27 2243 2
27 13174 2
27 5831 1
27 10103 8
27 13516 1
27 719 1
27 18646 1
27 12503 1
27 22232 3
27 7897 1
27 8924 1
27 21557 1
27 19460 1
27 6367 1
27 6368 1
27 3536 1
27 8418 1
27 1763 1
27 6372 1
27 12007 2
27 12008 1
27 6377 1
27 10023 1
27 6893 2
27 14574 1
27 15403 1
27 12018 1
27 8062 1
27 8950 1
27 11511 5
27 8063 1
27 1079 1
27 7237 1
27 7125 1
27 11008 1
27 1281 1
27 4867 2
27 4868 7
27 3201 1
27 4364 1
27 10510 2
27 3629 2
27 7952 2
27 4884 1
27 21781 1
27 21782 1
27 17688 1
27 5764 3
27 7451 1
27 10375 1
27 7903 1
27 12779 2
27 14896 1
27 10530 1
27 11555 4
27 10972 1
27 646 3
27 18627 1
27 7463 1
27 21212 1
27 13611 1
27 8449 1
27 5421 1
27 5934 1
27 11055 1
27 18736 2
27 7471 1
27 14645 1
27 14646 1
27 9527 1
27 21305 1
27 21818 1
27 18911 1
27 18485 1
27 1345 1
27 22340 1
27 22344 1
27 6985 1
27 15432 1
27 16203 2
27 19276 1
27 6989 1
27 9550 1
27 4432 2
27 21841 1
27 14677 3
27 21334 1
27 9047 3
27 15704 1
27 6489 2
27 10075 1
27 861 3
27 9566 1
27 13663 1
27 7568 1
27 12091 4
27 2918 1
27 3943 9
27 2863 1
27 4969 1
27 3541 5
27 19943 1
27 22418 1
27 9069 1
27 9583 1
27 15216 5
27 21873 1
27 3954 2
27 9587 1
27 11636 1
27 11637 1
27 10102 13
27 12151 1
27 21880 1
27 18297 1
27 2427 1
27 14562 1
27 1917 1
27 13182 1
27 7039 1
27 9600 1
27 14721 1
27 1547 1
27 12663 2
27 10613 1
27 10630 1
27 15752 1
27 7575 1
27 17806 2
27 7055 1
27 18832 2
27 20882 1
27 15971 1
27 19349 1
27 22423 1
27 11672 1
27 18841 1
27 13723 5
27 20277 1
27 15774 1
27 831 3
27 19361 1
27 14754 1
27 15771 1
27 18853 2
27 17832 1
27 19186 2
27 2990 1
27 15279 1
27 12209 2
27 10798 1
27 12212 1
27 19381 1
27 21479 2
27 13444 1
27 4831 1
27 7101 1
27 7103 2
27 22464 4
27 11714 1
27 20555 1
27 19396 1
27 7110 1
27 13255 2
27 15773 1
27 20281 1
27 9167 3
27 11216 1
27 4049 2
27 2003 1
27 9684 2
27 7637 1
27 3340 1
27 14807 1
27 15832 1
27 21980 1
27 4090 1
27 8131 1
27 19365 1
27 21984 1
27 3408 4
27 995 2
27 22500 2
27 4581 1
27 11524 1
27 13799 1
27 4073 1
27 15850 1
27 10219 1
27 493 1
27 15856 1
27 20465 1
27 801 1
27 5620 1
27 11760 3
27 5110 1
27 2040 1
27 6138 1
27 11771 5
27 6652 1
27 15869 1
27 12799 1
28 683 1
28 13316 1
28 13323 1
28 13325 1
28 11790 1
28 17424 3
28 15448 1
28 4116 1
28 15534 1
28 17432 1
28 4868 2
28 22557 1
28 18975 1
28 7718 1
28 11815 1
28 3113 2
28 555 1
28 12333 1
28 10798 1
28 21552 1
28 3636 2
28 2107 1
28 13884 2
28 6718 1
28 13887 1
28 13888 1
28 19114 1
28 18505 2
28 13388 2
28 590 1
28 21586 1
28 13398 1
28 5207 1
28 2648 1
28 3674 1
28 3676 2
28 605 1
28 17103 1
28 15971 2
28 7780 1
28 6758 1
28 12390 1
28 22119 1
28 4714 2
28 4715 1
28 21613 2
28 5766 1
28 9033 1
28 1141 1
28 18042 1
28 13950 1
28 3201 2
28 1669 1
28 6790 1
28 19596 1
28 4756 1
28 19093 1
28 20119 1
28 7326 2
28 18593 1
28 10915 1
28 10408 1
28 19626 1
28 4267 2
28 22188 2
28 14509 1
28 7854 2
28 10927 1
28 12464 1
28 19124 1
28 20664 1
28 20665 2
28 700 1
28 4081 1
28 7876 1
28 16075 1
28 20687 2
28 8401 1
28 20690 1
28 19155 1
28 16783 1
28 14037 1
28 20695 2
28 11992 2
28 11471 3
28 15994 1
28 16166 1
28 20689 1
28 8425 1
28 20519 1
28 20692 1
28 11356 1
28 15614 1
28 14592 1
28 9474 1
28 4867 1
28 11524 1
28 14088 1
28 18185 4
28 20234 1
28 15630 2
28 15119 1
28 15633 1
28 11335 1
28 16662 1
28 4891 2
28 4442 1
28 646 1
28 6438 1
28 2855 1
28 1833 1
28 20780 1
28 7471 1
28 11568 1
28 12352 1
28 2873 1
28 12602 1
28 1852 1
28 17215 1
28 9536 1
28 15170 1
28 22464 4
28 3400 1
28 15177 1
28 20299 1
28 8012 1
28 10574 1
28 8015 1
28 21330 1
28 14677 6
28 20281 1
28 6489 1
28 9050 1
28 7515 1
28 6494 1
28 21733 1
28 22369 1
28 3943 3
28 10300 1
28 7655 3
28 9069 3
28 14703 2
28 7536 1
28 7537 1
28 7538 1
28 11637 3
28 11638 2
28 10103 2
28 14713 1
28 1257 1
28 21102 1
28 8063 1
28 7040 1
28 22442 1
28 9092 1
28 14725 1
28 7564 1
28 20877 1
28 7567 1
28 20882 2
28 8086 1
28 409 1
28 8603 2
28 13727 1
28 7584 1
28 11760 6
28 4003 1
28 4583 1
28 4521 1
28 19882 1
28 4523 1
28 4524 1
28 2990 5
28 20915 1
28 17225 2
28 1466 1
28 19900 1
28 501 1
28 9152 1
28 11714 1
28 13255 2
28 588 1
28 12746 4
28 9167 1
28 3536 10
28 9169 1
28 3538 1
28 3541 14
28 7638 1
28 19419 1
28 19420 3
28 22418 1
28 15329 1
28 11771 1
28 22500 1
28 12773 1
28 21479 1
28 10728 1
28 8681 1
28 16366 1
28 15856 1
28 2728 2
28 12787 1
28 19957 1
28 18424 3
28 5625 2
28 5627 1
28 15869 1
29 12288 3
29 22368 1
29 8195 1
29 7690 1
29 16998 1
29 12815 2
29 17424 2
29 20499 1
29 2990 1
29 16828 1
29 858 1
29 15903 2
29 10128 1
29 18267 1
29 7880 1
29 12977 1
29 15278 1
29 22571 1
29 18989 1
29 21841 1
29 16432 1
29 3636 3
29 20233 1
29 13884 1
29 13887 1
29 13888 1
29 15425 1
29 12354 2
29 17163 1
29 7236 1
29 20551 1
29 1099 1
29 592 1
29 21586 3
29 9300 1
29 10325 1
29 16825 1
29 4111 1
29 15971 1
29 21605 1
29 12390 1
29 3175 1
29 6761 1
29 18028 1
29 1136 1
29 14448 1
29 13937 1
29 10259 1
29 17012 1
29 2166 1
29 13950 1
29 5248 1
29 9152 1
29 8043 1
29 5765 2
29 1670 1
29 1671 1
29 10376 1
29 16011 3
29 13453 1
29 10898 1
29 13459 1
29 3220 2
29 16238 1
29 19607 1
29 6809 1
29 3392 1
29 14492 1
29 21662 1
29 12961 1
29 8867 1
29 4774 1
29 10408 1
29 20137 1
29 17067 2
29 17069 3
29 17071 2
29 16049 2
29 13493 1
29 16054 1
29 5816 1
29 19131 1
29 8892 1
29 7870 1
29 21696 1
29 22209 2
29 3723 1
29 3784 1
29 17612 1
29 21026 1
29 19149 1
29 10560 2
29 6865 1
29 4818 1
29 19155 1
29 11477 1
29 22232 1
29 15577 2
29 19675 1
29 18140 1
29 21727 1
29 8144 1
29 740 1
29 8421 1
29 12008 1
29 18155 1
29 21230 1
29 3311 1
29 22258 1
29 16888 2
29 5876 1
29 4901 1
29 11511 1
29 11514 1
29 15614 1
29 18688 1
29 1067 1
29 4868 1
29 18182 1
29 18183 1
29 18185 9
29 3339 1
29 4364 2
29 13583 1
29 12931 1
29 10007 1
29 15131 2
29 10375 1
29 15133 1
29 12779 3
29 5925 1
29 22492 1
29 17194 1
29 13959 1
29 12588 1
29 7471 1
29 1844 1
29 9527 2
29 12602 1
29 4831 1
29 10556 1
29 9536 3
29 14145 1
29 3395 1
29 6981 2
29 17223 1
29 9033 1
29 22346 1
29 6987 1
29 17229 2
29 8014 1
29 20303 1
29 3408 3
29 12625 2
29 11603 1
29 9556 2
29 14677 1
29 4438 1
29 9047 2
29 6489 1
29 2394 1
29 7515 4
29 3421 1
29 16225 1
29 7520 1
29 15201 2
29 17257 1
29 3946 1
29 10727 1
29 9069 3
29 10094 1
29 13682 3
29 21875 1
29 22369 1
29 6121 1
29 8568 1
29 18809 1
29 11133 1
29 12352 2
29 8171 1
29 2949 2
29 10561 1
29 1417 1
29 1420 1
29 1421 1
29 17806 1
29 22416 1
29 10130 1
29 16276 1
29 408 2
29 13723 2
29 17608 4
29 4000 6
29 11760 4
29 1959 1
29 11179 1
29 15276 1
29 1266 1
29 16302 1
29 15279 2
29 4529 1
29 7091 1
29 16308 3
29 3060 1
29 11708 3
29 12734 1
29 7103 1
29 3520 1
29 7584 2
29 17227 1
29 7110 1
29 13255 1
29 12746 2
29 5623 3
29 14798 1
29 9167 1
29 14800 1
29 18424 1
29 9684 1
29 14807 1
29 4547 1
29 4059 1
29 8668 1
29 16890 1
29 22418 2
29 16468 1
29 22499 1
29 6989 1
29 22503 1
29 8168 1
29 18921 1
29 17899 1
29 7148 1
29 8175 2
29 3568 1
29 8177 1
29 18420 1
29 7670 1
29 12279 1
29 15864 3
29 5625 5
29 4090 1
29 4092 1
29 10837 1
30 12288 2
30 6149 1
30 8198 1
30 7690 1
30 21874 1
30 10254 1
30 12461 1
30 4115 1
30 7700 1
30 10158 1
30 10262 1
30 15903 3
30 8749 1
30 16430 3
30 3633 2
30 15795 1
30 1076 1
30 6770 1
30 13884 2
30 3134 1
30 10817 1
30 22082 1
30 15432 1
30 7241 1
30 11850 1
30 588 1
30 15951 1
30 20560 1
30 15441 1
30 21586 2
30 16981 1
30 7768 1
30 602 1
30 1627 1
30 18528 1
30 15457 1
30 15971 1
30 18022 1
30 21606 1
30 18023 1
30 21609 1
30 13932 1
30 21103 1
30 13937 1
30 1138 2
30 4218 1
30 635 1
30 10876 1
30 12927 1
30 13445 2
30 18055 1
30 13961 2
30 4748 6
30 20109 1
30 19599 1
30 17040 1
30 8387 1
30 3220 1
30 10392 2
30 11887 1
30 10398 1
30 14495 1
30 19816 1
30 5282 1
30 4438 1
30 12965 1
30 679 1
30 22186 1
30 4267 2
30 626 1
30 21875 1
30 19124 1
30 12471 1
30 8892 1
30 5822 1
30 10944 1
30 4291 1
30 8388 1
30 5318 1
30 18808 1
30 19155 1
30 7380 1
30 7897 1
30 10975 1
30 7392 2
30 15585 1
30 9444 1
30 22262 1
30 6953 1
30 19156 1
30 8954 1
30 8449 1
30 4867 1
30 6918 1
30 17671 1
30 6921 1
30 4364 2
30 18702 2
30 11026 1
30 18197 1
30 13078 2
30 5404 1
30 4894 2
30 5765 1
30 13873 1
30 1833 1
30 1836 1
30 5934 1
30 10717 1
30 16701 1
30 8502 1
30 10410 1
30 14649 1
30 21727 1
30 2442 2
30 736 2
30 834 1
30 3907 1
30 9543 2
30 13452 1
30 8416 1
30 12624 1
30 5462 1
30 6489 1
30 18267 1
30 1378 1
30 15717 1
30 7016 1
30 8417 1
30 14703 1
30 1905 1
30 1906 1
30 13715 1
30 8568 1
30 17788 1
30 19837 1
30 6532 1
30 20874 1
30 2446 1
30 5009 1
30 3395 2
30 11157 1
30 3991 2
30 18841 1
30 8602 1
30 13723 1
30 15772 1
30 4000 1
30 15781 1
30 15000 1
30 12716 1
30 15278 1
30 2480 1
30 16968 2
30 1459 1
30 19382 1
30 4536 1
30 17337 1
30 17339 3
30 15434 1
30 6590 1
30 22464 4
30 20384 2
30 16835 1
30 13255 1
30 15817 1
30 14794 1
30 9163 1
30 15820 2
30 9167 1
30 16848 1
30 6609 1
30 7122 1
30 7637 1
30 4345 1
30 8666 1
30 3954 1
30 10720 1
30 19427 1
30 5605 1
30 10218 1
30 10407 1
30 11858 1
30 494 1
30 11760 4
30 10225 1
30 3060 1
30 5745 1
30 15864 1
30 4600 1
30 11771 3
30 6652 1
30 15869 1
30 10238 1
31 12288 4
31 16901 2
31 3086 1
31 20499 2
31 12309 1
31 9239 1
31 1048 2
31 4868 1
31 18458 1
31 8219 1
31 8220 1
31 14714 1
31 16414 1
31 15903 1
31 22563 3
31 6695 1
31 6696 1
31 3113 1
31 3626 1
31 22571 1
31 9527 1
31 3122 1
31 5389 1
31 22581 1
31 12855 1
31 22584 4
31 6713 1
31 12349 1
31 12354 1
31 15115 1
31 18505 1
31 9652 1
31 588 1
31 13389 7
31 590 1
31 15439 2
31 10321 1
31 15442 1
31 14435 1
31 15444 1
31 2279 1
31 5208 1
31 8283 1
31 13404 1
31 14430 7
31 7777 1
31 3171 2
31 22119 1
31 2237 1
31 13937 2
31 10360 1
31 18042 1
31 1147 1
31 14973 1
31 12415 1
31 14574 1
31 1669 1
31 646 1
31 14983 1
31 14473 1
31 4746 1
31 13388 1
31 3217 1
31 4377 1
31 6809 1
31 17105 2
31 5276 1
31 1233 1
31 11434 2
31 22188 1
31 22557 1
31 19124 5
31 21687 1
31 22200 1
31 19133 1
31 7870 1
31 21696 1
31 11969 3
31 2243 1
31 2244 1
31 4294 1
31 6732 1
31 13516 1
31 1232 1
31 8913 1
31 17106 1
31 17107 2
31 12500 1
31 6870 1
31 19886 1
31 11992 2
31 20697 1
31 1757 2
31 1758 1
31 10976 1
31 17507 2
31 7633 1
31 745 1
31 19694 1
31 9171 1
31 22262 1
31 22264 1
31 12505 1
31 8831 1
31 18686 1
31 16639 1
31 7938 1
31 21252 1
31 2309 1
31 18183 1
31 18185 3
31 22282 1
31 3339 1
31 4364 1
31 20237 1
31 15118 1
31 18191 1
31 8976 1
31 18904 1
31 8468 2
31 22295 1
31 15128 1
31 16665 2
31 8988 1
31 8989 1
31 21318 1
31 16159 1
31 17184 2
31 8993 1
31 11555 1
31 8996 1
31 9351 1
31 1074 1
31 12081 1
31 1844 3
31 9525 1
31 22327 1
31 19741 1
31 21305 1
31 12602 3
31 13536 3
31 6466 1
31 22341 1
31 15116 1
31 9543 1
31 22345 2
31 3915 1
31 14668 1
31 14673 1
31 18767 1
31 15185 1
31 18259 1
31 11604 1
31 14677 1
31 6489 1
31 2906 2
31 20794 1
31 1374 1
31 15199 1
31 7010 1
31 2705 1
31 8040 1
31 17259 1
31 9069 4
31 15216 1
31 13681 1
31 20851 1
31 7241 1
31 16276 1
31 5498 1
31 6014 1
31 2944 2
31 2435 1
31 15751 1
31 10636 1
31 18832 1
31 8600 1
31 17810 2
31 9108 1
31 7918 2
31 11672 1
31 12186 1
31 5759 1
31 5021 1
31 14751 1
31 9633 2
31 9635 1
31 18853 1
31 7379 2
31 2471 1
31 17835 1
31 12716 1
31 16882 1
31 7635 1
31 14769 1
31 4020 1
31 9033 1
31 440 1
31 1466 1
31 6075 1
31 12734 1
31 22464 1
31 17859 1
31 20269 1
31 3528 3
31 15817 1
31 12746 2
31 9167 4
31 13723 1
31 465 1
31 14291 1
31 9684 1
31 14295 1
31 4056 1
31 474 1
31 17372 1
31 19938 1
31 15845 1
31 3409 1
31 21586 1
31 16366 2
31 3055 3
31 3058 3
31 4598 2
31 10324 1
31 6652 2
31 15869 2
32 12288 2
32 10753 1
32 16898 1
32 19460 1
32 9733 1
32 17424 1
32 7655 1
32 11275 2
32 14509 1
32 1040 1
32 13841 1
32 4867 1
32 14868 1
32 4117 1
32 22551 2
32 4868 1
32 22557 1
32 15903 1
32 9761 1
32 18467 1
32 11815 1
32 3113 1
32 3627 2
32 20012 1
32 12333 1
32 20014 1
32 3631 2
32 12848 1
32 9777 1
32 12852 1
32 18485 1
32 11835 1
32 9791 1
32 19520 1
32 5216 1
32 12354 1
32 6155 1
32 15432 1
32 3255 3
32 15948 1
32 12369 1
32 21586 4
32 12371 1
32 602 1
32 16477 1
32 15456 1
32 7952 1
32 6601 1
32 15459 1
32 2660 1
32 13182 1
32 1639 1
32 6760 1
32 21609 1
32 10861 1
32 15982 1
32 14448 1
32 13937 1
32 6770 1
32 7699 1
32 6773 1
32 12905 1
32 6777 1
32 6269 1
32 5246 2
32 19072 1
32 15808 1
32 3203 1
32 13445 1
32 6790 1
32 18568 2
32 12426 1
32 1163 1
32 18882 1
32 11918 1
32 13677 1
32 656 1
32 8137 1
32 13459 1
32 22032 1
32 14489 1
32 11931 1
32 10910 1
32 16544 1
32 20129 1
32 14498 1
32 22186 1
32 22188 1
32 10925 1
32 5806 1
32 16049 2
32 19124 2
32 22198 1
32 5065 1
32 6329 1
32 3260 1
32 19133 3
32 1141 2
32 5920 1
32 2243 1
32 2244 1
32 11461 1
32 14881 1
32 20168 1
32 13515 1
32 20686 1
32 10210 1
32 8913 1
32 17443 1
32 7380 1
32 22232 1
32 5337 1
32 735 1
32 10464 8
32 16848 1
32 10467 4
32 741 1
32 8422 1
32 2791 1
32 4647 1
32 5293 1
32 18674 1
32 2003 1
32 18302 1
32 11817 1
32 15610 1
32 10538 1
32 18174 1
32 11007 1
32 22272 1
32 7937 1
32 10499 1
32 19716 2
32 15621 1
32 18185 1
32 4364 3
32 16653 1
32 12625 1
32 8976 1
32 12049 1
32 15491 1
32 21968 1
32 4886 2
32 19737 1
32 17706 1
32 20255 1
32 7968 1
32 18210 1
32 19238 1
32 12073 1
32 17194 1
32 1834 1
32 17202 1
32 18222 1
32 5426 1
32 2355 1
32 1844 2
32 8502 1
32 12599 2
32 10552 1
32 2873 1
32 15675 1
32 12604 1
32 7485 1
32 3392 1
32 10050 1
32 6979 1
32 11079 1
32 6989 1
32 12110 1
32 13453 2
32 12600 1
32 20818 1
32 11604 1
32 342 1
32 21305 3
32 14682 1
32 1167 1
32 9171 1
32 5472 1
32 22370 1
32 13883 1
32 12133 1
32 5994 1
32 8043 3
32 5996 1
32 9069 2
32 22385 2
32 12151 1
32 13174 1
32 12663 1
32 15737 1
32 12670 1
32 21889 1
32 18818 1
32 1138 1
32 18528 1
32 17290 1
32 909 1
32 910 1
32 7055 1
32 920 1
32 22418 1
32 20803 1
32 19348 1
32 917 1
32 7575 1
32 11672 2
32 6553 1
32 13723 1
32 17312 1
32 13218 1
32 6053 1
32 3313 1
32 20807 1
32 17447 3
32 16304 1
32 15793 1
32 5554 1
32 3731 1
32 9145 1
32 1466 1
32 11710 1
32 20927 1
32 22464 1
32 4000 1
32 11714 1
32 7110 1
32 13255 2
32 3528 1
32 15817 1
32 19403 1
32 9167 1
32 8144 3
32 4448 1
32 467 1
32 14804 1
32 17881 2
32 10206 1
32 20389 1
32 19938 1
32 21499 1
32 8166 1
32 19943 1
32 13288 1
32 3561 1
32 18173 1
32 15857 1
32 4598 1
32 12360 1
32 11771 1
32 19114 1
33 12288 3
33 15874 1
33 7683 1
33 3588 3
33 3589 1
33 16902 1
33 7687 1
33 11275 1
33 3596 1
33 4610 1
33 13841 1
33 4117 1
33 19478 1
33 10265 1
33 5149 1
33 5150 1
33 15903 1
33 14881 1
33 5158 1
33 15976 1
33 1578 1
33 4653 1
33 20014 2
33 18955 1
33 3636 1
33 5687 1
33 12345 1
33 16447 1
33 3595 1
33 1092 2
33 1206 1
33 12870 1
33 11850 1
33 15948 1
33 5717 1
33 17494 1
33 13912 1
33 15971 1
33 18022 1
33 22119 1
33 9832 2
33 13937 1
33 5746 1
33 1139 1
33 1147 1
33 20604 1
33 10365 3
33 18197 1
33 17536 2
33 21121 1
33 6787 1
33 13444 1
33 13958 1
33 13452 1
33 20418 1
33 4238 1
33 1167 2
33 14482 1
33 21142 1
33 16543 1
33 16544 1
33 16547 1
33 4774 1
33 10407 1
33 4779 1
33 15532 1
33 16498 2
33 22557 1
33 6771 1
33 16926 1
33 3254 2
33 15548 1
33 19133 1
33 6335 1
33 6741 1
33 719 1
33 19155 1
33 6868 1
33 12503 1
33 9434 1
33 15581 1
33 8418 1
33 5364 1
33 2810 1
33 16123 1
33 4799 1
33 11007 1
33 18180 1
33 897 1
33 19208 1
33 18185 1
33 4364 2
33 12049 1
33 18709 1
33 4886 1
33 19737 1
33 18209 2
33 9557 1
33 17703 1
33 12585 1
33 7471 2
33 10545 1
33 15666 1
33 21305 1
33 6982 1
33 13129 1
33 5450 1
33 12625 2
33 14677 1
33 7055 1
33 15714 1
33 2915 1
33 7013 1
33 15209 1
33 9069 3
33 375 1
33 17790 1
33 1547 1
33 2433 1
33 909 1
33 8173 1
33 20882 1
33 3651 1
33 13723 2
33 4509 1
33 17312 3
33 11684 1
33 16301 1
33 2990 1
33 7600 1
33 1976 1
33 14324 1
33 18882 1
33 17862 1
33 9167 2
33 13781 1
33 5625 1
33 6622 1
33 18911 1
33 8674 1
33 19939 1
33 13478 1
33 13288 1
33 10221 1
33 11760 2
33 500 1
33 16373 1
33 4601 1
33 767 1
33 4092 1
33 15869 1
33 5119 1
34 1280 1
34 1537 1
34 11273 1
34 11275 7
34 18055 1
34 16301 1
34 7187 1
34 22551 2
34 19993 5
34 5978 2
34 15903 1
34 14881 3
34 14882 1
34 2596 1
34 8741 1
34 6695 1
34 8236 1
34 16430 1
34 7218 1
34 6153 1
34 3130 1
34 13887 1
34 12354 1
34 20547 1
34 7237 2
34 15432 1
34 15945 2
34 8778 1
34 11851 1
34 20556 1
34 10833 1
34 21586 3
34 12888 1
34 7044 1
34 8797 1
34 10337 1
34 18022 1
34 9832 1
34 20585 1
34 11887 1
34 17008 1
34 6760 1
34 5746 1
34 16062 1
34 11895 1
34 19593 2
34 15994 1
34 15488 1
34 9351 1
34 364 1
34 2186 2
34 1163 1
34 19088 1
34 14482 1
34 15508 1
34 149 1
34 18080 4
34 16546 1
34 21155 1
34 9892 1
34 18086 1
34 10407 2
34 6824 1
34 4267 1
34 14509 1
34 1710 1
34 20424 2
34 11444 1
34 19133 2
34 7870 1
34 16064 1
34 7361 1
34 3271 4
34 4303 1
34 13532 1
34 4218 1
34 3812 1
34 12007 1
34 22252 1
34 6381 2
34 6382 1
34 6383 1
34 3313 2
34 18674 1
34 17141 1
34 15610 1
34 14592 2
34 588 1
34 4868 1
34 15621 3
34 16135 1
34 7952 1
34 5996 1
34 19732 1
34 18222 1
34 17881 1
34 16665 1
34 8989 1
34 8993 2
34 10972 1
34 7463 1
34 20332 1
34 11655 1
34 5934 1
34 18569 1
34 21305 2
34 12091 1
34 11402 2
34 8511 1
34 17729 3
34 20809 1
34 8012 1
34 12110 1
34 909 1
34 14677 5
34 14680 1
34 14682 2
34 20026 1
34 17211 1
34 8039 1
34 17768 1
34 20329 1
34 9068 1
34 9069 3
34 9072 1
34 7537 2
34 15735 1
34 18297 1
34 1918 1
34 9600 1
34 13188 1
34 11654 2
34 13191 1
34 17801 1
34 2442 1
34 4493 1
34 7055 1
34 9620 1
34 14745 1
34 13723 2
34 16193 1
34 13216 1
34 11760 1
34 15266 2
34 1838 1
34 20389 1
34 1959 1
34 13229 1
34 19886 1
34 7600 1
34 4019 1
34 436 1
34 437 1
34 10679 1
34 22457 1
34 8636 1
34 7101 1
34 16544 1
34 18882 1
34 13255 3
34 7112 1
34 19401 1
34 1482 1
34 6603 1
34 9167 2
34 17872 1
34 7634 1
34 18393 1
34 19420 1
34 19939 1
34 13287 2
34 1513 1
34 4074 1
34 10219 1
34 15856 1
34 6131 1
34 15865 4
34 16891 2
34 5629 1
35 7680 1
35 13316 2
35 11275 14
35 12816 1
35 16402 1
35 10265 1
35 22557 2
35 15903 1
35 14881 5
35 14882 2
35 603 1
35 3621 1
35 6695 1
35 3113 2
35 20013 1
35 16430 1
35 19208 1
35 7219 1
35 1076 1
35 8765 1
35 3134 1
35 20547 6
35 12360 1
35 4364 1
35 11850 2
35 20556 1
35 13901 1
35 12878 1
35 21586 2
35 4695 1
35 3674 1
35 20571 1
35 14682 1
35 4198 1
35 22119 2
35 11708 1
35 4714 1
35 13937 1
35 6770 2
35 1140 1
35 1141 6
35 6761 1
35 13418 1
35 1668 1
35 705 2
35 13961 1
35 2699 1
35 13452 1
35 7148 1
35 21647 1
35 144 1
35 15128 1
35 146 1
35 149 1
35 21657 1
35 19100 1
35 13981 1
35 10096 1
35 15524 1
35 11434 1
35 9901 1
35 7854 1
35 5149 1
35 11444 2
35 12471 4
35 698 2
35 19133 11
35 14016 1
35 22209 2
35 20167 1
35 20168 2
35 13514 1
35 12151 1
35 11471 1
35 19154 1
35 19155 2
35 7380 1
35 15574 1
35 15575 2
35 9432 1
35 9167 2
35 3804 3
35 12510 1
35 10975 2
35 10976 1
35 18145 1
35 8421 1
35 5863 1
35 10472 1
35 5867 1
35 18668 1
35 3313 1
35 4339 1
35 13865 1
35 15096 1
35 15609 1
35 12026 1
35 15612 1
35 18174 1
35 11007 1
35 15616 1
35 4868 1
35 15621 2
35 14088 1
35 18185 1
35 3340 1
35 17015 1
35 18193 1
35 17170 1
35 1304 1
35 7471 1
35 8988 1
35 18205 1
35 12165 1
35 20256 1
35 9435 1
35 9513 6
35 9514 1
35 7303 1
35 2348 1
35 5935 1
35 5936 1
35 10545 1
35 19593 2
35 1336 1
35 21305 10
35 5435 1
35 19774 1
35 17215 1
35 6464 1
35 8514 1
35 18759 1
35 14306 1
35 20877 1
35 3408 1
35 9043 1
35 7508 1
35 14677 7
35 9047 1
35 4441 1
35 2394 1
35 8541 1
35 19806 1
35 19808 1
35 22369 1
35 2914 1
35 2915 1
35 2918 1
35 7016 2
35 18793 2
35 7018 1
35 9582 1
35 11632 4
35 6514 1
35 6516 1
35 11637 1
35 20343 1
35 12670 2
35 917 2
35 15232 1
35 1410 1
35 1412 1
35 14725 1
35 15751 1
35 8172 2
35 909 2
35 910 1
35 9621 1
35 4429 1
35 3992 1
35 17818 1
35 8538 1
35 925 1
35 20384 1
35 11760 2
35 16804 1
35 14252 1
35 16968 1
35 4023 1
35 8636 3
35 22464 1
35 17312 1
35 4038 1
35 20424 2
35 1482 1
35 460 1
35 17359 1
35 8144 1
35 3541 2
35 5591 1
35 10205 2
35 10206 1
35 18911 2
35 20448 1
35 19938 1
35 19939 1
35 10724 1
35 1513 1
35 16363 1
35 8684 1
35 8173 1
35 13808 1
35 13809 2
35 11771 3
35 15869 1
36 18944 1
36 12288 1
36 13316 3
36 12805 2
36 16902 1
36 7687 1
36 11273 1
36 11275 6
36 1044 2
36 430 1
36 10263 1
36 22557 2
36 9247 2
36 9760 1
36 14882 3
36 547 1
36 7718 1
36 6695 2
36 3113 2
36 22571 1
36 8749 1
36 3631 3
36 6787 1
36 8250 1
36 7725 1
36 3134 1
36 12354 1
36 3652 1
36 10821 1
36 15432 3
36 11850 1
36 11855 2
36 21587 1
36 17494 1
36 15448 1
36 18521 1
36 3674 1
36 2435 2
36 19553 1
36 22119 2
36 6761 1
36 4714 1
36 11887 1
36 19056 1
36 13937 2
36 10867 1
36 1141 5
36 22121 1
36 14969 2
36 15994 1
36 10878 3
36 12929 1
36 6786 1
36 2179 1
36 5764 1
36 19589 1
36 6790 1
36 9351 1
36 14473 1
36 13452 1
36 6773 1
36 13459 1
36 14291 1
36 14998 1
36 6809 1
36 11931 1
36 11932 1
36 11422 1
36 9887 1
36 21912 1
36 15216 1
36 4096 1
36 4772 1
36 4773 1
36 4774 1
36 10408 1
36 19113 1
36 11434 1
36 9587 1
36 6828 1
36 8989 1
36 16049 2
36 18803 1
36 698 1
36 20155 1
36 22133 2
36 4289 1
36 8898 1
36 2243 1
36 2244 1
36 20168 3
36 13514 1
36 20686 2
36 4303 1
36 721 1
36 14035 1
36 7892 1
36 15575 2
36 9432 1
36 6876 1
36 1757 1
36 10975 3
36 4834 1
36 5863 3
36 5864 2
36 746 1
36 5867 4
36 22252 1
36 18671 1
36 2289 1
36 14579 1
36 12585 1
36 20692 1
36 8449 2
36 16132 1
36 773 1
36 20232 1
36 3339 1
36 4364 1
36 16653 1
36 5390 1
36 3629 1
36 785 1
36 8579 1
36 4884 1
36 18197 1
36 4886 1
36 15128 2
36 12007 2
36 7451 1
36 797 2
36 20255 1
36 10530 1
36 10972 2
36 805 1
36 9513 1
36 7471 2
36 10545 3
36 1844 1
36 16693 1
36 8502 2
36 10552 2
36 20796 1
36 11658 1
36 16190 1
36 831 2
36 3392 1
36 16194 1
36 15491 1
36 22344 1
36 17737 1
36 8012 1
36 15187 7
36 14677 2
36 9047 1
36 9560 1
36 6489 1
36 18267 1
36 11343 3
36 15199 1
36 2914 1
36 8039 1
36 20284 1
36 15210 2
36 8043 2
36 9068 1
36 9069 2
36 11632 1
36 5267 1
36 8766 1
36 10102 1
36 12663 3
36 12778 2
36 17790 1
36 7039 1
36 6017 1
36 2947 1
36 9606 2
36 15751 1
36 15754 1
36 1420 1
36 7055 2
36 20881 1
36 20882 1
36 7575 1
36 3992 1
36 11161 1
36 17818 1
36 11164 1
36 925 1
36 7584 1
36 9121 1
36 22442 1
36 12716 2
36 6573 1
36 2990 5
36 11672 1
36 22345 1
36 7361 1
36 11709 1
36 12734 1
36 20384 1
36 7380 1
36 4037 1
36 19401 1
36 13772 1
36 464 1
36 14290 1
36 8608 1
36 7638 2
36 18991 1
36 13359 1
36 10206 2
36 6000 1
36 19938 2
36 6651 1
36 15850 1
36 12779 1
36 17388 1
36 4589 1
36 3058 1
36 17395 1
36 8180 1
36 15863 1
36 4090 1
36 17403 6
36 8188 1
36 6141 1
36 12799 1
37 12800 1
37 11777 1
37 15362 1
37 6150 1
37 9223 1
37 13832 1
37 14509 1
37 17424 2
37 12818 1
37 12825 1
37 17435 1
37 11292 1
37 22557 1
37 6695 2
37 8749 1
37 16430 2
37 16431 1
37 16432 1
37 1076 1
37 4663 1
37 3643 1
37 9792 1
37 22593 1
37 12354 1
37 3652 1
37 16966 1
37 12360 1
37 7241 1
37 11851 1
37 17484 1
37 10832 1
37 21586 2
37 14932 1
37 13910 1
37 9305 1
37 13404 1
37 3175 1
37 1554 1
37 13937 4
37 1141 3
37 633 1
37 15994 1
37 8830 1
37 3711 1
37 12929 1
37 2179 1
37 1669 2
37 7216 1
37 21613 2
37 13459 3
37 18080 1
37 10097 1
37 20167 3
37 1708 1
37 6829 2
37 14621 1
37 16049 3
37 11954 2
37 19124 2
37 9451 1
37 19128 2
37 698 1
37 19133 2
37 703 3
37 20165 1
37 10439 1
37 20168 3
37 13516 1
37 5325 1
37 20687 1
37 11476 1
37 9435 1
37 8415 1
37 10464 1
37 13776 1
37 10467 4
37 22245 2
37 2279 2
37 5864 1
37 17568 1
37 3152 1
37 1918 2
37 22262 1
37 16120 1
37 772 1
37 17162 1
37 3339 1
37 4364 3
37 5391 1
37 12760 1
37 786 1
37 18200 1
37 15641 1
37 3631 1
37 8988 1
37 8989 1
37 14469 1
37 8993 1
37 8998 1
37 1844 1
37 12091 1
37 12604 1
37 16190 1
37 15170 1
37 20384 1
37 22340 1
37 17229 1
37 8532 1
37 4438 1
37 18267 3
37 7397 1
37 9069 1
37 13681 1
37 5498 1
37 5502 2
37 1922 1
37 8579 2
37 12288 1
37 1419 1
37 20882 3
37 2451 1
37 917 1
37 22426 1
37 19355 1
37 4509 1
37 20896 1
37 11760 2
37 9122 1
37 2990 1
37 15279 1
37 7090 1
37 3517 1
37 16800 1
37 11714 2
37 967 7
37 968 1
37 12746 1
37 14798 2
37 9167 1
37 7120 1
37 18904 3
37 592 1
37 19939 1
37 22500 1
37 16366 1
37 3568 1
37 5618 1
37 4087 2
37 13819 1
37 19454 1
37 12799 1
38 12288 3
38 11777 1
38 14852 1
38 18951 1
38 11273 1
38 3082 1
38 3088 11
38 2578 1
38 6675 1
38 22551 2
38 15384 1
38 8196 1
38 4122 1
38 12318 1
38 6687 1
38 20000 1
38 14369 4
38 11298 5
38 12123 1
38 6695 1
38 15402 1
38 16939 1
38 8236 2
38 14895 1
38 12336 1
38 8753 1
38 9270 1
38 22196 1
38 22368 1
38 12354 1
38 4678 1
38 12129 1
38 18505 1
38 17996 1
38 21586 1
38 595 1
38 22100 1
38 22616 1
38 20239 1
38 12816 1
38 4454 1
38 16998 1
38 9831 1
38 15036 1
38 9322 1
38 18540 1
38 11887 1
38 14448 1
38 13937 1
38 6770 1
38 1141 3
38 13161 1
38 14969 3
38 7803 1
38 11388 1
38 3197 1
38 13950 1
38 20607 1
38 9344 1
38 11154 1
38 15491 1
38 11909 2
38 646 1
38 9351 1
38 17943 2
38 9069 1
38 144 2
38 145 1
38 18592 1
38 11632 1
38 5285 1
38 7847 1
38 17576 2
38 5069 1
38 4267 1
38 22188 1
38 14509 2
38 16049 3
38 691 1
38 11444 1
38 7349 1
38 8889 1
38 15035 1
38 18108 1
38 19133 3
38 603 1
38 21537 1
38 14993 1
38 16588 1
38 22562 1
38 3278 1
38 20429 1
38 4818 1
38 7380 1
38 18382 1
38 20695 1
38 22232 1
38 1371 1
38 20187 1
38 6876 1
38 19460 1
38 4831 1
38 741 1
38 2278 1
38 21735 1
38 12010 1
38 14572 1
38 9470 1
38 5246 1
38 14583 1
38 15096 2
38 20221 1
38 15102 1
38 2817 1
38 8747 1
38 19716 1
38 7433 1
38 4364 2
38 20238 2
38 783 1
38 7952 1
38 3857 1
38 18051 1
38 19222 1
38 20357 1
38 16432 1
38 8892 1
38 3366 1
38 20778 1
38 18222 1
38 5936 1
38 12081 1
38 15666 2
38 9762 1
38 2360 1
38 21305 3
38 12602 1
38 18237 1
38 3902 1
38 13445 2
38 16195 1
38 6982 1
38 9543 3
38 9546 2
38 17229 1
38 9550 1
38 12625 1
38 14677 1
38 20281 1
38 6489 1
38 4442 1
38 18267 1
38 14176 1
38 22369 1
38 8034 1
38 3427 1
38 17764 1
38 7525 1
38 2918 1
38 17041 1
38 8041 1
38 364 1
38 20882 1
38 6511 1
38 15216 2
38 370 2
38 4868 1
38 13181 1
38 17790 1
38 21888 2
38 14078 1
38 1410 1
38 8579 1
38 14725 1
38 1415 1
38 15753 1
38 20375 1
38 22418 7
38 917 1
38 3990 1
38 3991 1
38 20891 1
38 7068 1
38 4509 3
38 17823 1
38 4000 2
38 16293 1
38 11178 1
38 12716 1
38 16301 1
38 16302 2
38 5554 1
38 9145 1
38 11708 1
38 3517 1
38 8127 1
38 20384 1
38 11714 1
38 16835 1
38 1482 2
38 12748 1
38 3021 1
38 7118 1
38 7119 1
38 7120 2
38 9169 1
38 8660 1
38 4053 2
38 20953 1
38 14301 1
38 21473 1
38 12265 1
38 494 1
38 13809 1
38 18174 1
38 10263 1
38 14844 1
38 22442 2
39 12288 4
39 13316 1
39 7687 1
39 521 1
39 5643 1
39 7180 1
39 22032 1
39 4867 1
39 22551 3
39 22557 2
39 9247 1
39 11298 2
39 12842 1
39 8236 1
39 16430 1
39 8250 1
39 19003 1
39 3134 1
39 1599 1
39 22082 1
39 20547 1
39 588 1
39 10829 1
39 18005 1
39 2134 1
39 11870 1
39 17765 1
39 7867 1
39 11708 2
39 17004 1
39 21613 1
39 22133 1
39 6774 1
39 632 1
39 4799 1
39 17532 1
39 13440 1
39 3201 1
39 19588 1
39 13445 1
39 646 2
39 9867 1
39 13453 1
39 1167 2
39 14994 2
39 15512 1
39 7321 1
39 22175 1
39 16035 1
39 10407 5
39 22186 1
39 14509 1
39 19124 1
39 20662 1
39 3259 1
39 1141 1
39 14017 1
39 8898 1
39 8387 1
39 3277 1
39 9644 2
39 4306 1
39 9167 2
39 19677 1
39 3417 1
39 4836 1
39 7397 1
39 744 1
39 8425 1
39 14574 1
39 22256 1
39 7410 1
39 8449 3
39 19715 1
39 4868 1
39 19717 1
39 2310 1
39 18049 1
39 4364 2
39 6938 1
39 11555 1
39 13611 1
39 12589 1
39 15666 1
39 12604 1
39 1345 1
39 1163 1
39 13129 1
39 6987 1
39 4942 1
39 20303 1
39 15184 1
39 21330 1
39 14677 1
39 6489 2
39 18267 1
39 22368 1
39 22369 2
39 7010 1
39 3643 1
39 7012 1
39 7525 1
39 3948 1
39 3954 1
39 20343 1
39 8568 1
39 5498 2
39 17789 1
39 17790 1
39 897 1
39 1922 1
39 833 1
39 395 1
39 2446 1
39 7055 1
39 22418 8
39 15763 1
39 9454 1
39 11161 1
39 22426 1
39 17823 1
39 4000 3
39 15266 1
39 9124 1
39 22442 1
39 12716 3
39 16302 1
39 1457 1
39 1459 1
39 1465 3
39 7611 1
39 19900 1
39 22464 1
39 20384 2
39 16834 1
39 5583 1
39 13778 1
39 17230 1
39 10205 1
39 6622 1
39 16775 1
39 492 1
39 15856 1
39 5623 3
39 15869 2
39 5119 1
40 12288 6
40 12801 1
40 15874 1
40 5637 1
40 7686 1
40 7690 1
40 22557 2
40 16902 1
40 3629 1
40 9777 1
40 4146 1
40 19514 1
40 10300 3
40 10814 1
40 13887 4
40 20547 1
40 8260 1
40 7237 2
40 15432 1
40 21586 1
40 10837 3
40 3674 1
40 3676 1
40 1466 1
40 3679 1
40 19900 2
40 11887 1
40 14448 1
40 13938 1
40 21621 1
40 1147 1
40 10876 2
40 5246 2
40 19588 2
40 646 2
40 20103 1
40 3720 3
40 3220 1
40 19607 2
40 14488 1
40 6809 1
40 6810 1
40 22175 1
40 3232 1
40 7329 1
40 16035 2
40 17066 1
40 17067 1
40 22188 1
40 22442 1
40 13493 1
40 12471 3
40 4793 1
40 3259 1
40 15548 1
40 373 1
40 16075 1
40 1732 1
40 10103 1
40 4818 1
40 17619 1
40 5851 2
40 10975 1
40 8421 4
40 15996 1
40 17703 1
40 5928 1
40 22262 1
40 6903 1
40 11514 1
40 18175 1
40 8449 1
40 4867 2
40 6017 1
40 14088 1
40 18185 4
40 17163 1
40 18191 1
40 17172 1
40 12053 1
40 7451 1
40 797 1
40 8753 1
40 17704 2
40 5929 1
40 18222 1
40 7471 1
40 15666 1
40 10410 1
40 12091 1
40 3393 1
40 13129 1
40 6989 1
40 1421 2
40 12625 1
40 6489 2
40 15201 1
40 5988 2
40 360 1
40 13884 1
40 364 1
40 5490 1
40 8053 1
40 16246 1
40 12663 1
40 14714 1
40 11645 2
40 1918 1
40 9600 1
40 897 1
40 8066 1
40 15237 2
40 15752 1
40 18924 1
40 395 1
40 10124 1
40 20877 1
40 10641 1
40 22418 1
40 10644 2
40 10646 1
40 11844 1
40 22426 1
40 1947 1
40 13727 1
40 7584 1
40 4521 1
40 4522 2
40 4523 2
40 2990 2
40 10636 1
40 11708 1
40 12734 1
40 9167 2
40 3025 1
40 8668 1
40 10205 1
40 6622 1
40 11771 1
40 20452 1
40 10219 1
40 4076 1
40 15869 3
40 16373 1
40 5623 1
40 6651 1
40 6652 1
40 13821 1
