1 9729 1
1 4868 2
1 14725 1
1 129 1
1 7148 1
1 4364 1
1 20494 1
1 1168 1
1 19479 1
1 3992 1
1 17818 1
1 9887 1
1 801 1
1 3953 1
1 4267 2
1 10545 1
1 5942 1
1 21305 1
1 8892 2
1 19133 1
1 15808 1
1 11969 1
1 14677 1
1 3313 1
1 13514 1
1 8013 1
1 9167 1
1 9684 1
1 7637 1
1 9687 1
1 14682 1
1 8015 1
1 4061 1
1 10975 1
1 99 1
1 2309 1
1 18108 1
1 10407 1
1 364 1
1 5489 2
1 1266 1
1 18420 1
1 22133 1
1 17016 1
1 17788 1
1 12799 1
2 129 1
2 131 1
2 17293 1
2 20494 1
2 11792 1
2 2179 1
2 22551 1
2 8260 1
2 12870 1
2 10407 1
2 3626 1
2 3313 1
2 18220 1
2 3758 1
2 12466 1
2 20537 1
2 8378 1
2 19133 1
2 3134 1
2 13889 1
2 12868 1
2 6854 1
2 8778 1
2 21305 1
2 14682 1
2 4062 1
2 20133 1
2 11152 1
2 99 1
2 3311 2
2 7409 1
2 626 1
2 119 1
2 16124 1
3 129 2
3 6984 2
3 11152 1
3 12466 1
3 119 1
3 13723 2
3 3134 1
4 21984 2
4 129 1
4 6691 2
4 21696 1
4 119 2
4 15615 1
5 512 1
5 129 4
5 131 1
5 1046 1
5 5385 1
5 3339 1
5 17293 1
5 12815 1
5 11152 1
5 1170 1
5 10646 1
5 15000 2
5 13723 3
5 6691 1
5 6982 2
5 10407 3
5 5928 1
5 3626 1
5 6699 1
5 18220 1
5 8749 1
5 10545 1
5 10552 2
5 3133 1
5 3134 2
5 16831 1
5 21696 2
5 18528 1
5 8260 1
5 16838 1
5 12360 1
5 119 3
5 13516 2
5 6984 1
5 6737 1
5 7637 1
5 19671 1
5 14682 2
5 3313 1
5 21980 2
5 6693 1
5 21984 1
5 7780 1
5 7397 1
5 17000 1
5 873 1
5 13930 1
5 13863 2
5 17004 1
5 3311 2
5 14448 1
5 10408 1
5 18420 1
5 1141 1
5 10358 2
5 20343 1
5 18424 1
5 633 1
5 14459 1
5 15615 2
6 12288 1
6 10763 1
6 2069 3
6 22551 7
6 18971 1
6 8236 1
6 8238 1
6 22581 2
6 19124 3
6 3134 1
6 18500 1
6 15432 1
6 603 1
6 12892 8
6 16998 3
6 108 1
6 5232 1
6 1141 1
6 10362 1
6 129 2
6 130 4
6 131 6
6 132 1
6 18571 1
6 1167 2
6 15000 1
6 15003 1
6 16030 1
6 10407 6
6 10408 1
6 4267 1
6 12461 1
6 3758 1
6 12466 2
6 11444 1
6 11449 1
6 20156 1
6 19133 5
6 13502 1
6 21696 1
6 7877 1
6 13516 4
6 20686 1
6 4826 5
6 17018 1
6 20196 1
6 15077 1
6 7401 1
6 7409 2
6 18162 3
6 12023 1
6 1275 1
6 15615 1
6 15616 2
6 7432 1
6 6925 1
6 12559 1
6 14614 1
6 5929 1
6 10552 2
6 21305 3
6 16190 1
6 21984 2
6 6982 1
6 7069 1
6 7410 1
6 11594 1
6 14682 3
6 860 1
6 22368 1
6 2914 1
6 2915 1
6 2918 2
6 13161 1
6 11632 2
6 7550 1
6 14725 2
6 22409 1
6 11161 1
6 15258 2
6 13723 2
6 22426 1
6 4002 2
6 22437 1
6 3313 2
6 18857 1
6 22442 1
6 20397 1
6 18333 1
6 4541 3
6 13252 1
6 11205 1
6 4049 2
6 7637 1
6 14807 1
6 4602 1
6 18911 2
6 2016 1
6 2020 1
6 3050 1
6 14324 2
6 5623 1
6 18426 3
7 15616 5
7 129 3
7 130 9
7 131 9
7 9223 4
7 3991 1
7 20874 1
7 18571 4
7 15500 1
7 20494 3
7 21392 1
7 1169 1
7 22258 1
7 8238 5
7 22551 7
7 22553 1
7 22557 3
7 1827 1
7 4058 1
7 7463 1
7 20103 3
7 8236 2
7 1266 5
7 10670 1
7 4061 1
7 7217 1
7 15539 3
7 15499 1
7 18485 1
7 1076 1
7 8636 2
7 7870 1
7 11711 2
7 21696 14
7 16224 1
7 11714 3
7 20547 3
7 7749 6
7 14921 1
7 11218 1
7 9729 2
7 1959 4
7 9687 1
7 2393 2
7 14682 5
7 3313 5
7 7546 2
7 12768 4
7 1168 1
7 8164 1
7 8449 2
7 10214 8
7 18426 1
7 13800 1
7 13161 5
7 10407 4
7 9069 1
7 873 1
7 7528 2
7 20466 7
7 5364 1
7 19190 1
7 7529 2
7 18424 1
7 16122 1
7 6652 2
8 9729 1
8 13316 1
8 20494 3
8 3088 1
8 22551 7
8 19716 1
8 9754 1
8 22557 1
8 5665 1
8 5667 3
8 6693 1
8 12209 1
8 5677 1
8 8238 1
8 7217 1
8 17975 2
8 2105 1
8 2113 2
8 20547 3
8 7236 1
8 11334 4
8 17484 4
8 17485 1
8 20560 2
8 13905 1
8 21586 1
8 99 3
8 10340 1
8 19048 1
8 13937 1
8 17012 1
8 13161 3
8 3704 1
8 3705 1
8 3197 1
8 5248 1
8 129 5
8 130 7
8 131 4
8 1167 2
8 1168 5
8 7960 1
8 15512 2
8 14500 3
8 10407 5
8 10408 2
8 19126 1
8 3255 1
8 8379 1
8 8892 3
8 7870 2
8 21696 5
8 11969 1
8 22211 1
8 14020 1
8 13514 1
8 19148 1
8 19149 1
8 21202 1
8 18647 1
8 22232 1
8 12505 1
8 4826 1
8 9167 2
8 3804 2
8 19460 1
8 5855 4
8 13026 1
8 13027 1
8 10472 1
8 5867 1
8 7409 3
8 18162 1
8 20725 1
8 13558 2
8 16121 1
8 11007 1
8 1280 1
8 8449 1
8 4868 1
8 15621 1
8 12550 1
8 14466 1
8 13443 1
8 4884 1
8 21781 4
8 7897 1
8 17688 1
8 7963 1
8 8988 1
8 14621 1
8 7463 1
8 10034 1
8 15666 1
8 12087 2
8 20794 2
8 15190 1
8 14682 5
8 873 2
8 874 2
8 22418 1
8 3953 1
8 12147 2
8 8568 1
8 7546 2
8 12671 1
8 8579 1
8 7044 1
8 14725 1
8 910 2
8 14223 1
8 11665 1
8 20882 1
8 17811 3
8 3991 1
8 16280 1
8 13723 5
8 7069 1
8 20384 1
8 15266 1
8 5019 1
8 3313 5
8 433 1
8 18868 1
8 14324 1
8 18363 1
8 15808 3
8 11714 1
8 8655 3
8 7634 1
8 9684 1
8 15609 1
8 12760 1
8 4058 1
8 21980 1
8 21984 1
8 1959 1
8 15616 1
8 20465 5
8 20466 12
8 18420 1
8 5118 1
9 1537 1
9 13316 2
9 22024 1
9 17339 1
9 16911 1
9 19716 1
9 22557 1
9 3629 1
9 3631 1
9 9777 1
9 13877 1
9 12855 1
9 10300 2
9 9791 2
9 5186 1
9 16963 1
9 19524 1
9 11846 1
9 15432 1
9 11850 2
9 17484 1
9 13389 1
9 9809 1
9 21586 1
9 15971 1
9 10851 1
9 100 1
9 9833 1
9 786 1
9 15037 1
9 14448 1
9 10867 1
9 22133 1
9 17016 2
9 13950 1
9 15486 1
9 15487 1
9 17856 1
9 18051 1
9 19595 1
9 19086 1
9 3949 1
9 3217 1
9 19993 4
9 15512 1
9 1689 1
9 14495 1
9 21104 1
9 7451 1
9 10407 1
9 6826 1
9 4267 1
9 15534 2
9 12403 1
9 19124 1
9 13493 1
9 18108 1
9 19133 1
9 7870 1
9 1141 4
9 11969 1
9 12487 1
9 16588 1
9 13516 1
9 2765 1
9 20686 1
9 7888 1
9 10452 1
9 11477 1
9 9435 1
9 20431 1
9 10972 2
9 1757 1
9 4831 1
9 7392 1
9 18128 1
9 7911 1
9 5867 1
9 7550 1
9 11511 2
9 6100 1
9 12026 1
9 14592 1
9 7938 1
9 4868 1
9 2309 2
9 3201 1
9 20234 1
9 19725 1
9 15119 1
9 2834 2
9 18197 1
9 7963 1
9 8988 1
9 8989 1
9 8995 1
9 20269 1
9 7471 1
9 5433 1
9 16190 1
9 16193 1
9 1861 1
9 17225 1
9 8012 1
9 21305 1
9 18772 1
9 14677 3
9 9047 1
9 858 1
9 18781 1
9 15711 1
9 22369 1
9 20324 1
9 13969 1
9 11101 1
9 3948 1
9 9069 2
9 11632 1
9 3953 1
9 18808 1
9 11134 1
9 19841 1
9 12220 1
9 17293 3
9 2446 1
9 911 1
9 4496 2
9 8081 1
9 8086 1
9 14489 1
9 22426 1
9 8603 1
9 22428 1
9 22431 1
9 17312 2
9 22433 1
9 4507 2
9 15268 1
9 22442 1
9 8892 1
9 9887 2
9 19900 1
9 11711 1
9 22464 4
9 15809 1
9 11714 1
9 8268 1
9 15819 1
9 15820 1
9 9167 1
9 464 2
9 15825 2
9 16850 1
9 7124 1
9 9686 1
9 9691 1
9 4573 1
9 21984 4
9 15441 2
9 10219 1
9 12882 1
9 7151 1
9 11760 1
9 499 1
9 14836 1
9 16373 1
9 6652 2
9 4607 1
10 12288 1
10 9729 1
10 18746 1
10 19460 1
10 8013 1
10 20999 3
10 7690 3
10 7692 1
10 7694 1
10 11181 1
10 12816 1
10 4625 1
10 22038 1
10 22551 2
10 1048 1
10 19993 6
10 5149 2
10 13316 1
10 2309 1
10 17476 1
10 6692 1
10 683 2
10 11815 1
10 3626 2
10 22571 1
10 16430 1
10 8751 1
10 11714 1
10 9777 1
10 1076 1
10 12342 3
10 6711 1
10 11832 1
10 12345 1
10 572 1
10 12354 1
10 10436 1
10 15432 1
10 7241 1
10 21160 1
10 13901 1
10 15288 1
10 21586 3
10 21945 1
10 9759 1
10 1627 1
10 12892 1
10 13411 1
10 19556 1
10 17004 1
10 21613 1
10 15982 1
10 10863 1
10 13937 1
10 6770 2
10 1141 5
10 10358 1
10 873 1
10 6776 2
10 22141 1
10 10367 1
10 5248 1
10 21696 1
10 14466 1
10 13444 1
10 19478 1
10 7584 1
10 21128 1
10 13961 1
10 7309 1
10 18185 1
10 1167 2
10 3217 1
10 20590 1
10 6809 1
10 19102 1
10 16543 1
10 11632 1
10 16546 1
10 16547 1
10 16548 1
10 14501 1
10 20593 1
10 10408 4
10 13255 1
10 22188 2
10 15534 1
10 12463 2
10 16049 1
10 12466 1
10 15028 1
10 12471 2
10 2747 1
10 8892 1
10 8906 2
10 3264 1
10 8387 1
10 14020 1
10 7880 1
10 22218 1
10 11979 1
10 13516 1
10 4303 1
10 4818 2
10 1827 2
10 11992 1
10 12505 2
10 3290 1
10 14543 1
10 13532 1
10 12510 2
10 15584 1
10 7397 1
10 4326 1
10 15825 7
10 7401 1
10 22252 2
10 14574 2
10 6383 1
10 7409 1
10 1169 1
10 5365 1
10 11511 1
10 8440 1
10 15609 1
10 15611 2
10 15615 1
10 15616 2
10 8449 8
10 3627 1
10 4868 2
10 15621 1
10 7432 1
10 7433 1
10 17535 1
10 4364 2
10 15119 1
10 786 2
10 8238 1
10 3948 1
10 6361 1
10 18200 1
10 7451 1
10 8988 2
10 5406 1
10 8993 1
10 9691 1
10 3878 1
10 10024 1
10 3881 1
10 18222 2
10 2351 1
10 7474 1
10 16691 1
10 1844 2
10 15672 1
10 5433 1
10 12602 1
10 16190 1
10 831 1
10 3392 1
10 16193 1
10 3395 1
10 6468 1
10 8143 1
10 6984 1
10 20297 1
10 6986 1
10 10295 1
10 20300 1
10 17229 2
10 17230 1
10 20303 1
10 12625 3
10 5970 2
10 5972 1
10 14677 3
10 4438 1
10 9047 1
10 1857 1
10 6489 2
10 9050 2
10 18267 1
10 19770 1
10 11102 1
10 15711 1
10 22369 6
10 7010 1
10 2407 1
10 13161 1
10 4583 1
10 364 1
10 19346 1
10 20232 1
10 15216 3
10 5489 1
10 19316 1
10 15953 1
10 16762 1
10 5499 1
10 9536 1
10 1925 1
10 16775 1
10 12168 1
10 16273 1
10 22418 6
10 7491 1
10 6036 1
10 405 1
10 8086 1
10 15903 3
10 409 1
10 22426 1
10 8603 1
10 12188 1
10 20384 1
10 17313 2
10 15266 1
10 13219 1
10 5028 1
10 1445 1
10 6054 1
10 3313 2
10 22442 2
10 9645 1
10 2990 2
10 6064 1
10 17331 1
10 4532 1
10 2997 1
10 17225 3
10 15800 1
10 4084 2
10 17339 1
10 19900 4
10 17312 2
10 14392 1
10 1988 1
10 9158 1
10 22433 3
10 5576 1
10 4554 1
10 4555 1
10 15820 1
10 9167 2
10 14800 1
10 9169 1
10 12963 1
10 7637 1
10 9687 2
10 8666 1
10 14682 2
10 21980 2
10 10205 1
10 13790 1
10 21984 7
10 19938 1
10 5625 1
10 12773 1
10 21841 2
10 18540 1
10 7658 1
10 8684 1
10 12882 1
10 10225 1
10 14324 2
10 3062 1
10 3065 1
10 6651 4
11 12288 1
11 16385 1
11 13316 3
11 20494 1
11 17943 1
11 19993 1
11 9244 1
11 14682 1
11 17951 1
11 4130 1
11 2084 1
11 8749 1
11 15918 1
11 7217 1
11 8243 1
11 1076 1
11 12342 1
11 5687 1
11 7741 1
11 9278 2
11 20547 8
11 9291 1
11 13901 1
11 9807 2
11 21074 1
11 10836 1
11 13398 1
11 18013 1
11 18528 1
11 3171 1
11 18022 2
11 18023 1
11 616 1
11 8636 1
11 13937 1
11 1140 1
11 1141 2
11 124 1
11 12053 1
11 13952 1
11 646 1
11 4235 2
11 13452 1
11 21136 1
11 17041 1
11 1170 1
11 21142 1
11 671 1
11 13475 1
11 22188 1
11 12462 1
11 12463 1
11 12464 1
11 22198 1
11 20664 1
11 8378 1
11 7867 1
11 14016 1
11 8387 1
11 2761 1
11 13516 3
11 7379 1
11 7380 1
11 12505 1
11 12510 2
11 10464 1
11 9953 2
11 7397 1
11 2278 1
11 8145 1
11 7400 1
11 3313 1
11 1266 1
11 1269 1
11 8950 2
11 3321 1
11 8954 1
11 13951 1
11 18174 1
11 8449 1
11 4867 2
11 15621 4
11 3339 1
11 15119 2
11 4881 1
11 2836 1
11 4654 1
11 2839 2
11 7960 1
11 2841 1
11 795 1
11 797 1
11 14725 1
11 20260 1
11 8753 1
11 5928 1
11 7471 1
11 7219 1
11 19764 1
11 10555 1
11 6976 2
11 3907 1
11 17732 1
11 2374 1
11 13537 2
11 1591 3
11 20300 1
11 17229 1
11 8015 1
11 6481 1
11 9050 1
11 18267 1
11 1886 1
11 8421 1
11 22368 1
11 17723 2
11 3217 2
11 6511 1
11 10096 1
11 1906 2
11 11645 1
11 7550 1
11 16773 2
11 16774 1
11 16775 1
11 907 1
11 16273 1
11 22418 1
11 918 1
11 3992 2
11 19782 1
11 16806 1
11 19186 1
11 9145 1
11 18876 1
11 11714 1
11 3529 1
11 5069 2
11 9167 3
11 8144 1
11 2351 1
11 7122 2
11 9171 1
11 18393 1
11 12026 2
11 10206 1
11 18853 1
11 19939 1
11 12773 1
11 698 1
11 21993 1
11 11760 1
11 4602 1
11 17403 1
11 12799 1
12 4096 1
12 16385 1
12 8196 1
12 16390 1
12 11275 1
12 20494 1
12 17943 4
12 21850 1
12 13854 1
12 17951 1
12 17954 1
12 17956 1
12 17957 4
12 1067 1
12 15404 1
12 3629 2
12 16430 1
12 8241 1
12 17975 1
12 13658 2
12 19520 1
12 578 1
12 20547 3
12 3652 1
12 5189 1
12 9802 1
12 4000 1
12 7764 1
12 13398 2
12 15448 1
12 18528 1
12 7777 1
12 3171 1
12 22119 1
12 13418 1
12 8562 1
12 11887 1
12 5232 1
12 13937 1
12 6770 2
12 13428 1
12 1141 6
12 11388 1
12 131 1
12 21782 3
12 6790 1
12 19593 1
12 4235 1
12 1168 1
12 8337 1
12 18072 1
12 6809 1
12 15673 1
12 14498 1
12 10407 7
12 10408 2
12 9901 1
12 3246 1
12 8989 1
12 12465 1
12 22196 2
12 17590 1
12 17012 1
12 8378 1
12 19133 3
12 21696 4
12 22211 1
12 13516 1
12 19149 1
12 15567 1
12 14548 1
12 20695 2
12 12505 1
12 4303 1
12 18140 1
12 10463 1
12 9953 1
12 4837 1
12 977 1
12 15593 1
12 15086 1
12 15087 1
12 3313 2
12 18162 1
12 20723 2
12 3829 1
12 19190 1
12 19156 1
12 8954 1
12 5157 1
12 7237 1
12 14081 1
12 14082 1
12 4867 6
12 15621 1
12 2310 1
12 7433 1
12 1410 1
12 15119 1
12 21781 1
12 278 1
12 2839 1
12 11549 1
12 1827 1
12 17212 1
12 14635 1
12 2348 1
12 1844 1
12 6281 1
12 21305 3
12 20794 1
12 15675 1
12 15676 1
12 6464 1
12 1858 1
12 18571 1
12 2374 3
12 17225 3
12 17207 1
12 20303 1
12 21330 1
12 14649 1
12 14682 2
12 10555 2
12 4453 1
12 1169 1
12 3217 2
12 8041 1
12 7399 1
12 9069 1
12 5489 1
12 1906 1
12 3958 1
12 3961 1
12 14721 1
12 7446 1
12 12675 1
12 12288 2
12 906 1
12 907 5
12 3992 1
12 13723 1
12 12188 1
12 13213 1
12 7749 3
12 17312 1
12 15266 1
12 9635 1
12 18853 2
12 22258 1
12 5041 1
12 11708 2
12 19902 1
12 3519 1
12 6592 1
12 961 1
12 11714 1
12 12232 1
12 9167 3
12 6609 1
12 11218 1
12 7637 1
12 21976 1
12 10206 1
12 1504 4
12 14306 3
12 19939 1
12 10214 2
12 19943 2
12 489 1
12 18420 1
12 15864 1
12 15444 1
13 12288 2
13 13316 2
13 21003 1
13 3084 5
13 3086 6
13 22189 1
13 3088 4
13 3090 1
13 13331 1
13 22551 1
13 17435 1
13 17956 1
13 1798 1
13 13404 2
13 1067 2
13 15404 1
13 4653 1
13 4654 1
13 8241 1
13 7503 1
13 8243 1
13 1590 1
13 13880 1
13 11444 1
13 13663 2
13 4668 1
13 3134 1
13 14399 1
13 22082 1
13 20547 1
13 12360 1
13 15434 1
13 588 2
13 591 2
13 20560 1
13 21586 4
13 18005 1
13 22108 2
13 20154 1
13 19131 1
13 2661 1
13 19048 1
13 3182 1
13 14448 1
13 21617 1
13 16831 1
13 6269 1
13 12930 2
13 4227 1
13 13444 1
13 1670 1
13 4289 1
13 11916 1
13 19598 1
13 655 1
13 20625 1
13 2706 2
13 6291 1
13 6809 1
13 14492 1
13 14494 1
13 2207 1
13 673 1
13 13478 1
13 13255 1
13 14509 1
13 13488 1
13 16049 1
13 20148 1
13 12471 1
13 698 2
13 20155 1
13 19133 5
13 7870 1
13 11969 1
13 4290 4
13 4293 1
13 20168 1
13 20686 1
13 7889 1
13 20695 1
13 11992 1
13 4825 1
13 9167 2
13 10972 1
13 14046 1
13 4831 1
13 9442 1
13 15588 1
13 7397 1
13 16103 1
13 5864 1
13 745 1
13 7918 1
13 22258 1
13 1918 1
13 16121 1
13 12026 1
13 16123 1
13 4868 1
13 15621 2
13 12550 1
13 4364 1
13 8461 1
13 131 1
13 18197 1
13 2839 2
13 15128 1
13 2841 2
13 8989 1
13 20256 1
13 13768 1
13 3206 1
13 11049 1
13 2351 1
13 16691 1
13 21305 5
13 11066 1
13 10975 1
13 17212 1
13 20285 1
13 16193 1
13 21321 1
13 17227 1
13 8015 1
13 6483 1
13 14677 1
13 15190 1
13 4441 1
13 12602 1
13 7519 1
13 19808 1
13 22369 2
13 17253 1
13 19816 1
13 6716 1
13 13674 1
13 9069 4
13 15215 1
13 20345 1
13 18810 1
13 8271 1
13 7550 2
13 9600 1
13 7553 1
13 4502 1
13 16775 3
13 9901 1
13 8086 1
13 3991 3
13 3992 1
13 17818 2
13 13216 1
13 4003 1
13 21419 1
13 8620 1
13 21234 1
13 7600 1
13 4084 1
13 17339 1
13 8636 1
13 12734 1
13 2495 1
13 22464 2
13 11714 1
13 13252 1
13 7329 1
13 968 1
13 15820 1
13 3023 1
13 5829 1
13 10707 1
13 20303 1
13 15837 1
13 18911 1
13 14306 2
13 20452 4
13 8683 1
13 16367 1
13 19725 1
13 7158 1
13 4601 1
13 20474 1
13 4607 1
13 12799 1
14 19460 1
14 4438 2
14 7937 1
14 7178 1
14 4303 1
14 3084 3
14 3086 3
14 3088 1
14 3090 1
14 4115 1
14 17943 1
14 17432 1
14 11524 1
14 22557 1
14 15903 1
14 3530 1
14 11850 1
14 3621 1
14 6699 1
14 1580 1
14 3629 1
14 17966 1
14 19505 1
14 1076 1
14 3633 1
14 6715 2
14 4668 1
14 13834 1
14 22082 1
14 20547 1
14 7236 1
14 11335 2
14 15432 1
14 8778 1
14 587 1
14 588 1
14 20560 1
14 17490 2
14 9145 1
14 16773 1
14 1626 1
14 13404 1
14 21691 1
14 16998 1
14 18023 1
14 19048 1
14 21613 2
14 14448 1
14 13937 1
14 13331 2
14 1141 1
14 15994 1
14 6269 2
14 13952 1
14 129 1
14 131 1
14 4795 1
14 14649 1
14 22551 3
14 4238 1
14 11408 1
14 17688 1
14 1170 1
14 5060 1
14 18074 1
14 11421 1
14 22175 1
14 19619 1
14 20649 1
14 20651 1
14 9901 1
14 16049 2
14 17696 1
14 19124 1
14 12471 1
14 11449 1
14 18975 2
14 18108 1
14 19133 8
14 7870 1
14 21696 1
14 8992 1
14 2755 1
14 20168 1
14 10956 1
14 19149 1
14 20686 1
14 15567 1
14 10449 2
14 10963 1
14 10452 1
14 15566 1
14 20695 1
14 22232 1
14 2084 1
14 9167 3
14 7902 1
14 10976 1
14 464 1
14 20706 1
14 748 1
14 7918 1
14 3197 1
14 22258 1
14 13557 1
14 3796 1
14 12026 2
14 16123 1
14 15102 1
14 18689 1
14 14082 1
14 2634 1
14 3652 2
14 19718 1
14 775 1
14 17163 1
14 4364 1
14 14093 1
14 17170 1
14 2179 1
14 18197 1
14 15128 1
14 2841 2
14 11547 1
14 8989 2
14 2328 1
14 20255 2
14 13088 1
14 5927 1
14 14120 1
14 5929 2
14 21807 2
14 904 1
14 15666 1
14 7477 2
14 2873 1
14 12602 1
14 8512 1
14 13536 1
14 20300 1
14 3919 2
14 4432 1
14 22354 1
14 14677 3
14 15190 4
14 21305 8
14 6489 1
14 9050 2
14 5264 1
14 5988 1
14 20625 1
14 18793 1
14 4240 1
14 408 1
14 9069 4
14 9072 1
14 5489 1
14 22369 1
14 20343 1
14 12153 1
14 15232 1
14 11981 1
14 2949 1
14 16775 2
14 15752 1
14 19479 1
14 400 1
14 11665 1
14 20114 1
14 11672 1
14 1945 1
14 15258 4
14 7066 1
14 1438 1
14 20384 2
14 15266 1
14 9817 1
14 15784 1
14 4012 1
14 19186 1
14 4509 1
14 18352 1
14 9141 1
14 18360 2
14 11193 1
14 3517 1
14 9662 1
14 4032 1
14 11714 1
14 8779 1
14 13252 1
14 13255 1
14 3529 2
14 1482 1
14 21454 1
14 8655 4
14 3536 2
14 7637 1
14 16121 1
14 1504 1
14 10721 1
14 14306 3
14 22500 1
14 8682 1
14 8683 1
14 21586 3
14 16367 1
14 14324 1
14 18174 1
14 4601 1
14 11770 1
15 12288 3
15 13316 2
15 19469 1
15 14509 1
15 13331 2
15 22557 1
15 9759 1
15 20519 1
15 8232 1
15 3629 1
15 10798 1
15 10800 1
15 13889 1
15 12471 2
15 17484 1
15 21586 3
15 9815 1
15 18532 1
15 22119 1
15 13418 2
15 9839 1
15 19056 1
15 4723 1
15 1140 1
15 17016 1
15 21627 1
15 18557 1
15 4225 1
15 5764 1
15 13451 1
15 5268 1
15 17046 1
15 22128 1
15 10408 1
15 13994 1
15 9901 1
15 3758 1
15 16055 1
15 11960 1
15 19133 1
15 19140 1
15 20168 1
15 10963 1
15 9432 1
15 11482 1
15 10972 1
15 10975 1
15 18148 1
15 1765 1
15 3025 1
15 745 1
15 5867 1
15 6269 2
15 9513 1
15 3321 1
15 7933 1
15 14592 1
15 11563 1
15 2309 2
15 2310 1
15 897 1
15 17162 1
15 17163 1
15 5390 1
15 14607 1
15 7451 1
15 8989 1
15 17184 1
15 4905 1
15 9514 1
15 16775 2
15 7471 1
15 7479 1
15 21305 1
15 1857 1
15 15682 1
15 19782 1
15 7500 1
15 14677 2
15 14680 1
15 15709 1
15 15710 1
15 5996 1
15 9069 3
15 9072 1
15 7553 1
15 10631 1
15 18837 1
15 7063 1
15 3992 3
15 1948 1
15 1437 1
15 18853 1
15 9145 1
15 11711 1
15 4032 1
15 9167 2
15 2351 1
15 9170 1
15 10205 1
15 10723 1
15 8682 1
15 8683 3
15 7154 1
15 4599 1
15 4601 1
16 8705 1
16 19464 1
16 13331 1
16 12823 1
16 12825 1
16 6377 1
16 22557 1
16 15903 1
16 11301 1
16 6694 1
16 20519 1
16 8744 1
16 3629 1
16 6717 1
16 12354 1
16 17163 1
16 17484 1
16 592 1
16 21586 1
16 7767 1
16 10337 1
16 15971 1
16 6250 1
16 19133 1
16 15985 1
16 17034 1
16 12427 1
16 17041 1
16 2706 2
16 13979 1
16 17569 1
16 11942 1
16 22198 1
16 12471 1
16 22202 1
16 12477 1
16 20168 1
16 13516 1
16 3796 1
16 20183 1
16 15591 1
16 4841 1
16 11303 2
16 14060 1
16 6382 1
16 20720 1
16 14583 1
16 14592 1
16 8449 1
16 4868 1
16 3339 1
16 16662 1
16 14626 1
16 6449 1
16 7471 1
16 11569 1
16 15669 1
16 21305 1
16 11066 1
16 7483 1
16 833 1
16 17737 1
16 846 1
16 9047 2
16 11008 1
16 352 1
16 15716 1
16 9069 4
16 12151 1
16 9082 1
16 9600 1
16 4502 1
16 16774 1
16 4417 1
16 7049 1
16 22418 1
16 8086 1
16 1440 1
16 6811 1
16 8613 1
16 18856 1
16 16823 1
16 9255 1
16 20695 1
16 16373 1
16 588 1
16 9676 1
16 464 1
16 13778 1
16 15827 1
16 8660 1
16 8014 1
16 15831 1
16 9691 1
16 12261 1
16 8683 2
16 8685 1
16 14491 1
16 11765 1
17 16385 1
17 15874 1
17 3589 1
17 5126 1
17 12296 1
17 1547 1
17 16915 1
17 17435 1
17 18267 1
17 11301 1
17 6694 1
17 11303 2
17 22571 1
17 3629 4
17 17968 1
17 19464 1
17 1076 1
17 16952 1
17 4668 1
17 4669 1
17 3647 1
17 19520 1
17 13891 1
17 3652 1
17 11334 1
17 20554 1
17 15031 1
17 588 1
17 6223 1
17 10832 1
17 10834 1
17 7777 1
17 10340 1
17 21605 1
17 16998 1
17 17000 2
17 6761 1
17 21608 2
17 17012 1
17 1141 3
17 17014 1
17 3191 1
17 6776 1
17 15486 1
17 21632 1
17 130 1
17 1667 1
17 12938 1
17 4748 3
17 6773 1
17 20112 1
17 20847 1
17 2718 1
17 673 2
17 13478 1
17 9901 1
17 11275 1
17 1719 1
17 19133 3
17 17013 1
17 12481 1
17 3277 1
17 8401 1
17 10963 1
17 9428 1
17 13023 1
17 13024 1
17 10978 1
17 1763 1
17 15590 1
17 721 1
17 7401 1
17 4335 1
17 131 1
17 20692 1
17 8954 1
17 18174 1
17 21759 1
17 11008 1
17 1664 1
17 4867 1
17 2309 1
17 4870 1
17 3339 1
17 15119 1
17 2179 1
17 16661 1
17 1304 1
17 8989 1
17 18208 1
17 15831 1
17 16679 1
17 2345 1
17 1834 1
17 2348 1
17 15153 1
17 15666 1
17 16691 1
17 1844 1
17 21305 3
17 16706 1
17 6468 1
17 15180 1
17 12111 1
17 21841 1
17 8532 2
17 1370 1
17 11611 1
17 21854 1
17 22369 1
17 868 1
17 21586 1
17 15723 1
17 364 1
17 9069 3
17 18287 1
17 21875 1
17 9588 1
17 15593 1
17 11645 1
17 17790 1
17 1410 1
17 15751 1
17 15754 1
17 7055 1
17 17818 1
17 6555 1
17 20384 2
17 4521 1
17 16814 1
17 6073 1
17 10682 1
17 18876 1
17 14752 1
17 11723 1
17 15820 1
17 16846 1
17 14807 1
17 17881 1
17 6622 1
17 18911 1
17 20450 1
17 10727 1
17 8683 1
17 16877 1
17 11760 1
17 11250 1
17 3060 3
17 15865 1
17 4603 1
18 12288 2
18 12800 2
18 683 1
18 9046 1
18 1537 1
18 13834 1
18 3088 2
18 9747 1
18 4116 1
18 15384 1
18 19993 1
18 4122 1
18 11293 1
18 6687 2
18 5667 1
18 6696 1
18 11817 1
18 8236 1
18 16431 1
18 7217 1
18 1074 1
18 7219 1
18 12342 2
18 2113 2
18 16966 1
18 18503 2
18 11850 2
18 17996 1
18 2640 1
18 21586 5
18 7764 1
18 18005 1
18 13398 2
18 18528 1
18 7777 1
18 17506 1
18 16998 1
18 18022 2
18 9831 1
18 13244 1
18 21613 1
18 18030 1
18 20592 1
18 21617 1
18 1141 1
18 18042 1
18 124 1
18 638 1
18 20095 1
18 128 2
18 131 1
18 646 1
18 19593 1
18 10890 1
18 15499 1
18 13453 1
18 7313 1
18 19100 1
18 3610 1
18 16544 1
18 9072 1
18 19619 1
18 1706 1
18 4267 1
18 22188 1
18 1709 1
18 5661 2
18 16049 2
18 19124 1
18 5301 1
18 19126 1
18 12471 1
18 5818 1
18 15903 5
18 19132 1
18 19133 1
18 21696 1
18 12481 3
18 4290 4
18 7880 1
18 5321 1
18 20686 3
18 7379 1
18 13006 1
18 22232 1
18 10972 4
18 7546 1
18 10975 1
18 13537 1
18 17312 1
18 2309 1
18 19238 1
18 14574 1
18 19938 1
18 1266 1
18 7680 1
18 7637 1
18 11008 2
18 2307 1
18 11524 1
18 3845 1
18 19718 1
18 775 1
18 4364 2
18 269 1
18 3854 1
18 7451 1
18 8988 1
18 8989 1
18 20256 2
18 4571 1
18 20260 1
18 3878 1
18 11057 1
18 18222 1
18 7471 1
18 904 1
18 19764 1
18 8502 1
18 21304 1
18 21305 1
18 6970 1
18 19594 1
18 1857 1
18 2882 1
18 17223 1
18 13128 1
18 13129 1
18 16203 1
18 14668 1
18 17229 1
18 14673 1
18 20303 1
18 4432 1
18 12625 2
18 14677 2
18 4438 1
18 3417 1
18 15709 1
18 22369 1
18 15717 1
18 9069 2
18 6512 1
18 21993 1
18 5498 1
18 18818 1
18 12164 1
18 14725 1
18 16774 1
18 15751 1
18 13704 2
18 3468 1
18 5010 1
18 3992 1
18 4509 1
18 20384 1
18 17313 1
18 22442 1
18 11179 2
18 14252 1
18 15090 1
18 2990 1
18 18352 1
18 21945 1
18 16826 1
18 8636 1
18 22464 2
18 10177 1
18 7110 1
18 9167 3
18 464 1
18 9171 1
18 4053 1
18 8015 1
18 10210 1
18 19939 1
18 21841 1
18 4073 1
18 494 1
18 15344 1
18 10225 1
18 7154 1
18 7155 1
18 14324 1
18 4602 1
18 6651 1
18 6652 1
19 12288 1
19 7684 6
19 21618 1
19 20999 2
19 2063 3
19 22551 9
19 13316 2
19 5149 1
19 15903 3
19 11821 3
19 8238 5
19 16431 1
19 1074 1
19 4663 1
19 2105 1
19 8765 4
19 16963 1
19 9287 1
19 11850 2
19 8779 1
19 588 1
19 2640 2
19 21586 5
19 18005 4
19 603 1
19 8797 1
19 18528 2
19 17069 1
19 15971 1
19 15976 1
19 3260 1
19 14448 1
19 21617 1
19 6770 2
19 18548 2
19 10357 1
19 2166 2
19 873 1
19 14970 1
19 21632 1
19 129 1
19 130 1
19 131 2
19 132 1
19 133 2
19 16519 2
19 3221 2
19 4247 1
19 14493 1
19 14495 1
19 3232 1
19 673 1
19 19619 1
19 7537 1
19 10408 1
19 4267 3
19 626 2
19 11444 1
19 5301 2
19 19126 1
19 11449 4
19 8892 1
19 13502 2
19 6847 2
19 2243 1
19 21189 1
19 13516 3
19 20686 2
19 15584 1
19 2273 1
19 7409 7
19 7410 2
19 16629 1
19 14583 1
19 14584 1
19 18175 1
19 5382 1
19 7952 2
19 7451 1
19 8478 1
19 800 1
19 3877 1
19 19764 5
19 12602 1
19 11007 1
19 3395 2
19 22341 1
19 12616 1
19 12625 2
19 11604 1
19 7528 1
19 13161 1
19 17262 1
19 15216 1
19 5489 1
19 16363 7
19 14725 1
19 8077 1
19 7055 1
19 1947 1
19 12188 2
19 7069 3
19 17312 6
19 17313 3
19 18852 3
19 2990 2
19 1466 2
19 16543 1
19 11708 1
19 8437 1
19 20384 1
19 16834 1
19 4599 1
19 7637 2
19 4058 1
19 6651 1
19 8166 1
19 19943 1
19 7658 1
19 17899 1
19 4178 1
19 11760 2
19 15528 1
19 14324 1
19 18423 1
19 11771 2
19 5119 1
20 8705 1
20 8706 1
20 17067 1
20 13316 1
20 12805 1
20 17424 1
20 13833 1
20 20494 1
20 22032 1
20 22551 3
20 19460 1
20 17947 1
20 11293 2
20 11294 1
20 15903 1
20 16936 2
20 1578 1
20 22571 1
20 8238 1
20 8797 1
20 14386 1
20 12341 1
20 7433 1
20 12345 1
20 18503 2
20 11850 2
20 588 2
20 15949 1
20 12878 1
20 15952 1
20 21586 4
20 18005 3
20 9316 1
20 14429 1
20 18528 1
20 1633 1
20 15971 1
20 13412 1
20 16998 1
20 21609 1
20 21613 1
20 1469 1
20 14448 3
20 13937 1
20 4211 1
20 21621 1
20 15994 1
20 13435 1
20 3197 1
20 20095 1
20 129 1
20 130 1
20 131 1
20 18565 1
20 6791 2
20 4238 1
20 19599 1
20 2706 1
20 15508 2
20 9583 1
20 14493 1
20 1369 1
20 10407 1
20 4267 2
20 22188 1
20 16049 1
20 6771 1
20 11444 2
20 12471 1
20 8892 1
20 19133 1
20 7870 2
20 12481 1
20 4290 1
20 2243 1
20 13516 2
20 15566 1
20 4303 1
20 5840 1
20 14033 1
20 3796 1
20 20686 1
20 22232 1
20 3468 1
20 2278 1
20 745 1
20 1576 1
20 14583 1
20 18686 2
20 17109 1
20 3329 2
20 3844 1
20 7432 1
20 14089 1
20 14090 2
20 4364 1
20 15119 1
20 2179 1
20 2836 1
20 13078 1
20 15128 1
20 16431 1
20 2949 1
20 20256 1
20 18055 1
20 7471 1
20 1844 1
20 5435 1
20 16194 1
20 4419 1
20 13128 1
20 17225 1
20 18185 1
20 4942 1
20 12111 1
20 4433 1
20 9044 3
20 12121 1
20 14682 1
20 22364 1
20 13663 1
20 16224 1
20 10593 1
20 2914 1
20 2407 1
20 360 1
20 873 1
20 9069 1
20 13679 2
20 9072 1
20 5489 2
20 22369 1
20 19332 1
20 15237 3
20 15751 1
20 20233 1
20 6541 1
20 22418 2
20 3395 1
20 10644 1
20 3992 1
20 4509 1
20 17312 1
20 1959 1
20 18857 1
20 9644 1
20 5551 1
20 1459 1
20 13129 1
20 12216 1
20 3060 1
20 17339 2
20 15434 1
20 16831 1
20 22464 1
20 11714 1
20 9687 1
20 10206 2
20 16775 1
20 21477 1
20 21841 2
20 15339 1
20 7155 1
20 14324 1
20 3064 1
20 11771 1
21 12288 1
21 15874 1
21 12119 1
21 1046 1
21 22557 1
21 16414 1
21 16417 1
21 16430 1
21 13359 1
21 4277 1
21 15426 2
21 15939 2
21 8260 1
21 15434 1
21 4689 1
21 7765 1
21 3676 1
21 16998 2
21 18023 1
21 13937 2
21 3716 1
21 19478 1
21 6339 1
21 3220 1
21 4249 1
21 11931 1
21 18592 1
21 17569 1
21 10408 1
21 10410 1
21 4779 1
21 3954 1
21 19124 3
21 4894 3
21 15544 1
21 15545 2
21 8892 3
21 19133 4
21 7870 1
21 10048 1
21 7371 1
21 16075 1
21 11471 1
21 16592 1
21 19156 2
21 4311 1
21 5339 1
21 18140 3
21 18141 1
21 21727 1
21 2279 1
21 2284 2
21 20724 1
21 3835 1
21 1280 1
21 1408 1
21 20739 1
21 2309 1
21 14721 2
21 4364 2
21 15630 1
21 21264 1
21 2835 1
21 16431 1
21 8989 2
21 20254 2
21 8993 1
21 5929 1
21 2348 1
21 18222 1
21 1844 1
21 21305 3
21 18143 1
21 1855 3
21 16704 1
21 14660 3
21 17225 1
21 12110 1
21 12625 1
21 9047 2
21 7514 1
21 4960 1
21 7010 1
21 8043 2
21 5997 1
21 9583 1
21 6000 1
21 5490 1
21 12663 1
21 4986 2
21 13887 1
21 2944 1
21 1409 1
21 9090 1
21 1424 1
21 10129 1
21 22418 1
21 17819 1
21 20384 1
21 13730 1
21 16806 1
21 7600 1
21 16628 1
21 4831 1
21 22464 2
21 7584 2
21 4041 1
21 15820 1
21 9167 1
21 9171 1
21 14807 1
21 13295 1
21 11760 2
21 3060 1
21 5623 1
21 6136 1
21 15869 1
22 12288 1
22 8193 1
22 4617 1
22 7178 1
22 20494 2
22 14509 1
22 22032 2
22 22551 8
22 4868 1
22 22368 1
22 2394 1
22 13854 1
22 12325 5
22 13863 1
22 20526 1
22 17968 1
22 5681 1
22 18994 1
22 11835 1
22 6204 1
22 13888 6
22 3649 1
22 3651 1
22 3652 6
22 12870 5
22 15432 1
22 4364 1
22 8781 1
22 15442 1
22 595 1
22 100 1
22 1466 1
22 2661 1
22 7780 1
22 18022 1
22 16998 1
22 12394 1
22 15981 1
22 11887 1
22 626 4
22 6774 1
22 7799 1
22 632 1
22 3195 1
22 13440 6
22 6787 1
22 19589 1
22 13961 1
22 1167 1
22 3220 1
22 11417 1
22 9370 1
22 11931 1
22 16544 1
22 10407 3
22 10408 3
22 17577 2
22 683 1
22 19117 1
22 21678 1
22 22557 3
22 19124 1
22 11449 1
22 8892 2
22 7870 1
22 13884 1
22 14016 1
22 10436 1
22 10358 1
22 13516 5
22 19149 1
22 22222 1
22 11471 1
22 17618 1
22 18140 1
22 10464 1
22 7397 1
22 22252 2
22 7409 1
22 14584 1
22 9684 1
22 19716 1
22 18185 1
22 3340 1
22 131 1
22 2836 1
22 8238 2
22 4886 2
22 20760 1
22 14621 1
22 18210 1
22 13532 1
22 5936 1
22 19764 1
22 7477 3
22 15671 1
22 14649 1
22 5448 2
22 20297 1
22 5450 1
22 14677 1
22 5433 2
22 7514 1
22 6507 2
22 861 1
22 16224 1
22 13159 1
22 873 2
22 10727 1
22 9069 3
22 12656 3
22 15218 2
22 15222 1
22 15227 2
22 6017 1
22 8579 3
22 14725 1
22 13704 1
22 15754 1
22 3468 1
22 3991 1
22 12868 1
22 13723 7
22 7069 1
22 5534 1
22 20384 1
22 17313 4
22 2990 1
22 17334 1
22 13129 1
22 9145 1
22 12218 1
22 8636 1
22 15808 1
22 11714 5
22 16838 1
22 9167 4
22 8144 1
22 18424 1
22 8660 1
22 15317 1
22 14807 1
22 19943 1
22 3049 1
22 7149 1
22 19950 1
22 5623 2
22 3648 1
22 18426 1
23 12288 2
23 7683 1
23 22358 1
23 20487 1
23 2762 1
23 4617 7
23 7178 1
23 2063 1
23 22032 3
23 4611 1
23 5142 1
23 17943 2
23 4636 1
23 22557 6
23 12325 2
23 3626 1
23 1067 1
23 8236 1
23 8749 1
23 8238 1
23 3633 4
23 1074 1
23 1076 1
23 22581 2
23 12342 1
23 13888 1
23 20547 1
23 8260 1
23 1094 1
23 11850 1
23 18364 1
23 8268 2
23 1378 1
23 20560 1
23 21586 1
23 7765 1
23 11193 1
23 2648 1
23 14427 2
23 18528 1
23 7777 1
23 19900 1
23 13418 2
23 14448 1
23 13937 3
23 626 1
23 20595 1
23 1141 8
23 7799 1
23 11898 1
23 635 1
23 19184 1
23 127 2
23 130 1
23 131 2
23 13445 1
23 9351 1
23 22551 2
23 15500 1
23 2703 1
23 1168 1
23 17041 1
23 8041 1
23 14493 1
23 16544 1
23 19619 1
23 9892 1
23 10407 4
23 10408 1
23 1564 1
23 10410 1
23 5803 1
23 17225 1
23 6173 1
23 625 1
23 20662 1
23 12471 2
23 11449 3
23 8892 2
23 19133 1
23 12481 1
23 2243 2
23 6853 1
23 17067 2
23 13516 4
23 15565 1
23 20686 1
23 12495 1
23 17107 1
23 4821 2
23 8655 1
23 13532 2
23 17692 1
23 18369 1
23 8553 1
23 21733 1
23 2278 2
23 2905 1
23 7401 1
23 18215 1
23 22256 1
23 3313 1
23 1266 1
23 14579 1
23 1269 1
23 20727 1
23 19853 1
23 3321 1
23 12026 2
23 14592 1
23 8449 4
23 14082 1
23 4867 1
23 7432 1
23 18185 5
23 3340 1
23 15119 1
23 6416 1
23 17170 1
23 18197 1
23 21782 2
23 20760 1
23 4484 1
23 8988 1
23 15646 1
23 20255 1
23 6436 1
23 7463 2
23 18055 1
23 16688 1
23 1333 1
23 21305 1
23 3392 1
23 8514 1
23 20384 3
23 18572 1
23 13131 1
23 17229 1
23 20303 6
23 15190 2
23 2873 1
23 15704 1
23 6489 1
23 14682 1
23 11101 1
23 7397 1
23 16224 1
23 15714 1
23 2918 2
23 2407 1
23 19816 1
23 873 1
23 18282 1
23 5996 1
23 9072 1
23 15218 1
23 2018 1
23 15222 1
23 15227 2
23 8063 1
23 1922 1
23 12676 1
23 9100 1
23 6541 1
23 11662 1
23 22418 1
23 11075 1
23 8086 1
23 3991 2
23 7069 3
23 17312 2
23 17313 1
23 20389 1
23 18854 1
23 7409 1
23 3058 1
23 4509 1
23 19187 4
23 18356 1
23 18359 1
23 21945 1
23 5051 1
23 11708 1
23 11709 1
23 11710 2
23 22464 1
23 6593 1
23 11714 2
23 17227 1
23 1476 1
23 13255 1
23 16330 1
23 16333 1
23 9167 2
23 7637 1
23 8665 1
23 18853 1
23 18401 1
23 12770 1
23 19939 1
23 10214 2
23 4263 1
23 17577 1
23 11760 2
23 20465 2
23 20466 2
23 12787 1
23 16374 1
23 5623 2
23 18424 2
23 5625 2
23 1532 2
24 12288 1
24 4096 2
24 17067 1
24 19460 1
24 12805 1
24 4617 2
24 3084 4
24 3086 3
24 12770 1
24 22551 1
24 20504 1
24 5149 1
24 13854 1
24 22369 1
24 1627 1
24 12325 1
24 6695 1
24 7216 1
24 7217 1
24 12342 1
24 19511 2
24 11832 1
24 20256 2
24 12354 1
24 20547 3
24 11335 1
24 12360 1
24 18505 1
24 11850 1
24 587 1
24 588 1
24 10318 1
24 21586 2
24 19542 1
24 7258 1
24 20751 2
24 21605 1
24 15976 1
24 13418 1
24 21613 3
24 13425 2
24 21618 1
24 1141 2
24 632 1
24 20601 1
24 18042 1
24 1664 1
24 22464 1
24 130 1
24 6791 1
24 17943 1
24 15981 1
24 13969 1
24 18070 1
24 15514 1
24 17568 1
24 13937 1
24 17576 1
24 20649 1
24 4267 1
24 21168 1
24 20168 2
24 693 1
24 19126 1
24 7867 1
24 19133 2
24 12481 1
24 4290 1
24 21704 2
24 19938 1
24 12495 1
24 16592 2
24 7380 1
24 11992 1
24 10972 1
24 10975 1
24 7396 1
24 7397 1
24 7400 1
24 11815 2
24 748 1
24 13778 1
24 19184 1
24 3313 2
24 19186 1
24 19187 1
24 1269 1
24 12026 5
24 16123 2
24 16124 1
24 18175 1
24 13440 1
24 4868 1
24 1798 1
24 18185 1
24 14466 1
24 15119 1
24 13075 1
24 21782 1
24 4384 1
24 4385 1
24 4386 1
24 17188 1
24 19505 2
24 20265 1
24 7982 1
24 6898 1
24 4831 2
24 3390 1
24 15177 1
24 20298 1
24 20023 2
24 21305 1
24 8015 1
24 12625 3
24 5970 1
24 6483 1
24 2873 2
24 14682 4
24 22364 1
24 22368 1
24 15713 1
24 15205 1
24 5993 1
24 15723 1
24 9069 3
24 1905 1
24 14721 1
24 5867 1
24 901 1
24 7565 1
24 917 2
24 10646 1
24 4507 1
24 4509 1
24 4002 2
24 12716 1
24 16301 1
24 15278 1
24 1466 1
24 18363 1
24 11708 3
24 3829 1
24 15808 1
24 11714 1
24 7112 1
24 15266 1
24 9167 1
24 3536 1
24 21969 1
24 7122 1
24 7124 3
24 4601 1
24 12018 4
24 10208 1
24 3553 1
24 14306 4
24 4579 1
24 10214 1
24 21841 2
24 10219 1
24 16371 2
24 4599 1
24 4089 1
24 6651 1
24 6652 1
24 6141 1
24 6142 2
25 7680 1
25 12288 1
25 4610 1
25 20485 2
25 20486 1
25 4617 1
25 20494 1
25 22032 3
25 22551 1
25 8216 1
25 12313 1
25 2588 1
25 22557 1
25 1572 3
25 7217 1
25 3127 1
25 3130 1
25 7230 1
25 13887 1
25 12354 1
25 1604 1
25 15994 2
25 15432 1
25 18505 1
25 592 1
25 21586 3
25 18005 3
25 9316 2
25 9308 1
25 18528 1
25 19556 1
25 16998 1
25 18023 1
25 18364 4
25 22542 1
25 10859 1
25 1648 1
25 21617 2
25 19058 1
25 13428 5
25 10360 1
25 14458 1
25 13418 1
25 6786 2
25 21782 6
25 1167 1
25 7321 1
25 7322 1
25 15003 1
25 15004 1
25 15264 2
25 10407 1
25 683 3
25 22188 1
25 12461 1
25 16049 1
25 3770 1
25 21183 1
25 21188 1
25 14026 1
25 13516 3
25 4303 1
25 15575 1
25 4826 1
25 719 1
25 10972 1
25 11898 1
25 4831 1
25 2273 1
25 741 1
25 5864 2
25 18668 1
25 3197 1
25 12018 1
25 18387 1
25 19190 1
25 17143 1
25 18689 1
25 19716 1
25 2310 2
25 18185 1
25 4364 1
25 18703 1
25 5934 1
25 13078 1
25 18797 1
25 17177 1
25 17692 1
25 19675 1
25 11558 1
25 5929 1
25 18222 1
25 20189 1
25 15666 1
25 7475 1
25 22327 1
25 5437 1
25 15683 1
25 15585 1
25 17225 1
25 13138 1
25 3417 1
25 7738 1
25 20830 1
25 22369 4
25 2914 1
25 22418 3
25 6511 1
25 11632 1
25 8568 2
25 12153 1
25 5499 1
25 8579 1
25 14725 1
25 16778 1
25 20546 1
25 20882 1
25 18323 2
25 2968 1
25 4509 5
25 4510 1
25 14917 1
25 4000 4
25 15266 1
25 17827 1
25 9128 1
25 22442 1
25 12360 1
25 8626 1
25 841 1
25 11193 1
25 1466 1
25 11708 2
25 22464 1
25 16833 1
25 1990 1
25 7623 1
25 1480 1
25 5577 1
25 11726 1
25 9167 2
25 9171 1
25 9684 1
25 9686 1
25 11749 2
25 3052 1
25 5623 1
25 6651 1
25 5119 1
26 12288 2
26 14592 1
26 19460 1
26 13846 1
26 12312 1
26 547 1
26 548 1
26 6695 1
26 3629 1
26 16430 1
26 16431 1
26 16432 1
26 1074 1
26 16436 1
26 22581 1
26 14391 1
26 11850 1
26 1099 1
26 8268 1
26 12880 1
26 21586 2
26 7764 1
26 18005 3
26 13910 1
26 4696 1
26 7777 1
26 9831 1
26 21608 1
26 18364 2
26 13418 3
26 3175 1
26 18030 1
26 5743 1
26 13428 3
26 1141 1
26 13951 1
26 13952 1
26 19133 2
26 6787 1
26 5764 1
26 14474 1
26 14477 1
26 6801 1
26 4754 1
26 10351 1
26 16679 1
26 13475 1
26 13478 1
26 10408 2
26 4266 1
26 683 1
26 1716 1
26 8375 1
26 1482 1
26 4725 1
26 12481 2
26 6854 1
26 13516 1
26 4303 1
26 18128 1
26 14033 1
26 1746 1
26 14035 1
26 14037 1
26 20183 1
26 9432 1
26 19163 1
26 13532 1
26 10973 1
26 4831 1
26 10464 3
26 10467 1
26 21733 1
26 5863 1
26 10985 2
26 5867 2
26 3311 1
26 22256 1
26 17790 1
26 12026 1
26 1280 1
26 128 1
26 13570 2
26 3339 1
26 4364 3
26 6421 1
26 3353 3
26 8989 1
26 18209 2
26 11995 1
26 18212 1
26 7463 1
26 21801 1
26 1415 1
26 18222 1
26 15666 1
26 9527 1
26 2873 2
26 10555 1
26 20285 1
26 16195 2
26 6469 1
26 8143 1
26 14668 1
26 17229 1
26 12625 1
26 4438 1
26 21305 1
26 1369 1
26 18267 1
26 1375 2
26 16224 1
26 22369 1
26 360 1
26 6511 1
26 13685 1
26 6012 1
26 8062 1
26 7039 1
26 14721 2
26 132 1
26 2948 1
26 16775 1
26 906 2
26 907 1
26 10636 1
26 7055 1
26 22418 3
26 4000 2
26 15266 1
26 18851 1
26 11684 5
26 3497 1
26 22442 1
26 9140 1
26 19384 1
26 1466 1
26 13244 1
26 8778 1
26 11710 1
26 7584 1
26 20418 1
26 21444 1
26 1990 1
26 588 1
26 12746 1
26 5580 1
26 9167 3
26 9171 1
26 10206 3
26 592 2
26 8676 1
26 19943 1
26 8683 1
26 7148 1
26 16366 1
26 11760 1
26 1526 1
26 5623 3
26 4654 1
26 7164 1
27 12288 1
27 18952 1
27 7178 1
27 4116 1
27 12823 1
27 18209 2
27 11295 1
27 7601 1
27 1596 1
27 1599 1
27 12354 1
27 15939 1
27 3652 2
27 15432 1
27 585 2
27 10321 1
27 21586 2
27 18005 2
27 7254 1
27 9145 1
27 15971 1
27 16998 1
27 15548 1
27 9837 1
27 626 1
27 21110 1
27 633 1
27 123 1
27 20095 1
27 13440 1
27 12929 1
27 18052 1
27 18056 1
27 13475 1
27 4263 1
27 683 1
27 19124 1
27 15903 1
27 8892 1
27 19133 1
27 14527 1
27 20167 1
27 7880 1
27 12151 1
27 13516 1
27 10975 1
27 10464 1
27 7397 1
27 1766 1
27 5866 1
27 5867 2
27 13255 1
27 13951 2
27 17025 1
27 4364 3
27 15119 1
27 4886 1
27 3354 1
27 8989 1
27 8993 1
27 18212 1
27 18214 1
27 16682 1
27 2348 1
27 15666 1
27 8502 1
27 14649 1
27 833 1
27 15170 1
27 16195 1
27 17229 1
27 12625 1
27 15714 1
27 2407 1
27 13884 2
27 876 1
27 9069 1
27 20343 1
27 17790 1
27 4992 1
27 2949 1
27 907 1
27 10636 1
27 909 1
27 3992 1
27 22418 3
27 11672 3
27 8602 1
27 15856 1
27 16804 1
27 9125 1
27 10154 1
27 2990 1
27 12360 1
27 17337 1
27 22463 1
27 10177 1
27 20418 1
27 20420 1
27 967 1
27 9167 1
27 11684 2
27 10206 1
27 21473 1
27 4581 1
27 9809 1
27 10407 1
27 494 1
27 11760 1
27 7667 1
27 18426 1
27 6651 1
27 15869 1
27 5119 1
28 12288 4
28 19460 2
28 3926 1
28 8 1
28 9047 1
28 4110 1
28 1040 1
28 1041 3
28 7189 1
28 19478 1
28 857 1
28 11293 1
28 6686 1
28 15903 1
28 21936 1
28 18267 1
28 2596 1
28 18521 1
28 11815 1
28 15400 1
28 8236 1
28 8749 1
28 3631 1
28 8753 1
28 3636 1
28 4873 1
28 16308 1
28 19514 1
28 1468 1
28 10300 1
28 8765 2
28 20542 1
28 3647 3
28 3649 1
28 3652 1
28 1889 1
28 15432 1
28 5388 4
28 11850 4
28 11851 1
28 13389 1
28 590 1
28 17999 1
28 21586 9
28 18005 2
28 7767 1
28 2648 1
28 1469 2
28 14324 2
28 6925 1
28 12390 1
28 6759 1
28 15976 1
28 8636 1
28 15266 1
28 4199 1
28 3517 1
28 5232 1
28 21618 1
28 15774 1
28 633 1
28 13435 1
28 14649 1
28 20607 1
28 13440 1
28 21213 1
28 131 2
28 5764 1
28 647 1
28 10263 1
28 14477 1
28 19599 1
28 13969 2
28 15434 1
28 14492 1
28 18077 1
28 20191 1
28 14448 1
28 19619 2
28 9892 1
28 585 1
28 10408 1
28 10922 1
28 9901 2
28 8513 1
28 10928 1
28 3762 1
28 18197 2
28 12981 1
28 19126 2
28 18108 1
28 19133 5
28 7870 2
28 14527 2
28 16417 1
28 7880 2
28 460 1
28 20721 2
28 13516 4
28 20686 1
28 719 1
28 16834 1
28 17105 2
28 11811 1
28 7380 1
28 14037 1
28 15580 1
28 1757 1
28 1758 1
28 4831 1
28 15584 1
28 16592 1
28 20195 1
28 22245 1
28 6375 1
28 17128 1
28 10985 1
28 22252 1
28 14574 1
28 7408 1
28 3313 1
28 22258 1
28 19703 1
28 5881 1
28 17148 1
28 11477 1
28 18688 1
28 20227 1
28 2309 1
28 19718 1
28 14088 2
28 18185 2
28 4364 7
28 6786 1
28 15119 1
28 21264 1
28 12760 1
28 2179 2
28 1812 1
28 1838 1
28 2327 1
28 3353 1
28 7451 1
28 19740 1
28 8989 1
28 4385 2
28 5681 1
28 2348 1
28 18222 1
28 7471 1
28 18225 1
28 19764 2
28 8502 1
28 21305 2
28 11579 1
28 11580 1
28 906 2
28 16190 2
28 20418 1
28 10464 7
28 4235 1
28 22295 1
28 7768 1
28 13129 1
28 16804 1
28 12625 2
28 10467 4
28 3925 1
28 4438 1
28 2873 2
28 4440 2
28 6489 1
28 14682 1
28 1167 2
28 861 2
28 7397 1
28 22369 2
28 19816 1
28 5994 1
28 15723 1
28 364 1
28 22418 3
28 15216 2
28 5489 1
28 10643 1
28 7546 1
28 11708 1
28 2944 1
28 13697 1
28 16772 1
28 2949 1
28 16774 1
28 1415 1
28 904 1
28 16414 1
28 9069 1
28 3552 3
28 20882 1
28 16787 3
28 8086 2
28 11672 1
28 7582 1
28 20384 1
28 7920 1
28 4002 2
28 14243 1
28 11684 7
28 20389 1
28 7409 1
28 5551 1
28 7600 1
28 4019 2
28 3508 2
28 1844 3
28 7241 1
28 1465 4
28 3515 3
28 19900 1
28 11709 1
28 4542 1
28 22464 4
28 7584 1
28 11714 3
28 19907 1
28 4038 1
28 3528 1
28 1482 1
28 15820 1
28 16845 1
28 9167 2
28 17872 3
28 1496 2
28 17881 3
28 591 1
28 18911 4
28 19424 1
28 15329 1
28 9186 1
28 21841 2
28 12782 1
28 680 1
28 3058 2
28 3060 2
28 16373 2
28 16890 1
28 16891 1
28 6652 1
28 12799 4
29 12288 1
29 9729 1
29 7683 1
29 13316 2
29 8193 1
29 16911 1
29 22032 3
29 19478 1
29 22551 3
29 20505 1
29 11292 1
29 20314 1
29 16426 1
29 22571 1
29 8749 2
29 8238 2
29 22182 1
29 16434 1
29 9139 1
29 3636 1
29 12342 1
29 14391 1
29 9157 1
29 13884 2
29 3134 1
29 15432 1
29 11850 1
29 11851 1
29 13389 2
29 10300 1
29 592 1
29 21586 2
29 18005 1
29 9816 1
29 7777 2
29 3171 2
29 18022 1
29 16998 3
29 15266 1
29 4717 1
29 22133 1
29 4217 1
29 635 1
29 7296 1
29 6787 1
29 133 2
29 648 1
29 15499 1
29 857 1
29 1167 2
29 5264 2
29 1169 1
29 11418 1
29 14493 1
29 20127 1
29 11429 1
29 21845 1
29 10408 1
29 4267 1
29 16049 2
29 19595 1
29 5301 1
29 12471 1
29 11449 2
29 11962 1
29 19133 2
29 7870 1
29 14016 1
29 14033 1
29 8143 1
29 2394 1
29 10975 2
29 15584 1
29 12799 2
29 6375 1
29 10985 1
29 7408 2
29 1266 3
29 15096 2
29 16121 1
29 1275 1
29 7637 1
29 14081 1
29 2309 2
29 2313 1
29 17162 1
29 267 1
29 8461 1
29 15119 1
29 4884 1
29 18197 1
29 16431 1
29 8989 2
29 13445 1
29 8993 1
29 21794 3
29 1415 1
29 21295 2
29 6961 1
29 15666 1
29 1844 2
29 21305 1
29 12602 1
29 15754 1
29 9022 1
29 21311 1
29 1857 1
29 20291 1
29 20292 1
29 21831 1
29 5448 1
29 7498 1
29 14668 1
29 19938 1
29 12110 1
29 3919 1
29 12624 1
29 18769 1
29 19794 1
29 11604 1
29 14677 2
29 6489 2
29 14682 1
29 16224 2
29 19814 1
29 16123 1
29 873 1
29 19346 1
29 13682 1
29 12816 1
29 1399 1
29 10644 1
29 9082 1
29 6012 1
29 6014 3
29 14721 1
29 18819 1
29 16775 1
29 2442 1
29 9069 1
29 22418 2
29 9108 1
29 12800 1
29 7069 1
29 4000 2
29 4002 3
29 18162 1
29 6066 1
29 17331 1
29 1460 1
29 9146 1
29 11709 1
29 22464 1
29 11714 4
29 17349 1
29 13255 1
29 15817 1
29 12746 1
29 16333 2
29 9167 1
29 19408 1
29 9170 1
29 4053 1
29 9687 1
29 22181 1
29 14306 1
29 9187 1
29 16869 1
29 14673 4
29 15856 2
29 17395 1
29 3060 1
29 11771 2
29 6652 1
29 7765 1
30 12288 1
30 22368 1
30 17067 1
30 13316 1
30 6153 5
30 6154 1
30 10763 1
30 20494 2
30 21523 1
30 22551 4
30 9753 1
30 19482 1
30 19802 1
30 15903 1
30 548 1
30 8236 1
30 10798 1
30 7179 1
30 9777 1
30 17971 1
30 6787 1
30 12342 1
30 10812 1
30 7741 2
30 10814 5
30 13887 1
30 7745 3
30 12354 1
30 20547 2
30 7749 3
30 15432 1
30 1609 2
30 12471 1
30 21586 1
30 17763 1
30 18005 5
30 18528 1
30 19555 1
30 16998 1
30 3176 1
30 1895 2
30 3182 1
30 275 1
30 21621 1
30 15994 1
30 14462 2
30 128 2
30 130 3
30 131 5
30 15494 1
30 6791 2
30 13961 1
30 15499 2
30 19599 1
30 1168 1
30 16023 1
30 10407 3
30 10408 3
30 683 1
30 17068 2
30 14509 1
30 4319 1
30 3759 1
30 11444 2
30 3255 9
30 11449 3
30 19131 2
30 21692 1
30 19133 3
30 4799 1
30 21696 3
30 18625 2
30 15046 1
30 2251 1
30 8400 1
30 5841 1
30 2770 1
30 11477 1
30 11482 1
30 7802 1
30 10974 1
30 4831 1
30 7904 1
30 7906 1
30 17635 1
30 10985 1
30 1258 1
30 15084 1
30 3313 6
30 18162 1
30 5246 1
30 22262 1
30 8449 1
30 4867 2
30 4868 1
30 15621 7
30 7432 2
30 3340 1
30 8579 1
30 8238 1
30 4493 1
30 21795 1
30 6436 2
30 19246 1
30 12081 2
30 20277 1
30 9527 1
30 21305 3
30 10555 1
30 7477 1
30 1345 1
30 17218 2
30 1163 1
30 15175 3
30 15671 1
30 9442 1
30 909 3
30 12625 3
30 15190 1
30 2873 1
30 6489 1
30 14682 6
30 18267 2
30 15710 1
30 11104 1
30 7011 1
30 13159 2
30 13161 3
30 874 1
30 7531 1
30 9069 1
30 15218 1
30 11635 1
30 12153 1
30 7743 1
30 17790 1
30 17791 1
30 14721 1
30 1922 1
30 12675 1
30 13889 1
30 395 1
30 7564 1
30 16706 1
30 910 2
30 13199 1
30 21392 1
30 22418 2
30 8964 1
30 919 1
30 15258 7
30 13723 1
30 7237 1
30 7409 1
30 7595 1
30 6576 1
30 18357 1
30 7095 1
30 8636 1
30 11709 1
30 14046 1
30 11714 1
30 4550 1
30 17353 1
30 4599 1
30 9167 1
30 464 1
30 7634 2
30 7635 1
30 7124 1
30 3647 1
30 4061 1
30 10206 1
30 1141 1
30 19939 1
30 7655 1
30 1002 1
30 11760 2
30 7154 1
30 5623 2
30 18426 1
30 6651 1
31 12288 1
31 21652 1
31 19460 2
31 4438 1
31 7694 1
31 22557 1
31 18267 1
31 4647 2
31 861 1
31 1074 1
31 13881 1
31 10814 1
31 9791 1
31 7744 1
31 1604 1
31 11846 1
31 19019 1
31 15436 1
31 13389 1
31 18005 2
31 5207 1
31 1627 1
31 12892 1
31 7952 1
31 19553 1
31 3171 1
31 21617 1
31 19572 1
31 1141 3
31 5246 1
31 13951 1
31 14981 1
31 646 1
31 6791 1
31 5259 1
31 19599 1
31 13969 2
31 15508 1
31 16023 4
31 4762 4
31 13979 1
31 14497 1
31 9918 1
31 4799 1
31 14016 1
31 8387 2
31 11461 1
31 20877 1
31 13516 1
31 2765 1
31 11478 1
31 6622 1
31 7897 1
31 12510 1
31 21727 1
31 10464 1
31 8421 1
31 2278 1
31 7399 1
31 22252 1
31 17647 2
31 18162 1
31 19582 1
31 248 1
31 15609 1
31 8954 1
31 14975 2
31 15615 1
31 8449 1
31 15621 2
31 7432 1
31 2348 2
31 4364 1
31 21264 1
31 2835 1
31 18197 1
31 21782 2
31 17688 1
31 7963 1
31 8989 1
31 20256 1
31 1827 1
31 3369 1
31 19244 1
31 1844 1
31 10974 1
31 2873 1
31 16706 3
31 5960 1
31 15177 1
31 17227 1
31 8013 2
31 3981 1
31 12625 1
31 14677 2
31 15190 3
31 6489 1
31 15707 1
31 11100 1
31 11101 1
31 1375 1
31 22368 1
31 22369 1
31 7010 1
31 3940 1
31 10597 1
31 4454 1
31 1895 1
31 8043 1
31 7570 1
31 12654 1
31 5489 1
31 3954 1
31 10102 1
31 3220 1
31 13887 1
31 11135 1
31 8579 1
31 3460 1
31 14725 1
31 7564 1
31 909 1
31 910 1
31 4496 1
31 22418 2
31 12188 1
31 7584 1
31 15266 1
31 11931 1
31 15791 1
31 1465 1
31 11708 1
31 1469 1
31 11714 3
31 13255 1
31 15817 1
31 15308 1
31 9167 1
31 9684 1
31 10206 1
31 19939 1
31 3561 2
31 7155 1
31 5623 2
31 4602 1
31 9211 1
32 12288 1
32 4610 1
32 19460 1
32 1366 1
32 6153 1
32 6155 1
32 16911 1
32 17424 1
32 11793 1
32 11282 1
32 19478 1
32 12311 1
32 15400 1
32 3626 2
32 22571 1
32 6189 1
32 20526 1
32 3631 1
32 3636 1
32 19004 1
32 6718 1
32 12354 1
32 19016 1
32 7755 2
32 21586 1
32 9816 1
32 22459 1
32 16998 1
32 3175 2
32 12394 1
32 21613 1
32 2578 1
32 15994 1
32 7293 1
32 14975 1
32 13952 1
32 19588 1
32 19598 1
32 3220 1
32 8342 1
32 16023 1
32 13467 1
32 11932 1
32 20642 1
32 4263 1
32 22188 1
32 9901 1
32 698 1
32 19133 1
32 7870 1
32 20256 1
32 15558 1
32 7380 1
32 13532 1
32 10975 1
32 14562 1
32 12009 1
32 17789 1
32 6384 1
32 19187 1
32 22262 1
32 11511 1
32 19198 1
32 4868 2
32 7433 1
32 2836 1
32 15128 1
32 19740 1
32 14621 1
32 17184 1
32 801 1
32 10545 1
32 15666 1
32 10035 1
32 20277 1
32 14646 1
32 21305 1
32 21818 1
32 17214 1
32 21824 1
32 19777 1
32 16706 1
32 3468 1
32 12110 1
32 3920 1
32 12625 2
32 14677 2
32 4438 1
32 2394 1
32 17763 2
32 14180 1
32 19814 1
32 10601 1
32 9069 1
32 1393 1
32 3954 1
32 11636 1
32 13174 1
32 10103 2
32 9645 1
32 5499 1
32 1917 1
32 7564 1
32 22418 2
32 409 1
32 22426 1
32 13723 1
32 12700 1
32 4509 1
32 17823 1
32 21147 1
32 22442 1
32 16301 1
32 19382 1
32 1979 1
32 11708 1
32 1469 1
32 7617 1
32 21446 1
32 14283 1
32 15310 1
32 9167 3
32 9684 1
32 14807 1
32 17890 1
32 19939 1
32 15667 1
32 16367 1
32 15190 1
32 6652 1
32 15869 1
33 12288 2
33 12800 1
33 19460 2
33 9733 1
33 19462 1
33 12816 1
33 16916 1
33 22551 1
33 13849 1
33 22571 1
33 16431 1
33 21040 1
33 8753 1
33 14898 1
33 3636 1
33 11832 1
33 20026 1
33 10300 1
33 20234 1
33 3134 1
33 11846 1
33 7777 1
33 17000 1
33 8779 1
33 13388 1
33 11855 1
33 20560 4
33 21586 6
33 13912 2
33 3161 1
33 5210 1
33 20573 1
33 3679 1
33 10337 1
33 7781 2
33 9831 1
33 21608 1
33 21617 2
33 21620 1
33 10357 1
33 8553 1
33 19580 1
33 13440 1
33 130 1
33 131 1
33 1669 1
33 17030 1
33 3720 1
33 13453 1
33 6809 1
33 5278 1
33 17060 1
33 18086 1
33 10408 1
33 11954 2
33 11955 1
33 12471 1
33 2744 1
33 11449 1
33 1745 1
33 12481 1
33 4294 1
33 19149 1
33 1744 1
33 20689 1
33 19155 1
33 19672 2
33 5337 1
33 14046 1
33 21727 1
33 10464 1
33 6375 6
33 12009 2
33 3313 3
33 1266 1
33 5929 1
33 16120 1
33 12026 1
33 19716 1
33 18185 3
33 16650 1
33 4364 3
33 4877 1
33 4879 2
33 12048 3
33 12049 1
33 4886 2
33 19737 2
33 11547 1
33 8989 1
33 14725 1
33 20256 1
33 8993 1
33 3206 1
33 19238 1
33 18215 1
33 11049 1
33 14645 1
33 12600 1
33 5841 1
33 17212 1
33 16704 1
33 17218 1
33 10721 1
33 6984 2
33 17228 1
33 18766 1
33 3919 1
33 12625 2
33 4438 1
33 14682 3
33 22369 2
33 5993 1
33 7018 2
33 21878 1
33 4988 1
33 9600 1
33 16773 1
33 15751 1
33 15752 1
33 3991 1
33 7069 1
33 4000 2
33 9121 1
33 15266 1
33 4003 3
33 15273 2
33 21931 1
33 11080 1
33 19382 1
33 1465 1
33 11708 1
33 8638 1
33 11714 1
33 15820 1
33 8655 1
33 17872 1
33 15317 1
33 6614 1
33 20303 1
33 10205 1
33 592 1
33 19938 1
33 10723 1
33 21841 1
33 11760 1
33 19441 1
33 18420 1
33 6137 1
34 12800 1
34 12288 1
34 19460 2
34 14986 1
34 10763 2
34 12816 4
34 13331 1
34 19476 1
34 3758 1
34 535 3
34 13848 1
34 9241 1
34 22557 1
34 2078 3
34 15903 3
34 20519 1
34 11186 1
34 12852 1
34 12343 1
34 8764 1
34 13885 2
34 13887 3
34 15939 1
34 11850 5
34 13389 1
34 9809 1
34 15954 1
34 9816 1
34 5210 1
34 15963 1
34 17424 1
34 18532 1
34 12390 1
34 18022 2
34 9832 1
34 21609 1
34 15981 1
34 11887 1
34 11894 1
34 22463 2
34 5141 1
34 9152 1
34 8043 1
34 5764 1
34 17030 1
34 7303 2
34 21641 1
34 7306 1
34 14475 1
34 16012 1
34 14477 1
34 20112 1
34 2755 1
34 20119 1
34 21146 1
34 3227 1
34 21606 1
34 602 1
34 19398 1
34 6826 2
34 6828 2
34 6830 1
34 4894 2
34 3258 1
34 19133 1
34 7870 1
34 21696 1
34 11969 1
34 11459 1
34 11461 1
34 13514 1
34 21195 1
34 21197 1
34 3277 1
34 6865 1
34 7892 1
34 7897 1
34 4303 1
34 4831 1
34 18144 1
34 20177 1
34 745 1
34 1266 2
34 2003 1
34 17143 1
34 18174 1
34 14592 2
34 17025 1
34 15624 1
34 13066 2
34 4364 3
34 15119 1
34 7952 1
34 22297 1
34 8988 1
34 4382 1
34 8992 1
34 7471 3
34 7475 1
34 1844 3
34 9268 1
34 6970 1
34 7485 4
34 8511 1
34 13632 1
34 20384 2
34 17225 1
34 20300 1
34 20303 1
34 11604 1
34 14677 2
34 2873 1
34 18267 1
34 3421 1
34 15710 2
34 1375 1
34 22369 4
34 19814 1
34 3943 1
34 5995 1
34 9069 3
34 20285 2
34 15216 2
34 13459 1
34 12663 2
34 18809 1
34 4986 2
34 1257 1
34 14545 1
34 16771 1
34 1415 1
34 10120 1
34 7575 1
34 10636 1
34 7055 1
34 1426 2
34 7063 1
34 4000 1
34 5552 1
34 15281 1
34 8626 1
34 5875 1
34 6075 1
34 8636 3
34 10244 1
34 16373 1
34 15808 1
34 8641 1
34 11714 1
34 11766 2
34 4038 1
34 3916 1
34 15819 1
34 20429 1
34 9167 1
34 7633 1
34 13451 1
34 7635 1
34 9684 1
34 9686 1
34 14807 1
34 8666 1
34 10206 1
34 18911 1
34 3553 1
34 12261 1
34 3564 1
34 21586 3
34 11760 2
34 3060 1
34 3061 1
34 14474 1
34 4599 1
34 4601 1
34 6652 2
34 12799 2
35 15616 1
35 3201 1
35 8706 1
35 5867 1
35 4868 1
35 11909 1
35 17286 1
35 16193 1
35 4364 1
35 15117 1
35 13677 1
35 14509 1
35 22418 1
35 5307 1
35 19478 1
35 8988 1
35 22557 2
35 15903 1
35 7584 1
35 15266 1
35 6694 1
35 10407 3
35 10280 1
35 16301 2
35 8797 1
35 19760 1
35 1074 1
35 12341 1
35 12471 1
35 9247 1
35 4986 1
35 15808 3
35 7617 2
35 22464 1
35 20269 1
35 2359 1
35 10636 1
35 11851 1
35 13516 1
35 13389 2
35 9167 1
35 18128 1
35 12625 1
35 14677 1
35 13398 1
35 12026 1
35 9816 1
35 6489 1
35 15709 1
35 6622 1
35 17184 1
35 9424 1
35 15971 1
35 9831 1
35 13799 1
35 21613 2
35 15216 1
35 8568 1
35 5625 1
35 2834 1
35 13435 1
35 2812 1
35 9469 1
35 3413 1
