1 14081 1
1 4868 1
1 13834 1
1 4364 2
1 6413 1
1 1681 1
1 2450 1
1 14489 1
1 7087 1
1 20255 1
1 22186 1
1 300 1
1 15534 1
1 21295 1
1 4019 1
1 19124 1
1 1844 1
1 19900 1
1 19133 1
1 12734 1
1 13252 2
1 20427 1
1 20429 1
1 4432 1
1 21586 4
1 14677 1
1 21305 1
1 15448 2
1 18905 1
1 8797 1
1 21613 2
1 18030 1
1 4208 1
1 1141 1
2 2309 2
2 17162 1
2 21613 1
2 22418 1
2 19347 2
2 7451 1
2 5951 1
2 18978 1
2 7715 1
2 5932 1
2 12471 1
2 21305 1
2 5818 1
2 19900 1
2 19133 1
2 5567 1
2 2243 1
2 13771 1
2 6732 1
2 20429 1
2 4942 1
2 9167 3
2 18851 1
2 14677 2
2 10073 1
2 13404 1
2 14301 1
2 7903 1
2 12390 1
2 7996 1
2 364 1
2 9069 1
2 10357 1
2 14456 1
2 6847 1
2 2173 1
3 5888 1
3 9729 1
3 12930 1
3 2308 1
3 2309 2
3 18049 1
3 10510 1
3 22032 2
3 3395 1
3 19348 1
3 13848 1
3 17435 1
3 10012 1
3 798 1
3 18181 1
3 20384 1
3 15651 1
3 11684 1
3 10545 1
3 22186 1
3 3374 1
3 22442 2
3 12081 1
3 19124 2
3 12471 1
3 12089 1
3 9918 1
3 21824 1
3 19907 1
3 3396 1
3 16584 1
3 13516 2
3 12746 2
3 6732 2
3 4942 1
3 9167 1
3 7633 2
3 16340 1
3 14677 2
3 13398 1
3 3641 1
3 13912 1
3 17892 1
3 22030 1
3 8797 1
3 7903 1
3 14469 1
3 21473 1
3 1763 1
3 19392 1
3 20329 1
3 16788 1
3 12779 1
3 9072 1
3 12659 1
3 12277 1
3 4884 1
3 8425 1
3 20564 1
3 3837 1
4 8195 1
4 13316 2
4 1285 2
4 8641 1
4 6920 1
4 11714 2
4 7952 2
4 7313 1
4 2179 1
4 13078 1
4 7451 1
4 22557 1
4 9247 1
4 18978 2
4 13979 1
4 17188 1
4 21470 1
4 7516 1
4 22442 1
4 4267 1
4 2348 1
4 21295 2
4 2870 1
4 19124 2
4 7477 1
4 16054 1
4 7095 1
4 3130 2
4 18463 1
4 22462 1
4 1589 1
4 11969 1
4 12354 1
4 9035 1
4 3396 1
4 1334 2
4 9033 1
4 20427 1
4 6732 1
4 13532 2
4 9167 5
4 21586 1
4 21843 1
4 14677 1
4 599 1
4 9563 1
4 20794 1
4 20445 1
4 10206 1
4 16610 1
4 3943 1
4 13412 1
4 1681 2
4 5867 1
4 492 1
4 498 1
4 17012 1
4 13174 1
4 5306 1
4 7160 1
4 4217 1
4 6847 1
4 5884 1
4 18046 1
5 897 1
5 15618 1
5 2307 1
5 7180 1
5 22032 4
5 4881 1
5 5394 1
5 19347 1
5 21525 1
5 12441 1
5 5915 1
5 5276 1
5 22557 4
5 7968 1
5 10011 1
5 7644 1
5 9901 1
5 5806 2
5 5040 1
5 8376 1
5 2873 2
5 8636 1
5 5565 1
5 9918 1
5 2239 1
5 8641 1
5 7877 1
5 7370 1
5 13516 2
5 5838 1
5 4303 1
5 21586 1
5 1369 1
5 11471 1
5 21980 1
5 16733 1
5 10206 1
5 8549 1
5 364 1
5 21613 1
5 18289 1
5 7870 1
5 19582 1
6 12162 2
6 12163 1
6 21898 1
6 8706 1
6 14992 1
6 16915 1
6 916 2
6 19349 1
6 9035 1
6 15773 1
6 1827 1
6 549 1
6 20519 1
6 22571 1
6 21295 1
6 2224 1
6 10552 1
6 13242 1
6 5565 1
6 5567 1
6 21699 1
6 12746 1
6 20427 1
6 13389 1
6 9167 2
6 9424 1
6 21586 2
6 9171 1
6 6741 1
6 8026 1
6 4303 1
6 8797 2
6 2918 1
6 2025 1
6 6378 1
6 8556 1
6 9170 1
6 15991 1
6 4601 1
6 8570 2
6 8511 1
6 14677 1
7 18946 1
7 13316 1
7 16268 1
7 10510 1
7 3629 1
7 5394 1
7 16661 1
7 22551 2
7 11672 1
7 2308 1
7 17435 3
7 22557 1
7 545 1
7 8229 1
7 8236 1
7 14509 1
7 16814 1
7 14301 1
7 8753 1
7 15666 1
7 21305 1
7 5306 1
7 8636 1
7 20285 2
7 9022 1
7 19519 1
7 8641 2
7 12354 1
7 1099 1
7 3493 1
7 9034 1
7 13771 1
7 5838 1
7 4304 1
7 21586 1
7 5590 2
7 22457 1
7 5565 1
7 13532 1
7 8797 1
7 2911 1
7 7392 1
7 2273 1
7 18022 1
7 19133 1
7 14448 1
7 498 1
7 9918 3
7 3702 1
7 4217 1
7 2173 1
8 15216 1
8 19460 1
8 2309 1
8 7303 2
8 4432 1
8 13452 1
8 3629 1
8 7768 1
8 10011 1
8 1765 1
8 13776 1
8 11672 1
8 21657 1
8 13979 1
8 20384 1
8 15102 1
8 15139 1
8 19238 1
8 9513 1
8 967 1
8 4012 1
8 9901 1
8 8751 1
8 4785 1
8 1076 1
8 3636 2
8 10206 1
8 12670 1
8 15448 1
8 19124 1
8 21295 1
8 16373 1
8 5565 1
8 1141 1
8 18114 1
8 14677 1
8 20167 1
8 6732 1
8 3914 1
8 20427 1
8 15820 1
8 12110 1
8 17435 2
8 6773 1
8 4364 1
8 21845 1
8 5591 2
8 22232 1
8 4623 1
8 16092 1
8 14046 1
8 18911 1
8 592 2
8 3943 1
8 16998 1
8 742 1
8 22119 1
8 6760 1
8 4969 1
8 18267 1
8 8043 2
8 9069 1
8 19133 1
8 9072 1
8 703 1
8 18174 1
8 2166 1
8 11385 1
8 11771 1
8 15210 1
8 6142 1
8 12799 1
9 17162 1
9 13316 1
9 8838 1
9 7303 1
9 7306 1
9 14509 1
9 13388 1
9 8209 1
9 3943 1
9 16661 1
9 10390 1
9 10775 1
9 18841 1
9 13978 1
9 10011 1
9 12188 1
9 8989 1
9 17996 1
9 17435 1
9 11850 1
9 6693 1
9 9895 1
9 21161 1
9 22571 1
9 3629 2
9 22557 1
9 18736 2
9 12471 1
9 20155 1
9 19900 1
9 17674 1
9 9918 1
9 8641 1
9 9543 1
9 15817 1
9 9034 1
9 6732 1
9 855 1
9 13912 1
9 12891 1
9 15820 1
9 5863 1
9 6760 1
9 489 1
9 5867 1
9 7343 1
9 18030 2
9 15818 1
9 5276 1
9 12659 1
9 9351 1
9 18921 1
9 8605 1
9 21980 1
9 10365 1
10 16131 1
10 13316 1
10 11909 1
10 646 1
10 9167 1
10 15534 1
10 22188 1
10 13452 1
10 3629 1
10 19096 1
10 13458 1
10 20739 1
10 1044 1
10 14574 1
10 17432 1
10 15855 1
10 12700 3
10 8837 1
10 4263 1
10 21161 1
10 15751 1
10 15660 2
10 9901 1
10 13389 2
10 2351 3
10 18736 1
10 5554 1
10 1076 1
10 10889 1
10 21305 1
10 19900 1
10 19133 1
10 7870 1
10 831 2
10 9543 2
10 19401 1
10 15818 1
10 14583 1
10 13388 2
10 19405 1
10 13901 1
10 11600 1
10 9170 1
10 19796 1
10 14677 1
10 9558 1
10 855 1
10 13912 1
10 12891 1
10 7776 1
10 3171 4
10 15845 1
10 21606 1
10 18030 1
10 11645 2
10 4081 1
10 2166 1
10 3113 2
10 9684 1
10 19578 1
10 15869 1
11 1280 1
11 19584 1
11 13316 1
11 646 2
11 5000 2
11 10889 1
11 5643 1
11 7180 1
11 7313 1
11 917 1
11 10775 1
11 925 2
11 17184 1
11 12716 1
11 7854 1
11 7471 1
11 20914 1
11 19124 1
11 20026 1
11 10043 1
11 19900 1
11 5565 1
11 8766 1
11 4161 1
11 19907 1
11 9543 1
11 3528 1
11 15817 1
11 13388 2
11 17997 1
11 14798 1
11 14677 1
11 9047 1
11 12891 1
11 10298 1
11 6760 2
11 6761 2
11 8043 1
11 22252 1
11 9069 1
11 15855 1
11 17395 1
11 6846 1
11 15864 1
11 8188 2
11 17877 1
12 7937 1
12 7938 1
12 5867 1
12 13316 2
12 10890 1
12 15903 1
12 15660 1
12 7306 1
12 9867 1
12 13452 1
12 13838 1
12 15512 1
12 22572 1
12 920 1
12 4868 1
12 13979 1
12 17183 1
12 7584 1
12 10096 1
12 12081 1
12 683 1
12 9388 1
12 3629 2
12 7471 1
12 15664 1
12 9777 2
12 16434 1
12 12212 2
12 3633 1
12 10365 1
12 3127 1
12 12602 1
12 16159 1
12 5565 2
12 5306 1
12 10357 1
12 12209 1
12 12354 1
12 9543 2
12 18248 1
12 4364 1
12 5623 1
12 13388 1
12 5325 1
12 9167 1
12 9169 1
12 4818 1
12 19204 1
12 11992 1
12 17881 1
12 21850 1
12 12891 1
12 13532 1
12 10205 1
12 22368 1
12 2273 1
12 2914 1
12 5755 1
12 7396 1
12 6760 3
12 21097 1
12 9895 3
12 9069 1
12 18030 1
12 22589 1
12 15216 1
12 13516 1
12 12151 1
12 20044 1
12 1141 1
12 15855 1
12 18295 1
12 632 1
12 18042 1
12 18683 1
12 8188 1
12 12471 1
13 12288 1
13 3009 1
13 8195 1
13 13316 1
13 18182 1
13 11969 2
13 19721 1
13 17291 1
13 3629 1
13 22032 1
13 20626 1
13 19348 1
13 918 1
13 6551 1
13 6680 1
13 1564 1
13 16926 1
13 672 1
13 21794 5
13 12891 1
13 9895 1
13 12700 1
13 22186 1
13 9607 2
13 15660 1
13 9389 1
13 14895 1
13 9777 1
13 3638 1
13 10040 1
13 7870 1
13 9791 1
13 7776 1
13 2243 1
13 4037 1
13 15432 1
13 12746 1
13 13388 1
13 12878 1
13 17872 1
13 16800 1
13 11385 1
13 12888 2
13 18394 1
13 18267 1
13 10972 1
13 18911 1
13 14176 1
13 19553 1
13 3171 1
13 19556 1
13 15845 1
13 8425 1
13 15850 1
13 4647 1
13 22385 1
13 18424 1
13 4601 1
13 18080 2
13 22442 1
13 13822 1
14 22108 1
14 4868 1
14 16776 1
14 17162 5
14 19723 1
14 7952 1
14 19347 1
14 2173 1
14 13316 1
14 8474 1
14 2715 1
14 1436 1
14 8989 1
14 9247 1
14 15522 1
14 4635 1
14 20260 1
14 12585 1
14 22186 1
14 5804 1
14 13389 1
14 7095 1
14 15903 1
14 15548 1
14 12354 1
14 4423 1
14 13388 1
14 9034 1
14 12343 1
14 6732 1
14 4429 1
14 15439 1
14 11600 1
14 8145 1
14 14677 1
14 13769 1
14 13404 1
14 8797 1
14 7646 1
14 22369 1
14 13412 1
14 7782 1
14 6503 1
14 5867 1
14 11887 1
14 21617 3
14 3954 1
14 17395 1
14 12916 1
14 22133 1
14 6774 1
14 8570 1
14 10410 1
14 5246 1
15 19715 1
15 13316 3
15 6791 1
15 19208 1
15 17162 1
15 13452 2
15 529 1
15 11672 1
15 15903 1
15 18081 1
15 3931 1
15 20519 1
15 8108 1
15 12589 1
15 17839 1
15 5425 1
15 17202 1
15 10934 1
15 7353 1
15 572 1
15 19274 1
15 22464 1
15 4161 1
15 18759 1
15 15817 1
15 9034 1
15 13516 1
15 15548 1
15 11603 1
15 16341 1
15 21851 1
15 13404 1
15 19938 1
15 8803 1
15 5863 1
15 18921 1
15 12910 1
15 13043 1
15 22133 1
15 4601 1
16 9984 1
16 13316 4
16 1542 1
16 16131 1
16 16406 1
16 16409 1
16 9244 1
16 15903 2
16 22572 1
16 8749 1
16 1076 1
16 17466 1
16 585 2
16 17485 1
16 15971 1
16 5204 1
16 12891 2
16 7776 1
16 22113 1
16 8803 1
16 2150 1
16 21617 1
16 633 2
16 15491 1
16 10262 1
16 14473 1
16 13453 1
16 19094 1
16 14999 1
16 13978 1
16 20643 1
16 22188 1
16 7342 1
16 22198 1
16 15548 2
16 18621 1
16 22272 1
16 13516 2
16 3288 1
16 12505 1
16 20699 1
16 7397 1
16 5867 1
16 15616 1
16 14081 1
16 19715 1
16 15117 1
16 2834 1
16 8473 1
16 8474 1
16 8325 1
16 21794 1
16 15660 1
16 2351 1
16 10545 1
16 17202 1
16 12091 1
16 16193 1
16 15170 1
16 14677 1
16 13145 1
16 1765 1
16 19816 1
16 8043 1
16 9069 1
16 18287 1
16 6000 1
16 20343 1
16 10731 1
16 7044 1
16 909 1
16 917 1
16 11672 2
16 15266 5
16 12209 1
16 15817 1
16 9167 1
16 4601 1
16 13273 1
16 18395 1
16 7644 1
16 14301 1
16 10219 1
16 15855 2
16 1526 1
16 15864 1
16 22100 1
17 2178 2
17 1413 1
17 8585 1
17 17162 1
17 1163 1
17 19094 1
17 20125 1
17 11806 1
17 10912 1
17 545 1
17 2856 1
17 1111 1
17 14509 1
17 22557 1
17 15666 1
17 21687 1
17 12091 1
17 19900 1
17 7690 1
17 22340 1
17 11974 1
17 13255 1
17 6732 2
17 9034 1
17 18295 1
17 17484 2
17 9167 2
17 14677 2
17 15609 1
17 9050 1
17 13532 1
17 21733 1
17 22119 1
17 5867 1
17 21617 1
17 21107 1
17 19350 1
17 11895 1
17 12153 1
17 5498 1
17 15102 1
18 14689 1
18 15266 1
18 20262 1
18 1959 1
18 10408 2
18 20427 1
18 20882 1
18 20014 1
18 18191 1
18 14135 1
18 178 1
18 14677 2
18 15953 1
18 22553 1
18 12888 1
18 11385 1
18 9050 1
18 6459 1
18 7303 1
18 10365 1
18 12671 1
19 12288 1
19 15616 1
19 11909 1
19 897 1
19 15752 1
19 7952 1
19 19091 1
19 19094 1
19 20519 1
19 7964 1
19 22557 2
19 15262 1
19 20260 1
19 6693 1
19 10407 1
19 13532 1
19 13440 1
19 19116 1
19 8749 1
19 16177 1
19 2994 1
19 14135 1
19 5306 1
19 12091 1
19 11714 1
19 11974 1
19 15432 1
19 9033 1
19 8906 1
19 6989 1
19 9167 1
19 12625 1
19 9684 1
19 7644 1
19 6367 1
19 8810 2
19 11815 1
19 364 1
19 13937 1
19 1266 1
19 21980 1
19 6506 1
20 15616 1
20 7937 1
20 7938 1
20 13316 1
20 646 1
20 11913 1
20 8556 1
20 909 1
20 910 1
20 7960 4
20 15811 1
20 4625 1
20 3246 1
20 14743 1
20 15512 1
20 7963 2
20 413 1
20 9246 1
20 547 1
20 5924 1
20 6693 1
20 18086 1
20 1959 3
20 13532 1
20 19096 2
20 22188 1
20 8749 2
20 2990 1
20 7471 1
20 432 1
20 13617 1
20 14135 1
20 10552 1
20 13242 1
20 12091 2
20 6847 1
20 15808 1
20 8387 1
20 1092 1
20 10566 1
20 15432 1
20 20429 1
20 6989 1
20 6864 1
20 9684 1
20 6741 1
20 9047 1
20 21980 1
20 186 1
20 22368 1
20 2278 1
20 2407 1
20 7148 1
20 7463 1
20 22252 2
20 10365 2
20 11632 1
20 13459 1
20 1141 1
20 5306 1
20 3626 1
20 10366 1
20 14677 2
21 15616 1
21 2179 1
21 13316 1
21 10262 1
21 19718 1
21 11913 2
21 19723 1
21 13452 1
21 7055 1
21 5017 1
21 15508 3
21 19349 1
21 19094 1
21 12505 1
21 7960 2
21 13081 1
21 5019 1
21 8352 1
21 7963 2
21 15660 2
21 16302 1
21 5551 1
21 4016 1
21 9526 1
21 10889 1
21 12091 1
21 12350 1
21 831 1
21 14016 1
21 16583 1
21 15432 1
21 15817 1
21 15820 1
21 2351 1
21 7897 1
21 21723 1
21 19460 1
21 18911 1
21 7777 1
21 7010 1
21 4601 1
22 7040 1
22 8964 1
22 15621 1
22 647 1
22 8108 1
22 17162 1
22 13452 2
22 11672 1
22 2834 1
22 917 1
22 10262 1
22 7960 2
22 13316 2
22 13466 1
22 7964 1
22 18181 1
22 15660 2
22 2351 1
22 17202 1
22 1076 1
22 17630 1
22 4534 1
22 6836 1
22 6837 1
22 15170 1
22 9398 1
22 18759 1
22 9033 1
22 12663 1
22 4429 1
22 12238 1
22 17872 1
22 8186 1
22 14301 1
22 12510 1
22 6114 1
22 15971 1
22 21557 1
22 8556 1
22 6000 1
22 21617 1
22 4727 1
22 4602 1
22 7039 1
22 19580 1
22 10495 1
23 1408 1
23 12673 1
23 15618 1
23 14135 1
23 13316 1
23 4486 1
23 2443 1
23 13452 1
23 910 1
23 18191 1
23 7952 1
23 19348 1
23 10262 1
23 7960 1
23 13978 1
23 9244 1
23 8605 1
23 4639 1
23 11815 1
23 10408 1
23 7644 1
23 15276 1
23 8749 1
23 8797 1
23 10545 3
23 7219 1
23 1076 1
23 7095 1
23 3130 2
23 10555 1
23 19900 2
23 10099 1
23 15808 2
23 12354 1
23 1803 1
23 2273 1
23 588 1
23 20427 1
23 6732 1
23 7650 1
23 6989 1
23 21586 1
23 9684 1
23 18393 1
23 9050 1
23 13532 2
23 5306 1
23 22368 2
23 11152 1
23 7010 1
23 7867 1
23 17892 1
23 743 1
23 8636 1
23 10097 1
23 3058 1
23 22557 1
23 7158 1
23 13950 1
24 15616 2
24 1280 1
24 15817 1
24 19588 1
24 5638 2
24 15751 1
24 11528 1
24 910 1
24 7313 1
24 4419 1
24 19348 1
24 11807 2
24 19094 1
24 22423 2
24 15512 1
24 21913 1
24 10269 1
24 9247 1
24 15266 1
24 6693 1
24 7463 1
24 10555 1
24 22186 1
24 22188 3
24 8749 1
24 10545 1
24 7219 1
24 12471 1
24 10552 1
24 1465 1
24 12091 1
24 8636 1
24 6847 1
24 7104 1
24 8771 1
24 19396 1
24 15432 1
24 9033 1
24 11850 1
24 20427 1
24 6732 2
24 6989 2
24 9684 3
24 6741 1
24 7897 1
24 21850 1
24 13147 1
24 21980 1
24 7392 1
24 6844 1
24 19900 1
24 15548 1
24 12010 1
24 5867 1
24 1329 1
24 2173 1
24 2416 1
24 4211 1
24 14751 1
24 4090 3
24 11771 1
24 5629 1
24 10366 1
24 18175 1
25 12288 1
25 3329 1
25 13316 1
25 8327 1
25 3201 1
25 16777 1
25 4364 1
25 14448 1
25 4497 1
25 11632 2
25 15508 1
25 11760 2
25 22423 1
25 18200 2
25 18841 2
25 16828 1
25 9884 1
25 13681 1
25 17825 1
25 13849 1
25 21797 1
25 10407 2
25 4649 1
25 3883 1
25 9901 2
25 16430 1
25 12345 1
25 20155 1
25 8892 1
25 11709 1
25 16190 1
25 3392 1
25 18528 1
25 11714 1
25 16835 1
25 22341 1
25 1852 1
25 11976 1
25 12151 1
25 588 2
25 15641 1
25 11672 1
25 11449 1
25 2136 1
25 18267 1
25 21980 4
25 21984 1
25 4451 1
25 16775 2
25 15620 1
25 13969 1
25 10300 1
25 12394 2
25 679 1
25 9069 2
25 13807 1
25 3568 1
25 3313 1
25 187 1
25 3702 1
25 12799 1
25 4601 1
25 19900 1
25 6652 1
25 10366 1
25 12927 2
26 12288 1
26 13316 2
26 4617 1
26 3629 1
26 8750 1
26 1076 1
26 12341 1
26 19553 1
26 1609 1
26 13388 1
26 13389 2
26 2136 1
26 18529 1
26 21094 1
26 9831 1
26 8810 1
26 21613 2
26 11887 1
26 19056 1
26 13937 1
26 17016 1
26 18042 1
26 12394 1
26 10366 2
26 19072 1
26 15808 1
26 6791 1
26 13449 1
26 13452 1
26 15512 1
26 10407 1
26 2220 1
26 11969 1
26 13516 1
26 9435 1
26 4831 2
26 740 1
26 22252 1
26 10365 2
26 1266 1
26 22262 1
26 12897 1
26 15616 1
26 7937 1
26 2834 1
26 10205 1
26 2348 1
26 19757 1
26 5935 1
26 12089 1
26 17211 1
26 22339 1
26 15457 1
26 17225 1
26 14677 1
26 14680 1
26 19289 1
26 7010 1
26 10555 1
26 11632 2
26 8569 1
26 12162 1
26 22418 1
26 916 2
26 21912 1
26 1947 1
26 12188 2
26 15266 1
26 11684 1
26 1959 1
26 5038 1
26 12209 1
26 13242 1
26 11709 1
26 22464 1
26 3009 1
26 6732 1
26 20429 1
26 9167 1
26 9170 1
26 9686 1
26 8153 1
26 14301 1
26 7147 1
26 5618 1
26 17398 1
26 15864 1
26 5119 1
27 14592 1
27 13316 1
27 7306 1
27 15117 1
27 910 1
27 16271 1
27 11280 1
27 15534 1
27 22426 1
27 11632 1
27 17188 1
27 20008 1
27 3113 1
27 22442 3
27 8749 1
27 2990 1
27 2351 1
27 22071 1
27 19900 1
27 8906 1
27 8641 1
27 12354 1
27 545 1
27 9034 1
27 6732 1
27 20429 1
27 11471 1
27 20878 1
27 13398 1
27 8153 1
27 22368 1
27 5863 1
27 9069 1
27 21613 1
27 15216 1
27 2166 1
28 14592 1
28 641 1
28 14595 1
28 15809 1
28 6153 1
28 15117 1
28 7952 1
28 2705 1
28 10775 1
28 12188 3
28 11807 2
28 2416 1
28 22442 4
28 16308 1
28 824 1
28 21305 2
28 8378 1
28 7483 1
28 8636 1
28 19133 2
28 8641 2
28 545 1
28 19016 1
28 13388 2
28 6732 1
28 9550 1
28 10452 1
28 6741 1
28 13398 1
28 6361 1
28 21851 1
28 7392 1
28 6000 1
28 1525 1
28 22262 1
28 12663 1
28 6776 1
28 5755 1
29 13316 1
29 11791 1
29 2064 1
29 13334 1
29 7451 1
29 4868 1
29 1562 1
29 1564 1
29 6687 2
29 20519 1
29 22571 1
29 21549 1
29 1076 1
29 12341 1
29 12345 1
29 20547 1
29 588 1
29 13389 2
29 592 1
29 593 1
29 13398 2
29 4695 1
29 20571 2
29 16479 1
29 19553 1
29 18030 4
29 5232 1
29 6773 1
29 5246 1
29 13445 1
29 6791 1
29 13388 1
29 17348 1
29 14493 1
29 13986 1
29 10011 1
29 3760 1
29 12471 1
29 19133 1
29 6847 1
29 4304 1
29 14033 1
29 5337 1
29 8421 1
29 21224 1
29 8425 1
29 5364 1
29 18174 1
29 5887 1
29 14592 1
29 14595 1
29 19204 2
29 2309 1
29 19718 1
29 19721 1
29 4364 2
29 8749 1
29 18197 1
29 11035 1
29 8988 1
29 8993 1
29 15660 1
29 5935 1
29 21305 2
29 21312 2
29 8013 1
29 4432 1
29 13673 1
29 8556 1
29 12151 1
29 8569 1
29 7036 1
29 12162 1
29 16771 1
29 21912 1
29 22442 5
29 20914 1
29 11714 1
29 16835 1
29 19396 2
29 6732 1
29 9169 1
29 10205 2
29 15864 1
29 4601 1
29 15869 1
30 11008 1
30 8449 1
30 14595 1
30 598 1
30 6791 2
30 7432 1
30 16777 1
30 18267 1
30 1163 1
30 22032 1
30 13841 1
30 4867 3
30 21652 1
30 917 2
30 17183 1
30 8993 1
30 18210 2
30 10915 2
30 15268 1
30 4601 1
30 20519 1
30 5929 1
30 12842 1
30 11335 1
30 22188 1
30 1906 1
30 14301 1
30 16946 1
30 12852 1
30 12341 1
30 12471 1
30 9174 1
30 21305 2
30 16223 1
30 7604 1
30 19133 2
30 19519 1
30 17163 1
30 7110 1
30 11719 1
30 20427 2
30 14592 1
30 1743 1
30 4945 1
30 21586 1
30 19411 1
30 15444 1
30 13398 4
30 6713 1
30 18569 1
30 5199 1
30 11612 1
30 8954 1
30 18911 1
30 7952 1
30 15461 1
30 16105 1
30 5994 1
30 907 1
30 20847 1
30 6770 1
30 2547 1
30 8425 1
30 10452 1
30 4602 1
30 13819 1
30 17790 1
31 14592 1
31 16641 1
31 15874 1
31 4867 1
31 13316 1
31 2309 1
31 19718 2
31 6791 1
31 18056 1
31 3082 1
31 11787 1
31 4364 1
31 14402 1
31 22032 1
31 19347 1
31 7829 1
31 4276 1
31 19607 1
31 1048 1
31 9034 1
31 14235 1
31 14492 1
31 19994 1
31 588 1
31 15216 1
31 16547 1
31 16385 1
31 19238 1
31 20519 1
31 22442 6
31 12288 1
31 9033 1
31 17202 2
31 20554 1
31 906 1
31 12471 3
31 9784 1
31 21305 1
31 698 1
31 12091 1
31 19900 1
31 19133 1
31 3812 1
31 1076 1
31 13249 1
31 18304 1
31 20547 4
31 20292 1
31 12360 1
31 6732 2
31 11850 1
31 7095 1
31 13388 2
31 22443 1
31 16462 1
31 548 1
31 16848 1
31 12625 1
31 9170 1
31 14807 2
31 18049 1
31 7780 1
31 7258 1
31 10205 1
31 10206 1
31 11008 2
31 19939 1
31 7908 1
31 21605 1
31 14033 1
31 22121 1
31 7897 1
31 7463 1
31 907 1
31 6254 1
31 18287 1
31 3184 1
31 625 1
31 2835 1
31 9214 1
31 16374 1
31 9831 1
31 13819 1
31 19582 1
32 4867 1
32 18948 1
32 13445 1
32 19718 2
32 7432 1
32 7433 1
32 4364 2
32 5776 1
32 9617 1
32 22418 1
32 2307 1
32 19349 1
32 19478 1
32 7236 1
32 15771 1
32 18847 1
32 16804 1
32 6790 1
32 20519 1
32 22442 2
32 14123 1
32 15660 2
32 10927 1
32 19248 1
32 22024 1
32 16308 1
32 12471 1
32 22200 1
32 21305 1
32 10555 1
32 8636 1
32 19133 1
32 12350 1
32 1076 1
32 14176 1
32 22340 1
32 13174 1
32 15432 1
32 12746 1
32 6732 3
32 16462 2
32 1744 1
32 21608 1
32 3536 1
32 6741 1
32 13398 2
32 15704 1
32 6361 1
32 18267 1
32 16479 2
32 7776 1
32 18911 1
32 9954 1
32 13459 1
32 5864 1
32 551 1
32 15855 1
32 360 1
32 4723 1
32 16373 1
32 1526 1
32 2348 1
32 4601 1
32 15615 1
32 16253 1
32 12799 1
33 588 1
33 3201 1
33 4867 1
33 14725 1
33 6790 1
33 6791 2
33 8556 1
33 1163 1
33 4364 2
33 11791 1
33 13388 1
33 14592 1
33 21912 1
33 11449 1
33 4639 1
33 15119 1
33 19718 1
33 547 1
33 18981 1
33 5928 1
33 22442 2
33 22571 1
33 15660 1
33 8236 1
33 15664 1
33 12471 1
33 21305 1
33 188 1
33 19133 1
33 192 1
33 14402 1
33 2443 1
33 9033 1
33 1482 1
33 6732 2
33 10701 1
33 16462 1
33 4432 1
33 9809 1
33 21586 1
33 14677 1
33 13398 1
33 9687 1
33 1167 1
33 5340 1
33 10205 1
33 16479 1
33 14176 1
33 19553 1
33 1921 1
33 21605 1
33 9831 1
33 14465 1
33 13161 1
33 15723 1
33 21228 1
33 18287 1
33 9072 1
33 10574 1
33 4725 2
33 1526 1
33 8449 1
33 7433 1
33 5629 1
33 12670 1
34 14592 2
34 545 1
34 9954 1
34 3203 1
34 8161 1
34 15276 1
34 5838 1
34 22032 1
34 11793 1
34 4884 1
34 19582 1
34 18841 1
34 8378 1
34 15262 1
34 4511 1
35 14592 2
35 1163 1
35 10510 1
35 22032 2
35 11793 2
35 4244 1
35 545 1
35 20519 1
35 22442 2
35 12081 1
35 2870 1
35 8636 1
35 5951 1
35 19392 1
35 12625 1
35 21586 1
35 13398 1
35 14680 1
35 8026 1
35 6875 1
35 2914 1
35 12390 1
35 999 1
35 11708 1
35 879 1
35 2166 1
35 18686 1
36 10625 3
36 13316 1
36 15574 2
36 7937 1
36 11913 1
36 6026 1
36 11787 1
36 15117 1
36 7950 1
36 19373 1
36 2834 1
36 13516 1
36 4868 1
36 22551 1
36 19096 1
36 18841 1
36 9867 1
36 7216 1
36 12891 1
36 548 1
36 805 1
36 20519 1
36 6361 1
36 19757 1
36 18736 1
36 9777 1
36 1074 1
36 8378 1
36 12091 1
36 12350 1
36 8387 1
36 13255 1
36 9033 1
36 9035 2
36 6732 1
36 20301 1
36 4823 1
36 4303 1
36 13398 1
36 21079 1
36 17881 1
36 9167 1
36 16224 1
36 12394 1
36 9895 1
36 8556 1
36 21613 1
36 11632 1
36 13937 1
36 13174 1
36 15508 1
36 8188 1
37 1280 1
37 10625 1
37 4364 1
37 22032 1
37 15508 1
37 18197 1
37 15512 5
37 17463 1
37 9761 1
37 13863 2
37 10408 2
37 10409 1
37 22442 1
37 8236 1
37 22455 1
37 11449 1
37 8378 1
37 16190 2
37 11714 1
37 14689 4
37 20297 1
37 5687 2
37 9046 2
37 17240 2
37 2649 1
37 186 1
37 18528 2
37 5729 1
37 19939 1
37 1257 1
37 22255 2
37 1266 2
37 3060 1
37 21493 1
37 14969 1
37 4602 1
38 12288 1
38 10625 1
38 13316 2
38 13704 1
38 4364 1
38 5264 1
38 1303 1
38 15512 1
38 13849 1
38 7451 1
38 7457 1
38 15660 1
38 12091 1
38 7392 1
38 15434 1
38 16208 1
38 4818 1
38 9684 2
38 18528 1
38 6774 1
38 12663 1
38 15096 1
38 3706 1
38 15102 1
39 10625 2
39 10626 1
39 13316 1
39 4364 1
39 13453 1
39 5781 1
39 1303 1
39 7684 1
39 1947 1
39 18972 1
39 20384 1
39 17313 1
39 15268 1
39 12354 1
39 20803 1
39 7878 1
39 20427 1
39 6741 1
39 19286 1
39 8158 1
39 22368 1
39 18404 1
39 9069 2
39 15216 1
39 13937 1
39 7546 1
39 22140 1
40 9600 1
40 13440 1
40 16363 1
40 13316 2
40 12288 1
40 17671 1
40 11913 1
40 2443 2
40 20494 1
40 20014 1
40 22551 2
40 7684 2
40 13723 1
40 21660 1
40 669 1
40 5150 3
40 16544 2
40 17313 1
40 674 1
40 9380 1
40 11815 1
40 20010 3
40 9351 1
40 8238 2
40 11313 1
40 798 1
40 3638 1
40 12216 1
40 186 1
40 22368 1
40 3339 1
40 13894 1
40 15432 1
40 19405 2
40 6984 1
40 22571 1
40 7637 1
40 12888 2
40 19290 1
40 2394 1
40 18528 1
40 15184 1
40 2944 2
40 1280 1
40 8043 1
40 364 2
40 9069 2
40 14574 2
40 11887 1
40 10625 1
40 11890 1
40 5246 1
40 15096 1
40 4601 1
40 635 1
40 20604 1
40 18302 1
41 12288 1
41 7937 2
41 11909 1
41 3201 1
41 14473 1
41 15499 1
41 20494 1
41 9234 2
41 22551 1
41 11969 1
41 14725 1
41 20384 3
41 673 1
41 674 1
41 4772 1
41 4774 2
41 12209 1
41 20010 2
41 22188 1
41 20014 1
41 2224 1
41 20017 1
41 6706 1
41 12471 2
41 13449 1
41 186 1
41 187 1
41 11710 1
41 831 1
41 22464 1
41 15648 3
41 2443 2
41 17225 1
41 20427 1
41 4818 2
41 9684 4
41 7822 1
41 4058 1
41 9435 1
41 4831 1
41 16224 1
41 15457 1
41 2944 1
41 9443 1
41 12091 2
41 17810 1
41 18287 1
41 21618 1
41 3006 1
41 16468 1
41 10365 1
41 19582 1
42 12288 1
42 5635 1
42 15751 1
42 9608 1
42 22281 1
42 20234 1
42 2443 1
42 13452 1
42 10510 1
42 1167 1
42 20882 1
42 5158 1
42 10410 1
42 16543 1
42 16544 1
42 674 1
42 16547 1
42 4772 1
42 4774 1
42 20010 6
42 1459 1
42 16430 1
42 15648 1
42 12209 1
42 20018 1
42 20019 1
42 14473 1
42 12091 1
42 188 1
42 9069 1
42 22464 4
42 17312 2
42 20384 1
42 11334 1
42 22369 1
42 3528 1
42 4818 1
42 19619 1
42 14677 1
42 15609 1
42 16804 2
42 12815 1
42 14301 1
42 8992 1
42 4960 5
42 7777 2
42 4453 1
42 12390 1
42 20494 1
42 8043 1
42 9234 1
42 7409 1
42 6773 1
42 20343 1
42 633 1
42 10365 2
42 18686 1
43 10625 2
43 7303 2
43 17424 1
43 9241 1
43 13979 1
43 14495 1
43 16547 1
43 5797 1
43 20519 1
43 4392 1
43 4647 1
43 20010 2
43 3627 1
43 7471 1
43 13242 1
43 17339 1
43 22339 1
43 7236 1
43 15432 1
43 9035 1
43 13388 2
43 19405 1
43 4432 1
43 5841 1
43 21586 1
43 9684 1
43 5207 1
43 18267 2
43 15199 1
43 19938 1
43 19153 1
43 15976 1
43 7463 1
43 8556 1
43 21613 2
43 3568 1
43 2166 1
43 11511 1
43 14969 1
43 11898 1
44 14592 1
44 15618 1
44 17162 2
44 19347 1
44 21912 1
44 4635 1
44 1829 1
44 22442 1
44 2348 1
44 8749 1
44 7087 1
44 8753 1
44 9918 1
44 5951 1
44 19396 1
44 22341 1
44 13388 1
44 21072 1
44 5841 2
44 14677 2
44 18267 2
44 7903 3
44 11515 1
44 15976 1
44 21613 1
44 18287 1
44 21618 1
44 5567 1
45 12165 1
45 11791 1
45 916 1
45 12441 1
45 9884 2
45 22557 1
45 20384 1
45 3369 1
45 22442 1
45 7854 1
45 8768 1
45 8992 1
45 19396 1
45 12357 1
45 20427 1
45 9038 1
45 4303 1
45 16854 1
45 7903 2
45 22252 1
45 21613 3
45 16509 2
