1 14592 1
1 13834 1
1 15499 1
1 4364 1
1 6801 1
1 13331 1
1 4884 1
1 22557 1
1 20384 1
1 545 1
1 5929 1
1 22442 1
1 14123 1
1 14509 1
1 21295 1
1 19124 1
1 8758 1
1 1721 1
1 19133 1
1 13769 1
1 21305 1
1 4497 1
1 2407 1
1 8556 1
1 1140 1
1 5755 1
1 6652 1
2 5888 1
2 11777 1
2 18818 1
2 2308 1
2 14725 1
2 4742 1
2 3201 1
2 11992 1
2 14473 1
2 17162 1
2 15575 1
2 4364 1
2 6414 1
2 11791 1
2 21392 1
2 7256 1
2 20882 1
2 797 1
2 14475 1
2 5934 1
2 12441 1
2 11672 1
2 7065 1
2 18075 1
2 15772 1
2 22557 1
2 1440 1
2 7584 1
2 15653 1
2 4647 1
2 5928 1
2 6826 1
2 3627 1
2 8236 1
2 15128 2
2 7471 1
2 4019 1
2 15028 1
2 18486 1
2 21305 1
2 2747 1
2 8636 2
2 15294 1
2 6464 1
2 22209 1
2 22339 1
2 19396 1
2 12742 1
2 9543 1
2 13388 2
2 22346 1
2 11851 1
2 13516 2
2 5838 1
2 9167 2
2 7764 1
2 14677 2
2 742 1
2 9047 2
2 15448 1
2 1753 1
2 2394 1
2 8685 1
2 8797 1
2 19553 1
2 11874 1
2 7779 1
2 21733 1
2 18406 1
2 21649 1
2 18282 1
2 9069 2
2 3197 1
2 14448 1
2 4339 1
2 1140 1
2 1141 1
2 11511 1
2 4884 1
2 9595 1
2 12394 1
3 6400 1
3 4868 1
3 19719 1
3 18185 1
3 14475 1
3 4364 2
3 13388 1
3 1752 1
3 6934 1
3 1947 1
3 8988 1
3 22557 1
3 7584 1
3 19619 1
3 548 1
3 14509 1
3 18222 1
3 15664 2
3 10184 1
3 17331 2
3 1076 1
3 19721 1
3 5816 1
3 2745 1
3 1141 1
3 20292 1
3 6984 1
3 7692 1
3 9831 1
3 17996 1
3 16468 1
3 14677 1
3 11992 1
3 857 1
3 9947 1
3 10972 1
3 18911 1
3 15971 1
3 3173 1
3 18406 1
3 6801 1
3 20203 1
3 17004 1
3 9069 1
3 20209 1
3 21619 1
3 4725 1
3 11895 1
3 5625 1
3 5885 1
3 2814 1
4 14592 4
4 8449 1
4 12746 1
4 1836 1
4 14725 2
4 15246 1
4 11969 1
4 3884 1
4 18058 1
4 13710 2
4 15119 1
4 22032 1
4 1681 2
4 22418 1
4 916 1
4 22421 1
4 12441 1
4 6424 1
4 9241 1
4 22554 1
4 9884 2
4 22557 1
4 4511 1
4 14680 2
4 16418 1
4 15651 1
4 20260 1
4 8487 1
4 13404 1
4 22442 6
4 22571 4
4 22188 3
4 3245 1
4 13389 1
4 7728 1
4 8641 3
4 7476 1
4 19392 1
4 19465 1
4 21304 1
4 7776 1
4 3258 1
4 3259 1
4 8636 3
4 19133 1
4 9918 1
4 3392 1
4 193 1
4 16194 1
4 4035 1
4 6407 1
4 3398 1
4 9034 1
4 13516 1
4 21305 1
4 5838 1
4 20047 1
4 1827 1
4 14677 2
4 598 1
4 15575 1
4 15704 1
4 740 1
4 11471 1
4 14081 1
4 18528 1
4 1680 1
4 17890 1
4 611 1
4 13412 1
4 8421 1
4 2407 1
4 20329 2
4 8810 1
4 3943 1
4 13937 1
4 20782 1
4 13244 1
4 4598 1
4 9065 2
4 5208 1
4 22394 1
4 9152 1
4 4604 2
4 11946 2
5 14592 1
5 10625 1
5 8043 1
5 7684 1
5 389 1
5 6790 1
5 6465 1
5 4511 1
5 395 1
5 13452 1
5 22119 1
5 15119 1
5 22032 1
5 13459 1
5 22421 1
5 9878 1
5 21913 1
5 9244 1
5 7581 1
5 9247 1
5 17184 1
5 673 1
5 18978 1
5 10915 1
5 20389 1
5 20519 1
5 10408 1
5 7081 1
5 16775 1
5 22188 2
5 1839 1
5 9777 1
5 8753 2
5 1076 1
5 12342 1
5 13961 1
5 4404 1
5 15903 1
5 15548 1
5 4831 1
5 17183 1
5 10177 1
5 15170 1
5 9035 1
5 19553 1
5 13516 2
5 15307 1
5 6732 1
5 13389 1
5 12110 1
5 12624 1
5 6741 1
5 15575 1
5 15976 1
5 11008 1
5 1631 1
5 22369 1
5 2914 1
5 3943 1
5 741 1
5 3175 1
5 4584 1
5 17899 1
5 9069 1
5 9071 1
5 18289 1
5 626 1
5 19124 1
5 11511 1
5 592 1
5 8449 1
5 17148 1
5 5757 1
5 19167 1
6 14592 2
6 18818 1
6 15723 1
6 9606 1
6 19719 1
6 5000 1
6 18569 1
6 6798 1
6 19053 1
6 22032 1
6 9875 1
6 13516 1
6 17177 1
6 5785 1
6 7069 1
6 1571 1
6 20389 1
6 17062 1
6 12842 1
6 20781 1
6 11822 1
6 12082 1
6 21305 3
6 18491 1
6 13884 1
6 19133 2
6 198 1
6 193 2
6 196 1
6 11334 1
6 19401 1
6 17228 1
6 12878 1
6 592 1
6 15442 1
6 13398 1
6 6713 1
6 22360 1
6 6106 1
6 9691 1
6 11613 1
6 18528 1
6 8425 1
6 8683 1
6 9069 3
6 20468 1
6 1141 1
6 19577 1
6 1147 1
7 21250 1
7 16260 1
7 20741 1
7 19718 1
7 16833 1
7 4484 1
7 11275 1
7 17041 1
7 5785 1
7 7066 1
7 5659 1
7 18208 1
7 2375 1
7 10915 1
7 16678 1
7 1835 1
7 16045 1
7 16049 1
7 22198 1
7 17208 1
7 8636 1
7 9278 1
7 14656 1
7 2625 1
7 4035 3
7 1092 1
7 198 1
7 11207 1
7 20297 1
7 6474 1
7 5069 1
7 20302 1
7 3536 1
7 3541 1
7 18390 1
7 15197 1
7 13841 1
7 11120 1
7 1906 1
7 18174 1
8 12288 1
8 11008 1
8 1029 2
8 13331 2
8 1576 1
8 632 1
8 18483 1
8 1591 1
8 10814 1
8 13890 1
8 11335 1
8 12872 1
8 22602 1
8 593 2
8 13398 2
8 13403 1
8 8797 1
8 20924 1
8 18030 3
8 9839 1
8 21617 1
8 4723 1
8 1141 2
8 15990 1
8 10360 1
8 14463 1
8 1664 1
8 4235 1
8 4355 1
8 4256 1
8 16547 1
8 22188 1
8 3760 1
8 10867 1
8 11960 1
8 19133 1
8 10944 1
8 13516 1
8 14033 2
8 20695 3
8 20188 1
8 9953 1
8 7397 1
8 743 1
8 5864 1
8 22255 1
8 3320 1
8 14592 2
8 17024 1
8 14595 1
8 19719 1
8 1803 1
8 1804 1
8 15119 1
8 14102 1
8 1818 1
8 15664 1
8 11827 1
8 19766 1
8 21305 2
8 2883 1
8 4945 1
8 14677 2
8 9558 1
8 858 1
8 21851 1
8 19808 1
8 2914 1
8 1904 1
8 20350 1
8 5514 1
8 20366 1
8 1347 1
8 19349 2
8 15771 1
8 18855 1
8 22442 1
8 18866 1
8 7095 1
8 18872 1
8 13710 1
8 12733 1
8 7102 1
8 4036 1
8 3541 1
8 10206 1
8 14316 1
8 13295 1
8 16373 1
9 7040 1
9 7553 1
9 1922 1
9 14595 1
9 1284 1
9 20613 1
9 12288 1
9 4161 1
9 906 1
9 1163 1
9 12300 1
9 15117 1
9 1294 1
9 10644 1
9 10263 1
9 14235 1
9 20255 1
9 7712 1
9 6372 1
9 19555 1
9 13476 1
9 12713 1
9 11692 1
9 9261 1
9 21295 1
9 18866 1
9 18486 1
9 21305 2
9 11963 1
9 19133 2
9 11969 1
9 4035 1
9 7620 1
9 15685 1
9 20045 1
9 593 1
9 9171 1
9 13207 1
9 10709 1
9 1878 1
9 20695 1
9 10073 1
9 858 1
9 9691 1
9 3706 1
9 5091 1
9 5092 1
9 21733 1
9 17638 1
9 6761 1
9 21617 1
9 20468 1
9 1141 2
9 15738 1
9 1150 1
10 11008 3
10 13398 2
10 11787 1
10 16414 1
10 22571 1
10 1076 1
10 18486 1
10 2105 2
10 8765 2
10 3134 2
10 20038 1
10 6732 1
10 6736 1
10 593 1
10 18004 1
10 598 1
10 15448 1
10 3258 1
10 19553 1
10 15971 1
10 7783 1
10 20924 1
10 19133 2
10 21104 1
10 5745 1
10 1141 1
10 21097 1
10 16508 1
10 14991 1
10 13980 1
10 10407 1
10 19628 1
10 19124 1
10 698 1
10 20667 1
10 3261 1
10 2239 1
10 10944 1
10 4290 1
10 7876 1
10 200 1
10 1744 1
10 1753 1
10 7397 1
10 5867 3
10 13567 1
10 14592 2
10 4868 2
10 19718 1
10 2322 1
10 8989 1
10 19244 1
10 21295 1
10 21814 1
10 21305 3
10 12100 1
10 13128 1
10 4944 1
10 4441 1
10 21851 1
10 22364 1
10 14689 1
10 6509 1
10 21908 1
10 9600 1
10 3468 1
10 19348 1
10 19350 1
10 4511 1
10 22442 3
10 12207 1
10 18866 1
10 10163 1
10 9659 1
10 8636 1
10 21437 1
10 8641 1
10 4035 2
10 5576 1
10 13388 2
10 22477 1
10 3536 2
10 17375 1
10 6628 1
10 9069 1
10 19438 1
10 20468 1
10 4602 1
11 11008 1
11 8449 1
11 5378 1
11 13316 1
11 9729 1
11 8236 1
11 18570 1
11 11787 1
11 13452 2
11 5831 1
11 15119 1
11 13388 1
11 2834 1
11 4115 1
11 4884 1
11 14743 1
11 21912 1
11 4484 1
11 12317 1
11 4766 1
11 18080 1
11 14603 1
11 13478 1
11 4008 1
11 12585 1
11 22442 1
11 3883 2
11 12716 1
11 15534 2
11 15664 1
11 20915 1
11 12342 1
11 5433 1
11 8636 2
11 16831 1
11 6732 1
11 8641 1
11 7106 1
11 907 1
11 2166 1
11 16416 1
11 9033 1
11 2634 1
11 20427 1
11 13516 2
11 13389 1
11 14592 2
11 9167 1
11 21074 1
11 19923 1
11 5845 1
11 13398 2
11 12878 1
11 11471 2
11 7393 1
11 19588 1
11 20384 1
11 4452 1
11 8421 1
11 5864 1
11 8425 2
11 21586 1
11 18030 2
11 11760 1
11 5800 1
11 4723 1
11 1163 1
11 6773 1
11 13174 1
11 15337 1
11 12441 1
11 3711 1
11 4604 1
11 20989 1
11 10965 1
12 12288 1
12 15745 1
12 21392 1
12 19332 1
12 20103 1
12 17855 1
12 13962 3
12 10263 1
12 10380 1
12 9998 1
12 18960 1
12 6801 1
12 12946 1
12 2243 1
12 18964 1
12 19989 1
12 22551 4
12 7684 1
12 7451 1
12 20892 1
12 2077 2
12 16159 1
12 15266 1
12 20389 1
12 8988 1
12 1067 1
12 14509 1
12 22557 1
12 15664 2
12 16252 1
12 12471 1
12 21305 1
12 7738 1
12 6459 1
12 19900 1
12 19133 1
12 17854 1
12 2239 1
12 192 1
12 193 2
12 11714 1
12 19907 2
12 12870 1
12 13255 2
12 20427 3
12 9294 1
12 21735 1
12 1799 1
12 2003 1
12 6775 1
12 12888 1
12 13019 1
12 13020 2
12 20701 1
12 18784 1
12 2273 1
12 19375 1
12 743 1
12 15976 1
12 8425 1
12 7911 1
12 7660 1
12 13532 1
12 9351 1
12 12151 1
12 1564 1
12 916 1
12 9884 1
12 20415 1
12 22140 3
12 5246 1
12 15111 1
13 897 2
13 9730 1
13 18948 1
13 3201 1
13 1032 1
13 5868 1
13 13962 1
13 14987 1
13 1922 1
13 20878 1
13 19471 1
13 22032 1
13 529 1
13 12947 1
13 15112 1
13 21305 1
13 6809 1
13 19992 1
13 18841 2
13 2077 1
13 16159 3
13 4001 1
13 15266 1
13 8355 1
13 932 1
13 19238 1
13 19036 1
13 22442 1
13 15111 1
13 6702 1
13 22557 2
13 7985 1
13 20275 1
13 7952 1
13 10040 1
13 19060 1
13 7738 1
13 18364 1
13 18954 1
13 11457 1
13 2627 2
13 2166 1
13 12870 1
13 3937 1
13 9033 1
13 22041 1
13 20427 2
13 19470 2
13 11214 1
13 20303 1
13 17360 1
13 2003 2
13 13710 3
13 3613 1
13 5049 1
13 3929 1
13 13658 1
13 13020 1
13 22074 1
13 17363 1
13 2015 1
13 8161 1
13 2020 2
13 11366 2
13 6801 2
13 17943 1
13 8556 1
13 19133 1
13 21618 1
13 12151 1
13 10996 1
13 1141 1
13 1526 1
13 12713 1
13 10360 1
13 11789 1
13 15267 1
14 9729 1
14 8706 1
14 9092 1
14 13078 1
14 4486 1
14 858 1
14 7432 1
14 12716 1
14 14603 1
14 20878 1
14 21263 1
14 7952 2
14 5650 1
14 19349 1
14 15638 1
14 10263 1
14 19096 1
14 22041 1
14 14235 1
14 7660 1
14 13727 1
14 931 1
14 932 1
14 19238 1
14 16937 1
14 1578 1
14 3627 1
14 15404 1
14 14992 1
14 5554 1
14 3130 1
14 19124 1
14 12342 1
14 4461 1
14 6713 2
14 9274 1
14 13628 1
14 19133 1
14 21310 2
14 6773 1
14 14016 1
14 8641 1
14 7496 1
14 12350 1
14 10265 1
14 19405 2
14 974 1
14 3636 1
14 592 1
14 18769 1
14 12498 1
14 17107 2
14 9684 1
14 598 1
14 9687 1
14 12888 1
14 20260 1
14 15578 1
14 5433 4
14 9171 1
14 18401 1
14 21733 1
14 14033 1
14 7400 2
14 8043 1
14 5996 1
14 19922 1
14 21305 1
14 15856 1
14 13937 1
14 12018 1
14 16243 1
14 22585 1
14 3958 1
14 5623 1
14 16252 1
14 3199 1
15 7684 1
15 1032 3
15 20494 1
15 2064 1
15 18962 1
15 18964 1
15 13316 1
15 15900 1
15 22557 2
15 4639 1
15 17445 1
15 18472 1
15 1067 1
15 1068 1
15 8753 1
15 15922 1
15 2627 1
15 8260 1
15 1099 1
15 13388 1
15 13389 1
15 12878 2
15 13398 2
15 12888 1
15 18528 1
15 22032 1
15 19900 1
15 18364 1
15 12394 1
15 18030 2
15 1141 1
15 2166 1
15 21623 1
15 5755 1
15 10876 1
15 8837 2
15 646 1
15 18569 1
15 18570 1
15 13980 1
15 673 1
15 5800 1
15 17066 1
15 683 1
15 14509 1
15 8892 1
15 193 1
15 6774 1
15 5831 1
15 10441 1
15 12151 1
15 13516 2
15 15567 1
15 1744 1
15 13019 1
15 4831 1
15 1761 1
15 8421 1
15 19174 1
15 743 1
15 8425 1
15 17140 1
15 5366 1
15 17147 1
15 11008 1
15 14379 1
15 19719 1
15 20234 1
15 15119 2
15 7952 1
15 7982 1
15 5911 1
15 17177 1
15 1818 1
15 1820 1
15 8069 1
15 6790 1
15 3883 1
15 15660 1
15 18222 2
15 7471 2
15 15664 1
15 5425 1
15 5433 3
15 6458 1
15 10043 1
15 17290 1
15 831 1
15 4929 1
15 20291 1
15 328 1
15 12110 1
15 9041 1
15 9047 1
15 3928 1
15 21851 1
15 11909 1
15 17246 1
15 3937 1
15 4452 1
15 3943 1
15 9583 1
15 19347 2
15 12663 1
15 897 1
15 14725 1
15 12682 1
15 7571 1
15 19348 1
15 19349 1
15 13723 1
15 932 1
15 18341 1
15 14248 1
15 20905 1
15 22442 3
15 12716 1
15 8636 2
15 22464 1
15 8641 1
15 4035 1
15 4036 1
15 19397 1
15 12746 1
15 8139 1
15 20045 1
15 19408 1
15 18426 1
15 15841 1
15 17892 1
15 8683 1
15 15855 1
15 15863 1
15 4602 1
16 13440 1
16 7938 2
16 4484 1
16 12502 1
16 9351 1
16 20748 1
16 10510 1
16 18191 1
16 6801 1
16 19094 1
16 22423 1
16 16260 1
16 22557 1
16 6687 1
16 15266 1
16 1959 1
16 9223 1
16 22188 1
16 14509 1
16 7880 1
16 14135 1
16 17464 1
16 6458 1
16 14495 1
16 192 2
16 3009 1
16 199 1
16 200 1
16 13388 1
16 13389 1
16 7879 1
16 6741 2
16 9686 2
16 9050 1
16 16605 1
16 7646 1
16 21984 1
16 14689 3
16 6459 1
16 7148 1
16 17466 1
16 1141 3
16 1147 1
16 10365 1
16 15615 1
17 11790 1
17 12888 3
17 10262 1
17 10263 1
17 10264 1
17 19204 1
17 22557 1
17 8749 1
17 16946 1
17 1076 2
17 12350 1
17 11850 1
17 6732 1
17 13389 1
17 2136 1
17 18528 1
17 7780 1
17 12394 1
17 18030 1
17 5232 1
17 7102 1
17 14466 1
17 2923 1
17 8836 1
17 9351 1
17 10889 2
17 13388 1
17 6801 1
17 22166 1
17 19096 2
17 13979 1
17 10408 1
17 21161 3
17 683 1
17 6791 1
17 17070 1
17 15539 1
17 8892 1
17 19133 1
17 1141 1
17 192 1
17 193 1
17 5841 1
17 15585 1
17 16099 1
17 4836 1
17 21733 1
17 5864 1
17 16120 1
17 18686 1
17 14592 1
17 8964 1
17 2309 1
17 19719 1
17 18190 1
17 17681 5
17 2351 3
17 797 2
17 4900 1
17 3883 1
17 15660 1
17 21295 1
17 10545 1
17 21298 1
17 6984 2
17 7497 1
17 7397 1
17 14689 1
17 8043 2
17 11632 2
17 22385 1
17 12159 1
17 7040 1
17 9608 1
17 19349 2
17 19350 1
17 22423 2
17 22426 1
17 4509 1
17 12190 2
17 20384 1
17 11683 1
17 1959 1
17 2991 1
17 18352 1
17 19377 1
17 8636 1
17 12734 1
17 16838 1
17 588 2
17 12746 1
17 20427 1
17 2000 1
17 10705 1
17 9171 1
17 9686 1
17 4081 1
17 9206 1
18 12288 2
18 4617 1
18 10265 1
18 22557 1
18 9247 1
18 20010 1
18 4651 1
18 8236 1
18 7219 2
18 1076 1
18 18487 1
18 12350 2
18 20547 1
18 6732 2
18 602 1
18 1631 1
18 18528 1
18 15971 1
18 6760 1
18 19900 3
18 12394 1
18 13937 1
18 13941 1
18 633 1
18 4221 1
18 1668 1
18 6790 1
18 13388 1
18 6801 1
18 15508 1
18 16543 1
18 11945 1
18 683 2
18 858 1
18 20142 1
18 12471 1
18 1141 1
18 192 1
18 193 2
18 7876 1
18 13516 3
18 1743 1
18 741 1
18 5869 1
18 18686 5
18 15616 1
18 10510 1
18 18205 1
18 15660 1
18 15664 1
18 1329 1
18 1844 1
18 2873 1
18 17212 1
18 17219 1
18 12103 1
18 4945 1
18 21850 1
18 15713 1
18 9069 1
18 3134 1
18 12151 1
18 19348 1
18 12670 1
18 7039 2
18 19350 1
18 2443 2
18 10644 1
18 918 1
18 7066 1
18 2990 2
18 2991 3
18 2994 1
18 17340 1
18 1469 1
18 7104 1
18 11714 1
18 20044 1
18 1997 1
18 10705 1
18 7637 1
18 21980 1
18 10206 1
18 7137 1
18 4092 2
18 15855 1
18 20649 1
18 4090 1
18 11771 1
18 4604 1
19 13952 1
19 9729 1
19 20877 1
19 17681 1
19 3991 1
19 22557 1
19 13854 1
19 15903 1
19 931 1
19 5285 1
19 6568 1
19 8745 1
19 15660 1
19 11049 1
19 4509 1
19 16177 1
19 1972 1
19 20662 1
19 8564 1
19 19900 2
19 11711 1
19 12867 1
19 8260 1
19 17990 1
19 14689 1
19 15991 1
19 13516 1
19 13389 1
19 9167 1
19 20560 1
19 9169 1
19 5433 1
19 858 1
19 9567 1
19 9697 1
19 19048 1
19 8043 1
19 8556 1
19 1140 1
19 12151 1
19 11770 1
19 13950 1
20 12288 1
20 16385 1
20 13316 1
20 4101 1
20 16913 1
20 22551 1
20 10264 1
20 17435 1
20 9247 1
20 20519 1
20 8751 1
20 7219 1
20 1076 1
20 8764 1
20 7741 3
20 12350 1
20 20547 3
20 1092 1
20 7749 1
20 6732 2
20 13389 1
20 10319 1
20 593 1
20 6741 1
20 13398 1
20 599 1
20 395 1
20 21613 1
20 13937 1
20 1140 1
20 1141 2
20 15990 1
20 1147 2
20 3711 1
20 11909 1
20 6790 1
20 6791 2
20 17544 1
20 10889 1
20 21649 1
20 13978 1
20 13979 1
20 14495 1
20 5120 1
20 21161 2
20 22186 1
20 4267 1
20 9901 1
20 13769 1
20 15903 1
20 15548 1
20 11969 1
20 8898 1
20 17093 1
20 198 1
20 200 2
20 13516 1
20 15574 1
20 11992 1
20 1765 1
20 5863 1
20 744 1
20 5357 1
20 15090 1
20 11006 1
20 588 1
20 4867 1
20 15660 2
20 13073 1
20 10358 1
20 11398 1
20 2853 1
20 2856 1
20 12076 1
20 7471 2
20 15664 1
20 13960 1
20 11913 1
20 5951 1
20 16193 1
20 17218 1
20 2443 1
20 21850 1
20 2911 1
20 4960 1
20 2407 1
20 360 1
20 9069 1
20 18289 1
20 14717 1
20 6526 1
20 9606 1
20 9607 1
20 907 1
20 22418 1
20 10644 1
20 21912 1
20 18841 1
20 14235 1
20 2990 1
20 8641 1
20 19900 1
20 19389 1
20 22464 1
20 15809 1
20 16835 1
20 14791 2
20 1993 1
20 15819 1
20 9684 2
20 9686 1
20 18393 1
20 14810 1
20 4602 1
20 7646 1
20 17375 1
20 7650 1
20 11749 1
20 19950 1
20 16373 1
20 6646 1
20 16890 1
20 4603 1
20 4604 1
20 3583 1
21 21888 1
21 3329 1
21 10626 1
21 11307 1
21 16132 1
21 9729 1
21 2443 1
21 192 1
21 19053 1
21 1169 1
21 10515 1
21 18324 1
21 18972 1
21 13213 1
21 5150 1
21 20010 1
21 683 1
21 21696 1
21 2734 1
21 179 1
21 22196 1
21 4533 1
21 22457 1
21 6458 2
21 20155 1
21 3772 1
21 3006 1
21 11711 1
21 22464 1
21 193 1
21 194 1
21 8387 1
21 11334 1
21 20427 1
21 3278 1
21 4818 1
21 4058 1
21 186 1
21 14689 2
21 12091 1
21 9069 1
21 1269 1
21 8185 1
21 10365 1
21 18686 1
22 8192 1
22 11008 1
22 17154 1
22 2307 1
22 4484 1
22 13958 1
22 6791 1
22 5129 1
22 15754 1
22 4364 1
22 10545 2
22 1475 1
22 15119 1
22 2064 2
22 18962 1
22 22163 1
22 7444 1
22 18837 1
22 15753 1
22 3992 1
22 16260 1
22 18486 1
22 4635 1
22 17184 1
22 17441 1
22 16546 1
22 13723 1
22 20389 2
22 20519 1
22 20010 1
22 683 1
22 15660 1
22 8238 2
22 15664 1
22 9777 1
22 7219 1
22 1076 1
22 12342 1
22 6711 1
22 19764 1
22 6458 1
22 15548 1
22 17290 1
22 19519 1
22 15809 1
22 17227 2
22 7350 1
22 10017 1
22 13128 1
22 5450 1
22 203 1
22 10828 2
22 12110 1
22 4303 1
22 14288 1
22 6264 1
22 2899 1
22 6741 1
22 6102 1
22 2903 1
22 857 1
22 18267 1
22 13532 1
22 8229 1
22 4831 1
22 6000 1
22 744 1
22 21692 1
22 5994 1
22 9069 4
22 10625 1
22 881 1
22 21365 1
22 6263 1
22 632 2
22 19476 1
22 4090 1
22 3197 1
22 17535 1
23 12288 2
23 8961 1
23 6787 1
23 8192 1
23 7937 2
23 20232 1
23 1836 1
23 779 1
23 15170 1
23 18185 4
23 5911 1
23 12888 3
23 2179 1
23 19348 1
23 13081 2
23 485 1
23 793 1
23 9244 1
23 5534 2
23 18080 1
23 15266 1
23 12325 1
23 6694 1
23 20519 1
23 10410 1
23 683 1
23 19372 1
23 17630 1
23 9394 1
23 4019 1
23 19124 1
23 6581 1
23 18486 1
23 13961 1
23 18872 1
23 1972 1
23 19900 1
23 22082 1
23 16459 1
23 3318 1
23 9543 1
23 6732 1
23 14794 1
23 5623 1
23 13516 1
23 13389 1
23 12110 2
23 18128 1
23 19540 1
23 14677 1
23 19286 1
23 5208 1
23 857 1
23 858 1
23 13532 1
23 7645 1
23 10206 1
23 15199 1
23 4834 1
23 7397 1
23 2407 1
23 6760 1
23 8043 1
23 9069 1
23 9071 1
23 9072 1
23 626 1
23 3198 1
23 15222 2
23 6775 1
23 2836 1
23 3323 1
23 22186 1
23 5246 1
24 6786 1
24 21611 1
24 193 1
24 18185 1
24 910 1
24 12888 1
24 19349 1
24 10263 1
24 5400 1
24 16030 1
24 16544 1
24 291 1
24 9513 1
24 683 1
24 15660 2
24 2239 1
24 2351 1
24 3638 1
24 10889 1
24 19900 1
24 19133 1
24 4213 1
24 11969 1
24 9142 1
24 9543 1
24 13516 1
24 6989 1
24 288 1
24 2000 1
24 14807 1
24 10328 1
24 20570 1
24 18528 1
24 15714 1
24 3173 1
24 21735 1
24 8043 1
24 9069 1
24 17262 1
24 12787 1
24 8236 1
24 6773 1
24 967 1
24 17659 1
24 15869 1
24 5375 1
25 1412 1
25 2443 3
25 909 1
25 20494 1
25 6801 2
25 7960 1
25 5785 1
25 22557 2
25 681 1
25 14509 1
25 5935 1
25 15664 1
25 14130 1
25 2873 1
25 1728 1
25 16194 1
25 1475 1
25 15430 1
25 7325 1
25 14289 1
25 16468 1
25 4366 1
25 15575 1
25 910 1
25 867 1
25 743 1
25 13673 1
25 18796 1
25 9684 1
25 13435 1
26 14592 2
26 9729 2
26 22211 1
26 19133 1
26 7937 1
26 8236 1
26 20106 1
26 395 1
26 13452 1
26 909 1
26 20494 1
26 2443 3
26 8387 3
26 13460 1
26 918 1
26 7960 2
26 7964 1
26 9245 1
26 15575 1
26 20384 2
26 20592 1
26 1959 1
26 15660 5
26 14509 1
26 22574 1
26 22557 1
26 200 2
26 19764 1
26 1844 1
26 3769 1
26 4538 1
26 9686 1
26 19901 1
26 1269 1
26 193 1
26 9922 1
26 8131 1
26 7749 2
26 8136 1
26 5577 1
26 13388 1
26 20303 1
26 12209 1
26 19154 1
26 14291 1
26 9684 1
26 14677 1
26 9046 1
26 9687 1
26 17630 2
26 10463 1
26 21945 1
26 12091 1
26 2407 1
26 5867 1
26 8556 1
26 16367 1
26 18288 1
26 7409 1
26 21618 1
26 1141 1
26 6774 1
26 8056 1
26 16468 2
26 11711 1
26 10365 1
26 10366 1
27 8192 1
27 5632 1
27 13445 1
27 12288 2
27 9607 1
27 909 2
27 13459 2
27 7960 2
27 7963 1
27 9244 1
27 5019 1
27 7968 1
27 432 1
27 15266 2
27 17187 1
27 18215 1
27 10408 1
27 193 1
27 683 2
27 12716 1
27 15666 1
27 5551 1
27 17968 1
27 6834 1
27 6837 1
27 1466 1
27 12350 1
27 18528 1
27 19140 1
27 17093 1
27 13516 2
27 5863 1
27 21586 1
27 10453 1
27 13561 1
27 858 1
27 17630 1
27 4960 1
27 14689 2
27 20071 1
27 8043 1
27 1526 1
27 12153 1
27 3321 1
27 21627 1
27 5119 1
28 7937 1
28 6507 1
28 193 1
28 4873 1
28 17807 1
28 22551 1
28 7964 2
28 8861 1
28 20014 1
28 2351 1
28 18736 1
28 9777 1
28 18185 1
28 1466 1
28 20544 1
28 16961 1
28 1475 1
28 196 1
28 6859 1
28 12888 1
28 861 2
28 18528 1
28 7777 1
28 7780 1
28 8043 1
28 18030 1
28 21618 1
28 12279 1
29 22464 1
29 2987 1
29 3204 1
29 9477 1
29 831 1
29 20103 1
29 18569 1
29 1674 1
29 3339 1
29 4364 1
29 909 1
29 20494 1
29 7823 1
29 15660 1
29 11672 1
29 14019 1
29 15508 1
29 22551 2
29 7960 1
29 2948 1
29 15642 1
29 7963 1
29 2443 1
29 13316 2
29 14751 1
29 20384 1
29 18841 1
29 674 1
29 14430 2
29 19238 3
29 8988 1
29 193 1
29 22571 1
29 2988 1
29 13022 1
29 13389 2
29 4016 1
29 19764 2
29 12446 1
29 13833 1
29 6968 1
29 11193 1
29 13242 1
29 13516 1
29 8636 1
29 17162 1
29 6719 1
29 9152 1
29 18528 1
29 22211 3
29 3398 1
29 15820 1
29 11850 1
29 16695 1
29 19276 1
29 910 1
29 13453 1
29 10705 1
29 2003 1
29 12508 1
29 10411 1
29 4823 1
29 395 1
29 10206 1
29 4831 3
29 7520 1
29 585 1
29 3171 1
29 18086 1
29 7014 1
29 3943 1
29 19900 1
29 12394 1
29 5867 1
29 13404 1
29 13937 1
29 3954 1
29 626 1
29 6263 1
29 633 1
29 14970 1
29 19519 1
29 14435 1
30 13440 2
30 9729 2
30 16642 1
30 5867 1
30 2949 1
30 6790 1
30 193 3
30 17162 1
30 13963 1
30 1922 1
30 22286 2
30 13388 1
30 8067 1
30 4116 1
30 10263 1
30 4548 1
30 8474 1
30 10407 1
30 12840 1
30 4647 1
30 19114 1
30 1068 1
30 20269 1
30 16175 1
30 8241 1
30 3130 2
30 6459 1
30 1466 1
30 8320 1
30 19900 1
30 16190 1
30 11711 1
30 15681 2
30 2443 2
30 8260 1
30 583 1
30 15688 3
30 585 1
30 3915 1
30 13516 3
30 13389 1
30 8144 1
30 632 1
30 15971 1
30 22100 1
30 4821 1
30 12888 1
30 13273 1
30 7120 1
30 6458 1
30 19294 3
30 18528 2
30 14689 1
30 17484 1
30 19939 1
30 19816 1
30 12394 1
30 6507 1
30 13425 1
30 626 1
30 16409 2
30 21310 1
30 10360 1
30 14969 1
30 4776 1
31 9984 1
31 8320 1
31 8043 2
31 13956 1
31 13280 2
31 21383 1
31 10249 1
31 906 2
31 3084 1
31 11553 1
31 15119 1
31 17484 2
31 20882 1
31 4116 1
31 19478 1
31 6489 1
31 4507 1
31 9245 1
31 6687 1
31 11552 1
31 545 1
31 15266 3
31 13477 1
31 4647 1
31 18759 1
31 15660 1
31 13666 1
31 17070 1
31 4509 1
31 20914 1
31 7219 1
31 19124 1
31 19294 1
31 10185 1
31 3130 2
31 15548 1
31 20032 1
31 4161 1
31 18108 1
31 17159 1
31 4423 2
31 15688 2
31 13769 1
31 13514 1
31 15820 1
31 16418 1
31 12110 1
31 3919 2
31 2351 1
31 22100 1
31 20695 1
31 12888 2
31 9945 1
31 16271 1
31 22109 1
31 10829 1
31 7392 1
31 14306 1
31 741 1
31 18406 1
31 22119 1
31 5864 1
31 8553 1
31 5867 2
31 9072 1
31 13937 2
31 22557 1
31 11381 1
31 5204 1
31 19900 1
32 8043 1
32 13316 1
32 17159 1
32 16273 1
32 13459 1
32 20384 1
32 7970 1
32 16547 1
32 15660 1
32 12717 1
32 9647 1
32 15664 1
32 1074 1
32 17715 1
32 19124 1
32 17852 1
32 15548 1
32 15444 1
32 7392 1
32 3937 1
32 4681 1
32 8908 1
32 20047 1
32 12624 1
32 4818 1
32 22100 3
32 6741 1
32 21850 1
32 9691 1
32 13404 1
32 8669 1
32 7646 1
32 3167 1
32 15584 1
32 14689 1
32 17890 1
32 19555 1
32 21608 1
32 7785 1
32 5867 1
32 15216 1
32 6760 1
32 4601 1
32 4606 1
32 8797 1
33 12288 1
33 9729 1
33 683 2
33 9094 1
33 8449 1
33 12716 1
33 8043 2
33 13452 1
33 13838 1
33 14509 1
33 1748 1
33 4885 1
33 19350 1
33 22551 1
33 21316 1
33 13978 1
33 8988 1
33 4509 2
33 2846 2
33 15903 1
33 3888 1
33 13730 1
33 9606 2
33 10918 1
33 16432 1
33 13736 1
33 10409 1
33 12103 2
33 15660 2
33 11693 1
33 7645 1
33 15664 1
33 3889 1
33 1074 1
33 1076 1
33 15774 1
33 12598 1
33 9033 1
33 5433 1
33 20026 2
33 12091 1
33 17881 1
33 6846 1
33 14176 1
33 1475 1
33 8260 1
33 198 1
33 12871 1
33 3528 1
33 13516 2
33 588 1
33 13389 1
33 17997 1
33 1744 1
33 9171 1
33 2914 1
33 14677 1
33 22585 1
33 20569 1
33 18394 1
33 20571 1
33 7189 1
33 8797 1
33 19424 1
33 17890 1
33 2915 1
33 3684 1
33 6502 1
33 17126 1
33 6760 2
33 444 1
33 5866 1
33 5867 1
33 19420 1
33 488 1
33 22557 1
33 1141 1
33 15863 1
33 15864 1
33 633 1
33 8188 1
33 917 1
34 12288 2
34 7178 1
34 12812 1
34 12816 1
34 7187 1
34 4117 1
34 22551 1
34 22557 1
34 20002 1
34 549 1
34 20519 1
34 7729 1
34 12342 1
34 17463 1
34 20538 1
34 12354 1
34 6727 1
34 15432 1
34 13389 1
34 20047 1
34 14034 1
34 18528 1
34 19555 1
34 19556 2
34 12390 1
34 6760 1
34 17340 1
34 21613 1
34 5231 1
34 1141 1
34 8312 1
34 17530 1
34 5755 1
34 22147 1
34 646 1
34 1167 1
34 12441 1
34 12445 1
34 683 1
34 19117 1
34 21692 1
34 193 1
34 21702 1
34 13516 1
34 17106 1
34 15571 1
34 10464 2
34 8144 1
34 740 1
34 16102 1
34 7911 1
34 9170 1
34 8439 1
34 15610 1
34 2309 1
34 17159 1
34 5394 1
34 793 1
34 2330 1
34 16159 1
34 7463 1
34 12076 1
34 15664 1
34 15666 1
34 9013 1
34 10040 1
34 18746 1
34 9543 1
34 9034 1
34 1591 1
34 15704 1
34 21850 1
34 863 1
34 7520 1
34 14689 2
34 8034 1
34 2410 1
34 17787 2
34 16260 1
34 20882 1
34 916 1
34 15774 1
34 21410 1
34 13383 1
34 19372 1
34 18872 4
34 20412 2
34 4032 1
34 4033 1
34 11714 2
34 455 1
34 3528 1
34 5577 1
34 20427 1
34 17872 1
34 17362 1
34 17890 1
34 17892 1
34 11749 2
34 11750 1
34 6125 1
34 1525 1
34 15356 1
34 1021 1
35 6153 1
35 7694 1
35 11791 1
35 2064 1
35 10262 1
35 10263 1
35 9755 1
35 9761 1
35 549 1
35 551 1
35 7729 1
35 12341 1
35 15199 1
35 16449 1
35 1803 2
35 12360 1
35 20047 2
35 17497 1
35 8797 1
35 12390 1
35 9831 1
35 6760 1
35 6761 1
35 17515 1
35 21617 1
35 1141 1
35 10871 1
35 1147 1
35 2173 1
35 11913 1
35 7533 1
35 13978 1
35 10407 1
35 10410 1
35 12466 1
35 14009 1
35 19133 1
35 11969 1
35 17093 1
35 8311 1
35 13516 1
35 20188 1
35 13435 1
35 1765 1
35 16108 1
35 22253 1
35 12527 1
35 21744 2
35 1777 1
35 21760 1
35 19718 2
35 16135 1
35 8971 1
35 15632 1
35 8988 1
35 7458 1
35 11555 1
35 7471 1
35 15664 1
35 15666 1
35 15667 1
35 10555 2
35 9541 1
35 12111 1
35 3927 1
35 15704 1
35 21343 1
35 360 1
35 8043 2
35 8556 1
35 9069 1
35 13170 1
35 22393 1
35 1408 1
35 12162 1
35 17797 1
35 16269 1
35 910 2
35 5017 1
35 11675 1
35 12704 1
35 15268 1
35 22442 1
35 1459 1
35 7095 2
35 18872 1
35 19900 1
35 18878 1
35 17890 1
35 17892 1
35 11750 1
35 7655 1
35 4604 1
36 4364 1
36 4497 1
36 6421 1
36 17435 4
36 22557 1
36 5027 1
36 683 1
36 8236 1
36 16431 1
36 1074 1
36 3636 3
36 13243 1
36 7101 1
36 4420 1
36 197 1
36 200 1
36 11850 1
36 13516 1
36 11471 1
36 6868 1
36 21962 1
36 7016 1
36 8043 1
36 11375 1
36 1526 1
36 5623 1
36 11771 1
37 9729 1
37 4616 1
37 4617 1
37 7306 1
37 9867 1
37 18065 1
37 17435 1
37 1564 1
37 4000 1
37 21104 1
37 21794 1
37 13979 1
37 9895 1
37 4013 1
37 686 1
37 15281 1
37 15666 1
37 3636 1
37 16373 1
37 373 1
37 21962 1
37 19787 1
37 6989 4
37 3919 1
37 8144 1
37 8145 1
37 15448 1
37 10206 1
37 6375 1
37 21347 1
37 9169 1
37 6760 1
37 8425 1
37 8043 3
37 9069 2
37 494 1
37 15856 1
37 1140 1
37 11381 1
37 6774 1
37 20329 1
38 13316 1
38 8581 1
38 10119 1
38 22418 1
38 7684 1
38 17435 1
38 12700 1
38 10408 1
38 22442 1
38 1076 1
38 3636 1
38 194 1
38 17093 1
38 9543 1
38 9033 1
38 13389 1
38 14943 1
38 18528 1
38 22500 1
38 8043 1
38 13177 1
38 22266 1
38 22186 1
38 6142 1
39 8193 1
39 13014 1
39 17671 1
39 15496 1
39 14473 1
39 6155 2
39 12816 1
39 21010 1
39 19349 2
39 3097 1
39 4817 1
39 12700 1
39 931 1
39 4647 1
39 15144 1
39 683 1
39 17070 1
39 1456 1
39 7733 1
39 4541 1
39 12350 1
39 8387 2
39 8388 1
39 10054 1
39 13516 1
39 11850 1
39 15820 1
39 6606 1
39 9169 1
39 6609 1
39 9171 1
39 22100 1
39 12757 1
39 9558 1
39 21726 1
39 17890 1
39 20692 1
39 21733 1
39 2407 1
39 15850 1
39 9451 1
39 21617 1
39 9918 1
39 11604 1
39 1147 1
39 636 1
40 13526 1
40 19206 1
40 5898 1
40 10644 1
40 16663 1
40 12700 2
40 4509 1
40 798 1
40 15903 1
40 12453 1
40 10408 1
40 13737 1
40 22186 1
40 1195 1
40 1069 1
40 7867 2
40 20028 1
40 9791 1
40 17093 1
40 9543 2
40 16714 1
40 13516 1
40 20692 1
40 598 1
40 9125 1
40 7777 1
40 4834 1
40 7397 1
40 16102 1
40 6760 1
40 8043 2
40 16109 1
40 10357 1
40 3318 1
40 5623 1
40 4730 1
41 14082 1
41 19588 1
41 9606 1
41 9388 1
41 17163 1
41 13452 1
41 12888 1
41 13460 1
41 17262 1
41 10263 1
41 5636 1
41 12700 1
41 18080 2
41 6690 1
41 4900 1
41 6790 1
41 21930 1
41 683 1
41 15660 1
41 12717 1
41 2351 2
41 18736 2
41 16434 1
41 18487 1
41 12091 1
41 16714 1
41 12350 1
41 5951 1
41 19520 1
41 193 1
41 12354 1
41 6860 1
41 9543 1
41 16712 1
41 588 1
41 11850 1
41 13516 1
41 4823 1
41 19795 1
41 14677 2
41 14807 1
41 856 1
41 2852 1
41 13914 1
41 7645 1
41 18528 1
41 7650 1
41 3171 2
41 2407 1
41 364 1
41 18030 2
41 1269 1
41 15863 1
41 10360 1
41 633 1
41 6012 1
42 5635 1
42 18191 1
42 12888 1
42 20499 1
42 13460 1
42 917 3
42 918 1
42 14744 1
42 9125 2
42 9895 1
42 10408 1
42 22186 1
42 12591 1
42 15664 1
42 19133 2
42 3524 1
42 5867 1
42 3528 1
42 1743 1
42 1744 1
42 14677 1
42 855 1
42 13912 1
42 2531 1
42 21604 1
42 8043 1
42 6014 1
43 1280 1
43 9729 1
43 8043 1
43 15499 1
43 20494 1
43 7055 1
43 14992 1
43 16913 3
43 20754 1
43 1475 1
43 4116 1
43 8238 1
43 22551 1
43 22557 3
43 4037 1
43 9892 1
43 9125 1
43 6822 2
43 9895 1
43 3626 1
43 17067 1
43 14509 2
43 1454 1
43 15664 1
43 20915 1
43 15584 1
43 1469 1
43 21310 1
43 193 1
43 14914 1
43 2443 1
43 13558 1
43 7110 1
43 15688 4
43 13516 2
43 20303 1
43 10705 1
43 7380 1
43 14677 1
43 12888 1
43 16985 1
43 2527 1
43 18528 1
43 2407 1
43 21604 3
43 2918 2
43 6801 2
43 6507 1
43 15855 1
43 20336 1
43 7409 1
43 15090 1
43 18678 1
43 8185 1
43 21114 1
43 5755 1
43 19114 1
43 9726 1
43 5119 1
44 18688 1
44 7041 1
44 8043 2
44 4868 1
44 9606 1
44 9607 1
44 14985 1
44 15754 1
44 2443 2
44 13 1
44 10510 1
44 14992 1
44 14993 1
44 13202 1
44 12821 1
44 10264 1
44 4509 1
44 9247 1
44 20384 1
44 9777 1
44 10891 2
44 22437 1
44 9895 1
44 16682 1
44 683 1
44 8236 1
44 14509 1
44 20526 1
44 7645 1
44 15688 1
44 10889 1
44 15903 1
44 9791 1
44 4161 1
44 19907 1
44 4037 1
44 12103 1
44 12360 1
44 21697 1
44 20103 1
44 1068 1
44 4818 1
44 9171 1
44 22100 1
44 6801 1
44 17881 1
44 8797 1
44 13440 1
44 13200 1
44 21604 1
44 17766 1
44 743 1
44 12888 2
44 20329 1
44 5867 2
44 22557 1
44 1141 1
44 1526 1
44 632 1
45 7937 1
45 16131 1
45 13316 1
45 16641 1
45 21640 1
45 10510 1
45 11791 1
45 22418 1
45 17428 1
45 4868 1
45 22426 1
45 17184 1
45 19234 1
45 20900 2
45 3626 1
45 21824 1
45 12081 1
45 2873 1
45 15548 1
45 14016 1
45 20384 1
45 12354 1
45 4035 1
45 4037 1
45 9953 1
45 5069 1
45 12110 1
45 1743 1
45 10709 1
45 18391 1
45 16986 1
45 22369 1
45 2407 1
45 8043 1
45 9069 1
45 15855 1
45 10103 1
45 4601 1
45 14973 1
45 1918 1
46 12288 1
46 5248 1
46 14725 1
46 17674 1
46 8203 1
46 11789 1
46 15119 1
46 11934 1
46 16544 1
46 21794 1
46 9509 1
46 19238 1
46 10154 1
46 683 1
46 16432 1
46 8753 1
46 1076 1
46 8636 1
46 193 1
46 17218 1
46 20555 1
46 11851 1
46 13389 1
46 13776 1
46 21586 1
46 7637 1
46 14680 1
46 10972 1
46 13405 1
46 13989 1
46 18528 1
46 13161 1
46 21995 1
46 499 1
46 1141 1
46 10103 2
46 15864 1
46 22442 1
46 1407 1
47 18185 1
47 22032 1
47 6801 1
47 4116 1
47 22557 1
47 4382 1
47 21794 4
47 551 1
47 10409 1
47 22442 1
47 14509 1
47 2351 1
47 3638 1
47 10040 1
47 6078 1
47 11969 1
47 8260 1
47 6860 1
47 13388 1
47 13776 1
47 1747 1
47 12888 1
47 11613 1
47 19555 1
47 4326 1
47 4081 1
47 16248 2
47 6011 1
48 18185 2
48 10263 1
48 6669 1
48 13460 1
48 18455 1
48 13592 1
48 1947 1
48 4382 1
48 21794 3
48 13723 1
48 10407 1
48 2351 2
48 17225 1
48 2250 1
48 14668 1
48 9171 1
48 19796 1
48 9686 1
48 15449 1
48 5998 1
48 6014 1
48 1919 1
49 10262 1
49 18185 1
49 9867 1
49 4238 1
49 16017 1
49 13078 1
49 22551 1
49 13080 1
49 797 1
49 21794 2
49 683 1
49 15660 1
49 4509 1
49 5428 1
49 2873 1
49 13516 1
49 20044 1
49 9687 1
49 12888 1
49 5867 1
49 21613 1
49 15855 1
49 15216 1
50 684 1
50 13331 1
50 10269 1
50 20519 1
50 7963 1
50 9820 1
50 20010 1
50 8236 1
50 3629 1
50 8238 1
50 3636 1
50 9274 1
50 8257 1
50 20547 1
50 6741 1
50 15449 1
50 13404 1
50 15981 1
50 18030 2
50 21617 1
50 5234 1
50 1140 1
50 6773 1
50 6786 1
50 7306 1
50 1163 1
50 4237 1
50 7313 1
50 9875 1
50 13979 1
50 16546 2
50 10915 1
50 22188 2
50 3758 1
50 22557 1
50 20145 1
50 4276 1
50 19126 1
50 2745 1
50 3258 1
50 193 1
50 12747 1
50 13516 1
50 11471 1
50 5846 1
50 15575 3
50 10978 1
50 740 1
50 8421 1
50 5866 1
50 5867 1
50 11007 1
50 14592 1
50 10625 1
50 17162 1
50 4364 1
50 18191 1
50 18200 1
50 10011 1
50 797 3
50 17184 1
50 1829 1
50 15660 2
50 18736 1
50 15666 1
50 16181 1
50 4431 1
50 4945 1
50 4947 1
50 8532 1
50 21848 1
50 11612 1
50 6801 1
50 8041 1
50 18797 1
50 9071 1
50 11632 1
50 2025 1
50 7039 1
50 2944 1
50 897 1
50 12162 1
50 10636 1
50 3471 1
50 22418 1
50 19350 2
50 3991 1
50 7069 1
50 7584 1
50 929 1
50 15268 1
50 4007 1
50 22442 2
50 15282 1
50 13771 1
50 10195 1
50 10709 1
50 10200 1
50 8162 1
50 18921 1
50 8180 1
50 5623 1
50 15864 1
50 21332 1
50 12799 2
50 4604 1
50 1824 1
51 14592 1
51 13316 1
51 11787 1
51 11790 1
51 2063 2
51 9247 1
51 18978 1
51 551 1
51 9777 1
51 12341 1
51 7738 1
51 15713 1
51 1099 1
51 13388 2
51 13389 1
51 15444 1
51 13398 1
51 8797 1
51 6331 1
51 6761 1
51 21613 2
51 625 1
51 11898 1
51 13435 1
51 14469 1
51 11913 1
51 4035 2
51 7317 1
51 19096 1
51 9071 1
51 2375 1
51 21161 1
51 22188 2
51 9394 1
51 12471 1
51 3259 1
51 15548 1
51 13514 1
51 13516 1
51 4303 1
51 6867 1
51 15575 3
51 15584 1
51 740 1
51 19174 1
51 5867 1
51 11511 1
51 14584 1
51 11008 1
51 2309 1
51 2835 1
51 7960 1
51 4382 1
51 11909 1
51 17184 1
51 19238 1
51 12585 1
51 18222 1
51 15664 1
51 19765 1
51 18569 1
51 6968 1
51 14656 1
51 9543 1
51 20297 1
51 9034 1
51 9035 1
51 6989 1
51 846 1
51 14677 1
51 6489 1
51 14177 1
51 364 1
51 9582 1
51 9583 1
51 13174 2
51 4472 1
51 7548 1
51 4484 1
51 395 1
51 5517 1
51 7055 1
51 19347 1
51 18841 1
51 5447 1
51 16302 2
51 4016 1
51 17331 1
51 11700 1
51 15292 1
51 16831 1
51 8641 1
51 19907 1
51 19396 1
51 14792 1
51 6732 1
51 5069 1
51 9684 1
51 9686 2
51 18911 1
51 15855 1
51 3058 1
51 1526 2
51 4604 3
51 5118 1
