1 13445 1
1 7687 1
1 13961 1
1 4364 1
1 1167 1
1 19619 1
1 4263 1
1 10155 1
1 12716 1
1 5554 1
1 13449 1
1 10552 1
1 21305 1
1 19133 1
1 6651 1
1 7499 1
1 15432 1
1 13129 1
1 11851 1
1 13389 1
1 20305 1
1 14677 1
1 4438 1
1 11771 1
1 3175 1
1 7531 1
1 9069 1
1 11709 1
1 10096 1
1 1269 1
1 4341 1
1 8187 1
2 7683 1
2 13834 1
2 9747 1
2 8726 1
2 14360 1
2 15903 2
2 20519 1
2 22571 1
2 20012 1
2 8749 1
2 9264 1
2 7219 2
2 12345 1
2 15422 1
2 20547 1
2 1094 1
2 3340 1
2 13389 2
2 4687 1
2 4708 1
2 11858 1
2 868 1
2 5210 1
2 10340 1
2 3175 1
2 10857 1
2 21613 1
2 11887 1
2 21617 1
2 19572 1
2 1141 1
2 17016 1
2 14969 1
2 7808 1
2 14978 1
2 19478 1
2 15495 1
2 18569 2
2 13458 1
2 13466 1
2 4263 1
2 2220 1
2 4282 1
2 21187 1
2 2244 1
2 10439 1
2 13516 1
2 20686 2
2 11471 1
2 15064 1
2 7902 1
2 21224 1
2 5867 1
2 6381 1
2 20727 1
2 22272 1
2 15618 1
2 20227 1
2 4868 1
2 1068 1
2 5386 1
2 4364 1
2 11992 1
2 19238 1
2 7463 1
2 13611 1
2 7471 1
2 2865 1
2 10555 1
2 4418 1
2 13129 1
2 20300 1
2 7502 1
2 4432 1
2 12625 1
2 14677 3
2 22358 1
2 1369 1
2 19805 1
2 7483 1
2 2404 1
2 9069 1
2 18287 1
2 20343 1
2 10105 1
2 2944 1
2 3627 1
2 1412 1
2 4998 1
2 10631 1
2 11161 1
2 6052 1
2 11183 1
2 7092 1
2 1988 1
2 17861 1
2 15325 1
2 11723 1
2 13772 1
2 6733 1
2 16848 1
2 7633 2
2 15830 1
2 5081 1
2 13277 1
2 22500 1
2 22508 1
2 21586 2
2 7150 1
2 4603 1
2 8188 2
3 12288 1
3 7683 1
3 7684 1
3 521 1
3 522 1
3 527 2
3 3602 1
3 4116 1
3 22551 6
3 22557 1
3 15903 2
3 4640 1
3 15393 1
3 5667 1
3 3621 1
3 4139 1
3 8238 2
3 8765 4
3 2113 1
3 2636 1
3 16968 1
3 588 1
3 2640 4
3 21586 1
3 5207 1
3 15971 1
3 7785 1
3 5232 1
3 626 1
3 1163 1
3 17014 1
3 13161 1
3 632 1
3 124 1
3 125 1
3 5246 3
3 22464 1
3 18052 1
3 18571 1
3 13453 1
3 1168 1
3 1169 3
3 1305 1
3 18075 1
3 19619 6
3 9380 1
3 4263 1
3 15528 2
3 17068 1
3 9245 1
3 2224 1
3 14001 1
3 15539 2
3 19126 1
3 11449 6
3 4639 2
3 5664 1
3 10434 1
3 5321 1
3 18182 1
3 20686 3
3 6361 1
3 10972 4
3 18810 1
3 14575 1
3 3313 6
3 1266 2
3 126 3
3 14583 1
3 248 1
3 22571 1
3 4868 1
3 5382 1
3 14722 1
3 20238 1
3 281 3
3 797 1
3 798 1
3 19238 2
3 10024 1
3 13532 1
3 7409 1
3 19764 5
3 8512 1
3 13963 1
3 14148 4
3 6982 1
3 13129 3
3 20303 1
3 22355 1
3 14677 3
3 14682 6
3 8027 1
3 16223 1
3 16224 1
3 13456 1
3 873 1
3 9069 4
3 10096 1
3 10097 1
3 20343 1
3 7546 3
3 13697 1
3 1410 2
3 19845 1
3 7660 1
3 16787 1
3 408 1
3 7066 2
3 17312 1
3 17313 2
3 16804 1
3 7665 1
3 1962 1
3 2990 2
3 1967 1
3 15432 1
3 14324 1
3 11708 1
3 16832 1
3 14753 1
3 15948 1
3 15307 1
3 9167 1
3 11737 1
3 6622 1
3 12255 1
3 18548 4
3 10407 1
3 18924 1
3 10408 1
3 3060 1
3 3061 1
3 5623 1
3 4602 2
3 8188 1
3 5119 3
4 12288 1
4 7683 2
4 19460 1
4 19461 1
4 1546 1
4 17424 2
4 15856 1
4 22551 1
4 3609 1
4 2394 1
4 4639 1
4 21536 1
4 9761 1
4 22571 2
4 10798 1
4 7216 1
4 1074 1
4 8764 1
4 8765 1
4 3647 1
4 13889 2
4 20547 1
4 7236 1
4 22086 1
4 15432 2
4 11850 1
4 15948 3
4 8781 1
4 18510 1
4 19535 1
4 2640 6
4 21586 3
4 18005 2
4 8797 1
4 12134 1
4 15976 1
4 18540 1
4 14448 1
4 21617 1
4 20343 1
4 18548 1
4 3702 1
4 21623 1
4 14969 1
4 13435 1
4 20095 1
4 14981 1
4 18055 2
4 5996 1
4 1163 1
4 7826 1
4 21141 1
4 21146 1
4 12446 1
4 14495 1
4 4263 2
4 11434 1
4 5717 1
4 22557 1
4 10928 1
4 14001 1
4 19124 1
4 11448 1
4 15476 1
4 3258 1
4 15548 1
4 4294 1
4 15393 1
4 16075 1
4 20686 4
4 11479 1
4 6361 1
4 10975 1
4 13834 1
4 1763 1
4 12009 1
4 12010 1
4 14575 1
4 3313 1
4 5876 1
4 14583 1
4 15610 1
4 9600 1
4 4868 1
4 2309 1
4 14088 1
4 5391 1
4 7952 1
4 19730 1
4 12505 1
4 21784 1
4 6938 2
4 798 1
4 17184 1
4 14120 1
4 10026 1
4 16519 1
4 17202 2
4 19764 1
4 18569 1
4 4831 1
4 16190 1
4 833 1
4 13451 1
4 14148 1
4 3398 1
4 13129 3
4 10837 1
4 5455 1
4 12625 2
4 22355 1
4 14677 4
4 14682 1
4 22364 1
4 16224 1
4 22369 1
4 19810 1
4 4454 1
4 17260 1
4 9069 3
4 15216 1
4 12663 2
4 8568 1
4 7546 1
4 1918 2
4 1408 1
4 897 1
4 904 1
4 2442 1
4 3473 1
4 16787 1
4 22340 1
4 13723 1
4 7584 2
4 17313 2
4 15266 4
4 16804 1
4 16806 1
4 12713 1
4 9644 1
4 16301 1
4 2990 3
4 6065 1
4 1465 1
4 22464 2
4 20384 2
4 4038 1
4 9121 1
4 11724 1
4 13389 1
4 7633 1
4 6098 1
4 7637 1
4 7638 1
4 6622 1
4 8188 1
4 11858 1
4 11760 1
4 14836 1
4 6136 2
4 4604 1
4 15869 1
4 5119 1
5 8195 1
5 13316 3
5 12716 1
5 525 1
5 6489 2
5 3610 1
5 5660 1
5 9758 2
5 15903 1
5 15394 1
5 13129 3
5 7219 1
5 12852 1
5 13881 1
5 2113 1
5 8771 1
5 7237 1
5 12897 1
5 15432 2
5 11851 1
5 2636 1
5 15949 1
5 2640 5
5 15953 1
5 21586 3
5 10837 1
5 13912 1
5 603 1
5 19553 1
5 7778 1
5 7782 1
5 21608 1
5 18030 1
5 11887 1
5 14448 1
5 21617 2
5 2674 1
5 20095 1
5 6790 1
5 18055 1
5 14985 1
5 1163 1
5 19596 1
5 20112 1
5 15508 1
5 3221 1
5 16543 1
5 13985 1
5 18086 1
5 15528 1
5 13255 1
5 15532 1
5 3758 1
5 16049 1
5 5301 2
5 15548 2
5 8898 1
5 12663 1
5 13516 1
5 20686 4
5 719 1
5 4818 1
5 10972 1
5 7399 1
5 14583 1
5 4868 2
5 16645 1
5 3339 1
5 17678 1
5 4884 1
5 22295 1
5 6425 1
5 10532 1
5 5927 1
5 2348 1
5 7982 1
5 19764 2
5 17206 1
5 16190 1
5 13963 1
5 17225 1
5 12625 2
5 14677 1
5 1369 1
5 4442 1
5 3935 1
5 20329 1
5 7530 1
5 5996 1
5 9069 4
5 21361 1
5 8564 1
5 20343 2
5 9600 2
5 16776 1
5 11162 1
5 3996 1
5 16799 1
5 7584 1
5 15777 2
5 21420 1
5 2990 2
5 21943 1
5 11708 1
5 22464 2
5 17859 1
5 13767 1
5 15948 2
5 13451 1
5 11737 1
5 7137 1
5 7664 1
5 14324 2
5 5623 1
5 8188 1
5 5629 1
6 12288 1
6 7683 1
6 13316 2
6 5641 1
6 526 1
6 16399 1
6 14359 1
6 10267 1
6 9244 1
6 15903 1
6 3621 1
6 11815 1
6 7211 1
6 20013 1
6 8753 1
6 10295 1
6 15432 1
6 11851 1
6 13389 1
6 15438 1
6 5207 1
6 5210 1
6 8797 1
6 18528 1
6 15971 1
6 13412 1
6 15976 1
6 9326 1
6 4215 1
6 17016 1
6 13444 1
6 18569 3
6 13452 1
6 962 1
6 17038 1
6 7827 1
6 21652 1
6 1369 1
6 4263 2
6 22188 2
6 19126 1
6 3258 2
6 3259 1
6 16075 1
6 20686 1
6 7892 1
6 11992 1
6 6361 1
6 13022 1
6 9442 1
6 4647 1
6 15609 1
6 4352 1
6 4868 2
6 4870 1
6 4364 2
6 5391 1
6 7952 1
6 2834 1
6 4884 1
6 2328 1
6 17184 2
6 17188 1
6 2343 1
6 19245 1
6 5936 1
6 1844 1
6 7481 1
6 20284 2
6 13128 1
6 17225 1
6 17229 1
6 2387 1
6 14677 2
6 4441 1
6 3419 1
6 1375 1
6 22368 1
6 4451 1
6 8040 1
6 9069 1
6 659 1
6 21364 1
6 14709 1
6 20343 2
6 7546 1
6 1918 1
6 14722 1
6 4486 1
6 17807 1
6 16273 1
6 7584 1
6 16804 1
6 1445 1
6 9644 1
6 2990 1
6 5554 1
6 8630 1
6 1466 1
6 7611 1
6 1980 1
6 17312 1
6 11714 1
6 9162 1
6 5583 1
6 16848 1
6 9684 1
6 6052 1
6 22500 1
6 6652 2
6 7660 1
6 15342 1
6 15855 1
6 7665 1
6 11603 1
6 16888 1
6 4602 1
6 8188 2
7 12288 2
7 19415 1
7 13316 3
7 19461 1
7 4104 1
7 2220 1
7 5210 1
7 4110 1
7 12461 1
7 19993 6
7 5149 1
7 15903 3
7 12891 1
7 18980 1
7 11815 1
7 20010 2
7 20012 6
7 20013 1
7 20014 1
7 21618 1
7 9777 2
7 12341 1
7 1069 1
7 7224 1
7 12352 1
7 12354 1
7 3339 1
7 7237 1
7 15432 4
7 1099 1
7 15948 2
7 13389 2
7 15439 1
7 21586 5
7 10837 1
7 598 1
7 10169 1
7 3674 1
7 1627 8
7 14324 3
7 12384 1
7 21945 1
7 4199 1
7 3176 1
7 7785 1
7 22119 1
7 4204 1
7 10861 1
7 1136 1
7 21617 3
7 6770 1
7 1141 1
7 16132 1
7 15994 1
7 10365 1
7 13440 1
7 641 1
7 14978 1
7 13443 1
7 5764 1
7 18055 1
7 13961 1
7 10890 1
7 11916 3
7 1167 1
7 13457 1
7 1475 1
7 15508 3
7 12446 1
7 11632 1
7 15522 1
7 19619 2
7 18086 1
7 4263 2
7 22186 1
7 22188 3
7 9901 1
7 12462 1
7 12463 1
7 12464 2
7 12465 1
7 12466 1
7 12471 1
7 7303 2
7 14016 1
7 16075 1
7 16588 1
7 13514 2
7 12663 1
7 9420 1
7 20686 2
7 16493 1
7 7379 1
7 14037 1
7 19460 1
7 11771 4
7 9442 1
7 9443 1
7 9444 1
7 16616 1
7 745 1
7 748 1
7 13357 1
7 14574 3
7 12018 1
7 7635 2
7 5876 1
7 17142 1
7 11007 2
7 8449 2
7 16131 1
7 4868 3
7 15621 3
7 6406 1
7 14088 1
7 20233 1
7 7783 1
7 20238 1
7 3629 2
7 12049 1
7 13075 1
7 16661 1
7 15642 1
7 20255 3
7 15648 1
7 11555 1
7 13611 1
7 19764 1
7 15308 1
7 21818 1
7 10975 2
7 6464 2
7 835 1
7 10567 1
7 10056 1
7 7138 1
7 15184 1
7 12625 2
7 14677 5
7 4441 1
7 9050 2
7 3419 1
7 3934 1
7 22369 2
7 19810 1
7 6791 1
7 1380 1
7 4454 1
7 6000 1
7 364 1
7 16901 1
7 15216 1
7 13681 1
7 10098 1
7 21364 1
7 626 1
7 20343 3
7 16248 1
7 2944 2
7 12673 1
7 12656 1
7 4486 1
7 395 1
7 17293 1
7 16271 1
7 13516 1
7 17814 1
7 15774 1
7 17312 2
7 10209 1
7 16804 1
7 4941 1
7 19367 1
7 5552 1
7 4531 2
7 4534 2
7 17337 1
7 19900 1
7 4541 1
7 3006 2
7 17859 1
7 8079 1
7 7110 2
7 20424 1
7 15820 2
7 7629 1
7 9167 1
7 18851 2
7 7638 1
7 16855 1
7 4056 1
7 18907 1
7 15329 1
7 10210 6
7 19939 1
7 16806 1
7 10214 1
7 9069 1
7 10218 1
7 10407 1
7 3060 2
7 4600 1
7 4602 1
7 6651 2
7 6652 7
8 12288 2
8 1537 1
8 21652 1
8 19993 1
8 9247 1
8 554 1
8 22571 1
8 8749 1
8 12848 1
8 7219 1
8 1076 1
8 20547 1
8 15432 1
8 7241 2
8 11850 1
8 13389 1
8 21586 1
8 9817 1
8 3675 1
8 13404 1
8 3171 1
8 15976 1
8 11887 1
8 1141 3
8 12929 1
8 13445 1
8 13456 1
8 15508 1
8 19094 1
8 15514 1
8 11931 1
8 19612 1
8 18592 1
8 2416 1
8 7844 1
8 10407 1
8 20649 1
8 22186 1
8 12459 1
8 12464 1
8 12465 2
8 12466 1
8 18180 1
8 11963 1
8 11637 2
8 14016 1
8 11969 1
8 2245 1
8 910 1
8 16075 1
8 11479 1
8 3294 1
8 14562 1
8 8421 1
8 5864 1
8 5867 1
8 748 2
8 3311 1
8 3314 1
8 20010 1
8 3627 1
8 3332 1
8 9991 1
8 7432 1
8 18185 1
8 17162 1
8 15630 1
8 784 1
8 16661 2
8 4868 1
8 17688 1
8 799 1
8 19238 1
8 1833 1
8 2348 1
8 7471 2
8 11568 1
8 15666 1
8 10552 2
8 6464 2
8 15170 1
8 18287 1
8 6982 4
8 17228 1
8 8015 1
8 12625 1
8 14677 1
8 1375 1
8 10592 1
8 22369 1
8 8043 1
8 9071 1
8 11632 2
8 5489 1
8 8564 1
8 22389 1
8 11638 1
8 8569 1
8 16762 1
8 12671 1
8 11662 1
8 11672 1
8 22428 1
8 14752 1
8 10667 1
8 16302 1
8 5551 1
8 4533 1
8 7095 1
8 3060 1
8 11195 1
8 11714 1
8 17859 1
8 7110 1
8 8012 1
8 14800 1
8 9170 1
8 9686 1
8 9687 1
8 21984 1
8 22511 1
8 4081 1
8 3058 1
8 14324 2
9 12288 1
9 16898 1
9 7937 1
9 17932 1
9 2061 1
9 22030 1
9 1044 1
9 19993 4
9 6691 1
9 6577 1
9 22571 1
9 17964 1
9 11821 1
9 9777 1
9 12341 1
9 12352 1
9 3650 2
9 16225 1
9 15432 1
9 3340 1
9 8778 1
9 15948 1
9 12886 1
9 1626 1
9 7262 1
9 21094 1
9 4199 1
9 15976 1
9 21617 2
9 11891 1
9 10359 1
9 3193 1
9 6269 1
9 13440 1
9 11395 1
9 13445 2
9 13446 1
9 13961 1
9 5770 1
9 1163 1
9 12940 1
9 16834 1
9 19599 1
9 1169 1
9 13459 1
9 15508 3
9 15512 1
9 15001 1
9 13979 1
9 16544 1
9 16547 1
9 10407 2
9 22186 1
9 22188 1
9 9901 1
9 12463 1
9 12465 2
9 12466 2
9 12471 1
9 7870 1
9 11969 1
9 20431 1
9 7888 1
9 18645 1
9 11479 1
9 9435 1
9 10972 1
9 10975 1
9 16608 1
9 19716 1
9 745 1
9 1167 1
9 17143 1
9 17659 1
9 8445 1
9 1281 1
9 4866 1
9 6699 1
9 11524 1
9 5382 1
9 20012 1
9 20234 1
9 12556 1
9 6926 1
9 13443 1
9 8989 1
9 800 1
9 17188 1
9 19238 1
9 1835 1
9 2349 1
9 1067 1
9 10552 1
9 7938 2
9 16701 1
9 3392 1
9 8518 1
9 6982 1
9 6984 1
9 6985 1
9 6989 2
9 21841 1
9 4434 1
9 5973 1
9 1371 1
9 22369 1
9 873 1
9 3948 1
9 11632 2
9 16248 1
9 12670 1
9 12671 1
9 14721 1
9 14214 1
9 17290 1
9 7575 1
9 909 1
9 17806 1
9 22418 1
9 18835 1
9 22422 1
9 6809 2
9 13723 1
9 12188 1
9 14752 1
9 22427 1
9 20389 1
9 5248 1
9 15648 1
9 5552 1
9 12209 1
9 4534 1
9 3000 1
9 11708 1
9 2493 1
9 11714 1
9 7110 1
9 10186 1
9 14583 2
9 17229 1
9 9684 2
9 13781 1
9 14807 1
9 19932 1
9 19933 1
9 21984 5
9 12625 1
9 4081 3
9 1010 1
9 16371 1
9 11771 1
10 12288 2
10 13316 4
10 8197 1
10 2220 1
10 16301 1
10 1369 1
10 1048 1
10 19993 12
10 16794 1
10 3419 1
10 20010 1
10 22572 1
10 1582 1
10 7537 1
10 12343 1
10 22585 1
10 8260 2
10 20552 2
10 15948 2
10 15952 1
10 21586 8
10 3259 2
10 13912 1
10 1627 1
10 15971 1
10 12390 1
10 22119 1
10 7785 1
10 8298 1
10 4199 1
10 6124 1
10 11887 2
10 14448 1
10 21617 2
10 626 1
10 17012 1
10 10358 1
10 632 1
10 21627 1
10 22141 1
10 5246 1
10 8319 2
10 22144 1
10 21696 2
10 18052 1
10 13445 2
10 648 1
10 18569 1
10 18455 1
10 19596 1
10 1167 1
10 3217 1
10 6802 1
10 15508 7
10 15512 2
10 11931 1
10 9891 1
10 7110 1
10 18086 1
10 10407 4
10 10408 6
10 22188 2
10 12461 2
10 12462 3
10 12463 2
10 7856 1
10 9398 1
10 3768 1
10 3769 1
10 11963 1
10 3772 3
10 7870 2
10 14016 1
10 21699 1
10 2244 1
10 12663 1
10 4818 3
10 12665 1
10 7901 1
10 1758 1
10 13937 1
10 22383 1
10 14574 2
10 7408 1
10 2003 1
10 20727 1
10 9977 1
10 15610 1
10 15613 1
10 18686 2
10 3329 5
10 7938 1
10 4868 2
10 16135 1
10 11820 1
10 16855 1
10 20238 1
10 20239 1
10 13073 2
10 4884 1
10 15641 4
10 15642 1
10 7963 7
10 7964 3
10 4058 1
10 20255 1
10 20256 1
10 20260 1
10 16547 1
10 12585 2
10 17706 1
10 2348 3
10 7471 2
10 7984 1
10 8502 1
10 13961 1
10 15160 1
10 6459 1
10 17290 2
10 15170 1
10 3395 1
10 6982 1
10 18759 1
10 17225 1
10 1608 1
10 22327 1
10 10210 2
10 18766 3
10 20877 2
10 10064 1
10 12625 3
10 7139 1
10 19588 1
10 625 1
10 4441 1
10 9050 3
10 8079 1
10 16225 1
10 12091 1
10 20329 1
10 18287 1
10 13681 1
10 20343 3
10 8568 1
10 21652 1
10 9086 1
10 19839 1
10 2944 1
10 14721 1
10 18309 1
10 22408 12
10 22409 2
10 18314 8
10 909 1
10 4494 1
10 911 1
10 15763 2
10 917 1
10 11672 1
10 15257 1
10 15258 1
10 13723 1
10 13725 1
10 9635 1
10 7055 1
10 9129 1
10 12716 1
10 11181 1
10 15432 3
10 16308 1
10 4533 1
10 4534 1
10 17339 1
10 11708 2
10 22464 3
10 17859 2
10 3524 1
10 10182 1
10 14288 1
10 14290 1
10 19619 3
10 9684 1
10 13781 2
10 14294 1
10 12759 1
10 20442 1
10 8156 2
10 15329 1
10 12770 1
10 19939 1
10 4433 1
10 10220 1
10 16367 1
10 21160 1
10 16371 1
10 14324 1
10 16888 1
10 11771 2
10 6652 6
11 12288 1
11 16898 1
11 9901 1
11 1048 1
11 19993 2
11 20012 2
11 15610 1
11 9777 2
11 12852 1
11 12341 1
11 3935 1
11 6718 1
11 7237 1
11 15434 1
11 13901 1
11 21586 1
11 1626 1
11 1627 1
11 15849 1
11 5732 1
11 9831 1
11 3176 1
11 13937 1
11 6770 1
11 20343 1
11 15490 1
11 18051 1
11 14469 1
11 6790 1
11 13961 1
11 1163 1
11 3217 1
11 15508 5
11 15512 3
11 6809 1
11 16543 1
11 16544 1
11 18081 1
11 16547 1
11 10408 1
11 4267 1
11 12461 1
11 12465 1
11 7870 1
11 16075 1
11 4818 1
11 9442 1
11 12007 2
11 15096 1
11 11514 1
11 15612 1
11 15616 1
11 14082 1
11 19716 1
11 15621 1
11 22295 1
11 20254 2
11 7463 1
11 7481 1
11 6464 1
11 16705 1
11 13451 1
11 20809 1
11 17228 1
11 18766 1
11 14677 1
11 4438 1
11 20315 1
11 3934 3
11 16223 1
11 18806 1
11 15735 1
11 18809 1
11 13695 1
11 19328 1
11 12163 1
11 11662 1
11 405 1
11 20384 1
11 4016 1
11 4017 2
11 12212 2
11 4533 1
11 8636 1
11 12734 1
11 22464 1
11 13763 1
11 17861 1
11 16545 1
11 460 1
11 8781 1
11 9550 1
11 7638 1
11 9687 1
11 18907 1
11 8668 1
11 4090 4
11 10210 1
11 11771 1
11 6121 1
11 3060 1
11 17935 1
11 6650 1
11 4603 1
11 6652 2
12 12288 2
12 11787 1
12 11792 1
12 20505 1
12 5551 1
12 5149 1
12 16414 1
12 15903 1
12 10928 1
12 6694 1
12 20519 1
12 14379 1
12 20012 1
12 10798 1
12 16431 1
12 1074 1
12 7220 1
12 13881 1
12 19519 1
12 15432 1
12 15433 1
12 8778 1
12 13389 1
12 21586 2
12 9124 1
12 15458 1
12 15971 1
12 3175 1
12 21613 2
12 16494 1
12 4723 1
12 15494 1
12 13453 1
12 19598 1
12 15434 1
12 19993 2
12 13979 1
12 18080 1
12 16547 1
12 4263 1
12 22188 2
12 12464 1
12 12465 1
12 12466 1
12 20388 1
12 6844 1
12 7870 1
12 21696 1
12 708 1
12 7888 1
12 14545 1
12 11482 1
12 10972 1
12 7901 1
12 7902 1
12 10975 2
12 16103 1
12 16616 1
12 748 1
12 21233 1
12 17142 1
12 8445 1
12 4868 1
12 17671 1
12 17681 1
12 16661 1
12 16662 1
12 22295 1
12 6938 1
12 3869 1
12 1670 1
12 13611 1
12 2351 1
12 15666 1
12 19764 1
12 7477 1
12 6969 1
12 19770 1
12 831 1
12 833 1
12 16804 2
12 12625 2
12 14677 2
12 9047 1
12 4440 2
12 18267 1
12 21351 1
12 6506 1
12 9069 1
12 9071 1
12 5489 1
12 9589 1
12 15735 1
12 18808 1
12 11645 1
12 12670 1
12 19840 1
12 5509 1
12 20119 1
12 4492 1
12 18324 1
12 20384 2
12 17313 1
12 18852 1
12 16302 1
12 1967 1
12 9139 1
12 436 1
12 6075 1
12 7101 1
12 1440 1
12 15820 1
12 9169 1
12 16035 1
12 9172 1
12 16855 1
12 6052 1
12 10205 1
12 10206 1
12 11771 1
12 15845 1
12 8188 1
12 22508 1
12 496 1
12 501 1
12 7160 1
12 6651 1
12 6652 2
12 11262 1
13 12288 1
13 19460 2
13 19464 1
13 16399 1
13 22040 1
13 19993 3
13 20012 1
13 9777 2
13 12852 1
13 5687 1
13 3652 1
13 15432 2
13 13389 1
13 15438 1
13 6464 1
13 21586 4
13 4623 1
13 1627 1
13 7778 1
13 3171 1
13 22119 1
13 4541 1
13 14448 2
13 21618 2
13 631 1
13 641 1
13 13443 2
13 6790 1
13 6290 1
13 15508 2
13 13979 1
13 16543 2
13 18081 1
13 16547 3
13 10408 1
13 17066 1
13 6770 1
13 12462 1
13 12464 3
13 12465 2
13 12471 2
13 3259 2
13 16064 1
13 11969 1
13 7876 1
13 11042 1
13 14543 1
13 4818 2
13 7380 1
13 7897 1
13 12510 1
13 4831 1
13 9442 1
13 9443 1
13 19174 1
13 16103 1
13 12013 1
13 15615 2
13 8449 1
13 4867 1
13 4868 1
13 18181 1
13 3339 1
13 4364 1
13 4884 1
13 12053 1
13 12505 1
13 8988 1
13 2846 1
13 13090 1
13 12585 4
13 17707 1
13 7471 1
13 5936 1
13 1842 1
13 1844 1
13 3386 1
13 12091 1
13 3392 1
13 4576 1
13 834 1
13 22340 1
13 9030 1
13 6984 1
13 17228 1
13 12110 1
13 4433 1
13 2387 1
13 14677 2
13 16215 2
13 1369 1
13 1375 1
13 2407 1
13 8040 1
13 873 1
13 11632 2
13 2416 1
13 20343 2
13 3456 1
13 3457 2
13 11662 1
13 17810 1
13 7236 1
13 12188 1
13 17312 2
13 16806 1
13 21419 1
13 2990 1
13 21064 1
13 4532 1
13 22457 1
13 17339 1
13 8636 4
13 11709 1
13 22464 3
13 4558 1
13 9167 1
13 9171 1
13 12250 1
13 10206 1
13 10208 2
13 11771 2
13 10725 1
13 10219 1
13 4081 1
13 4084 1
13 503 1
13 6651 1
13 6652 2
13 22186 1
14 12288 1
14 6658 1
14 15617 1
14 22026 1
14 16898 1
14 4441 1
14 9755 1
14 18975 1
14 20519 1
14 7687 1
14 20012 2
14 3629 1
14 2097 1
14 19514 1
14 3647 1
14 20547 2
14 7236 1
14 20550 1
14 16968 1
14 15434 1
14 6733 1
14 18510 1
14 592 2
14 21586 1
14 5207 1
14 12977 1
14 21605 1
14 21613 1
14 22132 1
14 6773 1
14 11113 1
14 17017 1
14 7298 1
14 13445 1
14 6791 1
14 13961 1
14 14475 1
14 13452 1
14 14478 1
14 14479 1
14 11632 1
14 14489 1
14 13979 1
14 12446 1
14 16543 1
14 4257 1
14 16547 1
14 4263 3
14 10410 1
14 15532 1
14 4782 1
14 4271 1
14 16049 2
14 13493 1
14 15903 1
14 15037 1
14 14283 1
14 11979 1
14 20686 1
14 14543 1
14 4308 1
14 18645 1
14 5348 1
14 5352 1
14 748 2
14 4343 1
14 20225 1
14 20227 1
14 4868 1
14 4870 1
14 3339 1
14 14978 1
14 15119 1
14 7952 1
14 17681 1
14 16661 1
14 15128 1
14 20255 1
14 9777 1
14 3881 1
14 2348 1
14 17202 1
14 4238 1
14 15666 1
14 10552 1
14 6489 1
14 22340 1
14 21318 1
14 13129 1
14 12625 1
14 22355 1
14 3412 1
14 14677 5
14 4438 1
14 9047 1
14 15705 1
14 22369 1
14 15717 1
14 18793 1
14 9069 2
14 9071 1
14 13168 1
14 3953 1
14 21874 1
14 21364 2
14 20343 1
14 1915 1
14 12670 1
14 3458 1
14 12663 1
14 5509 1
14 17813 1
14 409 1
14 22428 1
14 14751 1
14 17312 1
14 16804 1
14 16806 1
14 15273 1
14 10155 1
14 2990 1
14 1455 1
14 11192 1
14 14836 1
14 8636 3
14 17861 1
14 13255 1
14 14794 1
14 4555 1
14 15820 1
14 1997 1
14 9167 1
14 13776 1
14 16035 1
14 9686 1
14 16891 1
14 11237 1
14 3060 1
14 10263 1
14 11771 1
14 6652 2
14 18773 1
15 12800 1
15 10244 1
15 5638 1
15 19464 1
15 19476 1
15 19478 1
15 22551 1
15 20505 1
15 15903 1
15 4128 1
15 7717 1
15 6695 1
15 11817 1
15 8749 1
15 8238 2
15 16432 3
15 15539 1
15 16966 1
15 14407 1
15 15432 2
15 11850 1
15 11851 2
15 592 1
15 21586 2
15 15448 1
15 21605 1
15 6844 1
15 17004 3
15 20592 1
15 15808 1
15 632 1
15 8375 1
15 13952 1
15 22464 1
15 5142 1
15 14470 1
15 18569 1
15 13963 1
15 11714 1
15 4263 2
15 9901 1
15 21692 1
15 19124 2
15 5815 1
15 2745 1
15 8892 2
15 20686 1
15 7380 1
15 2264 1
15 10972 1
15 19460 1
15 1269 1
15 8445 1
15 4868 1
15 773 1
15 4364 2
15 6925 1
15 5390 1
15 7952 1
15 17681 1
15 4884 1
15 18197 1
15 21295 2
15 8988 1
15 1669 1
15 8995 1
15 5929 1
15 7471 1
15 1844 1
15 9536 1
15 15499 1
15 4438 2
15 7514 1
15 18267 2
15 11113 1
15 9069 1
15 5509 1
15 10096 1
15 20343 1
15 16773 1
15 902 1
15 4496 1
15 10644 2
15 20384 3
15 3058 1
15 2990 1
15 5553 1
15 7584 2
15 15434 1
15 4032 1
15 7617 1
15 4546 1
15 13255 1
15 5624 1
15 5625 3
15 10205 1
15 5885 1
15 498 1
15 15863 1
15 18424 1
15 20473 1
15 15869 1
16 9729 1
16 13834 1
16 4364 1
16 5391 1
16 9637 1
16 19124 1
16 1844 1
16 12604 1
16 3978 1
16 4032 1
16 12357 1
16 8778 1
16 20429 1
16 12625 2
16 8797 1
16 10206 1
16 7392 1
16 16998 1
16 11760 1
16 20593 1
16 5623 2
16 2812 1
16 15869 1
