1 12288 1
1 14592 1
1 9733 1
1 9232 1
1 19478 1
1 22551 2
1 20505 1
1 4128 1
1 16417 1
1 1063 1
1 1576 1
1 22571 1
1 3629 2
1 12852 1
1 21558 1
1 6203 1
1 18528 1
1 3340 1
1 13388 1
1 13389 1
1 9294 1
1 13398 1
1 15456 1
1 22119 1
1 21613 2
1 11887 2
1 6770 1
1 17016 2
1 14969 1
1 13435 1
1 20095 1
1 21633 1
1 10897 1
1 2713 1
1 14495 1
1 17062 1
1 4263 1
1 22188 1
1 1709 1
1 3758 1
1 15031 1
1 11449 1
1 4795 1
1 18108 1
1 20256 1
1 11979 1
1 11471 1
1 2257 1
1 6355 1
1 12501 1
1 2273 1
1 1266 1
1 1280 1
1 8449 1
1 21250 1
1 4868 1
1 9479 1
1 4364 1
1 2322 1
1 18197 1
1 797 1
1 8992 1
1 5935 1
1 14730 1
1 8512 1
1 22340 1
1 9543 1
1 20808 1
1 7508 1
1 854 1
1 9047 1
1 2394 1
1 15199 1
1 13159 1
1 21363 1
1 5499 1
1 17790 1
1 21887 1
1 6464 1
1 18818 1
1 16775 1
1 17290 1
1 395 1
1 8079 1
1 20384 1
1 1443 1
1 15273 1
1 17324 1
1 9645 1
1 16304 1
1 9145 1
1 9887 2
1 22464 1
1 11714 4
1 588 1
1 18510 1
1 2522 1
1 19939 1
1 10725 1
1 16358 1
1 7655 1
1 15850 1
2 12288 1
2 14592 1
2 19464 1
2 13834 1
2 13835 1
2 4110 1
2 4111 3
2 22032 2
2 8722 1
2 13843 1
2 13418 1
2 4868 1
2 16410 1
2 17435 2
2 13852 1
2 21536 1
2 5390 1
2 554 1
2 555 1
2 15404 1
2 3629 2
2 4654 1
2 691 1
2 3636 2
2 21557 1
2 17975 1
2 11832 1
2 19124 1
2 3643 1
2 4668 1
2 12349 1
2 4670 1
2 3649 1
2 20547 2
2 12870 1
2 15432 1
2 4364 1
2 15434 1
2 13388 1
2 13901 1
2 12878 1
2 21586 2
2 20343 1
2 15444 1
2 10973 1
2 13398 6
2 599 1
2 2140 1
2 1119 1
2 19553 1
2 15971 1
2 100 1
2 18876 1
2 12394 1
2 3181 1
2 11887 1
2 14448 3
2 19057 1
2 6770 1
2 4115 1
2 1141 1
2 3702 1
2 6776 1
2 15994 1
2 20927 1
2 3197 2
2 15893 1
2 22464 1
2 13444 2
2 15494 1
2 9351 1
2 13961 1
2 14475 1
2 20109 1
2 5400 1
2 3220 3
2 15556 1
2 9412 1
2 16539 1
2 16540 1
2 669 1
2 9072 2
2 12962 1
2 17947 1
2 4263 1
2 10410 1
2 9901 1
2 3961 1
2 9331 1
2 4276 1
2 12471 1
2 15033 1
2 3258 1
2 19133 6
2 7873 1
2 13507 1
2 18628 1
2 13515 1
2 16588 1
2 719 1
2 7380 1
2 20695 2
2 11992 1
2 9167 3
2 10972 1
2 19578 1
2 4831 1
2 17121 1
2 8420 1
2 7397 1
2 1917 1
2 6514 1
2 16105 1
2 6383 1
2 13182 1
2 22262 1
2 15609 1
2 15610 1
2 21290 1
2 588 1
2 8449 5
2 8451 1
2 3332 1
2 3201 1
2 12503 1
2 3340 1
2 19726 1
2 8749 1
2 7952 1
2 4884 1
2 16430 1
2 19734 1
2 2839 2
2 15128 1
2 7451 1
2 797 1
2 901 1
2 800 1
2 11568 1
2 15651 1
2 21781 2
2 19238 1
2 1834 1
2 11563 1
2 7471 1
2 18736 1
2 14387 1
2 3895 1
2 13113 1
2 19258 1
2 6623 1
2 3393 1
2 4418 1
2 15177 1
2 17228 1
2 21305 2
2 12625 1
2 9555 1
2 7508 1
2 14677 1
2 9047 1
2 19172 1
2 21851 1
2 7516 1
2 8421 1
2 22369 1
2 1890 1
2 8507 1
2 3428 1
2 13670 1
2 3217 2
2 17163 1
2 20329 2
2 5994 1
2 2279 1
2 9069 3
2 15216 1
2 15217 1
2 21874 1
2 13174 1
2 13033 1
2 377 1
2 15739 1
2 893 2
2 1918 1
2 13697 1
2 14725 1
2 7558 1
2 7559 1
2 10632 1
2 8685 1
2 7570 1
2 3991 1
2 3992 1
2 13723 1
2 7582 1
2 8607 1
2 20384 1
2 15777 1
2 9122 1
2 1446 1
2 15273 1
2 22442 1
2 4013 1
2 4014 1
2 5552 1
2 4019 1
2 15774 1
2 18505 1
2 15800 1
2 1465 1
2 12218 1
2 11708 1
2 11821 1
2 4030 1
2 7103 1
2 15808 1
2 15751 1
2 11340 1
2 4555 1
2 15820 1
2 17359 1
2 19408 1
2 22571 1
2 14290 1
2 7124 1
2 14301 1
2 18911 1
2 13331 2
2 10723 1
2 18406 1
2 19943 1
2 8683 1
2 22508 1
2 2541 1
2 16367 1
2 2544 1
2 12791 1
2 6652 1
2 20478 1
2 18005 1
3 12288 1
3 19460 2
3 7341 1
3 15192 1
3 15893 1
3 10264 1
3 17435 1
3 14876 1
3 602 1
3 3621 1
3 11303 1
3 22571 1
3 8236 1
3 3629 1
3 9777 1
3 1076 1
3 12342 1
3 13881 1
3 12858 1
3 1889 1
3 18505 2
3 12471 1
3 13389 1
3 21586 2
3 3674 1
3 5727 2
3 18876 1
3 14448 1
3 1163 1
3 1141 1
3 1147 1
3 3197 1
3 14649 1
3 18051 1
3 7303 1
3 18568 1
3 14475 1
3 19596 1
3 21136 1
3 13969 1
3 17046 1
3 19616 1
3 13474 1
3 13475 1
3 9380 1
3 13477 1
3 11942 2
3 4267 1
3 9901 1
3 17225 1
3 10269 1
3 19124 1
3 8649 1
3 18108 2
3 19133 4
3 9919 1
3 13504 1
3 18116 1
3 20167 2
3 13516 1
3 14543 1
3 20695 2
3 719 1
3 10972 1
3 10973 1
3 4831 1
3 18148 1
3 17637 1
3 5356 1
3 14081 3
3 770 1
3 4867 3
3 2309 1
3 12673 2
3 7433 1
3 17163 1
3 4364 1
3 3342 1
3 2839 1
3 17170 2
3 17539 1
3 22295 2
3 6943 1
3 20256 1
3 6947 2
3 19238 1
3 20778 1
3 18222 2
3 9520 2
3 16691 1
3 21305 2
3 4414 3
3 3907 2
3 3908 1
3 3909 2
3 3913 1
3 8012 2
3 8013 1
3 847 2
3 21841 1
3 12857 1
3 4440 1
3 18267 1
3 22368 1
3 22369 1
3 17041 1
3 9069 1
3 20847 2
3 1906 1
3 12151 1
3 19837 1
3 1409 1
3 13190 1
3 16775 2
3 906 1
3 395 1
3 10637 1
3 3991 1
3 3992 2
3 17818 1
3 7582 1
3 8607 1
3 20384 1
3 13223 1
3 4521 1
3 11335 1
3 5554 1
3 9033 1
3 13242 1
3 8636 1
3 21949 1
3 16831 1
3 18882 1
3 15817 1
3 4555 1
3 4557 1
3 9167 1
3 3536 1
3 14807 2
3 5593 1
3 15835 1
3 4433 2
3 7660 1
3 16366 1
3 16367 1
3 16373 1
3 4601 1
3 13822 1
4 12288 1
4 7684 1
4 9733 1
4 22032 2
4 4115 1
4 4116 1
4 19478 2
4 22551 1
4 12825 1
4 2394 2
4 12805 1
4 21536 1
4 15907 1
4 1798 1
4 11815 1
4 21841 1
4 14088 1
4 8753 1
4 3636 1
4 12342 1
4 7224 1
4 4668 2
4 3647 1
4 20064 3
4 3652 1
4 10337 1
4 18505 2
4 587 1
4 12878 1
4 9807 1
4 21586 2
4 8425 1
4 7776 1
4 7777 1
4 16998 1
4 10727 1
4 13418 1
4 16609 1
4 12910 2
4 6773 1
4 22464 1
4 10262 1
4 11398 1
4 5996 1
4 15499 1
4 7823 1
4 21136 1
4 17041 2
4 14495 1
4 11632 1
4 4263 2
4 10408 1
4 17067 1
4 9901 1
4 3759 1
4 13490 1
4 19131 1
4 19133 5
4 703 1
4 20167 3
4 13516 1
4 11471 1
4 7888 1
4 4819 2
4 7380 1
4 10453 1
4 11478 1
4 22232 1
4 719 1
4 3621 1
4 13537 1
4 17312 1
4 18148 1
4 21733 1
4 17638 1
4 5864 1
4 1900 1
4 12018 1
4 9777 1
4 22262 1
4 18174 1
4 14037 1
4 8449 1
4 4867 1
4 19204 1
4 2310 1
4 12673 1
4 7432 1
4 17162 1
4 3342 1
4 17681 1
4 2947 2
4 18197 1
4 19734 1
4 7471 1
4 4381 1
4 4382 1
4 21279 1
4 4384 1
4 13085 1
4 11995 1
4 8683 1
4 7729 1
4 16682 1
4 21295 1
4 16177 1
4 15666 1
4 7477 1
4 14649 1
4 11068 1
4 6976 1
4 15681 2
4 13963 1
4 5959 1
4 17737 1
4 17229 2
4 8015 1
4 12625 1
4 14677 1
4 4438 2
4 21305 3
4 1881 1
4 20112 1
4 15709 1
4 14827 1
4 4960 1
4 22369 2
4 19601 1
4 15722 1
4 8043 1
4 364 1
4 9069 1
4 15216 2
4 10098 1
4 12663 1
4 7544 1
4 11641 1
4 3392 1
4 18818 1
4 1411 1
4 16775 1
4 7055 1
4 9105 1
4 4499 1
4 15903 1
4 1889 1
4 4000 2
4 15777 1
4 8611 1
4 13445 2
4 9644 1
4 2990 1
4 5551 1
4 6066 1
4 22463 1
4 15808 1
4 16833 1
4 11714 1
4 7619 1
4 17349 1
4 17313 1
4 3529 1
4 16333 1
4 8144 1
4 7634 1
4 14306 1
4 17892 1
4 5969 1
4 7658 1
4 17387 2
4 4589 1
4 4599 1
4 15864 1
4 8187 1
5 12288 3
5 22024 1
5 22030 2
5 11792 1
5 3609 1
5 3610 1
5 11294 1
5 15903 1
5 11815 1
5 555 1
5 6514 1
5 17672 1
5 12342 1
5 11835 1
5 2113 1
5 4679 2
5 12360 1
5 11850 2
5 1099 2
5 6734 1
5 15971 1
5 22119 1
5 18023 1
5 18028 1
5 21620 1
5 4218 1
5 14459 1
5 18197 1
5 19589 1
5 20113 1
5 7830 1
5 16543 1
5 8352 2
5 22188 1
5 9901 1
5 11439 1
5 19634 1
5 6686 1
5 5304 1
5 19133 2
5 21696 1
5 8898 1
5 22232 1
5 10975 1
5 748 1
5 14575 1
5 3844 2
5 14583 1
5 15096 1
5 11007 1
5 11524 1
5 17671 1
5 20232 1
5 3339 1
5 4364 1
5 13069 1
5 17678 1
5 21264 2
5 16661 1
5 19743 1
5 20774 1
5 7463 1
5 21305 2
5 4831 1
5 21312 1
5 22340 1
5 12103 1
5 21841 1
5 14677 2
5 2394 1
5 19808 1
5 15717 1
5 13679 3
5 15216 1
5 10098 1
5 12151 1
5 17788 1
5 17791 1
5 7553 1
5 18818 1
5 14725 1
5 3975 1
5 17290 1
5 17810 1
5 8086 1
5 14744 1
5 20384 1
5 13445 1
5 12713 1
5 5554 1
5 12216 1
5 11708 2
5 11714 1
5 9167 1
5 14584 2
5 6622 1
5 6112 1
5 10725 1
5 4070 1
5 18919 2
5 20971 1
5 16364 1
5 15856 1
5 6651 1
5 15869 1
5 5118 3
6 15874 1
6 5149 1
6 2063 2
6 10263 1
6 3609 1
6 3610 2
6 5661 1
6 15903 3
6 15400 1
6 16938 1
6 15404 1
6 8238 1
6 16431 1
6 12852 1
6 9270 1
6 13881 1
6 16442 1
6 2108 1
6 13887 1
6 1376 1
6 19526 1
6 4680 1
6 8778 1
6 1099 1
6 588 2
6 13389 1
6 2640 3
6 5717 1
6 7952 1
6 101 1
6 18023 2
6 10857 1
6 18029 1
6 18030 2
6 14448 1
6 10360 1
6 633 1
6 16832 1
6 22551 3
6 17105 1
6 13979 1
6 22175 1
6 11632 1
6 19619 1
6 13477 1
6 11434 1
6 22188 1
6 12973 1
6 11293 1
6 5301 1
6 7862 1
6 7863 1
6 11449 1
6 8892 2
6 19133 2
6 13516 1
6 11981 1
6 20686 2
6 721 1
6 12505 1
6 1754 2
6 10972 1
6 10975 1
6 6372 1
6 19174 1
6 14033 1
6 19694 2
6 13182 1
6 20010 1
6 15317 1
6 3844 1
6 17671 1
6 3339 1
6 4364 1
6 21264 2
6 13073 1
6 281 1
6 13611 1
6 21305 2
6 21818 1
6 21727 1
6 7485 1
6 6982 1
6 12103 3
6 4941 1
6 12110 1
6 11600 1
6 4433 1
6 15706 1
6 4960 1
6 5993 1
6 9069 2
6 13679 3
6 15216 1
6 21369 1
6 12670 1
6 3455 1
6 2944 1
6 7553 1
6 15751 1
6 3991 1
6 7069 1
6 15774 1
6 20384 1
6 18852 2
6 8518 1
6 5551 1
6 19900 2
6 22464 6
6 11714 1
6 15817 1
6 17229 1
6 9171 2
6 7637 2
6 21464 1
6 11684 1
6 16363 1
6 4078 1
6 5118 1
7 7680 1
7 8449 1
7 7684 2
7 14725 1
7 12288 1
7 7687 2
7 16520 1
7 11180 1
7 1844 1
7 4366 1
7 12943 1
7 22032 1
7 16728 1
7 10644 1
7 22551 1
7 19460 1
7 3099 1
7 15903 3
7 7584 1
7 8568 1
7 19619 1
7 5382 1
7 21845 1
7 3881 1
7 12103 2
7 11436 1
7 12973 1
7 15752 1
7 6066 1
7 11444 1
7 5301 3
7 1076 1
7 13884 1
7 11821 2
7 17312 1
7 603 1
7 12100 1
7 22262 1
7 5447 1
7 12360 1
7 14583 1
7 20686 2
7 248 1
7 16519 1
7 10963 1
7 18005 1
7 16727 1
7 11992 1
7 2063 1
7 10972 1
7 3421 1
7 19132 1
7 101 1
7 16998 1
7 12625 1
7 15976 1
7 10985 1
7 16363 2
7 873 1
7 13800 1
7 15218 1
7 4435 1
7 13428 1
7 10358 1
7 5623 3
7 10360 2
7 8187 1
7 5246 1
7 20095 1
8 7680 1
8 11779 1
8 7684 3
8 9645 1
8 22032 1
8 22551 10
8 10264 1
8 22557 1
8 12325 1
8 12329 1
8 3629 1
8 8238 4
8 1076 2
8 7224 1
8 13884 1
8 17992 1
8 11850 1
8 21586 1
8 15971 1
8 18004 1
8 5717 1
8 18519 1
8 16996 1
8 11874 1
8 99 1
8 100 2
8 7782 1
8 16998 2
8 3175 1
8 8892 2
8 17004 4
8 11887 1
8 14448 2
8 20593 1
8 13428 1
8 17016 1
8 13951 1
8 6786 1
8 19588 1
8 1669 1
8 1671 1
8 13963 1
8 1167 2
8 1168 1
8 7313 1
8 10901 1
8 16544 2
8 20642 1
8 16035 1
8 4263 1
8 19624 1
8 17067 1
8 15532 1
8 19124 1
8 4277 1
8 15033 1
8 4795 2
8 700 1
8 19133 5
8 719 1
8 5332 1
8 10972 1
8 4831 1
8 5364 1
8 15609 1
8 2812 1
8 8449 3
8 4868 1
8 2310 1
8 18185 3
8 20234 1
8 4364 1
8 6925 1
8 17169 1
8 3351 2
8 8988 1
8 8992 1
8 19238 1
8 2348 1
8 18222 1
8 21295 2
8 1844 2
8 10975 1
8 20284 1
8 16193 1
8 15499 2
8 5448 1
8 17225 1
8 8013 2
8 8014 1
8 20303 1
8 19599 1
8 13969 1
8 4668 1
8 9072 2
8 15218 1
8 15220 1
8 15222 3
8 15227 2
8 13697 1
8 16363 1
8 904 1
8 3992 1
8 17312 3
8 15777 1
8 13730 1
8 429 1
8 17840 1
8 17331 1
8 3060 1
8 12218 1
8 22464 1
8 15776 1
8 11714 3
8 13255 2
8 5623 4
8 14286 1
8 17229 1
8 15317 2
8 4058 3
8 4571 1
8 10206 1
8 18403 1
8 10407 1
8 16367 1
8 7666 1
8 18420 1
8 18423 1
8 10263 1
8 5625 1
8 8188 1
8 6741 1
9 12288 1
9 8706 1
9 10244 1
9 7687 2
9 1546 1
9 1547 1
9 13229 1
9 22032 1
9 19476 1
9 5654 1
9 22551 1
9 16920 1
9 15903 3
9 8749 1
9 7216 1
9 7217 1
9 9268 1
9 19124 3
9 13883 1
9 13884 1
9 9792 1
9 7236 1
9 11334 1
9 8778 2
9 17484 1
9 21586 3
9 1895 1
9 5717 2
9 18524 1
9 8797 1
9 15971 1
9 100 1
9 101 1
9 16998 1
9 17000 3
9 7785 1
9 13159 1
9 17004 1
9 11887 2
9 17521 1
9 6770 1
9 10360 1
9 18553 1
9 19580 1
9 13950 1
9 19588 1
9 19589 1
9 16833 1
9 12937 2
9 12426 1
9 13847 1
9 15500 1
9 12429 1
9 1167 1
9 10897 2
9 9875 3
9 3221 2
9 11547 1
9 13467 1
9 19619 5
9 5801 1
9 17067 1
9 14509 1
9 5806 1
9 797 1
9 11444 1
9 19126 2
9 12471 1
9 5818 1
9 8379 1
9 8892 1
9 19133 4
9 7870 1
9 21187 1
9 20168 1
9 20686 3
9 10872 1
9 4818 1
9 7379 1
9 3278 1
9 21094 1
9 20695 1
9 22232 1
9 12505 1
9 19675 1
9 13532 1
9 10464 6
9 2273 1
9 13026 1
9 10467 2
9 22245 2
9 11496 1
9 10985 3
9 20690 2
9 20721 1
9 20722 4
9 16888 1
9 15604 1
9 15096 1
9 15102 1
9 10498 1
9 2307 1
9 4868 2
9 3849 1
9 20234 1
9 14093 1
9 2835 1
9 16661 1
9 15643 1
9 281 1
9 1818 2
9 1819 1
9 11549 1
9 2949 1
9 18210 3
9 10531 1
9 18212 1
9 10533 1
9 3633 1
9 5929 1
9 17706 1
9 17707 2
9 18222 1
9 18227 1
9 17206 1
9 1335 1
9 21817 2
9 19258 1
9 20284 1
9 15754 2
9 8512 1
9 22340 1
9 21318 1
9 19784 1
9 13452 1
9 20303 1
9 15184 1
9 4433 1
9 9047 1
9 5460 1
9 14677 1
9 4438 1
9 21305 4
9 6489 1
9 1370 1
9 18267 1
9 5433 1
9 8421 1
9 19811 1
9 21905 1
9 19816 1
9 13161 1
9 10727 1
9 2416 1
9 22385 1
9 6593 1
9 12663 1
9 10644 1
9 11708 3
9 7829 1
9 14725 1
9 3974 1
9 16775 1
9 14730 1
9 12013 1
9 14225 1
9 22258 1
9 16276 1
9 4502 1
9 11672 3
9 12188 1
9 17312 1
9 4002 1
9 18851 2
9 11684 4
9 18853 1
9 7409 1
9 3498 1
9 12716 1
9 18162 1
9 12218 1
9 19900 2
9 3517 1
9 20384 2
9 11714 1
9 7110 1
9 13255 2
9 3528 1
9 12746 2
9 15820 1
9 9167 1
9 248 2
9 9171 1
9 14807 1
9 18852 1
9 8101 1
9 19938 1
9 12625 1
9 16873 1
9 16363 1
9 7660 1
9 16367 1
9 11760 1
9 6133 1
9 1014 1
9 5623 1
9 18975 1
9 11604 1
9 1019 1
9 18005 1
10 12288 1
10 15874 1
10 19460 1
10 12 1
10 3088 1
10 3090 1
10 19476 1
10 10265 1
10 4122 1
10 10269 1
10 6686 1
10 6687 1
10 12835 1
10 15404 1
10 9777 1
10 7219 1
10 1076 1
10 22581 1
10 3129 1
10 11104 1
10 15434 1
10 588 1
10 12878 1
10 592 1
10 21586 2
10 15971 1
10 18005 1
10 11870 1
10 22032 1
10 19131 1
10 7782 1
10 16998 1
10 6770 1
10 5246 1
10 3201 1
10 1669 1
10 22153 1
10 19601 1
10 4795 1
10 20642 1
10 10410 1
10 4779 1
10 3259 1
10 21692 1
10 19133 2
10 19147 1
10 13516 2
10 19149 1
10 7380 1
10 14037 1
10 15582 1
10 21733 1
10 10985 1
10 5867 1
10 22252 1
10 5929 1
10 16120 1
10 15621 1
10 4364 3
10 17168 1
10 17229 1
10 16679 1
10 2344 1
10 3881 1
10 16177 1
10 15666 1
10 1844 1
10 10974 1
10 21305 1
10 3903 1
10 10051 3
10 15688 1
10 8013 1
10 12625 1
10 11603 1
10 910 2
10 14649 1
10 15706 1
10 7397 1
10 22368 1
10 17484 1
10 13161 1
10 13685 1
10 7553 1
10 14725 1
10 395 1
10 909 1
10 11662 1
10 21912 1
10 10644 1
10 3992 1
10 10650 1
10 4508 1
10 4002 1
10 4003 1
10 9641 1
10 19900 1
10 11714 1
10 13388 1
10 9167 1
10 9169 1
10 9691 1
10 10205 2
10 14306 1
10 17490 1
10 16373 1
10 7158 2
10 5623 2
10 18426 1
11 18818 1
11 2179 1
11 3333 1
11 2348 1
11 4746 1
11 269 1
11 6927 1
11 16272 1
11 8722 1
11 2243 1
11 10644 1
11 19478 1
11 15000 1
11 18162 1
11 11931 1
11 1308 1
11 1309 1
11 20384 1
11 11937 1
11 18851 1
11 5159 1
11 6812 1
11 15915 1
11 15404 1
11 15666 1
11 11293 1
11 14395 1
11 1074 1
11 1076 1
11 3629 1
11 15593 1
11 5940 1
11 3484 1
11 12716 1
11 21692 3
11 11709 1
11 14386 1
11 8383 1
11 7584 1
11 11714 1
11 20803 1
11 13255 1
11 8779 1
11 17996 1
11 1458 1
11 4945 1
11 21586 1
11 15971 1
11 14037 1
11 1844 1
11 3674 1
11 16347 1
11 20189 1
11 6622 1
11 6367 1
11 17168 1
11 17890 1
11 6331 1
11 16998 1
11 12625 1
11 11708 1
11 745 1
11 8684 1
11 7765 1
11 4079 1
11 10096 1
11 11634 1
11 17762 1
11 500 1
11 5623 1
11 9645 1
11 6887 1
11 18044 1
11 3060 1
11 5246 2
11 14677 1
12 12288 2
12 8193 3
12 15874 1
12 13316 1
12 8449 2
12 855 1
12 11522 1
12 20494 1
12 9133 1
12 17424 1
12 13776 1
12 10262 1
12 12312 1
12 12719 1
12 22557 1
12 13854 1
12 18463 2
12 12835 1
12 2596 2
12 8741 3
12 5150 1
12 22571 2
12 8236 1
12 1069 2
12 6702 2
12 14895 1
12 14896 1
12 9777 1
12 14386 1
12 4019 1
12 12852 1
12 6709 1
12 22281 1
12 6713 2
12 10299 1
12 17162 1
12 6718 1
12 19519 1
12 15432 1
12 22368 1
12 12354 3
12 20547 3
12 22198 3
12 16966 1
12 15431 2
12 17992 1
12 17993 1
12 15434 1
12 1099 1
12 10316 1
12 13389 3
12 6413 1
12 14416 1
12 13905 1
12 21586 5
12 13411 1
12 13398 1
12 13912 1
12 18013 4
12 11870 2
12 18016 3
12 7777 2
12 8803 1
12 20068 1
12 12390 1
12 22119 1
12 3688 2
12 7785 1
12 2666 1
12 622 2
12 14448 8
12 13937 11
12 13938 1
12 15128 1
12 1140 1
12 16831 1
12 10359 1
12 14969 1
12 14459 1
12 637 1
12 1152 1
12 13442 1
12 15494 1
12 9351 1
12 6281 1
12 1163 1
12 14121 1
12 17737 1
12 1167 1
12 9873 1
12 2706 2
12 3731 1
12 3220 2
12 22032 1
12 19607 1
12 14488 2
12 6809 2
12 4762 1
12 14492 1
12 20250 1
12 20532 1
12 15216 1
12 14499 1
12 17350 1
12 17521 2
12 10920 1
12 13440 1
12 22188 3
12 7854 2
12 12317 1
12 20168 2
12 1664 1
12 16054 1
12 12472 1
12 20155 1
12 8380 1
12 19133 2
12 7870 1
12 1648 1
12 22209 1
12 18628 5
12 20166 1
12 20167 1
12 18632 1
12 18633 1
12 8906 2
12 13516 2
12 3277 1
12 19149 1
12 18128 1
12 2770 1
12 10963 3
12 20695 1
12 2264 1
12 4826 1
12 15579 1
12 21726 1
12 8992 1
12 20125 1
12 16848 1
12 13027 1
12 21733 1
12 13030 1
12 11496 1
12 745 1
12 746 2
12 16679 6
12 19180 1
12 20690 2
12 9973 1
12 18159 3
12 7408 1
12 12018 4
12 6900 1
12 6389 1
12 2153 1
12 8161 1
12 15097 1
12 12026 1
12 12488 1
12 2814 1
12 1280 2
12 15617 1
12 7938 1
12 5089 1
12 4868 5
12 15621 1
12 14060 1
12 14088 2
12 2313 2
12 20234 1
12 3339 1
12 3340 1
12 19725 1
12 12559 1
12 17170 1
12 5191 1
12 19732 1
12 5934 1
12 19734 1
12 5399 1
12 17688 1
12 2841 1
12 6426 1
12 10014 1
12 8479 2
12 20256 1
12 19746 1
12 18661 1
12 20260 2
12 21126 1
12 8998 1
12 7463 3
12 5928 1
12 5929 1
12 12076 1
12 1074 2
12 17485 1
12 7471 1
12 5936 1
12 16177 1
12 10206 1
12 4406 1
12 12937 1
12 2873 2
12 19257 1
12 19771 2
12 1076 2
12 22581 1
12 8512 1
12 15169 2
12 22338 1
12 10051 1
12 15172 1
12 11708 1
12 7905 1
12 9033 2
12 19786 1
12 3915 1
12 14306 1
12 846 1
12 6484 1
12 4432 1
12 12625 4
12 995 2
12 8532 1
12 14677 11
12 20504 1
12 21305 3
12 5092 1
12 13658 1
12 18267 2
12 19723 1
12 3934 1
12 863 1
12 4448 1
12 22369 2
12 355 1
12 357 1
12 4497 1
12 3946 1
12 3947 1
12 20232 1
12 2416 1
12 2707 1
12 14709 1
12 13174 1
12 10985 3
12 16706 1
12 21883 1
12 18154 2
12 17790 1
12 14721 2
12 2911 1
12 15800 1
12 18426 1
12 1345 1
12 17041 1
12 9101 1
12 18818 1
12 4496 1
12 5016 1
12 20882 3
12 15763 1
12 10133 1
12 19312 1
12 12188 1
12 5022 1
12 17216 1
12 8611 1
12 18853 2
12 17947 1
12 22442 1
12 10465 1
12 11692 1
12 13229 2
12 7087 1
12 10161 2
12 22450 1
12 20915 1
12 5755 1
12 19041 1
12 10680 1
12 16223 1
12 8636 1
12 7103 2
12 22464 5
12 11201 1
12 16834 1
12 14276 1
12 4038 1
12 13255 1
12 4550 1
12 13388 2
12 1015 1
12 12870 1
12 16333 1
12 9167 5
12 14288 2
12 7432 1
12 13778 1
12 2003 1
12 6615 1
12 18907 2
12 8156 1
12 10205 1
12 8158 1
12 22496 1
12 15184 1
12 19938 1
12 22011 1
12 22500 1
12 6630 1
12 7655 1
12 2025 1
12 12779 1
12 8684 2
12 15616 1
12 11760 3
12 11835 1
12 6643 1
12 18686 1
12 22006 1
12 5111 1
12 17400 1
12 4601 1
12 16890 1
12 11771 3
12 10410 1
13 13316 1
13 9901 1
13 17424 1
13 13658 3
13 16430 1
13 12852 1
13 6713 1
13 4670 2
13 9792 1
13 20547 2
13 8262 1
13 13389 3
13 19023 1
13 11856 2
13 13905 1
13 21586 1
13 1627 3
13 4708 1
13 19562 1
13 621 1
13 11887 1
13 14448 2
13 13937 1
13 1139 1
13 1140 1
13 17016 1
13 14969 4
13 1669 1
13 1163 1
13 6798 1
13 21613 1
13 2706 2
13 14488 1
13 6809 1
13 1135 1
13 4252 1
13 9887 1
13 14500 2
13 1706 1
13 22188 1
13 7341 1
13 16049 1
13 21684 1
13 22198 2
13 8378 2
13 20155 1
13 18108 1
13 19133 4
13 7870 1
13 18628 1
13 12488 1
13 20681 1
13 8906 1
13 8908 1
13 721 1
13 4818 1
13 20262 1
13 22229 1
13 21967 1
13 10973 1
13 21733 1
13 10985 1
13 18159 3
13 12018 3
13 14579 1
13 13046 1
13 9979 1
13 17148 1
13 17151 1
13 8449 1
13 11522 1
13 10499 1
13 4868 1
13 4364 1
13 6418 1
13 2325 1
13 5910 1
13 17688 2
13 8479 2
13 19238 1
13 16679 1
13 14121 1
13 16682 1
13 13611 2
13 18222 1
13 21295 1
13 18232 1
13 21305 3
13 20794 2
13 7485 1
13 14145 1
13 16194 1
13 16197 1
13 15177 2
13 20813 1
13 20303 2
13 12625 2
13 14677 2
13 2394 1
13 18267 2
13 8421 1
13 22369 2
13 354 1
13 2407 1
13 9069 1
13 15216 1
13 7537 1
13 12151 1
13 15751 1
13 8587 1
13 17295 1
13 4496 3
13 20882 1
13 14743 1
13 11672 1
13 15774 1
13 5024 1
13 21923 1
13 18853 4
13 22442 1
13 19373 2
13 5554 1
13 10677 2
13 10681 1
13 8636 1
13 22464 2
13 4033 1
13 16835 1
13 13255 1
13 12746 1
13 1485 1
13 9167 1
13 467 1
13 9892 1
13 13278 1
13 20451 1
13 14821 1
13 21841 1
13 2552 1
14 16643 1
14 9092 1
14 854 1
14 7303 1
14 140 1
14 20237 1
14 20238 1
14 1167 1
14 22032 1
14 6804 1
14 5527 1
14 17688 1
14 5529 1
14 4122 1
14 16367 2
14 5534 1
14 8479 1
14 20384 4
14 376 2
14 19619 1
14 7055 1
14 20389 1
14 16193 1
14 3313 1
14 4079 1
14 15751 1
14 7471 2
14 2224 1
14 8641 1
14 3390 1
14 19124 5
14 20878 1
14 18633 1
14 2640 4
14 21305 5
14 8379 1
14 8636 1
14 19133 6
14 5182 1
14 21696 1
14 321 1
14 603 1
14 843 2
14 18628 2
14 11334 1
14 20449 1
14 18632 3
14 20236 3
14 2634 1
14 503 1
14 16333 1
14 14414 1
14 10831 1
14 22352 1
14 18424 1
14 21586 1
14 1619 2
14 17621 1
14 7638 1
14 15448 1
14 510 1
14 14682 2
14 18267 11
14 10972 3
14 14324 1
14 2271 1
14 22368 1
14 22224 1
14 6203 1
14 16742 1
14 22119 1
14 873 1
14 7148 1
14 14290 1
14 16366 1
14 3311 1
14 15856 1
14 4081 1
14 372 1
14 16190 1
14 13937 2
14 248 1
14 1275 1
14 720 1
14 5246 1
15 6145 1
15 16333 1
15 13331 2
15 22557 1
15 11815 1
15 22571 1
15 8236 2
15 12333 1
15 22086 1
15 4169 2
15 588 1
15 17999 1
15 1619 1
15 1626 1
15 1627 2
15 11870 2
15 21613 3
15 19572 1
15 14969 1
15 14973 1
15 4225 1
15 4227 1
15 14985 2
15 12938 1
15 1163 3
15 1164 1
15 10541 1
15 10928 1
15 8375 1
15 19133 2
15 18632 4
15 13514 1
15 719 1
15 2264 1
15 16092 1
15 1758 1
15 4831 2
15 18144 1
15 6887 2
15 7634 1
15 9455 1
15 15102 1
15 14082 1
15 6405 2
15 6406 1
15 6920 1
15 4364 1
15 15119 1
15 16661 1
15 20261 1
15 18215 1
15 20269 1
15 18222 1
15 21295 2
15 21305 1
15 4414 1
15 3912 1
15 13129 1
15 3916 1
15 847 1
15 12625 1
15 14677 1
15 17241 1
15 18267 1
15 22369 4
15 372 2
15 9093 1
15 19347 1
15 15774 1
15 20384 1
15 14763 1
15 7088 1
15 1459 1
15 4539 1
15 8636 1
15 8638 1
15 22464 7
15 13255 1
15 20429 1
15 9167 1
15 19410 1
15 14807 1
15 8684 2
15 15855 1
15 4081 3
15 4601 1
15 16890 1
16 7680 1
16 8193 1
16 8107 1
16 13316 2
16 5638 1
16 11273 1
16 11277 1
16 14509 1
16 22032 4
16 15890 1
16 3758 2
16 3417 1
16 7451 2
16 4868 2
16 28 1
16 22557 1
16 5672 1
16 22571 1
16 11820 1
16 8749 1
16 21841 1
16 8236 1
16 1074 2
16 1076 3
16 6709 2
16 12342 1
16 6711 1
16 3130 1
16 573 1
16 6718 1
16 9792 1
16 12867 2
16 12870 1
16 10823 1
16 12360 1
16 588 1
16 6733 3
16 2640 1
16 15441 1
16 10837 2
16 13400 1
16 3674 1
16 12891 2
16 13404 2
16 11870 2
16 5727 1
16 18528 2
16 19041 3
16 7778 1
16 99 1
16 8636 1
16 21613 2
16 11887 3
16 14448 2
16 21617 1
16 19571 1
16 9332 1
16 19817 1
16 18042 1
16 9342 1
16 17070 2
16 18051 1
16 13445 1
16 12481 1
16 17544 1
16 14985 1
16 13451 1
16 140 1
16 18114 1
16 15432 1
16 5741 1
16 13388 1
16 5267 1
16 10388 1
16 3221 1
16 1174 1
16 14488 1
16 18287 2
16 12559 1
16 6303 2
16 1648 1
16 19619 5
16 11428 1
16 11941 1
16 5799 1
16 4831 1
16 17066 1
16 4263 1
16 21677 1
16 5806 1
16 20168 2
16 19634 1
16 19124 2
16 19126 1
16 12471 1
16 6516 1
16 4383 1
16 3260 1
16 19133 5
16 7870 1
16 7537 1
16 15648 1
16 8898 1
16 2243 1
16 18628 1
16 11361 1
16 18632 3
16 18633 2
16 13514 1
16 16075 1
16 13516 3
16 16851 1
16 15567 2
16 18128 1
16 8379 1
16 7380 1
16 22232 2
16 9945 1
16 4826 1
16 15579 1
16 16093 1
16 14047 1
16 5324 1
16 1763 1
16 11898 2
16 6887 6
16 745 1
16 12010 1
16 7463 2
16 22252 1
16 14574 7
16 6383 1
16 17159 1
16 2003 2
16 10996 1
16 12670 5
16 13046 2
16 13937 3
16 15096 1
16 10408 1
16 17660 1
16 22581 2
16 1280 1
16 8449 1
16 14082 1
16 14500 1
16 3332 1
16 17671 1
16 7432 4
16 1068 1
16 21258 1
16 3339 1
16 3340 2
16 13069 1
16 20269 2
16 7952 2
16 787 1
16 4884 2
16 18222 2
16 17688 1
16 2841 1
16 21295 2
16 2846 1
16 8479 1
16 8992 3
16 17185 2
16 19746 1
16 18215 1
16 7303 1
16 12076 1
16 1837 1
16 17485 1
16 2351 1
16 7985 1
16 15668 1
16 13905 1
16 19593 1
16 2416 1
16 12852 1
16 20794 1
16 12091 1
16 20285 1
16 12341 1
16 8512 1
16 15170 6
16 15172 1
16 13389 2
16 14664 1
16 13129 3
16 16203 4
16 8012 1
16 12111 1
16 4432 2
16 12625 5
16 14677 3
16 6489 3
16 13658 2
16 18267 2
16 11104 1
16 11665 1
16 22086 1
16 873 2
16 15723 1
16 364 2
16 10605 1
16 7485 1
16 10096 1
16 13681 1
16 5490 1
16 12151 1
16 372 1
16 12663 1
16 18808 1
16 15225 1
16 11708 3
16 16252 1
16 8062 1
16 2944 1
16 16175 1
16 18818 1
16 14725 3
16 19943 1
16 7660 1
16 15754 5
16 17806 1
16 7055 2
16 17809 1
16 20882 2
16 16276 1
16 2673 2
16 17818 1
16 3311 1
16 15774 1
16 13727 1
16 20384 8
16 18853 2
16 1959 4
16 14761 2
16 1962 1
16 5703 2
16 13229 1
16 433 1
16 4019 2
16 15800 1
16 16372 1
16 14495 1
16 4540 1
16 11709 1
16 11710 1
16 22464 7
16 11714 1
16 13763 2
16 13901 1
16 22262 1
16 16177 1
16 13255 2
16 18888 1
16 15948 1
16 4599 1
16 21454 1
16 9167 2
16 464 1
16 9171 1
16 13782 1
16 14807 1
16 11737 1
16 7644 1
16 5605 1
16 999 1
16 17385 1
16 4074 1
16 10407 3
16 3564 1
16 16366 2
16 4079 2
16 4081 2
16 14324 1
16 15863 1
16 4601 2
16 7433 1
16 14730 1
17 15170 1
17 10407 1
17 16203 1
17 3313 1
17 22551 1
17 14682 1
17 28 1
18 49 1
18 59 1
18 39 1
19 89 1
19 69 1
19 79 1
20 10628 1
20 18056 1
20 8236 1
20 14730 1
20 11714 1
20 3217 1
20 22551 1
20 6809 1
20 22557 1
20 16798 1
20 8992 1
20 18215 1
20 22571 1
20 18220 1
20 18423 1
20 8378 1
20 15170 2
20 4421 1
20 16203 1
20 5324 1
20 17229 1
20 19939 1
20 1959 2
20 14682 3
20 1760 1
20 13937 1
20 99 1
20 10407 3
20 3311 1
20 11760 1
20 3313 3
20 20343 1
20 4601 1
20 18426 1
21 129 1
21 109 1
21 119 1
22 160 1
22 140 1
22 150 1
23 15808 1
23 4868 1
23 7432 1
23 1163 1
23 8461 1
23 22032 1
23 17818 1
23 6511 1
23 15170 1
23 160 1
23 165 1
23 170 2
23 16816 1
23 9912 1
23 3641 1
23 3386 1
23 8380 1
23 7485 1
23 11893 1
23 22464 2
23 4546 1
23 12867 1
23 15172 1
23 13255 1
23 20168 1
23 17994 1
23 13389 1
23 19022 1
23 9167 2
23 7504 1
23 12625 1
23 17251 1
23 14807 1
23 6106 1
23 3130 1
23 16223 1
23 7520 1
23 19041 1
23 6844 1
23 10725 1
23 8166 1
23 2791 1
23 7612 1
23 7785 1
23 21613 1
23 13941 1
23 10442 1
23 13937 2
23 18420 1
23 6389 1
23 12151 1
23 15096 1
24 12288 1
24 524 1
24 22032 2
24 13331 1
24 1048 1
24 3674 1
24 1068 1
24 6709 1
24 10810 1
24 4364 2
24 2635 1
24 17996 1
24 13389 1
24 18510 1
24 21586 3
24 13912 1
24 1626 3
24 8797 1
24 12390 2
24 21613 1
24 11887 1
24 13937 1
24 22133 1
24 17016 1
24 5246 1
24 14985 1
24 10890 1
24 5656 1
24 6809 1
24 9380 1
24 10407 2
24 15528 1
24 10409 1
24 13767 1
24 5301 6
24 5302 1
24 7870 1
24 1141 1
24 11969 1
24 4555 1
24 12151 1
24 18128 1
24 4818 2
24 17621 2
24 11482 1
24 10972 4
24 9437 1
24 17360 1
24 6887 3
24 745 1
24 22252 1
24 14574 5
24 3313 2
24 14579 1
24 14583 1
24 1275 1
24 14592 1
24 4868 1
24 14088 1
24 20236 1
24 15119 2
24 2325 1
24 16662 1
24 21381 1
24 20256 1
24 4385 1
24 20260 1
24 5929 1
24 7985 2
24 6458 2
24 15754 1
24 1342 1
24 15170 2
24 3912 1
24 12625 1
24 21330 1
24 14677 2
24 14682 3
24 18267 1
24 22369 2
24 3946 1
24 13681 1
24 6516 1
24 4414 2
24 20343 1
24 5500 1
24 917 1
24 1923 1
24 16772 1
24 14725 1
24 17290 1
24 22414 1
24 7055 1
24 17810 1
24 9621 1
24 7575 1
24 15768 1
24 13723 2
24 15774 2
24 20384 2
24 16809 1
24 14763 1
24 12218 1
24 8638 1
24 22464 6
24 13255 1
24 21960 1
24 13388 1
24 12746 1
24 14283 1
24 14284 1
24 20429 1
24 9167 2
24 19408 1
24 9169 1
24 14290 1
24 13780 1
24 14807 1
24 11737 1
24 15322 1
24 10205 1
24 6622 1
24 18400 1
24 12779 1
24 4080 1
24 2552 1
24 18426 2
24 15869 1
24 10238 1
25 1538 1
25 14860 1
25 13331 1
25 5655 3
25 5144 1
25 19716 1
25 4263 1
25 2309 1
25 11815 1
25 11817 2
25 22571 2
25 11821 1
25 10799 1
25 1074 2
25 9791 1
25 12354 2
25 15431 2
25 15432 1
25 15434 1
25 2635 2
25 5799 1
25 13912 4
25 12377 1
25 21606 1
25 22119 1
25 8296 1
25 7785 2
25 6253 2
25 11887 2
25 14448 1
25 13937 5
25 8297 1
25 14973 2
25 13950 1
25 8640 1
25 1163 1
25 1167 1
25 11409 1
25 15508 1
25 21653 1
25 18073 1
25 3738 1
25 16543 2
25 11941 1
25 13681 1
25 10408 1
25 3246 1
25 13493 2
25 12471 1
25 7455 1
25 19133 1
25 18114 1
25 18633 1
25 13514 1
25 13516 2
25 15567 2
25 18808 1
25 5331 1
25 17621 2
25 11992 2
25 12505 1
25 19162 1
25 719 1
25 16092 1
25 4831 2
25 6368 1
25 22245 9
25 6887 3
25 22248 4
25 12010 1
25 18215 3
25 22252 2
25 3912 1
25 15601 1
25 7421 1
25 4868 3
25 12549 1
25 3339 1
25 4364 1
25 22232 1
25 2835 1
25 22296 1
25 7451 2
25 8988 2
25 19741 3
25 12575 1
25 17185 1
25 4899 1
25 8996 1
25 19238 1
25 7463 1
25 12596 1
25 4406 1
25 20794 1
25 7483 1
25 10720 1
25 18571 1
25 20804 1
25 3909 1
25 15329 1
25 22344 1
25 3914 1
25 8012 1
25 3919 1
25 21330 1
25 11604 1
25 14677 7
25 1369 1
25 13658 3
25 10075 1
25 22369 2
25 2407 1
25 3916 7
25 6375 2
25 11632 10
25 12145 1
25 20851 1
25 11636 1
25 11637 5
25 19830 1
25 20343 1
25 5496 1
25 18809 1
25 14716 1
25 10975 1
25 14721 1
25 9092 1
25 15751 1
25 6380 1
25 15763 1
25 20375 1
25 11672 2
25 17818 1
25 4421 1
25 20384 4
25 15777 1
25 13730 1
25 6564 1
25 20389 1
25 9644 1
25 8568 1
25 5551 3
25 2480 2
25 4017 1
25 11193 1
25 8636 6
25 11709 1
25 8638 2
25 22464 8
25 16834 2
25 4037 1
25 13766 1
25 13255 1
25 19401 1
25 12746 1
25 14798 1
25 9169 1
25 9171 1
25 14807 2
25 8666 1
25 18853 1
25 21984 6
25 7137 1
25 7138 1
25 7141 1
25 7313 1
25 12778 1
25 10407 3
25 16366 1
25 4349 1
25 9201 1
25 2552 1
25 8532 1
26 12288 1
26 4609 1
26 11266 1
26 20227 1
26 588 1
26 14985 1
26 4364 1
26 3217 1
26 15763 1
26 17688 1
26 15279 1
26 17200 1
26 16434 1
26 8636 2
26 22464 1
26 11714 1
26 22369 1
26 18632 2
26 3916 2
26 19019 1
26 16588 1
26 13389 1
26 464 1
26 721 1
26 14677 1
26 14807 2
26 1627 1
26 13665 1
26 99 1
26 4453 1
26 6375 2
26 22248 1
26 15854 1
26 3311 1
26 3060 1
26 375 1
26 376 1
26 1918 1
27 14592 1
27 13697 1
27 1538 1
27 1412 1
27 14081 1
27 20232 1
27 14985 6
27 4364 1
27 22032 2
27 2834 1
27 16915 1
27 14744 1
27 19460 1
27 6511 1
27 14448 1
27 4442 1
27 12446 1
27 4080 1
27 18267 1
27 20388 1
27 20389 1
27 9638 1
27 6695 1
27 18772 1
27 1068 1
27 16431 2
27 17200 1
27 18952 1
27 16434 1
27 19124 1
27 12341 1
27 17206 1
27 1673 1
27 21295 1
27 16828 1
27 6709 1
27 22464 6
27 1170 1
27 13255 2
27 15434 1
27 14583 2
27 13389 1
27 718 1
27 20329 1
27 4304 1
27 721 1
27 21586 2
27 15444 1
27 590 1
27 6489 1
27 19162 1
27 19163 1
27 6733 1
27 15582 1
27 8421 2
27 7568 1
27 740 1
27 101 1
27 18022 1
27 12625 1
27 15593 1
27 6887 1
27 4818 3
27 15855 1
27 11760 1
27 18162 1
27 7571 1
27 14324 1
27 12663 1
27 2552 1
27 633 2
27 1918 1
28 7683 1
28 13316 3
28 22024 1
28 7690 1
28 22032 1
28 12306 1
28 15903 1
28 18267 1
28 6694 1
28 6696 1
28 22571 1
28 8236 1
28 18952 1
28 14386 1
28 17463 1
28 10300 1
28 13834 2
28 15432 1
28 3340 1
28 13388 2
28 13389 2
28 21586 2
28 19549 1
28 20155 1
28 18022 1
28 21613 2
28 6256 1
28 11889 1
28 10357 1
28 16507 1
28 638 1
28 22464 3
28 18051 1
28 13444 1
28 14985 2
28 3217 1
28 4249 2
28 21146 1
28 15216 1
28 1216 2
28 14509 1
28 17072 1
28 16049 1
28 4276 1
28 12471 1
28 6331 1
28 19133 3
28 16064 1
28 20256 1
28 22210 1
28 2243 1
28 18628 1
28 18121 1
28 10442 1
28 12663 1
28 13516 2
28 719 1
28 720 1
28 721 1
28 19238 1
28 6162 1
28 1763 2
28 1765 1
28 6887 1
28 5246 1
28 588 1
28 4868 1
28 17163 1
28 4364 3
28 17176 1
28 8988 1
28 797 1
28 8479 1
28 17184 1
28 5936 1
28 20262 1
28 18215 1
28 8490 2
28 17195 1
28 21295 1
28 18224 1
28 17202 1
28 6453 1
28 21305 1
28 20803 1
28 13129 1
28 4222 1
28 20303 2
28 21841 1
28 3412 1
28 14677 1
28 854 1
28 9047 1
28 1371 1
28 14686 1
28 10080 1
28 22369 1
28 2407 3
28 19309 1
28 6512 3
28 20343 1
28 1918 1
28 8587 2
28 17806 2
28 7055 1
28 4497 2
28 20882 1
28 14743 1
28 21912 1
28 15773 1
28 15774 1
28 7584 1
28 14763 1
28 3517 1
28 15808 1
28 13763 1
28 14924 1
28 9162 1
28 13772 1
28 9167 1
28 19408 1
28 9684 1
28 18400 1
28 12625 1
28 11760 1
28 2552 1
28 13821 1
29 1280 1
29 9729 1
29 14978 1
29 14595 1
29 13316 1
29 13573 1
29 9831 1
29 8913 1
29 4364 1
29 22119 2
29 17806 3
29 8079 1
29 12183 1
29 17818 2
29 7451 1
29 14492 1
29 2522 1
29 8479 2
29 17184 1
29 8993 1
29 15266 1
29 9755 1
29 18981 1
29 12625 1
29 10791 1
29 8988 1
29 22442 3
29 683 1
29 2220 1
29 3629 1
29 6702 1
29 21295 2
29 18485 1
29 8376 1
29 8636 1
29 8906 1
29 8641 2
29 11714 1
29 18628 1
29 18886 1
29 7370 1
29 11979 1
29 9038 1
29 14800 1
29 11729 1
29 16851 1
29 11605 1
29 8150 1
29 9816 1
29 9817 1
29 2394 1
29 18267 1
29 7888 1
29 19549 1
29 4831 1
29 11600 2
29 1765 1
29 15441 1
29 999 1
29 6183 1
29 20717 1
29 21613 2
29 13937 1
29 1396 1
29 12662 1
29 12663 1
29 8490 1
