1 640 1
1 21632 1
1 12162 1
1 19460 1
1 1669 1
1 18055 1
1 14088 1
1 14473 1
1 4364 3
1 4013 1
1 4497 1
1 3985 1
1 10644 1
1 12053 1
1 5142 1
1 18200 1
1 8988 1
1 18205 1
1 12357 1
1 6687 1
1 2594 1
1 13832 1
1 4495 1
1 11946 1
1 10541 1
1 18222 3
1 21295 1
1 9536 1
1 19464 1
1 15666 1
1 17331 1
1 1844 3
1 8503 1
1 6968 1
1 19124 1
1 12604 2
1 19476 1
1 22464 1
1 7109 1
1 7110 1
1 2990 1
1 12471 1
1 13388 1
1 592 1
1 12625 2
1 338 1
1 20692 1
1 11862 1
1 12734 1
1 2264 1
1 9817 1
1 3060 1
1 18267 2
1 10205 1
1 8797 1
1 8927 1
1 19424 2
1 19938 1
1 3175 1
1 8532 1
1 19516 1
1 5815 1
1 15979 1
1 17004 1
1 9069 2
1 16366 1
1 21757 1
1 14448 1
1 5489 1
1 5620 1
1 20286 1
1 12151 2
1 5625 2
1 19578 1
1 21364 1
1 6652 1
1 22186 1
2 12288 2
2 11008 1
2 6146 1
2 1544 1
2 18092 1
2 9047 1
2 15362 1
2 11790 1
2 17424 1
2 16913 1
2 4117 1
2 12825 6
2 17435 2
2 9244 1
2 6695 1
2 15913 1
2 4653 1
2 19549 1
2 3633 1
2 1074 1
2 12341 1
2 6711 1
2 15448 1
2 4154 2
2 11835 1
2 8766 1
2 21995 1
2 12354 1
2 5643 1
2 10436 1
2 9398 1
2 18529 1
2 7095 1
2 13388 1
2 13389 1
2 12878 1
2 592 1
2 21586 2
2 13398 4
2 9816 1
2 5306 1
2 19550 2
2 1119 1
2 7952 2
2 8803 1
2 19556 1
2 15462 1
2 9831 2
2 17000 1
2 22119 2
2 21613 3
2 21102 1
2 11887 1
2 14448 1
2 13937 4
2 9843 1
2 1140 2
2 9406 1
2 632 1
2 17018 1
2 5246 1
2 10097 1
2 4225 1
2 21635 1
2 1668 1
2 21637 1
2 21638 1
2 12426 1
2 1163 1
2 12428 1
2 9069 3
2 17041 1
2 4755 1
2 19094 1
2 5913 1
2 6809 2
2 3227 1
2 5791 1
2 9072 1
2 14677 3
2 4038 1
2 13478 1
2 15473 1
2 11718 1
2 1194 1
2 18042 2
2 15532 1
2 6514 1
2 1711 1
2 20168 1
2 13490 1
2 19124 1
2 9910 2
2 12471 1
2 8889 1
2 3258 1
2 18108 1
2 19133 3
2 3774 1
2 6847 1
2 14016 2
2 11969 1
2 15556 1
2 14024 1
2 13516 1
2 12151 2
2 22220 1
2 8482 1
2 18128 1
2 9425 1
2 20690 2
2 20695 2
2 22232 1
2 7897 1
2 6362 1
2 10972 2
2 15976 1
2 1758 1
2 10975 1
2 15585 3
2 9442 1
2 14051 1
2 17125 1
2 20177 1
2 7400 1
2 5867 1
2 4306 1
2 4847 1
2 20723 1
2 4222 1
2 22262 1
2 2812 1
2 17151 1
2 14592 7
2 4867 1
2 4868 2
2 2309 2
2 19718 1
2 14088 1
2 17673 1
2 3339 1
2 15119 2
2 8464 1
2 11027 1
2 4884 1
2 9493 1
2 22295 1
2 18200 2
2 22297 1
2 7451 4
2 8988 1
2 797 1
2 6846 1
2 18208 1
2 7458 1
2 7463 1
2 5928 1
2 1833 2
2 2860 1
2 18222 1
2 7471 2
2 15013 1
2 17203 1
2 3382 1
2 21305 3
2 19771 1
2 650 1
2 4417 1
2 15170 1
2 14475 1
2 16200 1
2 1079 1
2 20301 1
2 12076 4
2 11832 1
2 18773 1
2 855 1
2 5842 1
2 18267 4
2 22368 1
2 5986 1
2 11281 1
2 17163 1
2 9065 1
2 3946 1
2 22418 1
2 20882 1
2 15216 1
2 5352 1
2 16242 1
2 13174 1
2 15735 2
2 6521 1
2 1918 2
2 15476 1
2 8579 1
2 5270 1
2 904 1
2 20205 1
2 4496 1
2 4497 3
2 2450 1
2 21827 1
2 5785 1
2 17818 1
2 13681 1
2 20384 1
2 15266 2
2 11684 1
2 18853 2
2 22442 3
2 8621 1
2 22344 1
2 10167 1
2 15800 1
2 4831 1
2 3629 1
2 5055 1
2 22464 3
2 11714 1
2 1990 1
2 7055 1
2 15307 1
2 13778 2
2 2003 1
2 13781 1
2 7638 1
2 8154 1
2 5840 1
2 20444 1
2 8669 1
2 13278 1
2 13477 1
2 1504 1
2 22096 1
2 3869 1
2 12778 1
2 4263 2
2 8684 2
2 8685 2
2 3568 1
2 5623 1
2 18424 1
2 4602 1
2 11946 2
2 8702 1
2 19285 1
3 12288 1
3 8193 1
3 21993 1
3 13316 2
3 19286 1
3 5638 1
3 14969 1
3 7180 1
3 9741 1
3 1048 1
3 8964 1
3 6687 1
3 6695 1
3 11817 1
3 3626 1
3 22571 2
3 1074 1
3 7219 1
3 1076 1
3 17975 2
3 2106 1
3 2108 1
3 8766 2
3 19519 1
3 18496 1
3 12354 1
3 15432 1
3 11850 1
3 13388 1
3 3662 1
3 592 1
3 21586 7
3 598 1
3 13412 1
3 1631 1
3 7778 1
3 11963 1
3 19556 1
3 9831 1
3 21608 1
3 19900 1
3 12906 1
3 21611 1
3 20076 1
3 12909 1
3 18030 1
3 4209 2
3 5737 1
3 632 1
3 6265 1
3 15996 1
3 637 1
3 13950 1
3 4223 1
3 22464 1
3 13445 1
3 11398 1
3 7303 1
3 13451 1
3 13452 4
3 13453 2
3 13677 1
3 7960 1
3 3943 1
3 19093 1
3 6294 1
3 14492 1
3 14493 1
3 9374 1
3 9887 1
3 7963 1
3 17062 1
3 21617 1
3 8988 1
3 7879 2
3 12471 1
3 21688 1
3 7865 1
3 12575 1
3 18108 1
3 13884 2
3 16064 1
3 11969 3
3 8387 1
3 15556 1
3 14023 1
3 16073 1
3 4985 1
3 8401 2
3 5842 1
3 4217 1
3 2264 1
3 12505 3
3 8992 1
3 15585 1
3 2279 1
3 16616 1
3 5867 1
3 22252 2
3 9966 1
3 2289 1
3 4850 1
3 7936 1
3 15616 1
3 18179 1
3 4868 4
3 15621 1
3 18185 2
3 17162 1
3 4884 1
3 16151 1
3 18200 1
3 7471 3
3 7964 3
3 8989 1
3 1669 1
3 7968 1
3 11047 1
3 2861 1
3 5935 1
3 1844 1
3 14649 1
3 12602 1
3 10555 2
3 12604 1
3 11658 1
3 6464 1
3 20290 1
3 12612 1
3 12616 1
3 12110 1
3 3408 1
3 12625 2
3 11604 1
3 4438 1
3 4960 5
3 22369 1
3 8468 1
3 4967 1
3 17212 1
3 7018 1
3 9069 1
3 20851 1
3 3134 1
3 12151 1
3 18808 1
3 8569 1
3 17983 1
3 8062 1
3 7915 1
3 18545 1
3 2442 2
3 10135 1
3 19345 1
3 20375 1
3 5017 1
3 17818 1
3 1947 1
3 6554 1
3 5019 1
3 18852 1
3 5029 1
3 2990 2
3 12852 1
3 433 1
3 7095 1
3 8863 1
3 8636 2
3 12734 1
3 15808 1
3 12746 1
3 9167 2
3 8144 1
3 18766 1
3 1501 1
3 18911 2
3 19938 1
3 9705 1
3 21997 1
3 8471 1
3 11760 1
3 13819 1
3 15869 1
3 5118 2
4 12288 1
4 683 1
4 13316 3
4 6149 1
4 20998 1
4 7691 1
4 12816 1
4 8722 1
4 1044 1
4 20502 1
4 19460 2
4 18460 1
4 18461 2
4 18181 1
4 5667 1
4 7717 1
4 16049 1
4 22571 1
4 15404 1
4 14088 1
4 1074 2
4 4019 1
4 1076 2
4 6709 1
4 6711 2
4 11832 1
4 9227 2
4 10206 1
4 3134 2
4 12354 4
4 8771 1
4 20662 1
4 15432 2
4 11850 3
4 16055 1
4 588 1
4 13901 1
4 592 1
4 21586 4
4 3667 1
4 22100 1
4 11898 1
4 16998 2
4 22119 1
4 15548 2
4 9831 1
4 21613 1
4 15470 1
4 14448 1
4 625 1
4 5746 1
4 3702 1
4 22121 1
4 18042 2
4 3175 1
4 637 1
4 13950 1
4 3711 1
4 640 1
4 18049 1
4 6787 1
4 5764 1
4 6790 1
4 13961 1
4 13964 1
4 7823 1
4 14993 2
4 14484 1
4 19093 1
4 13466 1
4 9887 1
4 15216 1
4 5284 2
4 16661 1
4 5801 1
4 10922 1
4 9387 1
4 22188 1
4 14024 1
4 7862 1
4 7863 1
4 18108 1
4 19133 1
4 6778 1
4 14530 1
4 8387 1
4 8389 1
4 7879 1
4 3784 1
4 13514 1
4 20686 1
4 1743 1
4 5840 1
4 4218 1
4 12505 1
4 7899 1
4 15994 3
4 17630 3
4 2271 1
4 4304 1
4 6372 1
4 4837 1
4 6375 1
4 5864 1
4 18267 2
4 2289 1
4 6901 2
4 3318 1
4 15609 2
4 22266 2
4 12471 4
4 7220 1
4 10496 1
4 4867 1
4 4868 3
4 2309 2
4 19718 1
4 7432 1
4 18185 1
4 4364 1
4 1922 1
4 18200 1
4 15491 1
4 18197 1
4 13078 1
4 1303 1
4 7960 1
4 7963 1
4 7964 3
4 7965 1
4 20256 2
4 18336 1
4 15494 2
4 3633 1
4 1835 1
4 10205 1
4 4404 1
4 12510 1
4 6455 1
4 21305 1
4 12602 1
4 21727 1
4 1340 1
4 5514 1
4 20286 1
4 8511 1
4 19702 1
4 20803 1
4 22344 1
4 13129 1
4 17975 1
4 17229 2
4 12625 2
4 4441 1
4 2394 1
4 13147 2
4 10469 1
4 4960 3
4 22369 1
4 11946 1
4 7655 1
4 20332 1
4 9069 2
4 6511 1
4 10096 1
4 20851 1
4 3958 1
4 12663 1
4 8062 1
4 12162 1
4 16260 1
4 901 1
4 4486 1
4 904 1
4 11658 1
4 909 1
4 910 1
4 22418 2
4 9622 1
4 11726 1
4 11162 1
4 5019 1
4 19610 1
4 7582 1
4 4000 2
4 1947 2
4 20388 1
4 20389 1
4 18343 1
4 22442 2
4 4013 1
4 2990 5
4 17842 1
4 1459 1
4 8606 1
4 17225 1
4 16543 1
4 8636 1
4 15805 1
4 22464 1
4 13249 1
4 19907 2
4 1335 1
4 4037 1
4 13255 1
4 5232 1
4 12746 1
4 14283 1
4 20429 1
4 646 1
4 9167 3
4 8144 1
4 9171 1
4 20949 1
4 3321 1
4 7644 1
4 19421 1
4 19422 1
4 18911 2
4 19424 1
4 19938 1
4 4945 1
4 13802 1
4 16807 2
4 6141 1
4 11760 2
4 7665 1
4 2036 1
4 1525 1
4 16374 2
4 5623 2
4 5629 1
4 12799 1
5 8193 1
5 15874 1
5 22019 1
5 19460 1
5 6828 1
5 7690 3
5 11275 3
5 7180 1
5 12815 1
5 3601 1
5 11662 1
5 17943 1
5 21764 1
5 17435 1
5 3102 1
5 15903 1
5 14882 3
5 2596 1
5 8229 1
5 20519 6
5 22571 1
5 7725 1
5 4654 1
5 1074 2
5 18181 1
5 3130 1
5 17881 1
5 4670 3
5 12352 1
5 7776 1
5 12354 1
5 17987 1
5 8260 1
5 12360 1
5 11850 2
5 11851 1
5 13389 2
5 591 1
5 21586 3
5 4000 1
5 10837 1
5 15447 3
5 15448 1
5 9755 1
5 19553 1
5 19554 1
5 15971 2
5 19556 1
5 21605 1
5 9831 2
5 22119 2
5 18540 1
5 21613 2
5 14448 1
5 6770 1
5 9892 1
5 10869 1
5 3702 1
5 17257 1
5 4217 1
5 15994 1
5 15210 1
5 19136 1
5 3203 1
5 18042 1
5 11969 2
5 14475 2
5 19598 1
5 18200 2
5 19093 1
5 1174 1
5 19607 1
5 14489 1
5 14703 1
5 18076 1
5 15006 2
5 15520 1
5 15216 1
5 15522 1
5 7933 1
5 13316 4
5 679 1
5 22188 1
5 3759 1
5 9393 1
5 8803 1
5 11806 1
5 15030 1
5 8375 1
5 20155 1
5 18108 1
5 19133 2
5 14016 1
5 18113 1
5 14530 1
5 10436 1
5 4293 1
5 15558 1
5 20167 3
5 13001 1
5 10871 1
5 11471 2
5 4304 2
5 8913 1
5 10452 2
5 7893 1
5 19204 3
5 3705 1
5 13092 1
5 4303 1
5 10972 1
5 8570 1
5 15266 1
5 7392 1
5 18128 2
5 19172 2
5 4837 3
5 20177 1
5 5354 1
5 4647 2
5 19694 1
5 1918 1
5 22262 2
5 8993 1
5 18080 2
5 12028 1
5 21757 1
5 18174 1
5 4868 2
5 2309 2
5 19208 1
5 18187 1
5 4364 2
5 3629 3
5 13587 1
5 5934 1
5 16662 1
5 13591 4
5 15128 1
5 19740 1
5 797 2
5 17184 2
5 17185 1
5 802 1
5 11555 1
5 804 1
5 12081 1
5 9513 2
5 9514 1
5 18222 1
5 4399 1
5 4401 1
5 11059 1
5 21305 2
5 12602 1
5 10975 1
5 12604 1
5 6461 1
5 20287 1
5 6464 2
5 14145 1
5 16194 1
5 19595 1
5 22340 1
5 20806 1
5 2273 1
5 9033 1
5 22346 1
5 8523 1
5 12110 1
5 12625 2
5 22354 1
5 2387 1
5 14677 7
5 14680 1
5 2394 1
5 18267 4
5 4448 1
5 22369 2
5 15717 1
5 3431 1
5 20329 1
5 7018 1
5 15723 1
5 9069 4
5 6511 1
5 12656 1
5 14706 1
5 20851 1
5 3958 1
5 15735 1
5 12153 1
5 14714 1
5 12778 1
5 8062 1
5 5504 1
5 17793 1
5 18818 1
5 8579 1
5 20676 1
5 1418 1
5 20366 1
5 14744 1
5 2450 1
5 21912 1
5 8603 1
5 20384 1
5 9122 1
5 22442 1
5 4013 1
5 7600 1
5 11898 1
5 20914 1
5 4019 1
5 13242 1
5 19900 1
5 12735 1
5 21664 1
5 11714 1
5 4037 1
5 21960 1
5 6091 1
5 18082 1
5 465 1
5 13778 3
5 5284 1
5 13400 2
5 21841 2
5 1513 1
5 3562 1
5 7659 1
5 8172 1
5 15855 2
5 3568 1
5 15187 3
5 501 2
5 7160 1
5 17403 3
5 6652 1
6 13316 4
6 15532 1
6 20502 1
6 13145 1
6 19204 1
6 17435 1
6 12123 2
6 4647 1
6 22571 2
6 8236 1
6 8749 1
6 14088 1
6 18485 1
6 6718 1
6 13376 1
6 12354 1
6 22087 1
6 13388 1
6 11343 1
6 21586 3
6 15971 2
6 11354 1
6 15119 2
6 15459 1
6 11708 1
6 21613 1
6 11887 1
6 14448 1
6 21617 2
6 21618 2
6 19061 1
6 4218 1
6 4221 1
6 13952 1
6 4225 1
6 8043 1
6 20101 1
6 18055 1
6 13452 2
6 6511 1
6 9380 1
6 679 1
6 5801 1
6 11946 1
6 22188 1
6 6318 1
6 7856 1
6 16049 1
6 20146 1
6 19124 1
6 3765 1
6 8892 1
6 19133 2
6 4290 1
6 20165 1
6 20168 1
6 22426 1
6 22229 1
6 15574 2
6 2264 1
6 10972 1
6 10975 1
6 7392 1
6 4326 1
6 5867 2
6 22262 1
6 13937 2
6 12026 2
6 16124 2
6 1280 1
6 20227 1
6 4868 3
6 11528 2
6 18185 1
6 17162 5
6 10510 1
6 7725 1
6 8579 1
6 16661 1
6 10006 1
6 15128 1
6 8989 1
6 2334 1
6 5927 1
6 12585 1
6 21295 1
6 1844 1
6 8502 1
6 12602 1
6 12604 1
6 6489 1
6 16705 1
6 4423 1
6 22344 1
6 20303 1
6 14677 4
6 15190 1
6 4441 1
6 21338 1
6 18267 1
6 6494 1
6 2911 1
6 19297 2
6 358 1
6 6506 1
6 20331 1
6 9069 3
6 20335 1
6 9072 1
6 1917 1
6 14721 1
6 4843 1
6 906 1
6 7055 1
6 16787 1
6 22421 2
6 17818 1
6 4509 1
6 14751 1
6 20384 2
6 10154 1
6 15276 1
6 9647 1
6 4019 1
6 19900 1
6 13763 1
6 4037 1
6 967 4
6 8650 1
6 462 1
6 12759 1
6 10205 1
6 18911 1
6 19938 1
6 2025 1
6 7663 1
6 3061 1
6 6652 2
7 12778 1
7 15618 1
7 4868 2
7 2949 1
7 6918 1
7 17671 1
7 14088 2
7 18185 1
7 17162 1
7 14978 1
7 5554 1
7 15128 1
7 22418 1
7 11760 2
7 11926 1
7 19133 1
7 7321 1
7 7451 2
7 10269 1
7 16901 1
7 21912 1
7 11632 1
7 13723 1
7 16625 1
7 679 1
7 12585 1
7 4267 1
7 22188 1
7 12717 1
7 8236 1
7 18736 1
7 16904 1
7 434 1
7 7095 1
7 12602 1
7 11963 1
7 11708 1
7 7690 1
7 9918 1
7 11969 1
7 6979 1
7 16271 1
7 22086 1
7 4423 2
7 12360 1
7 6732 1
7 6986 1
7 14283 1
7 588 1
7 6734 1
7 15439 1
7 6984 1
7 6995 1
7 7766 1
7 16121 1
7 11992 1
7 7897 1
7 11471 3
7 10206 1
7 10975 1
7 15459 1
7 745 2
7 12906 1
7 6695 1
7 3946 1
7 15854 1
7 15855 1
7 14448 1
7 497 1
7 11887 1
7 12916 2
7 6773 1
7 12279 1
7 6777 1
7 16123 1
7 5884 1
7 13437 1
7 19093 1
8 1025 1
8 6149 1
8 4484 1
8 7691 1
8 17943 1
8 21017 1
8 15903 1
8 18976 1
8 8749 1
8 1074 1
8 14910 1
8 4160 1
8 694 1
8 11850 1
8 592 1
8 21586 1
8 7764 2
8 18191 1
8 15717 1
8 16998 1
8 9831 1
8 20080 1
8 4211 1
8 6263 1
8 637 1
8 18565 1
8 13960 1
8 1163 1
8 12429 1
8 19598 1
8 4239 1
8 13459 1
8 7830 1
8 14448 1
8 9892 1
8 4267 1
8 16901 1
8 14509 1
8 9393 1
8 15027 1
8 19124 1
8 16054 1
8 11807 1
8 15556 1
8 3784 1
8 4837 1
8 15997 1
8 5885 1
8 11008 1
8 14088 1
8 18185 1
8 4364 3
8 17678 1
8 5391 1
8 17681 1
8 16260 1
8 7471 1
8 19741 1
8 798 1
8 20255 1
8 17696 1
8 18215 1
8 5934 1
8 21295 1
8 2873 1
8 19774 1
8 5958 1
8 15177 1
8 6989 1
8 12625 2
8 9047 1
8 4441 1
8 11109 1
8 13161 1
8 9069 1
8 12147 1
8 18295 1
8 11641 1
8 17788 1
8 18818 1
8 2948 1
8 15751 1
8 17818 1
8 1948 1
8 20384 1
8 21318 1
8 2990 1
8 18352 1
8 4019 1
8 7095 1
8 10175 1
8 21443 1
8 13255 1
8 12746 1
8 21451 1
8 999 1
8 14825 1
8 4087 1
8 13819 1
8 6652 1
