1 9729 2
1 13316 1
1 15448 1
1 1048 1
1 20507 1
1 11294 1
1 18975 1
1 21295 1
1 9051 1
1 548 1
1 3113 1
1 3629 1
1 3636 1
1 12354 1
1 3141 1
1 9290 1
1 1099 1
1 13388 1
1 13389 2
1 9816 1
1 5288 1
1 12901 1
1 9831 1
1 21613 1
1 14448 1
1 13937 2
1 1140 2
1 3197 1
1 18056 1
1 14475 1
1 17558 1
1 19737 1
1 4760 1
1 1220 1
1 22383 1
1 10011 1
1 5285 1
1 6824 1
1 19124 1
1 4277 1
1 6345 1
1 2747 1
1 11969 1
1 15556 1
1 9929 1
1 12151 1
1 9436 1
1 21739 1
1 4339 1
1 9973 1
1 1280 1
1 13570 1
1 18181 1
1 18182 1
1 17163 1
1 4364 1
1 4882 1
1 4886 1
1 2329 1
1 7451 1
1 8995 1
1 5928 2
1 7471 1
1 3376 1
1 11569 1
1 21814 1
1 13117 1
1 6463 1
1 4420 1
1 9047 1
1 17295 1
1 19396 1
1 5988 1
1 3951 1
1 1399 2
1 9081 1
1 8574 1
1 897 1
1 20203 1
1 14730 1
1 8079 1
1 20882 3
1 12190 1
1 20384 1
1 3489 1
1 6568 1
1 11181 1
1 9139 1
1 13236 1
1 3060 1
1 19900 1
1 12734 2
1 13252 1
1 19397 1
1 588 1
1 20427 1
1 20429 2
1 9167 1
1 8867 1
1 18905 1
1 19939 1
1 12265 2
1 20459 1
1 20463 2
1 4776 1
1 17908 1
2 5638 1
2 7 1
2 18442 1
2 11787 1
2 11791 1
2 11792 1
2 17271 1
2 11284 1
2 5806 2
2 22551 1
2 19204 1
2 4123 1
2 4647 1
2 11612 1
2 22571 1
2 3629 1
2 11823 1
2 2608 1
2 17066 1
2 6709 1
2 12354 1
2 20547 1
2 6213 1
2 12870 1
2 588 2
2 17490 1
2 22611 1
2 6741 1
2 13398 1
2 5207 1
2 12891 1
2 8797 2
2 15966 1
2 18022 1
2 22119 3
2 9831 2
2 9836 1
2 18030 1
2 15985 1
2 1140 2
2 22140 1
2 14973 1
2 18046 2
2 11392 1
2 18051 1
2 9351 2
2 13451 1
2 6798 1
2 13388 1
2 13979 1
2 18080 1
2 17435 2
2 5797 1
2 5289 1
2 13994 1
2 22188 1
2 20142 1
2 13490 1
2 19124 1
2 185 1
2 3258 1
2 19133 1
2 11969 1
2 12998 1
2 20169 1
2 12151 1
2 20172 1
2 17103 2
2 5840 1
2 7889 1
2 4306 1
2 15575 1
2 11992 1
2 11471 1
2 5340 1
2 4831 1
2 12512 1
2 740 1
2 14053 1
2 16104 1
2 5355 1
2 18162 1
2 250 1
2 12030 1
2 14592 2
2 4868 3
2 17163 1
2 12558 1
2 17679 1
2 7952 1
2 8056 1
2 2834 1
2 10515 1
2 10008 1
2 20519 1
2 5917 1
2 2846 1
2 8490 1
2 3374 1
2 7471 1
2 12081 1
2 21305 1
2 839 1
2 9034 2
2 3406 1
2 3408 1
2 12625 1
2 14677 2
2 13658 1
2 16220 1
2 2911 1
2 9069 1
2 19310 2
2 22385 2
2 12150 1
2 1399 3
2 8568 1
2 10730 1
2 6528 1
2 395 1
2 16269 1
2 7055 1
2 20882 1
2 18324 1
2 2965 1
2 12357 1
2 20384 2
2 20900 1
2 6568 1
2 7081 1
2 22442 6
2 4011 1
2 11183 1
2 7088 1
2 5554 1
2 19898 1
2 5564 2
2 5567 1
2 15808 1
2 8641 6
2 21957 1
2 11207 1
2 15817 1
2 12746 1
2 20427 1
2 11212 1
2 15821 1
2 9167 1
2 2003 1
2 8158 1
2 22496 1
2 3554 1
2 3562 2
2 13295 1
2 13516 1
2 254 1
2 19113 1
2 4601 1
2 6651 1
2 11946 1
2 9726 1
2 16981 1
3 8193 1
3 13316 1
3 11271 2
3 20497 1
3 1560 1
3 1049 2
3 4647 1
3 3113 1
3 12842 1
3 1068 2
3 12333 1
3 6702 1
3 6713 1
3 22368 1
3 11817 2
3 12878 1
3 3153 1
3 9816 1
3 18521 1
3 19553 1
3 9831 1
3 2666 1
3 21613 3
3 18030 1
3 19133 1
3 21617 1
3 1140 1
3 22138 1
3 22140 1
3 9854 1
3 2704 1
3 18067 1
3 2197 1
3 5276 1
3 1697 1
3 13986 1
3 7451 1
3 12966 1
3 13937 2
3 12746 1
3 10943 1
3 20169 1
3 13514 1
3 17271 3
3 20172 3
3 2770 1
3 12153 1
3 11992 1
3 20188 1
3 7903 1
3 16103 2
3 5352 1
3 2285 1
3 16111 1
3 18046 1
3 11511 1
3 18174 1
3 18175 1
3 14592 1
3 13570 1
3 2309 1
3 17671 1
3 3339 1
3 12558 2
3 11821 1
3 4881 1
3 18473 1
3 10011 1
3 1821 1
3 1823 1
3 9509 1
3 10022 1
3 3369 1
3 21305 1
3 21818 1
3 7483 1
3 330 1
3 2389 1
3 8026 1
3 19770 1
3 9568 1
3 16229 1
3 20329 1
3 6000 1
3 12147 1
3 1399 2
3 21880 1
3 17273 1
3 11647 1
3 11651 1
3 2449 1
3 22418 1
3 19347 1
3 925 1
3 20384 1
3 15266 1
3 18852 1
3 4008 1
3 12202 1
3 8093 1
3 7088 1
3 13242 1
3 10683 1
3 19900 1
3 22464 3
3 8641 2
3 3528 1
3 11210 1
3 4043 1
3 17872 1
3 18391 1
3 8158 2
3 19938 1
3 11748 1
3 10218 1
3 8684 1
3 13295 3
3 3568 1
3 5618 1
3 14836 1
3 22442 3
3 2559 1
4 9729 1
4 8198 1
4 1032 1
4 3082 1
4 11790 1
4 15448 1
4 11284 1
4 19992 1
4 20519 1
4 8236 1
4 6707 1
4 13877 3
4 3127 1
4 7690 1
4 12471 1
4 17996 1
4 13389 1
4 16462 1
4 6741 1
4 3158 1
4 13912 1
4 20569 1
4 10857 1
4 7471 1
4 1140 1
4 3702 1
4 10362 1
4 5246 2
4 6791 1
4 14985 1
4 10895 1
4 5276 1
4 11939 1
4 13989 1
4 11946 1
4 10411 1
4 1710 1
4 7855 1
4 20169 2
4 3258 1
4 13506 1
4 12489 1
4 4810 1
4 20171 1
4 13516 1
4 17104 1
4 8425 1
4 7920 1
4 14592 1
4 14081 1
4 16131 1
4 7432 1
4 4881 1
4 13078 1
4 11547 1
4 20260 1
4 5416 1
4 2351 1
4 7483 1
4 6976 1
4 839 1
4 21832 1
4 16220 4
4 2911 2
4 2914 1
4 3943 1
4 3948 1
4 9069 2
4 1399 1
4 16761 1
4 9607 1
4 9610 2
4 17807 1
4 5527 1
4 22442 1
4 7089 1
4 19378 1
4 13242 1
4 5564 1
4 5565 1
4 16831 2
4 8641 2
4 13388 1
4 11210 1
4 11211 2
4 11212 3
4 8158 1
4 8161 1
4 15845 1
4 4604 1
4 3058 1
4 18423 1
4 460 1
5 12288 1
5 7690 1
5 18443 1
5 22551 1
5 22557 1
5 11807 1
5 18865 1
5 554 1
5 22571 1
5 1068 1
5 1069 1
5 9777 1
5 13881 1
5 5182 1
5 22082 1
5 11787 1
5 9287 1
5 16652 1
5 13388 1
5 13389 1
5 16462 1
5 17490 2
5 19553 1
5 22119 1
5 18030 1
5 11887 1
5 9227 1
5 3709 1
5 18046 1
5 14985 1
5 14475 1
5 10896 1
5 671 1
5 18592 1
5 11941 1
5 10411 1
5 6828 1
5 3954 1
5 18975 1
5 20168 1
5 20171 1
5 13516 1
5 4304 3
5 7892 1
5 5339 1
5 3792 2
5 4837 1
5 8425 2
5 21739 1
5 5364 1
5 770 1
5 4364 1
5 3629 1
5 15131 1
5 5916 1
5 22303 1
5 17185 2
5 20773 1
5 20774 1
5 5927 1
5 5417 1
5 5934 1
5 22319 1
5 2352 1
5 15666 2
5 11913 1
5 1342 1
5 3393 1
5 2883 1
5 2884 1
5 21832 2
5 20303 1
5 14677 1
5 9046 1
5 9047 1
5 19290 1
5 16223 1
5 364 1
5 22418 1
5 10610 1
5 1399 4
5 20856 1
5 3962 1
5 19336 1
5 12354 1
5 8079 1
5 4496 1
5 5009 2
5 6546 1
5 22339 1
5 16794 1
5 20384 1
5 929 1
5 1454 1
5 7089 1
5 5565 1
5 12734 1
5 19400 1
5 17996 1
5 11210 2
5 11211 3
5 3021 1
5 19923 1
5 12878 3
5 8158 1
5 19938 2
5 9712 1
5 4601 1
6 13316 1
6 1032 1
6 2063 1
6 14509 1
6 3417 1
6 15903 1
6 3106 1
6 1076 1
6 11832 1
6 13884 1
6 2622 1
6 5183 1
6 22600 1
6 13388 1
6 12878 1
6 5205 3
6 17495 1
6 9816 4
6 4189 1
6 18022 1
6 5736 1
6 3690 2
6 21613 3
6 13937 1
6 19058 2
6 19571 1
6 1140 1
6 1141 2
6 18042 1
6 22141 1
6 11902 1
6 19074 1
6 19093 1
6 5276 2
6 9887 2
6 22181 1
6 5288 1
6 22188 1
6 9901 1
6 7855 1
6 14001 1
6 8884 1
6 15543 1
6 15035 1
6 11210 1
6 15819 2
6 11378 1
6 13514 1
6 12663 1
6 12495 1
6 18128 1
6 4823 1
6 11992 2
6 5339 1
6 15994 1
6 13022 1
6 4831 1
6 8425 1
6 7919 1
6 2289 2
6 638 1
6 11511 1
6 7928 1
6 18172 2
6 17661 1
6 7938 1
6 4868 1
6 18181 1
6 19718 1
6 22281 1
6 4364 1
6 21264 1
6 12050 1
6 11547 2
6 7453 1
6 5414 1
6 12076 1
6 7471 1
6 13111 1
6 328 1
6 11600 4
6 22355 1
6 12633 1
6 8026 1
6 9662 1
6 9572 1
6 13159 1
6 9583 1
6 22385 1
6 17778 1
6 1399 2
6 8062 1
6 11651 1
6 19332 1
6 22414 1
6 22416 1
6 2449 1
6 19346 1
6 21912 1
6 7088 1
6 12360 1
6 22457 1
6 12734 1
6 22464 3
6 11714 1
6 19397 1
6 13255 1
6 15817 1
6 12746 2
6 11211 1
6 2896 1
6 18904 1
6 8158 1
6 8161 1
6 22509 1
6 11603 1
6 18420 1
6 18423 1
6 6652 2
7 13316 1
7 14346 1
7 11790 1
7 17424 1
7 11287 1
7 16416 1
7 20170 1
7 12842 3
7 22571 1
7 8236 1
7 3629 1
7 9139 2
7 13877 1
7 13880 1
7 6713 3
7 13882 1
7 1089 1
7 587 1
7 13388 3
7 12878 2
7 20559 1
7 592 1
7 9816 1
7 15449 1
7 8797 2
7 15459 1
7 5220 1
7 22119 1
7 10857 1
7 9831 1
7 18540 1
7 21613 1
7 1140 2
7 9833 1
7 11898 1
7 22141 1
7 13950 1
7 6791 1
7 12939 1
7 6798 1
7 9496 1
7 9364 1
7 14489 1
7 16543 1
7 13986 1
7 6826 1
7 11719 1
7 6828 2
7 17070 1
7 19133 1
7 2755 1
7 9924 1
7 14535 1
7 17608 1
7 20169 1
7 13514 1
7 20172 1
7 11992 1
7 16605 1
7 2273 1
7 2854 1
7 16616 2
7 7915 1
7 17661 1
7 14592 1
7 7937 1
7 14595 2
7 4868 1
7 16135 1
7 19208 1
7 19723 1
7 21264 1
7 15128 1
7 5414 2
7 20774 1
7 8490 1
7 7471 1
7 12081 1
7 21305 1
7 3392 1
7 14677 3
7 8026 1
7 1371 1
7 16220 1
7 2407 1
7 8556 1
7 9069 1
7 16104 1
7 16757 1
7 1399 3
7 12153 1
7 12162 1
7 17798 1
7 21898 1
7 22418 1
7 21912 1
7 6044 1
7 20915 1
7 11195 1
7 5564 1
7 5565 1
7 21950 1
7 5567 1
7 8641 1
7 11714 1
7 19396 1
7 21957 1
7 21958 2
7 12743 1
7 15820 1
7 9167 1
7 1489 1
7 13266 1
7 19939 1
7 11760 1
7 508 1
7 11946 2
8 13316 3
8 6153 1
8 14346 1
8 9739 1
8 17424 1
8 11282 1
8 11284 1
8 3629 1
8 11823 1
8 1076 2
8 13877 1
8 18999 1
8 22585 1
8 21856 1
8 20547 1
8 19017 1
8 6732 1
8 20562 1
8 13398 1
8 5210 1
8 8797 1
8 1119 1
8 8803 1
8 9831 1
8 8299 1
8 9836 1
8 21613 1
8 9839 1
8 12364 1
8 13937 1
8 1140 2
8 11898 1
8 1147 1
8 22140 1
8 5246 1
8 17023 1
8 3720 1
8 13452 1
8 9869 1
8 5776 1
8 10592 1
8 5780 1
8 3764 1
8 9398 1
8 20170 1
8 9918 1
8 20167 1
8 18632 1
8 4810 1
8 20172 1
8 6869 1
8 8922 1
8 4339 1
8 11511 1
8 18686 1
8 14037 1
8 16640 1
8 4868 2
8 2309 1
8 16138 1
8 17163 2
8 17172 1
8 8985 1
8 8989 1
8 22303 1
8 16672 2
8 16682 1
8 15666 1
8 20794 1
8 5951 1
8 9038 1
8 14677 1
8 14176 1
8 3943 1
8 5480 1
8 9069 1
8 6000 1
8 18766 1
8 1399 3
8 4986 1
8 9600 1
8 7044 1
8 20360 1
8 9610 1
8 395 2
8 13710 2
8 7055 1
8 920 1
8 15262 1
8 14751 1
8 11684 1
8 22442 4
8 7088 1
8 22457 1
8 8636 1
8 5567 1
8 22464 2
8 8641 1
8 14276 1
8 11207 3
8 11208 2
8 13388 2
8 6606 1
8 20302 1
8 18904 1
8 18852 1
8 8161 2
8 19938 1
8 4067 2
8 3562 1
8 8684 2
8 20463 1
8 18420 2
8 4601 1
9 1280 1
9 9730 1
9 21993 1
9 13316 1
9 7 1
9 22024 1
9 11524 1
9 22557 1
9 10786 1
9 9777 1
9 1074 1
9 1076 2
9 13877 1
9 9782 1
9 21058 1
9 20171 3
9 12364 1
9 12878 1
9 592 1
9 20562 1
9 13398 1
9 15451 1
9 21605 1
9 20070 1
9 6760 1
9 21613 2
9 5742 2
9 21617 2
9 21618 1
9 1140 4
9 2166 1
9 14970 1
9 19582 1
9 18559 1
9 22464 1
9 15491 2
9 5764 1
9 1669 1
9 6791 1
9 15499 1
9 13965 2
9 15981 1
9 13388 1
9 17688 1
9 14483 1
9 18030 3
9 1818 2
9 10407 1
9 10920 1
9 20142 1
9 8989 1
9 15539 1
9 19133 2
9 11969 1
9 11723 1
9 19654 1
9 20170 1
9 12151 1
9 14542 1
9 7889 1
9 19155 1
9 14037 1
9 14993 1
9 10975 1
9 7392 1
9 16616 1
9 5866 1
9 20209 1
9 18162 1
9 809 1
9 588 1
9 5377 1
9 4868 3
9 18181 1
9 19718 1
9 16001 3
9 4364 2
9 15631 1
9 15128 1
9 8986 1
9 4381 1
9 4894 1
9 1823 2
9 4033 1
9 17372 1
9 15660 2
9 4399 1
9 7476 1
9 12089 1
9 3396 1
9 3126 1
9 3400 1
9 11600 3
9 6627 1
9 14677 2
9 21305 2
9 19802 1
9 11008 1
9 19939 1
9 4496 1
9 8550 1
9 2407 1
9 6505 1
9 8043 1
9 8556 1
9 9069 1
9 22385 1
9 882 1
9 1399 3
9 4986 1
9 4475 1
9 1918 3
9 1922 1
9 9607 1
9 21392 1
9 4497 1
9 20882 1
9 10646 1
9 920 1
9 14235 1
9 12190 1
9 19781 2
9 22442 1
9 7089 1
9 1459 1
9 953 3
9 1469 1
9 12734 2
9 16831 1
9 7104 1
9 13249 1
9 16835 1
9 16324 1
9 19958 1
9 6732 1
9 12746 1
9 15819 1
9 6606 1
9 18393 1
9 7644 1
9 8158 2
9 4067 1
9 9700 1
9 2025 1
9 11760 1
9 16373 1
9 20470 1
9 18423 1
9 3064 1
10 11521 1
10 8566 1
10 16259 1
10 13316 1
10 18181 1
10 19718 4
10 1089 1
10 1032 1
10 17546 1
10 11787 2
10 13452 2
10 11790 1
10 11791 2
10 22032 2
10 6547 1
10 14475 1
10 8878 1
10 19350 1
10 22295 1
10 4868 2
10 6554 1
10 13979 1
10 6300 1
10 1669 1
10 2464 1
10 9777 1
10 1399 1
10 7089 1
10 19174 1
10 2460 1
10 16682 1
10 22571 1
10 20781 1
10 15534 1
10 19016 1
10 1076 2
10 15817 1
10 1336 1
10 2911 1
10 8906 1
10 20799 1
10 12746 1
10 8641 3
10 13506 1
10 21699 1
10 15556 1
10 1526 1
10 11590 1
10 6732 1
10 21832 1
10 20169 1
10 11210 1
10 1099 2
10 588 1
10 20429 1
10 9167 1
10 5841 1
10 4364 1
10 15808 1
10 5425 1
10 5208 1
10 15451 1
10 12481 1
10 16758 1
10 18022 1
10 9831 1
10 3562 1
10 20519 1
10 8684 1
10 21613 3
10 20463 1
10 22385 1
10 11283 1
10 1140 2
10 1141 2
10 3702 1
10 17271 1
10 12151 1
10 11898 1
10 22442 3
11 4096 1
11 4102 1
11 20999 1
11 22024 1
11 11787 1
11 6670 1
11 12888 1
11 9244 1
11 22557 1
11 22369 1
11 20519 1
11 3113 1
11 20014 1
11 6709 1
11 8758 1
11 12350 1
11 22082 1
11 3652 1
11 12357 1
11 11335 1
11 6732 3
11 6741 8
11 13398 1
11 13912 1
11 13404 1
11 8797 1
11 8033 1
11 15474 1
11 1140 1
11 1141 2
11 7289 1
11 17530 1
11 1147 1
11 18045 2
11 20099 1
11 9351 1
11 13388 1
11 13459 1
11 19094 1
11 15512 1
11 10410 1
11 7854 1
11 10927 1
11 14530 1
11 20854 1
11 8902 1
11 7370 1
11 17271 1
11 13516 3
11 4303 1
11 11385 2
11 11992 1
11 19066 1
11 4831 1
11 11511 1
11 3326 1
11 14081 1
11 16131 1
11 7433 1
11 18200 1
11 7451 2
11 21295 1
11 7985 1
11 10549 1
11 12091 2
11 20284 1
11 16190 1
11 831 1
11 8518 1
11 4942 1
11 4943 1
11 9554 1
11 14677 2
11 21850 1
11 859 2
11 16220 1
11 3937 1
11 2407 1
11 18282 1
11 5995 1
11 5996 1
11 9069 1
11 10463 1
11 18805 1
11 10102 1
11 1399 2
11 8056 1
11 14714 1
11 17290 1
11 8026 1
11 19096 1
11 20882 1
11 17818 1
11 15266 1
11 6053 1
11 22442 2
11 7095 1
11 11710 1
11 11714 1
11 17996 1
11 15823 1
11 3536 1
11 4088 1
11 9684 1
11 9550 1
11 9686 1
11 19938 1
11 20463 1
11 2040 1
11 4090 1
11 15356 1
11 22013 1
12 18960 1
12 18962 2
12 7854 1
12 22551 4
12 7706 1
12 9244 1
12 22557 3
12 9246 1
12 9247 2
12 5155 1
12 20010 6
12 22571 1
12 20018 1
12 11832 1
12 20537 1
12 12354 1
12 8260 1
12 588 1
12 6741 2
12 15447 1
12 21605 1
12 21613 1
12 18030 1
12 21618 1
12 22423 1
12 1141 3
12 1147 1
12 13592 1
12 20095 2
12 9351 1
12 13452 1
12 18200 1
12 13459 1
12 14495 2
12 16544 1
12 14500 1
12 22181 1
12 10407 1
12 17070 1
12 15540 1
12 5150 3
12 9398 1
12 1140 3
12 6864 1
12 19162 1
12 13532 2
12 7392 1
12 2275 1
12 21739 1
12 16625 1
12 15609 1
12 11514 3
12 8746 1
12 18686 1
12 255 1
12 1280 1
12 7937 2
12 4364 1
12 12567 1
12 19224 1
12 17186 1
12 21292 1
12 7471 1
12 15664 1
12 6459 1
12 13129 1
12 5450 1
12 2899 1
12 2446 1
12 9047 1
12 15163 1
12 13681 1
12 1399 3
12 14717 1
12 8579 1
12 9606 1
12 2443 2
12 17806 2
12 11151 1
12 14743 1
12 11164 1
12 16804 3
12 2991 1
12 16543 1
12 11714 2
12 6732 1
12 7650 1
12 7655 1
12 6137 1
12 4092 2
13 13316 1
13 12888 1
13 18962 3
13 22551 3
13 6688 1
13 5155 1
13 11305 1
13 20010 1
13 22571 1
13 1068 1
13 1076 1
13 17466 1
13 5183 1
13 7236 1
13 12871 1
13 15432 1
13 7243 2
13 588 2
13 13389 1
13 15448 1
13 2649 1
13 2650 1
13 8797 1
13 18030 2
13 11710 1
13 19064 1
13 15994 1
13 12414 1
13 18569 1
13 14492 1
13 3746 1
13 10409 1
13 3252 1
13 15031 1
13 8906 1
13 7888 1
13 10360 1
13 4818 1
13 15574 2
13 10972 1
13 16616 1
13 12018 1
13 4339 1
13 12471 1
13 8962 1
13 1067 1
13 262 1
13 8236 1
13 4364 2
13 4365 1
13 5394 1
13 21797 1
13 3369 2
13 7471 2
13 18736 2
13 15688 1
13 5451 1
13 8018 1
13 2899 2
13 14677 1
13 14689 1
13 8043 3
13 9069 1
13 17262 1
13 10098 1
13 20851 1
13 19317 1
13 1399 4
13 5000 1
13 17806 1
13 21392 1
13 20882 1
13 22426 1
13 12699 1
13 12702 1
13 15771 1
13 22450 1
13 12734 1
13 11714 1
13 20429 1
13 19918 1
13 14800 1
13 2003 1
13 18911 1
13 3554 1
13 11747 2
13 2024 2
13 10225 1
13 9043 1
14 13316 2
14 22024 1
14 9241 1
14 1050 1
14 8749 1
14 13880 1
14 11841 1
14 12354 1
14 20547 1
14 8260 1
14 9289 1
14 13388 1
14 21582 1
14 6741 1
14 2649 1
14 2661 2
14 18022 1
14 2666 1
14 21613 1
14 18030 1
14 13937 2
14 1140 3
14 12734 1
14 11385 2
14 15994 1
14 1147 1
14 13950 2
14 20095 1
14 11392 1
14 1668 1
14 1669 1
14 1162 1
14 14475 1
14 13452 1
14 14477 1
14 14019 1
14 16545 1
14 15019 1
14 17070 2
14 9919 1
14 21699 1
14 7879 1
14 1399 5
14 15574 1
14 12510 2
14 10975 1
14 16610 1
14 18046 1
14 15609 1
14 11514 2
14 10357 1
14 8961 1
14 18183 1
14 4364 1
14 18714 1
14 15133 1
14 11909 1
14 15660 1
14 7471 1
14 18736 1
14 7476 1
14 9013 1
14 9034 1
14 16205 1
14 4944 1
14 14677 2
14 7516 1
14 18794 1
14 18797 1
14 17263 1
14 13459 1
14 10103 2
14 16761 1
14 4986 1
14 16771 1
14 10119 1
14 22418 1
14 22422 2
14 12699 1
14 2460 1
14 12702 1
14 4000 2
14 12716 1
14 19900 1
14 3006 1
14 7104 1
14 19397 1
14 15820 1
14 20429 1
14 8144 1
14 1141 2
14 2024 1
14 20463 1
14 4084 1
14 11771 1
14 4092 2
15 512 1
15 13316 1
15 18964 1
15 22551 1
15 15279 1
15 4647 1
15 11821 1
15 17466 1
15 1089 1
15 12354 2
15 12360 1
15 12471 1
15 13901 1
15 20047 2
15 13907 1
15 16470 1
15 5208 1
15 18528 1
15 3171 3
15 22119 1
15 9321 1
15 18540 1
15 3694 1
15 21617 1
15 1140 3
15 1141 1
15 11385 1
15 1147 2
15 13440 2
15 1669 1
15 10889 3
15 13452 1
15 11926 1
15 14488 1
15 14492 1
15 16543 1
15 6822 1
15 10412 1
15 17070 2
15 6839 1
15 628 1
15 629 1
15 7362 1
15 14538 1
15 4818 1
15 15574 1
15 4823 1
15 5863 1
15 16616 1
15 748 1
15 2770 1
15 4339 1
15 11514 2
15 18174 1
15 22271 1
15 4864 1
15 8961 1
15 4364 1
15 10515 1
15 19740 1
15 17184 2
15 4900 2
15 6437 1
15 6438 1
15 15160 1
15 831 1
15 832 2
15 9543 5
15 6984 1
15 15178 1
15 20305 1
15 14677 2
15 9047 1
15 2394 1
15 22369 2
15 743 1
15 9069 1
15 22385 1
15 1399 6
15 10644 1
15 2435 1
15 3460 1
15 9606 2
15 16776 1
15 2443 1
15 17811 1
15 19348 2
15 19862 1
15 22423 1
15 22426 1
15 12187 1
15 12700 2
15 16798 1
15 18852 1
15 22442 1
15 12717 1
15 2990 1
15 2991 1
15 22448 1
15 7095 2
15 13753 1
15 3006 1
15 21493 1
15 6596 1
15 250 1
15 10210 1
15 15855 1
15 18686 1
15 4092 2
15 11773 1
16 5632 1
16 13316 1
16 9132 1
16 22607 1
16 14862 1
16 12816 1
16 10262 1
16 8216 1
16 4868 1
16 22557 1
16 5158 1
16 12842 2
16 1076 2
16 6713 1
16 6715 1
16 8765 1
16 9791 1
16 13888 1
16 12354 2
16 20046 2
16 20047 1
16 13907 2
16 16981 1
16 6746 1
16 3692 2
16 21613 1
16 7278 1
16 1140 1
16 15990 1
16 633 1
16 3206 2
16 19083 1
16 2194 1
16 2166 1
16 15000 1
16 4762 1
16 10407 2
16 14509 1
16 6834 1
16 17093 3
16 3788 1
16 13516 2
16 17621 1
16 2775 2
16 741 1
16 1256 1
16 7422 2
16 1280 1
16 9985 1
16 260 1
16 17671 1
16 9982 1
16 20254 1
16 22304 1
16 11555 1
16 15144 1
16 6953 1
16 12093 1
16 3392 2
16 18571 1
16 9034 2
16 18765 1
16 16223 1
16 22368 1
16 14689 2
16 2407 1
16 2416 1
16 1399 4
16 22398 1
16 1413 1
16 9606 1
16 13710 1
16 11151 1
16 1936 1
16 20882 1
16 6547 1
16 19862 1
16 21912 1
16 15266 2
16 15276 1
16 7095 4
16 13242 1
16 8636 1
16 9167 1
16 17360 1
16 10709 1
16 3547 1
16 10214 1
16 19950 1
16 20463 1
16 15614 1
16 1526 1
16 5623 1
16 4092 1
16 6741 1
17 5867 1
17 13316 1
17 13445 1
17 19718 1
17 11969 1
17 11787 2
17 5005 1
17 9230 1
17 20010 1
17 16017 1
17 22418 1
17 3943 1
17 10262 1
17 14743 1
17 18017 1
17 2607 1
17 8988 1
17 15773 2
17 15903 1
17 17996 1
17 1399 3
17 18852 1
17 8229 1
17 4007 2
17 13532 1
17 22442 3
17 8236 1
17 14895 1
17 15664 1
17 18019 1
17 12594 1
17 7732 1
17 13365 1
17 7095 1
17 20047 1
17 15548 2
17 5309 1
17 9918 1
17 1089 1
17 8770 1
17 12354 1
17 17093 3
17 4947 1
17 3528 1
17 19657 1
17 10709 1
17 1099 1
17 13388 1
17 6741 1
17 20329 1
17 9170 1
17 9043 1
17 14677 1
17 10710 1
17 10745 2
17 7204 1
17 6746 1
17 15707 1
17 16220 1
17 1120 1
17 4960 1
17 17890 1
17 17891 1
17 13979 1
17 9445 1
17 6758 1
17 12905 1
17 1256 1
17 745 1
17 6506 1
17 8043 1
17 19950 1
17 20463 1
17 13937 1
17 22557 1
17 1140 3
17 1141 1
17 1526 1
17 11511 2
17 4601 1
17 7039 2
17 4092 1
17 2173 1
17 4094 1
17 4949 1
18 12288 1
18 11787 1
18 7180 1
18 6687 2
18 17441 1
18 7204 2
18 22571 1
18 15408 1
18 20024 1
18 20026 1
18 12354 1
18 587 1
18 13388 1
18 13398 1
18 20569 1
18 19549 1
18 3685 1
18 19552 1
18 21605 1
18 8988 1
18 9833 1
18 21613 1
18 13937 1
18 1140 3
18 1141 2
18 11385 1
18 14972 1
18 13452 1
18 19096 1
18 19113 1
18 11969 1
18 545 1
18 11976 1
18 5325 1
18 20687 1
18 20177 1
18 19408 1
18 741 1
18 21739 1
18 2289 1
18 9172 1
18 7039 1
18 1280 1
18 4868 1
18 19718 1
18 16135 1
18 15631 1
18 2834 1
18 4885 2
18 19740 1
18 20260 1
18 19420 1
18 12594 4
18 3386 1
18 9034 1
18 19938 1
18 11832 1
18 14677 1
18 9047 2
18 18746 1
18 8421 1
18 2407 1
18 18287 1
18 1399 1
18 12671 1
18 9090 1
18 9606 1
18 17903 1
18 15773 1
18 15266 1
18 22442 3
18 4084 2
18 19389 1
18 15808 1
18 8641 1
18 3524 1
18 3528 2
18 588 1
18 20429 1
18 9167 1
18 17872 1
18 9684 2
18 10709 1
18 12250 1
18 21980 1
18 17890 3
18 4068 1
18 20463 1
18 18420 1
18 4094 1
19 12288 1
19 8195 1
19 6155 1
19 17424 1
19 22557 2
19 15903 1
19 8747 1
19 3629 1
19 17466 1
19 22589 1
19 13891 1
19 13388 1
19 16468 1
19 597 1
19 20054 1
19 14426 1
19 13404 1
19 18528 2
19 6760 1
19 9833 1
19 8810 1
19 6254 1
19 2673 1
19 1140 2
19 10857 1
19 17530 1
19 1147 1
19 4221 1
19 19582 1
19 20611 1
19 16516 1
19 9351 1
19 11913 1
19 1163 1
19 13452 1
19 17042 1
19 3220 1
19 15014 1
19 21617 1
19 22186 2
19 14509 1
19 17583 1
19 4276 1
19 12471 1
19 21177 1
19 5306 1
19 3259 1
19 5309 1
19 16064 1
19 11969 2
19 2243 1
19 8906 1
19 20688 1
19 721 1
19 7380 1
19 213 1
19 4218 1
19 16616 1
19 12521 1
19 7915 1
19 7917 1
19 2173 1
19 15096 1
19 250 1
19 22571 1
19 4868 1
19 19718 1
19 15117 1
19 5394 1
19 4894 1
19 17184 1
19 19238 2
19 5927 1
19 4399 1
19 7474 1
19 7477 1
19 18746 1
19 16193 1
19 22340 1
19 9543 1
19 20303 1
19 3408 1
19 20817 1
19 16220 1
19 14689 1
19 5996 2
19 9069 1
19 1399 2
19 21880 1
19 4986 1
19 382 1
19 6528 1
19 8079 1
19 13723 1
19 13218 1
19 6052 1
19 423 1
19 12202 1
19 22448 1
19 12216 1
19 5566 1
19 11714 1
19 8131 1
19 6599 1
19 3528 2
19 6606 2
19 17359 1
19 14800 1
19 6114 1
19 5092 1
19 15845 1
19 20463 1
19 16373 1
20 12162 1
20 2307 1
20 13316 2
20 5638 1
20 7303 1
20 18185 1
20 13741 1
20 13584 1
20 20882 1
20 4390 1
20 4886 1
20 5527 1
20 19737 1
20 8988 1
20 22557 1
20 4894 1
20 11846 1
20 21414 1
20 11431 1
20 2332 2
20 3373 1
20 9139 1
20 18180 1
20 20203 1
20 21305 1
20 18746 1
20 18108 1
20 3517 1
20 12734 2
20 17727 1
20 12746 1
20 13889 1
20 19654 1
20 13388 1
20 13514 1
20 20427 1
20 13516 2
20 11471 4
20 11600 1
20 14677 1
20 17751 1
20 5092 1
20 6493 1
20 4318 1
20 18911 1
20 7904 1
20 12514 1
20 22500 1
20 17509 1
20 21094 1
20 2407 1
20 9833 1
20 5355 1
20 17262 1
20 19133 1
20 11760 2
20 22385 1
20 1001 1
20 1140 1
20 1141 2
20 1399 4
20 4601 1
20 14843 1
20 11388 1
20 5246 1
20 15851 1
21 7424 2
21 12288 1
21 3009 1
21 3171 1
21 13316 1
21 1669 1
21 19718 1
21 11969 2
21 16625 1
21 14475 1
21 6797 1
21 16911 1
21 8976 2
21 7699 1
21 6932 2
21 19096 1
21 22426 1
21 12700 1
21 4765 1
21 5150 1
21 10181 1
21 12704 1
21 18087 1
21 12584 1
21 14492 1
21 17706 1
21 6791 1
21 3757 1
21 1280 1
21 7471 1
21 1076 1
21 437 1
21 15673 1
21 18746 2
21 15903 2
21 13514 4
21 9918 4
21 6069 1
21 21696 1
21 16416 1
21 22082 1
21 13891 1
21 17093 1
21 8518 1
21 5857 1
21 11850 1
21 1399 3
21 4944 2
21 2403 1
21 14677 1
21 4950 1
21 15704 1
21 9817 1
21 11898 1
21 6213 1
21 17184 1
21 1232 1
21 17890 1
21 15035 2
21 1140 1
21 3408 1
21 13937 1
21 9833 2
21 20803 1
21 21613 2
21 7662 1
21 20463 1
21 6824 1
21 21579 1
21 18420 1
21 14526 1
21 10857 2
21 4067 1
21 19348 1
21 15994 1
21 22463 1
21 8490 1
21 9983 1
22 6571 1
22 13316 1
22 1281 1
22 22551 1
22 545 1
22 18471 1
22 22571 1
22 8236 1
22 3629 2
22 9777 1
22 11827 1
22 1076 2
22 16950 1
22 20024 1
22 22585 1
22 22589 2
22 1607 1
22 9305 1
22 16474 1
22 21601 1
22 9831 1
22 9833 2
22 21613 1
22 3184 1
22 625 1
22 1140 2
22 11381 1
22 11898 1
22 1147 1
22 14973 1
22 19582 1
22 20095 1
22 11908 1
22 7303 1
22 13459 1
22 13978 1
22 13979 1
22 18596 1
22 9895 1
22 19113 1
22 5300 1
22 12471 1
22 11969 1
22 11753 1
22 13516 2
22 11471 1
22 1744 1
22 3796 1
22 19162 1
22 19165 1
22 739 1
22 14060 2
22 637 1
22 5246 1
22 16341 1
22 8961 1
22 16131 1
22 4868 1
22 13061 1
22 17162 1
22 7952 1
22 2834 1
22 5398 1
22 6938 1
22 8992 1
22 3373 1
22 7471 1
22 1844 1
22 18746 2
22 12103 1
22 14677 2
22 9047 1
22 15704 1
22 16220 3
22 19305 1
22 3946 1
22 8043 1
22 5996 1
22 9069 1
22 10096 1
22 1399 2
22 11645 1
22 7039 1
22 8067 1
22 7044 1
22 11656 1
22 9610 1
22 2443 1
22 7565 1
22 8079 2
22 22418 2
22 917 1
22 8086 1
22 16804 1
22 20389 1
22 12202 1
22 4011 1
22 12716 1
22 2990 2
22 11193 1
22 3524 2
22 19397 1
22 3528 1
22 15818 1
22 17872 1
22 7634 1
22 10709 1
22 17881 1
22 18911 1
22 9697 1
22 2025 1
22 16893 1
22 17395 1
22 15864 1
22 6052 1
22 2986 1
23 9729 3
23 13316 1
23 3589 1
23 9739 3
23 11791 1
23 6155 1
23 9237 1
23 13848 1
23 547 1
23 4133 1
23 20519 1
23 22571 1
23 3629 1
23 2608 1
23 7217 1
23 1076 1
23 8770 1
23 11787 1
23 588 1
23 592 1
23 13399 1
23 12888 1
23 602 1
23 12891 1
23 8208 1
23 9833 1
23 1140 2
23 1141 1
23 2166 1
23 18042 1
23 1147 2
23 5246 1
23 18051 1
23 1669 1
23 15494 1
23 9351 2
23 1163 1
23 18065 1
23 3220 1
23 11414 1
23 5793 1
23 13992 1
23 18089 1
23 22188 1
23 3760 1
23 3762 1
23 19133 2
23 9918 1
23 18632 1
23 13516 2
23 20689 1
23 4818 1
23 5331 1
23 11992 1
23 20189 1
23 7903 1
23 22245 1
23 4326 1
23 5841 1
23 16616 1
23 21739 2
23 17646 1
23 12016 1
23 6391 1
23 15096 1
23 22266 1
23 12539 1
23 14592 1
23 14081 1
23 7432 1
23 4364 1
23 7952 1
23 6421 1
23 7471 1
23 12061 1
23 19235 1
23 10020 1
23 6790 1
23 5415 1
23 11569 1
23 16175 1
23 12081 1
23 12089 1
23 18746 1
23 4831 3
23 4417 1
23 3395 1
23 21832 1
23 21323 1
23 847 2
23 21305 1
23 19290 1
23 8079 1
23 3943 2
23 10600 1
23 3946 1
23 13681 1
23 20851 1
23 1399 2
23 20856 1
23 18809 1
23 14743 1
23 14725 1
23 5527 1
23 10636 1
23 7055 2
23 3991 1
23 920 4
23 22426 1
23 2463 1
23 12705 1
23 11180 1
23 13244 1
23 16324 1
23 20427 1
23 9167 3
23 464 2
23 18390 1
23 12247 1
23 8158 1
23 17890 1
23 1510 1
23 2025 1
23 21995 1
23 3564 1
23 15855 1
23 3060 1
23 4602 1
23 9727 1
24 9729 1
24 4868 1
24 8556 1
24 11787 1
24 16911 1
24 8208 1
24 4881 2
24 11672 1
24 4008 1
24 22188 1
24 14000 1
24 9013 1
24 4084 1
24 13242 1
24 8641 1
24 21828 1
24 1140 1
24 2648 1
24 9038 1
24 4304 1
24 12625 1
24 5458 1
24 6741 1
24 11992 1
24 2522 1
24 3258 1
24 7904 1
24 22499 2
24 740 1
24 3943 1
24 7532 1
24 21613 1
24 18420 1
24 13174 1
24 1399 1
24 1147 1
