1 5248 1
1 897 1
1 4356 1
1 7690 1
1 18571 1
1 4364 1
1 20877 1
1 8079 1
1 4368 1
1 18776 1
1 20882 1
1 16217 1
1 10008 1
1 19867 1
1 22557 1
1 9887 1
1 12192 1
1 21295 1
1 9383 1
1 22569 1
1 22442 1
1 22188 1
1 17070 1
1 3375 1
1 19124 1
1 13749 1
1 21814 1
1 22585 1
1 316 1
1 12734 1
1 17727 1
1 3392 1
1 13252 2
1 21832 1
1 6345 1
1 9290 1
1 18807 1
1 11726 1
1 9167 1
1 19285 2
1 15448 2
1 18905 1
1 3419 1
1 8671 2
1 4496 1
1 17000 1
1 21225 1
1 18540 1
1 20468 1
1 2025 1
1 20799 1
1 6826 1
2 14592 1
2 13316 1
2 8454 1
2 1163 1
2 4364 1
2 22418 1
2 13459 1
2 17688 1
2 17818 1
2 8988 1
2 19102 1
2 12835 1
2 7463 1
2 2460 1
2 22442 1
2 12716 1
2 301 1
2 21295 2
2 17968 1
2 19124 2
2 3386 1
2 12733 1
2 20799 2
2 13252 1
2 20427 1
2 13388 1
2 9424 1
2 9425 1
2 14677 1
2 13398 1
2 9047 2
2 15448 1
2 7897 1
2 19290 1
2 12891 1
2 8671 1
2 16998 1
2 2407 1
2 364 1
2 15986 1
2 1141 1
2 1399 1
2 1147 1
2 19285 1
3 10625 1
3 16379 1
3 13129 1
3 5450 1
3 17707 1
3 18668 1
3 15567 1
3 15512 1
3 13532 1
3 9684 1
3 22551 2
3 7352 1
3 12891 1
3 2443 2
3 8043 1
4 7392 1
4 14081 1
4 15620 1
4 10410 1
4 2443 1
4 7180 1
4 13389 1
4 7982 1
4 7095 1
4 14994 1
4 5301 1
4 17463 1
4 3130 1
4 5629 1
5 21632 1
5 14592 1
5 7938 1
5 6507 1
5 8454 1
5 2828 1
5 22082 1
5 15981 1
5 12888 2
5 13459 1
5 17688 1
5 19226 1
5 7451 1
5 15133 1
5 9435 1
5 1828 1
5 6982 1
5 7899 1
5 1959 1
5 19113 1
5 22571 1
5 12716 1
5 14509 1
5 22557 1
5 16049 1
5 20794 1
5 6459 1
5 15804 1
5 189 2
5 20799 1
5 12354 1
5 11334 1
5 20427 1
5 13388 1
5 9424 1
5 14677 2
5 4054 1
5 15448 1
5 218 1
5 5339 1
5 3386 1
5 19238 1
5 7655 1
5 360 1
5 2407 1
5 364 1
5 9069 1
5 15986 1
5 10612 1
5 1141 1
5 11385 1
5 1147 3
5 10365 1
6 12800 1
6 22024 3
6 4364 2
6 2575 1
6 18904 1
6 13459 1
6 14485 1
6 4123 1
6 8988 1
6 9887 1
6 17312 1
6 16432 1
6 17435 1
6 547 2
6 9380 1
6 18154 1
6 7981 1
6 10928 1
6 17012 1
6 15666 1
6 18295 1
6 13113 1
6 13242 1
6 8892 1
6 21962 1
6 6464 1
6 18114 1
6 13255 1
6 12360 1
6 13516 2
6 11850 1
6 20427 1
6 588 1
6 592 1
6 14677 2
6 15448 1
6 22245 1
6 19938 1
6 3943 1
6 7780 1
6 9061 1
6 7655 1
6 18921 1
6 18794 1
6 21739 1
6 5996 1
6 13937 1
6 1140 1
6 1141 1
6 1399 1
6 2040 1
6 13528 1
6 637 1
6 12799 1
7 10625 1
7 13316 1
7 6791 1
7 17290 1
7 2443 2
7 20494 1
7 22418 1
7 10515 2
7 13516 1
7 6702 1
7 22551 1
7 11161 1
7 15773 1
7 16030 1
7 16547 1
7 15268 1
7 7463 1
7 20010 2
7 13063 1
7 2990 2
7 15709 1
7 10545 1
7 5150 1
7 9033 1
7 6968 1
7 2617 1
7 10555 1
7 22464 1
7 1170 1
7 16328 1
7 13388 1
7 6732 1
7 4941 1
7 20303 1
7 12624 1
7 7634 1
7 4947 1
7 14677 1
7 217 1
7 14682 1
7 15994 1
7 16035 1
7 14689 1
7 18343 1
7 21613 1
7 13937 1
7 14584 1
7 11385 2
7 11898 1
7 3221 1
8 9351 1
8 8585 1
8 2443 1
8 4364 1
8 13453 1
8 9069 1
8 17424 1
8 1049 1
8 22551 1
8 11161 1
8 5150 2
8 11935 1
8 7968 1
8 18960 1
8 16547 1
8 16625 1
8 20010 3
8 8236 1
8 3058 1
8 2990 1
8 2991 2
8 20019 1
8 8502 1
8 9033 1
8 19900 1
8 16190 1
8 22464 1
8 18114 1
8 16328 1
8 588 1
8 1482 1
8 17996 1
8 4941 1
8 20686 1
8 12625 1
8 3468 1
8 8766 1
8 15709 1
8 4960 1
8 14689 1
8 7650 1
8 9831 1
8 16194 1
8 5996 1
8 21613 1
8 14574 1
8 13937 1
8 18162 1
8 10357 1
8 10360 1
8 11385 1
8 10410 1
8 15102 1
9 8043 2
9 7684 1
9 22209 1
9 19208 1
9 20780 1
9 20234 1
9 1933 1
9 19939 1
9 18579 2
9 22551 4
9 18200 1
9 10409 2
9 2351 2
9 5150 1
9 9247 2
9 18080 1
9 13723 1
9 5158 1
9 7463 2
9 4647 1
9 20010 1
9 1580 1
9 20014 1
9 10543 1
9 15664 3
9 7471 2
9 6622 1
9 11913 1
9 6458 1
9 13883 1
9 5309 1
9 11969 1
9 11714 1
9 6860 1
9 5450 1
9 12471 1
9 13516 1
9 4944 1
9 3409 1
9 4818 4
9 2899 2
9 6741 1
9 2394 1
9 1167 1
9 13532 1
9 10206 1
9 7392 1
9 11600 1
9 19938 1
9 3943 1
9 11605 1
9 9831 1
9 7016 1
9 10407 1
9 21228 1
9 9069 1
9 14448 1
9 13937 2
9 20851 1
9 21962 1
9 631 1
9 11385 1
9 10410 1
9 2442 1
9 14677 1
10 10626 1
10 7684 2
10 9351 1
10 4235 2
10 3468 1
10 1552 1
10 17207 1
10 18962 3
10 8238 1
10 22551 2
10 7637 1
10 13723 1
10 22557 1
10 19474 1
10 9247 2
10 15664 3
10 219 1
10 12110 1
10 21797 1
10 12583 1
10 10409 1
10 9223 1
10 20014 1
10 15773 1
10 15408 1
10 16049 1
10 19124 1
10 7095 1
10 6711 1
10 9912 1
10 1076 1
10 13118 1
10 15681 1
10 4165 1
10 4364 1
10 11850 1
10 5451 1
10 13516 2
10 13389 1
10 18510 1
10 719 1
10 10705 1
10 21330 1
10 2899 3
10 17621 1
10 20260 1
10 218 1
10 4059 1
10 13532 1
10 4831 1
10 15584 1
10 2918 1
10 10218 1
10 8043 4
10 9069 1
10 11887 1
10 7537 1
10 9662 1
10 4601 1
10 15615 1
10 7548 1
10 5119 1
11 13316 2
11 20999 1
11 2063 1
11 18962 3
11 22551 1
11 19716 1
11 9247 3
11 20519 1
11 16430 1
11 16434 1
11 16435 1
11 3636 1
11 6718 1
11 1076 1
11 12354 1
11 6732 1
11 5197 1
11 12878 1
11 1976 1
11 6741 2
11 6239 1
11 18017 1
11 22119 1
11 21613 1
11 18030 1
11 5746 1
11 2680 1
11 633 1
11 15994 1
11 15997 1
11 1671 1
11 15508 1
11 9241 1
11 9887 1
11 16547 3
11 10407 2
11 10409 1
11 12471 3
11 15548 1
11 14016 1
11 8387 1
11 6864 1
11 10360 1
11 17107 1
11 3287 1
11 218 1
11 10459 1
11 10972 1
11 12007 1
11 12009 1
11 18668 1
11 14574 2
11 8062 1
11 11511 1
11 14584 3
11 19204 1
11 18185 1
11 4364 1
11 1305 1
11 15664 2
11 13611 1
11 13613 1
11 18736 1
11 17202 1
11 6969 1
11 16190 1
11 16193 1
11 13129 1
11 12624 1
11 14677 1
11 6489 1
11 14689 2
11 8043 5
11 9069 2
11 17262 1
11 15216 1
11 12350 1
11 20343 1
11 19092 1
11 1918 1
11 10626 1
11 9606 1
11 20361 1
11 15773 2
11 4533 1
11 10057 1
11 11192 1
11 16543 2
11 19900 1
11 3220 1
11 8654 1
11 9684 1
11 12779 1
11 8180 1
11 5114 1
12 5632 1
12 7683 1
12 13316 1
12 19201 1
12 7693 1
12 14862 1
12 18960 1
12 18962 1
12 19476 1
12 19478 1
12 22551 4
12 9244 2
12 22557 3
12 5155 1
12 3113 1
12 15403 1
12 8238 2
12 16434 1
12 12350 1
12 11841 1
12 12354 1
12 7748 1
12 6732 2
12 18510 1
12 21586 1
12 13907 1
12 13398 1
12 8797 1
12 1552 1
12 14448 1
12 631 1
12 15994 1
12 12053 1
12 11909 1
12 11399 1
12 11913 1
12 18579 1
12 15508 1
12 6301 1
12 10407 1
12 11292 1
12 19133 2
12 7870 1
12 17087 1
12 11969 1
12 13516 1
12 20686 1
12 216 1
12 13775 1
12 6889 1
12 18668 1
12 21972 1
12 14081 1
12 4364 2
12 4373 1
12 7451 2
12 7455 1
12 20256 1
12 5339 1
12 19238 1
12 14119 1
12 16007 1
12 8449 1
12 15664 1
12 7473 1
12 21305 2
12 12602 1
12 12604 1
12 16190 1
12 5442 1
12 9543 1
12 10574 1
12 2899 2
12 7016 1
12 8043 1
12 18796 1
12 13681 1
12 8766 1
12 10119 1
12 2443 1
12 13727 1
12 18852 1
12 22442 1
12 219 2
12 19900 1
12 11714 2
12 2500 1
12 2502 1
12 13255 2
12 18376 1
12 588 1
12 10191 1
12 9684 2
12 9811 1
12 15349 1
13 18174 1
13 19715 2
13 4868 3
13 6790 1
13 3208 2
13 10636 1
13 20494 1
13 2063 1
13 7952 1
13 5635 1
13 14484 1
13 6934 1
13 15512 2
13 19716 1
13 1947 1
13 6300 1
13 16798 1
13 18080 1
13 15266 1
13 7451 1
13 17188 1
13 646 2
13 10545 1
13 9606 1
13 22442 3
13 11335 1
13 15660 1
13 8749 1
13 16302 1
13 5041 2
13 17202 1
13 15776 1
13 19764 4
13 7095 3
13 4536 1
13 21305 1
13 3130 5
13 2271 1
13 19133 1
13 12350 1
13 4417 1
13 12354 1
13 13511 1
13 200 1
13 13516 1
13 20554 1
13 11511 1
13 22220 1
13 11725 1
13 21710 1
13 19408 1
13 13907 5
13 212 1
13 13398 1
13 15994 1
13 7432 1
13 4831 1
13 6736 1
13 10210 1
13 7011 1
13 15460 1
13 8421 1
13 1766 1
13 7399 1
13 20329 1
13 19050 1
13 22119 1
13 364 2
13 21613 1
13 9582 1
13 8562 1
13 6773 1
13 20343 1
13 4867 1
13 7546 1
13 19588 1
13 1765 1
14 15616 1
14 9473 1
14 15618 1
14 2947 2
14 13316 1
14 17066 1
14 8449 1
14 2220 1
14 22418 1
14 18200 1
14 925 1
14 5153 1
14 16546 1
14 22442 1
14 15660 1
14 14509 1
14 7854 1
14 5935 1
14 17661 1
14 16435 1
14 1844 1
14 10206 1
14 7095 3
14 15800 1
14 8378 1
14 4541 1
14 7870 1
14 12354 1
14 9035 1
14 13388 1
14 13389 1
14 9167 1
14 13907 1
14 4440 1
14 8797 1
14 7902 1
14 1765 2
14 229 1
14 18022 1
14 7911 1
14 14985 1
14 10218 1
14 364 1
14 21613 2
14 11887 1
14 14324 1
14 11198 1
14 10410 1
15 8449 1
15 19714 1
15 13316 3
15 17162 1
15 3332 1
15 7055 4
15 13459 1
15 22551 1
15 19716 1
15 6300 1
15 16543 1
15 20260 1
15 22442 1
15 8236 1
15 18486 1
15 7095 2
15 21305 1
15 8636 1
15 19133 1
15 17996 1
15 6732 1
15 20047 1
15 13907 1
15 21972 1
15 12888 2
15 14682 2
15 220 1
15 2149 2
15 229 1
15 10214 1
15 5863 1
15 360 1
15 18287 1
15 5246 2
16 15616 1
16 14016 1
16 15723 1
16 19716 2
16 13445 2
16 12481 1
16 13833 1
16 17162 1
16 13452 1
16 13453 2
16 14862 2
16 11909 1
16 7016 1
16 16131 1
16 1044 1
16 9444 1
16 19479 1
16 3992 1
16 21146 1
16 13723 2
16 20509 1
16 5150 1
16 15621 1
16 1824 1
16 16679 1
16 2854 1
16 10407 2
16 15272 1
16 15273 1
16 20234 1
16 16543 1
16 685 1
16 20142 1
16 8935 1
16 15664 1
16 5041 2
16 16055 1
16 10408 1
16 17084 1
16 21949 1
16 15449 1
16 6464 2
16 7392 1
16 12354 1
16 4678 1
16 4423 1
16 588 1
16 11850 2
16 13771 1
16 3788 2
16 19938 1
16 21629 1
16 592 2
16 593 3
16 17107 1
16 7095 1
16 6870 1
16 18393 1
16 14682 3
16 9171 1
16 15456 1
16 10210 1
16 2148 3
16 21605 1
16 10214 1
16 9169 1
16 9704 1
16 8041 1
16 12010 1
16 7279 1
16 21228 1
16 10984 1
16 3055 1
16 10096 1
16 21617 1
16 13907 2
16 1139 1
16 8053 2
16 1482 1
16 4603 1
16 4732 1
16 13418 1
16 8446 1
17 5248 1
17 17313 1
17 8066 1
17 18819 1
17 7556 2
17 14985 1
17 17291 1
17 4364 3
17 7055 1
17 20496 1
17 15508 1
17 15641 1
17 8857 2
17 21147 1
17 602 1
17 15648 1
17 22305 1
17 7204 1
17 17064 1
17 13404 2
17 20010 3
17 15660 2
17 20014 1
17 7014 1
17 5041 2
17 7095 1
17 16060 1
17 6464 1
17 4161 1
17 14677 1
17 4423 1
17 13516 1
17 1482 1
17 588 1
17 5709 1
17 13907 4
17 10709 1
17 15449 1
17 14682 1
17 10204 1
17 22368 1
17 19938 1
17 2148 1
17 21605 1
17 10214 1
17 7018 1
17 8043 1
17 5360 1
17 5232 1
17 6773 1
17 10359 1
17 15612 1
17 15615 1
18 15616 2
18 8705 2
18 683 1
18 13316 2
18 13445 1
18 22024 2
18 15404 1
18 12567 1
18 14862 1
18 18319 2
18 916 1
18 14102 2
18 4441 1
18 19716 1
18 6938 1
18 7279 1
18 11600 1
18 8861 1
18 5150 1
18 5765 1
18 545 2
18 11814 1
18 10407 1
18 10408 1
18 11434 1
18 967 1
18 15660 2
18 9261 1
18 20014 1
18 5551 1
18 15664 1
18 7729 1
18 13493 1
18 7095 2
18 10938 1
18 17470 1
18 11711 1
18 22464 2
18 20929 1
18 1090 1
18 4423 1
18 10568 1
18 13516 2
18 17229 1
18 462 1
18 16208 1
18 10705 1
18 13907 1
18 10452 1
18 9686 1
18 5335 1
18 15449 1
18 13242 1
18 19553 1
18 229 1
18 10214 1
18 12007 1
18 13418 1
18 3943 1
18 4590 2
18 15855 1
18 14448 1
18 21617 1
18 17107 1
18 1526 2
18 15609 1
18 19097 1
18 1918 1
19 12929 1
19 18562 1
19 13316 1
19 17159 1
19 4364 1
19 13710 2
19 21779 1
19 1044 1
19 16175 1
19 19479 1
19 13723 1
19 18077 1
19 14495 1
19 15776 1
19 15266 1
19 931 2
19 21798 1
19 18472 1
19 15660 1
19 16302 1
19 19375 1
19 433 1
19 1459 1
19 18229 1
19 19384 1
19 17337 1
19 9887 1
19 7093 1
19 6464 1
19 11714 1
19 3395 1
19 4169 1
19 11850 2
19 9035 1
19 3788 3
19 9169 1
19 22369 1
19 22245 1
19 593 1
19 12010 1
19 11814 1
19 3692 2
19 3946 1
19 7279 1
19 21617 2
19 7666 1
19 1139 1
19 19476 1
19 4221 1
19 17662 1
20 8192 1
20 18948 1
20 20999 1
20 7180 1
20 7854 1
20 10262 1
20 3095 1
20 13316 1
20 19994 1
20 22557 2
20 5150 1
20 10826 1
20 545 1
20 20010 2
20 16435 1
20 1076 1
20 3130 1
20 9788 1
20 12354 1
20 12868 1
20 11850 3
20 15948 1
20 13907 1
20 13404 1
20 7777 1
20 19050 1
20 21613 1
20 21617 1
20 633 2
20 635 1
20 10365 1
20 12414 1
20 10880 2
20 6786 1
20 8328 1
20 11913 1
20 19479 1
20 21646 1
20 14991 2
20 15508 2
20 7319 1
20 15512 1
20 8857 2
20 18079 1
20 17062 1
20 17066 1
20 20142 1
20 19124 1
20 19133 1
20 13516 2
20 16083 1
20 10452 1
20 15575 1
20 223 1
20 16616 1
20 15616 1
20 7937 1
20 19715 2
20 19208 1
20 20234 2
20 4364 1
20 20245 1
20 13592 1
20 13091 1
20 15144 1
20 15660 1
20 21305 1
20 10555 1
20 5438 1
20 6464 1
20 16706 1
20 4423 1
20 7650 1
20 21647 1
20 4960 2
20 14689 4
20 7010 1
20 2915 1
20 1937 1
20 13161 1
20 7400 1
20 12151 1
20 22551 1
20 15232 1
20 1921 1
20 9606 1
20 5005 1
20 13710 2
20 1935 1
20 19096 2
20 11161 1
20 15772 1
20 4509 1
20 4000 1
20 15272 1
20 22442 1
20 15773 1
20 12209 1
20 22452 1
20 7095 5
20 4541 1
20 15817 1
20 10204 1
20 19938 1
20 18922 1
20 15855 1
20 16373 1
20 10410 1
21 5632 1
21 8449 2
21 10880 1
21 19715 1
21 19332 1
21 1669 1
21 2443 1
21 13453 1
21 13710 1
21 1936 1
21 10328 1
21 5394 1
21 13459 1
21 8216 1
21 19097 1
21 6938 1
21 6300 1
21 15773 1
21 16543 1
21 545 1
21 8740 1
21 22193 1
21 2307 1
21 15772 1
21 15000 1
21 13255 1
21 15660 3
21 22557 1
21 20792 1
21 12916 1
21 12466 1
21 7397 1
21 3125 1
21 7095 2
21 19896 2
21 21305 1
21 6586 1
21 19133 1
21 11198 1
21 9791 1
21 6464 1
21 12354 1
21 8771 1
21 20292 1
21 17093 1
21 5867 1
21 13516 5
21 11850 1
21 12471 1
21 9034 1
21 13389 1
21 20429 1
21 593 1
21 8737 2
21 13907 3
21 598 1
21 5433 1
21 12888 4
21 18265 1
21 14682 2
21 12891 1
21 13532 1
21 16600 1
21 19294 1
21 229 2
21 22368 1
21 3788 2
21 2149 4
21 21617 1
21 15976 1
21 5099 1
21 15616 1
21 11887 1
21 15272 2
21 1140 1
21 12350 5
21 7286 1
21 2985 1
21 17706 1
21 5246 2
22 1280 1
22 15616 1
22 4868 1
22 2309 1
22 7509 1
22 10625 3
22 5000 1
22 17546 1
22 2443 1
22 4364 1
22 19992 1
22 22418 1
22 18067 1
22 2734 1
22 17688 1
22 13316 1
22 13979 1
22 12446 1
22 16645 1
22 1824 1
22 17313 1
22 15266 1
22 547 1
22 932 2
22 20010 2
22 8619 1
22 15660 1
22 20014 3
22 19761 1
22 4788 1
22 182 1
22 183 1
22 18507 1
22 19900 1
22 5182 1
22 1141 2
22 22464 1
22 15648 1
22 4419 1
22 4423 1
22 9417 1
22 7095 1
22 17228 1
22 6349 1
22 12878 1
22 6352 1
22 16547 1
22 14677 3
22 9686 2
22 15448 1
22 603 1
22 2911 1
22 16224 1
22 2990 1
22 17000 1
22 21613 1
22 22510 1
22 13937 1
22 18962 1
22 1269 1
22 15991 1
22 761 1
22 11898 1
22 5755 1
22 7548 1
22 7039 1
23 7937 1
23 7938 2
23 8579 2
23 13316 1
23 16135 1
23 14985 1
23 2443 1
23 10510 1
23 3252 1
23 16366 1
23 1046 1
23 15771 1
23 15773 2
23 5150 2
23 20895 1
23 16544 1
23 15521 1
23 16546 1
23 16547 1
23 11815 1
23 12842 1
23 9223 2
23 2348 1
23 20014 3
23 7471 1
23 12209 1
23 20019 1
23 12212 1
23 9225 1
23 12216 1
23 1076 1
23 831 1
23 22464 2
23 16193 1
23 4079 1
23 22557 1
23 16545 1
23 14583 1
23 14798 1
23 855 1
23 20494 1
23 9686 1
23 4823 1
23 6489 1
23 13914 1
23 8797 1
23 7520 1
23 12010 1
23 8043 2
23 14574 1
23 10365 6
23 13681 1
23 14589 2
23 503 1
23 4604 1
23 20010 3
23 10366 1
24 11008 1
24 9729 1
24 10626 1
24 5000 1
24 2443 1
24 9582 2
24 14603 1
24 18073 1
24 17312 1
24 4772 1
24 13894 2
24 7463 1
24 10408 1
24 20010 1
24 19124 5
24 7095 1
24 4823 1
24 12852 1
24 16190 1
24 16544 1
24 20384 1
24 8902 1
24 15432 1
24 13388 2
24 6732 1
24 12110 1
24 6352 1
24 5966 1
24 599 1
24 14689 2
24 16366 1
24 9072 1
24 20851 1
24 18295 1
24 633 1
24 11898 1
24 22442 2
24 5631 2
25 11008 3
25 7044 1
25 9606 1
25 4999 1
25 16776 1
25 22252 1
25 906 1
25 395 1
25 13710 1
25 11791 1
25 21392 1
25 907 1
25 20547 1
25 13516 1
25 21912 2
25 22557 1
25 15575 1
25 9122 1
25 15651 1
25 549 1
25 7463 1
25 16680 1
25 3113 1
25 22442 4
25 6791 1
25 22188 1
25 12589 1
25 9777 1
25 17715 1
25 9013 1
25 18486 1
25 7095 1
25 6200 1
25 6713 1
25 19900 1
25 1141 1
25 8387 1
25 7876 1
25 2375 1
25 13128 1
25 13388 1
25 13113 1
25 20427 1
25 6732 2
25 19405 1
25 5838 1
25 20047 1
25 16848 1
25 21330 1
25 14677 1
25 13398 2
25 16215 1
25 15692 1
25 6361 1
25 4329 1
25 5000 1
25 22266 1
25 12510 1
25 11359 1
25 3536 1
25 19939 1
25 4723 1
25 15845 1
25 13030 1
25 8636 1
25 5638 1
25 18796 1
25 12089 1
25 18030 1
25 18800 1
25 20851 1
25 10099 1
25 1140 2
25 16373 1
25 15863 1
25 4601 1
25 11898 1
25 11199 1
25 12842 1
26 9729 1
26 1032 1
26 11789 1
26 22032 1
26 13331 1
26 18979 1
26 548 1
26 8744 1
26 12842 1
26 1580 1
26 2608 1
26 12852 1
26 6713 1
26 12872 1
26 18505 1
26 588 1
26 6734 1
26 22098 1
26 6741 1
26 13398 2
26 13912 1
26 5210 1
26 8797 1
26 10857 2
26 18030 2
26 625 1
26 4723 1
26 1140 1
26 1141 1
26 18042 1
26 1664 1
26 18056 1
26 1163 1
26 13388 4
26 17176 1
26 14484 1
26 13979 2
26 9887 1
26 14498 1
26 13937 1
26 19114 1
26 7854 1
26 12471 1
26 19133 1
26 14016 2
26 13516 4
26 4303 1
26 6875 1
26 15994 1
26 22252 1
26 11008 1
26 19718 1
26 7432 1
26 4364 1
26 17681 1
26 22295 1
26 15128 1
26 15129 1
26 17183 1
26 3369 2
26 15660 1
26 17202 1
26 9015 1
26 10040 1
26 21305 1
26 13117 1
26 1342 1
26 20298 1
26 21327 1
26 4947 1
26 17236 1
26 10079 1
26 5989 1
26 2918 1
26 19816 1
26 364 1
26 20851 1
26 20854 1
26 20856 1
26 18304 1
26 14725 2
26 9606 1
26 17287 1
26 12682 1
26 7055 1
26 6049 1
26 4007 1
26 22442 4
26 12716 1
26 10824 1
26 4019 1
26 22464 3
26 5576 2
26 6732 1
26 20427 1
26 9167 2
26 2003 1
26 590 1
26 8684 1
26 18420 1
26 1526 1
26 9726 3
27 19072 1
27 18304 1
27 4867 1
27 13316 1
27 5638 2
27 16775 1
27 5000 1
27 17211 1
27 15119 1
27 2179 1
27 19093 2
27 22557 1
27 2846 1
27 10975 1
27 11555 1
27 5797 1
27 8232 1
27 22442 2
27 8620 1
27 12589 1
27 20142 2
27 22024 1
27 4019 2
27 1076 2
27 10549 1
27 18745 1
27 15162 1
27 2911 1
27 5564 1
27 4035 1
27 7876 1
27 588 1
27 16075 1
27 6732 2
27 15534 1
27 4944 1
27 20856 1
27 13398 2
27 16215 1
27 10329 1
27 3370 1
27 8797 2
27 14687 1
27 13331 1
27 9955 1
27 4723 1
27 2173 1
27 19816 1
27 15612 1
27 5866 2
27 7278 1
27 9839 1
27 3827 1
27 4725 1
27 12151 2
27 15096 1
27 18042 1
27 8060 1
27 18794 1
27 18046 1
28 14595 1
28 13316 1
28 646 1
28 16775 1
28 1032 1
28 10889 1
28 2445 1
28 11790 1
28 6773 1
28 17681 1
28 19347 2
28 13076 1
28 18841 1
28 19332 2
28 13978 1
28 4636 1
28 6150 1
28 21926 1
28 1576 1
28 3369 1
28 22442 2
28 15495 1
28 12716 1
28 3373 1
28 21295 1
28 8753 1
28 18866 1
28 4019 1
28 1076 1
28 9013 1
28 9782 1
28 12471 2
28 13242 1
28 6459 1
28 4669 1
28 12350 1
28 11381 1
28 8512 1
28 19204 1
28 19396 1
28 4038 1
28 11335 1
28 5986 1
28 12878 3
28 1068 1
28 4818 1
28 15830 1
28 5848 1
28 12717 1
28 11612 1
28 2914 1
28 18853 1
28 7392 1
28 19588 1
28 16373 1
28 13478 1
28 4326 1
28 8425 2
28 8556 1
28 19054 1
28 879 1
28 1798 1
28 17012 1
28 757 1
28 20470 1
28 21097 1
28 4090 1
28 16252 1
29 8449 3
29 770 1
29 14081 1
29 18056 1
29 4364 2
29 15119 3
29 4496 1
29 20547 1
29 7578 1
29 19355 1
29 22557 1
29 7582 1
29 9887 1
29 17184 1
29 13985 1
29 21295 1
29 22181 1
29 13478 1
29 13223 1
29 3113 1
29 17066 1
29 16775 1
29 13981 1
29 10928 1
29 18866 1
29 4276 1
29 17438 1
29 15691 1
29 10043 1
29 18108 1
29 12733 1
29 17218 2
29 20555 1
29 17213 1
29 17225 1
29 11850 1
29 11851 2
29 588 1
29 12878 1
29 21839 1
29 15575 1
29 15448 5
29 16374 1
29 2394 1
29 5339 1
29 22032 1
29 19555 1
29 360 2
29 12009 1
29 21613 1
29 1469 1
29 15976 1
29 4723 2
29 16373 1
29 19610 1
29 18174 1
30 15616 1
30 897 1
30 16260 1
30 3392 1
30 4230 1
30 18570 1
30 4364 3
30 5517 1
30 15119 1
30 17207 1
30 22418 1
30 13459 1
30 13516 2
30 7854 1
30 9247 1
30 545 1
30 19619 1
30 20389 1
30 10407 1
30 21160 1
30 22442 1
30 683 1
30 20781 1
30 4526 1
30 3764 1
30 9015 1
30 3258 1
30 15035 2
30 12734 1
30 2239 1
30 4032 1
30 11714 1
30 4169 1
30 20427 1
30 588 1
30 10452 1
30 7095 1
30 15448 1
30 15705 1
30 16911 1
30 15994 1
30 2025 1
30 740 1
30 21097 1
30 3432 1
30 20329 1
30 8043 1
30 5996 1
30 9069 1
30 14448 1
30 18962 1
30 4723 1
30 1140 1
30 13161 1
30 4884 1
30 11898 1
30 10365 1
30 18837 1
31 256 1
31 3331 1
31 20203 1
31 19347 1
31 14485 1
31 15128 1
31 545 1
31 2215 1
31 11946 1
31 1456 1
31 12354 1
31 13771 1
31 11979 1
31 19399 1
31 14283 1
31 6732 1
31 11600 1
31 16340 1
31 14677 1
31 1255 1
31 360 1
31 3943 1
31 22252 1
31 21613 1
31 1140 1
31 1141 1
31 12151 1
31 15225 1
31 11898 1
31 22442 1
