1 12288 2
1 15874 1
1 21508 1
1 7178 2
1 18955 1
1 5144 1
1 9761 1
1 1067 1
1 20012 1
1 20014 1
1 9777 1
1 7690 2
1 15432 1
1 6732 1
1 13389 3
1 6464 1
1 9810 1
1 6741 1
1 15448 1
1 16998 1
1 18022 1
1 14448 1
1 13937 1
1 9918 2
1 13444 1
1 12934 1
1 5997 1
1 1174 1
1 16543 1
1 16546 1
1 7332 2
1 10918 1
1 10407 1
1 10409 1
1 10410 1
1 19124 1
1 5301 1
1 19133 1
1 6846 1
1 1141 1
1 11969 2
1 9923 1
1 2767 1
1 4818 2
1 15575 4
1 11471 1
1 14574 1
1 14579 1
1 14592 1
1 1408 1
1 22571 2
1 4868 1
1 15624 1
1 17162 1
1 4364 2
1 7952 1
1 16662 1
1 21295 1
1 19238 3
1 8753 1
1 12585 1
1 7471 1
1 1841 1
1 15666 1
1 21299 1
1 21305 1
1 10554 1
1 8512 1
1 12625 1
1 5972 1
1 21849 1
1 1167 1
1 15199 1
1 3425 1
1 360 1
1 18793 1
1 15723 1
1 9069 2
1 9583 1
1 12656 2
1 14707 1
1 13174 1
1 17788 1
1 9597 1
1 2944 1
1 7041 1
1 17794 1
1 1412 1
1 395 1
1 4496 1
1 22418 1
1 15266 1
1 15273 1
1 12716 1
1 10679 2
1 6075 1
1 15808 1
1 8641 1
1 16838 1
1 13388 1
1 14283 1
1 8144 1
1 13778 1
1 7635 1
1 9684 1
1 7638 1
1 5969 1
1 21586 1
1 494 1
1 15855 3
2 7683 4
2 13316 5
2 7685 1
2 17066 1
2 7691 2
2 22551 3
2 7684 1
2 4635 1
2 17436 1
2 5150 1
2 15903 6
2 8737 1
2 20010 1
2 1067 2
2 12805 2
2 12333 1
2 20014 2
2 12338 1
2 5687 1
2 15199 1
2 8764 1
2 3134 1
2 3647 1
2 12354 1
2 20547 1
2 3937 1
2 7752 1
2 6732 1
2 13389 6
2 592 1
2 15953 1
2 21586 2
2 6741 5
2 18528 2
2 611 1
2 22119 1
2 13929 1
2 21613 1
2 11887 3
2 13937 5
2 2674 1
2 10357 1
2 17017 1
2 15994 1
2 3197 1
2 14974 1
2 18197 1
2 3200 1
2 22464 1
2 3772 1
2 13445 1
2 6790 2
2 13449 1
2 11916 1
2 21727 1
2 17040 1
2 13969 1
2 8387 1
2 15508 1
2 19093 1
2 1174 1
2 13979 2
2 159 1
2 160 1
2 161 1
2 16546 1
2 19619 1
2 10410 1
2 683 1
2 6770 1
2 3758 1
2 5301 2
2 4639 1
2 3260 1
2 7870 1
2 14016 1
2 20161 1
2 16578 1
2 21699 1
2 12487 1
2 7370 1
2 20686 2
2 4303 1
2 4818 2
2 4823 4
2 12505 1
2 11995 1
2 13532 1
2 4831 2
2 7400 1
2 7914 1
2 14574 1
2 7409 1
2 7635 1
2 5876 2
2 15609 1
2 15611 1
2 18686 2
2 15616 1
2 14081 1
2 15618 1
2 4868 3
2 15621 1
2 8455 1
2 2348 1
2 4364 1
2 15119 2
2 4884 1
2 8238 2
2 7471 2
2 6846 1
2 20256 1
2 20260 1
2 16547 1
2 20262 1
2 12076 2
2 2351 1
2 7472 1
2 7476 1
2 10206 1
2 8502 1
2 12091 1
2 15678 1
2 10057 1
2 17227 1
2 6989 2
2 12110 2
2 11600 1
2 12625 1
2 14677 5
2 9047 1
2 1375 1
2 22368 1
2 16225 1
2 7011 1
2 3943 1
2 5993 2
2 364 1
2 9069 9
2 9072 1
2 13681 1
2 21364 1
2 16190 1
2 14716 1
2 11645 1
2 12670 1
2 7039 1
2 2944 2
2 14721 1
2 4484 1
2 15751 1
2 909 1
2 910 1
2 20882 2
2 18324 1
2 8086 1
2 6551 1
2 11672 1
2 11162 1
2 15266 1
2 6052 1
2 22442 1
2 12716 1
2 2990 2
2 15432 1
2 10678 1
2 10679 1
2 14266 1
2 16543 1
2 19900 4
2 11710 1
2 15808 2
2 2243 1
2 19397 1
2 14798 1
2 13901 1
2 16848 1
2 15523 1
2 9686 1
2 505 1
2 8153 1
2 2524 1
2 22418 4
2 800 1
2 21984 2
2 5625 1
2 16363 1
2 494 1
2 15855 1
2 7153 1
2 17395 1
2 4601 1
2 4090 1
2 4604 2
2 18429 1
3 3073 1
3 15874 1
3 12815 1
3 2990 2
3 22551 1
3 4868 3
3 16926 1
3 15903 3
3 18981 1
3 8232 1
3 15913 1
3 20010 5
3 20012 6
3 8238 1
3 15410 1
3 7219 1
3 21557 1
3 6718 2
3 12354 1
3 16963 1
3 1092 1
3 1094 1
3 12360 1
3 6732 1
3 5197 1
3 4695 1
3 11791 1
3 605 1
3 19553 1
3 8636 1
3 13937 1
3 6770 1
3 10365 1
3 10366 2
3 18197 1
3 15808 1
3 2179 1
3 8837 1
3 5766 1
3 1167 2
3 2704 1
3 1170 1
3 19093 1
3 14493 2
3 16543 1
3 16544 1
3 16547 4
3 7332 1
3 10407 2
3 10408 1
3 22186 1
3 3758 1
3 19126 1
3 1722 1
3 4818 1
3 7039 1
3 11995 1
3 13532 1
3 5853 1
3 18144 1
3 1763 1
3 7396 1
3 16616 2
3 9451 1
3 9170 1
3 10024 1
3 14578 1
3 17140 1
3 13182 1
3 17142 1
3 6527 1
3 15616 1
3 15618 1
3 11524 1
3 2309 1
3 2310 1
3 14088 1
3 22572 1
3 3339 1
3 4364 2
3 13073 1
3 20014 3
3 1816 1
3 15648 1
3 10972 1
3 9000 1
3 5929 1
3 19243 1
3 7471 1
3 19248 1
3 7474 1
3 1338 1
3 16193 1
3 19780 1
3 5364 1
3 22344 1
3 8012 1
3 17229 1
3 12625 1
3 21330 1
3 2899 1
3 6489 1
3 22368 1
3 5993 1
3 9069 1
3 15216 1
3 7546 1
3 11708 1
3 12670 1
3 8063 1
3 2944 1
3 2442 1
3 2446 1
3 21392 1
3 19347 1
3 11161 1
3 15770 1
3 15773 1
3 17312 3
3 17313 1
3 15266 1
3 22442 1
3 16302 1
3 15432 4
3 15800 1
3 1465 1
3 1466 1
3 19900 2
3 1469 1
3 11710 1
3 22464 5
3 11714 1
3 13763 1
3 9167 1
3 17337 1
3 15939 1
3 6115 1
3 17893 1
3 7655 1
3 11760 1
3 10225 1
3 501 1
3 4600 1
3 4601 1
3 10410 1
4 12288 2
4 8320 1
4 15618 1
4 5867 2
4 13316 1
4 6790 1
4 19943 1
4 906 1
4 6411 1
4 3084 1
4 20109 1
4 2446 2
4 3088 1
4 11665 1
4 22032 1
4 3991 1
4 10264 1
4 22437 1
4 1467 1
4 16409 1
4 15579 1
4 1798 1
4 4647 1
4 20010 1
4 18055 1
4 7471 1
4 14649 1
4 13952 1
4 3131 1
4 10428 1
4 15681 1
4 11714 1
4 13174 1
4 15688 1
4 9033 1
4 2176 1
4 3915 1
4 17485 1
4 9167 1
4 13776 1
4 14306 1
4 17621 1
4 4438 1
4 9305 1
4 9434 1
4 3803 1
4 15709 1
4 6622 1
4 2911 1
4 22112 1
4 22113 2
4 13026 2
4 3811 1
4 2407 1
4 19048 1
4 8892 1
4 10731 1
4 2944 1
4 13425 1
4 18674 1
4 16547 1
4 500 1
4 22133 1
4 4364 1
4 12151 1
4 12665 1
4 11770 1
4 15869 1
4 11007 1
5 12288 1
5 15616 1
5 8195 1
5 13316 2
5 12816 1
5 13841 1
5 10262 1
5 22551 4
5 16409 2
5 22557 1
5 9477 1
5 11815 1
5 13404 2
5 5017 1
5 22572 1
5 1588 1
5 5687 1
5 17467 1
5 21056 1
5 12354 1
5 8261 1
5 585 3
5 11850 1
5 11851 1
5 6732 3
5 13389 1
5 15953 1
5 599 1
5 7780 2
5 3676 1
5 14429 1
5 1631 1
5 19556 1
5 16998 1
5 18022 1
5 2407 1
5 8187 1
5 20592 1
5 13937 1
5 21106 1
5 1139 1
5 2166 1
5 14969 1
5 14970 1
5 13950 1
5 15808 2
5 2179 1
5 6790 1
5 6791 1
5 7306 1
5 5997 1
5 13456 1
5 15508 2
5 15512 2
5 153 2
5 13978 1
5 12446 1
5 159 1
5 18080 1
5 7963 1
5 164 1
5 4263 1
5 680 1
5 10410 1
5 22188 2
5 17069 1
5 19124 1
5 7870 1
5 14016 1
5 4818 1
5 19157 1
5 633 1
5 7897 1
5 15579 1
5 10407 3
5 12510 1
5 2273 2
5 6372 1
5 7397 1
5 7400 1
5 745 1
5 5867 1
5 16625 1
5 5364 1
5 17790 2
5 14584 1
5 17621 1
5 1280 1
5 8449 1
5 19715 1
5 4868 2
5 15621 2
5 19718 1
5 5386 1
5 12503 1
5 15119 2
5 2834 1
5 6421 1
5 12505 1
5 15642 1
5 7451 1
5 7964 1
5 797 1
5 16159 1
5 17188 1
5 19238 2
5 7303 1
5 21696 2
5 11053 1
5 7982 1
5 7471 1
5 17200 1
5 10552 1
5 14649 1
5 6458 1
5 10890 1
5 20384 1
5 13128 1
5 17975 1
5 12110 1
5 20303 1
5 5456 1
5 12625 1
5 13650 1
5 11604 1
5 14677 1
5 2873 1
5 16223 1
5 4967 1
5 7016 1
5 19817 1
5 7530 1
5 7531 1
5 9069 3
5 15216 1
5 12151 1
5 8569 1
5 1918 1
5 1408 1
5 5355 1
5 4486 1
5 15751 1
5 910 3
5 14743 1
5 11672 1
5 18841 2
5 22426 2
5 5019 1
5 12188 1
5 13213 1
5 14751 1
5 4000 1
5 15266 1
5 13723 1
5 11684 1
5 20389 1
5 7409 2
5 12716 2
5 2990 3
5 13388 2
5 15800 1
5 19900 1
5 5365 2
5 19392 1
5 15809 1
5 11714 2
5 8135 1
5 15817 1
5 4056 1
5 16804 2
5 4059 1
5 4090 1
5 10206 2
5 5089 1
5 19939 1
5 8676 1
5 8166 1
5 679 1
5 15855 2
5 1525 1
5 12279 1
5 11257 1
5 4602 1
5 11771 3
6 12288 3
6 13316 1
6 8449 1
6 19464 1
6 22032 1
6 4115 1
6 4868 1
6 18460 2
6 18463 1
6 18981 1
6 22571 2
6 16430 1
6 12341 1
6 5687 1
6 2108 1
6 20547 1
6 7236 2
6 5473 1
6 15432 1
6 12471 1
6 6732 2
6 592 1
6 599 1
6 16475 2
6 18016 1
6 2064 1
6 16998 1
6 9831 1
6 19900 1
6 17015 1
6 6776 1
6 19582 2
6 2179 1
6 13445 1
6 6790 1
6 13960 1
6 4234 1
6 13452 1
6 15508 1
6 10407 1
6 20649 1
6 1706 1
6 4267 1
6 14509 1
6 3760 1
6 3255 1
6 15548 1
6 7870 1
6 4290 2
6 22211 1
6 4823 1
6 12510 1
6 6372 1
6 10470 1
6 5364 1
6 1031 1
6 15616 1
6 6401 1
6 1067 1
6 19716 2
6 15621 1
6 4364 1
6 22147 1
6 4884 1
6 18197 1
6 7964 1
6 7474 1
6 7471 1
6 5936 1
6 17202 1
6 21303 1
6 10552 1
6 10555 2
6 6464 1
6 17227 1
6 12625 1
6 13650 1
6 11605 1
6 11094 1
6 857 1
6 15199 1
6 16225 1
6 2407 1
6 7530 1
6 9069 1
6 16771 1
6 7044 1
6 14725 1
6 16776 1
6 909 2
6 910 2
6 14744 1
6 20384 1
6 22442 1
6 4017 1
6 1465 1
6 11708 1
6 15809 1
6 11851 1
6 18373 1
6 7687 1
6 16846 1
6 9167 2
6 6615 1
6 2025 1
6 13304 1
6 505 1
7 12288 2
7 14592 1
7 4013 1
7 22032 1
7 7697 1
7 1044 1
7 16302 1
7 22551 2
7 17436 1
7 22557 1
7 11810 1
7 9265 1
7 7219 1
7 13880 1
7 7739 2
7 15432 1
7 585 1
7 15948 1
7 15951 1
7 22100 2
7 16991 1
7 17424 1
7 17000 1
7 3517 2
7 13937 1
7 17012 2
7 6264 1
7 17017 1
7 13445 1
7 13449 1
7 13969 1
7 14994 2
7 13459 1
7 15512 1
7 7321 1
7 19610 1
7 15521 1
7 13474 1
7 21617 2
7 12461 2
7 12471 1
7 20155 1
7 15548 1
7 6847 1
7 11969 1
7 8387 1
7 12663 1
7 15567 1
7 17106 1
7 4822 1
7 11992 1
7 4831 1
7 5866 2
7 5867 2
7 18156 1
7 7409 1
7 15609 2
7 13566 7
7 5375 1
7 15616 3
7 19716 1
7 15574 1
7 19718 1
7 2835 1
7 7960 1
7 4385 1
7 17706 1
7 13611 1
7 12589 1
7 18222 1
7 19764 2
7 13961 1
7 15681 1
7 18759 2
7 8109 1
7 5450 1
7 8012 1
7 4432 1
7 12625 1
7 22355 1
7 13883 1
7 2407 1
7 19817 1
7 9069 2
7 15215 1
7 12151 1
7 8568 1
7 746 2
7 7039 1
7 1408 2
7 9092 1
7 9606 1
7 15754 3
7 10123 1
7 909 1
7 910 2
7 11153 1
7 3992 2
7 20384 1
7 15266 3
7 11684 1
7 15273 1
7 12716 1
7 16301 1
7 20398 1
7 8111 1
7 15801 1
7 7613 1
7 22464 3
7 18373 1
7 13255 1
7 8144 2
7 19448 1
7 10206 1
7 20466 3
7 8180 1
7 13304 1
7 4601 1
8 12288 1
8 8192 1
8 13316 1
8 16215 1
8 12815 1
8 22032 1
8 22551 2
8 4635 1
8 15903 2
8 20519 1
8 3676 1
8 3626 1
8 6699 2
8 1068 1
8 1076 2
8 13880 1
8 19519 1
8 11 1
8 21586 1
8 11850 1
8 6733 1
8 18688 1
8 20560 5
8 15442 1
8 6741 1
8 3161 1
8 13404 1
8 18013 1
8 15971 1
8 22121 1
8 19050 1
8 2407 1
8 18028 1
8 11887 1
8 13937 1
8 16500 1
8 14734 1
8 6786 1
8 7019 1
8 13956 1
8 14473 1
8 13451 1
8 13452 1
8 17602 1
8 4238 1
8 2704 2
8 13969 1
8 3220 1
8 21146 1
8 12958 1
8 14495 1
8 673 1
8 674 1
8 4263 1
8 10408 1
8 15532 1
8 14509 2
8 9392 1
8 20145 1
8 20146 1
8 12471 1
8 9247 1
8 6844 1
8 13901 1
8 8898 1
8 21699 1
8 6866 1
8 15574 1
8 4823 1
8 8655 3
8 11632 1
8 1765 1
8 9169 2
8 4647 1
8 22258 1
8 16119 1
8 16123 2
8 16124 5
8 18686 2
8 16128 1
8 15216 1
8 4868 2
8 15621 1
8 6406 1
8 19719 1
8 18185 2
8 4364 1
8 14605 1
8 18222 1
8 5935 2
8 15648 1
8 19248 1
8 19238 2
8 9512 1
8 5929 1
8 7979 1
8 12589 1
8 5934 1
8 10205 1
8 5936 1
8 12144 1
8 15666 1
8 7307 1
8 13961 2
8 10552 1
8 2873 1
8 6970 1
8 1852 1
8 21310 4
8 831 1
8 16193 2
8 15499 1
8 4421 1
8 14153 1
8 17229 1
8 20109 1
8 21841 1
8 7308 1
8 13141 1
8 20281 1
8 2394 1
8 22369 2
8 10084 1
8 3943 1
8 360 1
8 18793 2
8 5994 1
8 18795 1
8 9069 1
8 15214 1
8 9071 1
8 4464 3
8 16190 1
8 11645 1
8 2947 1
8 14730 1
8 909 1
8 910 1
8 5009 1
8 13723 1
8 16806 1
8 20398 1
8 21945 1
8 16543 1
8 11708 4
8 11710 3
8 11199 1
8 22464 3
8 11714 1
8 19907 2
8 13255 1
8 14286 2
8 9167 2
8 7633 1
8 18395 1
8 8668 1
8 4090 3
8 592 1
8 10407 1
8 10221 1
8 7154 1
8 7669 1
8 7674 1
8 12799 1
9 7683 1
9 21001 1
9 7690 1
9 12815 1
9 16915 1
9 4116 1
9 7704 1
9 19204 2
9 17435 1
9 22557 1
9 15903 3
9 22571 1
9 7178 1
9 4161 1
9 8262 1
9 15432 1
9 592 3
9 21586 1
9 602 1
9 603 1
9 1631 1
9 10851 1
9 15460 1
9 18022 1
9 15976 1
9 11887 1
9 1137 1
9 6770 1
9 6773 1
9 3197 1
9 18051 1
9 19589 1
9 18055 1
9 648 1
9 14985 1
9 13452 2
9 1177 1
9 19619 1
9 13937 1
9 10408 1
9 20649 1
9 8376 1
9 21694 2
9 21695 1
9 11969 1
9 14027 1
9 5841 1
9 4818 1
9 15574 1
9 22232 1
9 10972 2
9 21727 1
9 7397 1
9 5867 1
9 19701 1
9 16124 2
9 15614 1
9 4868 1
9 19717 1
9 14088 1
9 4364 1
9 16661 1
9 1304 1
9 13445 1
9 11049 2
9 19253 1
9 14473 1
9 16190 1
9 15681 1
9 834 1
9 329 1
9 17229 1
9 15185 1
9 11604 1
9 4438 1
9 4441 1
9 18267 2
9 3943 1
9 9069 2
9 4465 3
9 1918 1
9 897 1
9 14725 2
9 16193 1
9 16194 1
9 22418 1
9 22421 1
9 7062 1
9 3991 2
9 13723 2
9 15772 2
9 20384 1
9 1454 1
9 12360 1
9 20914 1
9 8180 1
9 17339 1
9 21949 1
9 4000 3
9 19907 2
9 4037 1
9 4556 1
9 4557 1
9 9167 1
9 11733 1
9 6622 1
9 10219 1
9 11760 1
9 500 1
9 7673 1
10 1280 1
10 12288 1
10 15874 1
10 3392 1
10 4230 1
10 16775 1
10 9608 1
10 14985 1
10 7690 2
10 13963 1
10 4364 1
10 18185 1
10 6675 1
10 5009 1
10 2578 1
10 15532 1
10 15855 1
10 22429 1
10 15774 1
10 15903 1
10 17184 1
10 801 1
10 16418 1
10 5928 1
10 20649 2
10 20234 1
10 3883 1
10 12716 1
10 17069 1
10 15279 1
10 14033 1
10 15432 1
10 8803 1
10 1076 1
10 16054 1
10 18569 1
10 12602 1
10 18363 1
10 19901 1
10 6847 1
10 22464 2
10 1504 1
10 6283 1
10 13255 1
10 6984 1
10 13388 1
10 11850 3
10 588 1
10 11042 1
10 12110 1
10 719 1
10 18513 1
10 21330 1
10 9555 1
10 5207 1
10 2136 1
10 21292 1
10 17243 1
10 18013 1
10 4831 3
10 18016 1
10 17424 2
10 2407 1
10 5267 1
10 9167 1
10 12625 1
10 5993 1
10 5994 1
10 10727 1
10 12397 1
10 21949 1
10 11632 3
10 1138 1
10 21619 1
10 21107 1
10 18424 1
10 19578 1
10 4157 1
11 20997 1
11 11436 1
11 7178 1
11 18093 1
11 22032 1
11 14509 1
11 2578 3
11 2596 1
11 19494 1
11 16939 1
11 8236 1
11 11821 1
11 17966 1
11 7219 1
11 1076 1
11 8764 3
11 7690 1
11 12350 1
11 12354 1
11 7747 1
11 7236 2
11 16455 1
11 3340 1
11 588 1
11 592 3
11 21586 3
11 18013 3
11 18528 1
11 8300 2
11 6770 1
11 1141 1
11 2166 1
11 18028 1
11 20604 1
11 14473 1
11 13969 1
11 1335 1
11 13986 1
11 4773 1
11 19407 1
11 17577 1
11 17066 1
11 15532 1
11 685 2
11 16049 1
11 4276 1
11 5577 1
11 20155 1
11 15548 1
11 10435 1
11 16502 1
11 6775 1
11 12495 2
11 14033 2
11 5843 1
11 15577 1
11 15579 1
11 14049 1
11 5864 2
11 6268 1
11 22252 1
11 22258 1
11 2307 1
11 15621 1
11 3339 1
11 4364 2
11 15117 1
11 11027 1
11 6421 1
11 18200 1
11 6938 1
11 17184 1
11 5929 1
11 1834 2
11 20780 1
11 5936 2
11 8502 2
11 13961 2
11 16778 1
11 16190 1
11 12096 1
11 16193 1
11 11979 1
11 20299 1
11 17229 1
11 4942 1
11 12625 1
11 18772 1
11 19804 1
11 17068 1
11 2914 1
11 10300 1
11 7018 1
11 10096 1
11 8569 1
11 1408 1
11 2947 1
11 16705 1
11 15754 1
11 5515 1
11 909 1
11 20547 1
11 20384 1
11 2990 1
11 18363 2
11 13769 1
11 9167 6
11 12770 2
11 8676 1
11 10219 1
11 13161 1
11 6651 1
11 6652 1
12 16772 1
12 1286 1
12 7306 1
12 14475 1
12 4364 1
12 13969 1
12 17042 1
12 2582 1
12 2078 1
12 10915 1
12 6828 2
12 11438 1
12 16687 1
12 1459 1
12 4276 1
12 8502 1
12 17170 1
12 12734 1
12 10357 1
12 7777 1
12 2723 1
12 13389 2
12 7633 1
12 9811 1
12 22229 1
12 8766 1
12 21727 1
12 3553 1
12 9068 1
12 9069 1
12 13681 1
12 17013 2
12 11771 1
13 4352 1
13 13952 1
13 4354 1
13 7104 1
13 10262 1
13 12288 1
13 12673 1
13 4989 2
13 16651 1
13 4364 2
13 2446 1
13 20882 2
13 3220 3
13 11438 2
13 4886 4
13 22551 2
13 15384 1
13 19737 2
13 1420 1
13 19612 1
13 8989 1
13 4894 1
13 15903 1
13 20384 1
13 6433 2
13 15266 2
13 10407 1
13 19624 1
13 683 1
13 4012 1
13 20142 1
13 1459 1
13 1076 1
13 12471 1
13 13113 1
13 5760 1
13 18108 1
13 12734 2
13 16832 1
13 4000 1
13 11714 1
13 2245 1
13 2119 1
13 15432 1
13 16430 2
13 16625 1
13 17612 1
13 8013 1
13 8014 1
13 11471 2
13 5840 1
13 721 1
13 21330 1
13 17107 1
13 4438 3
13 15577 3
13 11995 1
13 7516 1
13 10205 1
13 20303 1
13 4448 1
13 7777 1
13 11771 1
13 3812 1
13 15543 1
13 12625 1
13 16616 3
13 8043 2
13 21586 1
13 10096 1
13 11760 1
13 17000 1
13 7666 1
13 12151 1
13 15864 1
13 5499 1
13 6268 1
13 15869 1
14 4992 1
14 16576 1
14 4100 1
14 2949 3
14 12288 1
14 5825 1
14 9608 1
14 15113 4
14 2442 1
14 4364 2
14 4290 1
14 16301 1
14 18064 1
14 11992 1
14 2834 1
14 6675 1
14 10644 1
14 18197 1
14 1917 1
14 15771 2
14 9887 1
14 15266 1
14 8869 1
14 8013 1
14 22385 1
14 4011 1
14 8236 1
14 22061 1
14 16430 1
14 18736 1
14 13873 1
14 1074 1
14 1844 2
14 15096 1
14 22585 1
14 12602 1
14 4831 1
14 4542 1
14 1076 1
14 14016 1
14 11969 1
14 2114 1
14 22464 2
14 13255 2
14 15432 1
14 13388 1
14 12746 1
14 6732 1
14 13389 2
14 11726 1
14 13453 1
14 592 1
14 17016 1
14 7635 1
14 12110 1
14 4438 1
14 14649 1
14 14495 1
14 15496 1
14 20571 1
14 6687 1
14 10205 1
14 11008 1
14 18911 1
14 15971 1
14 2309 1
14 358 1
14 6371 1
14 7400 1
14 18154 1
14 16620 2
14 15981 1
14 15855 1
14 11760 1
14 13937 1
14 15864 2
14 3321 1
14 4986 1
14 15869 1
15 6791 1
15 18540 1
15 22418 2
15 5267 1
15 2582 1
15 10264 1
15 4000 1
15 680 1
15 5929 1
15 22186 2
15 18222 1
15 4783 1
15 18994 1
15 22464 1
15 3652 1
15 3919 2
15 8660 1
15 21727 1
15 3425 1
15 6375 2
15 5996 1
15 4461 1
15 14970 1
16 13316 2
16 16902 1
16 7937 1
16 19993 1
16 2309 1
16 6692 1
16 6693 2
16 16430 1
16 11101 1
16 18994 1
16 1076 1
16 12341 1
16 6702 1
16 3652 6
16 18505 1
16 11850 1
16 6732 1
16 13389 1
16 592 1
16 10915 1
16 7778 1
16 15971 1
16 18028 1
16 5425 1
16 13937 1
16 1141 4
16 18042 1
16 9919 1
16 18050 1
16 13445 1
16 11714 1
16 1167 1
16 21652 1
16 19094 1
16 5795 1
16 10407 1
16 22186 1
16 15532 1
16 685 1
16 21686 1
16 12471 1
16 5304 1
16 698 1
16 15903 1
16 19133 1
16 11381 1
16 8898 1
16 10103 1
16 719 1
16 16592 1
16 5841 1
16 11992 1
16 12505 1
16 14046 1
16 9169 1
16 14574 1
16 14583 4
16 8449 1
16 4868 1
16 15621 1
16 14088 1
16 4364 3
16 15117 1
16 15119 1
16 20241 1
16 18197 1
16 4886 1
16 7471 1
16 7463 1
16 2346 1
16 12076 1
16 1074 1
16 2351 1
16 12081 1
16 14649 1
16 16190 1
16 1345 1
16 17219 1
16 14677 2
16 21305 1
16 14680 1
16 6489 1
16 7517 1
16 15199 1
16 7012 1
16 2407 2
16 8040 1
16 5997 1
16 12151 1
16 12164 1
16 21381 1
16 10640 1
16 17809 2
16 20882 1
16 11760 3
16 18841 1
16 14751 1
16 20384 1
16 22433 2
16 14754 1
16 18341 1
16 6054 1
16 16301 1
16 12734 1
16 16831 1
16 16834 2
16 9167 1
16 15825 1
16 9171 1
16 8660 1
16 11733 1
16 21980 3
16 10205 1
16 10206 1
16 7655 1
16 7148 1
16 16366 1
16 15856 1
16 4081 1
16 16373 1
16 502 1
16 4090 1
17 7041 1
17 13443 1
17 15620 1
17 9093 1
17 7178 1
17 1163 1
17 2873 1
17 10510 1
17 7911 1
17 15504 1
17 4497 1
17 17810 1
17 3479 1
17 10264 1
17 22426 1
17 17435 1
17 19741 1
17 2309 1
17 18800 1
17 5797 1
17 10407 1
17 8232 1
17 13481 2
17 1067 1
17 8749 2
17 19886 1
17 7471 1
17 432 1
17 12081 1
17 15666 1
17 4019 1
17 4664 1
17 9145 1
17 2525 1
17 10555 1
17 8892 1
17 15818 1
17 16190 1
17 1141 1
17 21312 1
17 11969 1
17 2243 1
17 7492 1
17 16838 1
17 10223 1
17 3916 1
17 8778 1
17 6732 1
17 11471 1
17 9684 1
17 14677 2
17 15575 1
17 13404 1
17 4986 1
17 15199 1
17 21984 1
17 3937 1
17 13411 1
17 16092 1
17 12261 1
17 16998 1
17 2407 1
17 4263 1
17 5869 1
17 16366 1
17 18736 1
17 11632 1
17 5874 1
17 14451 1
17 501 1
17 7380 1
17 4218 1
17 3631 1
18 1280 1
18 14016 2
18 14082 1
18 2179 1
18 16260 1
18 2309 1
18 12288 1
18 22209 1
18 18185 3
18 3340 1
18 7584 2
18 16417 1
18 20260 1
18 683 2
18 4902 1
18 12076 1
18 16936 1
18 4779 1
18 8236 1
18 18989 1
18 5424 1
18 15666 1
18 3636 2
18 15369 1
18 2873 1
18 15676 1
18 12735 1
18 7104 1
18 3393 1
18 15432 1
18 17996 1
18 6989 1
18 8144 1
18 19155 1
18 3674 1
18 3679 1
18 22368 1
18 22369 1
18 8421 1
18 19900 3
18 11760 1
18 13937 1
18 12787 2
18 12151 1
18 5624 1
18 15229 1
19 12288 2
19 15874 1
19 13316 2
19 4012 1
19 7702 1
19 16414 1
19 15903 1
19 16936 2
19 1578 2
19 1580 1
19 16430 1
19 11835 1
19 8764 1
19 14913 1
19 12354 1
19 13891 1
19 11850 1
19 12471 1
19 13389 1
19 22606 1
19 592 1
19 6741 2
19 598 1
19 19555 1
19 19556 1
19 22119 1
19 3175 1
19 13425 1
19 13428 2
19 14970 1
19 6786 1
19 13459 1
19 19607 1
19 14492 1
19 13937 1
19 17070 1
19 8375 1
19 13516 1
19 10453 1
19 3023 1
19 21727 1
19 5864 1
19 5866 1
19 5867 1
19 15573 1
19 4868 2
19 1798 1
19 7432 1
19 17675 1
19 2873 1
19 4366 1
19 20751 1
19 17185 1
19 4486 1
19 12076 1
19 7471 1
19 15666 1
19 1844 1
19 20277 2
19 14649 2
19 3392 1
19 15681 1
19 13129 1
19 2899 1
19 4438 1
19 5433 1
19 857 1
19 15714 1
19 8043 1
19 5996 1
19 9069 2
19 17262 1
19 2416 1
19 1918 1
19 7041 1
19 16774 1
19 2442 1
19 17806 1
19 21912 1
19 20384 1
19 931 1
19 18343 1
19 22442 1
19 16300 1
19 1973 1
19 22464 2
19 7584 1
19 587 1
19 19405 1
19 17997 1
19 4050 1
19 11733 1
19 18911 2
19 19424 1
19 11760 1
19 4081 1
19 5625 1
19 4604 1
20 12288 1
20 8193 1
20 10244 1
20 9388 1
20 19469 1
20 14862 1
20 22032 1
20 7699 1
20 17943 1
20 10265 1
20 1562 3
20 2394 1
20 8737 1
20 5667 1
20 2596 1
20 20519 1
20 15400 1
20 1578 2
20 8749 1
20 1076 1
20 9269 1
20 12343 1
20 12345 1
20 11851 1
20 13388 1
20 13389 2
20 12878 2
20 592 1
20 593 1
20 13907 4
20 18005 1
20 13398 1
20 8797 1
20 12816 1
20 3175 1
20 13418 1
20 17004 2
20 21613 1
20 21617 1
20 21107 1
20 13428 5
20 5758 1
20 3201 1
20 6786 1
20 6787 1
20 1668 1
20 13078 1
20 646 1
20 13960 1
20 10890 1
20 13963 1
20 14993 1
20 7319 1
20 13981 1
20 16547 1
20 881 1
20 17067 1
20 22188 2
20 12317 1
20 19133 1
20 14016 1
20 7888 1
20 20177 1
20 17107 1
20 17109 1
20 15574 1
20 20695 2
20 12008 1
20 745 1
20 5867 1
20 19694 1
20 18162 1
20 5364 1
20 18686 1
20 14037 1
20 19716 1
20 2309 1
20 19718 1
20 4366 1
20 15119 3
20 13073 1
20 15491 1
20 21782 1
20 18200 1
20 19746 1
20 14118 1
20 12076 1
20 20281 1
20 18229 1
20 5433 3
20 16700 1
20 12341 2
20 20299 1
20 12625 1
20 2390 1
20 21305 1
20 18265 1
20 4442 1
20 18267 1
20 16223 1
20 2914 1
20 7400 1
20 11155 1
20 4486 2
20 16778 1
20 6542 1
20 17810 1
20 19347 1
20 11156 1
20 11672 1
20 22426 1
20 20891 1
20 4000 1
20 932 1
20 22442 1
20 10165 1
20 11708 2
20 22463 1
20 6732 1
20 7109 1
20 5577 1
20 8666 1
20 10205 1
20 6622 1
20 18911 1
20 19938 1
20 4433 1
20 494 1
20 5623 1
20 4090 1
20 4092 1
21 12288 1
21 6145 1
21 22024 1
21 13838 1
21 12816 1
21 14680 1
21 17943 1
21 11524 1
21 1564 1
21 4639 1
21 9761 1
21 3106 1
21 20519 1
21 1578 1
21 8236 1
21 3629 1
21 19464 1
21 12341 2
21 22071 1
21 12345 1
21 4156 1
21 10815 1
21 11845 2
21 15432 2
21 7241 1
21 11850 2
21 4683 1
21 13388 1
21 9298 1
21 13907 1
21 7764 1
21 13398 1
21 13912 3
21 20569 1
21 12897 1
21 3171 1
21 18532 1
21 21094 1
21 3175 1
21 21097 1
21 18030 1
21 14448 1
21 13937 2
21 1140 1
21 1141 1
21 17015 1
21 4217 1
21 11392 1
21 6786 1
21 12419 1
21 9865 1
21 22551 1
21 13453 1
21 19599 1
21 9873 1
21 5267 2
21 19094 2
21 19096 1
21 22186 1
21 683 1
21 12471 1
21 13428 1
21 10938 1
21 8892 1
21 9919 1
21 14016 1
21 9924 1
21 16417 1
21 20169 1
21 13516 2
21 719 1
21 8913 1
21 7380 1
21 14037 1
21 1754 1
21 21726 1
21 21727 1
21 8421 1
21 8425 3
21 21233 1
21 17140 1
21 19705 1
21 22266 1
21 14592 1
21 8449 1
21 17154 1
21 4867 1
21 4868 4
21 2309 1
21 18182 1
21 15113 1
21 4364 3
21 15119 1
21 21794 2
21 4899 1
21 7463 1
21 1833 1
21 2348 1
21 7471 1
21 1852 1
21 5437 1
21 22344 1
21 5460 2
21 4438 2
21 15704 1
21 4441 1
21 18267 1
21 18781 2
21 15199 1
21 22368 1
21 9571 1
21 20692 1
21 9069 1
21 13887 1
21 1919 1
21 14722 1
21 4486 1
21 3978 1
21 8685 1
21 11156 1
21 11672 1
21 15772 1
21 15773 1
21 20384 1
21 13730 1
21 19879 1
21 22442 1
21 4011 1
21 7088 1
21 16817 1
21 1459 1
21 1467 1
21 11708 1
21 3517 1
21 1099 1
21 8079 1
21 13255 1
21 9167 1
21 17899 1
21 8684 1
21 21586 1
21 15856 1
21 10225 1
21 12799 1
22 8192 1
22 11008 1
22 13316 2
22 14081 1
22 8208 1
22 10263 1
22 4868 2
22 22044 1
22 22557 1
22 15903 1
22 20519 1
22 1067 1
22 3629 1
22 14088 1
22 7219 1
22 12341 1
22 12342 1
22 16649 1
22 11832 1
22 16953 1
22 17162 1
22 15432 1
22 6732 1
22 12878 1
22 592 1
22 593 1
22 21586 2
22 2132 1
22 13398 2
22 9817 1
22 603 1
22 11792 1
22 9831 1
22 9833 1
22 20583 1
22 21613 1
22 18030 1
22 13937 2
22 4723 1
22 16500 1
22 1141 1
22 22377 1
22 18042 1
22 5243 1
22 5764 2
22 13445 1
22 6790 2
22 6791 1
22 14985 1
22 650 1
22 17040 1
22 5268 1
22 16543 1
22 18080 1
22 673 1
22 4263 1
22 683 1
22 14509 2
22 17181 1
22 5304 1
22 11963 1
22 15548 1
22 1744 1
22 10452 1
22 15574 1
22 11992 1
22 10407 2
22 4831 1
22 7396 1
22 4837 1
22 7400 1
22 3453 1
22 15100 1
22 18686 1
22 14592 3
22 8449 2
22 15620 1
22 19718 2
22 7432 2
22 7433 1
22 21258 1
22 12043 1
22 15119 2
22 22232 1
22 10515 1
22 15128 1
22 8989 1
22 7471 1
22 17203 1
22 18569 1
22 10555 1
22 1852 1
22 20285 1
22 17726 1
22 6464 1
22 22339 1
22 17229 1
22 17230 1
22 12625 1
22 21330 1
22 3641 1
22 740 1
22 7520 1
22 13161 1
22 5996 1
22 9069 2
22 7684 1
22 12663 1
22 1917 1
22 17790 1
22 12162 1
22 4484 2
22 14725 1
22 9606 1
22 16775 2
22 17806 1
22 22418 2
22 17811 1
22 19349 1
22 14743 1
22 18841 1
22 15855 1
22 4511 1
22 20384 1
22 15271 1
22 22442 1
22 12716 1
22 2990 2
22 20915 1
22 9141 1
22 15800 1
22 5577 1
22 12747 1
22 9167 2
22 9170 1
22 9171 1
22 5590 1
22 8683 1
22 7150 1
22 21487 1
22 15856 1
22 20468 1
22 16373 1
22 8188 1
22 5629 2
23 11008 3
23 16902 1
23 14081 1
23 13834 1
23 11792 2
23 11795 1
23 19478 1
23 8454 1
23 4653 1
23 16431 1
23 12341 1
23 4665 1
23 18108 1
23 16054 2
23 1099 1
23 20556 1
23 21586 2
23 13398 3
23 17424 1
23 22121 1
23 19050 1
23 21613 1
23 4719 2
23 13937 1
23 6675 1
23 1140 1
23 17016 1
23 6265 1
23 5764 2
23 13445 1
23 6790 1
23 6791 1
23 648 1
23 6283 1
23 2704 1
23 7313 1
23 13970 1
23 4291 1
23 13478 1
23 11434 1
23 4267 1
23 15532 1
23 15534 1
23 19631 1
23 19126 1
23 21948 2
23 8892 1
23 9922 1
23 2243 2
23 5838 1
23 11471 2
23 7888 1
23 5841 1
23 20690 1
23 10452 1
23 10453 1
23 1757 1
23 4831 2
23 11473 2
23 7400 1
23 745 1
23 20723 2
23 20724 1
23 17151 1
23 14592 1
23 8449 1
23 20739 1
23 4868 5
23 2309 1
23 19718 1
23 15117 1
23 783 1
23 788 1
23 4886 5
23 15128 1
23 4895 1
23 18209 1
23 15751 1
23 7471 1
23 22344 1
23 9033 1
23 17227 1
23 20813 1
23 3408 1
23 12625 1
23 14677 1
23 18267 1
23 16732 1
23 15714 1
23 4451 1
23 5988 1
23 7399 1
23 13174 1
23 4484 1
23 9606 1
23 16775 1
23 9608 1
23 907 1
23 7055 1
23 914 1
23 14743 1
23 19355 1
23 22442 1
23 15276 1
23 1459 1
23 11193 1
23 8636 1
23 12733 1
23 22464 2
23 11726 1
23 13778 1
23 15838 1
23 10219 1
23 15855 1
23 20468 1
23 15864 1
24 11008 2
24 12288 1
24 18818 1
24 3203 1
24 5764 2
24 13445 1
24 7432 1
24 14985 1
24 907 1
24 22082 1
24 15119 1
24 22032 1
24 22418 1
24 13981 1
24 6464 1
24 19460 1
24 1562 1
24 13979 1
24 15772 1
24 6045 1
24 18208 1
24 11760 1
24 16547 1
24 20389 1
24 4008 1
24 15273 1
24 1837 1
24 1454 1
24 15773 1
24 15408 1
24 22344 1
24 1074 1
24 12852 1
24 1461 1
24 12471 1
24 16952 1
24 21993 1
24 12341 1
24 22464 1
24 8641 1
24 4290 5
24 17163 1
24 22086 1
24 15432 1
24 4554 1
24 12747 1
24 8013 1
24 4942 1
24 9167 1
24 592 1
24 593 1
24 15955 1
24 5972 1
24 7765 1
24 18042 2
24 14096 1
24 15971 1
24 15117 1
24 7397 1
24 21276 1
24 12625 1
24 12008 1
24 12265 1
24 7658 1
24 9072 1
24 10871 1
24 17016 1
24 505 1
24 4090 1
24 19707 1
24 7433 1
24 9834 1
25 12288 1
25 11008 2
25 12162 2
25 15117 1
25 4868 3
25 6149 1
25 19718 1
25 6791 1
25 17672 1
25 4484 1
25 1163 1
25 15618 1
25 15630 1
25 15119 1
25 22032 3
25 17170 1
25 19460 1
25 7700 1
25 14743 1
25 17688 1
25 13316 2
25 15772 1
25 15774 1
25 5765 1
25 1824 1
25 9072 2
25 14114 2
25 16035 1
25 7041 1
25 20519 1
25 7055 1
25 11946 1
25 13255 1
25 8236 1
25 19886 1
25 12673 1
25 15666 1
25 1076 1
25 9167 1
25 9033 1
25 18745 1
25 1467 2
25 12734 1
25 6464 1
25 4290 1
25 3339 1
25 1092 1
25 17093 1
25 2119 1
25 15688 1
25 20041 1
25 11723 1
25 20556 1
25 17229 1
25 14592 1
25 12429 1
25 10832 1
25 21841 1
25 21586 1
25 9043 1
25 7888 1
25 12345 1
25 9817 1
25 7514 1
25 11995 1
25 10972 2
25 19422 2
25 21727 1
25 19424 1
25 5264 1
25 10852 1
25 3176 1
25 3814 1
25 12625 1
25 5864 1
25 9834 1
25 19879 1
25 11760 2
25 881 2
25 9458 1
25 4723 1
25 502 1
25 17015 1
25 17016 1
25 11434 1
26 14592 3
26 8449 1
26 4484 2
26 13334 1
26 5768 1
26 6281 1
26 9617 1
26 4754 1
26 17046 1
26 5764 2
26 16030 1
26 671 1
26 6694 1
26 10408 1
26 1069 1
26 7471 1
26 9015 1
26 5304 1
26 3260 1
26 15808 1
26 10821 1
26 1099 1
26 12625 2
26 11732 2
26 10972 1
26 15709 1
26 18911 1
26 15713 1
26 15971 1
26 9831 1
26 20587 1
26 8686 1
26 18557 1
26 2344 1
26 4723 1
26 1140 2
26 1525 1
26 17789 1
27 22024 3
27 21676 1
27 22030 2
27 20227 1
27 8213 1
27 3094 1
27 7706 1
27 17435 2
27 2394 1
27 2309 1
27 18978 1
27 6702 1
27 16944 1
27 9777 1
27 2313 1
27 12352 1
27 22368 1
27 8770 1
27 10308 1
27 4364 1
27 8268 1
27 15534 1
27 4695 1
27 7770 1
27 18528 1
27 7777 1
27 15279 1
27 12390 1
27 18023 1
27 6760 1
27 10857 1
27 22119 1
27 1140 1
27 2677 1
27 4218 1
27 17019 1
27 14978 1
27 18051 1
27 5764 1
27 8641 1
27 5996 1
27 7306 1
27 13451 1
27 1169 1
27 3943 1
27 19093 1
27 1744 1
27 13981 1
27 18080 1
27 9072 1
27 13475 1
27 5800 1
27 13994 1
27 4267 1
27 15532 1
27 3758 1
27 7343 1
27 10931 1
27 5301 2
27 5304 1
27 20155 1
27 701 1
27 15477 1
27 11969 2
27 14019 1
27 11471 1
27 18128 1
27 5841 2
27 6361 1
27 18042 1
27 20142 1
27 9953 1
27 5347 1
27 740 1
27 12009 1
27 4330 1
27 3313 1
27 8449 1
27 4867 1
27 4868 4
27 15109 1
27 7433 1
27 12044 1
27 7438 1
27 2839 1
27 7457 1
27 18210 1
27 12069 1
27 19238 1
27 5928 2
27 12585 1
27 7982 1
27 10036 1
27 6622 1
27 2870 1
27 12091 1
27 21312 1
27 22340 1
27 328 2
27 13129 1
27 8012 1
27 11600 1
27 12625 1
27 21330 2
27 2387 1
27 14677 4
27 4950 1
27 14682 1
27 1141 1
27 4960 1
27 3426 1
27 359 1
27 15210 1
27 13992 1
27 8556 1
27 9069 6
27 879 1
27 15216 1
27 14709 1
27 13174 1
27 8570 1
27 19721 1
27 1408 1
27 12673 1
27 15754 1
27 395 2
27 4496 1
27 18841 1
27 13213 1
27 19870 1
27 4000 2
27 15266 1
27 22442 1
27 12716 1
27 15773 2
27 4019 2
27 9033 1
27 22464 1
27 20384 2
27 8135 1
27 15820 1
27 9167 2
27 13776 2
27 7638 1
27 2014 1
27 18911 1
27 18293 1
27 4945 1
27 18463 1
27 12777 1
27 10219 1
27 15855 1
27 11760 1
27 10225 1
27 14324 1
27 16373 1
27 15863 2
27 18975 1
27 4601 2
27 8188 1
27 22186 1
