1 5632 2
1 12800 1
1 4569 1
1 19460 2
1 16901 2
1 16390 1
1 14081 1
1 13833 1
1 599 1
1 17155 1
1 9901 1
1 22032 2
1 13841 1
1 16915 1
1 11771 1
1 8726 1
1 13316 1
1 17435 3
1 17436 1
1 13658 1
1 9247 1
1 7600 1
1 18267 2
1 3621 2
1 19494 1
1 554 1
1 8236 1
1 3629 2
1 6702 2
1 4655 1
1 15408 1
1 21553 1
1 7218 1
1 11827 1
1 15499 1
1 17975 1
1 13334 1
1 7471 1
1 3647 1
1 22368 1
1 14028 1
1 20547 1
1 7236 1
1 16966 1
1 7777 1
1 19016 2
1 4364 2
1 11850 1
1 1099 1
1 13388 1
1 9293 1
1 12878 1
1 15439 1
1 22097 1
1 21586 4
1 15971 1
1 3259 1
1 13398 3
1 14423 2
1 7768 1
1 5210 1
1 15119 2
1 18528 1
1 10337 1
1 3171 1
1 20155 1
1 7782 2
1 1639 2
1 9832 1
1 10857 1
1 22119 1
1 7880 1
1 21613 1
1 10862 1
1 13937 1
1 21097 1
1 17016 1
1 8375 2
1 19900 1
1 6269 1
1 5246 1
1 22464 3
1 12930 1
1 18051 1
1 5764 1
1 14981 1
1 6790 1
1 1160 2
1 6281 1
1 5085 1
1 4235 1
1 20110 1
1 3636 1
1 9873 1
1 17042 1
1 659 1
1 18030 1
1 17046 1
1 19737 1
1 6809 1
1 6511 1
1 669 1
1 9887 1
1 673 1
1 5795 1
1 9892 1
1 609 1
1 10407 3
1 10408 1
1 18460 1
1 17066 1
1 13255 1
1 22188 1
1 14509 1
1 15534 2
1 8063 1
1 16049 1
1 19019 1
1 4276 1
1 6331 1
1 20662 1
1 16835 1
1 3258 2
1 11039 1
1 18108 1
1 19133 5
1 14016 1
1 2244 1
1 4293 1
1 8993 1
1 20168 3
1 9932 1
1 13516 2
1 13090 1
1 9423 1
1 9424 1
1 721 2
1 19668 1
1 18505 1
1 20695 1
1 10458 1
1 9167 2
1 4491 1
1 8927 1
1 17521 1
1 6883 1
1 740 2
1 1765 1
1 9446 1
1 9425 1
1 7400 1
1 8515 1
1 16679 1
1 22252 1
1 12013 1
1 20718 1
1 14973 1
1 20209 1
1 12018 1
1 17790 1
1 9975 1
1 16682 1
1 9684 1
1 19478 1
1 8443 1
1 21841 1
1 15402 1
1 12471 1
1 11733 1
1 18955 1
1 13477 1
1 4867 3
1 4868 4
1 10502 1
1 4360 1
1 20234 1
1 22283 1
1 3340 1
1 6925 1
1 22573 1
1 7952 1
1 2834 1
1 10515 1
1 2325 1
1 2839 2
1 15128 1
1 2329 1
1 5935 1
1 18205 1
1 12677 1
1 18209 2
1 18210 1
1 19238 2
1 7463 1
1 18140 1
1 10205 1
1 15751 2
1 1074 1
1 20270 1
1 1839 2
1 16177 1
1 15666 1
1 9526 1
1 17208 1
1 21305 5
1 19770 1
1 10975 1
1 1076 1
1 9023 1
1 3905 1
1 15170 2
1 22339 1
1 2873 1
1 8518 1
1 9543 1
1 6694 1
1 2841 1
1 12110 1
1 12625 2
1 17234 1
1 10467 1
1 11604 1
1 14677 3
1 4438 1
1 9047 1
1 6489 1
1 7514 1
1 10127 1
1 11724 1
1 12602 1
1 7397 1
1 864 1
1 15237 1
1 19816 1
1 9065 1
1 3217 1
1 1900 1
1 9069 4
1 4547 1
1 1391 1
1 13681 2
1 12147 1
1 12151 1
1 7544 1
1 11641 1
1 16252 1
1 7550 1
1 7039 1
1 12673 1
1 14743 1
1 14725 1
1 16774 1
1 16775 2
1 21896 1
1 17801 1
1 4247 1
1 10636 1
1 8079 1
1 16785 1
1 20882 2
1 19347 1
1 3991 1
1 14232 1
1 13229 1
1 20384 2
1 14753 1
1 15778 1
1 15268 1
1 20389 1
1 753 1
1 7686 1
1 15275 1
1 9644 1
1 20722 1
1 16814 1
1 5551 1
1 432 1
1 7752 1
1 9816 2
1 4019 1
1 4020 1
1 20151 1
1 4169 1
1 10681 1
1 9146 1
1 671 1
1 8636 1
1 8778 1
1 16431 1
1 16831 1
1 15808 1
1 7584 2
1 11714 1
1 20644 1
1 17348 1
1 16837 1
1 17351 1
1 15432 1
1 15820 2
1 462 1
1 17359 1
1 15312 1
1 7633 1
1 15826 1
1 9171 1
1 10196 1
1 7637 2
1 18391 1
1 14456 1
1 21981 1
1 12255 1
1 17376 1
1 14306 2
1 17891 1
1 3047 2
1 12665 1
1 15850 1
1 4589 1
1 20165 1
1 7664 1
1 15857 1
1 1522 1
1 6643 1
1 8180 1
1 22271 1
1 4599 1
1 20984 1
1 5625 1
1 4602 1
1 6651 1
1 11946 1
2 12288 1
2 19460 2
2 19461 1
2 18952 1
2 1545 2
2 13835 1
2 16911 1
2 1048 2
2 17962 1
2 22571 1
2 8749 2
2 19464 1
2 8243 1
2 54 1
2 521 1
2 7224 1
2 12349 1
2 3647 1
2 22082 1
2 7691 1
2 1094 1
2 75 1
2 588 1
2 5199 1
2 21586 2
2 7765 1
2 20569 1
2 1626 2
2 1627 2
2 8286 1
2 18528 1
2 19553 1
2 14437 1
2 10859 1
2 3181 1
2 9839 1
2 15476 1
2 1141 1
2 17014 3
2 10360 1
2 14969 1
2 14970 1
2 21781 2
2 19133 2
2 12930 1
2 13961 1
2 12938 1
2 11403 1
2 11916 1
2 3217 3
2 3220 4
2 1305 1
2 6809 1
2 13467 1
2 17565 1
2 16030 2
2 671 2
2 673 1
2 19619 1
2 13488 1
2 11444 1
2 701 1
2 703 1
2 18628 2
2 5829 2
2 10444 2
2 13515 1
2 13516 1
2 5838 1
2 9425 1
2 4306 1
2 3796 3
2 20695 3
2 7897 1
2 7889 1
2 14583 2
2 1281 1
2 4867 2
2 4868 1
2 20234 1
2 3629 1
2 7952 1
2 19732 1
2 22293 1
2 21782 1
2 2839 2
2 2841 4
2 11042 1
2 19238 1
2 17706 1
2 1844 2
2 21305 2
2 4417 1
2 16195 1
2 14665 1
2 846 2
2 2873 1
2 5464 1
2 18267 1
2 22369 1
2 19816 1
2 9069 4
2 12147 1
2 6518 1
2 6804 1
2 17788 2
2 13701 1
2 12354 1
2 8079 1
2 10641 1
2 20882 2
2 20547 2
2 20889 1
2 7584 1
2 8610 1
2 18348 1
2 5051 1
2 16831 1
2 20384 4
2 19396 1
2 7110 2
2 13255 1
2 9167 2
2 14290 1
2 9686 1
2 4056 1
2 10205 1
2 6622 1
2 10210 2
2 16367 1
2 15856 1
2 17393 1
2 17907 1
2 14324 1
2 6651 1
2 6652 2
3 12288 1
3 19460 3
3 18952 1
3 15369 1
3 13331 1
3 8214 1
3 4632 1
3 13849 1
3 9244 1
3 22557 2
3 18467 1
3 2596 1
3 18056 1
3 22571 1
3 8236 1
3 8238 1
3 7216 1
3 20232 1
3 1074 1
3 11827 1
3 13881 1
3 13883 1
3 4668 1
3 7741 1
3 3647 3
3 7745 1
3 3650 1
3 16963 1
3 72 1
3 18505 1
3 7645 1
3 1099 1
3 13388 1
3 21586 3
3 18005 1
3 13398 1
3 13912 1
3 16474 1
3 1627 1
3 18528 4
3 19553 1
3 4709 1
3 16998 1
3 9832 1
3 11708 1
3 10859 1
3 18028 1
3 21613 2
3 15982 1
3 14448 2
3 15976 1
3 1141 1
3 631 1
3 6776 1
3 4218 1
3 19900 2
3 6269 1
3 13950 1
3 4225 1
3 12930 2
3 1160 1
3 7306 1
3 13963 1
3 1167 1
3 16016 1
3 659 1
3 3220 1
3 11931 3
3 16543 1
3 16544 1
3 673 1
3 5795 1
3 9892 1
3 13477 2
3 5489 1
3 10408 1
3 4267 1
3 15532 1
3 15534 1
3 5149 1
3 19124 1
3 12471 1
3 21692 2
3 19133 6
3 703 2
3 13514 1
3 13516 1
3 9425 1
3 10963 2
3 20695 1
3 1753 1
3 4826 1
3 10972 1
3 5498 1
3 14046 1
3 10975 1
3 22188 3
3 19172 1
3 17637 1
3 7400 1
3 6380 1
3 8950 3
3 8952 1
3 21841 1
3 11007 1
3 8449 1
3 4867 2
3 16645 1
3 7432 1
3 7433 2
3 3339 2
3 4364 3
3 11021 1
3 6926 1
3 15119 1
3 7952 2
3 16661 1
3 2839 1
3 2841 2
3 8636 2
3 798 1
3 18209 1
3 7463 1
3 21295 2
3 1067 1
3 1844 1
3 10974 1
3 21305 5
3 10554 1
3 10555 1
3 11070 1
3 7487 1
3 15170 1
3 4421 1
3 3398 1
3 17223 1
3 17229 1
3 8526 1
3 909 1
3 15184 1
3 12625 1
3 11604 1
3 14677 1
3 9050 1
3 9644 1
3 4454 1
3 15210 1
3 364 1
3 9069 2
3 13681 1
3 1906 1
3 12151 1
3 13176 1
3 12153 1
3 890 1
3 21888 1
3 7553 1
3 16775 1
3 22409 1
3 17290 1
3 20877 1
3 20882 2
3 20547 1
3 4590 1
3 3991 1
3 3992 6
3 17818 1
3 1437 1
3 12190 1
3 8607 1
3 20384 3
3 15266 3
3 17393 1
3 15273 1
3 5034 1
3 2375 1
3 11180 1
3 15432 1
3 15794 1
3 18358 1
3 18876 1
3 4541 1
3 4030 1
3 15808 1
3 10144 1
3 19396 1
3 748 1
3 7110 1
3 13255 1
3 20424 1
3 9167 2
3 8144 1
3 7633 1
3 7634 1
3 9171 1
3 7637 1
3 11737 1
3 14810 1
3 10205 2
3 12773 1
3 10726 1
3 3047 1
3 8174 1
3 13809 1
3 14324 1
3 16374 1
3 16890 1
3 6651 1
3 6652 4
4 6149 2
4 19460 2
4 22557 3
4 16414 1
4 16416 1
4 16417 2
4 16419 1
4 20518 1
4 20519 1
4 8236 1
4 12336 1
4 8250 1
4 8255 1
4 12354 1
4 20547 1
4 12357 1
4 18505 1
4 6228 1
4 14422 1
4 6237 1
4 18528 4
4 12390 1
4 14448 4
4 18571 1
4 2196 1
4 14492 1
4 16543 1
4 4263 2
4 12471 2
4 10432 2
4 4128 1
4 2244 1
4 4303 1
4 14543 1
4 14545 1
4 10452 4
4 10453 3
4 4312 1
4 8416 1
4 8421 1
4 6381 1
4 10484 1
4 18686 1
4 8451 1
4 16652 1
4 10510 1
4 271 1
4 10515 1
4 16661 1
4 16662 2
4 14618 1
4 16773 1
4 8503 1
4 12602 1
4 4831 2
4 8511 1
4 6464 1
4 4418 1
4 12625 6
4 14677 2
4 4438 1
4 4440 1
4 4442 1
4 4449 1
4 10602 1
4 6511 1
4 12151 2
4 18809 1
4 12673 1
4 18819 1
4 4484 1
4 14725 2
4 16775 2
4 6538 1
4 4493 1
4 20882 5
4 14751 2
4 22041 2
4 18162 1
4 18862 1
4 10679 1
4 8636 1
4 14784 1
4 14785 1
4 20950 1
4 14807 1
4 18904 1
4 20962 1
4 10726 2
4 10727 1
4 12778 1
4 8683 1
4 4589 1
4 20975 1
4 4599 1
4 6652 2
4 16901 1
4 18952 1
4 1454 1
4 8726 1
4 12823 1
4 12825 16
4 4636 1
4 16453 1
4 18975 1
4 4640 1
4 4647 1
4 554 1
4 8749 1
4 6702 2
4 20232 1
4 2635 1
4 588 1
4 10832 1
4 8797 1
4 2661 1
4 10857 1
4 2666 1
4 17016 1
4 14969 2
4 12930 2
4 2704 1
4 17041 1
4 17046 1
4 19098 1
4 13957 1
4 6816 1
4 8989 1
4 19124 4
4 798 1
4 15031 1
4 10938 1
4 4795 1
4 8892 1
4 19133 15
4 2755 1
4 22119 1
4 719 1
4 10963 1
4 2772 1
4 10972 3
4 10975 2
4 10978 2
4 8935 1
4 744 1
4 6776 2
4 13778 1
4 6897 1
4 5246 2
4 4867 3
4 4868 1
4 15119 4
4 11024 1
4 2834 1
4 2835 1
4 4884 4
4 4886 1
4 2839 1
4 15128 1
4 797 1
4 4894 1
4 805 1
4 1841 2
4 17194 1
4 17195 1
4 21305 12
4 15170 1
4 21315 1
4 9033 1
4 15184 2
4 4950 1
4 17240 1
4 9050 1
4 11103 1
4 13161 1
4 9069 8
4 9072 1
4 4986 1
4 7055 1
4 16879 1
4 21406 1
4 15266 1
4 15268 2
4 15273 3
4 2990 1
4 15279 1
4 5044 1
4 17225 2
4 11193 1
4 7101 1
4 21439 1
4 960 1
4 21445 1
4 13255 1
4 17355 1
4 9167 2
4 19408 1
4 5088 1
4 3044 1
4 999 1
4 15337 2
4 3065 1
4 19456 1
4 13316 2
4 19464 2
4 19465 1
4 19467 1
4 19473 1
4 1054 1
4 21536 1
4 1069 1
4 11314 1
4 1076 1
4 19514 1
4 17473 1
4 7237 2
4 13388 1
4 11343 1
4 21586 5
4 13398 7
4 1141 1
4 7287 1
4 19578 1
4 19582 2
4 3201 1
4 15491 1
4 13445 1
4 1160 1
4 1561 1
4 11431 1
4 15528 1
4 11434 1
4 13486 1
4 13490 1
4 3258 2
4 13507 1
4 7370 1
4 13515 1
4 11469 1
4 3278 1
4 11471 2
4 7380 2
4 5337 1
4 20687 1
4 1246 1
4 5347 1
4 7397 1
4 15590 1
4 5352 2
4 1257 1
4 5368 2
4 15609 1
4 11524 1
4 3339 1
4 3629 2
4 13529 1
4 5400 1
4 1305 2
4 1308 1
4 13600 1
4 9864 1
4 7469 1
4 7471 1
4 1337 1
4 17737 1
4 3408 2
4 21841 1
4 21845 2
4 5464 1
4 7520 1
4 19814 1
4 15994 1
4 15728 1
4 5489 1
4 5775 1
4 5513 1
4 5514 1
4 21902 1
4 11667 1
4 11672 1
4 15774 1
4 7584 5
4 1445 1
4 22087 1
4 11692 2
4 9645 1
4 19886 1
4 9647 1
4 17849 1
4 9663 1
4 13763 1
4 11723 1
4 11726 1
4 13776 1
4 7633 1
4 7634 2
4 9684 1
4 7637 1
4 6801 2
4 9124 1
4 21981 1
4 592 1
4 19938 1
4 15843 1
4 15846 1
4 7655 1
4 7660 1
4 5623 1
4 5632 1
4 13832 1
4 5645 1
4 5646 1
4 22032 5
4 17943 1
4 13849 1
4 9755 1
4 15903 2
4 1627 1
4 15908 1
4 5673 2
4 11821 1
4 22071 2
4 11832 1
4 7092 1
4 3643 1
4 13887 1
4 9799 1
4 4364 2
4 7764 1
4 18005 1
4 5722 1
4 13915 1
4 7777 1
4 7782 1
4 9831 1
4 22123 1
4 22127 1
4 13937 3
4 15987 1
4 18042 1
4 5755 1
4 18045 1
4 5765 1
4 5768 1
4 7823 1
4 13969 1
4 9875 2
4 18070 1
4 11887 1
4 19397 1
4 18087 1
4 13994 1
4 22188 2
4 9901 1
4 3758 1
4 16049 1
4 20151 1
4 20155 1
4 7870 1
4 22209 2
4 16067 2
4 9924 1
4 20168 2
4 5838 1
4 7888 2
4 7889 3
4 11995 1
4 5853 1
4 20194 8
4 12007 1
4 18155 1
4 22252 1
4 12018 1
4 7938 1
4 14088 1
4 20234 3
4 7952 2
4 18200 1
4 20255 1
4 20256 1
4 1833 2
4 1834 1
4 12076 1
4 18222 1
4 1839 1
4 12081 1
4 3894 1
4 3905 1
4 22339 1
4 20307 1
4 18267 2
4 22368 1
4 656 1
4 22373 1
4 14993 1
4 10088 1
4 20330 1
4 3047 2
4 10096 1
4 20343 2
4 10107 1
4 1917 1
4 6017 1
4 12162 1
4 8514 1
4 3991 1
4 3992 1
4 20384 3
4 22442 1
4 16301 1
4 4019 1
4 6075 1
4 4029 1
4 22464 2
4 16367 1
4 8180 1
4 16374 2
4 8184 1
5 2817 1
5 19464 1
5 9047 1
5 17424 1
5 16915 1
5 12823 1
5 12825 2
5 22557 1
5 11815 1
5 3629 2
5 1074 1
5 4668 2
5 15933 1
5 3134 1
5 3647 2
5 1600 1
5 5186 1
5 20547 2
5 3652 2
5 22601 1
5 10831 1
5 21586 2
5 19550 1
5 18528 1
5 21606 1
5 21611 1
5 14448 1
5 6772 1
5 1141 1
5 13435 1
5 3197 1
5 22144 1
5 12930 2
5 15979 1
5 14469 1
5 1160 1
5 1673 1
5 17041 3
5 673 1
5 10410 1
5 6323 1
5 12471 1
5 19572 1
5 19133 1
5 22209 1
5 11723 1
5 2245 1
5 13516 2
5 10444 1
5 15577 1
5 14046 1
5 7400 1
5 7915 1
5 21234 1
5 5368 1
5 5881 1
5 9472 1
5 8449 1
5 4884 1
5 18208 1
5 18209 1
5 21292 1
5 18222 1
5 14649 1
5 3386 1
5 15676 1
5 12625 1
5 15673 1
5 8024 1
5 3900 1
5 17770 1
5 9069 2
5 21887 1
5 16775 1
5 13192 1
5 11152 1
5 9105 1
5 17818 1
5 4000 1
5 15273 1
5 9644 1
5 12734 1
5 16833 1
5 7110 1
5 13255 1
5 20939 1
5 7635 1
5 17882 1
5 10205 1
5 6622 1
5 14324 1
5 16374 1
6 12930 1
6 4868 1
6 16367 2
6 20232 1
6 12044 1
6 20695 1
6 10636 1
6 3217 2
6 20882 1
6 16196 1
6 17819 1
6 16414 1
6 18975 1
6 673 1
6 6308 1
6 10535 1
6 15273 1
6 22571 1
6 8236 2
6 13682 1
6 1609 1
6 7224 1
6 15033 1
6 3258 1
6 6687 1
6 671 1
6 19133 1
6 3647 2
6 3649 1
6 16834 1
6 3652 2
6 13255 1
6 2888 1
6 2761 1
6 11063 1
6 3532 1
6 19938 1
6 10830 1
6 11471 1
6 21586 3
6 21305 1
6 5337 1
6 17882 1
6 14324 1
6 19550 1
6 10975 1
6 16224 1
6 17762 1
6 12003 1
6 4836 1
6 18406 1
6 17041 1
6 7785 1
6 15338 1
6 14827 1
6 7660 1
6 9069 3
6 9839 1
6 12274 1
6 6771 1
6 6516 1
6 22262 1
6 14969 1
6 11388 1
6 16893 1
6 7550 1
7 11264 1
7 512 1
7 15874 1
7 19460 1
7 22551 1
7 13852 1
7 22557 1
7 6687 1
7 10820 1
7 15432 2
7 588 1
7 10833 1
7 21586 1
7 1622 1
7 6235 1
7 19550 1
7 2661 1
7 18108 1
7 7785 1
7 19577 1
7 19578 1
7 5757 1
7 16661 1
7 12930 2
7 15491 1
7 6791 1
7 1163 1
7 6798 1
7 4249 1
7 14495 1
7 17576 1
7 9245 1
7 3260 1
7 19133 1
7 11462 1
7 9423 1
7 4303 1
7 10975 1
7 10464 1
7 17125 1
7 17129 1
7 12013 1
7 13040 1
7 20722 1
7 14592 1
7 4867 1
7 4868 1
7 13697 1
7 4364 2
7 274 1
7 18197 2
7 4886 1
7 18222 1
7 17202 1
7 16691 1
7 21305 1
7 4417 1
7 21841 1
7 21847 1
7 2905 1
7 22368 1
7 5988 1
7 1895 1
7 9069 5
7 12670 1
7 8064 1
7 897 1
7 14725 1
7 4486 1
7 16775 1
7 20882 1
7 18162 1
7 11471 1
7 7605 1
7 10679 1
7 21438 1
7 16833 1
7 11714 2
7 12746 1
7 4558 1
7 9167 2
7 3536 2
7 11729 1
7 9170 1
7 2003 1
7 5085 1
7 10206 1
7 2018 1
7 15441 1
7 10219 1
7 8685 1
8 12288 5
8 8197 1
8 2063 2
8 22551 7
8 16409 1
8 22557 3
8 20519 1
8 22571 2
8 8236 2
8 18477 1
8 8238 5
8 14386 3
8 14389 1
8 12352 1
8 20547 1
8 12357 1
8 14407 1
8 72 1
8 18505 1
8 76 1
8 80 1
8 81 2
8 82 1
8 84 2
8 8287 1
8 18528 1
8 10337 1
8 2160 1
8 6263 1
8 4221 1
8 16511 1
8 16512 1
8 16519 1
8 12429 1
8 20626 1
8 12446 1
8 14500 1
8 4263 2
8 10408 1
8 12471 1
8 2239 1
8 16578 1
8 20686 7
8 4303 2
8 8421 1
8 4326 1
8 20717 1
8 14583 1
8 248 3
8 1304 1
8 14592 1
8 8449 1
8 4359 1
8 4364 5
8 16661 2
8 16662 1
8 4382 1
8 10531 1
8 12588 1
8 8502 2
8 12602 1
8 4417 1
8 4419 1
8 4433 1
8 14677 2
8 16727 1
8 14682 2
8 8550 1
8 360 1
8 8556 1
8 6511 1
8 14709 1
8 12663 1
8 8569 1
8 14716 1
8 14718 1
8 12673 1
8 14725 1
8 16778 1
8 18841 2
8 7236 1
8 18842 1
8 413 1
8 18852 1
8 12716 3
8 433 1
8 20914 2
8 16837 1
8 6622 1
8 18919 1
8 4601 1
8 4602 1
8 6651 1
8 6652 2
8 512 1
8 16897 1
8 12807 1
8 12808 1
8 4640 1
8 2596 1
8 4647 1
8 8753 3
8 8770 1
8 588 2
8 592 1
8 10833 1
8 14944 1
8 19900 1
8 6770 1
8 20343 3
8 19060 1
8 14973 1
8 646 1
8 10894 1
8 6809 1
8 10915 1
8 17066 1
8 683 1
8 8878 1
8 8892 1
8 19133 2
8 719 1
8 4831 1
8 741 1
8 751 1
8 6901 2
8 6902 1
8 17154 1
8 17155 1
8 4868 4
8 17162 1
8 13069 1
8 15119 2
8 6938 1
8 797 1
8 8992 1
8 16177 1
8 19244 1
8 17202 1
8 17203 1
8 11068 1
8 19263 1
8 17223 1
8 19276 3
8 4942 2
8 15184 1
8 21330 1
8 9047 1
8 11101 1
8 4960 5
8 7011 1
8 15207 1
8 11113 1
8 9069 13
8 15216 1
8 7036 1
8 15232 1
8 17281 1
8 17291 1
8 909 1
8 12100 3
8 11162 1
8 7069 1
8 17312 4
8 17313 1
8 15266 2
8 7085 1
8 17351 1
8 7112 1
8 9167 2
8 9171 1
8 15322 1
8 990 1
8 18940 1
8 3050 1
8 10407 3
8 3060 1
8 5118 2
8 5119 2
8 13316 1
8 11777 1
8 7179 1
8 15856 1
8 17435 1
8 11293 1
8 5150 1
8 11295 1
8 1068 1
8 7217 1
8 1074 1
8 9269 1
8 3136 1
8 1092 2
8 7237 1
8 11334 1
8 19527 2
8 15432 3
8 15439 1
8 21586 2
8 13838 1
8 19550 1
8 15456 1
8 21601 1
8 3182 1
8 5246 3
8 19583 1
8 13440 1
8 1155 1
8 1167 2
8 1169 1
8 19603 1
8 1174 1
8 3953 1
8 11444 1
8 5301 2
8 9398 2
8 11449 1
8 21696 7
8 19650 1
8 21699 1
8 13515 1
8 13516 2
8 15566 3
8 9423 2
8 9424 1
8 11471 1
8 15583 2
8 9444 1
8 7398 1
8 3313 2
8 7410 1
8 3321 2
8 15614 1
8 15617 1
8 1283 1
8 19716 1
8 19718 1
8 7432 1
8 13582 1
8 17688 1
8 1305 1
8 15648 1
8 17707 2
8 7471 1
8 7475 1
8 3392 1
8 5447 1
8 5448 3
8 9550 1
8 7503 1
8 3408 1
8 15704 1
8 1370 1
8 15723 1
8 13679 4
8 7548 1
8 7550 1
8 1412 1
8 7557 1
8 7570 2
8 7584 1
8 11684 5
8 5541 1
8 9644 1
8 1466 1
8 11708 2
8 15808 2
8 11714 2
8 15948 1
8 14584 1
8 7634 1
8 7635 1
8 3937 1
8 13793 1
8 19939 1
8 15849 1
8 7664 1
8 7665 1
8 15869 1
8 9729 1
8 15874 1
8 7684 1
8 7687 1
8 13832 2
8 13833 2
8 1547 2
8 22030 1
8 3610 3
8 9758 1
8 15903 10
8 3621 1
8 13863 1
8 11817 1
8 5675 1
8 3629 1
8 20014 1
8 1590 1
8 17975 1
8 13881 1
8 17983 1
8 17996 1
8 22119 1
8 15976 1
8 7785 1
8 18028 1
8 11887 1
8 13937 1
8 20095 1
8 13961 1
8 11918 1
8 13969 1
8 13970 1
8 7827 1
8 7834 1
8 11931 1
8 9884 1
8 11945 1
8 13255 1
8 9901 2
8 3758 2
8 20155 1
8 7870 1
8 14016 2
8 22209 1
8 1766 1
8 7917 1
8 7918 1
8 7920 1
8 13951 1
8 14082 1
8 18185 2
8 20234 1
8 22283 1
8 20255 2
8 3877 1
8 12076 1
8 18222 2
8 5936 1
8 1841 3
8 5951 1
8 14148 1
8 12103 2
8 8013 1
8 5970 1
8 22364 1
8 1889 1
8 3943 1
8 16430 1
8 10095 1
8 16241 1
8 12151 1
8 12153 2
8 19776 1
8 16260 1
8 3973 1
8 8079 1
8 6032 1
8 22418 1
8 10132 1
8 3991 1
8 1947 1
8 20384 1
8 22442 1
8 8107 1
8 16304 1
8 16308 1
8 18358 1
8 1976 1
8 8140 1
8 10209 1
8 10212 1
8 4070 1
8 12625 3
8 16363 1
8 16366 1
8 10227 1
8 18420 1
8 8184 1
8 15359 1
8 8188 3
9 20995 1
9 19460 2
9 12805 1
9 13830 1
9 12808 1
9 15532 1
9 13834 1
9 21003 1
9 22030 1
9 16301 1
9 4625 1
9 13331 1
9 19476 1
9 17070 1
9 19478 2
9 22039 1
9 19993 1
9 17435 1
9 11292 2
9 22557 1
9 11294 2
9 18975 1
9 5664 2
9 700 1
9 7686 1
9 6695 1
9 8746 1
9 22571 1
9 17183 1
9 5677 2
9 20882 1
9 16431 1
9 13832 1
9 14386 4
9 1076 2
9 14389 2
9 12342 1
9 4664 1
9 16308 1
9 9275 1
9 13884 1
9 7690 1
9 6651 1
9 18528 1
9 12354 1
9 8771 1
9 19524 1
9 18503 4
9 16968 1
9 4169 1
9 11850 1
9 5815 1
9 588 1
9 13901 1
9 8782 2
9 592 3
9 21586 1
9 9550 1
9 18005 1
9 14423 1
9 5210 1
9 18013 1
9 3758 1
9 4494 1
9 19553 1
9 15035 1
9 18022 1
9 16998 2
9 9831 1
9 737 2
9 11708 1
9 19050 1
9 15979 1
9 19133 3
9 14448 1
9 13937 3
9 15986 1
9 3260 1
9 22222 1
9 7785 1
9 5935 1
9 14970 2
9 11887 2
9 6902 1
9 18144 1
9 13077 1
9 13440 2
9 1351 1
9 2179 1
9 5764 1
9 13445 2
9 18055 1
9 14473 1
9 10890 1
9 13963 1
9 14476 1
9 19598 1
9 1167 3
9 7659 1
9 7313 1
9 1126 1
9 14574 1
9 8086 1
9 3609 1
9 14488 1
9 5597 1
9 6511 2
9 21606 1
9 20638 1
9 16662 1
9 7584 1
9 16661 2
9 18086 1
9 10407 1
9 4831 1
9 11433 1
9 22188 3
9 9901 2
9 15534 1
9 14001 1
9 1813 1
9 9398 1
9 10423 1
9 5818 1
9 11295 1
9 11964 2
9 16586 1
9 7870 1
9 14583 1
9 21696 4
9 11969 1
9 22210 1
9 2243 2
9 19140 1
9 13514 1
9 20343 2
9 20686 5
9 719 1
9 1232 1
9 14033 1
9 3844 1
9 9422 1
9 22232 1
9 19493 1
9 15580 1
9 10975 2
9 15948 1
9 720 1
9 5755 1
9 7396 1
9 741 1
9 4328 1
9 12010 1
9 4647 2
9 22252 2
9 9453 1
9 19694 1
9 18199 1
9 7412 1
9 2446 1
9 5929 1
9 17659 1
9 15102 1
9 10453 1
9 9675 1
9 14081 1
9 17154 1
9 10500 1
9 3845 1
9 17678 1
9 20232 2
9 8236 1
9 4364 6
9 19726 1
9 4227 1
9 15499 1
9 18197 3
9 4868 5
9 13957 1
9 15128 2
9 16772 1
9 21295 3
9 6940 1
9 8989 1
9 20255 1
9 20256 2
9 13090 1
9 1827 1
9 805 1
9 6950 1
9 16177 1
9 10972 4
9 17194 1
9 16519 2
9 22551 1
9 8415 1
9 7471 1
9 17200 1
9 1841 1
9 7476 2
9 16701 1
9 8502 2
9 13449 1
9 21305 2
9 12602 1
9 21727 1
9 4412 1
9 20285 1
9 17997 1
9 831 1
9 3392 1
9 16193 1
9 17218 1
9 835 1
9 14148 1
9 1590 2
9 6982 1
9 17223 1
9 11723 1
9 17740 1
9 17229 1
9 17810 1
9 15184 1
9 21841 2
9 9047 1
9 9044 4
9 21845 1
9 4438 2
9 2105 5
9 7224 1
9 22364 1
9 861 1
9 13787 1
9 8421 1
9 1378 1
9 4965 1
9 13969 1
9 19816 1
9 7529 1
9 18919 3
9 16749 1
9 13679 7
9 10096 1
9 5489 1
9 8563 1
9 16702 1
9 12663 1
9 13849 1
9 22339 1
9 16260 1
9 19775 1
9 7550 2
9 9600 1
9 12673 1
9 15817 1
9 15339 1
9 1924 1
9 14742 1
9 13846 1
9 748 1
9 1547 1
9 9069 5
9 834 1
9 17806 1
9 17901 1
9 4496 3
9 4498 1
9 20803 1
9 18051 1
9 7406 1
9 10646 1
9 15903 2
9 18841 1
9 18746 2
9 15774 3
9 17312 2
9 15777 2
9 15266 1
9 16804 3
9 20389 1
9 12713 2
9 16075 1
9 4679 1
9 9644 1
9 12717 1
9 1454 1
9 15432 1
9 19378 1
9 6067 1
9 7303 5
9 19527 1
9 4538 1
9 17339 1
9 19900 3
9 16831 1
9 22464 12
9 20384 3
9 11714 3
9 16837 1
9 14677 2
9 14753 1
9 21068 1
9 12746 1
9 4555 1
9 20429 1
9 6221 1
9 9167 1
9 15312 1
9 8636 1
9 13778 1
9 9171 2
9 9684 1
9 7637 1
9 8151 1
9 8152 1
9 15322 2
9 7842 1
9 10205 2
9 10206 1
9 5089 1
9 19939 1
9 4774 1
9 3047 1
9 8012 1
9 80 1
9 4263 2
9 16365 1
9 19094 1
9 7663 1
9 7664 1
9 7667 1
9 5623 1
9 7160 1
9 494 1
9 11771 1
9 16810 1
9 5118 5
9 15701 1
10 15874 1
10 7684 1
10 1544 1
10 21003 1
10 8706 1
10 1551 1
10 22032 4
10 7768 1
10 27 1
10 22557 1
10 15903 2
10 2596 1
10 1578 1
10 22571 1
10 1068 1
10 8749 1
10 22574 1
10 8236 1
10 12336 1
10 16434 1
10 564 1
10 3127 1
10 6718 1
10 12354 1
10 15432 1
10 15435 1
10 588 2
10 9293 1
10 12878 1
10 12880 2
10 21586 1
10 15444 1
10 7765 1
10 19544 1
10 6751 1
10 4112 1
10 13412 1
10 16998 1
10 5742 1
10 14970 1
10 16831 1
10 3711 1
10 15488 1
10 14985 1
10 13963 1
10 13969 2
10 3220 1
10 16021 1
10 17048 1
10 6809 2
10 16544 1
10 4257 1
10 4263 1
10 680 1
10 11435 1
10 22188 1
10 9901 1
10 15534 1
10 6326 1
10 12471 2
10 2745 1
10 19133 2
10 6337 1
10 11979 1
10 13516 1
10 20686 1
10 14033 1
10 8406 1
10 22232 1
10 18144 1
10 14051 1
10 8421 1
10 745 1
10 4417 1
10 15609 1
10 17148 1
10 18686 1
10 14592 1
10 5760 1
10 4868 3
10 18185 1
10 16138 1
10 4364 3
10 18191 1
10 7952 1
10 2834 1
10 16661 1
10 16662 2
10 15128 1
10 6938 1
10 16673 1
10 13090 1
10 17188 1
10 16677 1
10 16166 1
10 5927 1
10 2348 1
10 18222 1
10 21295 1
10 8502 1
10 12852 1
10 20794 1
10 12609 1
10 55 1
10 12076 1
10 12625 3
10 4434 1
10 9043 1
10 14677 1
10 4438 2
10 9047 1
10 11101 1
10 1580 1
10 17041 1
10 3217 1
10 5994 1
10 9069 2
10 14703 1
10 8569 1
10 4776 1
10 12670 1
10 1408 1
10 12164 1
10 13121 1
10 15752 1
10 4491 1
10 6540 1
10 13712 1
10 20882 1
10 13723 1
10 16799 1
10 20384 1
10 16294 1
10 9644 1
10 1965 1
10 4529 1
10 21950 1
10 14783 1
10 22464 3
10 11714 3
10 12746 1
10 16887 1
10 9167 2
10 4049 1
10 4053 1
10 10206 2
10 8167 1
10 4592 1
10 8177 1
10 3058 1
10 18420 1
10 5623 1
10 11771 1
10 18005 1
11 12288 3
11 7168 1
11 19460 1
11 16902 1
11 1544 1
11 11787 1
11 2063 1
11 22032 2
11 15890 1
11 7699 1
11 22551 1
11 10265 1
11 9245 1
11 15903 1
11 3620 1
11 18182 1
11 22571 1
11 16430 2
11 16431 1
11 22024 1
11 16946 1
11 1076 1
11 16951 1
11 8250 1
11 13887 2
11 16961 1
11 7236 1
11 12357 1
11 588 1
11 7010 2
11 595 1
11 7764 1
11 18005 3
11 1465 2
11 3674 1
11 16998 3
11 11708 1
11 14448 1
11 13937 1
11 16915 1
11 13428 3
11 632 1
11 21627 1
11 20604 1
11 19582 1
11 6787 1
11 13444 1
11 14469 1
11 6790 1
11 14473 1
11 12426 1
11 7319 1
11 6809 1
11 15514 1
11 11931 1
11 1818 1
11 21617 1
11 17066 2
11 6345 1
11 21689 1
11 19133 1
11 15554 1
11 19660 1
11 16586 2
11 6076 1
11 16588 2
11 4303 1
11 19668 1
11 4314 1
11 10975 1
11 19180 2
11 14574 1
11 19184 1
11 1266 1
11 7380 1
11 1408 2
11 19718 1
11 14088 1
11 18185 1
11 4364 1
11 5389 1
11 15119 1
11 2832 1
11 4884 1
11 18197 1
11 16662 1
11 6938 1
11 8988 1
11 646 1
11 12585 1
11 7471 1
11 1841 1
11 1844 1
11 5433 2
11 15674 1
11 15676 1
11 3392 1
11 4417 1
11 8514 1
11 22340 1
11 17975 1
11 6989 1
11 3408 1
11 12625 2
11 4438 1
11 21305 1
11 2914 2
11 15216 1
11 12663 2
11 19348 1
11 17275 1
11 8064 1
11 9536 1
11 3461 1
11 16774 1
11 12176 1
11 10644 1
11 7573 1
11 4509 2
11 20384 3
11 22433 1
11 15266 2
11 13222 1
11 2873 1
11 9644 1
11 19186 1
11 1459 1
11 9652 1
11 11193 1
11 1466 2
11 18364 2
11 9662 1
11 7584 1
11 13255 1
11 19401 1
11 11723 1
11 7117 1
11 9167 1
11 10205 1
11 10206 1
11 15184 1
11 18404 1
11 492 1
11 3058 1
11 4691 1
11 16373 1
11 5623 1
11 4601 1
12 19456 1
12 1280 1
12 19460 1
12 4438 1
12 16902 1
12 13834 1
12 9227 1
12 5133 1
12 16911 1
12 19473 1
12 2578 1
12 8214 2
12 22551 1
12 7684 1
12 7707 1
12 19290 1
12 15903 1
12 3619 1
12 3621 1
12 11815 1
12 11817 1
12 564 1
12 7736 1
12 18492 1
12 13885 1
12 13887 4
12 12361 1
12 15227 1
12 21068 1
12 12301 1
12 21586 1
12 13398 1
12 602 1
12 16998 1
12 9831 1
12 18023 1
12 4716 1
12 13937 1
12 21619 1
12 1141 1
12 10365 1
12 6080 1
12 12930 1
12 13963 1
12 7618 1
12 13969 1
12 21652 1
12 15556 1
12 20638 1
12 2207 2
12 20649 1
12 17066 2
12 22188 2
12 14509 1
12 22557 1
12 4277 1
12 20662 1
12 12471 1
12 19186 1
12 7867 1
12 8892 1
12 14016 2
12 11723 1
12 9924 1
12 13772 1
12 13515 1
12 3788 1
12 8912 1
12 17621 1
12 22232 1
12 4831 2
12 21968 1
12 21847 1
12 13027 1
12 7397 1
12 17207 1
12 1256 1
12 21227 1
12 16114 1
12 764 1
12 19712 1
12 7938 1
12 19715 1
12 4868 1
12 18185 1
12 8973 2
12 2834 1
12 5909 1
12 2841 2
12 795 1
12 8992 1
12 13089 1
12 1827 1
12 13069 1
12 9003 1
12 7471 1
12 7475 1
12 16695 1
12 1076 1
12 13114 1
12 19775 1
12 3392 1
12 833 1
12 19595 1
12 329 1
12 20299 1
12 12625 1
12 20818 1
12 11092 1
12 16726 1
12 9047 1
12 21849 1
12 8026 2
12 12602 1
12 12325 2
12 22368 1
12 22369 1
12 7010 1
12 19816 1
12 15723 1
12 14703 1
12 15216 1
12 16301 1
12 4980 2
12 3961 1
12 7487 1
12 14716 1
12 1917 1
12 8064 1
12 13699 1
12 3980 1
12 17810 1
12 917 1
12 14743 1
12 12188 1
12 12189 1
12 20384 1
12 9527 1
12 8618 1
12 12018 1
12 8623 1
12 18352 1
12 435 1
12 7608 1
12 956 1
12 22463 1
12 13760 1
12 11714 1
12 7686 1
12 13252 1
12 13255 1
12 12746 2
12 5623 3
12 7628 1
12 14592 1
12 9167 2
12 3536 1
12 9170 2
12 979 1
12 9684 1
12 7637 1
12 2525 1
12 12255 1
12 19938 1
12 14325 1
12 14327 1
12 11771 1
13 4603 1
13 12288 1
13 19555 1
13 19845 1
13 22032 1
13 2397 1
13 1369 1
13 10264 1
13 13849 1
13 4123 1
13 4637 1
13 17438 1
13 18975 1
13 8744 1
13 3629 1
13 861 1
13 11832 1
13 3643 1
13 13884 1
13 9398 1
13 17484 1
13 13389 1
13 592 1
13 10834 1
13 20579 1
13 6741 1
13 13400 1
13 2235 1
13 19900 2
13 13418 1
13 21613 1
13 14449 1
13 22133 1
13 10857 1
13 3201 1
13 6786 1
13 6788 1
13 5765 1
13 5119 1
13 18570 1
13 1163 1
13 3217 1
13 6291 1
13 21140 1
13 8342 1
13 17945 1
13 14488 1
13 17435 1
13 5489 1
13 13493 1
13 22198 1
13 1719 1
13 6943 1
13 19133 2
13 7870 1
13 20167 1
13 16075 1
13 13516 1
13 4304 1
13 9425 1
13 13425 1
13 13026 1
13 19172 1
13 7889 1
13 744 1
13 9453 1
13 16639 1
13 2307 1
13 4868 1
13 1798 1
13 17671 1
13 4364 2
13 15119 1
13 10515 1
13 16661 1
13 11039 1
13 5409 1
13 7471 1
13 1844 1
13 19766 1
13 20794 1
13 13445 1
13 15170 1
13 13963 1
13 5960 1
13 8013 1
13 12625 1
13 4438 1
13 21849 1
13 858 1
13 8539 1
13 12602 1
13 7010 1
13 3943 1
13 19816 1
13 9069 3
13 11632 1
13 13681 2
13 8568 2
13 12665 1
13 8062 1
13 1410 1
13 20357 1
13 15751 1
13 8079 1
13 4496 1
13 11665 2
13 917 1
13 2673 1
13 15903 1
13 7579 1
13 12188 1
13 20384 1
13 15266 1
13 22437 1
13 22442 1
13 1465 1
13 8636 1
13 7103 1
13 22464 1
13 11714 1
13 10500 1
13 17485 1
13 9172 1
13 2525 1
13 6622 1
13 507 1
13 16366 1
13 16882 1
13 3060 1
13 12279 1
13 5625 1
13 11771 1
13 20991 1
14 11264 1
14 19460 1
14 16902 1
14 16544 1
14 19464 1
14 18955 1
14 4110 1
14 22032 2
14 18686 1
14 15534 1
14 12825 2
14 22557 1
14 15903 1
14 18267 1
14 2596 1
14 3621 1
14 11817 1
14 3627 1
14 4653 1
14 16430 1
14 8753 2
14 13078 1
14 16435 1
14 22581 1
14 4276 1
14 13884 1
14 1599 1
14 17984 1
14 20547 2
14 3652 2
14 4278 1
14 11846 1
14 7777 1
14 15432 1
14 11851 1
14 4418 1
14 13389 1
14 11854 1
14 591 1
14 21586 1
14 10254 1
14 13398 2
14 14423 1
14 9816 1
14 15449 1
14 10938 1
14 19550 1
14 10337 1
14 6242 1
14 3171 1
14 2661 1
14 12390 2
14 18364 1
14 19900 1
14 21613 1
14 14448 1
14 625 1
14 6770 1
14 15486 1
14 18197 1
14 13440 1
14 3201 1
14 14469 1
14 16833 1
14 13963 3
14 8332 2
14 17203 1
14 1167 3
14 7550 1
14 2706 1
14 2243 1
14 17046 1
14 663 1
14 14488 1
14 19098 1
14 11931 1
14 11461 1
14 18592 1
14 13475 1
14 4263 2
14 6824 1
14 11434 1
14 22188 2
14 3758 1
14 12466 1
14 19124 5
14 16054 1
14 12471 1
14 3258 1
14 2235 1
14 21692 1
14 19133 1
14 4831 1
14 14583 1
14 14016 1
14 16577 1
14 19651 1
14 20165 1
14 17606 1
14 20168 1
14 5675 1
14 13516 1
14 718 1
14 4303 2
14 20179 1
14 9810 1
14 12501 1
14 1751 1
14 11471 1
14 10407 1
14 8927 1
14 8421 1
14 6375 1
14 745 1
14 7915 1
14 22252 1
14 20722 1
14 6900 2
14 12670 1
14 22262 1
14 13937 2
14 20593 1
14 17659 3
14 1278 1
14 14592 1
14 14081 1
14 4867 1
14 4868 3
14 4356 1
14 7553 1
14 18700 1
14 2873 1
14 10510 1
14 3629 1
14 6419 1
14 4884 1
14 4654 1
14 16662 1
14 2839 1
14 797 1
14 20255 1
14 4385 1
14 8892 1
14 17188 1
14 19238 1
14 5929 1
14 14386 1
14 18222 1
14 1841 1
14 16691 1
14 9526 1
14 10121 1
14 21305 1
14 10975 2
14 12604 1
14 13445 1
14 4417 1
14 2370 1
14 8515 1
14 12103 1
14 20299 1
14 8013 2
14 15184 2
14 4433 1
14 5970 1
14 4438 1
14 12089 1
14 2394 1
14 5775 1
14 4960 2
14 22369 2
14 2245 1
14 10555 2
14 20332 1
14 9069 6
14 1410 1
14 11632 1
14 21876 1
14 14709 1
14 12151 1
14 9593 1
14 11708 3
14 8062 1
14 8063 1
14 12673 1
14 12162 1
14 12678 2
14 1415 1
14 17801 1
14 5005 1
14 4496 1
14 16280 1
14 7570 1
14 4419 1
14 918 1
14 3991 2
14 14232 1
14 18841 1
14 16193 1
14 20384 1
14 14753 1
14 19363 1
14 15268 1
14 20389 1
14 20882 1
14 20151 1
14 12216 1
14 4537 1
14 11196 2
14 22463 1
14 4032 1
14 4000 1
14 1099 1
14 6902 1
14 13255 1
14 588 1
14 7115 1
14 14286 1
14 9167 2
14 13776 1
14 9171 2
14 9684 2
14 12878 1
14 10206 1
14 2527 1
14 17376 1
14 3042 1
14 6989 1
14 3047 1
14 20939 1
14 15442 1
14 13295 1
14 11760 1
14 15857 2
14 1013 1
14 4599 1
14 5629 1
14 5118 3
15 4868 1
15 2834 1
15 8086 1
15 5764 1
15 21276 1
15 20255 1
15 4385 1
15 4263 1
15 11817 1
15 20914 1
15 12604 1
15 15809 1
15 15432 1
15 17229 1
15 8013 1
15 4438 1
15 9167 1
15 10972 1
15 8797 1
15 10857 1
15 4601 1
15 6652 1
15 8062 1
