1 21632 1
1 12673 1
1 20587 1
1 13445 1
1 775 1
1 1160 1
1 4364 3
1 12625 1
1 8079 1
1 4496 2
1 17041 1
1 10644 1
1 18197 1
1 8988 1
1 15903 1
1 11428 1
1 15808 1
1 1705 1
1 17066 1
1 4359 1
1 8236 2
1 3629 1
1 3758 1
1 21295 1
1 15273 1
1 9152 1
1 19124 1
1 16054 1
1 21305 2
1 12602 1
1 9887 2
1 18108 2
1 19133 2
1 4032 1
1 12354 1
1 5443 1
1 13127 1
1 5321 1
1 5637 1
1 14592 1
1 3408 1
1 7633 1
1 21586 1
1 4692 1
1 4438 2
1 4601 1
1 15448 2
1 22234 1
1 18267 2
1 13776 1
1 6075 1
1 16775 1
1 3173 1
1 13159 1
1 7144 1
1 16430 1
1 16366 1
1 21615 1
1 7664 1
1 744 1
1 16243 1
1 14751 1
1 1269 1
1 15863 1
1 17016 2
1 12153 1
1 8449 1
1 6652 1
1 15231 1
2 22464 2
2 7147 1
2 4612 1
2 20230 1
2 1545 1
2 14475 2
2 17218 2
2 16679 1
2 17424 1
2 17041 1
2 20882 1
2 4115 1
2 21141 1
2 13846 1
2 2839 3
2 6809 1
2 14618 1
2 13212 1
2 18128 1
2 4691 1
2 4896 1
2 14448 2
2 18921 1
2 10452 1
2 7110 1
2 13478 1
2 7463 1
2 1757 1
2 7600 1
2 15432 2
2 13841 1
2 13493 1
2 16054 1
2 21443 1
2 21305 2
2 19258 1
2 4668 3
2 19133 3
2 3647 2
2 8512 1
2 4868 1
2 1758 1
2 4235 2
2 7236 1
2 3910 1
2 12360 1
2 1482 1
2 16588 1
2 9167 3
2 22224 1
2 16817 1
2 21586 1
2 6483 2
2 3796 1
2 20695 1
2 11992 1
2 89 1
2 13514 1
2 8541 1
2 10206 1
2 10975 1
2 13537 1
2 8421 1
2 7313 1
2 21097 2
2 17387 1
2 20168 1
2 9069 1
2 13779 1
2 21613 1
2 9072 1
2 4415 1
2 6770 1
2 4819 1
2 1140 5
2 1918 1
2 246 1
2 7785 1
2 3321 5
2 20219 1
2 7601 1
2 8797 1
2 16661 1
3 12288 1
3 19460 2
3 7686 1
3 11275 1
3 6668 1
3 4623 1
3 17424 2
3 9234 1
3 13331 1
3 2071 3
3 17435 1
3 5150 1
3 6687 1
3 12322 1
3 7218 1
3 8764 1
3 7236 1
3 15432 1
3 9807 1
3 21586 1
3 7765 1
3 602 1
3 13404 1
3 11870 1
3 7778 1
3 19559 1
3 21097 1
3 21102 2
3 14448 3
3 6770 1
3 1140 3
3 1141 1
3 3702 1
3 15479 1
3 5246 1
3 4225 1
3 12930 1
3 16010 1
3 15499 1
3 10862 1
3 20126 1
3 2207 1
3 13477 1
3 9901 1
3 10928 1
3 19124 3
3 1719 1
3 4795 2
3 19133 3
3 7870 1
3 2239 1
3 1654 1
3 6342 1
3 20690 1
3 4819 1
3 3796 1
3 20695 1
3 4319 1
3 13537 1
3 4902 1
3 7400 1
3 12013 1
3 10878 1
3 3321 3
3 22267 1
3 2327 1
3 8449 1
3 4868 1
3 17170 1
3 16662 1
3 2839 3
3 2841 2
3 797 1
3 4897 1
3 17188 1
3 5925 1
3 19238 1
3 16679 1
3 20639 1
3 21305 2
3 19258 2
3 8507 1
3 6461 2
3 13630 1
3 16195 1
3 3911 1
3 4433 1
3 11604 1
3 1369 1
3 14686 1
3 15202 1
3 4668 2
3 9069 1
3 9072 1
3 12147 1
3 20343 1
3 1918 1
3 21889 1
3 1410 1
3 1412 1
3 9093 1
3 16775 1
3 7568 1
3 20882 1
3 408 1
3 13212 1
3 4509 2
3 9645 1
3 18863 1
3 7600 1
3 18865 1
3 4020 1
3 12426 1
3 6075 1
3 11708 1
3 9167 3
3 4560 1
3 11226 1
3 10204 1
3 17387 1
3 3060 1
3 4602 1
3 13821 1
3 18005 1
4 21003 1
4 4623 1
4 13841 1
4 17428 1
4 16920 1
4 17435 2
4 15903 1
4 16417 1
4 22571 1
4 8236 1
4 8749 1
4 4655 1
4 7217 1
4 12341 1
4 6715 1
4 4668 1
4 3652 1
4 16968 1
4 16969 1
4 15434 1
4 588 1
4 12878 1
4 11858 1
4 19556 1
4 19559 1
4 7785 1
4 19562 1
4 14448 2
4 13937 1
4 1140 2
4 1141 2
4 15479 4
4 15499 1
4 14488 1
4 1761 1
4 11422 1
4 1711 1
4 21172 1
4 1206 1
4 20155 1
4 19133 3
4 4289 1
4 11461 1
4 20690 1
4 4819 2
4 3796 8
4 14046 1
4 4831 1
4 13537 2
4 10978 1
4 10467 3
4 22252 2
4 20721 2
4 3321 3
4 14595 1
4 4868 1
4 1798 1
4 7432 1
4 2839 6
4 15128 2
4 16679 1
4 5929 1
4 8502 1
4 21305 1
4 20284 1
4 3905 1
4 2273 1
4 15177 1
4 5456 1
4 854 1
4 13657 1
4 18784 1
4 22369 1
4 15209 2
4 362 1
4 15216 1
4 5493 1
4 20343 1
4 8569 1
4 8571 1
4 1917 1
4 13697 1
4 1410 1
4 15339 1
4 14725 1
4 16774 1
4 13212 4
4 20384 2
4 4518 1
4 18862 1
4 7600 1
4 16817 1
4 1459 1
4 7605 1
4 17737 1
4 16314 1
4 18876 4
4 17350 1
4 7112 1
4 11721 1
4 9167 6
4 15829 1
4 16870 1
4 17387 2
4 11760 1
4 1012 1
4 16373 1
5 4610 1
5 13832 1
5 11275 1
5 3084 1
5 4623 1
5 17424 1
5 16915 1
5 2071 1
5 18975 1
5 9761 1
5 7218 1
5 567 1
5 4668 4
5 11328 1
5 7237 1
5 588 1
5 9807 2
5 21586 1
5 11870 1
5 16995 1
5 21613 1
5 21102 1
5 5232 1
5 6770 1
5 1140 2
5 1141 1
5 1655 1
5 11902 1
5 3201 1
5 13961 1
5 4238 1
5 2207 1
5 1392 1
5 11434 1
5 22188 1
5 19124 2
5 1719 1
5 19133 3
5 6342 1
5 4819 1
5 20695 2
5 13537 1
5 7400 1
5 12013 1
5 3321 3
5 20234 1
5 7952 1
5 17170 1
5 11027 1
5 2839 3
5 2841 2
5 818 1
5 21305 2
5 19258 1
5 3905 1
5 16195 1
5 3909 1
5 328 1
5 3408 1
5 15185 1
5 22357 1
5 4438 1
5 16226 1
5 355 1
5 15209 1
5 15210 1
5 9069 5
5 9072 2
5 2416 1
5 20343 1
5 12670 1
5 9600 1
5 16775 1
5 4493 1
5 20882 1
5 3395 1
5 16789 1
5 4509 1
5 20384 1
5 15801 1
5 14797 1
5 9167 4
5 13778 1
5 10204 1
5 17387 1
5 10225 1
5 3058 1
5 502 1
5 17066 1
6 19460 1
6 6149 1
6 11275 1
6 2071 2
6 17435 5
6 11292 1
6 18975 1
6 15392 1
6 16419 1
6 3621 1
6 22571 1
6 10798 1
6 12852 1
6 12341 1
6 4668 1
6 4157 1
6 1076 1
6 1092 1
6 19525 1
6 609 1
6 15434 1
6 1378 1
6 13398 1
6 8797 1
6 1759 1
6 7777 1
6 16997 1
6 700 1
6 9836 1
6 21613 1
6 5232 2
6 13937 1
6 6770 1
6 3260 1
6 1140 2
6 1141 1
6 14456 1
6 14969 1
6 18042 1
6 15210 1
6 1152 1
6 1984 1
6 5764 1
6 5765 1
6 4231 1
6 649 1
6 18058 1
6 14475 1
6 6809 1
6 2207 1
6 673 1
6 14498 1
6 9755 1
6 22188 1
6 16049 1
6 4787 1
6 1716 1
6 12471 1
6 8892 1
6 19133 5
6 11461 1
6 10454 1
6 20695 6
6 10972 1
6 7903 1
6 10467 1
6 19172 1
6 1766 1
6 8935 1
6 7400 1
6 5353 1
6 12010 1
6 12013 1
6 11601 1
6 13040 1
6 3321 3
6 18174 1
6 17151 1
6 7432 1
6 20234 1
6 1751 1
6 19726 1
6 20242 1
6 4884 1
6 4654 1
6 2839 3
6 2841 3
6 14618 1
6 19238 2
6 5929 1
6 15751 1
6 11566 1
6 21305 4
6 19258 1
6 15583 1
6 3913 1
6 4941 1
6 4432 1
6 12625 2
6 21845 1
6 4438 1
6 9047 1
6 15199 1
6 14176 1
6 7010 1
6 19771 1
6 18793 1
6 10602 1
6 10603 1
6 9069 6
6 9072 1
6 17790 1
6 12163 1
6 16260 1
6 4486 1
6 16775 1
6 20366 1
6 20882 2
6 7579 1
6 13212 1
6 4509 1
6 16301 1
6 4032 1
6 11714 1
6 10190 1
6 9167 3
6 13778 1
6 15829 1
6 4581 1
6 15185 1
6 12779 1
6 13809 1
6 5618 1
6 4601 1
6 16890 1
7 19460 2
7 6149 1
7 17424 2
7 22032 3
7 13841 1
7 18862 1
7 17943 1
7 13848 1
7 17435 2
7 9245 1
7 1568 1
7 13963 1
7 3621 1
7 20519 1
7 3629 1
7 9777 1
7 12341 1
7 7223 1
7 21055 1
7 8257 1
7 12354 1
7 19553 1
7 20556 1
7 13389 1
7 15441 1
7 13398 1
7 5207 1
7 603 1
7 8797 1
7 18529 1
7 2322 2
7 21615 1
7 13937 1
7 15987 1
7 21124 1
7 6791 1
7 1673 1
7 6282 1
7 1163 1
7 11918 1
7 16493 1
7 3217 1
7 9875 1
7 1305 1
7 6809 2
7 539 1
7 10337 1
7 22188 1
7 9901 1
7 19133 5
7 13508 3
7 11461 1
7 20167 1
7 20168 1
7 4303 1
7 20690 1
7 20695 1
7 10972 1
7 10976 1
7 17637 1
7 18174 1
7 11008 1
7 4867 1
7 18185 1
7 20234 1
7 10510 2
7 15119 1
7 7952 1
7 17170 1
7 8301 1
7 2839 2
7 16665 1
7 18208 1
7 10531 1
7 20774 1
7 1833 1
7 2351 1
7 5936 1
7 21305 4
7 19770 1
7 831 1
7 17218 1
7 14475 1
7 17225 1
7 22071 1
7 12625 2
7 17242 1
7 18267 2
7 22369 1
7 20625 1
7 11121 1
7 12151 1
7 14717 1
7 13697 1
7 16774 1
7 16775 1
7 395 1
7 10128 1
7 13716 1
7 11672 1
7 6554 1
7 14752 1
7 1442 1
7 3492 1
7 15273 1
7 22442 1
7 9644 1
7 16301 1
7 15278 1
7 16304 1
7 9141 1
7 5051 1
7 11196 1
7 16831 1
7 20384 2
7 7110 1
7 588 1
7 7628 1
7 9167 3
7 7635 1
7 18911 1
7 11771 1
7 7655 1
7 10218 1
7 8683 1
7 7150 1
7 11762 1
7 4601 1
7 6651 1
7 6652 1
8 4608 1
8 14592 1
8 15874 1
8 9231 1
8 22032 6
8 15549 1
8 2578 2
8 16131 1
8 18455 1
8 1561 1
8 1564 2
8 18267 1
8 17959 1
8 1576 1
8 3627 1
8 3629 4
8 1280 2
8 5679 1
8 7216 2
8 9777 1
8 12852 1
8 18185 3
8 8250 1
8 8255 1
8 17984 1
8 1092 1
8 8033 1
8 15432 1
8 4169 1
8 588 1
8 13389 3
8 12878 1
8 15971 1
8 13398 2
8 602 1
8 1627 2
8 17424 1
8 9315 1
8 15979 1
8 11887 1
8 21617 1
8 4217 1
8 11902 1
8 7019 1
8 13963 1
8 9875 2
8 7319 1
8 6809 4
8 5793 1
8 18086 1
8 10407 1
8 15528 1
8 20649 1
8 20653 1
8 10928 1
8 19124 5
8 10938 1
8 15548 2
8 19133 5
8 22209 1
8 13507 1
8 13508 1
8 11461 2
8 20168 1
8 2763 1
8 12495 2
8 19238 1
8 11897 1
8 22232 1
8 10969 1
8 8415 1
8 8416 1
8 8418 1
8 17637 1
8 12518 1
8 17943 1
8 5353 1
8 12013 1
8 4335 1
8 13937 1
8 11008 1
8 8449 2
8 8451 1
8 4868 1
8 7432 1
8 20233 1
8 20234 1
8 17163 1
8 10510 1
8 15119 1
8 2322 3
8 2835 1
8 21781 3
8 21782 1
8 2839 1
8 16664 1
8 1818 1
8 17184 1
8 20774 2
8 7217 1
8 1833 1
8 21295 1
8 15666 1
8 9526 1
8 21305 5
8 7903 1
8 15676 1
8 1076 1
8 4414 2
8 6982 1
8 9033 1
8 18766 1
8 18767 1
8 18769 2
8 12625 1
8 15190 2
8 9047 1
8 17241 1
8 22363 1
8 8421 1
8 22368 2
8 22369 3
8 14699 1
8 14700 1
8 9069 1
8 2416 1
8 20343 2
8 16775 1
8 15754 2
8 8086 1
8 21657 1
8 11672 1
8 409 1
8 8607 1
8 19364 1
8 4006 1
8 15273 2
8 18865 1
8 7753 1
8 11192 1
8 9716 1
8 5051 2
8 18364 1
8 11709 1
8 3008 1
8 22467 1
8 10187 1
8 14798 3
8 9167 1
8 12766 1
8 19938 1
8 7163 2
8 12772 1
8 13287 3
8 15850 1
8 8683 1
8 13293 2
8 15855 1
8 11760 6
8 500 1
8 4601 1
8 11771 2
8 7164 1
9 9729 1
9 19460 2
9 8193 1
9 16905 1
9 11771 1
9 22551 1
9 16132 1
9 17435 2
9 602 1
9 6174 1
9 15903 3
9 5669 1
9 19494 1
9 11815 1
9 3626 1
9 1076 1
9 7224 1
9 11835 2
9 573 1
9 15935 1
9 1089 1
9 588 4
9 19810 1
9 12878 2
9 4689 1
9 21586 1
9 5722 1
9 18528 1
9 14437 1
9 21094 1
9 7783 1
9 16490 1
9 16491 1
9 16492 1
9 16493 2
9 10862 1
9 4723 1
9 1141 1
9 17014 1
9 633 1
9 15994 1
9 638 1
9 13951 1
9 11461 1
9 15491 1
9 14985 1
9 9354 1
9 14475 1
9 3636 1
9 4241 1
9 6292 1
9 19607 1
9 6809 2
9 14495 1
9 13316 1
9 10097 1
9 15528 1
9 7854 1
9 12975 1
9 21107 1
9 4277 1
9 12471 1
9 698 1
9 10939 1
9 19133 7
9 7870 1
9 2239 1
9 13508 1
9 20165 1
9 14024 1
9 6857 1
9 7397 1
9 15579 1
9 4218 1
9 15582 1
9 4831 3
9 14051 1
9 10469 1
9 22252 1
9 20717 1
9 19694 1
9 5876 1
9 4134 1
9 15199 1
9 8451 1
9 4868 1
9 19208 1
9 18185 2
9 20234 1
9 20331 1
9 19726 1
9 20242 1
9 2839 3
9 2841 6
9 8988 1
9 16223 1
9 20774 1
9 7463 1
9 1833 2
9 10205 1
9 12076 1
9 5934 1
9 7471 1
9 8705 1
9 7477 1
9 19766 1
9 16695 1
9 21305 7
9 12602 2
9 1852 1
9 11070 1
9 17740 1
9 9043 1
9 11604 1
9 6489 1
9 13658 1
9 861 2
9 18783 1
9 22368 1
9 22369 1
9 1378 1
9 5480 1
9 21353 1
9 999 1
9 9069 5
9 21870 1
9 2416 1
9 13681 1
9 21874 2
9 20343 1
9 12665 1
9 12666 1
9 1599 1
9 14716 1
9 1918 1
9 13701 1
9 13889 2
9 13887 3
9 7055 1
9 6554 1
9 15774 1
9 7447 1
9 1443 1
9 10661 1
9 2990 1
9 15791 1
9 18865 2
9 19382 1
9 1467 1
9 19901 1
9 22464 1
9 13763 1
9 7110 1
9 7111 1
9 10188 1
9 6093 1
9 9167 3
9 18851 1
9 9684 1
9 14807 1
9 6104 1
9 19421 1
9 19939 1
9 10725 1
9 13287 4
9 15850 1
9 494 1
9 15855 1
9 11760 6
9 17907 1
9 16375 1
9 15865 1
9 15866 1
9 7163 1
9 7166 1
10 12288 1
10 19460 2
10 9733 1
10 19464 1
10 18955 1
10 4110 1
10 17424 1
10 19478 1
10 13850 1
10 17435 2
10 4636 1
10 15903 1
10 8749 1
10 4654 1
10 16431 1
10 15920 1
10 7217 1
10 1590 1
10 16952 1
10 8761 1
10 9909 1
10 22082 1
10 3652 1
10 16054 1
10 16966 1
10 15432 2
10 588 1
10 13389 1
10 21586 1
10 5207 1
10 5210 1
10 20155 1
10 18022 1
10 7785 2
10 14448 1
10 5748 1
10 10360 1
10 21696 1
10 6281 1
10 3351 1
10 15213 1
10 3217 1
10 2706 1
10 3353 1
10 16030 1
10 2207 1
10 3232 1
10 10407 1
10 1716 1
10 4277 1
10 20150 1
10 3258 1
10 18463 1
10 19133 2
10 7870 1
10 14016 1
10 4385 1
10 20168 2
10 14028 1
10 17108 1
10 20695 1
10 8412 1
10 7396 1
10 8421 1
10 13040 1
10 12018 1
10 4868 1
10 2309 1
10 4364 2
10 15119 1
10 6417 1
10 17170 1
10 2839 3
10 2841 2
10 17185 1
10 10530 1
10 19238 1
10 20779 1
10 5935 1
10 1844 1
10 3894 1
10 21305 2
10 12602 1
10 16778 1
10 19782 1
10 17225 1
10 3408 1
10 21841 1
10 11603 1
10 4440 1
10 6149 1
10 15210 1
10 9069 1
10 9072 1
10 16241 1
10 12663 1
10 10105 1
10 5498 1
10 1917 1
10 5509 1
10 15754 1
10 1420 1
10 909 1
10 7055 1
10 20882 1
10 18841 1
10 20384 1
10 4002 1
10 10148 1
10 16301 2
10 16302 1
10 15800 1
10 3629 1
10 4030 1
10 22464 1
10 11714 1
10 9167 3
10 4049 1
10 4053 2
10 7638 1
10 10205 1
10 6622 1
10 22500 1
10 12778 1
10 4587 1
10 13821 1
10 4599 1
10 11771 1
10 15869 1
11 1280 1
11 3974 1
11 20103 1
11 11449 1
11 10 1
11 17163 1
11 13453 1
11 9069 1
11 7704 1
11 4115 1
11 1945 1
11 3992 1
11 2841 2
11 17435 1
11 284 1
11 8989 1
11 14495 1
11 4000 1
11 292 1
11 14489 1
11 17975 1
11 17067 1
11 22557 1
11 93 1
11 11570 1
11 20147 1
11 3991 1
11 8246 1
11 18185 1
11 13240 1
11 21305 4
11 1466 1
11 10939 1
11 18108 1
11 19133 4
11 12481 1
11 11714 1
11 4293 1
11 6809 1
11 3913 1
11 1482 1
11 4555 1
11 17485 2
11 22223 1
11 8685 1
11 8401 1
11 15971 1
11 10963 1
11 19257 1
11 13525 1
11 20695 2
11 5593 1
11 13658 2
11 3803 1
11 14970 1
11 19515 1
11 7016 1
11 4668 1
11 15979 1
11 5246 1
11 22551 1
11 5232 1
11 13425 1
11 13682 2
11 5843 1
11 1141 2
11 13937 1
11 12852 1
11 11641 1
11 15866 2
11 11771 1
11 17148 1
11 1918 1
11 14037 1
12 12288 1
12 19460 1
12 15369 1
12 13834 2
12 17424 2
12 19473 1
12 19476 2
12 19478 1
12 17943 2
12 16414 1
12 15903 1
12 15392 1
12 2083 1
12 7717 1
12 20010 1
12 22571 1
12 18476 1
12 8749 1
12 7432 1
12 5682 1
12 11827 1
12 12341 1
12 4668 2
12 1092 2
12 15432 1
12 588 1
12 17997 1
12 21586 1
12 13398 4
12 9816 1
12 1626 1
12 13404 1
12 22032 1
12 22119 2
12 18364 1
12 3182 1
12 11887 1
12 13425 2
12 6770 1
12 1147 1
12 19582 1
12 13951 1
12 15491 1
12 1167 1
12 13969 1
12 14500 1
12 13937 1
12 13255 1
12 15532 1
12 3758 1
12 12471 1
12 18108 1
12 19133 5
12 2239 1
12 15556 1
12 20343 1
12 718 1
12 20687 1
12 16592 1
12 12501 1
12 20695 1
12 10975 1
12 5838 1
12 8421 1
12 3820 1
12 22262 1
12 14583 3
12 17148 1
12 11477 1
12 11008 1
12 1281 1
12 14088 1
12 4364 1
12 21782 1
12 15268 1
12 10531 1
12 19238 1
12 10032 1
12 1844 1
12 21305 4
12 12602 1
12 17973 1
12 8512 1
12 3398 1
12 16804 1
12 7502 1
12 12625 2
12 21332 1
12 4440 1
12 18267 1
12 9069 1
12 15215 1
12 6000 1
12 14709 1
12 12151 2
12 17291 1
12 3991 1
12 18841 1
12 20384 1
12 4516 1
12 16806 1
12 12712 1
12 22442 1
12 5551 2
12 8636 1
12 16831 1
12 8641 1
12 11714 1
12 7109 1
12 4550 1
12 7111 1
12 20727 3
12 10190 1
12 9167 2
12 10200 1
12 5593 1
12 8667 1
12 6623 1
12 9697 1
12 20452 2
12 21617 1
12 10219 1
12 2130 1
12 10222 1
12 11760 1
12 3058 1
12 4599 1
12 4601 1
12 6652 1
13 12288 2
13 19460 1
13 22188 1
13 2063 1
13 17424 5
13 19476 2
13 10264 1
13 1048 1
13 7684 1
13 2083 4
13 20010 1
13 10803 1
13 1590 1
13 13880 1
13 4668 3
13 12354 1
13 3139 1
13 17996 1
13 2130 1
13 7764 1
13 7765 1
13 11193 1
13 13404 1
13 15971 1
13 18022 1
13 4199 1
13 14448 1
13 13937 1
13 10360 1
13 17017 1
13 7806 1
13 14469 1
13 1163 2
13 7820 1
13 11918 1
13 5264 1
13 19480 1
13 3220 1
13 12446 1
13 11937 1
13 19619 1
13 13425 2
13 1705 1
13 15532 1
13 9901 1
13 16049 2
13 10931 1
13 1719 1
13 20155 1
13 19133 4
13 14583 1
13 4555 1
13 13516 1
13 12501 1
13 8569 1
13 10973 1
13 14046 1
13 805 1
13 6372 1
13 10469 1
13 2279 1
13 5356 1
13 22258 1
13 17143 1
13 3832 1
13 3835 1
13 11008 1
13 7432 1
13 17681 1
13 17170 1
13 22297 1
13 2331 2
13 5925 1
13 19238 2
13 21305 3
13 12602 1
13 8513 1
13 7502 1
13 4438 1
13 4442 1
13 18267 2
13 15205 1
13 2407 1
13 364 1
13 18287 1
13 9072 3
13 13681 1
13 16243 1
13 16759 1
13 12153 1
13 20625 1
13 748 1
13 3991 2
13 3992 1
13 18841 6
13 15770 1
13 3995 1
13 20384 1
13 15777 3
13 15266 2
13 9637 1
13 15273 1
13 11178 1
13 11181 1
13 4019 1
13 16308 1
13 16372 1
13 8636 2
13 22464 1
13 8641 2
13 4041 1
13 20727 1
13 460 1
13 9167 1
13 467 1
13 5593 4
13 6623 4
13 19938 1
13 7150 1
13 4080 1
13 14324 1
13 13813 1
13 502 1
13 4087 1
13 5716 1
14 14649 1
14 11777 1
14 18818 1
14 19460 3
14 6149 1
14 12673 1
14 15754 1
14 4235 1
14 4364 1
14 7952 1
14 17169 1
14 20882 1
14 659 1
14 18222 1
14 2327 1
14 4868 1
14 17435 1
14 9244 1
14 22557 1
14 8607 1
14 800 1
14 8611 1
14 6694 1
14 16049 2
14 4520 2
14 17067 1
14 9644 1
14 9645 1
14 6446 1
14 16431 1
14 8753 1
14 11570 1
14 1844 1
14 9141 1
14 1590 1
14 19640 1
14 1716 1
14 15903 1
14 19133 2
14 1792 1
14 1076 1
14 14016 1
14 18208 1
14 11714 1
14 14489 1
14 16374 1
14 13255 1
14 15432 1
14 17737 1
14 6090 1
14 12625 1
14 8660 1
14 21845 1
14 9174 1
14 21305 2
14 5593 1
14 18267 1
14 10973 1
14 1375 1
14 18528 1
14 13412 1
14 16775 1
14 18022 1
14 5841 1
14 1256 1
14 8683 1
14 9069 1
14 1917 1
14 9072 2
14 3058 1
14 1141 1
14 18166 1
14 15479 1
14 4601 1
14 17788 1
14 17789 1
14 17790 1
14 7637 1
15 12288 2
15 15874 1
15 16901 1
15 11273 1
15 4107 1
15 13848 1
15 11293 1
15 1712 1
15 22571 1
15 3629 2
15 17968 1
15 1076 1
15 22069 1
15 12342 1
15 13887 1
15 3650 2
15 16651 1
15 588 1
15 83 1
15 21606 1
15 9831 1
15 18876 3
15 18028 1
15 11887 1
15 1650 1
15 16504 1
15 15491 1
15 9351 1
15 14475 1
15 4237 1
15 1167 1
15 3217 1
15 18068 1
15 6811 1
15 6816 1
15 19619 1
15 5808 1
15 4276 1
15 7862 1
15 5820 1
15 19133 2
15 22220 1
15 10444 1
15 10449 1
15 15580 1
15 7903 1
15 9964 1
15 19183 2
15 22258 1
15 14583 1
15 5368 2
15 14081 1
15 14595 1
15 2309 1
15 20232 1
15 3339 1
15 19737 1
15 18209 1
15 9506 1
15 8892 1
15 19238 1
15 10631 1
15 12589 1
15 5935 1
15 15666 1
15 1844 1
15 21305 2
15 10046 1
15 4417 1
15 18571 1
15 1590 1
15 328 1
15 15705 1
15 18267 1
15 2914 1
15 6500 1
15 13161 1
15 9069 3
15 886 1
15 1599 1
15 17788 1
15 1918 1
15 18818 1
15 14725 2
15 16775 1
15 21905 1
15 6043 1
15 12188 1
15 18955 1
15 14754 1
15 16539 1
15 6058 1
15 16301 1
15 2480 1
15 8636 1
15 18882 2
15 17353 1
15 5069 2
15 8666 1
15 6622 1
15 10208 1
15 10727 1
15 22508 1
15 14324 1
15 501 1
15 16374 1
15 4603 1
15 6652 1
16 12288 2
16 11008 1
16 11267 1
16 16390 1
16 1545 1
16 13834 1
16 15887 1
16 18453 1
16 12823 2
16 1048 1
16 13849 1
16 17435 1
16 20000 1
16 16419 1
16 8741 1
16 3629 3
16 1076 1
16 16952 1
16 11444 1
16 4668 2
16 4670 1
16 3652 1
16 18505 1
16 10423 1
16 15534 1
16 4111 1
16 93 1
16 18528 1
16 19553 1
16 21608 1
16 18108 1
16 19056 1
16 9832 1
16 6770 1
16 1141 1
16 10876 1
16 18197 1
16 1160 1
16 18569 1
16 11714 1
16 9069 5
16 17041 2
16 17046 1
16 16539 1
16 14448 1
16 13475 1
16 4263 1
16 14509 1
16 13486 1
16 19124 2
16 12471 1
16 15548 1
16 19133 3
16 718 1
16 11471 1
16 14033 1
16 20690 1
16 6355 1
16 11479 1
16 8412 1
16 7903 1
16 13537 3
16 5347 1
16 17637 1
16 13425 2
16 11007 1
16 14592 1
16 4992 1
16 21251 1
16 4868 1
16 20695 2
16 4364 1
16 11024 1
16 16661 1
16 15128 1
16 14618 1
16 8988 1
16 797 1
16 17185 1
16 9514 1
16 11570 3
16 11059 1
16 15497 1
16 21305 2
16 19770 1
16 12604 1
16 16195 1
16 21324 1
16 17229 1
16 12625 1
16 4438 1
16 9047 2
16 4440 1
16 6489 1
16 2394 1
16 1371 1
16 1374 1
16 1378 1
16 20333 1
16 20343 1
16 18816 1
16 12673 1
16 4484 1
16 16775 1
16 15754 1
16 11662 1
16 7055 2
16 20882 1
16 3475 1
16 3991 2
16 3992 1
16 925 1
16 20384 1
16 15266 1
16 419 1
16 19367 1
16 11187 1
16 12212 1
16 13245 1
16 449 1
16 16322 1
16 4547 1
16 11724 1
16 17360 1
16 13778 1
16 14807 1
16 11737 1
16 6622 1
16 10723 1
16 13799 1
16 8685 2
16 3055 1
16 13809 1
16 3058 1
16 11765 1
16 505 1
17 12288 2
17 834 1
17 7684 2
17 14725 2
17 16519 1
17 21768 1
17 17162 1
17 16834 1
17 2063 1
17 1168 2
17 17169 1
17 7570 1
17 22551 3
17 1305 1
17 1947 1
17 7069 1
17 16030 1
17 15903 3
17 15393 1
17 16035 1
17 18852 1
17 8236 1
17 8238 3
17 11444 1
17 5301 2
17 11449 1
17 19132 1
17 19520 1
17 11714 2
17 15432 1
17 20429 1
17 20686 3
17 20303 1
17 10360 1
17 19619 1
17 18005 1
17 1167 1
17 10972 1
17 94 2
17 2273 1
17 1380 1
17 16998 1
17 16363 4
17 7409 1
17 1266 1
17 20343 1
17 14584 2
17 505 1
17 5119 1
17 12799 1
18 12288 1
18 7684 4
18 20103 1
18 20232 1
18 12716 1
18 5386 1
18 20695 1
18 11714 2
18 20494 1
18 2063 1
18 1169 1
18 20882 1
18 22551 4
18 12825 1
18 16030 1
18 16543 1
18 20384 1
18 16035 1
18 19493 1
18 3975 1
18 8236 1
18 11821 1
18 8238 3
18 14024 1
18 19634 1
18 11444 1
18 5301 3
18 14148 1
18 1460 1
18 15903 2
18 16834 2
18 3339 1
18 12354 1
18 15432 2
18 19276 1
18 11723 1
18 13772 1
18 20686 2
18 20303 1
18 16592 1
18 19619 2
18 15566 1
18 12891 1
18 603 2
18 6622 1
18 95 1
18 18528 1
18 20194 1
18 22252 1
18 16870 1
18 873 1
18 8043 1
18 1167 2
18 9069 2
18 11887 1
18 15856 1
18 7409 4
18 626 1
18 14324 1
18 10358 1
18 12799 1
18 14584 1
18 505 1
18 5119 1
18 10830 1
18 18005 1
19 12288 1
19 683 1
19 16901 1
19 5638 1
19 7687 1
19 17068 1
19 16911 1
19 15890 1
19 5141 1
19 19993 2
19 12317 1
19 10782 1
19 15903 6
19 1068 1
19 8238 1
19 16431 1
19 8753 1
19 1076 1
19 9275 1
19 13887 1
19 12354 1
19 15432 1
19 12471 1
19 6733 1
19 21586 1
19 595 1
19 16468 1
19 5717 1
19 16470 1
19 2648 2
19 12891 1
19 15971 1
19 13412 1
19 4199 1
19 19900 1
19 19562 1
19 14448 3
19 10360 1
19 15808 1
19 19595 1
19 13453 1
19 1167 1
19 13466 1
19 16547 1
19 17066 1
19 17067 1
19 15532 1
19 9901 1
19 15534 1
19 17071 1
19 17856 1
19 4277 1
19 9398 1
19 20151 1
19 6687 1
19 7870 1
19 5825 1
19 8898 1
19 7370 1
19 7888 1
19 11479 1
19 19675 1
19 10975 1
19 7392 1
19 5354 1
19 7920 2
19 1266 1
19 5875 1
19 7254 1
19 18174 1
19 2310 1
19 18185 1
19 1305 1
19 797 1
19 13089 1
19 3881 1
19 5934 1
19 9522 1
19 7477 1
19 6459 1
19 835 1
19 13131 1
19 6989 1
19 4433 1
19 14677 1
19 861 2
19 13160 1
19 7018 1
19 7531 1
19 9069 2
19 15216 1
19 16247 1
19 4472 1
19 13697 1
19 5527 1
19 17293 2
19 3473 1
19 8085 1
19 3991 1
19 13723 1
19 12188 1
19 17312 3
19 11760 1
19 21410 1
19 18852 1
19 15784 1
19 9644 1
19 2990 1
19 17840 1
19 6065 1
19 8626 1
19 9145 1
19 17339 1
19 11196 1
19 3517 1
19 16831 1
19 22464 1
19 19914 1
19 13772 1
19 9167 2
19 14811 1
19 5627 1
19 10214 3
19 10222 1
19 15856 1
19 10226 1
19 505 1
19 6651 3
19 5119 1
20 12288 1
20 8705 1
20 15874 1
20 9644 1
20 7690 1
20 13838 1
20 22032 1
20 16915 1
20 22551 1
20 1560 2
20 22557 1
20 18464 1
20 18267 1
20 3621 1
20 16936 1
20 1578 3
20 18005 1
20 16432 1
20 1074 1
20 1076 2
20 12341 1
20 3130 1
20 13885 2
20 13887 3
20 12354 1
20 1633 3
20 12360 1
20 22601 1
20 15434 1
20 8779 1
20 12878 3
20 21586 2
20 595 1
20 596 1
20 7765 1
20 5210 1
20 18528 1
20 10337 1
20 16998 1
20 6760 2
20 16489 1
20 19058 3
20 4115 1
20 7785 1
20 14456 1
20 633 4
20 12053 2
20 5760 1
20 21633 1
20 6786 2
20 13963 1
20 16013 1
20 13969 1
20 8855 1
20 6809 1
20 6512 1
20 8867 1
20 20645 1
20 10408 1
20 17067 2
20 14509 1
20 17070 2
20 17074 1
20 19124 1
20 12471 1
20 5818 2
20 2747 1
20 8892 1
20 6846 1
20 15555 1
20 2325 1
20 16586 1
20 6076 1
20 14037 1
20 4314 1
20 18140 1
20 21727 1
20 10464 1
20 13834 1
20 6372 1
20 8421 2
20 7400 1
20 748 1
20 1266 1
20 9086 1
20 5880 1
20 21841 1
20 18686 1
20 14592 1
20 2310 1
20 4868 1
20 773 1
20 18182 2
20 18185 6
20 20234 1
20 4364 2
20 7952 1
20 4881 1
20 18197 1
20 8988 1
20 8989 2
20 13088 1
20 7457 1
20 16677 1
20 20774 4
20 12336 1
20 12588 1
20 16434 2
20 6446 1
20 7471 1
20 7477 1
20 5431 1
20 11066 1
20 20277 1
20 8512 2
20 6982 1
20 17225 1
20 3408 1
20 12625 1
20 11603 1
20 4438 1
20 17242 1
20 8539 1
20 22369 1
20 3217 1
20 360 1
20 17260 1
20 1392 1
20 7537 1
20 14713 1
20 14716 2
20 17789 1
20 6014 1
20 12673 1
20 1922 1
20 3974 1
20 14743 1
20 20384 1
20 14754 1
20 15784 1
20 12716 1
20 12018 3
20 15279 1
20 16308 1
20 11708 1
20 13245 1
20 11710 1
20 22464 2
20 11714 2
20 7110 1
20 8144 3
20 7634 1
20 3030 1
20 9687 1
20 18911 1
20 19424 1
20 15184 1
20 18918 1
20 4433 1
20 492 1
20 5629 1
20 3392 1
20 4081 1
20 4691 1
20 4601 1
20 6651 7
20 6652 1
20 15869 1
20 12799 1
21 12288 1
21 588 1
21 6786 1
21 2307 1
21 9092 1
21 19208 1
21 18185 2
21 18571 2
21 4364 2
21 8749 1
21 22032 1
21 14509 1
21 16835 1
21 15434 1
21 16661 1
21 19478 1
21 22551 1
21 3992 1
21 4249 1
21 22339 1
21 17947 1
21 4509 2
21 12446 1
21 6687 1
21 15119 1
21 19238 1
21 4263 1
21 11181 1
21 555 1
21 9645 1
21 16434 1
21 1844 1
21 7582 1
21 21305 1
21 1466 1
21 10975 1
21 10300 1
21 19133 1
21 7870 1
21 11714 1
21 13963 1
21 7236 1
21 12357 1
21 7623 1
21 15432 1
21 15820 1
21 11850 1
21 19019 1
21 7628 1
21 20429 1
21 21841 1
21 7764 1
21 18005 2
21 1465 1
21 13797 1
21 19599 1
21 15580 1
21 15709 1
21 10206 1
21 21733 1
21 19460 1
21 18658 1
21 19939 1
21 8421 1
21 16998 2
21 17818 1
21 13418 2
21 10407 1
21 19180 2
21 7782 1
21 19901 1
21 8688 1
21 4594 1
21 3954 1
21 13428 3
21 7670 1
21 632 1
21 21364 1
21 16252 1
21 22061 1
21 17790 1
22 7683 2
22 7684 1
22 19461 1
22 9223 2
22 19464 1
22 22551 4
22 19460 2
22 13854 1
22 15903 1
22 12325 2
22 12329 1
22 22574 1
22 22064 1
22 1074 1
22 20545 1
22 12360 1
22 585 3
22 12878 1
22 18005 1
22 17494 1
22 7258 1
22 16998 2
22 5742 1
22 21619 1
22 1654 1
22 633 1
22 11904 1
22 15499 1
22 19599 2
22 16020 2
22 11927 1
22 6809 1
22 18075 1
22 19619 1
22 20649 1
22 22188 1
22 15536 1
22 8892 2
22 19133 1
22 16586 1
22 17925 1
22 20686 1
22 4818 2
22 12505 1
22 10972 1
22 10985 1
22 1167 1
22 19184 1
22 16121 1
22 18185 1
22 4364 1
22 8238 2
22 1844 1
22 2873 1
22 12602 1
22 16193 1
22 19783 1
22 18766 2
22 15184 1
22 4438 2
22 12119 1
22 3419 1
22 14687 1
22 873 1
22 9583 1
22 19826 1
22 15220 2
22 20343 1
22 7546 1
22 15227 2
22 14725 1
22 11672 2
22 20384 1
22 11684 1
22 9125 1
22 8615 1
22 12209 1
22 11708 1
22 11714 2
22 7109 1
22 4550 1
22 13255 1
22 9167 1
22 9169 1
22 4686 1
22 4058 1
22 10205 1
22 19939 1
22 16363 3
22 11760 1
22 5623 1
23 12288 1
23 14592 1
23 1074 1
23 21124 1
23 16774 1
23 15751 1
23 16904 1
23 3978 1
23 1163 1
23 4364 1
23 15426 1
23 16301 1
23 9873 1
23 9875 1
23 10644 1
23 14488 1
23 6787 1
23 14618 1
23 6383 1
23 4122 1
23 16030 1
23 20000 1
23 15216 1
23 18210 1
23 4003 1
23 2310 1
23 12585 1
23 3626 1
23 1415 1
23 8449 1
23 6770 1
23 12673 1
23 15666 1
23 1076 1
23 3629 1
23 17336 1
23 1844 1
23 3935 1
23 8892 1
23 10890 1
23 831 1
23 16064 1
23 14145 1
23 22082 2
23 20384 1
23 16374 1
23 20167 2
23 14028 1
23 588 1
23 15820 1
23 3919 1
23 3408 1
23 10467 1
23 7380 2
23 7637 1
23 11181 1
23 17202 1
23 19939 1
23 10975 2
23 3171 1
23 7782 1
23 6375 3
23 6760 1
23 10473 1
23 9069 1
23 8942 1
23 16367 1
23 14448 1
23 3816 1
23 20722 1
23 13174 1
23 10360 1
23 14714 1
23 11771 1
23 18174 1
24 5632 1
24 4610 1
24 13316 1
24 4438 1
24 1030 1
24 15617 1
24 1544 1
24 16812 1
24 16386 1
24 15225 1
24 17424 3
24 6162 1
24 15379 1
24 17363 1
24 13846 1
24 21527 1
24 13848 1
24 13849 1
24 13850 1
24 17435 1
24 15754 1
24 6687 1
24 20255 1
24 10160 1
24 3621 1
24 22571 1
24 12333 1
24 19464 1
24 4019 1
24 3636 1
24 22071 1
24 11832 1
24 14744 1
24 5657 1
24 8764 1
24 1758 1
24 4448 1
24 10337 1
24 7241 1
24 15434 1
24 19639 1
24 22092 1
24 12746 1
24 15442 1
24 602 2
24 13404 1
24 8749 1
24 22032 4
24 7778 1
24 13216 1
24 13412 1
24 9831 1
24 6760 1
24 10857 2
24 19050 1
24 14448 1
24 13937 1
24 21619 1
24 1140 2
24 9918 2
24 7785 2
24 10360 1
24 10264 1
24 16506 1
24 4287 1
24 4221 1
24 5246 1
24 7110 1
24 5760 1
24 3201 1
24 15723 1
24 14469 1
24 15494 1
24 6337 1
24 4234 1
24 19595 1
24 11918 1
24 20112 1
24 3217 1
24 2706 1
24 3731 1
24 10900 1
24 12825 1
24 18128 1
24 20165 1
24 18080 1
24 18759 1
24 10915 1
24 4038 1
24 17576 1
24 17066 1
24 683 1
24 9901 2
24 1199 1
24 17608 1
24 21948 1
24 20595 1
24 19124 4
24 13493 1
24 16054 2
24 12471 1
24 13763 1
24 15903 2
24 8892 1
24 19133 6
24 7870 1
24 2239 1
24 14016 1
24 22209 2
24 2755 1
24 11461 1
24 20168 3
24 13514 1
24 13516 1
24 15565 1
24 5840 1
24 14033 1
24 10452 2
24 14037 1
24 11479 1
24 22232 2
24 17359 1
24 16093 1
24 19460 2
24 4831 1
24 1760 1
24 14032 1
24 10978 2
24 13027 1
24 7396 2
24 7397 1
24 8935 1
24 11496 1
24 18154 1
24 7463 1
24 12018 2
24 5875 1
24 6900 1
24 17141 1
24 12897 1
24 1031 1
24 19137 1
24 10453 3
24 14592 1
24 8449 3
24 14596 1
24 7432 1
24 7433 1
24 1751 1
24 4364 2
24 17859 1
24 3629 1
24 11024 1
24 2834 1
24 19731 1
24 17172 1
24 4868 1
24 2839 1
24 15128 4
24 22258 1
24 7451 1
24 7455 1
24 4385 1
24 18210 1
24 5925 1
24 5926 1
24 16679 1
24 20265 1
24 13611 1
24 18222 1
24 21295 2
24 18736 3
24 16177 1
24 1844 1
24 14046 1
24 21305 2
24 1664 1
24 7485 1
24 6464 3
24 10464 1
24 22339 1
24 22340 1
24 4421 1
24 8518 1
24 19783 1
24 1864 1
24 17225 1
24 10573 1
24 847 1
24 3408 1
24 12625 2
24 5347 1
24 21332 1
24 14677 1
24 7510 1
24 9047 1
24 4440 1
24 10076 1
24 15199 1
24 14176 1
24 22369 2
24 1378 1
24 17041 1
24 15208 1
24 8043 5
24 6303 1
24 9069 3
24 14703 1
24 9072 2
24 15486 1
24 13682 1
24 7827 1
24 20343 2
24 8569 1
24 893 1
24 3392 1
24 16774 2
24 20360 2
24 3978 1
24 4493 1
24 4496 1
24 4497 1
24 19347 1
24 3991 1
24 408 1
24 18841 1
24 7584 2
24 9200 1
24 15266 1
24 3492 1
24 18857 1
24 18224 1
24 11692 1
24 19373 1
24 5551 1
24 7600 1
24 17331 1
24 22601 1
24 14495 1
24 8636 2
24 11850 1
24 22464 1
24 7617 1
24 19907 1
24 3907 5
24 15818 1
24 12750 1
24 9167 3
24 14800 1
24 6099 1
24 7638 1
24 18911 1
24 13331 1
24 11771 1
24 13287 1
24 12778 1
24 4587 1
24 7150 1
24 3567 1
24 11760 3
24 16882 1
24 15850 1
24 22245 1
24 15273 1
24 13816 1
24 4602 1
24 6651 1
24 6652 1
24 13994 1
25 16385 1
25 8449 1
25 13322 1
25 9047 1
25 15617 1
25 2063 2
25 22032 1
25 13331 1
25 21678 1
25 11798 1
25 17435 4
25 15392 1
25 7600 1
25 11815 1
25 16938 1
25 1068 1
25 11821 1
25 1280 1
25 3636 1
25 3126 1
25 22071 1
25 4665 1
25 8764 1
25 21054 1
25 22416 1
25 15426 1
25 18108 3
25 15767 1
25 11851 1
25 592 4
25 9298 1
25 10837 1
25 13398 1
25 13912 1
25 3940 1
25 4706 1
25 19556 1
25 4199 1
25 3176 1
25 10857 1
25 620 1
25 21613 3
25 18030 2
25 873 2
25 15976 2
25 6770 1
25 11795 1
25 1140 1
25 4725 1
25 5993 1
25 3197 1
25 4222 1
25 13440 1
25 13445 2
25 7303 2
25 5768 1
25 1163 1
25 653 1
25 2704 1
25 1681 1
25 2197 1
25 17046 1
25 14488 1
25 21657 1
25 879 1
25 22175 1
25 18080 2
25 9072 1
25 7584 1
25 13937 3
25 4267 2
25 8365 1
25 20654 1
25 689 1
25 22196 1
25 13493 1
25 8892 3
25 19133 12
25 4286 1
25 4287 1
25 6849 1
25 10436 1
25 13514 2
25 8908 1
25 7889 1
25 4818 1
25 4899 1
25 17108 3
25 10453 3
25 11992 1
25 4313 1
25 15580 1
25 4831 2
25 19172 1
25 7397 1
25 1766 1
25 3817 1
25 18154 2
25 4843 1
25 22252 1
25 7634 1
25 10994 1
25 1918 1
25 18688 1
25 14081 2
25 20227 1
25 16132 1
25 12673 1
25 7432 2
25 3339 1
25 4364 2
25 10510 1
25 22232 1
25 17172 1
25 13078 1
25 1753 1
25 15128 1
25 21295 1
25 8988 1
25 11909 1
25 1824 1
25 8993 1
25 13091 1
25 18311 1
25 7471 1
25 10545 1
25 5433 2
25 10975 1
25 20285 1
25 6464 1
25 15170 1
25 3907 1
25 11590 1
25 17223 1
25 12110 2
25 20303 1
25 5456 1
25 21330 1
25 14677 1
25 21305 1
25 18776 1
25 17241 1
25 14686 1
25 8421 1
25 22369 2
25 7011 1
25 4452 1
25 7313 1
25 11113 1
25 21586 1
25 9069 9
25 13941 1
25 15216 1
25 8766 1
25 8054 1
25 8568 1
25 4285 1
25 5502 1
25 11135 1
25 9901 1
25 13462 1
25 15751 1
25 904 1
25 7049 1
25 14743 2
25 10636 1
25 22414 1
25 7567 1
25 4496 3
25 4497 1
25 19347 2
25 10132 1
25 18837 1
25 3991 1
25 8602 1
25 21103 1
25 7582 1
25 14751 1
25 20384 3
25 15266 5
25 15268 1
25 15273 1
25 15274 1
25 7595 1
25 15276 1
25 12852 1
25 18864 2
25 18865 1
25 4019 4
25 7606 1
25 11710 2
25 22464 1
25 8641 1
25 6598 1
25 13255 1
25 12746 1
25 13772 2
25 17013 2
25 17400 1
25 9170 1
25 467 1
25 7637 1
25 4568 1
25 14047 1
25 13793 1
25 18921 1
25 4263 1
25 4589 1
25 10225 1
25 2552 1
25 22442 1
26 15616 1
26 19463 1
26 17435 4
26 12317 1
26 3621 1
26 4647 1
26 20012 1
26 9262 1
26 7216 1
26 12852 1
26 9270 1
26 11832 1
26 11850 1
26 7764 1
26 3674 1
26 7771 1
26 13404 1
26 18013 2
26 7265 1
26 13412 1
26 15976 2
26 13937 1
26 13941 1
26 4220 1
26 13440 1
26 14469 1
26 3731 1
26 9072 1
26 4263 1
26 22186 2
26 13730 1
26 16049 1
26 19124 1
26 3259 1
26 8892 3
26 19133 7
26 3784 1
26 3277 1
26 17105 1
26 11726 1
26 10972 1
26 4831 1
26 19238 1
26 12008 1
26 12010 1
26 18174 1
26 1280 1
26 8449 1
26 8461 1
26 5391 1
26 14618 1
26 14620 1
26 20255 1
26 17188 1
26 5926 1
26 5928 1
26 12585 1
26 18222 1
26 21295 2
26 18736 1
26 5433 2
26 19258 1
26 12604 1
26 15170 3
26 3916 1
26 12110 3
26 15184 1
26 5969 1
26 2387 1
26 854 1
26 13658 1
26 7567 1
26 13663 1
26 1392 1
26 20343 1
26 18154 1
26 9600 1
26 18819 1
26 16774 1
26 16775 1
26 16778 1
26 4495 1
26 4496 2
26 9122 2
26 18853 1
26 18857 1
26 4019 3
26 16308 1
26 11710 1
26 22464 1
26 13772 1
26 15266 1
26 4046 1
26 9167 2
26 3408 1
26 7633 1
26 7634 1
26 14081 1
26 10206 1
26 18911 1
26 5456 1
26 18921 1
26 10407 1
26 7664 1
26 15273 2
26 505 1
27 16385 2
27 13826 1
27 19460 1
27 1544 1
27 15376 1
27 12306 1
27 20502 1
27 14359 1
27 17435 2
27 15903 1
27 8744 1
27 4138 1
27 3627 1
27 3629 1
27 13875 1
27 9268 1
27 16649 1
27 11832 1
27 3130 1
27 13884 1
27 20234 1
27 3647 1
27 17163 1
27 15432 2
27 4691 1
27 5207 1
27 7771 1
27 7263 2
27 3171 1
27 10857 1
27 21613 1
27 18030 1
27 14448 3
27 13937 3
27 13941 1
27 14970 2
27 7359 1
27 4221 1
27 5996 1
27 2704 2
27 9873 1
27 6809 2
27 13466 1
27 14492 1
27 11632 3
27 20642 1
27 22188 2
27 12975 1
27 19124 7
27 8892 2
27 19133 4
27 2239 1
27 20343 2
27 7374 1
27 18128 2
27 3281 1
27 6355 1
27 11992 2
27 1757 1
27 10975 2
27 8416 1
27 7905 1
27 10978 2
27 7397 1
27 745 1
27 22252 1
27 10993 1
27 10493 1
27 1280 3
27 14081 1
27 4868 1
27 17672 1
27 18185 3
27 16650 1
27 16651 1
27 4364 1
27 20237 1
27 10510 1
27 8749 1
27 22232 2
27 1818 1
27 21295 3
27 8988 1
27 20255 1
27 12076 1
27 18222 1
27 7471 2
27 19254 1
27 2416 1
27 5433 1
27 12602 1
27 7999 1
27 6464 1
27 16705 1
27 8502 1
27 20297 1
27 12110 2
27 15184 1
27 2531 1
27 21305 1
27 18776 1
27 860 1
27 3217 1
27 10092 1
27 9069 2
27 15216 1
27 881 1
27 21878 1
27 12663 2
27 12153 1
27 11134 1
27 9600 1
27 5509 1
27 4417 1
27 4496 2
27 4497 1
27 10644 1
27 9621 1
27 14489 1
27 5529 1
27 21914 1
27 7579 1
27 7584 1
27 9122 1
27 14758 1
27 15273 1
27 15278 1
27 12852 1
27 433 1
27 4019 1
27 6076 1
27 3517 1
27 22464 1
27 20384 1
27 14798 1
27 7633 1
27 13778 2
27 6622 1
27 19938 1
27 1019 1
27 18917 1
27 10727 1
27 7144 1
27 10218 1
27 8683 1
27 11760 1
27 6643 1
27 11771 2
27 6652 1
28 9729 1
28 19460 1
28 13834 1
28 9231 1
28 22032 1
28 4117 1
28 14359 1
28 17435 2
28 17242 1
28 6174 1
28 18857 1
28 4647 1
28 22571 1
28 3421 1
28 10289 1
28 10291 1
28 13877 1
28 568 1
28 16778 1
28 17984 1
28 11841 1
28 1092 1
28 13893 1
28 15432 2
28 17484 1
28 15534 1
28 13905 1
28 20343 1
28 602 1
28 8797 1
28 15376 1
28 10857 2
28 15467 1
28 9836 1
28 15472 1
28 15986 1
28 21107 1
28 12734 1
28 18042 1
28 4287 1
28 10080 1
28 1163 1
28 7313 1
28 6290 1
28 6809 1
28 11461 1
28 2416 1
28 17570 1
28 17066 1
28 683 1
28 13682 1
28 21678 1
28 21679 1
28 20168 3
28 19124 1
28 1717 1
28 7371 1
28 12471 1
28 16049 1
28 3258 1
28 8892 1
28 19133 10
28 703 1
28 14795 1
28 4293 1
28 20167 1
28 7880 1
28 13002 1
28 13687 1
28 13516 2
28 719 1
28 7888 1
28 14033 1
28 14021 1
28 14037 1
28 13970 1
28 1754 1
28 10975 1
28 5346 1
28 21733 1
28 7889 1
28 748 2
28 16624 1
28 22258 1
28 12670 1
28 22262 1
28 4441 1
28 4309 1
28 17152 1
28 8449 1
28 4866 1
28 4225 1
28 8260 1
28 4364 1
28 19726 1
28 18191 1
28 15128 2
28 21295 2
28 797 1
28 1823 1
28 7458 1
28 4899 1
28 4486 1
28 1833 1
28 17195 1
28 2351 1
28 18736 2
28 16691 1
28 4404 1
28 1844 1
28 12602 1
28 7485 1
28 8512 1
28 15170 1
28 9539 1
28 3916 1
28 20813 1
28 12625 1
28 14677 1
28 21305 1
28 17241 1
28 13658 1
28 15709 1
28 13663 2
28 22368 1
28 22369 1
28 13666 1
28 17041 1
28 9069 2
28 879 1
28 15216 1
28 16754 1
28 885 1
28 18295 1
28 4472 1
28 21883 1
28 1918 1
28 896 1
28 6464 1
28 14722 1
28 10630 1
28 15754 1
28 4496 1
28 4497 2
28 1689 1
28 14744 1
28 3652 1
28 7237 1
28 20384 1
28 10992 1
28 15266 1
28 18853 2
28 14758 1
28 7081 1
28 15276 1
28 21933 1
28 10679 1
28 19900 1
28 19902 1
28 11711 1
28 22464 1
28 7109 1
28 12961 1
28 588 1
28 14327 1
28 13730 1
28 9167 1
28 13778 1
28 7635 1
28 14807 1
28 11737 2
28 20447 1
28 4064 1
28 1958 1
28 20966 1
28 10727 1
28 10728 1
28 22505 1
28 19453 1
28 15856 1
28 1010 1
28 15273 1
28 13821 1
29 9729 1
29 15376 1
29 4121 1
29 18460 2
29 9245 1
29 11815 1
29 22571 1
29 8749 1
29 12336 1
29 1800 1
29 1076 1
29 6713 2
29 573 1
29 578 3
29 1092 1
29 588 1
29 11341 1
29 9305 2
29 18014 1
29 7777 1
29 11708 1
29 21613 1
29 18030 1
29 11887 1
29 20592 1
29 20595 1
29 10506 1
29 20604 1
29 20607 1
29 6935 1
29 8332 1
29 2705 1
29 22032 1
29 12825 2
29 21146 1
29 13985 1
29 22188 1
29 22198 2
29 21687 1
29 19133 6
29 7870 1
29 4287 1
29 2243 1
29 20168 3
29 13516 1
29 14543 1
29 2767 1
29 10972 1
29 10975 1
29 13026 3
29 2278 1
29 5867 1
29 22252 3
29 13182 1
29 14463 1
29 2812 1
29 18174 1
29 11007 1
29 4868 2
29 18183 1
29 7432 1
29 20234 1
29 7952 2
29 1813 1
29 16662 1
29 2839 1
29 17041 1
29 7451 1
29 7455 1
29 17996 1
29 18209 1
29 6875 1
29 21295 3
29 7475 1
29 1844 1
29 4406 1
29 21305 5
29 18911 1
29 21311 1
29 17162 1
29 20813 1
29 6992 2
29 14677 1
29 18263 1
29 13658 2
29 13663 1
29 10592 1
29 5988 1
29 7313 1
29 15209 1
29 20851 1
29 12665 1
29 19775 1
29 7550 1
29 15751 1
29 10637 1
29 20366 1
29 10127 1
29 19347 2
29 3992 2
29 7236 1
29 8607 1
29 17315 1
29 5541 1
29 13223 1
29 12200 2
29 16301 1
29 10158 1
29 5552 1
29 13238 1
29 18876 2
29 19901 1
29 16833 1
29 5576 1
29 17484 3
29 12746 1
29 20429 1
29 9167 2
29 9169 1
29 467 1
29 470 1
29 18904 1
29 10206 2
29 18853 3
29 4579 1
29 12778 1
29 10638 1
29 15865 1
30 12288 1
30 3073 1
30 19460 2
30 4110 1
30 17435 3
30 21936 1
30 8742 1
30 4647 1
30 16425 1
30 4653 1
30 9262 1
30 12852 1
30 568 1
30 18016 1
30 20236 1
30 11850 1
30 17996 1
30 17485 1
30 13905 2
30 2645 1
30 8797 1
30 7776 1
30 4198 1
30 14495 1
30 14448 2
30 21617 1
30 14969 1
30 13950 1
30 6784 1
30 18568 1
30 13961 1
30 7818 1
30 1163 2
30 19098 1
30 4255 1
30 17569 1
30 4263 2
30 15532 1
30 10928 1
30 16049 1
30 16050 1
30 19124 2
30 3258 1
30 19133 6
30 7870 1
30 4287 1
30 1227 1
30 14021 1
30 20168 5
30 13515 1
30 13516 1
30 17101 1
30 3278 1
30 721 1
30 19155 1
30 18645 1
30 20695 1
30 11992 1
30 14047 1
30 14049 1
30 13026 1
30 13027 1
30 19494 1
30 12018 1
30 17659 1
30 14037 1
30 14592 1
30 588 1
30 4868 1
30 20230 1
30 18185 1
30 4364 2
30 18192 1
30 15216 1
30 7445 1
30 4894 1
30 13089 1
30 16775 1
30 21295 1
30 18736 2
30 19254 1
30 21305 1
30 15674 1
30 7306 1
30 8511 1
30 17216 1
30 16705 1
30 8518 1
30 17740 1
30 7501 1
30 19683 1
30 13663 1
30 13666 1
30 15208 1
30 9069 1
30 11632 1
30 6514 1
30 15731 1
30 4472 1
30 15739 1
30 1410 1
30 14725 1
30 7559 1
30 17806 1
30 4496 3
30 4497 1
30 4498 1
30 13716 1
30 409 1
30 15777 2
30 12200 4
30 18857 1
30 5552 1
30 16961 1
30 22601 1
30 16827 1
30 16831 1
30 4547 1
30 17484 1
30 7637 1
30 11737 1
30 6622 1
30 16367 2
30 11760 2
30 20468 1
30 15869 2
31 15361 1
31 15874 1
31 13834 2
31 15376 1
31 13849 1
31 17435 2
31 4654 1
31 5690 1
31 18505 1
31 588 2
31 21586 1
31 7764 1
31 18013 1
31 18014 1
31 10857 1
31 13937 1
31 17016 1
31 5246 1
31 17041 1
31 14495 1
31 9892 1
31 20765 1
31 19124 2
31 19133 4
31 2239 1
31 7362 1
31 20165 1
31 18128 1
31 14033 1
31 19155 1
31 11482 1
31 13532 1
31 1758 1
31 20194 2
31 13027 1
31 8421 1
31 11902 1
31 19204 1
31 1836 2
31 4364 1
31 19726 1
31 15128 1
31 11055 1
31 797 1
31 2348 1
31 21295 3
31 18736 1
31 21305 1
31 19258 1
31 6464 1
31 5445 1
31 15184 1
31 19794 1
31 15075 1
31 14677 2
31 854 1
31 9047 1
31 19800 1
31 3418 1
31 6501 1
31 18282 1
31 5996 1
31 879 1
31 13681 1
31 12151 1
31 1924 1
31 906 1
31 17291 1
31 17806 1
31 4496 2
31 16279 1
31 21912 1
31 7065 1
31 15774 1
31 18857 1
31 15276 1
31 19905 1
31 14786 1
31 2003 1
31 9172 1
31 470 1
31 19938 1
31 3568 1
31 4593 1
31 10745 1
31 19453 1
32 12288 1
32 15874 1
32 19460 1
32 1031 1
32 7180 1
32 7694 1
32 12825 1
32 17435 1
32 15903 2
32 1568 1
32 7201 1
32 8742 1
32 9255 1
32 21032 1
32 10281 1
32 22571 1
32 1068 1
32 8749 1
32 4654 1
32 11832 1
32 14969 1
32 1076 1
32 12342 1
32 18185 1
32 7224 1
32 573 1
32 13376 1
32 5935 1
32 578 1
32 19015 1
32 8778 1
32 11851 2
32 13388 1
32 16973 1
32 9294 1
32 592 2
32 10321 1
32 21586 3
32 10837 1
32 9442 1
32 3258 1
32 18014 2
32 10335 1
32 19553 1
32 10338 1
32 8804 1
32 15976 1
32 10857 1
32 19050 1
32 8813 1
32 11887 1
32 13937 2
32 3702 1
32 17016 2
32 633 1
32 18042 1
32 9342 1
32 4227 1
32 14469 2
32 6337 1
32 7817 1
32 6282 1
32 15499 1
32 8332 1
32 12429 1
32 9069 4
32 13969 1
32 17042 1
32 7829 1
32 13849 1
32 13979 1
32 18080 1
32 15522 1
32 19107 1
32 10404 1
32 4263 1
32 16049 1
32 14037 1
32 10932 1
32 21295 4
32 8892 3
32 19133 8
32 22209 1
32 2243 1
32 20167 2
32 713 1
32 13516 3
32 14543 1
32 18128 1
32 19155 1
32 10453 1
32 20695 1
32 19675 1
32 10975 1
32 10976 1
32 20194 1
32 1763 1
32 21220 1
32 8421 1
32 744 1
32 745 1
32 4843 1
32 12897 1
32 15096 2
32 5881 1
32 11007 1
32 1280 1
32 20225 1
32 770 1
32 4868 2
32 1287 1
32 17672 1
32 7433 1
32 17163 1
32 4364 3
32 15119 1
32 7952 1
32 7471 1
32 10012 1
32 20765 1
32 20254 1
32 19238 1
32 1834 1
32 2351 1
32 18736 1
32 15666 1
32 8502 1
32 20794 1
32 11428 1
32 7996 1
32 7485 1
32 20286 1
32 6976 1
32 17218 1
32 21829 1
32 17554 1
32 22344 1
32 3913 1
32 17229 1
32 10574 1
32 16269 1
32 10065 1
32 21845 1
32 9558 1
32 21850 1
32 18783 1
32 22369 1
32 1137 1
32 14696 1
32 10605 1
32 11635 1
32 12148 1
32 15166 1
32 20343 2
32 12152 1
32 16762 1
32 15850 1
32 698 1
32 7062 1
32 16775 1
32 5000 1
32 17291 1
32 7565 1
32 4495 1
32 4496 2
32 4497 1
32 19347 1
32 18837 1
32 20813 1
32 14831 1
32 1436 1
32 1437 1
32 7903 1
32 20384 1
32 15266 2
32 18853 1
32 16806 1
32 12200 1
32 18857 1
32 22442 1
32 12205 1
32 435 1
32 439 1
32 11850 1
32 9151 1
32 22464 3
32 13763 1
32 9676 1
32 9167 2
32 19408 1
32 18477 1
32 16132 1
32 11737 1
32 493 1
32 11024 1
32 10206 1
32 6989 1
32 8679 1
32 10218 1
32 4589 1
32 15855 1
32 13809 1
32 15273 1
32 6652 1
33 15874 1
33 22188 1
33 13835 1
33 4622 1
33 4623 1
33 17424 1
33 4115 1
33 15278 1
33 12825 2
33 9755 1
33 16414 1
33 15903 1
33 8742 1
33 8236 1
33 11821 1
33 17454 1
33 1074 1
33 12852 1
33 573 1
33 16961 2
33 22082 2
33 11850 2
33 588 2
33 11858 1
33 2645 1
33 602 1
33 13404 1
33 8797 2
33 10727 1
33 8892 1
33 21103 1
33 6770 1
33 10857 1
33 5909 1
33 7297 1
33 13442 1
33 14981 1
33 6790 1
33 6791 1
33 7817 1
33 21642 2
33 15499 1
33 19093 1
33 10392 1
33 12442 1
33 1761 1
33 6000 1
33 11434 1
33 15532 3
33 21679 1
33 17072 1
33 19124 2
33 12471 1
33 18108 1
33 19133 2
33 2239 1
33 20165 1
33 20167 1
33 20168 2
33 13516 3
33 14543 1
33 18128 1
33 14033 2
33 19155 1
33 14036 1
33 20695 1
33 2273 1
33 13027 1
33 11496 1
33 14049 1
33 15600 1
33 7412 1
33 12670 1
33 2812 1
33 15216 2
33 18185 1
33 3339 1
33 4364 1
33 18197 1
33 7306 1
33 16663 1
33 3353 1
33 7457 1
33 2348 1
33 7982 1
33 18736 1
33 1842 1
33 8502 1
33 21305 1
33 20794 1
33 16701 1
33 20286 1
33 4417 1
33 17218 2
33 5345 1
33 10573 1
33 12111 1
33 15184 2
33 18267 1
33 19258 1
33 7019 1
33 9069 1
33 11632 1
33 5489 1
33 4414 1
33 13174 1
33 20343 1
33 889 1
33 1918 1
33 14794 1
33 1410 2
33 16778 1
33 397 1
33 4496 1
33 13716 1
33 21913 1
33 18841 1
33 13295 1
33 7582 1
33 20384 1
33 16806 1
33 7592 1
33 15273 1
33 10668 1
33 8622 1
33 4019 1
33 15774 2
33 19386 1
33 4540 1
33 22464 1
33 16833 1
33 11714 1
33 502 1
33 12746 1
33 9167 1
33 2003 1
33 19939 1
33 20967 1
33 13800 1
33 10492 1
33 7663 1
33 11760 1
33 12200 1
33 8180 1
33 13813 1
33 16374 1
33 4602 1
33 11771 1
34 15874 1
34 19460 2
34 4623 1
34 4115 1
34 7485 1
34 22557 1
34 2078 1
34 11817 1
34 1068 1
34 11821 1
34 10288 1
34 11832 1
34 5690 1
34 19519 1
34 18496 1
34 16961 2
34 16651 1
34 11846 1
34 15432 1
34 11850 1
34 588 2
34 592 1
34 21586 1
34 10938 1
34 10341 1
34 22119 1
34 10857 1
34 7880 1
34 14696 1
34 6770 2
34 15481 1
34 5246 1
34 10372 1
34 20103 1
34 13454 1
34 3217 1
34 11927 1
34 21657 1
34 15215 1
34 4254 1
34 4293 1
34 2723 1
34 5798 1
34 15473 1
34 14504 1
34 15532 3
34 20168 2
34 19124 1
34 3258 1
34 20155 1
34 19133 2
34 9918 1
34 10436 1
34 13174 1
34 18632 1
34 13514 2
34 2763 1
34 3278 1
34 14033 1
34 19155 1
34 11476 1
34 18133 1
34 22232 1
34 7903 2
34 5349 1
34 14545 1
34 5352 1
34 6383 1
34 7920 1
34 17108 1
34 19705 1
34 14595 1
34 4868 1
34 20235 1
34 4364 1
34 20237 1
34 17170 1
34 1812 1
34 15128 1
34 1819 1
34 1834 1
34 8502 2
34 21305 1
34 20794 2
34 4831 1
34 16701 1
34 15166 1
34 6464 1
34 17219 1
34 17225 1
34 10573 1
34 14677 3
34 3419 1
34 12602 1
34 8421 1
34 10081 1
34 22372 1
34 16231 1
34 7016 1
34 8553 1
34 7018 2
34 9069 1
34 6511 1
34 12659 1
34 14709 1
34 21878 2
34 12670 1
34 897 1
34 4486 1
34 7564 1
34 4493 1
34 6030 1
34 4496 2
34 4497 1
34 16707 1
34 20384 1
34 15266 1
34 5543 1
34 7592 1
34 15273 1
34 11692 1
34 15279 1
34 7600 1
34 18865 1
34 435 1
34 10398 1
34 7606 1
34 7607 1
34 11193 1
34 8636 1
34 22464 1
34 13766 1
34 18887 1
34 12746 1
34 9167 1
34 6136 1
34 7637 1
34 5600 1
34 15333 1
34 11240 1
34 17899 1
34 11244 1
34 11858 1
34 1994 1
34 10920 1
34 12791 1
34 2040 1
34 15869 1
35 14592 1
35 13316 1
35 12805 1
35 5643 1
35 9231 1
35 22032 1
35 20499 1
35 13776 1
35 11292 2
35 15903 1
35 11815 1
35 21032 1
35 4142 1
35 10287 1
35 4019 1
35 3636 1
35 18014 3
35 7224 1
35 12352 1
35 15431 1
35 15432 1
35 13898 1
35 13389 1
35 21586 1
35 7764 1
35 19726 1
35 13914 1
35 19550 1
35 20578 1
35 10857 2
35 15479 2
35 14969 1
35 1147 1
35 3711 1
35 3201 1
35 13445 1
35 7306 1
35 13451 1
35 12940 1
35 14477 1
35 17041 1
35 17042 1
35 9876 1
35 7829 1
35 7831 2
35 6809 3
35 6300 1
35 13989 1
35 14502 1
35 4046 2
35 6592 1
35 22188 1
35 16049 1
35 6323 2
35 19124 3
35 698 1
35 18975 1
35 19133 7
35 7870 2
35 4288 1
35 1227 1
35 13174 1
35 20168 1
35 2763 1
35 13516 2
35 8397 1
35 7888 1
35 10453 1
35 20585 1
35 14993 1
35 5337 1
35 7903 1
35 15584 1
35 4048 1
35 20194 1
35 1765 1
35 8428 1
35 6381 1
35 16111 1
35 4850 1
35 6389 2
35 22262 1
35 15096 1
35 15487 1
35 15614 1
35 1280 1
35 14081 1
35 4868 1
35 2309 1
35 7942 1
35 7943 1
35 1751 1
35 20236 1
35 6926 1
35 7952 1
35 12778 1
35 17171 1
35 17172 1
35 10012 1
35 14981 1
35 10529 1
35 9873 1
35 10024 1
35 5929 1
35 5934 1
35 21295 3
35 1844 1
35 8502 1
35 21305 3
35 4831 3
35 7485 1
35 8511 1
35 6464 1
35 4418 1
35 22340 1
35 15688 1
35 17225 1
35 15184 1
35 12625 1
35 8532 1
35 18773 1
35 19286 1
35 18267 1
35 13663 1
35 19771 1
35 7313 1
35 5993 1
35 21866 1
35 9069 1
35 21874 2
35 886 1
35 20343 1
35 8421 1
35 893 2
35 10975 2
35 896 1
35 3973 1
35 16779 1
35 7565 2
35 4494 1
35 7055 1
35 4496 2
35 4497 1
35 20882 1
35 409 1
35 849 1
35 928 1
35 15273 1
35 12716 1
35 18862 1
35 9647 1
35 7088 1
35 328 1
35 14784 1
35 11193 1
35 5888 1
35 22464 3
35 7109 1
35 21961 1
35 12746 1
35 462 1
35 19408 1
35 18904 1
35 11226 1
35 8669 1
35 10718 1
35 3043 1
35 6290 1
35 4433 1
35 4074 1
35 8684 1
35 7150 1
35 7664 1
35 18857 1
35 7160 1
35 10238 1
35 14677 1
36 14592 1
36 3392 1
36 13316 1
36 12293 1
36 14545 1
36 22232 1
36 1068 1
36 22282 1
36 11180 1
36 21900 1
36 8079 1
36 4496 2
36 7313 1
36 22339 1
36 9876 1
36 19133 1
36 21679 1
36 11292 1
36 17861 1
36 18080 1
36 7088 1
36 896 1
36 10915 1
36 8484 1
36 20389 1
36 9777 1
36 10225 1
36 10973 1
36 15404 1
36 3629 1
36 1280 1
36 21295 4
36 18736 1
36 16049 1
36 12341 1
36 3535 1
36 18825 1
36 10168 1
36 11193 1
36 16828 1
36 13514 1
36 7871 1
36 15808 1
36 4418 1
36 20291 1
36 9038 1
36 19397 1
36 8903 1
36 7112 1
36 4364 1
36 12746 1
36 8012 1
36 10574 1
36 14543 1
36 11600 1
36 12905 1
36 4306 1
36 9082 1
36 14677 2
36 9816 1
36 18267 1
36 395 1
36 18013 1
36 10975 1
36 18016 1
36 4602 1
36 17744 1
36 8664 1
36 21477 1
36 4497 1
36 17163 1
36 19305 1
36 1063 1
36 5229 1
36 6511 1
36 14448 1
36 13937 2
36 21493 1
36 20343 1
36 17513 1
36 5951 1
36 6652 1
