1 9729 1
1 3332 1
1 5000 1
1 8236 1
1 20234 1
1 4364 1
1 8079 1
1 12888 1
1 13979 1
1 22557 4
1 15262 1
1 9247 1
1 15651 1
1 21161 2
1 6571 1
1 12076 1
1 7986 1
1 21295 1
1 18736 1
1 15666 1
1 19765 1
1 21814 1
1 12216 3
1 13113 1
1 2271 1
1 9290 1
1 12734 1
1 15808 1
1 16193 3
1 13252 2
1 13255 1
1 13516 2
1 13514 2
1 13388 1
1 20302 1
1 847 1
1 13776 1
1 2899 1
1 16468 1
1 15448 1
1 18905 1
1 2523 1
1 9820 1
1 2911 1
1 6732 1
1 8549 1
1 2025 2
1 1002 1
1 7148 1
1 14703 1
1 7794 1
1 1141 1
1 11385 1
1 9722 1
1 1147 1
1 8573 1
1 11007 1
2 9729 1
2 14725 1
2 9351 1
2 11913 1
2 17348 1
2 22557 3
2 5150 1
2 11909 1
2 545 1
2 12581 1
2 18215 1
2 22186 1
2 17583 1
2 12216 2
2 18975 1
2 7236 1
2 9247 1
2 6732 2
2 13516 1
2 17359 1
2 722 1
2 6741 1
2 13532 1
2 12154 1
2 2469 1
2 14689 2
2 2918 1
2 13159 1
2 1140 1
2 1141 1
2 4986 1
2 17535 1
2 20053 1
3 4960 1
3 8079 1
3 19398 1
3 7463 1
3 1099 1
3 14479 1
3 21613 1
3 22421 1
3 21295 1
3 9041 1
3 15666 1
3 19124 1
3 1141 1
3 2328 1
3 1076 1
3 9146 1
3 1147 1
3 15994 1
3 3375 1
3 14677 1
4 897 1
4 21912 1
4 1670 1
4 21898 1
4 18200 1
4 9069 1
4 17424 1
4 6801 1
4 14099 1
4 13516 2
4 22551 1
4 15128 1
4 13979 2
4 10012 1
4 22557 1
4 20255 1
4 17184 2
4 19355 1
4 16986 1
4 10021 1
4 18087 1
4 3241 1
4 7087 1
4 18736 1
4 17203 1
4 22196 1
4 1205 1
4 6361 1
4 20614 1
4 22464 1
4 20418 1
4 21699 1
4 20470 1
4 4038 1
4 13255 1
4 13388 2
4 6732 1
4 20559 1
4 5841 1
4 2645 1
4 15575 1
4 3289 1
4 2394 2
4 22500 1
4 8988 1
4 16744 1
4 5355 1
4 18796 1
4 9197 1
4 2173 1
4 3315 1
4 1140 1
4 3702 1
4 249 1
4 1147 3
4 9213 1
4 14677 1
5 6571 2
5 13316 1
5 4101 1
5 16915 1
5 18455 1
5 7110 1
5 9241 1
5 22557 1
5 5150 1
5 6690 1
5 11817 1
5 3627 1
5 9777 1
5 9600 1
5 1076 1
5 18185 1
5 22585 1
5 16468 2
5 17493 1
5 12888 2
5 14426 2
5 19549 1
5 3171 3
5 9316 1
5 22119 1
5 6760 1
5 13937 1
5 21618 1
5 1140 1
5 11898 1
5 1147 2
5 1149 1
5 8043 1
5 9351 1
5 19094 1
5 14492 1
5 11429 1
5 9895 1
5 20649 1
5 22186 1
5 17071 1
5 2736 1
5 9398 1
5 15819 1
5 10436 1
5 13518 1
5 4303 2
5 237 1
5 18689 1
5 7938 1
5 11524 1
5 15113 1
5 5389 1
5 3888 1
5 19765 1
5 3386 1
5 11590 1
5 9543 1
5 9033 1
5 5451 1
5 17229 1
5 9047 1
5 6507 1
5 20854 1
5 4986 1
5 4992 1
5 2435 1
5 9606 1
5 9607 1
5 9610 1
5 22424 1
5 22418 3
5 11160 1
5 11161 1
5 7066 1
5 6568 1
5 12203 1
5 13740 1
5 3524 2
5 4038 1
5 3528 2
5 20427 1
5 9167 1
5 9684 1
5 10206 1
5 17901 1
5 11760 1
6 12162 2
6 3332 3
6 17546 1
6 268 2
6 8079 1
6 18200 1
6 8466 1
6 916 2
6 17688 1
6 13316 2
6 13979 1
6 9244 1
6 5022 1
6 17184 1
6 11714 1
6 4038 1
6 13388 3
6 9035 1
6 13516 1
6 17359 1
6 3409 1
6 9167 1
6 8797 1
6 7392 1
6 2273 1
6 19938 1
6 19942 1
6 2918 1
6 18282 1
6 21613 1
6 20463 1
6 13937 1
6 1141 1
6 12151 2
6 2808 1
6 11898 1
6 1147 1
6 5244 1
6 20221 1
7 9729 1
7 8706 1
7 11787 1
7 22551 2
7 4868 1
7 22557 1
7 11806 1
7 20519 1
7 11817 1
7 8236 1
7 6702 1
7 9777 1
7 12354 1
7 9227 1
7 1099 2
7 13388 2
7 20047 1
7 19549 2
7 7952 1
7 8809 1
7 18540 2
7 21613 3
7 3694 1
7 13937 1
7 1140 4
7 1141 2
7 16132 1
7 10516 1
7 11898 2
7 1147 1
7 14988 1
7 16017 1
7 3731 1
7 11946 1
7 5306 1
7 15035 1
7 15036 1
7 2243 1
7 11894 2
7 11471 1
7 19204 2
7 17359 1
7 2271 1
7 1765 1
7 14592 1
7 7938 1
7 3332 1
7 268 1
7 17679 1
7 17680 1
7 2834 1
7 4884 1
7 7451 1
7 18208 1
7 18215 1
7 3369 1
7 7471 3
7 15666 1
7 832 1
7 9545 1
7 9035 2
7 9038 1
7 16223 2
7 16224 1
7 2914 1
7 364 1
7 18289 1
7 22386 1
7 12151 1
7 888 1
7 16252 2
7 8573 1
7 897 1
7 2435 1
7 9094 1
7 22418 1
7 15262 1
7 17322 1
7 12716 1
7 22463 1
7 15808 2
7 11714 2
7 3524 2
7 4038 1
7 9167 3
7 17872 1
7 16850 1
7 17890 1
7 18410 1
7 4589 1
7 3392 1
7 22442 1
8 897 2
8 3075 1
8 16260 1
8 1669 2
8 1670 1
8 1417 1
8 2442 1
8 9227 1
8 4364 1
8 12354 1
8 2064 1
8 17681 1
8 20882 1
8 16131 1
8 4884 1
8 13589 1
8 74 1
8 18052 1
8 19098 2
8 17435 1
8 14492 3
8 22557 3
8 7237 1
8 17184 1
8 19238 2
8 18215 1
8 16220 1
8 21274 1
8 11436 1
8 8238 1
8 8236 2
8 4019 1
8 15540 1
8 5301 3
8 11318 1
8 12343 1
8 1140 1
8 12716 1
8 8636 1
8 11850 1
8 6080 1
8 20384 1
8 14530 2
8 16651 1
8 22464 1
8 21957 1
8 18528 1
8 14579 1
8 8906 1
8 14538 1
8 13389 2
8 18128 1
8 1213 1
8 15459 1
8 15448 1
8 19162 1
8 9308 1
8 605 1
8 10206 1
8 2271 1
8 16224 1
8 8803 1
8 16616 1
8 14185 1
8 14574 1
8 19339 1
8 2899 1
8 13532 1
8 12151 2
8 18808 1
8 8185 1
8 11898 1
8 21980 1
8 12927 1
9 8512 1
9 13316 2
9 1669 1
9 6790 1
9 19208 1
9 22188 1
9 17424 1
9 20882 1
9 17811 1
9 18030 3
9 11414 1
9 18841 1
9 2351 1
9 2460 1
9 14493 1
9 12702 1
9 9887 1
9 9264 1
9 16547 3
9 9892 1
9 18182 1
9 20519 1
9 13532 1
9 8236 1
9 8238 1
9 22319 1
9 7204 2
9 11827 1
9 5301 3
9 18736 3
9 8765 1
9 7471 1
9 12094 1
9 1141 1
9 14016 1
9 22557 1
9 12354 2
9 20803 1
9 19396 1
9 21957 1
9 9033 1
9 5450 1
9 9035 1
9 588 1
9 16226 1
9 20686 1
9 9167 1
9 3875 1
9 15444 1
9 18005 1
9 2265 1
9 10972 1
9 10206 1
9 19113 1
9 19938 1
9 4964 1
9 16616 1
9 22418 1
9 238 1
9 20463 2
9 2416 1
9 13937 1
9 14579 1
9 1140 1
9 2366 1
9 14583 1
9 15994 1
10 3332 1
10 8454 1
10 11528 2
10 17290 1
10 13452 1
10 16017 1
10 22421 1
10 10262 1
10 11160 1
10 13316 1
10 13978 1
10 13979 2
10 19740 1
10 20570 1
10 11806 1
10 17184 2
10 7463 1
10 8236 1
10 7471 2
10 3888 1
10 5553 1
10 20026 1
10 15423 1
10 12354 1
10 3524 1
10 3528 3
10 268 1
10 9294 1
10 17359 1
10 852 1
10 17881 1
10 2394 1
10 9435 1
10 8797 1
10 7903 1
10 3684 1
10 6760 3
10 18215 1
10 22557 1
10 12663 1
11 19286 1
11 19718 1
11 10248 1
11 14985 1
11 2443 1
11 4364 1
11 11151 1
11 22551 1
11 19096 2
11 5551 1
11 11165 1
11 20384 1
11 9761 1
11 22437 1
11 7463 2
11 6450 1
11 15666 1
11 13487 1
11 3888 1
11 12594 1
11 19721 1
11 8376 1
11 19133 1
11 8519 2
11 3528 1
11 17229 1
11 13389 1
11 7248 1
11 15160 1
11 9686 1
11 17881 5
11 18140 1
11 16223 1
11 17376 1
11 17872 1
11 19555 1
11 16616 1
11 6377 1
11 8810 1
11 15851 1
11 9069 1
11 17903 1
11 16244 1
11 2166 1
11 507 1
11 508 1
12 13440 1
12 1280 1
12 6507 1
12 1669 1
12 9606 1
12 9729 1
12 20780 1
12 18442 1
12 2443 1
12 15660 1
12 19345 1
12 10263 1
12 19096 1
12 11161 3
12 8988 1
12 548 1
12 10407 1
12 19113 2
12 19626 1
12 1580 1
12 7471 2
12 15664 1
12 22455 1
12 3386 1
12 12716 1
12 19133 1
12 11711 1
12 18528 1
12 3524 1
12 3528 1
12 9527 2
12 17872 2
12 7890 1
12 852 1
12 17881 1
12 11898 2
12 2656 1
12 16017 1
12 6377 1
12 6506 2
12 21739 1
12 238 1
12 20463 1
12 20851 1
12 1140 1
12 9684 1
12 11514 1
12 14717 1
13 18688 1
13 9090 1
13 16260 1
13 1669 2
13 9606 1
13 19719 1
13 19464 1
13 14985 1
13 16012 1
13 16017 1
13 20882 1
13 18582 1
13 22551 2
13 19951 1
13 19740 1
13 22557 1
13 11806 1
13 6687 1
13 19164 1
13 15448 1
13 3676 1
13 10453 1
13 12716 1
13 13452 1
13 17583 2
13 12212 1
13 20024 1
13 20025 1
13 20026 5
13 15903 2
13 2239 1
13 1140 1
13 12354 2
13 3553 1
13 3528 1
13 4364 1
13 9034 1
13 20427 1
13 13516 2
13 20303 1
13 11600 3
13 13532 1
13 10709 1
13 9047 2
13 15773 1
13 17881 1
13 3674 1
13 20571 1
13 2394 1
13 17872 2
13 3684 1
13 8988 1
13 16488 1
13 3435 2
13 17372 1
13 21613 1
13 20463 1
13 13937 1
13 9716 1
13 15855 1
13 14677 1
14 8961 1
14 6018 1
14 22334 1
14 13316 1
14 11014 3
14 9351 1
14 16951 1
14 8208 1
14 13912 1
14 6675 1
14 4885 1
14 12888 1
14 6294 1
14 22551 1
14 13080 1
14 8964 1
14 20463 1
14 2460 1
14 4381 1
14 4382 1
14 4385 1
14 17903 1
14 20260 1
14 9606 3
14 15398 1
14 11815 1
14 19420 3
14 15660 2
14 15773 1
14 3888 2
14 8884 1
14 21814 1
14 12471 1
14 13880 1
14 22585 1
14 3386 1
14 2655 1
14 16190 1
14 12354 1
14 20037 1
14 20427 1
14 20303 1
14 11600 1
14 20177 2
14 9684 1
14 14677 1
14 20567 1
14 15448 1
14 17881 4
14 12763 1
14 16220 1
14 2911 1
14 14689 2
14 19938 1
14 3685 3
14 21617 1
14 21608 1
14 6506 1
14 239 1
14 10096 1
14 13937 1
14 11381 1
14 22134 1
14 11898 1
14 18174 1
14 22015 1
15 12288 1
15 7937 1
15 2179 1
15 13316 1
15 9606 1
15 9096 2
15 5386 1
15 2443 1
15 13452 1
15 20882 1
15 8579 1
15 17872 2
15 14574 1
15 19549 1
15 13979 1
15 2460 1
15 22557 3
15 5150 1
15 11679 1
15 544 1
15 12891 1
15 9125 1
15 19238 1
15 18215 1
15 6568 1
15 19740 1
15 20010 2
15 1067 1
15 14636 1
15 2349 1
15 15773 1
15 3888 7
15 19208 1
15 1074 2
15 11806 1
15 21739 1
15 22585 1
15 13242 1
15 11710 1
15 832 4
15 12354 3
15 3524 1
15 12103 1
15 12360 1
15 9033 1
15 9034 1
15 22119 1
15 11213 1
15 17870 1
15 592 1
15 22571 1
15 9684 1
15 14677 1
15 4823 1
15 12888 1
15 3674 1
15 19419 1
15 19119 1
15 20831 2
15 18528 1
15 14689 2
15 19938 1
15 19939 1
15 9831 1
15 6760 1
15 20519 2
15 238 1
15 7471 1
15 19315 1
15 1141 1
15 12151 1
15 11898 1
15 16252 2
15 12842 1
16 5248 1
16 7937 3
16 7938 1
16 3332 1
16 22188 1
16 19718 1
16 16135 1
16 10889 1
16 22423 1
16 268 1
16 17424 1
16 12888 2
16 22418 4
16 7187 1
16 19348 1
16 22421 1
16 19350 1
16 15660 1
16 19740 1
16 9246 1
16 14495 1
16 8993 1
16 4900 1
16 11815 1
16 8988 1
16 8236 1
16 7471 2
16 12360 1
16 15262 1
16 8961 1
16 9034 1
16 3524 1
16 9543 4
16 3528 5
16 13452 1
16 6986 1
16 22119 1
16 17359 1
16 467 1
16 14422 1
16 3543 1
16 15448 1
16 16220 1
16 14426 1
16 17372 1
16 19549 1
16 10206 1
16 17375 1
16 7952 1
16 3171 4
16 2407 2
16 21739 1
16 2834 1
16 242 1
16 20470 2
16 12663 1
16 888 1
17 13440 1
17 2944 1
17 17259 1
17 13316 2
17 1669 2
17 10889 2
17 19598 1
17 7952 1
17 12888 1
17 9234 1
17 19348 1
17 13080 1
17 11545 1
17 9244 1
17 15773 1
17 16030 1
17 4899 1
17 19238 1
17 4903 1
17 8988 1
17 20010 1
17 22571 1
17 3629 1
17 7855 1
17 20878 1
17 12209 1
17 7986 1
17 12702 3
17 21814 1
17 8375 1
17 3006 1
17 832 1
17 4960 1
17 12354 2
17 9543 1
17 3528 2
17 8906 2
17 12471 1
17 6860 1
17 20429 1
17 3553 1
17 10709 1
17 15448 1
17 14426 1
17 9056 1
17 22369 1
17 2650 1
17 2024 1
17 21287 2
17 18412 1
17 238 1
17 20463 1
17 3184 1
17 13937 2
17 1140 1
17 11898 2
17 1147 1
17 16252 1
17 10365 1
17 14677 1
18 5376 1
18 13440 1
18 6787 1
18 260 1
18 14985 1
18 2443 1
18 13452 1
18 11714 1
18 7182 1
18 7567 1
18 4399 1
18 14492 1
18 10499 1
18 13078 1
18 22551 1
18 15512 1
18 8260 1
18 7451 1
18 8988 1
18 12702 3
18 22369 1
18 12704 1
18 4900 3
18 3113 1
18 22571 1
18 15660 1
18 14509 1
18 1280 1
18 7471 1
18 19764 1
18 4432 1
18 12089 1
18 11871 1
18 21949 1
18 832 2
18 4161 1
18 12354 1
18 20427 1
18 11972 1
18 15429 4
18 18119 1
18 18121 2
18 12151 1
18 6606 1
18 20303 1
18 4944 1
18 6609 5
18 9047 1
18 2899 2
18 11971 1
18 9687 1
18 13914 1
18 12891 1
18 11511 1
18 3553 1
18 7778 1
18 16616 1
18 22464 1
18 14574 1
18 18799 1
18 14448 1
18 13937 1
18 10359 1
18 11898 1
18 1147 1
18 4092 1
18 11645 1
18 5630 1
19 2435 1
19 13316 1
19 6791 1
19 22024 1
19 18528 1
19 20429 1
19 7180 1
19 12354 1
19 19939 1
19 20753 1
19 12702 1
19 22551 3
19 11161 1
19 922 1
19 14492 1
19 11162 1
19 15774 1
19 13727 1
19 20519 1
19 15772 1
19 20010 1
19 12203 1
19 8620 1
19 20142 1
19 22557 1
19 9777 1
19 11827 1
19 20405 1
19 22585 1
19 11711 1
19 22464 1
19 9056 1
19 11714 1
19 22084 1
19 10054 1
19 9543 3
19 5325 1
19 14798 1
19 13453 1
19 15864 1
19 2770 1
19 467 1
19 16468 1
19 12757 2
19 12502 1
19 13912 1
19 7644 1
19 19204 1
19 4960 1
19 3171 4
19 4945 1
19 1769 1
19 2154 1
19 20203 1
19 13941 1
19 12151 1
19 888 1
19 20692 1
19 11898 2
19 1147 2
20 13316 2
20 8961 1
20 6675 1
20 22557 1
20 6690 2
20 6691 1
20 20519 1
20 12842 1
20 22571 1
20 1068 1
20 1076 1
20 12350 1
20 12354 1
20 20037 1
20 15432 1
20 588 1
20 12888 1
20 3674 1
20 20571 1
20 22119 1
20 11385 1
20 1147 1
20 637 1
20 1670 1
20 7303 3
20 3329 1
20 6808 4
20 16543 1
20 14500 1
20 22385 3
20 21161 1
20 7902 1
20 12521 2
20 14574 2
20 10365 1
20 14576 1
20 14579 1
20 20010 4
20 1280 1
20 7937 2
20 7938 1
20 19718 1
20 8236 1
20 17162 1
20 4364 1
20 19740 1
20 17184 1
20 19238 1
20 17372 2
20 7471 1
20 14646 1
20 6458 1
20 16190 1
20 17225 1
20 21330 1
20 4960 3
20 2407 2
20 6506 1
20 20882 1
20 13681 1
20 9607 1
20 22418 5
20 238 1
20 8088 1
20 22426 1
20 13723 1
20 11162 1
20 15262 1
20 16804 1
20 15773 1
20 12360 1
20 243 1
20 12216 1
20 7101 1
20 6698 1
20 3528 1
20 12746 2
20 9171 1
20 9684 2
20 7644 2
20 17373 1
20 17376 2
20 7650 1
20 19943 1
20 20463 1
20 15855 1
20 15864 1
20 11771 1
21 1280 1
21 7937 4
21 7938 1
21 1074 1
21 19204 1
21 9606 1
21 8961 1
21 22024 1
21 4823 1
21 4364 1
21 12354 2
21 1069 1
21 7952 1
21 20882 3
21 2435 1
21 15771 1
21 22551 3
21 16644 1
21 22426 2
21 13723 1
21 12842 1
21 22557 1
21 16926 1
21 832 1
21 22435 1
21 14500 1
21 20262 1
21 9895 1
21 13532 1
21 22186 1
21 9607 1
21 14509 1
21 9033 1
21 19505 1
21 12081 1
21 1076 1
21 15774 1
21 12471 2
21 1469 1
21 17818 1
21 22464 2
21 12209 2
21 11714 1
21 8771 1
21 3524 6
21 15457 1
21 3528 2
21 21964 1
21 15563 2
21 13516 2
21 20010 2
21 2003 1
21 19540 1
21 14677 1
21 9435 1
21 3762 1
21 12888 1
21 16220 1
21 14426 2
21 17679 1
21 7644 1
21 22418 3
21 4831 1
21 4960 2
21 18960 1
21 19938 1
21 3171 6
21 18023 1
21 16616 1
21 15849 1
21 6506 1
21 2407 1
21 364 1
21 21613 1
21 15855 1
21 12656 1
21 12360 1
21 11385 1
21 11898 1
21 10365 4
21 16030 1
21 10709 1
22 512 2
22 22024 1
22 522 1
22 17424 1
22 22551 1
22 20507 1
22 9246 1
22 4640 1
22 12209 1
22 20010 1
22 8236 1
22 9777 3
22 12350 1
22 12354 2
22 8260 1
22 14426 1
22 12891 1
22 18528 1
22 6760 1
22 13937 1
22 3187 2
22 1140 1
22 1141 1
22 11898 1
22 1147 1
22 10365 1
22 3711 1
22 13440 1
22 11909 1
22 19048 1
22 13452 1
22 14993 1
22 13979 1
22 20127 1
22 9755 1
22 21617 1
22 9901 1
22 22133 1
22 16416 1
22 11976 1
22 13516 3
22 9435 1
22 11487 1
22 14560 1
22 5867 1
22 237 1
22 14576 2
22 2289 1
22 18686 2
22 7937 1
22 7938 1
22 19718 1
22 19721 1
22 19723 1
22 10510 1
22 13073 1
22 10006 2
22 6938 1
22 8988 1
22 11381 1
22 17185 2
22 11995 1
22 12580 1
22 19238 2
22 3882 1
22 7471 2
22 3888 1
22 12081 2
22 12937 1
22 6458 2
22 7996 1
22 7997 1
22 7999 3
22 14668 1
22 3554 1
22 20303 1
22 2899 1
22 9047 1
22 4960 1
22 22369 1
22 7010 1
22 9061 1
22 17553 1
22 6507 1
22 17262 3
22 12660 1
22 18812 1
22 12673 1
22 20203 1
22 9606 4
22 5005 1
22 17806 4
22 22418 1
22 17811 1
22 22423 1
22 22426 1
22 12700 1
22 15773 1
22 15262 2
22 12191 1
22 15776 1
22 20389 1
22 2990 1
22 5553 1
22 3524 1
22 3528 5
22 11213 1
22 19938 1
22 17390 1
22 3060 1
22 15863 1
23 13316 1
23 2064 1
23 10263 1
23 11292 1
23 22557 1
23 5155 2
23 20519 1
23 11817 1
23 20010 2
23 8238 1
23 9777 1
23 4019 1
23 13880 1
23 9791 1
23 12354 2
23 587 1
23 13389 1
23 7779 1
23 14426 2
23 19549 1
23 3171 3
23 22119 1
23 6760 1
23 21613 1
23 18030 1
23 6791 1
23 6802 1
23 14489 1
23 16543 1
23 10408 1
23 5301 1
23 11969 1
23 14530 1
23 10436 1
23 723 1
23 7380 1
23 2273 1
23 12521 1
23 7207 1
23 14574 1
23 20209 1
23 12026 1
23 14589 1
23 7937 3
23 16132 1
23 19718 2
23 19719 1
23 19208 1
23 22281 1
23 4364 1
23 4884 1
23 17184 1
23 18736 1
23 19238 1
23 20269 1
23 3888 1
23 11827 1
23 14646 1
23 9543 1
23 8527 1
23 9043 1
23 6996 1
23 16223 1
23 22369 1
23 9061 1
23 17262 1
23 8562 2
23 20851 1
23 12151 1
23 888 1
23 4986 1
23 20203 1
23 9606 1
23 22418 2
23 6547 1
23 19348 1
23 22421 1
23 19351 1
23 21912 1
23 11162 2
23 13723 1
23 2460 1
23 22426 1
23 15262 1
23 4007 1
23 9139 1
23 12702 1
23 20409 1
23 13242 1
23 6080 1
23 3524 1
23 14277 1
23 3528 2
23 14798 1
23 17372 1
23 19938 1
23 9703 1
23 4584 1
23 2899 1
24 7180 1
24 13487 1
24 22557 1
24 2085 1
24 19719 1
24 1074 1
24 2313 1
24 3130 1
24 8769 1
24 12354 1
24 11850 2
24 13389 1
24 16468 1
24 15448 1
24 9308 4
24 4881 1
24 4209 1
24 1140 3
24 1141 1
24 632 1
24 11898 2
24 1669 1
24 15496 1
24 1161 1
24 19606 1
24 14495 1
24 3749 1
24 9386 1
24 14509 1
24 7855 1
24 2736 1
24 8375 1
24 18108 1
24 6773 1
24 13516 1
24 18128 1
24 7889 1
24 2772 1
24 18133 1
24 12154 1
24 7911 1
24 5355 1
24 20209 1
24 4868 1
24 13574 1
24 17671 1
24 15113 2
24 4364 2
24 17680 1
24 17681 3
24 18200 1
24 19718 1
24 8486 1
24 18215 1
24 21814 1
24 14985 1
24 4413 1
24 12106 1
24 3921 1
24 14677 1
24 4441 1
24 12129 1
24 4986 2
24 18818 1
24 2435 1
24 9607 1
24 20360 1
24 3473 1
24 22442 1
24 4019 1
24 9887 1
24 11708 1
24 9034 1
24 11714 1
24 3524 1
24 21957 1
24 4038 2
24 6599 1
24 9684 1
24 9686 1
24 4602 1
24 10208 1
24 2029 1
24 9716 1
24 20564 1
24 18426 1
24 11771 1
24 17066 1
24 19285 1
25 13316 3
25 11787 1
25 11790 1
25 2648 1
25 8216 1
25 22557 1
25 11817 1
25 1074 1
25 4019 1
25 20532 1
25 13884 1
25 8765 1
25 1076 1
25 9312 1
25 12354 1
25 3937 1
25 11850 1
25 20046 1
25 20047 1
25 592 1
25 20561 1
25 13398 1
25 1111 1
25 13912 1
25 14426 1
25 5211 1
25 9308 10
25 18528 1
25 9316 4
25 17681 2
25 2407 1
25 21613 1
25 2674 1
25 1140 1
25 11381 1
25 1669 1
25 20614 1
25 18056 1
25 5266 1
25 5276 1
25 18590 1
25 2928 1
25 21618 1
25 6685 1
25 9398 2
25 19133 1
25 14016 1
25 17093 1
25 9420 1
25 18128 1
25 8568 1
25 11992 1
25 13532 1
25 4831 1
25 739 1
25 7911 1
25 20203 1
25 13558 1
25 11511 2
25 1790 1
25 18692 2
25 17671 1
25 19208 1
25 4364 2
25 4881 1
25 11541 1
25 12055 1
25 21274 1
25 8988 1
25 17185 1
25 475 1
25 7471 2
25 4915 1
25 10549 1
25 21305 1
25 10555 1
25 10044 1
25 16190 1
25 22339 1
25 12618 1
25 12110 1
25 3921 1
25 9047 1
25 861 1
25 14689 1
25 13159 1
25 7996 1
25 8043 2
25 19312 1
25 18805 1
25 1400 1
25 4986 2
25 18812 1
25 21739 1
25 9816 1
25 22418 1
25 19347 1
25 19348 1
25 405 1
25 12183 1
25 15773 1
25 20389 1
25 2990 1
25 15795 1
25 15797 1
25 20468 2
25 13242 1
25 15292 1
25 7101 1
25 7104 1
25 3528 3
25 7633 1
25 9686 1
25 19419 1
25 8158 1
25 22500 2
25 20453 3
25 20509 1
25 9198 2
25 20463 1
25 11760 1
25 3058 1
25 9716 1
25 20470 1
25 2040 1
25 11771 3
26 8832 1
26 6400 1
26 2435 1
26 4868 1
26 1669 1
26 11014 1
26 20871 1
26 11656 1
26 22188 1
26 20234 1
26 17680 1
26 12689 1
26 16276 1
26 7471 1
26 13730 1
26 3369 2
26 22442 1
26 10119 1
26 8236 1
26 22447 1
26 15664 1
26 19208 1
26 6709 1
26 13952 1
26 16201 1
26 7226 2
26 10555 2
26 19900 1
26 21949 2
26 3528 2
26 21833 1
26 16202 2
26 22119 1
26 460 1
26 11600 1
26 465 1
26 14422 1
26 14426 2
26 4346 1
26 12510 1
26 19938 1
26 21094 1
26 5863 1
26 20203 1
26 18540 1
26 7101 1
26 13937 1
26 13516 1
26 21619 1
26 1140 1
26 21878 1
26 12360 1
26 15994 1
27 8961 1
27 11394 1
27 3332 1
27 12805 1
27 19009 1
27 7178 1
27 18571 1
27 13452 1
27 15246 1
27 17424 2
27 22418 2
27 6678 1
27 22423 1
27 17412 1
27 13979 1
27 22114 1
27 20254 2
27 4037 1
27 18468 1
27 7463 1
27 19113 1
27 3626 1
27 22571 1
27 1580 1
27 18349 1
27 2990 2
27 2991 1
27 7476 1
27 12510 1
27 20663 1
27 15160 1
27 9716 1
27 5535 1
27 15808 1
27 16224 1
27 11714 1
27 1526 1
27 18692 1
27 13516 3
27 12471 3
27 6732 1
27 13026 1
27 17359 1
27 17105 1
27 17106 1
27 9043 1
27 14677 2
27 9046 1
27 13388 1
27 14937 1
27 15994 1
27 17630 1
27 10464 2
27 7952 1
27 7650 1
27 13161 1
27 21739 2
27 364 1
27 1362 1
27 19951 1
27 10737 1
27 1140 2
27 9726 1
27 268 1
27 11511 1
27 11898 1
27 14973 1
27 13950 1
28 8449 1
28 11394 1
28 1669 1
28 10012 1
28 13704 1
28 2443 1
28 4364 1
28 11714 1
28 11151 3
28 17042 1
28 22617 1
28 13252 2
28 11162 1
28 8988 1
28 15773 1
28 18463 1
28 15268 1
28 17317 1
28 10407 1
28 11292 2
28 20010 1
28 4011 1
28 22557 1
28 2991 2
28 9777 1
28 4019 1
28 1076 1
28 17630 1
28 11318 1
28 13113 1
28 15548 1
28 3134 1
28 5567 1
28 18905 2
28 10051 1
28 8260 1
28 950 1
28 13978 1
28 9034 1
28 12162 1
28 13516 4
28 4941 2
28 22426 2
28 4944 1
28 19028 1
28 6997 1
28 10329 3
28 2394 1
28 12510 3
28 4960 1
28 18017 1
28 11363 1
28 3940 1
28 11708 1
28 20519 1
28 8556 1
28 20463 1
28 10737 1
28 19124 1
28 1140 1
28 1141 1
28 1526 1
28 3626 1
29 12288 1
29 9728 1
29 13316 2
29 11790 1
29 13400 1
29 8740 1
29 8236 1
29 1074 1
29 18483 1
29 12341 1
29 3134 1
29 9791 1
29 2113 1
29 12354 1
29 6732 2
29 7765 1
29 5207 1
29 9816 1
29 3171 1
29 6760 1
29 21613 1
29 14448 1
29 1141 2
29 2166 1
29 10359 1
29 1147 2
29 637 1
29 7104 1
29 8325 1
29 6791 2
29 14475 1
29 13452 2
29 17688 1
29 15512 1
29 13979 1
29 10407 1
29 22188 2
29 13502 1
29 13516 2
29 10972 1
29 12510 1
29 13026 1
29 5867 2
29 241 1
29 11511 1
29 1280 1
29 7938 1
29 3332 1
29 15621 1
29 15660 1
29 17681 1
29 7960 2
29 7964 2
29 17184 1
29 20780 1
29 16193 1
29 3006 1
29 9543 1
29 4941 1
29 6994 1
29 2899 1
29 9047 1
29 15709 1
29 2911 1
29 16747 1
29 20203 1
29 2442 1
29 2443 1
29 11151 1
29 22418 2
29 19348 1
29 2453 1
29 11672 1
29 22426 1
29 15262 1
29 5535 1
29 20389 2
29 4007 1
29 4423 1
29 2991 1
29 12209 1
29 12734 1
29 22464 1
29 19396 1
29 4037 1
29 4038 3
29 588 1
29 6602 1
29 20427 1
29 20429 1
29 9167 1
29 467 1
29 10709 1
29 9687 1
29 7646 1
29 18911 2
29 12888 1
29 11760 1
29 1526 1
29 2040 2
29 9726 1
30 11392 2
30 1280 1
30 13316 1
30 18181 1
30 11014 1
30 14081 1
30 19208 1
30 11180 1
30 268 1
30 6413 2
30 20037 2
30 2835 1
30 17070 1
30 10329 1
30 3332 1
30 13979 3
30 9831 1
30 15774 1
30 4037 1
30 4384 1
30 18596 1
30 7206 1
30 20519 1
30 19113 1
30 20010 1
30 11948 1
30 5038 1
30 7471 1
30 1074 1
30 20024 1
30 20026 1
30 5947 2
30 12151 1
30 20512 1
30 22119 1
30 19019 1
30 3318 1
30 4038 1
30 13255 1
30 9033 1
30 9034 1
30 20427 1
30 13516 4
30 4943 1
30 11601 1
30 467 1
30 9684 2
30 11790 1
30 4185 1
30 20570 1
30 20047 1
30 12510 1
30 3758 2
30 19938 1
30 739 1
30 3685 1
30 4049 1
30 20203 1
30 21613 1
30 21617 1
30 2899 1
30 1525 1
30 20470 1
30 12663 1
30 18808 1
30 7039 1
30 13950 1
30 14677 1
31 588 1
31 14081 1
31 13316 2
31 9610 1
31 1163 1
31 16268 1
31 16269 1
31 11791 1
31 16272 1
31 10515 1
31 21912 1
31 19102 1
31 20384 1
31 15651 1
31 11940 1
31 3113 1
31 2348 1
31 8749 1
31 7471 1
31 14483 1
31 3315 1
31 9013 2
31 9014 1
31 18746 1
31 2911 2
31 3392 2
31 13505 1
31 13506 1
31 20035 1
31 20300 1
31 13516 3
31 17359 1
31 6736 1
31 4947 1
31 6741 1
31 13398 1
31 9047 1
31 8797 1
31 16223 1
31 22369 1
31 2914 1
31 21094 1
31 5094 1
31 2025 1
31 2666 1
31 15214 1
31 2416 1
31 13485 1
31 18282 1
31 1141 1
31 20856 1
31 3321 1
31 2154 1
31 13950 1
31 10965 1
32 2176 1
32 14592 1
32 20033 1
32 13316 5
32 2309 1
32 16135 1
32 2696 1
32 8556 1
32 20429 1
32 4364 1
32 9228 1
32 1669 1
32 21699 1
32 17612 1
32 22422 1
32 19096 2
32 3183 1
32 10012 1
32 15262 1
32 8342 1
32 15266 1
32 7204 1
32 8486 1
32 14503 1
32 13980 1
32 22442 1
32 8236 1
32 5806 1
32 16546 1
32 9013 1
32 9014 1
32 439 1
32 6736 1
32 12091 2
32 8636 1
32 4413 1
32 15808 1
32 8641 1
32 12354 1
32 20547 5
32 3524 1
32 8182 1
32 1351 1
32 11977 1
32 13514 1
32 13516 1
32 15820 1
32 847 1
32 11600 1
32 7121 1
32 10710 1
32 5565 1
32 2394 1
32 6735 1
32 16092 1
32 9033 1
32 12510 1
32 1580 1
32 22464 1
32 20449 1
32 15971 1
32 19238 1
32 1769 1
32 5866 1
32 5996 1
32 21613 1
32 7278 1
32 7279 1
32 11632 1
32 13937 1
32 1140 1
32 2166 1
32 14484 1
32 2834 1
32 13950 2
33 13316 4
33 13398 1
33 7686 1
33 11790 1
33 22032 1
33 2073 1
33 22557 1
33 8236 2
33 8749 1
33 11834 1
33 8766 1
33 6732 1
33 1617 1
33 6741 1
33 13710 2
33 8797 1
33 19050 1
33 19056 1
33 13937 1
33 1140 1
33 12734 1
33 16831 1
33 22140 2
33 13950 1
33 15809 2
33 16543 1
33 18080 1
33 10407 1
33 6825 1
33 14509 1
33 5306 1
33 6865 1
33 17637 3
33 17638 2
33 17639 1
33 757 1
33 4867 1
33 3332 1
33 2309 1
33 19718 1
33 17672 1
33 268 1
33 12589 1
33 18194 1
33 6934 1
33 19740 1
33 20256 1
33 7463 1
33 5416 1
33 3373 1
33 7475 1
33 9013 1
33 3386 1
33 8512 2
33 3393 1
33 20291 1
33 20292 1
33 22341 1
33 10061 1
33 11600 1
33 18769 1
33 14677 1
33 16226 1
33 18282 1
33 5996 1
33 20850 1
33 7039 1
33 9600 1
33 9606 1
33 3467 1
33 15246 1
33 4511 1
33 20384 1
33 15266 1
33 22442 2
33 12716 1
33 18866 1
33 5044 1
33 3006 1
33 5567 2
33 8641 1
33 4034 1
33 4038 1
33 13255 1
33 9167 1
33 3536 3
33 19411 1
33 2025 1
33 3562 2
33 4601 2
34 14592 4
34 1664 1
34 18818 1
34 15491 1
34 13316 1
34 9174 1
34 19718 1
34 16775 1
34 14601 1
34 906 2
34 14743 1
34 4364 1
34 14338 1
34 22032 1
34 2834 1
34 2835 1
34 22551 1
34 22426 2
34 17435 1
34 15216 1
34 13475 1
34 14500 1
34 5478 1
34 5927 1
34 13663 1
34 3369 1
34 12842 1
34 4999 1
34 20396 1
34 3762 1
34 16814 1
34 7471 2
34 10463 1
34 1074 1
34 4019 1
34 5174 1
34 5431 1
34 14136 1
34 6713 2
34 3258 2
34 17467 1
34 16446 1
34 3392 1
34 4161 1
34 12354 1
34 20547 1
34 9924 1
34 15817 1
34 20298 1
34 17996 1
34 846 1
34 11215 1
34 3536 4
34 8641 1
34 13650 1
34 19072 1
34 19286 1
34 15194 1
34 15709 1
34 12510 2
34 10975 1
34 15713 1
34 2914 1
34 740 1
34 15845 1
34 4326 1
34 4329 1
34 7463 1
34 21613 1
34 18030 1
34 20847 1
34 22512 1
34 1140 2
34 9918 1
34 3113 1
34 17530 1
34 13950 2
34 22271 1
35 1280 1
35 7427 1
35 18436 1
35 20357 1
35 12481 1
35 1032 1
35 17290 1
35 12354 1
35 22140 1
35 8079 1
35 8208 1
35 11614 2
35 2834 1
35 14357 1
35 21617 1
35 12187 1
35 1564 2
35 11381 1
35 9777 1
35 8993 1
35 931 1
35 20260 1
35 13937 1
35 20209 1
35 3369 1
35 3499 2
35 940 1
35 7089 1
35 9816 1
35 22196 1
35 12894 1
35 9398 1
35 10740 1
35 8250 1
35 5435 2
35 14986 1
35 9791 1
35 15704 1
35 18592 1
35 15248 1
35 2755 1
35 2757 1
35 6709 2
35 20056 1
35 20169 2
35 12746 1
35 12663 1
35 20172 1
35 4193 1
35 3151 2
35 21328 1
35 10577 1
35 14931 1
35 21076 1
35 14677 1
35 13398 1
35 3927 1
35 12888 1
35 2265 1
35 19290 1
35 20047 1
35 18654 1
35 7013 1
35 22369 1
35 3298 1
35 15845 1
35 9873 1
35 1076 1
35 8425 2
35 743 1
35 18540 1
35 8303 1
35 22385 1
35 3700 1
35 1141 2
35 20854 1
35 11511 1
35 18168 1
35 14888 1
35 11388 1
35 15486 1
36 4992 1
36 22442 1
36 8641 1
36 13316 2
36 20299 1
36 15495 1
36 8585 1
36 907 1
36 14988 1
36 5901 1
36 13710 2
36 16195 1
36 13516 2
36 917 1
36 8342 1
36 2455 1
36 21912 1
36 1818 1
36 3484 1
36 22426 1
36 4511 1
36 7204 1
36 7460 1
36 2085 1
36 5158 1
36 12081 1
36 2460 1
36 10410 1
36 12716 1
36 15405 1
36 2077 1
36 15664 1
36 5425 1
36 13490 1
36 3113 1
36 17207 1
36 9912 1
36 12089 1
36 15160 1
36 19900 1
36 4413 1
36 9305 1
36 11787 1
36 4161 1
36 19907 1
36 9924 1
36 11207 1
36 12360 1
36 20297 1
36 11210 1
36 15819 1
36 20300 1
36 19789 1
36 20302 1
36 20047 1
36 15441 1
36 17188 1
36 6741 1
36 20695 2
36 4185 1
36 13658 1
36 13019 3
36 11612 1
36 7645 2
36 2911 1
36 1303 1
36 20547 1
36 6746 2
36 17637 1
36 9831 1
36 5866 1
36 460 1
36 22551 1
36 14448 2
36 7650 1
36 17395 1
36 5108 1
36 6773 1
36 3369 1
36 9336 1
36 20177 1
36 11900 1
36 19050 1
36 2133 1
37 12288 1
37 13316 3
37 6153 1
37 6155 1
37 11790 2
37 17424 1
37 22551 4
37 18948 1
37 20507 1
37 9247 1
37 20010 1
37 1580 1
37 20022 1
37 13370 1
37 18017 1
37 11850 1
37 6732 1
37 2640 1
37 20561 1
37 13398 1
37 12888 1
37 12891 1
37 2144 1
37 22032 1
37 21606 1
37 6760 1
37 21613 1
37 11887 1
37 14448 1
37 1140 2
37 5246 1
37 11392 1
37 1669 3
37 20103 1
37 14484 1
37 19093 1
37 16543 1
37 10523 1
37 21671 1
37 12471 1
37 5304 1
37 3258 1
37 15548 1
37 21696 1
37 13516 1
37 2770 1
37 11992 2
37 15164 1
37 13545 1
37 5867 1
37 244 1
37 14583 1
37 4867 1
37 19718 2
37 4364 1
37 6927 1
37 11547 1
37 11548 1
37 22303 1
37 12081 1
37 9013 1
37 12089 3
37 15162 1
37 3900 2
37 9543 1
37 13129 1
37 846 1
37 2899 1
37 14677 4
37 6458 1
37 4960 1
37 10601 1
37 18287 1
37 22386 1
37 233 1
37 9606 2
37 2443 1
37 8077 1
37 17806 1
37 11151 1
37 20882 1
37 7062 1
37 920 2
37 15773 2
37 15774 1
37 20389 1
37 22442 2
37 2375 1
37 16814 1
37 11165 1
37 9033 1
37 5564 1
37 11714 2
37 19396 1
37 3528 1
37 12364 1
37 20427 1
37 20429 1
37 6606 1
37 8158 2
37 8161 1
37 14312 1
37 3562 1
37 4602 1
37 22011 1
38 14592 1
38 20203 3
38 3332 1
38 1669 1
38 16134 1
38 8641 1
38 22024 1
38 18185 1
38 11787 1
38 268 1
38 7823 1
38 22032 1
38 20519 1
38 17044 1
38 14574 1
38 7321 1
38 2460 1
38 13979 1
38 14492 2
38 20570 1
38 11333 1
38 17184 1
38 21794 1
38 19875 1
38 7332 1
38 19718 2
38 20774 1
38 17703 1
38 3369 1
38 22442 3
38 12716 1
38 3373 1
38 7278 1
38 8989 1
38 8753 1
38 9014 1
38 20409 1
38 20666 1
38 20924 1
38 1598 1
38 1140 1
38 5570 1
38 8771 1
38 12357 1
38 12746 2
38 13389 2
38 12878 1
38 18769 1
38 2899 2
38 7380 1
38 18005 1
38 15830 1
38 9047 1
38 2394 2
38 18420 1
38 10206 1
38 6623 1
38 21264 1
38 5986 1
38 999 1
38 4007 2
38 18030 2
38 22385 2
38 16243 1
38 8180 1
38 9593 1
38 11515 2
38 22140 1
38 3839 2
39 13316 1
39 15448 2
39 22551 1
39 9241 3
39 9245 1
39 7205 1
39 3626 1
39 1068 1
39 20528 1
39 9777 1
39 11834 1
39 8765 1
39 12350 1
39 12354 1
39 22086 1
39 585 1
39 13389 2
39 590 1
39 15439 1
39 20560 1
39 15441 1
39 22100 1
39 6741 2
39 12888 1
39 14426 1
39 12891 1
39 13404 1
39 14432 1
39 22113 1
39 14435 1
39 7278 2
39 15994 1
39 17019 1
39 13950 1
39 6790 1
39 20625 1
39 3694 1
39 13978 1
39 16551 1
39 22188 1
39 14509 1
39 13487 1
39 11969 1
39 20684 1
39 13516 3
39 3802 1
39 9435 1
39 13532 1
39 741 1
39 7937 1
39 1580 1
39 22286 1
39 7952 1
39 8474 1
39 17188 1
39 7463 1
39 7466 1
39 12080 1
39 17202 1
39 21814 2
39 4423 2
39 4942 1
39 20303 2
39 4944 1
39 16017 1
39 13161 1
39 17810 1
39 13167 1
39 13692 1
39 9606 1
39 9610 1
39 8770 1
39 17806 1
39 11665 1
39 22418 1
39 14743 1
39 11672 1
39 11161 1
39 3055 1
39 15773 2
39 15774 1
39 12192 1
39 931 1
39 11684 2
39 4007 1
39 7087 1
39 9139 1
39 18874 1
39 11714 1
39 19907 1
39 4037 2
39 3528 2
39 15817 3
39 15819 1
39 9167 1
39 19417 1
39 15322 1
39 7644 1
39 7137 1
39 11749 1
39 7079 1
39 20463 2
39 8184 1
39 17492 1
39 17404 1
39 10837 1
40 9730 1
40 18948 1
40 7937 1
40 11279 1
40 17424 1
40 8726 1
40 2991 1
40 5150 2
40 9247 3
40 8737 1
40 22050 1
40 21540 1
40 20010 1
40 1580 1
40 9777 1
40 1076 1
40 12350 1
40 9791 1
40 12354 3
40 7236 1
40 12870 2
40 6732 1
40 20046 4
40 6736 1
40 12883 1
40 6741 1
40 10329 1
40 22117 1
40 20076 1
40 21613 2
40 3694 1
40 7279 2
40 21617 1
40 8822 2
40 11385 1
40 8321 1
40 6787 3
40 3206 3
40 8327 1
40 3692 2
40 5259 1
40 22163 1
40 14485 1
40 8857 2
40 9882 1
40 8859 1
40 16543 1
40 7329 1
40 12471 1
40 5306 1
40 19133 1
40 19648 1
40 2243 1
40 17093 1
40 8906 1
40 13516 4
40 7888 1
40 3797 1
40 9947 1
40 13532 1
40 5866 1
40 9451 1
40 18673 1
40 15616 2
40 8961 1
40 3332 1
40 2309 1
40 4364 1
40 7451 1
40 8988 1
40 8993 1
40 19238 1
40 15144 1
40 3369 1
40 6954 2
40 10545 1
40 21299 1
40 9013 1
40 21305 1
40 20794 1
40 5947 1
40 395 1
40 11600 1
40 12625 1
40 14677 1
40 855 1
40 7520 1
40 22369 1
40 10555 2
40 9572 1
40 9069 1
40 15216 1
40 1403 1
40 235 1
40 1927 1
40 1931 1
40 17810 1
40 2454 1
40 1947 2
40 6298 1
40 22442 2
40 15773 1
40 7095 3
40 3009 1
40 11714 1
40 6602 1
40 9170 1
40 2003 1
40 8666 1
40 9182 2
40 4944 1
40 17895 1
40 15855 1
40 3058 1
40 1526 1
40 18425 1
40 10746 1
41 6531 1
41 3332 1
41 11528 1
41 6153 1
41 11792 1
41 16017 1
41 4115 1
41 12950 1
41 22551 1
41 10265 1
41 11162 1
41 13979 1
41 17184 1
41 8738 1
41 20687 1
41 20010 1
41 8236 1
41 2568 1
41 22340 1
41 12089 1
41 6459 1
41 9918 1
41 11969 1
41 7236 1
41 17093 1
41 17094 1
41 9543 1
41 13516 1
41 11726 1
41 20047 2
41 6741 1
41 8923 1
41 10206 1
41 17890 3
41 15491 1
41 17359 1
41 743 1
41 360 1
41 7278 1
41 16416 1
41 5822 1
41 10746 1
41 1147 1
42 512 1
42 6153 2
42 1044 1
42 19989 1
42 18969 1
42 9247 1
42 12837 1
42 1067 1
42 1068 1
42 1074 1
42 1076 2
42 3638 1
42 8765 1
42 8769 1
42 20034 1
42 14404 1
42 14433 1
42 20043 1
42 6732 1
42 5198 1
42 20047 2
42 4187 1
42 1631 1
42 18017 1
42 21613 1
42 21617 1
42 13943 1
42 6776 1
42 11385 1
42 18042 1
42 5757 1
42 22464 1
42 15491 1
42 18579 1
42 19093 1
42 4758 1
42 3097 2
42 20632 1
42 22175 1
42 10407 2
42 5800 1
42 12471 1
42 3258 2
42 15548 1
42 12481 1
42 17093 3
42 17094 3
42 19656 2
42 8906 1
42 10359 1
42 13516 1
42 8915 2
42 2779 1
42 12897 1
42 587 1
42 3299 1
42 3332 1
42 9451 1
42 14574 1
42 21629 1
42 5874 1
42 19190 1
42 11511 1
42 8449 1
42 20228 1
42 11014 1
42 5896 1
42 3339 1
42 268 1
42 2834 1
42 10016 1
42 20260 1
42 19243 1
42 12589 1
42 7982 1
42 13105 1
42 7986 1
42 2873 1
42 8008 1
42 15330 1
42 12625 1
42 2899 1
42 14677 2
42 9047 1
42 7520 1
42 14689 1
42 17258 1
42 364 1
42 9069 1
42 6000 1
42 17787 1
42 18818 2
42 15747 1
42 9606 1
42 2443 1
42 8592 1
42 10644 1
42 22426 1
42 20892 1
42 21392 1
42 15266 1
42 20389 1
42 1959 1
42 11693 1
42 11711 1
42 15808 1
42 4033 1
42 6082 1
42 451 1
42 19397 1
42 16838 1
42 1100 1
42 20427 1
42 7119 1
42 18904 1
42 17890 2
42 2531 1
42 17895 1
42 2540 1
42 6125 1
42 22006 1
42 10746 1
43 588 1
43 18818 1
43 15491 1
43 13316 3
43 8454 1
43 17672 1
43 11787 1
43 4364 1
43 18114 1
43 8208 1
43 1044 1
43 22551 2
43 7451 1
43 12700 1
43 15774 1
43 3493 1
43 20519 1
43 3113 1
43 3627 1
43 8236 2
43 3629 1
43 7471 1
43 19208 2
43 1076 2
43 15817 2
43 2105 1
43 15547 2
43 19132 1
43 6986 1
43 10080 1
43 11714 1
43 21699 1
43 4038 1
43 9543 1
43 17612 2
43 11850 1
43 20427 1
43 13516 1
43 10893 1
43 8706 1
43 8917 1
43 16470 2
43 2775 1
43 20047 1
43 16605 1
43 3166 1
43 4960 1
43 7952 1
43 17890 1
43 19939 1
43 7141 1
43 22121 2
43 7278 1
43 21618 1
43 1140 1
43 11381 1
43 8182 1
43 8188 1
43 6142 1
43 6741 1
44 7180 1
44 15373 1
44 17424 1
44 1044 1
44 9237 1
44 4635 1
44 18975 1
44 6690 1
44 20010 2
44 3627 1
44 21548 1
44 3629 2
44 20024 1
44 20537 1
44 22589 1
44 9791 1
44 17996 1
44 13389 1
44 20047 1
44 2640 1
44 20053 2
44 10329 1
44 1639 1
44 21613 1
44 1140 2
44 2166 1
44 1147 2
44 1149 1
44 15491 1
44 13249 1
44 17547 1
44 2196 1
44 14486 2
44 4776 1
44 22186 1
44 12471 1
44 13516 3
44 20684 1
44 14035 1
44 11992 2
44 16094 1
44 7903 1
44 8425 1
44 10365 1
44 12842 1
44 14592 1
44 8961 2
44 19718 1
44 19719 1
44 18185 2
44 5386 2
44 2835 1
44 7451 1
44 7463 1
44 5929 1
44 10206 1
44 9014 1
44 12089 1
44 3386 1
44 3395 1
44 9541 1
44 12110 1
44 14677 3
44 22585 2
44 15709 1
44 3425 1
44 16238 1
44 21878 1
44 19348 2
44 8570 1
44 3647 1
44 9606 5
44 20360 1
44 17806 1
44 8079 1
44 21392 1
44 22418 1
44 2452 1
44 920 1
44 15773 1
44 15262 1
44 20384 1
44 13218 1
44 2991 1
44 12209 1
44 435 2
44 13244 1
44 20417 1
44 4037 2
44 4038 1
44 20429 1
44 6606 2
44 4049 1
44 10710 1
44 7645 1
44 8158 2
44 17890 1
44 2025 1
44 20463 1
44 7163 1
45 13316 3
45 22551 2
45 22557 2
45 1580 1
45 9777 1
45 3635 1
45 20024 1
45 22585 1
45 12352 2
45 12354 1
45 588 3
45 13901 1
45 18521 3
45 18528 1
45 12390 2
45 22119 1
45 11372 1
45 7471 1
45 1140 2
45 1141 2
45 1147 2
45 14462 1
45 1665 1
45 20103 1
45 15496 1
45 13592 1
45 14492 1
45 8879 1
45 19124 1
45 21878 1
45 13516 1
45 10961 1
45 16092 2
45 16094 1
45 18386 1
45 20194 1
45 21739 1
45 4845 1
45 3311 1
45 12018 1
45 7427 1
45 6406 1
45 4872 1
45 1068 1
45 9491 1
45 6421 1
45 9496 1
45 7451 1
45 19740 1
45 8753 1
45 5928 1
45 12076 1
45 3375 1
45 18056 3
45 7474 2
45 6989 1
45 847 1
45 22368 1
45 22369 1
45 22385 1
45 10102 1
45 5498 1
45 4988 1
45 21888 1
45 12162 1
45 9606 1
45 6537 1
45 19347 1
45 11160 1
45 6554 1
45 5276 1
45 22442 1
45 16814 1
45 2480 1
45 12734 1
45 11711 1
45 11714 1
45 16324 1
45 19397 1
45 4038 2
45 3528 1
45 18891 1
45 9170 1
45 7124 1
45 2029 1
45 3055 1
45 13296 1
45 22517 1
45 6142 1
46 5248 1
46 8195 1
46 8964 1
46 19461 1
46 9407 1
46 9924 1
46 15031 1
46 13078 1
46 17688 2
46 11161 1
46 9918 1
46 17435 1
46 15773 1
46 13316 1
46 11381 1
46 20384 1
46 7463 1
46 20008 1
46 11569 1
46 14689 1
46 8918 1
46 9777 1
46 819 1
46 3636 1
46 10206 1
46 9790 1
46 16373 1
46 2873 1
46 9887 2
46 13884 1
46 7101 1
46 7870 2
46 11711 1
46 11969 2
46 11714 1
46 1099 2
46 12100 1
46 9541 1
46 327 1
46 4019 1
46 16446 1
46 20429 1
46 4942 1
46 15824 2
46 16850 1
46 9043 1
46 11792 1
46 6489 1
46 602 1
46 16220 1
46 15709 1
46 16094 1
46 7903 1
46 17872 1
46 17890 1
46 1147 1
46 22245 2
46 7911 1
46 8041 1
46 17895 1
46 18028 1
46 21613 1
46 20463 2
46 11760 1
46 13937 2
46 1140 3
46 1141 1
46 18808 1
46 2297 1
46 11771 1
46 1206 1
46 6142 1
46 2165 1
47 8706 1
47 13316 2
47 6406 1
47 8175 1
47 20234 1
47 8079 1
47 408 1
47 916 1
47 13230 1
47 9112 1
47 11418 1
47 7451 1
47 20384 1
47 548 1
47 15403 1
47 1454 1
47 21295 1
47 15666 1
47 19124 1
47 9146 1
47 20447 1
47 15808 1
47 12354 1
47 13388 1
47 13516 1
47 5838 1
47 9167 2
47 9937 1
47 12883 1
47 2004 1
47 9816 1
47 3289 1
47 18911 1
47 7648 1
47 15215 1
47 11963 1
47 9831 1
47 7659 1
47 21613 2
47 20463 1
47 2289 1
47 1141 1
47 18042 1
47 1147 1
47 19093 1
48 14336 1
48 8706 1
48 6571 1
48 11524 1
48 9355 1
48 2830 1
48 4496 1
48 8209 1
48 8214 1
48 17688 2
48 2180 1
48 8604 1
48 18205 1
48 8479 1
48 22053 1
48 19238 1
48 8619 3
48 22188 1
48 22557 1
48 12209 1
48 2968 1
48 19636 4
48 4920 1
48 1140 2
48 17466 3
48 14154 1
48 16831 1
48 8641 1
48 13252 1
48 12742 1
48 13113 1
48 13388 1
48 8906 1
48 20427 2
48 13516 1
48 13901 1
48 9038 2
48 17359 1
48 9424 1
48 2360 1
48 11987 1
48 10452 1
48 19285 1
48 22585 1
48 22232 1
48 2522 2
48 16606 1
48 5797 1
48 11600 1
48 4603 1
48 20203 1
48 15215 1
48 9843 1
48 22388 1
48 1141 1
48 12151 1
48 1147 1
