1 8449 1
1 4868 1
1 4360 1
1 8236 1
1 13834 1
1 7691 1
1 8079 1
1 22032 1
1 13331 1
1 10264 1
1 13444 1
1 879 1
1 9887 1
1 21536 1
1 15266 1
1 10337 1
1 11180 1
1 3629 1
1 6702 1
1 2525 1
1 432 1
1 15666 1
1 17395 1
1 1844 1
1 10679 1
1 10555 1
1 2747 1
1 18108 1
1 21821 1
1 14782 1
1 1076 1
1 15808 1
1 9543 1
1 15432 1
1 15461 1
1 8013 1
1 13389 1
1 19124 1
1 8021 1
1 21305 1
1 12717 1
1 17373 1
1 2399 1
1 5089 1
1 19555 1
1 6245 1
1 8422 1
1 10728 1
1 8892 1
1 20206 1
1 19133 1
1 5489 1
1 15859 1
1 12918 1
1 17016 1
1 11641 1
1 19900 1
1 6652 1
2 12288 1
2 17929 1
2 20491 1
2 3084 2
2 1282 1
2 22032 4
2 2586 1
2 18460 1
2 12835 1
2 2596 1
2 1576 1
2 4649 1
2 20524 1
2 7520 1
2 4146 1
2 12852 1
2 12341 1
2 13878 1
2 19124 1
2 4666 1
2 13885 1
2 6718 1
2 17248 1
2 5698 1
2 12360 1
2 15435 1
2 588 1
2 12878 1
2 13905 1
2 855 2
2 21588 1
2 12670 1
2 8792 1
2 9817 1
2 15119 1
2 18528 1
2 3260 1
2 2666 1
2 18030 1
2 8815 1
2 14448 1
2 21617 1
2 4722 1
2 1163 1
2 3189 1
2 10871 1
2 14970 1
2 9854 1
2 7608 1
2 13963 2
2 9873 1
2 14488 1
2 6809 1
2 14495 1
2 18080 1
2 5793 1
2 15473 1
2 4776 1
2 1564 1
2 7854 1
2 15023 1
2 13488 1
2 20148 1
2 13493 1
2 8376 1
2 9915 1
2 8892 2
2 19133 1
2 9918 1
2 6347 1
2 9924 1
2 10951 1
2 20168 2
2 13515 1
2 13176 1
2 22234 1
2 16092 1
2 5855 1
2 5347 1
2 8421 1
2 8425 1
2 17642 1
2 21228 1
2 1917 1
2 20723 1
2 8437 1
2 13046 1
2 759 1
2 17657 1
2 14592 1
2 7937 1
2 17154 1
2 2820 1
2 18185 1
2 6926 1
2 5391 1
2 1810 1
2 2839 1
2 2841 1
2 7451 1
2 7455 2
2 20774 1
2 16775 1
2 16434 1
2 15666 1
2 2355 1
2 14136 1
2 21305 1
2 19770 1
2 4831 1
2 16700 1
2 18240 1
2 15499 1
2 21829 1
2 6982 2
2 10636 2
2 15184 1
2 21841 1
2 11603 2
2 11604 1
2 3641 1
2 3419 1
2 5433 1
2 15710 1
2 16224 1
2 8039 1
2 15208 1
2 19943 1
2 3958 2
2 17271 1
2 3960 1
2 3962 1
2 5434 1
2 17208 1
2 11133 1
2 1918 1
2 8064 1
2 15751 1
2 17804 3
2 11664 1
2 11154 1
2 917 1
2 8101 1
2 14758 1
2 17322 1
2 4011 1
2 16812 1
2 7089 3
2 2998 1
2 15800 1
2 22464 1
2 21953 1
2 18886 1
2 18376 1
2 13388 1
2 12746 1
2 15308 1
2 12749 1
2 6328 1
2 9167 1
2 15312 1
2 22486 1
2 11771 1
2 4433 1
2 12776 1
2 3058 1
2 8531 1
2 18932 1
2 3061 1
2 7670 1
2 14327 1
2 7160 1
2 6137 1
2 13819 1
2 15871 1
3 12288 2
3 8705 2
3 13316 1
3 16902 1
3 3084 1
3 4115 1
3 10262 1
3 16925 1
3 18975 1
3 4128 1
3 700 1
3 11815 1
3 1576 1
3 18473 1
3 3627 1
3 22572 1
3 3629 1
3 1076 1
3 22581 1
3 17975 1
3 17465 1
3 13885 1
3 12350 1
3 5186 1
3 7236 1
3 4677 1
3 19553 1
3 15432 1
3 22601 1
3 13389 1
3 12880 1
3 13905 1
3 10836 1
3 599 1
3 7658 1
3 10338 1
3 20384 1
3 15460 1
3 7782 1
3 8809 1
3 13418 2
3 11887 2
3 5232 1
3 8817 1
3 6770 1
3 18035 1
3 18037 1
3 10359 1
3 632 1
3 14970 1
3 13435 1
3 9074 1
3 13445 1
3 6791 1
3 10890 1
3 1163 2
3 9873 1
3 1174 1
3 14488 1
3 8355 1
3 21190 1
3 9901 1
3 19124 1
3 5813 1
3 19145 1
3 8376 1
3 16569 1
3 8892 3
3 19133 2
3 4831 1
3 14017 1
3 12994 1
3 2755 1
3 21702 1
3 6345 2
3 13516 2
3 5838 1
3 14543 1
3 7888 1
3 14456 1
3 4303 1
3 13532 1
3 11898 1
3 5855 2
3 13536 1
3 8144 1
3 3963 1
3 8421 3
3 12007 1
3 6377 1
3 2795 1
3 20722 1
3 11134 1
3 19497 1
3 9469 1
3 14592 1
3 11522 1
3 10499 1
3 2820 1
3 6917 1
3 19718 1
3 12625 1
3 22573 1
3 15128 1
3 2841 1
3 1818 2
3 11547 1
3 21793 1
3 19675 1
3 20774 2
3 20264 1
3 16169 1
3 18222 1
3 7471 1
3 15666 1
3 7475 1
3 7476 1
3 16695 1
3 18233 1
3 19771 1
3 16700 2
3 7392 1
3 16194 1
3 13963 1
3 21829 1
3 14664 1
3 15184 1
3 18769 2
3 11604 1
3 6489 1
3 3419 1
3 22369 1
3 1380 1
3 15207 1
3 19816 1
3 15218 3
3 3958 3
3 8425 1
3 15736 1
3 21883 1
3 16252 1
3 4074 1
3 5400 1
3 12673 1
3 18819 1
3 8086 1
3 7558 1
3 4647 1
3 12171 1
3 17804 4
3 8079 1
3 11665 1
3 6036 1
3 1650 1
3 11670 1
3 14743 1
3 7579 1
3 12188 2
3 10821 1
3 11168 1
3 18851 1
3 16810 1
3 7089 5
3 5044 1
3 16372 1
3 21953 1
3 13763 1
3 15817 1
3 12746 1
3 15309 1
3 14800 1
3 9169 1
3 15581 1
3 10206 2
3 19939 1
3 3044 1
3 4433 1
3 10218 1
3 7660 2
3 4466 1
3 1642 1
3 15855 1
3 19952 1
3 16882 1
3 1523 2
3 13451 1
3 16373 1
3 502 1
3 12791 1
3 2552 1
3 15865 1
3 6651 1
4 12288 1
4 8705 1
4 15874 1
4 19460 1
4 19286 1
4 16390 1
4 13832 1
4 13834 1
4 3159 1
4 22032 5
4 5464 1
4 2578 1
4 3758 1
4 3417 1
4 8728 1
4 10780 1
4 13854 1
4 15903 3
4 547 1
4 3621 1
4 20519 1
4 555 1
4 8749 1
4 12334 1
4 12852 1
4 7111 1
4 18185 1
4 13885 1
4 5182 1
4 1600 1
4 4161 1
4 20547 1
4 10250 1
4 8778 1
4 7755 1
4 13388 2
4 12878 1
4 3151 1
4 12880 4
4 21586 1
4 15971 1
4 3158 1
4 599 1
4 19035 1
4 605 1
4 19555 1
4 10340 1
4 20155 2
4 4881 1
4 4712 1
4 15548 1
4 15982 1
4 13937 1
4 6770 1
4 17523 1
4 19061 1
4 8809 1
4 4117 1
4 14473 1
4 1163 1
4 901 1
4 17943 2
4 2757 1
4 18592 1
4 11937 1
4 1990 1
4 18460 1
4 17067 2
4 6075 1
4 15534 1
4 17071 2
4 17072 1
4 12147 1
4 19124 2
4 5814 1
4 6687 1
4 4796 1
4 19133 2
4 1141 3
4 14020 1
4 3958 2
4 12151 1
4 17612 1
4 3960 1
4 1571 2
4 18133 1
4 4311 1
4 3803 1
4 4831 2
4 8416 1
4 4834 1
4 3963 1
4 8421 1
4 21097 1
4 5352 2
4 7401 1
4 21227 1
4 1918 1
4 673 1
4 762 1
4 12501 1
4 20739 1
4 17159 1
4 16649 2
4 1922 1
4 17678 1
4 4653 1
4 17681 1
4 4884 2
4 2841 3
4 20762 1
4 7451 1
4 796 1
4 4383 1
4 800 1
4 8993 1
4 9915 1
4 5927 1
4 12076 1
4 15666 1
4 19254 1
4 8503 1
4 1336 1
4 5433 2
4 7485 1
4 13451 1
4 21832 1
4 5637 1
4 8015 1
4 3408 1
4 12625 1
4 14307 1
4 11092 1
4 15190 1
4 21305 2
4 15704 1
4 6489 1
4 2399 1
4 16224 1
4 22369 2
4 15717 1
4 1900 1
4 9069 2
4 10096 1
4 21873 1
4 9075 1
4 7540 1
4 2934 1
4 20343 1
4 12664 1
4 8571 2
4 5501 1
4 11134 1
4 12673 1
4 1410 1
4 16773 1
4 13702 1
4 18364 4
4 11662 1
4 4496 2
4 4497 1
4 16963 1
4 10644 1
4 4502 1
4 14743 1
4 2543 1
4 12190 1
4 6014 1
4 20384 2
4 19952 1
4 1446 1
4 7592 1
4 7089 2
4 4018 1
4 7607 1
4 15288 1
4 5051 1
4 11708 1
4 4546 1
4 17348 1
4 390 1
4 13255 1
4 8268 1
4 12746 2
4 8636 1
4 7568 1
4 15317 1
4 9687 1
4 18393 1
4 4687 1
4 10832 1
4 4579 1
4 15850 1
4 12779 1
4 8687 2
4 8688 1
4 3058 1
4 8180 1
4 10263 1
5 12288 1
5 19460 2
5 6150 1
5 13834 1
5 10251 1
5 3084 1
5 9232 1
5 5464 1
5 17943 1
5 13850 1
5 11292 1
5 18975 1
5 7715 1
5 19493 1
5 22066 1
5 1076 1
5 21557 1
5 1590 1
5 12864 1
5 16961 3
5 9227 1
5 1092 2
5 16458 1
5 15969 1
5 15468 1
5 14448 1
5 13937 1
5 14969 1
5 1984 1
5 9354 1
5 11927 1
5 17051 1
5 12446 1
5 5232 1
5 22188 1
5 691 1
5 19124 1
5 13493 1
5 12471 1
5 6687 1
5 14020 2
5 16902 1
5 11979 1
5 8397 1
5 1571 2
5 22232 1
5 15581 1
5 4831 1
5 4834 1
5 740 2
5 15596 1
5 5368 1
5 5371 1
5 13697 1
5 17163 1
5 1922 1
5 16661 1
5 2839 2
5 2841 2
5 8988 1
5 797 1
5 6446 1
5 11058 1
5 1844 1
5 11070 1
5 834 1
5 2375 1
5 17225 1
5 8013 2
5 21841 1
5 21842 1
5 11604 1
5 21845 1
5 19800 1
5 17241 1
5 19808 1
5 22369 1
5 9069 3
5 15728 1
5 1917 1
5 9600 1
5 12673 1
5 16770 1
5 15239 1
5 5356 1
5 16782 1
5 15774 1
5 8607 1
5 20384 1
5 15778 1
5 12717 1
5 15279 1
5 4030 1
5 22464 2
5 4033 2
5 11714 1
5 16835 1
5 13768 1
5 12746 1
5 9167 2
5 464 2
5 11729 1
5 8660 1
5 14306 1
5 19939 1
5 486 1
5 7659 1
5 16367 2
5 12789 1
5 5623 1
6 1152 1
6 19572 1
6 12930 1
6 8449 1
6 1141 1
6 20429 1
6 15627 1
6 8685 1
6 22232 1
6 19730 1
6 3645 1
6 9876 1
6 20629 1
6 2839 1
6 16667 1
6 797 1
6 5791 1
6 800 1
6 8568 1
6 20722 1
6 4520 2
6 15273 1
6 8236 1
6 3629 1
6 1076 1
6 6770 1
6 2102 1
6 21305 1
6 3258 1
6 19515 1
6 8892 1
6 19133 1
6 831 1
6 4033 1
6 1846 1
6 14024 1
6 588 1
6 15850 1
6 3148 1
6 8013 1
6 15310 1
6 9167 1
6 15736 1
6 2130 1
6 9047 1
6 984 1
6 5593 1
6 10843 1
6 5212 1
6 17629 1
6 13022 1
6 18911 1
6 10464 1
6 22369 1
6 11737 1
6 19939 1
6 1764 1
6 17637 1
6 8401 1
6 17129 1
6 14592 1
6 1650 1
6 15340 1
6 9069 1
6 16366 2
6 19837 1
6 2344 1
6 9458 1
6 7539 1
6 8180 1
6 18148 1
6 6776 1
6 4602 1
6 16831 2
6 17788 1
6 6269 1
7 12288 1
7 15874 2
7 3075 1
7 19460 1
7 7686 1
7 12497 1
7 1547 1
7 8706 1
7 22032 1
7 13841 1
7 17943 1
7 10280 1
7 632 1
7 1068 2
7 20526 1
7 1076 1
7 16437 2
7 4665 1
7 19514 1
7 7691 1
7 1092 1
7 19553 1
7 18505 1
7 588 1
7 13389 1
7 12878 1
7 10337 1
7 5732 1
7 7868 1
7 16490 1
7 18030 1
7 11887 1
7 14456 1
7 10875 2
7 13444 1
7 14469 1
7 646 1
7 14473 1
7 3217 1
7 10398 1
7 12110 1
7 4263 1
7 4776 2
7 17067 1
7 20142 1
7 11963 1
7 21692 1
7 7881 1
7 14545 1
7 14037 1
7 22232 2
7 18140 1
7 8144 1
7 19238 1
7 9425 1
7 7400 1
7 6377 1
7 747 1
7 17659 1
7 18175 1
7 19712 1
7 14081 1
7 4868 1
7 18185 2
7 4364 1
7 13835 1
7 18191 2
7 18197 2
7 10533 1
7 20774 1
7 7471 1
7 14033 1
7 1841 1
7 1844 1
7 16695 1
7 5433 1
7 831 1
7 17216 1
7 1862 1
7 5448 1
7 15177 1
7 8014 1
7 18767 1
7 21841 1
7 4438 2
7 21850 1
7 1889 1
7 7399 1
7 12663 1
7 13697 1
7 18818 1
7 15763 1
7 1944 1
7 6561 1
7 16304 1
7 15794 1
7 12787 1
7 22464 1
7 21953 1
7 11714 2
7 16848 1
7 9684 1
7 7637 1
7 21984 1
7 19939 1
7 12625 1
7 18920 1
7 7660 1
7 22572 1
7 15856 1
7 8177 1
7 15858 1
7 15548 1
7 7166 1
8 5760 1
8 4867 1
8 16901 1
8 16775 1
8 17544 1
8 18185 1
8 7690 1
8 22032 3
8 7313 1
8 4884 1
8 18222 1
8 6937 1
8 10265 1
8 13723 1
8 6686 1
8 17183 1
8 20384 1
8 10407 1
8 16936 1
8 1578 2
8 17067 1
8 12588 1
8 16430 1
8 15709 1
8 10416 1
8 1844 1
8 14473 1
8 6329 1
8 17339 1
8 8892 1
8 19901 1
8 13887 1
8 6337 1
8 7521 1
8 5448 1
8 19401 1
8 11855 1
8 12880 1
8 21841 1
8 10066 1
8 5459 1
8 6741 1
8 10205 1
8 15456 1
8 19553 1
8 15971 1
8 2407 1
8 7400 1
8 745 1
8 18154 1
8 623 1
8 1393 1
8 19058 1
8 16903 1
8 5625 1
8 11771 1
8 15869 1
8 3966 1
9 588 1
9 17029 1
9 1922 1
9 19588 1
9 10885 1
9 18185 1
9 15874 2
9 1410 1
9 2063 1
9 1169 1
9 20882 1
9 5682 1
9 3220 1
9 15856 1
9 2841 1
9 17690 1
9 18975 1
9 14640 1
9 9691 1
9 20260 1
9 22571 1
9 12589 1
9 16430 1
9 18352 1
9 7089 3
9 16946 2
9 7221 1
9 17209 1
9 1466 1
9 1979 1
9 18364 1
9 8255 1
9 13763 1
9 20678 1
9 4807 1
9 9269 1
9 16301 1
9 15948 2
9 8013 1
9 463 1
9 7888 1
9 9169 1
9 19157 1
9 10963 1
9 3413 1
9 11954 1
9 3803 1
9 4602 1
9 19460 1
9 10975 1
9 19553 1
9 2914 1
9 15675 1
9 2309 1
9 8421 1
9 18406 1
9 15976 1
9 13418 1
9 7019 1
9 17132 1
9 11887 1
9 14448 1
9 21617 1
9 10206 1
9 7155 1
9 14710 1
9 633 1
9 5498 1
9 6925 1
9 16252 1
9 21845 1
10 19460 1
10 16901 1
10 10246 1
10 7687 1
10 22551 3
10 12317 1
10 15903 2
10 7203 1
10 19493 1
10 1607 1
10 12360 1
10 588 1
10 602 1
10 12891 4
10 605 1
10 21613 1
10 15869 1
10 1141 1
10 10358 1
10 10360 1
10 14969 1
10 13435 2
10 13592 1
10 19588 1
10 13957 1
10 15500 1
10 7313 1
10 1170 1
10 3220 1
10 281 2
10 13979 1
10 19619 2
10 15528 1
10 12465 2
10 5301 1
10 19133 1
10 7359 1
10 21187 1
10 14020 1
10 3277 1
10 20686 3
10 5337 1
10 10972 1
10 4831 1
10 4834 1
10 21224 1
10 22252 1
10 18162 2
10 5246 1
10 13046 1
10 15618 1
10 4364 1
10 18197 1
10 21782 1
10 21784 1
10 2841 2
10 1305 1
10 13445 1
10 20256 1
10 8485 1
10 21305 1
10 834 1
10 12100 1
10 12103 1
10 4433 1
10 16727 1
10 4440 1
10 1375 1
10 5473 2
10 7010 1
10 7528 1
10 10097 1
10 6516 1
10 22369 1
10 1922 1
10 11651 1
10 15751 2
10 17132 1
10 13723 1
10 7069 1
10 17312 2
10 7323 1
10 15273 1
10 4525 1
10 7600 1
10 5554 1
10 22464 1
10 11714 3
10 17352 1
10 11723 1
10 20429 1
10 7122 1
10 6622 1
10 10208 1
10 10209 1
10 12625 1
10 16363 2
10 16365 1
10 16367 1
10 20468 1
10 5623 1
10 505 1
10 6651 1
10 13821 1
10 5119 1
11 18436 1
11 12805 1
11 525 1
11 22032 4
11 12312 1
11 17435 4
11 18975 1
11 3621 1
11 555 1
11 4653 1
11 8797 1
11 1118 1
11 12345 1
11 11834 1
11 10453 2
11 15434 1
11 13388 2
11 13398 1
11 605 1
11 6750 1
11 9831 1
11 21613 2
11 9839 1
11 13937 2
11 9331 1
11 13429 1
11 7287 1
11 14970 1
11 20604 1
11 3201 1
11 7303 2
11 18569 1
11 9873 1
11 12442 1
11 9884 1
11 3742 1
11 9755 1
11 22188 1
11 21874 1
11 21679 1
11 13493 1
11 9398 1
11 6844 1
11 1141 1
11 13515 1
11 14537 1
11 7799 1
11 13516 1
11 4303 1
11 10452 1
11 1237 1
11 2511 1
11 4831 1
11 5348 1
11 5352 1
11 19410 1
11 20718 1
11 17141 1
11 18174 1
11 12501 1
11 14081 1
11 4868 1
11 19718 1
11 17162 1
11 3629 1
11 2839 1
11 2841 2
11 7471 1
11 8908 1
11 14622 1
11 16166 1
11 5935 1
11 9015 1
11 10975 1
11 20284 1
11 9023 1
11 8512 1
11 20803 1
11 3908 1
11 8518 1
11 10571 1
11 21732 1
11 20303 1
11 11601 1
11 14677 2
11 4440 1
11 4836 1
11 2394 1
11 8079 1
11 7520 2
11 22369 4
11 2405 1
11 4455 1
11 5484 1
11 21873 1
11 16754 1
11 12663 1
11 7999 1
11 386 1
11 21891 1
11 8587 1
11 7055 1
11 19347 1
11 3992 1
11 15268 1
11 15273 1
11 1969 1
11 4019 1
11 10677 1
11 17853 1
11 22464 4
11 11714 1
11 7110 1
11 17353 2
11 19403 1
11 9167 1
11 15312 1
11 13778 1
11 9684 1
11 21981 1
11 21473 1
11 15846 1
11 21841 1
11 22508 1
11 8184 1
12 12288 1
12 14592 2
12 1174 1
12 18952 1
12 13451 1
12 22032 2
12 6419 1
12 8086 1
12 7457 1
12 4386 1
12 3363 1
12 9380 2
12 5797 1
12 7463 1
12 15273 1
12 7213 1
12 15790 1
12 7881 1
12 13113 1
12 3258 1
12 1089 1
12 16835 1
12 9761 1
12 460 1
12 12663 1
12 13388 2
12 11471 1
12 21845 1
12 13398 1
12 21305 1
12 15268 1
12 1371 1
12 2524 1
12 7904 1
12 4843 1
12 3568 1
12 3060 1
12 503 1
12 16252 1
12 13821 1
12 13822 1
