1 14592 1
1 13956 1
1 13445 1
1 774 1
1 395 1
1 4364 3
1 13838 1
1 22032 1
1 2243 1
1 18478 1
1 8086 1
1 9887 1
1 22057 1
1 22442 2
1 10411 1
1 18220 1
1 7854 1
1 1968 1
1 19124 1
1 17973 1
1 21814 1
1 18108 1
1 12734 1
1 14016 1
1 15499 1
1 13252 2
1 13452 2
1 20299 1
1 587 1
1 13388 1
1 8275 1
1 18574 1
1 15448 1
1 18905 1
1 1766 1
1 7272 1
1 19305 1
1 17003 1
1 6381 1
1 3702 1
1 15997 1
2 11008 1
2 10499 1
2 16776 1
2 16812 2
2 395 1
2 10510 1
2 17169 1
2 20882 1
2 9241 1
2 1562 1
2 879 1
2 8992 1
2 18851 1
2 3369 1
2 8236 1
2 13490 1
2 22071 1
2 21049 1
2 20027 1
2 20028 1
2 5565 1
2 5951 1
2 5259 1
2 9038 1
2 6732 3
2 1099 1
2 13516 1
2 12878 3
2 20303 1
2 18128 1
2 20302 1
2 9047 1
2 7903 1
2 12390 1
2 17163 1
2 10857 1
2 19308 1
2 21613 3
2 16111 1
2 6000 1
2 1147 1
3 11008 2
3 19718 1
3 17163 2
3 4112 1
3 8081 1
3 13078 1
3 17435 2
3 4895 1
3 18080 1
3 11945 2
3 16812 1
3 15279 1
3 3641 1
3 3643 1
3 8636 1
3 5565 3
3 1163 1
3 12746 3
3 20303 1
3 13398 2
3 9047 2
3 19023 1
3 7903 2
3 9069 1
3 18557 1
4 11008 1
4 8193 1
4 15403 1
4 13316 2
4 3589 1
4 8158 1
4 1068 1
4 1163 2
4 12354 1
4 17806 2
4 6032 1
4 14592 1
4 16792 1
4 1818 1
4 1819 1
4 797 2
4 18975 1
4 13981 1
4 10011 1
4 18852 1
4 15525 1
4 19371 1
4 16812 4
4 16301 1
4 8989 1
4 5425 1
4 3641 1
4 22453 1
4 1206 1
4 14264 1
4 21305 1
4 18746 1
4 8636 1
4 5565 5
4 16761 1
4 8641 1
4 14018 2
4 20384 1
4 9924 1
4 2887 1
4 20123 1
4 12746 1
4 21710 1
4 13398 2
4 9047 3
4 17244 1
4 5433 1
4 1118 1
4 7903 5
4 22368 1
4 8571 1
4 8421 1
4 3943 1
4 12905 1
4 3946 1
4 22119 1
4 2029 1
4 19133 1
4 9072 1
4 13937 1
4 14969 1
4 9791 1
5 14592 3
5 12663 1
5 6406 1
5 3991 1
5 9606 1
5 20234 1
5 17163 1
5 9069 1
5 9617 2
5 13331 1
5 5567 1
5 17046 2
5 10007 2
5 22297 1
5 1562 1
5 18287 1
5 15773 1
5 16030 1
5 4837 1
5 12656 1
5 6050 1
5 879 1
5 17188 1
5 14885 1
5 16915 1
5 16753 1
5 16092 1
5 22442 3
5 7088 1
5 4019 1
5 12852 1
5 22200 1
5 21305 1
5 3258 1
5 8763 1
5 15036 1
5 19133 1
5 19775 1
5 20148 1
5 1163 1
5 9924 1
5 9417 1
5 17162 2
5 15819 1
5 13516 1
5 20429 1
5 5838 1
5 3277 1
5 11600 1
5 13880 1
5 10195 1
5 14677 1
5 13398 3
5 14680 1
5 7055 1
5 15820 1
5 7903 1
5 19938 1
5 8421 1
5 8549 1
5 18022 1
5 19308 1
5 21613 1
5 4591 2
5 11120 1
5 13937 1
5 17395 1
5 1141 2
5 7031 1
5 8313 1
5 831 1
5 1148 1
5 9726 1
5 19093 1
6 14592 1
6 8449 1
6 13316 1
6 17671 1
6 19852 1
6 15117 1
6 22032 1
6 17681 1
6 13516 1
6 2838 1
6 1818 1
6 8988 1
6 9245 1
6 18207 1
6 15268 1
6 22442 1
6 16775 1
6 14509 1
6 10804 1
6 22071 1
6 5433 1
6 11807 2
6 19913 1
6 10186 1
6 13388 2
6 4834 1
6 8421 1
6 9069 1
6 9201 1
6 16652 1
6 12151 1
6 22140 2
6 18686 1
7 897 1
7 6389 1
7 18948 1
7 20877 1
7 20366 1
7 12175 1
7 15376 1
7 4117 1
7 15382 1
7 11807 3
7 1818 1
7 22557 1
7 1823 1
7 1569 1
7 5929 1
7 20395 1
7 9262 1
7 14256 1
7 13875 1
7 6331 1
7 5433 1
7 16159 1
7 19261 1
7 19509 1
7 14656 1
7 588 1
7 12151 1
7 13516 1
7 19789 1
7 12878 1
7 12625 1
7 9047 1
7 2275 2
7 11749 1
7 10343 1
7 879 1
7 6773 1
7 3113 1
7 15738 1
7 15102 1
8 13316 2
8 13833 1
8 22032 2
8 17432 1
8 11807 2
8 22054 1
8 11815 1
8 1576 1
8 3113 2
8 1069 1
8 9777 1
8 11846 1
8 588 1
8 15439 1
8 592 2
8 21076 1
8 13398 2
8 602 3
8 8795 1
8 605 1
8 10846 1
8 12816 1
8 21613 2
8 6773 2
8 11898 2
8 18557 1
8 15491 1
8 13957 1
8 13970 1
8 5268 1
8 12441 1
8 14492 1
8 18080 1
8 12656 1
8 12471 1
8 21179 1
8 7870 1
8 13508 2
8 9417 1
8 21196 1
8 5325 1
8 1743 1
8 20690 1
8 15579 1
8 7903 1
8 18148 1
8 5355 1
8 10484 1
8 12026 1
8 11008 1
8 14595 1
8 14088 1
8 17163 1
8 17678 1
8 2835 1
8 8988 1
8 8479 1
8 11055 1
8 21823 1
8 1345 1
8 9038 1
8 17744 1
8 20817 1
8 14677 1
8 9047 1
8 8030 1
8 2911 1
8 22369 1
8 873 1
8 13799 1
8 879 3
8 9072 1
8 884 3
8 12663 1
8 3963 1
8 11645 1
8 7039 1
8 5511 1
8 1933 1
8 22416 2
8 917 1
8 22442 1
8 15276 1
8 1976 1
8 5564 1
8 19397 1
8 15831 1
8 18393 1
8 12625 3
8 12778 2
8 5618 1
8 11766 1
8 11771 1
9 18948 1
9 7180 1
9 22034 1
9 13316 3
9 1564 1
9 22557 2
9 19487 1
9 7204 1
9 3113 1
9 8236 1
9 16432 1
9 12854 1
9 15201 1
9 12360 1
9 17999 1
9 17678 1
9 5207 2
9 13912 2
9 18528 1
9 7867 2
9 9831 1
9 21613 1
9 19571 1
9 11894 1
9 13440 1
9 646 1
9 6801 2
9 21650 1
9 13459 1
9 12441 2
9 4267 1
9 172 1
9 12471 1
9 11807 1
9 6847 1
9 18114 1
9 3779 1
9 5323 1
9 15565 1
9 14033 1
9 11990 1
9 6875 1
9 1757 1
9 7392 1
9 1763 1
9 8425 1
9 17141 1
9 18174 1
9 5248 1
9 17668 1
9 11528 2
9 6414 1
9 15119 1
9 4884 1
9 13078 1
9 1818 3
9 7457 1
9 11042 1
9 7463 1
9 16177 1
9 5433 3
9 5435 1
9 20803 1
9 22342 1
9 21832 1
9 20303 1
9 12625 1
9 7395 1
9 14677 1
9 12121 1
9 18267 1
9 22369 1
9 3943 1
9 19816 1
9 12656 1
9 10097 1
9 20341 1
9 18808 1
9 16252 1
9 897 1
9 19332 1
9 20882 1
9 21396 1
9 22442 1
9 12716 1
9 7089 1
9 20914 1
9 13243 1
9 5365 1
9 22464 1
9 19396 1
9 15817 1
9 20427 1
9 10204 1
9 7645 1
9 18911 1
9 10736 2
9 18421 1
9 12799 1
10 5888 1
10 1280 1
10 8702 1
10 13316 4
10 14725 1
10 22188 2
10 18391 1
10 9069 1
10 15376 1
10 7057 1
10 20882 1
10 19347 1
10 21396 1
10 2673 1
10 19133 1
10 1818 3
10 7451 1
10 8988 1
10 7920 1
10 20255 1
10 18080 2
10 11632 1
10 15266 1
10 13979 1
10 20260 1
10 5414 1
10 19367 1
10 10076 1
10 22442 1
10 8236 1
10 12717 1
10 20782 1
10 3631 1
10 16304 1
10 9777 1
10 11186 1
10 4019 1
10 8502 1
10 12471 1
10 21305 5
10 12716 2
10 6844 1
10 19100 1
10 3134 1
10 21311 1
10 20384 1
10 22185 1
10 19396 1
10 14677 1
10 15432 1
10 8908 1
10 14545 1
10 21367 1
10 13388 2
10 21484 1
10 12878 1
10 4303 1
10 5565 3
10 12625 2
10 4306 1
10 14037 1
10 15575 1
10 6308 1
10 3674 1
10 19164 1
10 17018 1
10 11567 1
10 7395 1
10 3943 1
10 360 1
10 12805 1
10 6378 1
10 364 1
10 21074 1
10 20462 1
10 18736 1
10 15856 1
10 13937 1
10 7633 1
10 19571 1
10 7870 1
10 5801 1
10 18042 1
10 1564 1
10 6741 1
11 1664 1
11 13319 1
11 7432 1
11 20234 1
11 17424 1
11 19347 2
11 494 1
11 13078 1
11 19096 1
11 1562 1
11 13979 1
11 5916 1
11 22557 1
11 7457 1
11 7451 1
11 16676 1
11 8360 1
11 12585 1
11 15660 1
11 8749 1
11 174 1
11 18736 1
11 21305 1
11 11708 2
11 9918 1
11 5567 1
11 6732 1
11 13388 3
11 846 1
11 11600 1
11 12625 1
11 4691 1
11 14677 1
11 5433 1
11 14558 1
11 18528 1
11 19553 1
11 1380 1
11 6758 1
11 16616 1
11 5867 1
11 2029 1
11 16366 1
11 18287 2
11 14448 1
11 9043 2
11 16372 1
11 16373 1
11 3958 1
11 3706 1
11 5951 1
11 2173 1
12 18054 1
12 8236 1
12 17162 1
12 18571 1
12 5394 1
12 19347 1
12 11672 1
12 8474 1
12 22557 1
12 20384 1
12 801 1
12 15266 1
12 646 1
12 8487 1
12 12716 1
12 15405 1
12 16265 1
12 20155 1
12 17985 1
12 14914 1
12 13389 3
12 4431 1
12 4432 1
12 21586 1
12 22100 1
12 15575 1
12 13404 1
12 13243 1
12 5866 1
12 19410 1
12 625 1
12 10871 1
13 2179 1
13 19716 2
13 13445 1
13 910 1
13 18324 1
13 19350 1
13 18711 1
13 18842 1
13 12700 1
13 11632 1
13 5935 1
13 10545 1
13 19900 2
13 19008 1
13 15170 1
13 8387 2
13 9543 1
13 8137 1
13 20818 1
13 3171 1
13 15855 1
13 22128 1
13 12151 1
13 15997 1
14 14592 1
14 9611 1
14 15170 1
14 22032 1
14 22418 1
14 13460 1
14 22296 1
14 13978 1
14 1947 1
14 16414 1
14 5663 1
14 8993 1
14 11163 1
14 19900 1
14 22589 1
14 3134 1
14 12354 1
14 13516 1
14 12625 1
14 13778 1
14 856 1
14 4960 1
14 999 1
14 6760 1
14 3693 1
14 5949 1
14 19816 1
14 16242 1
14 13175 1
15 12288 1
15 9729 1
15 18946 1
15 4211 1
15 3082 1
15 18571 1
15 13452 1
15 15405 1
15 7952 1
15 13841 1
15 5913 1
15 17435 1
15 11036 1
15 20509 1
15 8353 1
15 15266 1
15 17188 1
15 5797 1
15 5928 1
15 169 1
15 3134 1
15 16812 1
15 173 1
15 5935 1
15 4019 2
15 4404 1
15 17920 1
15 4408 1
15 20794 1
15 20285 1
15 8766 1
15 21311 1
15 8641 2
15 22342 1
15 22369 4
15 13514 1
15 13388 2
15 18128 1
15 14677 1
15 6489 1
15 16092 1
15 13789 1
15 15456 1
15 592 1
15 4322 1
15 8937 1
15 11632 1
15 22557 1
15 1141 1
15 3958 1
15 12153 1
15 11007 1
15 2442 1
15 10965 1
16 3171 1
16 13316 1
16 12165 1
16 13960 1
16 10121 1
16 7690 1
16 13452 2
16 2477 1
16 13459 2
16 13460 1
16 10262 2
16 14744 1
16 13467 1
16 12701 1
16 17566 1
16 20255 1
16 17184 2
16 22181 1
16 8486 1
16 10408 1
16 5801 1
16 1069 1
16 174 1
16 18736 2
16 5576 1
16 14130 1
16 12471 1
16 901 1
16 5565 1
16 21621 1
16 8566 1
16 13961 1
16 13388 1
16 11850 1
16 20427 1
16 13516 6
16 10829 1
16 15855 1
16 464 1
16 4364 1
16 22024 1
16 8493 1
16 18518 1
16 13912 1
16 13914 1
16 3711 1
16 12279 2
16 17530 2
16 4831 1
16 15584 1
16 10832 1
16 2407 2
16 19238 1
16 22119 1
16 18283 1
16 22252 1
16 9069 2
16 18030 1
16 21613 2
16 15856 1
16 21617 1
16 1141 1
16 20470 4
16 12151 1
16 12281 1
16 18042 2
16 11771 1
16 15869 1
16 14677 2
17 8193 1
17 6786 1
17 16939 1
17 13316 1
17 901 1
17 7690 1
17 6283 1
17 9069 2
17 4365 1
17 7055 1
17 14509 1
17 13459 2
17 17300 1
17 7451 1
17 12805 1
17 7584 1
17 14448 1
17 17700 1
17 16936 1
17 20649 1
17 10644 1
17 13611 1
17 19373 1
17 13033 1
17 20255 1
17 14016 2
17 7872 1
17 16416 1
17 20384 1
17 6983 2
17 6985 2
17 11850 2
17 13516 2
17 20303 1
17 12624 1
17 9169 1
17 21330 1
17 4364 1
17 14806 1
17 15575 1
17 3934 1
17 15585 1
17 19938 1
17 15459 1
17 1125 1
17 685 1
17 999 1
17 22121 1
17 5863 1
17 22252 1
17 21613 2
17 15855 1
17 11632 1
17 21617 1
17 7540 2
17 6773 1
17 20470 2
17 6775 1
17 16120 1
17 4884 1
17 15994 1
17 12927 1
18 14592 1
18 6787 1
18 16260 1
18 14725 1
18 6791 1
18 5256 1
18 20234 1
18 22030 1
18 22418 2
18 16788 1
18 8988 1
18 11167 1
18 20384 2
18 9169 1
18 19238 1
18 4647 1
18 9884 2
18 15660 1
18 8749 2
18 7471 1
18 18736 1
18 22369 1
18 7092 1
18 9398 1
18 5433 1
18 14495 1
18 6844 1
18 5565 1
18 3134 1
18 14016 1
18 1824 1
18 12354 1
18 16092 1
18 14407 1
18 13389 1
18 6989 1
18 15441 1
18 13398 1
18 5207 1
18 21980 1
18 10205 1
18 16479 1
18 22368 2
18 15585 1
18 12091 1
18 11750 1
18 4326 1
18 12625 3
18 16616 1
18 8425 1
18 21613 2
18 20078 1
18 22383 1
18 11632 1
18 16625 1
18 18022 1
18 11381 1
18 9001 2
18 12390 1
18 11007 1
19 18049 1
19 7684 1
19 10006 1
19 831 1
19 17162 1
19 9069 1
19 20238 1
19 9901 1
19 12816 2
19 2834 1
19 2710 1
19 5785 1
19 17435 1
19 11710 1
19 5917 1
19 15997 1
19 20384 2
19 15266 1
19 11815 1
19 10024 4
19 12585 1
19 8236 1
19 12333 2
19 13389 1
19 2608 1
19 5301 2
19 12471 1
19 13113 1
19 15903 1
19 700 1
19 2442 1
19 3134 4
19 19519 1
19 19136 1
19 11969 1
19 7236 1
19 11887 1
19 6732 1
19 12746 2
19 20427 1
19 13388 1
19 20429 3
19 9167 1
19 21841 1
19 1141 1
19 14677 1
19 15574 1
19 3641 1
19 11992 1
19 169 2
19 1370 1
19 14171 1
19 10972 1
19 19549 1
19 7952 1
19 351 1
19 22368 3
19 21648 1
19 8421 2
19 12390 1
19 22119 1
19 19900 1
19 4074 1
19 8043 1
19 18797 1
19 13821 1
19 18962 1
19 15548 1
19 4084 1
19 9918 1
19 21161 1
19 15096 1
19 19578 1
19 16831 1
19 6652 1
19 21629 1
20 8961 1
20 2179 1
20 19588 1
20 11909 1
20 22024 1
20 2443 1
20 7180 1
20 20494 2
20 2063 1
20 22418 2
20 3221 1
20 6806 1
20 22551 1
20 7684 1
20 22426 1
20 8988 1
20 8605 1
20 15903 1
20 17313 1
20 4130 1
20 16547 1
20 1828 1
20 11815 1
20 21161 1
20 20010 1
20 22188 1
20 2990 1
20 12343 1
20 6459 1
20 15548 1
20 3134 2
20 19519 1
20 13763 1
20 7878 1
20 12471 1
20 20556 1
20 13389 2
20 19405 1
20 1827 1
20 7637 1
20 18267 1
20 15641 1
20 22368 1
20 8164 2
20 19900 1
20 8043 1
20 1167 1
20 21613 1
20 11632 1
20 20857 1
20 15994 1
20 10365 2
20 5119 1
21 22272 1
21 1163 1
21 20877 1
21 19096 1
21 15508 1
21 5017 2
21 7960 1
21 10265 1
21 13978 1
21 11036 1
21 22557 1
21 15266 1
21 11555 1
21 7964 1
21 22442 1
21 4267 1
21 15660 1
21 2990 2
21 4534 1
21 12471 1
21 21945 1
21 1086 1
21 11714 1
21 3395 3
21 9029 1
21 15817 1
21 12746 2
21 13516 1
21 6989 1
21 20045 1
21 15953 1
21 9811 1
21 6741 1
21 463 1
21 2873 1
21 11992 1
21 13147 1
21 12510 1
21 7520 1
21 6759 1
21 21097 1
21 17470 1
21 22253 1
21 18395 1
21 7536 1
21 14706 1
21 3060 1
21 10357 3
21 11156 1
21 8188 1
21 10365 1
22 16777 1
22 7178 1
22 16779 1
22 16444 1
22 13516 1
22 17301 1
22 10409 1
22 22426 1
22 669 1
22 15903 1
22 15266 1
22 12073 1
22 20010 2
22 6834 1
22 19124 2
22 8892 1
22 1290 1
22 21310 1
22 1141 1
22 10565 1
22 15817 1
22 20044 1
22 12110 1
22 8144 1
22 14677 1
22 4438 1
22 20649 1
22 10972 1
22 12510 1
22 10975 1
22 22369 1
22 10981 1
22 5863 1
22 15548 1
22 8043 2
22 9069 1
22 873 1
22 10357 3
22 12151 1
22 16120 1
22 10365 1
22 18686 1
22 22271 1
23 15616 1
23 13316 1
23 5638 1
23 6283 1
23 2064 1
23 20813 1
23 11161 1
23 1947 1
23 20384 1
23 18800 1
23 11042 1
23 20519 1
23 10408 1
23 22186 1
23 15276 1
23 13244 1
23 10869 1
23 21312 1
23 7492 1
23 22341 1
23 6986 1
23 6989 1
23 16846 1
23 463 1
23 14033 1
23 15575 1
23 11992 2
23 9050 1
23 6876 1
23 15581 1
23 5335 1
23 3553 1
23 19174 1
23 21617 1
23 1852 1
23 8043 1
23 21613 1
23 11632 4
23 10097 2
23 14706 1
23 7876 1
23 10357 1
23 15994 1
23 21245 1
23 12927 1
24 15616 1
24 18051 1
24 19460 1
24 9606 1
24 7687 1
24 5129 1
24 20234 1
24 22551 1
24 7180 1
24 2063 1
24 18577 2
24 20882 1
24 2243 1
24 6806 1
24 6551 1
24 11160 1
24 4868 2
24 11162 1
24 13316 1
24 10407 1
24 5929 1
24 8236 1
24 1455 1
24 12344 1
24 13113 1
24 6458 2
24 6459 1
24 4541 1
24 18805 1
24 2443 3
24 22369 1
24 9417 1
24 13389 1
24 20687 1
24 4432 1
24 12625 2
24 6868 1
24 598 1
24 17872 1
24 22121 1
24 8043 1
24 22252 1
24 9069 8
24 20285 1
24 12144 1
24 13937 1
24 5246 1
24 3064 1
24 2834 1
24 10365 3
24 18046 1
24 10097 1
25 8320 1
25 9543 1
25 7684 1
25 5334 1
25 5127 1
25 20234 1
25 3339 2
25 4364 5
25 910 1
25 17807 1
25 13912 1
25 22418 1
25 18197 1
25 22113 1
25 6552 1
25 4647 1
25 16543 3
25 17184 1
25 21794 1
25 16547 1
25 20260 1
25 4005 1
25 12145 1
25 4776 1
25 3113 1
25 11307 2
25 1068 1
25 18736 1
25 5301 1
25 3638 1
25 1464 1
25 5433 1
25 15903 2
25 8764 1
25 22464 1
25 16544 1
25 12354 1
25 18759 1
25 15432 1
25 21160 1
25 460 2
25 13389 1
25 17810 1
25 9167 1
25 5840 1
25 21841 1
25 13650 1
25 2899 1
25 598 3
25 2745 1
25 12888 1
25 16804 1
25 10972 1
25 22437 1
25 9697 1
25 4423 2
25 6459 1
25 9125 1
25 14673 1
25 11708 2
25 15266 1
25 8043 1
25 9069 2
25 18030 1
25 15217 1
25 920 1
25 13937 1
25 15096 1
25 5625 1
26 15808 1
26 7683 1
26 19588 1
26 2309 1
26 7687 1
26 14088 1
26 15660 1
26 17162 1
26 2443 5
26 13452 1
26 11714 1
26 2063 1
26 5264 1
26 18577 2
26 18962 1
26 22572 1
26 11771 1
26 6806 3
26 18393 1
26 20357 1
26 4868 1
26 7451 1
26 17233 1
26 11807 1
26 20384 2
26 13963 1
26 5155 1
26 20260 1
26 11815 1
26 22551 2
26 19114 1
26 17323 1
26 11180 1
26 1454 1
26 16049 1
26 19019 1
26 4019 1
26 12342 1
26 12471 1
26 15800 1
26 13113 1
26 6458 5
26 20285 1
26 13502 1
26 16831 1
26 22464 2
26 12354 2
26 2243 1
26 2245 1
26 7878 1
26 2273 1
26 15432 1
26 13516 1
26 12746 1
26 21451 1
26 13388 5
26 4130 1
26 7180 1
26 13389 2
26 17872 1
26 20817 1
26 9047 1
26 8753 1
26 598 2
26 4695 1
26 6052 1
26 8797 1
26 15199 1
26 16548 1
26 18128 1
26 16379 1
26 19942 1
26 401 1
26 7147 1
26 9069 4
26 20010 1
26 13937 1
26 17466 1
26 12151 1
26 592 1
26 13435 1
26 10365 2
27 12288 1
27 1922 1
27 16131 1
27 13316 1
27 22024 1
27 20234 1
27 2443 1
27 4364 2
27 910 1
27 14992 1
27 13976 1
27 18962 1
27 13459 1
27 6806 1
27 22551 2
27 11160 1
27 11161 2
27 20892 1
27 18846 1
27 15903 1
27 16159 1
27 14743 2
27 18222 1
27 16431 1
27 9269 1
27 1466 1
27 6459 1
27 5565 1
27 15808 1
27 22209 1
27 11714 1
27 22089 1
27 13389 1
27 4691 1
27 13838 1
27 8378 1
27 18200 1
27 6489 1
27 858 1
27 10205 1
27 21727 1
27 9569 1
27 10555 1
27 16998 1
27 9831 1
27 21607 1
27 9069 1
27 1141 1
27 12151 1
27 8185 1
27 5759 1
27 10365 1
27 638 1
27 15331 1
28 1281 1
28 8962 2
28 15276 1
28 3339 1
28 21613 1
28 17818 1
28 5916 1
28 20255 1
28 1824 1
28 20257 2
28 4130 1
28 13219 1
28 19238 1
28 22568 1
28 21161 1
28 20780 1
28 20014 1
28 10927 2
28 1076 1
28 17467 1
28 21949 1
28 3134 1
28 8518 1
28 22087 1
28 9554 1
28 5460 1
28 14677 1
28 9069 1
28 748 2
28 4818 1
28 573 1
28 11632 1
28 11511 1
28 1147 1
28 17404 2
29 12288 1
29 3074 1
29 4868 1
29 2220 1
29 20234 1
29 395 1
29 13485 1
29 17424 1
29 19345 1
29 15508 3
29 19093 1
29 22296 1
29 5252 1
29 17818 1
29 3227 1
29 5916 1
29 7198 1
29 22369 1
29 7457 1
29 18978 1
29 931 1
29 10024 2
29 5276 1
29 22442 1
29 10411 1
29 16812 1
29 9901 1
29 20014 3
29 13103 1
29 15030 1
29 2873 1
29 1978 1
29 11195 1
29 8636 3
29 5949 1
29 3134 2
29 12277 1
29 22464 1
29 8641 1
29 21699 1
29 8516 1
29 3702 1
29 2785 2
29 3528 2
29 18081 1
29 13514 1
29 844 1
29 12746 1
29 8027 1
29 4818 7
29 15444 1
29 14677 2
29 15574 1
29 4823 3
29 5210 2
29 2523 1
29 8033 1
29 22368 1
29 4321 1
29 12091 1
29 22500 1
29 18793 1
29 1980 1
29 7402 1
29 22119 1
29 364 1
29 14573 1
29 14574 1
29 10365 1
29 11946 1
29 4211 1
29 1141 2
29 22006 1
29 12663 2
29 2297 1
29 11887 1
29 18045 1
29 9918 1
30 14978 1
30 14595 1
30 13316 1
30 13573 1
30 16905 1
30 15756 1
30 15757 1
30 17806 1
30 12183 1
30 8989 1
30 8479 2
30 5797 1
30 22442 1
30 6702 1
30 8376 1
30 20794 1
30 11714 1
30 13255 1
30 8906 2
30 9038 1
30 8913 1
30 2394 1
30 2522 1
30 9831 1
30 3946 1
30 22119 2
30 7660 1
30 21613 1
30 1396 1
30 12662 1
30 1147 1
