1 8449 1
1 6149 1
1 10119 1
1 395 1
1 4364 1
1 22032 1
1 22551 1
1 21295 1
1 797 1
1 9887 1
1 1454 1
1 7471 1
1 19124 1
1 21814 1
1 16311 1
1 18108 1
1 12734 1
1 13252 2
1 12357 1
1 22344 1
1 13516 1
1 9425 1
1 15448 1
1 18905 1
1 13404 1
1 13937 1
1 17016 1
2 1280 1
2 4267 1
2 14596 1
2 13078 2
2 14216 1
2 395 1
2 15117 1
2 22032 1
2 3217 1
2 13459 1
2 10262 1
2 6551 1
2 17176 1
2 7451 1
2 5916 1
2 669 1
2 14886 1
2 13937 1
2 1067 1
2 22188 1
2 16301 1
2 1454 1
2 5917 2
2 18736 1
2 9777 1
2 5554 1
2 18485 1
2 20285 1
2 5567 1
2 6464 1
2 13451 1
2 330 1
2 17227 1
2 6732 1
2 9167 1
2 13008 1
2 2001 1
2 9554 1
2 19411 1
2 11478 1
2 17359 1
2 10206 1
2 592 2
2 14051 1
2 8421 1
2 22119 1
2 8425 1
2 490 1
2 9069 1
2 16238 1
2 7471 1
2 4344 1
2 7889 1
2 11007 1
2 14973 1
2 12799 1
3 12800 1
3 20227 1
3 3332 1
3 2309 1
3 9351 1
3 15499 1
3 4364 1
3 3629 1
3 4496 1
3 11992 1
3 12312 1
3 8604 1
3 7457 1
3 18468 1
3 19238 1
3 22055 1
3 22569 1
3 22186 2
3 12089 1
3 14894 1
3 4019 1
3 5433 2
3 8892 2
3 6464 2
3 5186 1
3 22339 1
3 18374 1
3 7880 1
3 16969 1
3 20427 2
3 20429 1
3 11726 1
3 20303 1
3 5460 1
3 2873 1
3 22232 1
3 2394 1
3 9167 1
3 7952 1
3 15714 1
3 20583 1
3 20585 1
3 12778 1
3 21613 1
3 4591 1
3 13937 1
3 13451 1
3 1141 1
3 4216 1
3 12153 1
3 15850 1
3 8062 1
4 18304 1
4 11909 1
4 14145 1
4 4873 1
4 19096 1
4 15532 1
4 3991 1
4 5400 1
4 12441 1
4 17818 1
4 797 2
4 10014 1
4 22011 1
4 800 1
4 14753 1
4 10786 1
4 17188 2
4 9777 1
4 22348 1
4 22442 2
4 22188 2
4 20269 1
4 10798 1
4 3633 1
4 10034 1
4 15923 1
4 19124 1
4 21303 2
4 3641 2
4 10043 1
4 19133 1
4 6464 1
4 16416 1
4 15810 1
4 15171 1
4 7236 1
4 13388 1
4 460 1
4 20813 1
4 12110 1
4 9423 1
4 12209 1
4 11283 1
4 7779 1
4 9684 1
4 13398 1
4 21305 1
4 12888 1
4 9945 1
4 8797 1
4 18080 1
4 3643 1
4 12091 1
4 5092 1
4 18022 1
4 12081 1
4 16679 1
4 4547 1
4 13937 1
4 10739 1
4 1140 1
4 4601 1
4 1147 1
4 6527 1
5 8064 1
5 14466 1
5 13574 2
5 7432 1
5 18569 1
5 8079 1
5 22032 3
5 14244 1
5 1670 1
5 22054 1
5 5927 1
5 13611 1
5 3629 1
5 2990 2
5 1076 1
5 22071 1
5 21305 1
5 22589 1
5 4414 2
5 12352 1
5 2243 1
5 18116 1
5 14277 1
5 18759 1
5 328 1
5 13514 1
5 13388 2
5 22349 1
5 12878 1
5 16850 1
5 18646 1
5 11193 1
5 8158 1
5 21733 1
5 12897 1
5 16970 1
5 21094 2
5 9831 1
5 7658 1
5 22252 1
5 7662 1
5 19133 1
5 15474 1
5 21107 1
5 1141 1
5 11511 1
5 11514 1
6 12288 1
6 5124 1
6 22032 1
6 9234 1
6 15903 1
6 11815 1
6 22568 1
6 3113 1
6 6702 1
6 1074 1
6 22368 1
6 13388 2
6 3157 1
6 13398 2
6 5208 1
6 8797 4
6 17424 1
6 12390 1
6 18540 1
6 21613 2
6 18030 1
6 14969 1
6 3706 2
6 1147 1
6 1669 1
6 14479 1
6 15128 1
6 14489 2
6 2731 1
6 22188 2
6 14509 1
6 9398 1
6 19133 2
6 11969 1
6 2244 1
6 20257 2
6 17609 1
6 11981 1
6 9424 1
6 8421 1
6 22252 1
6 4649 1
6 14592 3
6 18181 1
6 2328 1
6 8986 1
6 7451 1
6 20255 1
6 20256 2
6 7457 1
6 11555 1
6 20782 1
6 7471 1
6 12081 2
6 7476 1
6 21305 2
6 6464 1
6 4929 1
6 18244 1
6 9033 1
6 8012 1
6 10574 1
6 21841 1
6 2394 1
6 14469 1
6 8550 1
6 11629 1
6 11630 1
6 22383 1
6 12656 2
6 12151 1
6 12153 1
6 7039 1
6 12779 1
6 9606 1
6 14145 1
6 16776 1
6 16777 1
6 19854 1
6 22418 1
6 925 1
6 20384 1
6 22442 4
6 19389 1
6 15808 1
6 13249 1
6 3524 1
6 800 1
6 2539 1
7 14592 1
7 18049 1
7 2307 1
7 15244 1
7 14509 1
7 20882 1
7 19093 1
7 15903 1
7 7396 1
7 22442 3
7 1067 1
7 8236 1
7 4850 1
7 558 1
7 7471 1
7 7880 1
7 12341 1
7 21305 2
7 20794 1
7 19133 2
7 16579 1
7 7876 1
7 13255 1
7 15432 1
7 13388 1
7 13514 1
7 20427 1
7 17996 1
7 12878 1
7 595 1
7 13398 1
7 9047 1
7 6489 1
7 15119 1
7 5988 1
7 4329 1
7 22252 1
7 9069 1
7 13485 1
7 20850 1
7 1140 1
7 16373 1
7 4601 1
7 15738 2
7 18557 1
8 14592 1
8 12162 1
8 13316 2
8 20881 1
8 22418 1
8 916 1
8 13444 1
8 7451 1
8 22557 1
8 5408 1
8 17188 1
8 3113 1
8 22442 2
8 1068 1
8 18222 1
8 7476 1
8 11960 1
8 3641 1
8 20284 1
8 1090 1
8 3528 1
8 6474 1
8 20427 1
8 13388 1
8 9167 1
8 16468 2
8 2645 1
8 9047 1
8 15268 1
8 18042 1
8 8421 1
8 9831 1
8 3946 1
8 3692 1
8 15214 1
8 4209 1
8 7154 1
8 16373 1
8 10359 1
8 4602 1
8 1147 1
8 13950 1
9 12162 3
9 13316 3
9 16779 1
9 13388 1
9 9234 1
9 19907 1
9 916 3
9 18204 1
9 18718 1
9 11555 1
9 15268 1
9 4647 1
9 4649 1
9 22442 4
9 7880 1
9 22453 2
9 12089 1
9 5691 1
9 11708 1
9 12746 1
9 22464 1
9 5186 1
9 2243 1
9 12357 1
9 3528 1
9 8908 1
9 17610 1
9 11787 1
9 20813 1
9 12878 3
9 9554 1
9 10452 1
9 9038 2
9 13398 3
9 13528 1
9 17188 2
9 8797 2
9 8421 1
9 8416 2
9 20547 1
9 21733 1
9 8636 1
9 12778 1
9 10219 1
9 1388 1
9 16238 1
9 14448 1
9 6770 2
9 18042 3
9 4074 1
9 18686 1
10 11008 1
10 22464 1
10 9543 1
10 3331 2
10 12164 1
10 17413 1
10 11969 1
10 11787 1
10 13452 1
10 18217 1
10 4397 1
10 22416 1
10 6803 1
10 4884 1
10 13078 3
10 3631 1
10 7199 1
10 16416 1
10 7844 1
10 2982 1
10 22071 2
10 4267 1
10 15276 1
10 14509 1
10 5806 1
10 15279 1
10 12848 1
10 20914 1
10 4019 1
10 5172 1
10 12471 1
10 20794 1
10 3643 1
10 7870 1
10 1141 2
10 9536 1
10 6977 1
10 12162 1
10 8131 1
10 14076 1
10 1351 1
10 9033 1
10 20427 1
10 18128 1
10 9169 1
10 9047 2
10 17747 1
10 16468 1
10 13398 1
10 12153 1
10 14680 1
10 18267 1
10 19627 1
10 2914 1
10 8421 1
10 12390 1
10 9831 1
10 2025 1
10 21586 1
10 22258 1
10 18686 1
10 10359 1
10 13176 1
10 8569 1
10 916 1
10 22140 1
10 14077 2
10 18046 1
11 14592 1
11 8683 1
11 15621 1
11 2309 1
11 17671 1
11 16777 2
11 3339 1
11 20877 1
11 17241 1
11 16271 1
11 17424 1
11 12888 1
11 20882 1
11 13331 1
11 4884 1
11 17046 1
11 6489 2
11 10011 1
11 1744 1
11 14751 1
11 20256 1
11 6372 1
11 19238 1
11 909 2
11 22442 2
11 15276 1
11 6258 1
11 9777 1
11 8641 1
11 7476 1
11 19765 1
11 8502 1
11 8375 1
11 17170 1
11 7520 1
11 20798 1
11 6464 1
11 16416 1
11 8642 2
11 20384 2
11 15556 1
11 21613 1
11 22369 1
11 20300 1
11 13514 1
11 1591 1
11 13388 1
11 13389 1
11 15117 1
11 11600 1
11 15441 1
11 21330 1
11 7635 1
11 14677 1
11 13398 1
11 7767 1
11 14680 1
11 9945 1
11 18267 1
11 8156 1
11 3954 1
11 22418 1
11 8992 1
11 7392 1
11 3553 1
11 20952 1
11 9617 1
11 3562 1
11 9831 1
11 9069 1
11 20818 1
11 15343 1
11 9072 1
11 13937 1
11 22258 1
11 16588 1
11 1141 1
11 13490 1
11 4591 1
11 1148 1
11 13393 1
12 15616 1
12 588 1
12 4867 1
12 1412 1
12 15621 1
12 9610 1
12 1163 2
12 15119 2
12 22032 1
12 2834 1
12 21586 1
12 7306 1
12 3991 1
12 13316 1
12 15642 1
12 22557 1
12 4638 1
12 11909 1
12 18083 1
12 22071 1
12 22442 2
12 15532 1
12 12462 1
12 10927 1
12 5808 1
12 7476 1
12 19765 2
12 12471 2
12 21305 1
12 13334 1
12 14495 1
12 3260 1
12 7741 1
12 11327 1
12 17218 1
12 20547 3
12 10436 1
12 3398 1
12 12141 1
12 907 1
12 21452 1
12 17227 1
12 6732 1
12 6989 1
12 18766 1
12 1591 1
12 8144 1
12 15096 1
12 5202 1
12 9684 1
12 18510 1
12 13398 2
12 6875 1
12 12510 1
12 2531 1
12 20692 1
12 21733 1
12 22119 1
12 12906 1
12 364 1
12 2770 1
12 19133 1
12 13937 1
12 2547 1
12 2166 1
12 21161 1
12 10360 1
12 4601 1
12 19582 1
12 7637 1
13 14592 1
13 4267 1
13 11524 1
13 773 1
13 22121 1
13 906 1
13 907 1
13 4364 1
13 909 1
13 4366 1
13 12815 1
13 20547 3
13 19993 2
13 6938 1
13 670 1
13 18181 1
13 7584 1
13 14448 1
13 16418 1
13 14500 1
13 20389 1
13 10499 1
13 15273 1
13 4779 1
13 15276 1
13 7981 1
13 7087 1
13 10545 1
13 7474 1
13 8758 1
13 12471 1
13 11193 1
13 8892 3
13 20234 1
13 16062 1
13 20000 1
13 12354 1
13 20384 1
13 3396 1
13 7777 1
13 15432 1
13 11850 1
13 11851 1
13 588 1
13 20427 1
13 11600 1
13 7637 1
13 2745 1
13 2394 1
13 10206 1
13 10975 1
13 18128 1
13 22071 1
13 21692 1
13 10602 1
13 19435 1
13 9069 1
13 15855 1
13 11760 2
13 8306 2
13 19056 1
13 15863 1
13 8569 1
13 20095 1
13 1002 1
13 20607 1
14 12288 1
14 14592 2
14 18046 1
14 13316 1
14 15318 1
14 588 1
14 8449 1
14 8236 1
14 907 1
14 10636 2
14 11791 1
14 16913 1
14 14595 1
14 12420 1
14 7451 1
14 5248 1
14 14495 1
14 20384 2
14 19489 1
14 18083 1
14 1030 1
14 21617 1
14 1576 1
14 22442 3
14 4267 1
14 22188 1
14 7087 1
14 6451 1
14 15448 2
14 21305 3
14 8379 1
14 19133 3
14 14016 1
14 4290 1
14 20547 4
14 2244 1
14 3398 1
14 15432 1
14 13452 2
14 20427 1
14 13388 2
14 11726 1
14 15971 1
14 13398 1
14 6969 1
14 13912 1
14 19938 1
14 8803 1
14 8421 1
14 7215 1
14 3946 2
14 22055 1
14 22124 1
14 9069 1
14 21613 1
14 13937 1
14 9171 1
14 13950 1
14 4074 1
14 8062 1
15 14592 2
15 14379 1
15 13316 1
15 901 1
15 20999 1
15 907 1
15 1671 1
15 22030 1
15 3651 1
15 19348 1
15 22551 1
15 7451 1
15 22557 1
15 1824 1
15 17188 1
15 3113 1
15 22442 4
15 15403 1
15 15404 1
15 14509 1
15 18222 1
15 5551 1
15 4019 1
15 5433 1
15 11708 1
15 7231 1
15 22464 1
15 20547 2
15 965 1
15 11979 1
15 4364 1
15 5451 1
15 13389 1
15 4942 1
15 9167 1
15 15184 1
15 20686 1
15 15318 1
15 14807 1
15 19675 1
15 11999 1
15 18128 1
15 19938 1
15 3171 1
15 9831 1
15 15548 1
15 4074 1
15 22119 1
15 21870 1
15 4719 1
15 21417 1
15 4723 1
15 13428 1
15 18686 1
15 2166 1
15 10409 1
15 10644 1
15 4604 1
15 1578 1
15 18046 1
16 12288 1
16 12805 1
16 18962 1
16 15903 1
16 3113 1
16 1578 1
16 22571 2
16 20014 1
16 6719 1
16 6732 2
16 13389 2
16 12891 1
16 16998 1
16 9831 1
16 3772 1
16 22119 1
16 14448 1
16 21619 1
16 13428 1
16 633 1
16 4218 1
16 5248 1
16 6786 1
16 19588 1
16 1671 1
16 11913 1
16 11918 1
16 18797 1
16 13459 1
16 5785 2
16 16543 1
16 11632 1
16 16547 1
16 10407 1
16 21160 1
16 21161 1
16 10410 1
16 11963 1
16 8892 1
16 7870 2
16 8387 1
16 15575 2
16 15585 1
16 7408 1
16 2289 1
16 12018 1
16 5365 1
16 15616 1
16 11307 1
16 11524 1
16 20234 1
16 4364 1
16 7952 1
16 4884 1
16 6938 1
16 8993 1
16 5935 1
16 10545 1
16 15666 1
16 19764 1
16 5433 3
16 6464 1
16 6979 1
16 5450 1
16 4942 1
16 11600 1
16 2899 2
16 14677 1
16 1375 1
16 8043 2
16 9069 1
16 10096 1
16 22385 1
16 13175 1
16 8568 1
16 22418 1
16 13723 2
16 12716 1
16 1266 1
16 15278 1
16 19888 1
16 20914 1
16 671 1
16 19900 1
16 11709 1
16 15808 1
16 16835 1
16 12746 1
16 9171 1
16 10206 2
16 3039 1
16 20456 1
16 2025 1
16 1002 1
16 18420 1
16 169 1
16 4601 1
16 22186 1
17 12288 1
17 8193 1
17 13316 2
17 9046 1
17 1281 1
17 7433 1
17 16650 1
17 22032 1
17 22418 1
17 2243 1
17 22551 1
17 1562 1
17 13979 1
17 19740 1
17 5917 1
17 21535 1
17 16416 1
17 1578 1
17 7460 1
17 10407 1
17 21160 1
17 21161 1
17 8986 1
17 2731 1
17 22188 1
17 18607 1
17 15666 1
17 8502 1
17 20155 1
17 22589 2
17 5567 1
17 16835 1
17 20292 1
17 13255 2
17 17225 1
17 20427 1
17 13389 1
17 22426 1
17 7379 1
17 5460 1
17 15574 2
17 855 2
17 6489 1
17 9947 1
17 2911 1
17 19938 1
17 22119 2
17 18793 1
17 3943 1
17 9069 1
17 21629 1
17 1141 1
17 4217 1
17 7548 1
17 10365 1
17 7039 1
18 12162 1
18 8195 1
18 13316 1
18 11143 1
18 17424 1
18 22033 1
18 2025 1
18 916 1
18 18837 1
18 12164 1
18 15008 1
18 20255 1
18 20000 1
18 5417 2
18 13998 1
18 12848 1
18 7985 1
18 11826 1
18 7475 1
18 9033 1
18 22121 1
18 6718 1
18 22464 2
18 11969 1
18 712 1
18 7241 1
18 6732 1
18 592 1
18 7889 1
18 2003 1
18 14677 1
18 15574 2
18 11385 1
18 8026 1
18 10844 1
18 18911 1
18 19938 1
18 7854 1
18 4881 1
18 18793 1
18 12779 1
18 14448 1
18 1141 1
18 12905 1
18 4601 1
18 11771 1
18 8063 1
19 3201 1
19 9543 1
19 11307 1
19 16260 2
19 12805 1
19 14081 1
19 15903 1
19 15660 1
19 7263 1
19 20875 1
19 5929 1
19 22416 1
19 4884 1
19 9237 1
19 10264 2
19 11710 1
19 18846 1
19 20255 1
19 5417 1
19 19114 1
19 20267 1
19 1068 1
19 174 1
19 7855 1
19 18736 2
19 12471 2
19 5306 1
19 12091 1
19 11708 1
19 17162 1
19 4831 1
19 1141 1
19 14016 2
19 8646 1
19 15585 1
19 7880 1
19 13516 1
19 9167 1
19 4304 1
19 15441 1
19 20649 1
19 14677 1
19 15574 1
19 11385 1
19 8537 1
19 8026 2
19 10972 1
19 4423 1
19 16479 1
19 21984 1
19 592 1
19 2914 1
19 17214 1
19 7780 2
19 6760 1
19 19900 1
19 8810 1
19 18030 1
19 15855 1
19 13404 1
19 12787 1
19 16757 1
19 1526 1
19 6441 1
19 4601 1
19 4602 1
19 6143 1
19 5244 1
19 12799 1
20 12288 1
20 3331 1
20 13316 1
20 5000 1
20 1068 1
20 20494 1
20 15128 1
20 16814 1
20 14743 1
20 18200 1
20 12441 1
20 1564 1
20 6192 1
20 3492 1
20 20389 1
20 22442 1
20 15660 1
20 7854 1
20 18736 1
20 15666 1
20 18485 1
20 11960 1
20 16313 1
20 21818 1
20 21692 1
20 21311 1
20 6464 1
20 21699 1
20 15278 1
20 15432 1
20 13388 2
20 6732 1
20 13389 1
20 9167 1
20 8144 1
20 21586 1
20 596 1
20 5208 1
20 5808 1
20 22266 1
20 10206 1
20 7903 1
20 19408 1
20 19096 1
20 8421 1
20 3943 1
20 8425 2
20 2410 1
20 18030 1
20 14448 1
20 6770 1
20 1140 1
20 13174 2
20 4602 1
20 1727 1
20 17642 1
21 12288 1
21 17408 1
21 5788 1
21 12779 1
21 13316 2
21 17669 1
21 12038 1
21 13490 1
21 17672 1
21 18185 1
21 20290 1
21 18200 1
21 20898 1
21 22416 1
21 11672 1
21 5394 1
21 916 1
21 21678 1
21 22551 1
21 1048 1
21 16260 2
21 5915 1
21 8988 1
21 22557 1
21 8223 1
21 20256 1
21 15266 2
21 17573 1
21 4831 2
21 18844 1
21 6442 1
21 21618 1
21 14894 1
21 7471 1
21 7474 1
21 11960 1
21 20155 1
21 5565 1
21 8766 1
21 21311 2
21 8896 1
21 18656 1
21 5186 1
21 3524 1
21 12746 1
21 13389 2
21 7949 1
21 18128 1
21 9684 1
21 13398 1
21 602 1
21 16092 2
21 7903 2
21 5780 1
21 14945 1
21 12390 1
21 9831 1
21 3943 1
21 22252 1
21 9234 2
21 22383 1
21 3954 1
21 12659 1
21 16090 1
21 3674 2
21 22127 1
21 9496 1
22 11008 1
22 13316 3
22 6149 1
22 9729 1
22 16301 1
22 22032 1
22 9237 1
22 4636 1
22 3113 1
22 4654 1
22 9777 1
22 1076 1
22 12854 1
22 22071 1
22 21586 1
22 6732 1
22 13389 1
22 593 1
22 15442 2
22 8275 1
22 13398 2
22 5207 2
22 8797 1
22 2407 1
22 21613 3
22 18030 1
22 11887 1
22 1140 1
22 1141 2
22 1144 1
22 14975 1
22 18049 1
22 18051 1
22 1163 2
22 14477 1
22 22125 1
22 7313 1
22 14488 1
22 1179 1
22 18081 1
22 10915 1
22 15013 1
22 12456 1
22 11946 1
22 15128 1
22 2231 1
22 5578 1
22 9918 1
22 1227 1
22 17621 1
22 7897 1
22 15068 1
22 2271 1
22 745 2
22 9451 2
22 7920 1
22 9969 1
22 6390 1
22 11511 1
22 20736 1
22 8449 1
22 7432 1
22 7433 1
22 14592 2
22 18200 1
22 19741 1
22 20255 1
22 20257 1
22 22323 1
22 21305 1
22 12091 1
22 831 1
22 6464 1
22 19340 1
22 1358 1
22 20818 2
22 14677 3
22 3927 1
22 15709 1
22 7854 2
22 10043 1
22 3943 1
22 363 1
22 21364 1
22 885 1
22 12151 1
22 8063 1
22 9607 1
22 21388 1
22 21917 1
22 22442 2
22 14253 1
22 2478 1
22 17849 1
22 5565 1
22 22464 2
22 22473 1
22 13258 1
22 974 1
22 8144 1
22 19923 1
22 6612 1
22 8161 1
22 4589 1
22 3065 1
22 8188 1
23 1280 1
23 14723 1
23 14725 1
23 20234 1
23 4364 1
23 18574 1
23 13459 1
23 18197 1
23 22551 1
23 12441 1
23 18975 1
23 14498 1
23 16419 1
23 20389 1
23 22442 1
23 22571 1
23 18220 1
23 5876 1
23 180 1
23 3765 1
23 21305 1
23 19133 1
23 22339 1
23 9924 1
23 3528 1
23 13388 1
23 4432 1
23 9169 1
23 7635 1
23 11477 1
23 2394 1
23 20445 1
23 21470 1
23 12625 1
23 9833 1
23 9069 1
23 5565 1
23 10867 1
23 1140 1
23 4725 1
23 10360 1
23 15097 1
23 3067 1
