1 13834 1
1 16913 1
1 16921 1
1 17435 2
1 7710 1
1 18463 1
1 4128 1
1 16304 1
1 3621 1
1 3629 1
1 12852 2
1 569 1
1 17248 1
1 588 1
1 11858 1
1 10837 1
1 13398 1
1 14427 1
1 6750 1
1 18532 1
1 22119 1
1 15036 1
1 10859 1
1 2322 2
1 10862 1
1 14448 1
1 13937 1
1 6770 1
1 15465 1
1 17016 1
1 15481 1
1 6269 1
1 13950 1
1 13444 1
1 12933 2
1 8641 1
1 14473 1
1 13933 1
1 3217 1
1 6290 1
1 13507 1
1 18068 1
1 18030 1
1 4247 1
1 10394 1
1 12446 1
1 9887 1
1 880 1
1 4263 1
1 17071 1
1 5808 1
1 12147 1
1 1717 1
1 15035 1
1 18108 1
1 19133 3
1 2243 1
1 13512 1
1 16588 1
1 10963 1
1 1758 1
1 1248 1
1 14049 1
1 6889 2
1 22252 1
1 1918 1
1 758 1
1 5368 1
1 15609 1
1 15610 1
1 5371 1
1 7432 1
1 16649 1
1 20234 1
1 17163 1
1 15119 1
1 15632 1
1 17170 1
1 2323 1
1 19588 1
1 13090 1
1 10532 1
1 5929 2
1 16775 1
1 18222 1
1 17206 1
1 17719 1
1 21305 3
1 20794 1
1 3392 1
1 7489 1
1 17225 1
1 22354 1
1 4440 1
1 16224 1
1 7011 1
1 879 1
1 9072 2
1 16243 1
1 12663 1
1 8568 1
1 8571 1
1 12670 2
1 1924 1
1 16961 2
1 8079 1
1 10641 1
1 3991 3
1 3992 1
1 1949 1
1 12190 1
1 8607 1
1 20384 1
1 15266 1
1 18851 1
1 7600 1
1 19808 3
1 5554 1
1 7584 1
1 9141 1
1 16827 1
1 22464 4
1 4033 1
1 11714 1
1 22262 1
1 13255 1
1 21448 1
1 1994 1
1 17354 1
1 7660 1
1 11760 1
1 1013 1
1 13814 1
1 11771 1
1 6652 1
2 12288 1
2 8449 1
2 15532 1
2 18442 1
2 7694 1
2 22032 1
2 19478 1
2 8728 1
2 13849 1
2 3099 1
2 13854 2
2 20255 1
2 21636 1
2 7718 1
2 15793 1
2 8233 1
2 3629 3
2 18995 1
2 1076 1
2 1590 2
2 569 1
2 13834 1
2 12497 1
2 19520 1
2 1089 1
2 1090 1
2 20547 1
2 10820 1
2 13388 1
2 13389 1
2 13838 1
2 13398 1
2 5207 1
2 7785 1
2 1643 1
2 622 1
2 17085 1
2 14448 2
2 15473 1
2 2674 1
2 9065 1
2 6776 1
2 11887 1
2 13951 1
2 13444 1
2 7303 1
2 13451 1
2 3217 1
2 10392 1
2 11931 1
2 17435 3
2 16661 1
2 4263 1
2 22188 1
2 9901 1
2 17072 1
2 19124 2
2 21174 1
2 14327 1
2 17083 1
2 8892 1
2 19133 2
2 22209 1
2 15555 1
2 14020 3
2 13512 1
2 13515 1
2 4303 2
2 16592 1
2 7889 1
2 5331 1
2 7892 1
2 12503 1
2 5337 1
2 22234 1
2 11471 1
2 16605 1
2 10975 1
2 7392 1
2 14049 1
2 4834 1
2 4836 1
2 21733 1
2 14545 2
2 10472 1
2 6889 1
2 748 1
2 21309 1
2 13182 1
2 17142 2
2 10452 1
2 5371 3
2 17660 1
2 1281 1
2 4868 1
2 19718 1
2 14088 1
2 15626 1
2 4364 1
2 21890 1
2 5391 1
2 2322 1
2 2835 1
2 4884 1
2 13077 1
2 2839 2
2 2841 1
2 21295 1
2 8989 1
2 7455 1
2 17188 1
2 7471 1
2 12766 1
2 21305 2
2 4410 1
2 10044 1
2 15754 1
2 3392 1
2 834 1
2 22339 1
2 5445 1
2 8013 1
2 3408 1
2 12625 1
2 18148 1
2 2394 1
2 8543 1
2 19808 1
2 21865 1
2 5437 1
2 6512 1
2 12151 1
2 16758 1
2 20343 2
2 12153 1
2 17788 1
2 12670 1
2 12673 2
2 1922 1
2 16774 1
2 4599 1
2 5000 1
2 17290 1
2 4491 1
2 8079 2
2 17810 1
2 8515 1
2 19349 1
2 21912 1
2 926 1
2 8607 2
2 7584 1
2 15777 1
2 15266 1
2 22171 1
2 3492 1
2 14250 1
2 7089 1
2 15774 1
2 11193 2
2 16831 1
2 22464 1
2 20384 1
2 16835 1
2 22262 1
2 5577 1
2 4555 1
2 9167 2
2 4057 1
2 12342 1
2 10206 1
2 15328 1
2 3553 1
2 10219 1
2 16367 1
2 3568 1
2 3060 1
2 16375 1
2 11771 2
2 15871 1
3 12288 1
3 19460 2
3 6150 1
3 7690 1
3 4623 1
3 22032 1
3 15384 1
3 7711 1
3 7432 1
3 16952 1
3 10303 1
3 3650 1
3 21068 1
3 9817 1
3 14427 1
3 6750 1
3 18528 1
3 15971 1
3 10862 2
3 10358 1
3 3711 1
3 12930 1
3 13444 1
3 12933 1
3 18056 1
3 649 1
3 12429 1
3 7823 1
3 3217 1
3 16541 1
3 14495 1
3 673 1
3 13478 1
3 17066 1
3 3758 1
3 7862 1
3 4796 1
3 19133 1
3 6337 1
3 14020 1
3 6346 1
3 18132 1
3 13022 1
3 4834 1
3 14565 1
3 11007 1
3 8449 1
3 2307 1
3 19208 2
3 4364 1
3 18197 2
3 2841 2
3 1818 1
3 8989 2
3 13445 1
3 4385 1
3 19238 1
3 12585 1
3 16775 1
3 6446 3
3 7471 1
3 10974 1
3 18569 1
3 2873 1
3 3395 1
3 17231 1
3 11832 1
3 21305 1
3 22500 1
3 19804 1
3 1378 1
3 9069 1
3 10096 1
3 12147 2
3 8568 1
3 1087 1
3 13182 1
3 1922 1
3 16773 1
3 15239 1
3 5000 1
3 11662 2
3 11154 1
3 3991 1
3 15273 1
3 3501 1
3 18352 1
3 18876 1
3 4030 1
3 22464 1
3 4033 1
3 11714 2
3 4548 1
3 13388 1
3 10206 1
3 18911 1
3 19939 2
3 11236 1
3 21841 2
3 8687 1
3 15856 1
3 13814 1
4 7680 1
4 17664 1
4 7686 1
4 16903 1
4 8209 1
4 19478 1
4 535 1
4 22437 2
4 17435 1
4 18460 1
4 15903 1
4 3621 2
4 20519 2
4 22571 1
4 3629 1
4 20526 1
4 3631 1
4 11714 2
4 13873 1
4 5682 1
4 7219 1
4 22581 1
4 12342 1
4 1591 1
4 1599 1
4 3497 1
4 5186 1
4 15939 1
4 1092 1
4 7237 1
4 15432 1
4 13388 2
4 6222 1
4 10833 1
4 2130 1
4 4691 1
4 7778 1
4 18532 1
4 8809 1
4 13418 1
4 17004 1
4 21613 2
4 18030 2
4 14448 1
4 16882 1
4 14969 2
4 13437 1
4 1152 1
4 5764 1
4 646 1
4 18569 1
4 1163 2
4 12429 1
4 1167 1
4 3731 1
4 6809 1
4 17943 1
4 1179 1
4 12446 1
4 9890 1
4 13937 1
4 12461 1
4 7343 1
4 13490 1
4 17077 1
4 19133 2
4 20256 1
4 8898 1
4 13516 2
4 11471 1
4 5331 1
4 9434 1
4 15581 1
4 10975 1
4 10464 2
4 13026 2
4 19172 1
4 10469 1
4 744 1
4 14060 1
4 20717 1
4 14973 2
4 20721 1
4 20722 2
4 9977 1
4 14592 1
4 5895 1
4 4364 2
4 10510 1
4 7952 1
4 17169 1
4 10515 1
4 4884 1
4 18197 1
4 6423 1
4 1816 1
4 18052 1
4 16667 1
4 10016 1
4 11555 1
4 15763 1
4 18222 3
4 16177 1
4 15671 1
4 21305 2
4 18759 1
4 6489 3
4 8512 1
4 4417 1
4 22340 1
4 21319 1
4 15177 1
4 17975 1
4 3408 1
4 12625 1
4 21845 1
4 4438 1
4 5433 1
4 18777 1
4 2394 1
4 18267 2
4 13663 1
4 22368 1
4 7010 1
4 4972 1
4 9069 1
4 2416 1
4 7537 1
4 16243 1
4 7540 1
4 1918 1
4 12673 1
4 18818 1
4 16778 1
4 11662 1
4 12013 1
4 20882 1
4 19347 1
4 5529 1
4 15774 1
4 17823 1
4 7584 1
4 3492 1
4 20389 1
4 4520 1
4 15273 1
4 4011 1
4 9458 1
4 15280 1
4 7606 1
4 1465 2
4 1466 1
4 955 1
4 4030 1
4 3519 1
4 11202 1
4 10189 1
4 9167 2
4 14807 1
4 984 1
4 10205 1
4 9637 1
4 3552 1
4 4432 1
4 19939 1
4 22500 1
4 21841 1
4 8685 1
4 16367 1
4 3058 1
4 13299 1
4 3060 1
4 18857 1
4 4601 1
4 11771 1
5 8705 1
5 22025 1
5 22551 1
5 1564 1
5 2589 1
5 18975 1
5 2594 1
5 7203 1
5 22108 1
5 22571 1
5 12341 1
5 17975 2
5 13881 1
5 2911 1
5 13887 1
5 1092 1
5 7752 1
5 6218 1
5 588 2
5 12878 1
5 12880 1
5 15971 1
5 16982 1
5 9308 1
5 19553 1
5 19131 1
5 16490 1
5 16493 1
5 13937 1
5 626 1
5 6687 1
5 633 1
5 17021 1
5 3203 1
5 19588 1
5 13445 5
5 12429 1
5 14495 1
5 16035 1
5 17066 1
5 17067 1
5 9901 1
5 5814 2
5 12471 1
5 7867 1
5 8892 1
5 5321 1
5 13516 1
5 18133 1
5 9945 1
5 9434 1
5 4831 1
5 8421 1
5 17127 1
5 6889 1
5 741 1
5 18686 1
5 14081 1
5 2309 1
5 16135 1
5 18185 2
5 18818 1
5 5391 1
5 6770 1
5 4884 1
5 18197 1
5 21782 1
5 7447 1
5 14618 1
5 12076 1
5 20285 2
5 20303 1
5 15184 1
5 4434 1
5 6489 1
5 18267 1
5 13663 1
5 7010 1
5 15206 1
5 10097 1
5 16243 1
5 17790 1
5 1922 1
5 1415 1
5 17293 1
5 15763 1
5 21396 1
5 917 1
5 4509 1
5 13727 1
5 20384 1
5 12716 1
5 16301 1
5 2990 1
5 15432 2
5 435 1
5 21953 1
5 11714 3
5 7110 1
5 18911 1
5 16367 1
5 3058 1
5 3060 1
5 11771 2
6 15281 1
6 7 1
6 19464 1
6 4617 1
6 22551 1
6 19716 1
6 1564 1
6 4442 1
6 15903 1
6 433 1
6 1576 2
6 15404 1
6 3629 1
6 8236 1
6 7217 1
6 1074 1
6 10265 1
6 3641 1
6 19514 1
6 3134 1
6 22368 1
6 5186 1
6 4675 1
6 8262 1
6 7752 1
6 16972 1
6 12880 3
6 15432 2
6 602 1
6 1630 1
6 272 1
6 18022 1
6 17169 1
6 7785 1
6 21613 4
6 18030 2
6 21105 1
6 6770 1
6 633 1
6 10148 1
6 6270 1
6 13440 1
6 1899 1
6 1669 1
6 6791 1
6 18569 2
6 1163 2
6 7823 1
6 21136 1
6 2705 1
6 16835 1
6 22553 1
6 13466 1
6 11632 1
6 4263 1
6 10408 1
6 10410 1
6 22188 1
6 7343 1
6 12465 1
6 19634 1
6 19124 1
6 10423 1
6 15548 1
6 19133 1
6 12481 1
6 2243 1
6 7877 2
6 20167 1
6 20343 1
6 14031 1
6 14037 1
6 4217 1
6 11995 1
6 10975 1
6 10467 1
6 8422 1
6 7401 1
6 8515 1
6 22252 1
6 15400 1
6 1266 1
6 15603 1
6 11134 1
6 11511 1
6 15096 1
6 15609 1
6 15610 1
6 17661 1
6 11007 3
6 14592 1
6 14081 1
6 4868 2
6 7432 1
6 1068 1
6 20234 2
6 4364 1
6 10510 1
6 21264 1
6 17681 1
6 2322 1
6 5400 1
6 3460 1
6 10531 1
6 8449 1
6 12589 1
6 7471 3
6 5936 1
6 12081 1
6 15666 1
6 1844 2
6 11742 1
6 5433 1
6 10555 1
6 15677 1
6 8511 2
6 4419 1
6 12076 1
6 3408 1
6 12625 1
6 1000 1
6 14677 1
6 2394 1
6 1167 1
6 19808 1
6 9873 1
6 5993 1
6 5994 1
6 6507 1
6 6511 1
6 12656 1
6 5489 1
6 12663 1
6 8568 2
6 8062 1
6 7041 1
6 1412 1
6 5513 1
6 395 1
6 15763 1
6 3991 2
6 12189 1
6 20012 1
6 15266 1
6 14743 1
6 15268 1
6 20389 1
6 15273 1
6 12717 1
6 7089 1
6 1460 1
6 17336 1
6 1465 1
6 21434 1
6 8636 1
6 16831 1
6 8641 1
6 13763 1
6 1482 1
6 15819 1
6 13772 1
6 9167 1
6 18851 1
6 11737 1
6 10206 1
6 14304 1
6 15184 1
6 10728 1
6 10407 1
6 16366 1
6 7154 1
6 14324 1
6 12278 1
6 6651 1
7 512 1
7 12288 2
7 683 1
7 7684 1
7 20997 1
7 4617 1
7 13834 1
7 7691 1
7 526 1
7 3090 1
7 4115 1
7 10158 1
7 22551 2
7 10264 1
7 10265 1
7 17435 1
7 22557 1
7 15903 3
7 8229 1
7 22571 1
7 557 1
7 1074 1
7 9268 1
7 11832 1
7 863 1
7 8769 2
7 11334 1
7 10337 1
7 16968 1
7 15949 1
7 11855 1
7 17494 1
7 7768 1
7 12891 7
7 8797 1
7 18528 1
7 18529 1
7 10939 1
7 13412 1
7 6760 1
7 19900 1
7 4455 1
7 13932 1
7 21613 2
7 20592 1
7 1650 1
7 6262 1
7 7799 1
7 18042 1
7 13435 2
7 5246 2
7 640 1
7 3201 1
7 13445 2
7 9351 1
7 18571 1
7 12429 1
7 1167 1
7 1168 1
7 13848 1
7 3943 1
7 2329 1
7 16544 1
7 12656 1
7 20642 1
7 11939 1
7 9892 1
7 15528 3
7 11946 1
7 4779 1
7 626 1
7 5301 3
7 9398 1
7 12471 1
7 11960 1
7 19131 1
7 10428 1
7 19133 1
7 7361 1
7 8898 1
7 7371 1
7 22220 1
7 20686 3
7 4303 1
7 9424 1
7 15566 1
7 9167 2
7 13532 1
7 3417 1
7 4831 1
7 2273 1
7 742 1
7 21097 1
7 21737 1
7 747 1
7 22252 1
7 12013 1
7 14574 2
7 18162 1
7 1269 1
7 22262 1
7 14583 1
7 14584 1
7 12164 1
7 4868 1
7 19718 2
7 4364 2
7 3629 1
7 17681 1
7 4884 1
7 281 1
7 7471 1
7 19740 1
7 797 1
7 20255 1
7 10972 2
7 10541 1
7 10542 1
7 21295 1
7 17203 1
7 19764 1
7 19765 1
7 1335 1
7 10975 1
7 20285 1
7 19263 1
7 16194 1
7 20384 2
7 6982 1
7 19174 1
7 5935 1
7 20813 1
7 3408 1
7 12625 4
7 4438 1
7 16727 1
7 4440 1
7 18777 1
7 2394 1
7 18267 4
7 19295 1
7 22368 1
7 7011 1
7 15205 1
7 17041 1
7 9577 1
7 8556 1
7 2416 1
7 17265 1
7 12151 1
7 20343 1
7 15736 1
7 8570 1
7 1917 1
7 12670 1
7 7041 1
7 1410 1
7 15339 1
7 4484 1
7 1138 1
7 8079 1
7 4496 1
7 20882 1
7 20803 1
7 14741 1
7 21398 1
7 3991 1
7 17818 1
7 7069 1
7 17312 3
7 9637 1
7 13222 1
7 7362 1
7 15273 2
7 12202 1
7 12717 2
7 2990 1
7 1949 1
7 5554 1
7 9139 1
7 1460 1
7 9146 1
7 13755 1
7 6076 1
7 1469 1
7 15808 2
7 8641 1
7 11714 2
7 6902 1
7 17485 1
7 248 1
7 19619 1
7 15317 1
7 14814 1
7 5796 1
7 6622 2
7 21477 1
7 16363 2
7 11760 2
7 3058 1
7 14324 1
7 12791 1
7 13822 1
7 5119 1
8 20200 1
8 11348 1
