1 19460 1
1 22025 1
1 22551 1
1 22557 1
1 5552 1
1 17016 1
1 7216 1
1 12852 2
1 5687 1
1 4667 1
1 3134 2
1 11850 1
1 1099 1
1 21068 1
1 15949 1
1 13394 1
1 7765 1
1 18528 1
1 18108 1
1 7880 1
1 21613 2
1 18030 1
1 11887 1
1 13937 2
1 626 1
1 2680 1
1 5909 1
1 15808 4
1 14978 1
1 18051 1
1 18055 1
1 1167 1
1 3731 1
1 21141 1
1 9887 1
1 21160 1
1 14509 1
1 21169 1
1 5301 2
1 16054 1
1 12471 2
1 3769 1
1 3258 2
1 3260 1
1 7870 1
1 6847 3
1 19136 1
1 11969 1
1 20168 1
1 8568 1
1 10453 1
1 21726 1
1 4831 1
1 7392 1
1 6844 1
1 741 1
1 12013 1
1 20225 2
1 15621 1
1 20234 3
1 4364 2
1 13073 1
1 13443 1
1 18197 1
1 15641 1
1 797 1
1 1825 1
1 20260 1
1 10540 1
1 10544 1
1 1844 1
1 10039 1
1 10552 2
1 19764 1
1 16193 2
1 22340 1
1 3398 1
1 18759 1
1 8015 1
1 21841 1
1 21845 1
1 14680 1
1 22368 1
1 22369 3
1 22374 1
1 5995 1
1 11632 2
1 3953 1
1 8056 2
1 3455 1
1 897 1
1 15751 1
1 6026 1
1 395 1
1 20882 2
1 18841 1
1 2990 1
1 432 1
1 433 1
1 11709 1
1 22464 4
1 18886 1
1 15816 4
1 13388 1
1 9167 2
1 5591 1
1 4058 1
1 22494 1
1 21984 1
1 4587 1
1 21586 1
1 3058 1
1 4602 1
1 18940 1
1 5118 1
1 14677 3
2 12288 3
2 8193 1
2 409 1
2 20494 1
2 20502 1
2 13316 3
2 6171 2
2 22557 1
2 16417 2
2 6182 1
2 20519 3
2 8232 1
2 22571 1
2 8236 3
2 14389 1
2 2111 1
2 12354 1
2 8262 2
2 18503 3
2 8264 1
2 14324 2
2 12390 2
2 4204 1
2 15037 2
2 14448 1
2 20593 1
2 14452 1
2 16514 1
2 2179 3
2 16519 2
2 8350 2
2 8351 1
2 18592 1
2 13681 2
2 10408 1
2 3688 1
2 12459 1
2 12460 1
2 12463 1
2 12471 1
2 10425 1
2 2239 1
2 10434 2
2 2243 1
2 2244 1
2 12487 1
2 20686 2
2 4303 1
2 12505 2
2 7546 1
2 12510 1
2 2276 1
2 4326 1
2 14574 1
2 14583 1
2 14584 2
2 10495 1
2 8449 4
2 2309 3
2 2314 1
2 4364 6
2 10510 1
2 10515 1
2 16663 1
2 2349 1
2 10552 2
2 14649 1
2 10555 1
2 18759 2
2 12625 4
2 16723 1
2 14677 5
2 4438 1
2 18793 1
2 364 1
2 6511 2
2 12663 1
2 18832 1
2 20882 5
2 18837 2
2 14743 2
2 18841 2
2 5530 1
2 18851 1
2 16804 1
2 12713 4
2 430 1
2 433 1
2 1924 1
2 8636 1
2 6593 1
2 16850 1
2 18911 1
2 18919 6
2 496 1
2 497 1
2 502 1
2 18940 2
2 18942 1
2 4611 3
2 12808 1
2 4617 1
2 526 1
2 12815 2
2 4868 1
2 18975 1
2 555 2
2 12852 2
2 6770 1
2 4665 1
2 6718 1
2 16961 1
2 16963 1
2 16964 1
2 2634 1
2 588 1
2 13113 1
2 591 1
2 592 1
2 8797 1
2 11708 2
2 12906 2
2 19056 2
2 626 2
2 2678 1
2 10890 1
2 6809 1
2 10915 1
2 19113 1
2 17067 1
2 4781 1
2 17071 1
2 17072 1
2 17073 1
2 19124 1
2 8892 1
2 19133 1
2 705 1
2 1825 2
2 8908 1
2 719 2
2 10972 1
2 745 1
2 19938 1
2 12164 1
2 19204 1
2 19208 1
2 15119 1
2 4884 1
2 8988 2
2 19589 1
2 11053 1
2 21305 1
2 19595 1
2 13129 3
2 6989 1
2 4942 1
2 15184 1
2 17234 2
2 9044 6
2 9047 5
2 11098 1
2 4960 2
2 15202 1
2 4966 2
2 15208 1
2 13161 1
2 9069 3
2 5267 1
2 21364 1
2 2944 2
2 2947 1
2 904 1
2 17290 6
2 7055 3
2 17312 1
2 15856 1
2 15266 2
2 15275 1
2 11180 1
2 2990 2
2 9140 1
2 17225 1
2 11193 1
2 11196 2
2 17348 2
2 17349 1
2 21451 1
2 9167 5
2 9169 1
2 21458 1
2 6652 1
2 5489 1
2 3060 1
2 5118 11
2 19460 2
2 1048 1
2 11292 2
2 15392 1
2 15400 1
2 7217 1
2 7224 1
2 3130 1
2 17467 1
2 3134 2
2 22368 1
2 15432 2
2 13388 3
2 13389 5
2 21586 7
2 4281 1
2 16911 1
2 3173 1
2 3175 1
2 21613 2
2 5232 3
2 21617 3
2 1141 2
2 5246 1
2 3201 1
2 3203 1
2 13445 5
2 13451 1
2 13452 1
2 13453 1
2 21651 1
2 15512 1
2 7329 1
2 11434 1
2 19634 1
2 5301 3
2 5302 2
2 5304 2
2 3260 1
2 21696 10
2 19650 1
2 13514 1
2 13516 2
2 9424 1
2 11479 1
2 19674 1
2 5365 1
2 11511 2
2 15609 3
2 15611 2
2 21757 1
2 15616 1
2 7040 1
2 15618 1
2 15621 3
2 3340 1
2 17679 1
2 15641 1
2 7451 1
2 17702 1
2 17703 2
2 17706 2
2 13611 1
2 7471 1
2 7483 1
2 7485 1
2 21841 1
2 5689 1
2 3419 1
2 11835 4
2 19814 1
2 21871 1
2 11632 4
2 7537 2
2 11641 1
2 5498 4
2 7550 5
2 9600 1
2 1412 1
2 15754 1
2 17806 1
2 15763 1
2 9621 1
2 17818 1
2 15778 1
2 9637 1
2 19900 3
2 11710 1
2 15808 3
2 15809 1
2 11714 2
2 13763 1
2 15816 1
2 17996 1
2 15820 1
2 7633 1
2 13778 1
2 7635 1
2 9684 1
2 7637 1
2 13784 1
2 20389 1
2 7650 1
2 19942 1
2 15953 1
2 15850 1
2 11760 2
2 13819 1
2 15869 1
2 7684 1
2 7687 1
2 22024 1
2 15890 1
2 9755 1
2 9758 1
2 11815 2
2 3629 1
2 17975 1
2 3641 1
2 3643 2
2 1606 1
2 11850 3
2 15948 1
2 9809 4
2 11858 1
2 18005 1
2 11866 1
2 3676 3
2 18022 1
2 9831 1
2 15976 1
2 7785 1
2 15982 1
2 11887 1
2 13937 2
2 22133 1
2 22121 1
2 3706 1
2 20095 1
2 18051 1
2 18055 1
2 20113 3
2 7826 1
2 20117 1
2 5800 1
2 1216 1
2 9901 2
2 13969 1
2 22209 2
2 22229 1
2 7903 2
2 7463 1
2 22252 1
2 7918 2
2 11925 1
2 5875 3
2 14081 2
2 5890 1
2 3844 1
2 16135 1
2 20234 1
2 12043 1
2 18197 1
2 20255 1
2 20256 1
2 20257 1
2 10024 1
2 1844 1
2 22339 2
2 20293 1
2 8013 1
2 20303 1
2 8026 1
2 16224 2
2 22369 1
2 3943 1
2 20330 1
2 6000 1
2 14207 1
2 1921 1
2 6020 1
2 3973 2
2 3976 1
2 3978 1
2 16271 2
2 22418 1
2 6036 1
2 3991 1
2 22426 1
2 12188 1
2 20384 4
2 6053 1
2 22442 4
2 18355 1
2 22457 1
2 22464 5
2 12252 1
2 6121 1
2 6126 1
2 16367 1
2 10225 1
2 16371 1
2 8180 2
2 8188 1
3 12288 1
3 19460 1
3 7690 1
3 19478 1
3 22551 1
3 13849 1
3 9758 1
3 18267 1
3 6695 1
3 11817 1
3 8749 1
3 14386 1
3 1076 1
3 2108 3
3 2113 3
3 12354 2
3 11858 1
3 18005 1
3 20592 2
3 17016 2
3 16512 1
3 1167 1
3 4754 1
3 671 1
3 6819 1
3 4263 1
3 19114 1
3 17067 2
3 14509 1
3 16049 1
3 16054 1
3 4795 1
3 8892 1
3 19133 2
3 19649 1
3 10436 1
3 8993 1
3 16588 1
3 13516 1
3 20686 1
3 7544 1
3 5331 1
3 7392 1
3 2273 1
3 12011 1
3 6380 1
3 15102 1
3 4867 2
3 4868 1
3 4364 2
3 17681 1
3 1812 1
3 16661 1
3 8988 2
3 22304 1
3 18209 1
3 5927 1
3 15751 1
3 1844 1
3 21305 2
3 3978 1
3 16705 1
3 12625 2
3 17234 1
3 15700 1
3 14677 1
3 2394 1
3 13147 1
3 11103 1
3 5988 1
3 9069 1
3 13681 1
3 20851 1
3 8568 1
3 17790 1
3 1922 2
3 16775 1
3 2442 1
3 405 1
3 7584 1
3 9637 1
3 15273 1
3 9645 1
3 2990 3
3 8636 2
3 22464 4
3 13255 1
3 21451 1
3 15820 1
3 7633 1
3 7637 1
3 10205 1
3 8683 1
3 18426 1
3 11771 1
3 11434 1
3 5118 5
3 12799 1
4 1280 1
4 10243 1
4 19460 1
4 11273 1
4 1547 1
4 13837 1
4 9901 1
4 22032 1
4 13334 1
4 22551 1
4 6171 1
4 9244 1
4 8229 1
4 6695 1
4 15976 1
4 15618 1
4 1067 1
4 3629 2
4 7218 1
4 12341 1
4 4617 1
4 3641 1
4 4668 3
4 22589 1
4 9791 1
4 12354 1
4 11335 2
4 21586 2
4 15033 1
4 9817 1
4 97 1
4 18022 1
4 9831 1
4 9832 1
4 18023 1
4 21613 1
4 14448 2
4 113 1
4 114 1
4 17016 1
4 6977 1
4 5760 1
4 10859 1
4 20109 1
4 20110 1
4 9875 2
4 3176 1
4 4199 1
4 671 1
4 21152 1
4 11632 2
4 13478 1
4 1564 1
4 22188 1
4 14509 1
4 20147 2
4 11444 2
4 11449 1
4 3258 1
4 10939 1
4 8892 1
4 19133 3
4 7870 1
4 8898 1
4 13508 1
4 10102 1
4 15558 1
4 10963 1
4 20695 2
4 5583 1
4 3293 1
4 10975 1
4 9442 1
4 740 1
4 8421 1
4 5246 1
4 248 1
4 17148 1
4 2304 1
4 2306 1
4 4867 3
4 4868 1
4 3339 2
4 4364 2
4 15491 1
4 21782 2
4 8989 2
4 7455 1
4 18208 1
4 4385 1
4 2344 1
4 5935 1
4 1844 1
4 8502 1
4 21305 3
4 7483 1
4 9534 1
4 4417 1
4 8517 1
4 17225 1
4 12111 1
4 12625 2
4 15190 1
4 2873 1
4 8026 1
4 14690 1
4 18275 1
4 17253 1
4 14694 1
4 3943 3
4 8040 1
4 5994 1
4 9072 1
4 22385 1
4 13682 1
4 19124 1
4 7542 1
4 14713 1
4 17790 1
4 1412 1
4 16775 2
4 7055 1
4 20882 1
4 15763 1
4 3992 1
4 409 1
4 11675 1
4 10651 1
4 19364 1
4 11847 1
4 11181 1
4 16705 1
4 15279 1
4 22450 1
4 21948 1
4 7101 1
4 15808 1
4 4037 1
4 9167 2
4 3536 3
4 3541 2
4 18391 1
4 11737 1
4 5089 1
4 19939 1
4 15850 1
4 8683 2
4 11760 1
4 3058 1
4 501 1
4 7670 1
4 503 1
4 4601 1
4 6652 1
5 12288 1
5 15874 1
5 4011 2
5 19464 2
5 1547 2
5 13838 1
5 16911 1
5 13331 1
5 19476 1
5 19478 2
5 22551 1
5 6687 1
5 13863 1
5 3629 2
5 16430 1
5 16431 1
5 18483 1
5 12852 1
5 22585 1
5 4668 3
5 8765 1
5 22591 1
5 22082 2
5 20547 1
5 3652 5
5 16054 1
5 11335 4
5 11336 3
5 268 1
5 11850 2
5 18508 1
5 592 1
5 21586 2
5 20238 1
5 13412 1
5 602 2
5 1627 1
5 13053 1
5 7776 1
5 100 1
5 13881 1
5 6758 1
5 103 1
5 9832 1
5 16592 1
5 110 1
5 14448 1
5 6760 1
5 6770 1
5 6264 1
5 10365 1
5 5246 4
5 18197 1
5 13952 2
5 22464 1
5 12930 1
5 277 1
5 5765 1
5 14189 1
5 4746 1
5 14475 1
5 1167 2
5 10900 1
5 7323 2
5 12446 1
5 13478 1
5 113 1
5 22188 1
5 14509 1
5 20662 1
5 697 1
5 8378 1
5 20155 1
5 19133 5
5 2239 2
5 4385 1
5 7888 1
5 10449 2
5 14036 1
5 14037 1
5 20695 4
5 5337 1
5 10973 1
5 21727 1
5 5840 1
5 8421 1
5 15590 1
5 2279 2
5 15593 1
5 12010 1
5 22252 1
5 14575 1
5 18162 1
5 20723 1
5 22262 1
5 14583 1
5 15609 1
5 7933 1
5 13525 1
5 4868 1
5 18181 1
5 3339 1
5 4364 3
5 21774 1
5 8749 1
5 2839 2
5 16661 1
5 4886 2
5 11031 2
5 2841 2
5 4382 1
5 13445 2
5 18209 1
5 2348 1
5 2351 1
5 15838 1
5 310 1
5 21305 4
5 6976 1
5 17218 1
5 15499 1
5 17225 1
5 17229 1
5 4942 1
5 15184 1
5 12625 3
5 11843 2
5 995 2
5 4438 2
5 3129 1
5 22368 1
5 1380 1
5 11116 1
5 9069 5
5 9072 1
5 16242 1
5 17790 1
5 18818 1
5 12164 1
5 1413 1
5 15754 1
5 7055 1
5 16787 1
5 104 1
5 13723 2
5 20384 2
5 13979 1
5 16806 1
5 15784 2
5 15273 2
5 4523 2
5 11692 2
5 9645 1
5 15432 1
5 3913 1
5 16832 1
5 4000 2
5 11714 2
5 588 1
5 12746 1
5 11723 1
5 1998 1
5 9167 2
5 13778 2
5 14807 1
5 10205 1
5 6622 1
5 18911 1
5 1482 2
5 19939 1
5 6630 1
5 18924 1
5 9554 1
5 16367 2
5 14324 1
5 4087 2
5 16888 1
5 5625 1
5 6652 1
6 12288 1
6 15874 1
6 4267 1
6 18952 1
6 2063 1
6 4115 1
6 4116 1
6 1049 1
6 4122 1
6 9755 1
6 3629 1
6 16430 1
6 15408 1
6 19464 1
6 6702 1
6 13884 1
6 7236 1
6 12360 1
6 588 3
6 21586 3
6 16998 2
6 9832 1
6 111 1
6 21617 1
6 1650 1
6 11461 1
6 19588 1
6 13445 1
6 4746 2
6 16834 1
6 1167 1
6 2706 1
6 4764 1
6 21189 2
6 20642 1
6 17521 2
6 17067 1
6 19628 2
6 1713 1
6 697 1
6 12475 1
6 19133 2
6 12481 1
6 15556 1
6 4293 1
6 9425 1
6 17621 1
6 12503 1
6 12512 1
6 1256 1
6 15593 1
6 7402 1
6 12018 1
6 14037 1
6 4868 1
6 773 1
6 2310 1
6 3339 1
6 4364 3
6 5391 1
6 18197 3
6 4886 2
6 2841 1
6 8989 1
6 4894 1
6 19746 1
6 3974 1
6 21305 2
6 8512 1
6 19784 1
6 4942 1
6 12625 1
6 11604 1
6 13666 1
6 15210 1
6 9069 1
6 20847 1
6 9645 2
6 1918 1
6 3392 1
6 16260 1
6 22406 2
6 1415 1
6 11664 2
6 22418 4
6 3652 2
6 4000 2
6 4002 1
6 4003 1
6 13229 2
6 7600 1
6 1465 2
6 954 1
6 4030 1
6 7584 1
6 11714 3
6 8144 1
6 465 1
6 11737 1
6 14324 1
6 6136 1
7 12288 1
7 8706 1
7 14969 1
7 13832 1
7 21847 1
7 5646 1
7 12823 1
7 7704 1
7 12825 2
7 17435 1
7 13863 1
7 17451 1
7 3629 1
7 3636 1
7 12341 1
7 20547 1
7 3652 5
7 8262 1
7 17484 1
7 13901 1
7 17998 1
7 21586 2
7 602 1
7 20239 1
7 11870 1
7 18528 1
7 7780 1
7 16998 2
7 9832 2
7 18028 1
7 19133 5
7 5232 2
7 113 1
7 114 1
7 1163 1
7 7870 1
7 6264 1
7 6777 1
7 5246 1
7 19585 1
7 11398 1
7 6791 1
7 14473 1
7 14475 1
7 17041 1
7 5785 1
7 16030 2
7 14495 1
7 14448 2
7 16546 1
7 13478 1
7 4263 1
7 15528 1
7 22188 1
7 3758 1
7 15539 1
7 9398 1
7 11821 1
7 12478 1
7 1141 1
7 2243 1
7 13508 1
7 15566 1
7 6776 1
7 4306 1
7 5332 2
7 10453 1
7 6265 3
7 5339 1
7 10975 1
7 20194 1
7 20713 1
7 12010 1
7 8430 1
7 248 1
7 5883 1
7 14081 1
7 22571 1
7 17163 1
7 1069 1
7 7952 1
7 2834 1
7 4884 1
7 19734 1
7 19238 2
7 12585 1
7 5936 1
7 14649 3
7 3392 1
7 8513 1
7 20384 1
7 17229 1
7 21841 1
7 6483 1
7 21305 4
7 1369 1
7 18267 1
7 860 1
7 16224 1
7 1380 1
7 19942 1
7 8041 1
7 13799 1
7 9069 1
7 21874 1
7 11639 1
7 18810 1
7 1917 1
7 12164 1
7 16775 1
7 3471 1
7 9617 1
7 22418 1
7 7062 1
7 9111 1
7 7236 1
7 13723 2
7 4000 3
7 19373 1
7 2990 2
7 20923 3
7 18876 1
7 20927 1
7 16833 1
7 7110 1
7 2001 1
7 12878 1
7 8668 1
7 1507 1
7 22500 1
7 8166 1
7 5233 1
7 8168 2
7 8180 1
7 8184 2
7 505 1
7 6651 1
7 1532 1
8 1280 1
8 15874 1
8 13316 1
8 14081 1
8 13832 1
8 5643 1
8 19373 2
8 22032 1
8 21251 1
8 18521 1
8 16920 1
8 19460 1
8 22557 2
8 4638 1
8 6687 1
8 11815 2
8 3627 3
8 3629 3
8 8750 1
8 4655 1
8 3636 1
8 18485 1
8 1590 1
8 7224 1
8 8766 1
8 6651 2
8 12354 1
8 3651 1
8 3652 1
8 11850 1
8 588 1
8 7010 1
8 13394 1
8 9816 1
8 11865 1
8 602 1
8 13404 1
8 17424 1
8 8804 1
8 11771 1
8 9832 2
8 107 1
8 21102 1
8 9839 1
8 14448 3
8 17000 1
8 17016 1
8 4219 1
8 4032 1
8 1154 1
8 18055 1
8 20105 1
8 650 1
8 18571 1
8 12429 1
8 17041 2
8 13970 1
8 10900 3
8 21103 1
8 11832 1
8 12446 1
8 18080 1
8 9047 1
8 6876 1
8 6309 1
8 13478 2
8 4263 1
8 6826 1
8 15532 2
8 16049 1
8 11444 1
8 1717 1
8 16054 2
8 1719 1
8 3258 1
8 10939 1
8 19133 6
8 7370 1
8 16588 1
8 5069 1
8 5840 1
8 4306 1
8 14798 1
8 12503 1
8 5339 1
8 19676 1
8 14714 2
8 4831 1
8 464 1
8 1256 2
8 8425 1
8 748 1
8 20690 1
8 9293 1
8 21750 1
8 14583 2
8 18174 1
8 14592 1
8 8449 3
8 4867 2
8 4868 2
8 13697 1
8 19208 1
8 17162 1
8 14807 1
8 4364 2
8 5391 1
8 7952 1
8 276 1
8 19734 1
8 3631 4
8 8988 1
8 8666 1
8 18209 1
8 15651 1
8 16679 1
8 6441 1
8 5934 1
8 2351 1
8 15666 1
8 16691 1
8 1844 1
8 11064 1
8 21305 6
8 12602 1
8 7903 1
8 20284 1
8 17290 1
8 5438 1
8 3392 1
8 8513 1
8 13451 2
8 8012 1
8 17229 1
8 7504 1
8 12625 2
8 5458 1
8 5462 1
8 14649 1
8 18267 2
8 22369 2
8 15202 1
8 12091 1
8 364 1
8 9069 3
8 9072 1
8 10097 1
8 3958 1
8 745 1
8 12665 1
8 5498 2
8 1405 1
8 917 1
8 1408 1
8 14721 1
8 16775 1
8 16778 1
8 16269 1
8 1019 1
8 22262 1
8 22418 1
8 405 1
8 12190 1
8 8504 1
8 20384 2
8 15266 1
8 18341 1
8 424 1
8 15273 1
8 16301 1
8 19886 1
8 18876 5
8 4328 1
8 22464 1
8 3220 1
8 8778 1
8 4598 1
8 1990 1
8 15820 1
8 20429 1
8 21454 1
8 9167 2
8 2000 1
8 13778 2
8 7637 1
8 5591 1
8 4570 1
8 10205 1
8 10206 2
8 6623 1
8 15841 1
8 19939 1
8 7654 3
8 21617 1
8 21586 1
8 16367 1
8 3058 1
8 3060 1
8 6646 1
8 14761 1
8 505 1
8 4603 2
9 12288 4
9 7684 4
9 6149 1
9 14081 2
9 22188 2
9 1547 1
9 2306 1
9 4433 1
9 17424 1
9 10260 1
9 2990 1
9 3094 1
9 22551 3
9 13849 1
9 11292 1
9 9757 1
9 9759 1
9 4128 1
9 1627 1
9 3621 1
9 6695 2
9 4138 1
9 4139 1
9 20012 2
9 3629 2
9 16430 1
9 3631 2
9 20019 1
9 1076 2
9 21558 1
9 4617 1
9 10214 1
9 13883 1
9 7471 1
9 15935 1
9 18528 1
9 15426 1
9 11843 1
9 11844 1
9 18505 1
9 11850 3
9 13389 1
9 18510 1
9 13778 1
9 10833 3
9 21586 3
9 15971 1
9 16468 2
9 18005 1
9 6742 1
9 13400 1
9 14426 1
9 3343 1
9 3676 1
9 13405 8
9 13408 2
9 15376 1
9 20547 1
9 3171 1
9 16998 2
9 18022 1
9 22119 1
9 15465 1
9 7527 1
9 14448 1
9 2673 2
9 21618 1
9 18548 2
9 1141 3
9 15433 1
9 17016 1
9 633 1
9 14974 1
9 18197 1
9 17312 2
9 3203 1
9 19588 1
9 19478 1
9 1670 1
9 7303 1
9 14473 1
9 1163 1
9 13453 1
9 8557 1
9 1169 1
9 1170 1
9 3220 1
9 6809 1
9 3227 1
9 11937 1
9 19619 1
9 21617 1
9 5119 1
9 4267 1
9 14508 2
9 13682 1
9 7854 2
9 16049 2
9 16050 1
9 19124 1
9 5301 1
9 16054 1
9 19764 1
9 13969 1
9 11449 1
9 10408 1
9 19133 2
9 10942 1
9 15558 1
9 20343 1
9 16588 1
9 7373 1
9 20686 2
9 5329 1
9 19154 1
9 7380 2
9 20695 2
9 22232 4
9 19460 1
9 8229 1
9 17121 1
9 12514 1
9 5347 1
9 17637 1
9 15590 1
9 13425 1
9 17129 2
9 12523 1
9 12013 1
9 7409 1
9 1266 1
9 13255 1
9 13937 1
9 20593 1
9 7892 2
9 1275 2
9 21841 1
9 21757 1
9 12188 1
9 8449 1
9 8450 1
9 22571 1
9 4868 1
9 19718 1
9 3339 1
9 4364 3
9 2873 1
9 8749 1
9 3344 6
9 8238 3
9 4886 1
9 4135 1
9 7451 2
9 4385 2
9 16223 1
9 3877 1
9 15473 1
9 20690 1
9 14807 1
9 5935 1
9 5936 1
9 1844 2
9 7817 1
9 8504 1
9 21305 2
9 7903 2
9 10044 1
9 16702 1
9 831 1
9 16193 1
9 14475 1
9 22341 1
9 8518 1
9 113 1
9 3408 1
9 12625 2
9 5458 1
9 995 1
9 9047 2
9 1369 1
9 7514 1
9 1167 4
9 2399 1
9 22368 2
9 22369 1
9 1378 1
9 17723 2
9 6630 1
9 3943 1
9 5993 1
9 3946 1
9 10727 1
9 9069 8
9 8765 2
9 6000 1
9 22385 1
9 16242 1
9 15735 1
9 18809 1
9 16252 1
9 7550 1
9 10975 1
9 16363 3
9 625 1
9 395 1
9 12354 1
9 16195 1
9 3991 2
9 9809 1
9 15855 1
9 12663 1
9 7069 1
9 12190 1
9 12191 1
9 20384 1
9 17313 1
9 12799 2
9 18851 1
9 18852 1
9 3313 1
9 4521 1
9 3880 1
9 6898 1
9 16302 1
9 5553 2
9 8626 4
9 8628 5
9 8629 1
9 7241 1
9 18420 1
9 11708 2
9 15434 1
9 22463 1
9 10656 1
9 11714 3
9 16835 1
9 8647 1
9 3528 1
9 19476 1
9 6091 1
9 15820 3
9 13776 1
9 5970 1
9 16547 1
9 7637 1
9 9687 1
9 14456 1
9 8666 2
9 14682 3
9 13723 1
9 14324 1
9 19939 2
9 10212 1
9 7654 1
9 20967 1
9 13800 1
9 6121 1
9 14827 2
9 6637 1
9 494 1
9 16367 1
9 11760 3
9 13809 1
9 3058 1
9 10740 1
9 5623 1
9 5625 1
9 6651 1
9 13820 1
9 13821 3
9 13822 1
9 13823 1
10 12288 1
10 13316 1
10 8198 1
10 6666 2
10 22030 1
10 9645 1
10 22032 1
10 19993 2
10 1626 1
10 6687 1
10 13963 1
10 20010 1
10 7216 2
10 7217 1
10 7218 1
10 16436 2
10 20023 1
10 4154 1
10 2108 1
10 3134 1
10 11104 1
10 16964 1
10 11850 1
10 10832 1
10 21586 2
10 18005 2
10 3674 1
10 1627 5
10 16998 2
10 22121 1
10 14448 4
10 21617 1
10 21618 2
10 8822 1
10 4219 1
10 16661 1
10 11392 1
10 15808 1
10 13445 1
10 18055 1
10 13449 1
10 19595 1
10 15500 1
10 13453 1
10 19599 1
10 4756 1
10 14495 1
10 10407 2
10 10409 1
10 12461 3
10 12462 1
10 17071 1
10 4784 1
10 12465 3
10 1813 1
10 12471 2
10 4490 1
10 6847 1
10 8992 1
10 2243 1
10 20343 1
10 20686 1
10 721 1
10 4818 1
10 21727 1
10 22243 1
10 22252 1
10 7765 1
10 9458 1
10 5364 1
10 3829 1
10 8021 1
10 13937 1
10 14584 2
10 15609 6
10 7418 1
10 1578 1
10 15614 1
10 15616 1
10 3329 1
10 19717 1
10 19721 1
10 20234 1
10 4364 2
10 2835 1
10 18197 1
10 13088 2
10 16432 2
10 9777 3
10 19243 1
10 2348 2
10 1844 2
10 8502 1
10 1076 2
10 2442 1
10 8515 1
10 11916 1
10 21330 1
10 21845 1
10 9050 2
10 12799 2
10 22369 1
10 3943 1
10 3978 1
10 5996 1
10 11632 1
10 16247 1
10 12673 1
10 9090 1
10 12164 1
10 22408 1
10 22409 1
10 17290 1
10 22411 1
10 17292 1
10 10644 1
10 13723 1
10 12188 1
10 3485 1
10 17312 2
10 12705 1
10 15784 1
10 16301 1
10 4533 1
10 1466 1
10 8636 3
10 22464 3
10 20384 1
10 11714 1
10 4550 1
10 13255 1
10 9686 1
10 15610 1
10 18911 1
10 10210 1
10 18919 2
10 3064 1
10 6651 1
10 6652 1
10 5118 1
10 6741 1
11 12288 2
11 16901 1
11 13832 1
11 22032 1
11 22551 2
11 13848 1
11 20485 1
11 20002 1
11 4132 1
11 3621 1
11 1576 2
11 1578 3
11 8238 1
11 16432 2
11 1074 1
11 13875 1
11 1076 1
11 16951 1
11 19124 1
11 19514 2
11 13887 4
11 12868 1
11 8262 2
11 11850 2
11 15948 1
11 1617 1
11 18005 1
11 3674 1
11 20666 1
11 17004 1
11 21613 1
11 21617 1
11 19058 1
11 13428 1
11 6773 1
11 15991 1
11 633 1
11 15994 2
11 17535 1
11 5760 1
11 6786 1
11 6787 2
11 6788 1
11 19589 1
11 646 1
11 14985 1
11 13451 1
11 13452 1
11 21652 1
11 12445 1
11 21662 1
11 16544 1
11 10096 1
11 4263 1
11 10408 2
11 17067 1
11 12461 1
11 11439 1
11 1813 1
11 22198 1
11 2745 1
11 8378 1
11 15903 1
11 19133 1
11 10434 1
11 15555 1
11 14020 1
11 20686 1
11 19154 1
11 7380 1
11 9437 1
11 21727 1
11 2273 1
11 9444 1
11 7400 1
11 20717 1
11 14574 3
11 10280 1
11 12585 1
11 15096 1
11 8449 1
11 18185 3
11 4364 1
11 12625 1
11 15634 1
11 16661 1
11 18200 1
11 21849 1
11 12067 1
11 4901 1
11 3881 1
11 17706 1
11 13611 1
11 17200 1
11 1844 1
11 6984 1
11 13129 1
11 20299 1
11 18769 1
11 8532 1
11 6489 1
11 3419 1
11 22369 2
11 15715 1
11 19301 2
11 16430 1
11 9069 2
11 4464 1
11 14713 1
11 14714 1
11 9086 1
11 22400 1
11 14725 1
11 3975 1
11 3978 1
11 3475 1
11 22421 1
11 8086 1
11 3479 1
11 8175 1
11 6559 1
11 4000 1
11 13723 3
11 16810 1
11 7595 1
11 18197 1
11 9033 1
11 8300 1
11 16308 1
11 17225 1
11 1465 1
11 1466 3
11 18364 1
11 11709 1
11 11714 2
11 6600 1
11 12746 1
11 16333 1
11 9169 1
11 11219 1
11 7124 1
11 6115 1
11 18917 1
11 17383 1
11 21995 1
11 16367 1
11 11760 2
11 4776 1
11 5623 2
11 6651 1
12 12288 1
12 20485 2
12 8209 1
12 9987 1
12 4116 2
12 22551 2
12 22041 1
12 4122 1
12 13854 1
12 11298 1
12 1074 1
12 16951 1
12 3641 1
12 8261 1
12 21067 1
12 13388 1
12 20068 1
12 7782 1
12 15976 2
12 11708 1
12 21104 1
12 21619 2
12 13428 3
12 1141 1
12 14973 1
12 13453 1
12 20625 1
12 14448 1
12 19619 1
12 4263 1
12 17577 1
12 8892 1
12 6773 1
12 13516 1
12 10974 1
12 10975 1
12 18658 1
12 740 1
12 17637 1
12 7122 1
12 8954 1
12 18686 1
12 21760 1
12 14595 1
12 18185 1
12 4364 1
12 21782 1
12 4377 1
12 4382 1
12 7475 1
12 6982 1
12 19787 1
12 19938 1
12 11603 1
12 8421 1
12 7010 1
12 6506 1
12 8568 1
12 20860 1
12 1922 2
12 8579 1
12 15751 1
12 11749 1
12 20882 2
12 917 1
12 3991 1
12 18845 1
12 8607 1
12 4000 1
12 15268 1
12 22442 1
12 18364 1
12 16832 1
12 20384 1
12 11714 1
12 13255 2
12 9167 1
12 11218 1
12 11220 1
12 4056 1
12 17890 2
12 17892 1
12 13797 1
12 21993 1
12 10407 1
12 494 1
12 12279 1
13 12288 2
13 7684 1
13 17424 1
13 22551 4
13 1560 1
13 10265 1
13 13316 1
13 15903 2
13 12329 2
13 7537 1
13 7216 1
13 7729 1
13 7730 1
13 12852 1
13 3127 1
13 12345 1
13 13884 1
13 7241 1
13 17485 1
13 13393 1
13 1113 1
13 22108 1
13 18016 1
13 16998 2
13 6760 3
13 13418 1
13 13421 1
13 11887 1
13 112 1
13 13937 2
13 1140 1
13 5750 1
13 1813 1
13 21633 1
13 6786 1
13 3203 2
13 19591 1
13 15498 1
13 15499 2
13 962 1
13 21650 1
13 17046 1
13 10407 4
13 10410 1
13 2745 2
13 9247 2
13 8892 4
13 4799 2
13 8992 1
13 20168 1
13 19145 1
13 13516 1
13 19149 2
13 4818 1
13 10963 1
13 7380 2
13 12501 1
13 10972 1
13 10974 1
13 21727 1
13 7392 1
13 17872 1
13 17312 1
13 7396 1
13 21733 1
13 19174 1
13 14057 1
13 746 1
13 5867 1
13 7408 1
13 7410 1
13 14579 1
13 20725 1
13 14592 1
13 19718 1
13 18185 2
13 4364 1
13 19726 1
13 2464 1
13 16661 1
13 21782 1
13 7471 1
13 18208 1
13 8993 1
13 5925 1
13 13532 1
13 12588 1
13 16434 1
13 16175 1
13 16176 1
13 1844 1
13 16695 1
13 7476 1
13 10975 2
13 13428 1
13 16194 1
13 6984 1
13 19787 1
13 6989 1
13 12625 1
13 14677 1
13 14680 1
13 860 1
13 16224 1
13 5993 1
13 2416 1
13 13681 1
13 15218 1
13 20343 1
13 18810 1
13 15227 2
13 1919 1
13 897 2
13 16363 1
13 16775 1
13 20882 1
13 15763 1
13 14743 1
13 3992 1
13 20384 1
13 21410 1
13 18853 1
13 9645 1
13 7600 1
13 1466 1
13 11708 1
13 11710 1
13 15808 1
13 8608 1
13 11714 1
13 16203 1
13 18423 1
13 9167 2
13 8144 1
13 7637 1
13 4059 1
13 10206 1
13 21617 1
13 4263 1
13 4589 1
13 15856 1
13 5623 3
13 7672 1
13 505 1
13 18426 1
13 11771 1
14 11008 2
14 5504 1
14 4867 2
14 4868 1
14 1844 1
14 15751 1
14 904 1
14 7690 1
14 4235 1
14 4364 1
14 5993 1
14 17168 1
14 3203 1
14 16661 1
14 21305 1
14 19864 2
14 18162 1
14 7323 1
14 22557 1
14 8607 1
14 673 1
14 8892 1
14 18853 1
14 13478 1
14 12329 1
14 16121 1
14 14509 1
14 18222 1
14 21295 1
14 16049 1
14 18483 1
14 20148 1
14 4661 1
14 22196 1
14 1467 1
14 4668 3
14 19133 1
14 15218 1
14 11714 2
14 13255 1
14 13516 1
14 2381 1
14 16010 1
14 21586 1
14 14649 1
14 19599 1
14 19460 1
14 15199 1
14 3170 1
14 7397 1
14 16998 1
14 1895 1
14 7400 1
14 13884 1
14 13885 1
14 4081 1
14 6770 1
14 22004 1
14 15222 4
14 5623 1
14 17017 2
14 15227 1
14 1917 1
14 7550 1
15 12288 5
15 8193 1
15 15874 1
15 19460 1
15 4012 1
15 10 1
15 7180 1
15 4111 1
15 17424 2
15 15790 1
15 11798 1
15 1560 1
15 13316 1
15 1564 2
15 22557 1
15 2078 1
15 11807 1
15 16416 1
15 16417 3
15 2310 1
15 19494 1
15 1576 1
15 15401 1
15 555 1
15 8270 1
15 3629 3
15 3120 1
15 20232 1
15 6770 1
15 568 1
15 4665 1
15 5690 1
15 11835 1
15 13834 1
15 5182 1
15 13887 5
15 12352 1
15 11841 2
15 3651 1
15 8260 2
15 16966 1
15 15432 2
15 1099 1
15 588 3
15 12878 1
15 2394 1
15 12880 1
15 10833 1
15 21586 3
15 3171 1
15 3958 1
15 4695 1
15 602 1
15 7771 1
15 605 1
15 4555 1
15 15971 1
15 21094 1
15 6248 1
15 11708 1
15 10859 1
15 20076 1
15 109 1
15 111 2
15 5232 1
15 15976 1
15 1138 2
15 1139 1
15 15476 1
15 5750 1
15 8041 1
15 14973 1
15 5246 3
15 5248 2
15 15491 2
15 13445 1
15 21639 1
15 1161 1
15 12938 1
15 1163 1
15 12552 1
15 10897 1
15 13970 1
15 16019 1
15 10901 1
15 3227 1
15 14495 1
15 112 1
15 4263 1
15 6824 1
15 1705 1
15 6826 4
15 683 1
15 6075 1
15 15128 3
15 11293 2
15 21875 1
15 19124 9
15 19126 1
15 12471 1
15 19129 1
15 20255 1
15 19133 3
15 11967 1
15 17004 1
15 19139 1
15 3702 1
15 19142 1
15 20169 1
15 13514 1
15 12663 1
15 3621 1
15 5838 1
15 5581 1
15 14035 1
15 5332 1
15 11992 1
15 11471 1
15 13532 1
15 4986 1
15 15582 1
15 11771 2
15 6368 1
15 7905 1
15 10978 2
15 22245 1
15 13067 1
15 15593 2
15 8426 1
15 1648 1
15 22252 1
15 3568 1
15 19938 1
15 18162 1
15 22262 1
15 15102 1
15 22272 1
15 13440 1
15 14082 1
15 13059 1
15 19718 1
15 19208 1
15 7101 1
15 12659 1
15 4364 4
15 20237 3
15 17859 1
15 9261 1
15 22232 1
15 19732 1
15 19733 1
15 16662 1
15 17688 4
15 8636 1
15 797 1
15 7455 1
15 2096 1
15 20774 1
15 13873 1
15 8488 1
15 12076 1
15 15855 1
15 16691 1
15 1844 2
15 7477 1
15 21305 1
15 590 1
15 8511 1
15 6464 1
15 11074 1
15 14661 1
15 11078 1
15 1013 1
15 329 1
15 22346 1
15 3916 3
15 10210 1
15 20302 2
15 17231 1
15 21841 1
15 13889 1
15 18745 1
15 592 2
15 4442 1
15 8421 1
15 22368 1
15 22369 1
15 1378 1
15 1380 1
15 2407 1
15 15209 1
15 8043 1
15 9069 5
15 15216 1
15 1376 1
15 9074 2
15 6291 1
15 11637 1
15 21878 2
15 10473 1
15 7544 1
15 14714 1
15 3963 1
15 4989 1
15 1918 1
15 21141 1
15 9600 1
15 15817 1
15 16260 1
15 15751 1
15 17293 1
15 4496 3
15 20882 1
15 10644 1
15 917 2
15 17818 1
15 7579 2
15 22450 1
15 6561 1
15 15266 1
15 18852 1
15 16881 1
15 12200 2
15 18857 2
15 15217 1
15 4011 3
15 9644 2
15 15278 1
15 19016 1
15 8626 1
15 8627 1
15 14262 1
15 12462 1
15 6587 1
15 13244 1
15 6986 1
15 13301 1
15 6592 1
15 8641 1
15 11714 1
15 13763 1
15 7108 1
15 21957 2
15 7704 1
15 21961 1
15 12746 1
15 11723 1
15 19917 1
15 12750 1
15 20813 1
15 7637 1
15 4601 1
15 8152 1
15 12111 1
15 6622 1
15 18911 1
15 21473 1
15 11234 1
15 19939 2
15 2020 1
15 6290 1
15 12625 2
15 7144 1
15 4074 1
15 22508 1
15 7150 1
15 16367 1
15 15856 1
15 10225 1
15 3058 1
15 3060 3
15 3061 1
15 502 1
15 15273 1
15 505 1
15 6651 2
15 6652 1
15 12799 1
16 12288 1
16 14592 1
16 8064 1
16 4267 1
16 19460 1
16 6149 1
16 21959 1
16 7 1
16 15532 1
16 1545 1
16 10 1
16 15874 1
16 4110 1
16 4623 1
16 17424 1
16 20227 1
16 1556 3
16 20142 2
16 19478 2
16 12825 1
16 13851 1
16 18460 3
16 22557 2
16 13316 3
16 15903 2
16 17440 1
16 13863 1
16 21032 1
16 11817 1
16 3627 2
16 20012 1
16 11309 1
16 20527 1
16 5764 1
16 1076 1
16 4661 1
16 9 1
16 16147 1
16 19124 13
16 3130 1
16 4668 2
16 16691 1
16 13887 2
16 12352 2
16 13889 1
16 15938 1
16 3651 1
16 7236 1
16 7237 1
16 20236 1
16 12471 1
16 588 3
16 21581 1
16 15534 1
16 10833 1
16 21586 2
16 20238 2
16 787 1
16 9305 1
16 1626 2
16 18013 1
16 18014 1
16 6414 1
16 2407 2
16 19559 1
16 3260 1
16 10219 1
16 107 1
16 15980 1
16 13582 1
16 111 2
16 14448 4
16 113 3
16 6770 1
16 1139 2
16 17013 1
16 3190 2
16 5993 1
16 6776 1
16 11898 1
16 7103 1
16 6269 2
16 3711 1
16 7812 1
16 15494 1
16 7303 1
16 17004 1
16 139 1
16 8332 1
16 17688 1
16 11410 1
16 8855 1
16 10436 1
16 20125 1
16 12446 1
16 14495 2
16 4257 1
16 4258 1
16 7451 1
16 15588 1
16 13937 3
16 6824 3
16 12316 1
16 6826 6
16 4779 1
16 1708 1
16 21618 1
16 1710 1
16 10416 1
16 6833 1
16 11444 1
16 3629 2
16 16054 2
16 21961 2
16 13969 2
16 11449 1
16 8892 2
16 19133 5
16 11967 1
16 8898 1
16 2243 2
16 2244 1
16 21878 4
16 6809 2
16 22119 1
16 13516 6
16 719 1
16 7888 1
16 16760 1
16 22228 1
16 11477 1
16 11479 1
16 20687 1
16 20421 1
16 15582 1
16 4831 2
16 10976 1
16 13981 1
16 13026 1
16 22188 1
16 2309 1
16 13030 1
16 18154 1
16 22252 2
16 8943 1
16 12018 1
16 17141 1
16 1280 1
16 5504 1
16 11522 1
16 21251 1
16 16132 1
16 12549 1
16 19718 1
16 20353 1
16 4873 1
16 20234 1
16 2315 1
16 4364 4
16 20237 1
16 6926 1
16 20239 2
16 11024 1
16 18819 1
16 18197 1
16 18200 2
16 281 1
16 8636 1
16 8988 1
16 797 4
16 8993 2
16 20774 1
16 20780 1
16 21295 1
16 8684 1
16 12081 1
16 17203 1
16 1844 1
16 7902 1
16 17042 1
16 10039 1
16 21305 1
16 14139 1
16 10044 1
16 16701 1
16 6464 2
16 14475 3
16 6651 1
16 9575 1
16 16197 1
16 19782 1
16 16012 1
16 626 2
16 10265 1
16 10978 4
16 12110 1
16 4493 1
16 12625 2
16 21330 1
16 14677 2
16 9047 1
16 9444 1
16 13658 1
16 18267 3
16 5543 1
16 22368 1
16 22369 1
16 8547 1
16 358 1
16 13159 1
16 13884 1
16 5994 1
16 5996 1
16 9069 1
16 13941 1
16 9072 1
16 9074 5
16 21364 1
16 15128 2
16 20854 1
16 5496 1
16 13481 3
16 4986 1
16 21883 1
16 1917 2
16 1918 1
16 8063 1
16 9600 1
16 13888 1
16 18818 2
16 8579 2
16 15751 1
16 10515 1
16 5356 1
16 908 1
16 17293 1
16 20367 1
16 4496 9
16 20882 1
16 11155 1
16 11760 3
16 919 1
16 559 1
16 8602 1
16 13723 1
16 17608 1
16 15774 1
16 20384 1
16 15856 3
16 15266 1
16 8603 1
16 18853 1
16 16806 1
16 13994 1
16 12200 1
16 18857 2
16 19882 1
16 11180 1
16 17053 1
16 21936 1
16 15273 1
16 20814 1
16 14489 1
16 954 1
16 1467 2
16 11708 1
16 1469 2
16 17854 1
16 16831 2
16 22464 4
16 7584 4
16 11714 1
16 21957 1
16 15814 1
16 13985 1
16 5064 1
16 15817 2
16 21962 1
16 15820 1
16 9167 2
16 2351 1
16 13451 1
16 7635 1
16 7637 3
16 14807 1
16 16345 1
16 12111 1
16 3914 1
16 2555 1
16 22500 2
16 5591 1
16 9809 1
16 10360 1
16 4263 2
16 22508 1
16 20818 1
16 8174 1
16 13807 1
16 3568 3
16 11250 1
16 3060 1
16 16373 1
16 502 1
16 15863 1
16 15864 1
16 11771 3
16 1020 1
16 1706 1
16 11605 1
17 9600 1
17 6464 1
17 10225 2
17 16773 1
17 1670 1
17 11436 1
17 19595 1
17 4364 3
17 13357 1
17 17168 1
17 20882 2
17 3603 1
17 19476 1
17 13938 1
17 4886 1
17 6809 1
17 19737 1
17 13723 3
17 9244 1
17 4894 2
17 20532 1
17 20384 2
17 17185 1
17 2243 1
17 11431 1
17 15784 1
17 10410 2
17 683 1
17 11180 1
17 11181 1
17 2990 2
17 17071 1
17 16432 1
17 20168 1
17 21692 1
17 1844 3
17 4382 1
17 11192 1
17 21305 2
17 14016 1
17 8892 1
17 19133 2
17 20670 1
17 1855 1
17 22464 1
17 13889 1
17 13451 1
17 6853 1
17 4550 1
17 20593 1
17 15432 2
17 5623 1
17 11850 1
17 631 1
17 17740 1
17 11471 1
17 11472 1
17 4945 1
17 14803 1
17 18005 2
17 5625 1
17 22232 1
17 6489 1
17 9167 1
17 10975 1
17 22369 1
17 10985 2
17 19172 1
17 16998 2
17 11068 1
17 19900 1
17 6377 1
17 9069 1
17 14703 1
17 11432 1
17 626 1
17 13558 1
17 11511 2
17 633 1
17 6651 1
17 11434 1
17 14677 1
18 14592 1
18 12352 2
18 8706 1
18 8989 1
18 14725 1
18 2310 1
18 16998 2
18 649 1
18 3978 1
18 20877 1
18 15119 2
18 18832 1
18 10644 1
18 1813 1
18 13847 1
18 16431 1
18 22557 2
18 15754 1
18 16197 1
18 800 1
18 8993 1
18 17435 1
18 16806 1
18 11815 1
18 2344 1
18 22571 1
18 9645 1
18 797 1
18 5682 1
18 8502 1
18 12343 1
18 3643 1
18 20234 1
18 9791 1
18 9792 1
18 8992 1
18 20165 2
18 13255 1
18 20168 2
18 15817 1
18 16586 1
18 19147 1
18 17229 1
18 719 1
18 721 1
18 4306 1
18 10323 1
18 11604 1
18 18005 2
18 5207 1
18 9167 1
18 10974 1
18 10464 3
18 419 1
18 10467 2
18 7780 1
18 22245 1
18 12390 1
18 9832 1
18 10985 1
18 12394 1
18 9069 2
18 424 1
18 8180 1
18 7160 1
18 11771 1
19 12288 1
19 8193 1
19 13316 1
19 15370 1
19 22032 1
19 10262 1
19 19460 1
19 19486 1
19 15903 1
19 5155 1
19 3621 1
19 3625 1
19 16430 1
19 13360 1
19 1074 1
19 51 1
19 3636 2
19 12341 1
19 18489 1
19 3643 1
19 13884 1
19 8253 1
19 1076 1
19 11850 1
19 7755 1
19 13388 2
19 13901 1
19 592 2
19 13398 1
19 13912 1
19 19553 1
19 16998 1
19 18022 1
19 19900 1
19 14448 2
19 6770 1
19 17257 1
19 17017 2
19 16661 1
19 649 1
19 14475 1
19 20110 1
19 19599 1
19 660 1
19 2715 2
19 4257 1
19 13986 1
19 7537 1
19 17066 1
19 3760 1
19 12471 1
19 10939 1
19 8892 2
19 19133 1
19 8898 1
19 6851 1
19 17612 3
19 719 2
19 5840 1
19 16594 1
19 10972 2
19 10973 1
19 4831 1
19 16616 2
19 17129 1
19 22252 2
19 9232 1
19 3314 1
19 22262 1
19 18684 1
19 8449 1
19 4868 1
19 2309 1
19 19718 3
19 18185 3
19 20234 1
19 3339 1
19 4364 4
19 18191 1
19 7952 1
19 12053 1
19 8988 1
19 2344 1
19 7471 1
19 17200 1
19 17203 1
19 5433 1
19 8006 1
19 328 1
19 329 1
19 14672 2
19 14673 2
19 19796 1
19 9047 1
19 1370 1
19 7515 2
19 3421 2
19 22369 4
19 15202 2
19 5993 1
19 9069 1
19 1256 1
19 21874 1
19 20343 1
19 16252 1
19 8062 1
19 1417 1
19 3978 1
19 910 1
19 6041 1
19 13723 1
19 6559 1
19 4002 1
19 18857 1
19 15275 1
19 12716 1
19 9645 1
19 1457 1
19 13749 1
19 11708 2
19 22464 1
19 4550 1
19 13255 1
19 588 1
19 16333 1
19 1998 1
19 9169 1
19 14807 3
19 8668 1
19 19938 1
19 19939 1
19 12625 1
19 4092 1
19 7660 1
19 11250 1
19 16371 1
19 5621 1
19 5623 1
19 15864 1
19 16889 1
19 16891 1
19 5628 1
19 10238 1
20 7680 1
20 19460 2
20 22032 1
20 2578 1
20 13844 1
20 17945 1
20 17071 1
20 11292 1
20 1798 1
20 6696 1
20 12329 2
20 3626 1
20 8236 1
20 17966 2
20 7219 1
20 3636 1
20 9270 1
20 19721 1
20 13880 1
20 13882 1
20 3134 3
20 1076 1
20 20547 1
20 20662 1
20 16966 2
20 19527 1
20 22601 1
20 11850 1
20 13388 1
20 2914 1
20 21586 1
20 7765 1
20 6232 1
20 15119 1
20 7776 1
20 17424 1
20 19555 1
20 16998 1
20 18023 1
20 15976 1
20 18364 1
20 3943 1
20 21613 1
20 13937 1
20 5746 1
20 1140 1
20 1141 4
20 15209 1
20 14969 1
20 18042 1
20 3197 1
20 21632 1
20 3201 1
20 3203 3
20 13444 1
20 14473 1
20 19595 2
20 15981 1
20 14690 1
20 13969 1
20 1174 1
20 12825 1
20 15215 1
20 11932 1
20 14493 1
20 8350 1
20 18593 1
20 20649 1
20 4779 1
20 22188 1
20 13389 1
20 20143 1
20 17072 1
20 16049 2
20 19126 1
20 12471 1
20 8379 1
20 8892 1
20 19133 2
20 6847 1
20 21696 1
20 4081 2
20 13516 1
20 11979 1
20 17612 1
20 18948 1
20 1744 1
20 15574 1
20 7897 1
20 16016 1
20 10975 1
20 14288 1
20 21733 1
20 8658 1
20 19184 1
20 19186 2
20 5875 1
20 3321 1
20 12026 1
20 1275 1
20 18174 1
20 8449 3
20 4868 1
20 15621 1
20 19718 2
20 21633 1
20 18185 2
20 4364 3
20 18191 1
20 17171 1
20 4884 1
20 21782 3
20 22295 1
20 15641 1
20 6938 1
20 8989 3
20 10530 1
20 19238 1
20 1844 2
20 16694 1
20 12852 3
20 8927 1
20 8262 1
20 16706 1
20 6979 1
20 22464 5
20 18759 1
20 9033 1
20 19511 1
20 6989 3
20 20303 1
20 21305 1
20 14680 1
20 14682 1
20 22369 3
20 15202 1
20 2918 2
20 7411 1
20 5993 3
20 19943 1
20 20332 1
20 9069 3
20 6511 1
20 11632 4
20 2416 1
20 14579 1
20 8563 1
20 3455 1
20 12164 1
20 19094 1
20 1415 1
20 395 1
20 7055 1
20 11153 1
20 22418 1
20 13204 1
20 18841 1
20 20384 1
20 18851 1
20 18853 1
20 10225 1
20 4012 1
20 5552 1
20 18355 1
20 1467 1
20 19900 1
20 12734 1
20 16831 1
20 15808 3
20 11714 1
20 17348 1
20 13255 2
20 9167 2
20 16848 1
20 11218 1
20 2003 1
20 7638 1
20 10205 1
20 14306 2
20 20465 2
20 21479 1
20 4589 1
20 11760 1
20 497 1
20 15548 1
20 18424 1
20 5627 1
20 5118 1
21 18176 1
21 4868 1
21 1415 1
21 18056 1
21 14985 1
21 2314 1
21 4364 1
21 19599 1
21 4884 1
21 1947 1
21 797 1
21 22304 1
21 801 1
21 4003 1
21 9380 1
21 113 2
21 9645 1
21 11293 1
21 9069 1
21 15539 1
21 11444 1
21 5301 2
21 13880 1
21 11449 1
21 8892 1
21 1469 1
21 1342 1
21 22463 1
21 15808 1
21 2636 1
21 588 1
21 17996 1
21 3919 1
21 4438 1
21 6489 1
21 10975 1
21 18016 1
21 6375 2
21 16998 2
21 999 1
21 5993 1
21 2407 1
21 8557 1
21 11887 1
21 13937 1
21 13502 1
21 8568 1
21 16252 1
21 18029 1
22 3344 1
22 588 1
22 4364 1
22 2640 1
22 113 1
22 2578 1
22 1880 1
22 11449 1
