1 14592 1
1 8320 1
1 15490 1
1 4868 1
1 15903 1
1 8585 1
1 9687 1
1 4364 1
1 910 3
1 3949 1
1 17808 1
1 13073 1
1 13516 1
1 22551 1
1 14488 1
1 11164 1
1 12189 1
1 414 1
1 16159 1
1 16544 1
1 15266 1
1 22437 1
1 10408 1
1 10972 1
1 3134 1
1 4511 1
1 21295 1
1 19124 1
1 12341 1
1 7241 1
1 9145 1
1 10555 3
1 8892 1
1 12734 1
1 15808 2
1 16193 1
1 15044 1
1 19276 1
1 11660 1
1 13514 1
1 6732 1
1 6989 1
1 4303 1
1 12111 1
1 15953 1
1 14677 1
1 9047 1
1 9050 1
1 9167 1
1 5852 1
1 4509 1
1 21984 1
1 22369 1
1 16998 1
1 7528 1
1 4412 1
1 19405 1
1 22252 1
1 9069 1
1 22256 1
1 1140 1
1 3262 1
1 19305 1
1 15864 1
1 4601 1
1 19580 1
1 18174 1
1 6741 1
2 2944 2
2 17312 1
2 20010 1
2 7684 2
2 16645 1
2 13961 1
2 19212 1
2 8077 1
2 9069 3
2 22032 3
2 17811 1
2 8238 1
2 16790 1
2 22551 2
2 13316 1
2 15642 1
2 4604 1
2 1167 1
2 4511 1
2 18080 1
2 21794 1
2 16547 1
2 19238 1
2 1959 1
2 4392 1
2 8490 1
2 8236 1
2 5636 1
2 14896 1
2 3059 1
2 10265 1
2 5301 4
2 2640 1
2 15903 3
2 15804 1
2 16810 1
2 16190 2
2 11007 1
2 16544 3
2 12354 1
2 16835 1
2 16838 1
2 15432 1
2 13388 3
2 17229 2
2 13389 2
2 13776 1
2 6865 1
2 9684 1
2 14677 2
2 5590 1
2 8185 1
2 14682 1
2 7055 1
2 10972 4
2 11514 1
2 20702 1
2 4960 1
2 22369 1
2 15971 1
2 19172 1
2 489 1
2 5867 1
2 9580 1
2 7149 1
2 20384 1
2 3313 1
2 1266 1
2 11708 1
2 14324 1
2 18423 1
2 10360 1
2 6265 1
2 4602 1
2 6011 1
2 8188 1
2 17661 2
2 6741 2
3 7682 1
3 8195 1
3 13316 1
3 520 1
3 18771 1
3 1547 1
3 12815 1
3 8720 1
3 4115 1
3 16302 1
3 22551 1
3 15903 1
3 3621 1
3 11817 2
3 20010 5
3 20011 1
3 20012 4
3 20014 1
3 12336 1
3 20744 1
3 16434 1
3 20019 1
3 12852 1
3 5687 1
3 13376 1
3 12354 1
3 15432 2
3 7241 1
3 11850 1
3 1099 2
3 13389 2
3 15971 1
3 18005 1
3 15566 1
3 2064 2
3 15459 1
3 21613 1
3 12399 1
3 22355 1
3 21629 1
3 14462 2
3 3203 1
3 19588 1
3 14477 1
3 13459 1
3 15508 1
3 14489 1
3 4764 1
3 16030 1
3 16543 1
3 18081 2
3 16547 6
3 165 1
3 22183 1
3 10408 1
3 169 2
3 13994 1
3 15534 1
3 17071 1
3 14753 1
3 5301 3
3 11449 1
3 18975 1
3 13901 1
3 20686 1
3 14543 1
3 5331 1
3 18645 1
3 15574 1
3 7897 1
3 15567 1
3 10972 2
3 10975 2
3 21224 1
3 22252 1
3 14574 1
3 1266 1
3 1918 1
3 11511 1
3 15609 2
3 18686 1
3 8187 1
3 4868 2
3 19718 1
3 16135 1
3 14088 1
3 4364 3
3 14722 1
3 10510 1
3 7952 1
3 13073 1
3 16661 1
3 15128 1
3 8988 1
3 8989 1
3 17185 1
3 21282 1
3 2346 1
3 1074 2
3 19764 2
3 12602 1
3 1852 1
3 15754 1
3 16190 1
3 16193 1
3 4418 1
3 10565 1
3 21318 1
3 13129 1
3 5450 3
3 17228 1
3 20303 1
3 19282 1
3 2899 1
3 14677 2
3 4438 1
3 11434 1
3 18267 2
3 861 1
3 4960 2
3 22369 3
3 7014 1
3 2407 2
3 7016 1
3 18793 1
3 9069 2
3 17262 1
3 10096 1
3 3958 1
3 15738 1
3 12670 1
3 12673 2
3 1410 1
3 2442 3
3 10636 1
3 17293 1
3 4496 1
3 17810 1
3 10644 1
3 16277 1
3 21912 1
3 15774 1
3 17312 2
3 17313 1
3 15266 1
3 16806 1
3 20977 1
3 22442 1
3 7596 1
3 2990 3
3 1455 1
3 7600 1
3 12216 1
3 22457 1
3 1467 1
3 19900 1
3 15434 1
3 12734 1
3 22464 4
3 15776 1
3 13255 1
3 5577 1
3 11760 1
3 9167 1
3 7121 1
3 9171 1
3 10206 1
3 18911 1
3 19938 1
3 22499 1
3 6054 1
3 4592 1
3 13992 1
3 15955 1
3 9717 1
3 2040 2
3 4601 1
3 16891 1
3 8188 1
3 16893 2
3 6741 1
4 14592 1
4 14081 1
4 15874 1
4 19716 1
4 15276 1
4 793 1
4 15119 1
4 3984 1
4 13073 1
4 5267 1
4 22551 1
4 19460 1
4 7579 1
4 14751 1
4 8352 1
4 11760 1
4 931 1
4 15660 1
4 7982 1
4 5935 1
4 12341 1
4 8502 1
4 5433 2
4 5760 1
4 16829 1
4 13887 1
4 4640 1
4 14019 1
4 8260 1
4 1140 1
4 15432 1
4 11724 1
4 13388 1
4 13389 1
4 12878 1
4 8913 1
4 18772 1
4 14806 1
4 9047 1
4 7897 1
4 11514 1
4 17890 1
4 8421 2
4 12625 1
4 7016 1
4 8425 1
4 5867 1
4 622 1
4 15856 1
4 2164 1
4 13673 1
4 19056 1
4 4602 1
4 20094 1
5 12288 2
5 21508 1
5 3082 1
5 1036 1
5 19470 1
5 14509 1
5 22032 1
5 15889 1
5 11795 1
5 4116 1
5 17943 1
5 4868 2
5 1562 2
5 17947 1
5 22557 1
5 13854 1
5 14369 1
5 13858 1
5 15400 1
5 1578 2
5 4139 1
5 16432 1
5 16434 1
5 1076 1
5 16951 1
5 22076 1
5 19519 1
5 20547 1
5 8260 1
5 11335 1
5 13389 1
5 16462 1
5 21586 2
5 13398 1
5 13912 1
5 20571 1
5 8797 1
5 3088 1
5 7778 1
5 5051 1
5 18022 1
5 18023 1
5 15976 1
5 13418 1
5 3175 1
5 2271 1
5 14448 2
5 13937 1
5 4723 1
5 13428 1
5 632 1
5 22138 1
5 3199 1
5 6786 1
5 646 1
5 14985 1
5 15499 1
5 13452 1
5 13459 3
5 8852 1
5 13462 1
5 1561 2
5 10392 1
5 14492 1
5 16031 1
5 9889 2
5 17062 1
5 9895 3
5 10408 1
5 19114 1
5 13255 1
5 22188 1
5 9901 1
5 17070 1
5 19124 1
5 20681 1
5 8892 1
5 21696 1
5 4290 1
5 2245 1
5 20168 1
5 15820 1
5 13514 1
5 13516 2
5 8912 1
5 7889 1
5 15402 1
5 5334 1
5 20695 2
5 15994 1
5 19460 1
5 11999 1
5 8421 1
5 12008 2
5 5867 1
5 12026 1
5 3626 1
5 18686 1
5 11008 1
5 8449 1
5 19715 1
5 11524 1
5 4364 1
5 15119 1
5 13073 1
5 2839 1
5 17183 1
5 17184 1
5 17185 1
5 6790 1
5 7463 1
5 12585 1
5 17706 1
5 15660 3
5 1074 1
5 7471 1
5 14128 1
5 5431 1
5 5433 2
5 15163 1
5 1852 1
5 15170 1
5 22295 1
5 16204 1
5 17229 1
5 20303 2
5 3408 1
5 4433 2
5 14677 1
5 2394 1
5 3419 1
5 2399 1
5 16224 1
5 2914 2
5 2915 1
5 3943 1
5 13161 1
5 1899 1
5 20882 1
5 10096 1
5 12151 1
5 22551 1
5 16252 1
5 1919 1
5 18818 1
5 906 2
5 7055 1
5 21392 1
5 22418 1
5 8771 1
5 11157 1
5 3991 1
5 11672 1
5 20891 1
5 4509 1
5 14751 1
5 15856 2
5 15266 1
5 932 1
5 16807 1
5 22442 2
5 12716 1
5 941 1
5 13213 1
5 1460 2
5 1465 1
5 1466 1
5 14495 1
5 11708 1
5 1469 1
5 20927 1
5 22464 1
5 19361 1
5 11724 1
5 9122 1
5 9167 2
5 9170 1
5 2003 1
5 9684 1
5 19418 1
5 11600 1
5 7650 1
5 4092 1
5 16367 1
5 11760 1
5 16374 1
5 5623 2
5 17400 1
5 4601 1
5 6652 1
6 12288 2
6 11008 1
6 18955 1
6 12815 1
6 2578 1
6 17435 2
6 15903 2
6 9761 1
6 3629 1
6 16430 1
6 22575 1
6 7216 1
6 9777 1
6 16946 1
6 9268 1
6 7733 1
6 1079 1
6 11832 1
6 11835 1
6 5969 1
6 7747 1
6 15432 1
6 1099 1
6 8268 1
6 13901 1
6 12878 1
6 8797 1
6 19553 1
6 15460 1
6 16998 1
6 11708 1
6 13418 1
6 8300 1
6 21613 4
6 18030 1
6 11887 1
6 14448 1
6 10867 1
6 13428 2
6 1141 1
6 3702 1
6 10360 1
6 20604 1
6 21629 1
6 19588 1
6 13961 3
6 13451 1
6 13454 1
6 1167 1
6 18579 1
6 6809 1
6 21103 1
6 16546 1
6 10407 1
6 22186 1
6 20653 1
6 13389 1
6 15817 1
6 1140 2
6 3258 2
6 3259 1
6 15548 3
6 19133 1
6 4081 1
6 9924 1
6 13516 1
6 20686 2
6 12495 1
6 5840 1
6 7889 1
6 17107 1
6 7892 1
6 22229 1
6 20695 2
6 6264 1
6 10975 1
6 12008 2
6 16628 1
6 11511 1
6 7380 1
6 16639 1
6 14592 2
6 14082 1
6 18179 1
6 4868 1
6 18181 1
6 15119 2
6 4884 1
6 21782 1
6 8989 1
6 12575 1
6 15660 2
6 18222 1
6 2351 1
6 16177 1
6 7474 1
6 1844 1
6 21305 1
6 4831 1
6 1852 1
6 3392 1
6 14145 1
6 16194 2
6 11590 1
6 20297 1
6 19549 1
6 20303 1
6 9041 2
6 5459 1
6 18772 1
6 20281 1
6 2911 1
6 16224 1
6 865 1
6 2914 1
6 9069 1
6 15215 1
6 15216 1
6 4981 1
6 15738 1
6 11647 1
6 2944 1
6 7044 1
6 901 1
6 4486 1
6 906 2
6 395 1
6 10636 1
6 6541 1
6 11156 1
6 1944 1
6 4509 1
6 20384 1
6 14753 1
6 15266 2
6 20465 1
6 22442 2
6 16302 1
6 6220 1
6 10484 1
6 5050 1
6 18363 2
6 18364 3
6 22464 1
6 5577 1
6 15820 1
6 8655 1
6 14291 1
6 12770 2
6 10212 1
6 4433 1
6 13807 1
6 11760 1
6 7153 1
6 3058 1
6 16372 1
6 11604 1
6 4090 1
6 4604 1
7 13440 2
7 5867 1
7 8312 1
7 4617 1
7 22551 1
7 4364 1
7 11662 1
7 5551 1
7 4116 2
7 3991 1
7 3992 1
7 793 1
7 6938 1
7 11675 1
7 4509 1
7 9247 1
7 4899 1
7 931 1
7 932 1
7 12325 1
7 10408 1
7 1067 1
7 16175 1
7 944 1
7 1074 2
7 11955 1
7 1972 1
7 949 1
7 11444 1
7 16223 1
7 948 1
7 19900 1
7 10814 1
7 21018 1
7 18841 1
7 5186 1
7 12870 7
7 4555 1
7 13389 1
7 719 1
7 8145 1
7 11987 1
7 7321 1
7 3417 1
7 15119 1
7 13532 2
7 8357 1
7 10555 1
7 19943 1
7 15976 1
7 7527 1
7 7660 2
7 3954 1
7 9171 1
7 15614 1
7 5623 1
7 6687 1
7 14969 1
7 12026 1
7 5246 1
8 13952 1
8 4867 2
8 19460 1
8 21126 1
8 14473 1
8 14987 1
8 11792 1
8 9617 1
8 3203 1
8 22295 1
8 12825 1
8 21615 1
8 8989 1
8 4617 1
8 9072 1
8 9122 1
8 931 2
8 11931 1
8 12325 3
8 20649 1
8 1578 1
8 4012 1
8 5815 1
8 20142 1
8 14895 1
8 619 1
8 7219 2
8 1972 1
8 1973 1
8 18185 3
8 22200 1
8 21305 1
8 15548 2
8 19133 1
8 4414 1
8 22464 1
8 13428 1
8 12354 2
8 13255 1
8 15432 1
8 5623 1
8 15266 1
8 11726 1
8 3023 1
8 7380 1
8 17494 1
8 9047 1
8 10972 1
8 18781 1
8 18853 1
8 19938 1
8 16998 1
8 7399 1
8 8040 1
8 13884 1
8 5867 1
8 21102 1
8 4719 2
8 14448 1
8 15218 1
8 19124 1
8 1140 1
8 18423 1
8 12151 1
8 3321 1
8 4218 1
8 18557 1
8 1918 1
9 8192 1
9 12288 1
9 19460 1
9 3084 1
9 10263 1
9 19716 1
9 15279 1
9 14367 1
9 4640 1
9 20010 2
9 17451 2
9 12333 1
9 1074 2
9 4660 1
9 11332 1
9 12360 1
9 13901 1
9 12878 1
9 17490 1
9 17494 4
9 11865 1
9 22119 1
9 8892 1
9 13418 1
9 1639 1
9 21613 1
9 17012 1
9 10357 1
9 13950 1
9 13440 1
9 14466 1
9 5251 1
9 19588 1
9 3206 1
9 22551 1
9 15509 1
9 21305 1
9 11931 1
9 17062 1
9 17063 1
9 15528 2
9 9901 1
9 13389 4
9 11444 1
9 20662 1
9 22200 1
9 15548 1
9 19133 1
9 1141 1
9 12026 1
9 1743 1
9 4310 1
9 10975 1
9 745 1
9 12010 1
9 12018 1
9 2810 1
9 15102 2
9 14592 1
9 5760 1
9 4867 3
9 4868 1
9 14088 1
9 779 2
9 4364 2
9 5764 1
9 7451 1
9 8989 1
9 14118 1
9 2348 1
9 5934 1
9 2351 1
9 15666 1
9 5433 1
9 20802 1
9 12103 1
9 7500 1
9 17229 1
9 9047 3
9 15710 1
9 2914 1
9 8040 1
9 9069 2
9 3954 1
9 22389 1
9 1918 1
9 7039 1
9 5504 1
9 7041 1
9 12162 1
9 1420 1
9 1936 1
9 9617 2
9 18837 1
9 9111 1
9 1437 1
9 18853 1
9 12716 1
9 16302 1
9 4509 2
9 12209 1
9 9145 1
9 11708 1
9 19907 1
9 8012 1
9 7119 2
9 469 1
9 10205 1
9 10206 1
9 9697 2
9 15855 2
9 11760 1
9 168 1
9 18686 1
10 12288 2
10 8193 1
10 7706 1
10 8579 1
10 12481 1
10 20874 1
10 3595 1
10 3596 1
10 20877 1
10 15566 1
10 16019 2
10 7704 1
10 18714 1
10 11887 1
10 18460 1
10 22173 1
10 20384 1
10 5691 1
10 18921 1
10 20389 2
10 166 1
10 7777 1
10 16121 1
10 2990 1
10 20686 1
10 16434 1
10 12471 2
10 18360 1
10 21305 1
10 15675 1
10 4668 3
10 19133 1
10 11710 1
10 13884 1
10 22464 4
10 16961 2
10 16963 1
10 13255 1
10 20424 1
10 21321 1
10 11850 1
10 12151 1
10 15948 1
10 5069 3
10 14414 3
10 14415 1
10 15952 1
10 10552 1
10 21330 2
10 5070 1
10 105 1
10 13912 1
10 6489 1
10 13532 1
10 10206 1
10 10208 1
10 6113 1
10 10555 1
10 12773 1
10 7016 2
10 745 2
10 15210 1
10 21586 1
10 16367 1
10 11760 3
10 15218 4
10 5232 1
10 21364 1
10 21097 2
10 248 1
10 5625 1
10 11708 2
10 6140 1
10 10878 1
10 20095 1
11 12288 3
11 15874 1
11 4267 1
11 19460 1
11 11273 1
11 11275 7
11 10263 1
11 10264 2
11 10265 1
11 22557 2
11 15903 2
11 14881 2
11 22571 1
11 8236 1
11 20526 1
11 1076 1
11 9484 1
11 15434 1
11 13388 1
11 3664 1
11 9298 1
11 17494 2
11 7780 1
11 12390 1
11 6760 2
11 6761 1
11 11883 1
11 21103 1
11 14448 2
11 9064 1
11 4217 1
11 15994 1
11 17019 1
11 15485 1
11 10097 1
11 3201 1
11 6786 2
11 5764 1
11 18571 1
11 13452 2
11 3217 1
11 4756 1
11 5276 1
11 18080 1
11 9380 1
11 19424 1
11 4263 1
11 17064 1
11 10410 1
11 683 2
11 22188 2
11 5149 1
11 17072 1
11 9398 1
11 8889 1
11 7867 1
11 8892 1
11 19133 1
11 703 1
11 14016 1
11 6337 1
11 20167 1
11 6345 1
11 13514 1
11 20686 2
11 14032 1
11 19238 1
11 7380 1
11 12503 1
11 9432 1
11 7897 1
11 4831 2
11 9424 1
11 19172 1
11 741 1
11 3313 1
11 1918 1
11 13937 1
11 15621 1
11 775 1
11 4364 4
11 15119 1
11 7016 1
11 6788 1
11 8989 1
11 16166 1
11 7471 1
11 15666 2
11 15667 1
11 21305 1
11 20286 1
11 3392 1
11 14145 1
11 14148 1
11 5449 1
11 17229 1
11 12625 2
11 15187 2
11 14677 2
11 9047 1
11 6489 1
11 14682 1
11 1883 1
11 15199 1
11 2914 1
11 2915 1
11 17766 1
11 360 1
11 7530 1
11 9069 5
11 10096 1
11 5489 1
11 9074 3
11 9076 1
11 20854 1
11 22398 1
11 11647 1
11 1415 1
11 909 1
11 21902 1
11 20882 1
11 18841 1
11 4507 2
11 12188 1
11 17313 1
11 15266 1
11 22437 1
11 15273 1
11 4012 1
11 1464 1
11 9145 1
11 17339 1
11 12220 1
11 22464 2
11 12739 1
11 13255 1
11 4555 1
11 5580 1
11 9169 1
11 17877 1
11 6622 1
11 4576 1
11 17403 2
11 8173 1
11 11760 1
11 6824 1
11 498 1
11 18426 1
11 11259 1
11 8188 1
11 7678 1
12 8325 1
12 13963 1
12 20494 1
12 1167 1
12 3088 3
12 22418 1
12 4115 1
12 3992 1
12 13723 1
12 8988 1
12 22557 1
12 15774 1
12 14369 2
12 3362 1
12 163 1
12 14500 1
12 167 1
12 10408 1
12 22573 1
12 7342 1
12 19764 1
12 18364 1
12 14016 1
12 8260 1
12 5196 1
12 17484 1
12 20686 1
12 4818 1
12 22100 1
12 910 1
12 985 1
12 19294 1
12 19938 1
12 20452 1
12 4647 1
12 15855 1
12 20854 1
12 633 1
13 12288 1
13 1280 2
13 6401 1
13 22024 1
13 2064 1
13 18964 1
13 22551 1
13 10264 2
13 6694 1
13 18744 1
13 11817 1
13 12333 1
13 8753 1
13 5687 1
13 17464 1
13 18492 1
13 16224 1
13 8264 1
13 7241 1
13 11850 1
13 6732 1
13 6734 1
13 6735 1
13 15953 1
13 13912 1
13 16475 1
13 18528 1
13 12816 3
13 611 1
13 22117 1
13 18022 1
13 22119 1
13 19050 2
13 622 1
13 15160 1
13 1648 1
13 21617 1
13 21618 1
13 4725 1
13 21622 1
13 21629 1
13 20094 1
13 20095 1
13 22464 1
13 11909 1
13 18056 1
13 14985 1
13 10263 1
13 13453 1
13 2704 1
13 9363 1
13 15434 1
13 15512 1
13 19098 1
13 1369 1
13 671 1
13 16544 1
13 161 1
13 4263 1
13 10408 1
13 14509 2
13 15534 1
13 7880 1
13 19634 1
13 13493 1
13 12471 2
13 8892 1
13 7870 1
13 21696 1
13 12483 1
13 9416 1
13 13514 1
13 1743 2
13 14035 1
13 5017 1
13 15574 1
13 4823 1
13 12505 1
13 12508 2
13 10975 1
13 21733 1
13 14448 1
13 7915 1
13 12018 1
13 13937 2
13 15096 1
13 15609 1
13 15612 2
13 15616 5
13 14081 1
13 19718 1
13 12503 1
13 10510 1
13 2834 1
13 15216 1
13 7960 1
13 7963 4
13 10014 1
13 17188 1
13 16682 1
13 7980 1
13 7472 1
13 15666 2
13 19764 3
13 14135 1
13 10552 1
13 17726 1
13 15508 1
13 329 1
13 22346 1
13 21303 1
13 6988 1
13 9041 2
13 13650 1
13 11604 1
13 14677 3
13 8164 1
13 2394 1
13 15710 1
13 4960 1
13 22369 1
13 2407 1
13 18793 1
13 8556 1
13 9069 4
13 9583 1
13 19312 1
13 5267 1
13 1911 1
13 8569 1
13 1410 1
13 17795 1
13 14742 1
13 9606 1
13 15241 1
13 910 3
13 22418 2
13 22419 1
13 916 1
13 22422 1
13 14743 1
13 11672 3
13 18841 3
13 15771 1
13 925 1
13 15266 1
13 6052 1
13 1959 1
13 19511 1
13 2990 1
13 15773 1
13 1457 1
13 17225 1
13 19900 1
13 15805 1
13 15808 1
13 11724 1
13 9167 1
13 13781 1
13 18394 1
13 5089 1
13 17892 1
13 16360 1
13 21487 1
13 7664 1
13 9716 1
13 18424 1
14 12288 1
14 8192 1
14 11777 1
14 11787 1
14 7695 1
14 22032 1
14 2578 2
14 19204 1
14 15915 1
14 14895 1
14 1074 2
14 19511 2
14 17979 1
14 8765 1
14 2113 2
14 7691 1
14 584 3
14 11850 1
14 10837 1
14 11865 2
14 18016 1
14 19553 1
14 15460 1
14 18022 1
14 13244 1
14 18540 1
14 20077 1
14 4725 3
14 15997 1
14 20094 1
14 3711 1
14 15808 1
14 22147 1
14 15492 1
14 13445 1
14 7303 1
14 13963 1
14 12431 1
14 14994 2
14 5267 1
14 15508 2
14 16543 1
14 6000 1
14 4773 1
14 18086 2
14 10407 1
14 4267 1
14 22188 1
14 9901 1
14 18205 1
14 9394 1
14 6773 1
14 14016 1
14 14019 1
14 2244 1
14 1743 1
14 14035 2
14 7380 2
14 15574 1
14 1754 2
14 15567 1
14 12508 4
14 1757 1
14 4831 1
14 2273 1
14 7397 1
14 1766 1
14 748 1
14 20717 1
14 15611 1
14 14081 1
14 19716 1
14 16653 1
14 10510 1
14 13073 1
14 4868 1
14 15128 1
14 7963 3
14 7965 1
14 17184 1
14 8993 1
14 10972 1
14 7901 1
14 19764 5
14 21727 1
14 16190 1
14 12100 1
14 17225 1
14 5972 1
14 17806 1
14 6489 2
14 20095 1
14 3934 1
14 4960 1
14 2914 1
14 16699 1
14 868 1
14 18793 1
14 8043 1
14 364 1
14 9069 3
14 6511 1
14 14192 1
14 12145 1
14 12663 2
14 16760 1
14 8569 1
14 7041 1
14 15753 1
14 909 1
14 910 2
14 10644 1
14 22421 1
14 14743 1
14 5019 1
14 12188 1
14 4000 1
14 15856 1
14 15771 1
14 9124 1
14 7665 1
14 2990 1
14 4016 1
14 8264 2
14 20915 1
14 13129 2
14 11708 1
14 22464 3
14 3009 1
14 7109 1
14 13255 3
14 12746 1
14 7635 1
14 17369 1
14 6622 1
14 12779 1
14 15855 1
14 11760 2
14 10225 2
14 5623 1
14 15864 1
14 8185 2
14 8186 2
15 12288 1
15 7684 1
15 6149 1
15 7180 1
15 7694 1
15 2063 1
15 4117 1
15 10263 1
15 19993 3
15 17436 1
15 20010 1
15 22571 1
15 1580 1
15 20014 2
15 5683 1
15 1076 1
15 2108 1
15 8771 1
15 7237 1
15 15432 1
15 18505 1
15 21067 1
15 13389 2
15 592 1
15 6741 1
15 8797 1
15 19559 1
15 19900 1
15 2407 1
15 13937 1
15 14970 1
15 15997 1
15 3711 1
15 1167 2
15 1169 1
15 3943 1
15 16546 1
15 16547 1
15 16548 1
15 10408 1
15 22188 1
15 12465 1
15 19124 3
15 12471 2
15 19133 2
15 14016 1
15 17093 3
15 19145 1
15 20686 1
15 14033 1
15 18154 1
15 10365 1
15 3313 4
15 1266 1
15 12026 1
15 18686 2
15 18175 1
15 1067 1
15 19716 1
15 15621 1
15 15119 1
15 788 1
15 4868 1
15 6423 1
15 7963 2
15 17188 1
15 12585 1
15 15660 1
15 2349 1
15 15666 1
15 6968 1
15 6461 1
15 16193 3
15 3395 1
15 16710 1
15 12110 2
15 12625 1
15 11662 1
15 4441 1
15 14682 4
15 22368 1
15 4454 1
15 4967 1
15 8043 1
15 5996 1
15 9069 2
15 11708 1
15 2944 1
15 1410 1
15 909 2
15 910 2
15 22418 1
15 16276 1
15 17312 1
15 16807 1
15 22442 1
15 2990 1
15 19016 1
15 1466 1
15 8636 2
15 22464 1
15 16834 1
15 11851 1
15 13255 1
15 19405 1
15 15825 1
15 9171 1
15 4056 1
15 12250 2
15 10205 1
15 7646 1
15 12768 1
15 10214 3
15 7660 1
15 680 1
15 9204 1
15 7158 1
15 5623 2
15 15864 1
15 6651 1
15 6652 2
16 12288 1
16 13832 2
16 4867 1
16 10262 1
16 19993 1
16 5466 1
16 22557 1
16 1074 1
16 12343 2
16 8260 1
16 15432 1
16 13901 1
16 15952 1
16 15953 1
16 14682 1
16 19900 1
16 21613 1
16 13937 2
16 21627 1
16 13440 1
16 18051 1
16 3217 1
16 1170 1
16 8387 2
16 21142 1
16 15000 1
16 6809 1
16 16547 4
16 10407 1
16 18088 1
16 14509 1
16 12462 1
16 12463 3
16 12465 1
16 3765 1
16 19126 1
16 8892 2
16 21699 1
16 15567 1
16 12505 4
16 10974 1
16 4831 1
16 1760 1
16 19716 1
16 3313 1
16 21984 1
16 10408 1
16 8449 1
16 17154 1
16 16131 1
16 4868 3
16 18182 1
16 7432 1
16 3339 1
16 3203 1
16 12053 1
16 7960 1
16 15642 1
16 7963 6
16 7965 1
16 12585 2
16 2348 1
16 7475 2
16 10555 1
16 20285 1
16 6464 2
16 16193 3
16 12100 1
16 13129 1
16 5687 1
16 18766 1
16 11600 1
16 14677 1
16 2394 2
16 12091 1
16 2407 1
16 12656 1
16 13681 1
16 12663 2
16 1410 1
16 3461 1
16 910 3
16 15512 1
16 7662 1
16 15266 1
16 6054 1
16 22442 1
16 4016 1
16 12209 1
16 22450 1
16 4531 1
16 8636 1
16 11710 1
16 11711 1
16 22464 13
16 15818 1
16 9167 1
16 9684 1
16 12768 1
16 10214 3
16 19094 1
16 5800 1
16 4089 1
16 18429 1
17 12288 2
17 8193 1
17 15365 1
17 16367 1
17 22032 3
17 2578 1
17 10259 1
17 22551 1
17 12826 1
17 2394 2
17 6687 1
17 15281 1
17 11820 1
17 8758 1
17 2113 4
17 13891 1
17 8778 1
17 13389 1
17 2640 1
17 15441 1
17 16468 1
17 12816 3
17 7782 2
17 3175 1
17 11887 1
17 14448 2
17 21617 3
17 5750 1
17 6265 1
17 4218 1
17 6268 2
17 14973 1
17 21696 1
17 5764 1
17 13445 2
17 11398 3
17 18056 1
17 13963 1
17 8335 1
17 14994 1
17 15000 2
17 4773 2
17 21487 1
17 17242 1
17 9901 1
17 22557 1
17 12466 1
17 5577 1
17 5581 1
17 15903 1
17 14016 1
17 17093 1
17 13516 1
17 10442 1
17 13515 1
17 17612 1
17 20686 1
17 4303 1
17 4818 1
17 15566 1
17 15574 1
17 12505 1
17 15567 2
17 10470 1
17 7915 1
17 19694 1
17 10480 1
17 3313 1
17 15610 1
17 13564 2
17 13565 1
17 5375 1
17 9984 1
17 7429 1
17 18182 1
17 18185 1
17 3339 1
17 18194 1
17 7960 3
17 8989 1
17 4382 1
17 12076 1
17 19246 1
17 5433 1
17 16190 1
17 19263 3
17 15681 2
17 16706 1
17 3395 1
17 12100 1
17 13129 1
17 17228 1
17 20303 3
17 12625 1
17 9046 1
17 14682 1
17 7515 1
17 22368 1
17 7010 1
17 360 1
17 7530 1
17 8043 2
17 15216 1
17 5867 1
17 1413 1
17 15754 1
17 909 1
17 910 3
17 20882 1
17 11156 1
17 11672 2
17 409 1
17 11163 1
17 15772 1
17 13213 1
17 17313 1
17 4002 1
17 17137 1
17 8111 2
17 7600 1
17 12209 1
17 17337 1
17 19900 1
17 3517 1
17 12734 2
17 11714 2
17 18373 2
17 4209 1
17 15817 1
17 12746 1
17 15266 2
17 6733 1
17 8144 1
17 4601 1
17 14297 1
17 10206 1
17 10832 1
17 4433 1
17 15616 2
17 8175 1
17 15856 1
17 16370 1
17 18420 1
17 16373 1
17 5623 1
17 13304 2
17 8185 3
18 12288 2
18 4611 1
18 20494 1
18 2578 1
18 5806 1
18 18968 1
18 10265 1
18 22557 2
18 4640 1
18 4647 2
18 1578 1
18 16135 1
18 1069 1
18 16432 1
18 1589 1
18 17975 2
18 3134 1
18 11334 1
18 15434 1
18 17484 1
18 21586 1
18 22100 2
18 8797 1
18 7776 1
18 19041 1
18 3171 1
18 16998 1
18 7785 1
18 13425 1
18 1141 1
18 632 1
18 633 1
18 16508 1
18 8320 3
18 8321 1
18 3203 1
18 13444 1
18 647 1
18 18569 1
18 10891 1
18 13452 1
18 1169 1
18 7319 1
18 6812 1
18 4774 1
18 4776 1
18 14509 1
18 15128 1
18 22196 1
18 12471 3
18 19133 2
18 15820 1
18 15567 1
18 2773 1
18 14993 1
18 7119 1
18 13532 1
18 3758 1
18 13026 1
18 22252 1
18 248 1
18 16121 1
18 18173 1
18 19715 1
18 6917 1
18 19719 1
18 17162 1
18 4364 1
18 18191 1
18 7960 1
18 6938 2
18 2348 1
18 20277 1
18 12089 1
18 12090 1
18 21310 1
18 5953 2
18 5954 1
18 12100 1
18 19782 1
18 12110 1
18 20303 1
18 14677 1
18 2873 1
18 1374 1
18 14176 1
18 2914 1
18 4967 1
18 11114 1
18 8043 2
18 9069 2
18 9583 1
18 12663 1
18 10631 1
18 15754 1
18 19350 1
18 20292 1
18 5020 1
18 12190 1
18 19363 1
18 16804 1
18 12870 1
18 6054 1
18 12212 1
18 10679 1
18 19900 3
18 4037 1
18 13255 1
18 6604 1
18 9167 1
18 9684 2
18 15856 2
18 3058 1
18 1526 1
18 8185 1
18 15869 2
19 12288 1
19 7683 1
19 13316 1
19 12805 1
19 7686 2
19 7687 1
19 7180 1
19 17424 1
19 16407 1
19 16408 1
19 16409 1
19 1455 1
19 15903 4
19 18267 1
19 3621 1
19 3629 3
19 20526 1
19 6704 1
19 1074 1
19 1076 1
19 8771 1
19 7236 1
19 22086 1
19 15432 1
19 1099 1
19 13389 3
19 21586 1
19 12899 1
19 10330 1
19 22108 2
19 18013 1
19 22115 1
19 15620 1
19 22119 3
19 10428 2
19 18028 1
19 3858 1
19 21103 1
19 14448 2
19 13937 2
19 17016 1
19 4219 1
19 22304 1
19 8320 1
19 4225 1
19 15491 1
19 13445 1
19 6790 1
19 18055 1
19 14985 2
19 10892 1
19 16504 1
19 655 1
19 7826 1
19 13459 1
19 7830 1
19 10265 1
19 6000 1
19 17064 1
19 17067 1
19 2220 3
19 9901 2
19 13486 1
19 12656 1
19 19124 1
19 14622 1
19 18975 1
19 8892 1
19 6847 1
19 14016 1
19 17089 1
19 9922 1
19 17608 1
19 15566 1
19 719 2
19 8912 1
19 20689 1
19 4818 3
19 11990 1
19 11992 1
19 6361 1
19 9167 1
19 10972 1
19 7888 1
19 14050 1
19 8913 2
19 22252 1
19 14574 1
19 4868 2
19 15574 1
19 8321 1
19 16651 1
19 4882 1
19 4884 1
19 4484 1
19 6938 1
19 8989 1
19 20254 1
19 17184 1
19 20260 1
19 646 1
19 16679 1
19 15495 1
19 2349 2
19 20783 1
19 17200 1
19 9522 1
19 824 1
19 6708 1
19 20794 2
19 827 1
19 5954 1
19 22340 1
19 12625 1
19 14677 4
19 3418 2
19 3419 2
19 3421 1
19 9572 1
19 3943 1
19 8043 1
19 3948 1
19 9069 5
19 9072 1
19 11708 1
19 9600 1
19 12162 1
19 20356 1
19 16774 1
19 9608 1
19 18852 1
19 15763 1
19 11672 6
19 17818 1
19 17819 1
19 12188 1
19 4509 1
19 11760 1
19 4507 1
19 6052 2
19 22437 2
19 16810 1
19 12716 1
19 5197 1
19 5551 1
19 15288 1
19 22457 1
19 17339 1
19 7823 1
19 20927 1
19 7110 1
19 6601 1
19 6733 1
19 8145 1
19 9684 1
19 16341 1
19 16804 3
19 10206 1
19 2846 1
19 13287 1
19 15855 1
19 15856 2
19 14324 1
19 1525 1
19 1526 1
19 17202 1
19 5625 1
19 11259 1
19 6652 1
19 16725 1
20 12288 1
20 12815 1
20 4115 1
20 10264 1
20 15903 1
20 16417 1
20 4647 1
20 22571 1
20 12333 1
20 16946 1
20 4161 1
20 22086 1
20 11850 2
20 18507 1
20 5197 1
20 16462 2
20 15971 1
20 22100 2
20 10837 1
20 4184 1
20 22113 1
20 15459 1
20 16998 1
20 3772 1
20 17004 1
20 13425 2
20 21107 1
20 10360 1
20 19580 1
20 8320 2
20 3203 1
20 13445 1
20 13453 1
20 4239 1
20 21648 1
20 13459 1
20 19093 1
20 21142 1
20 19619 1
20 9892 1
20 15528 1
20 17067 1
20 6687 1
20 15548 1
20 19133 1
20 14016 1
20 14019 1
20 13516 1
20 1233 1
20 8914 1
20 15574 2
20 5498 1
20 13026 2
20 16508 1
20 5867 1
20 21743 1
20 7408 1
20 20725 1
20 16127 1
20 4868 1
20 4310 1
20 775 1
20 12588 1
20 17162 1
20 3339 1
20 4364 2
20 7952 1
20 18197 1
20 798 1
20 15660 1
20 18222 1
20 17199 1
20 16695 1
20 14649 1
20 10043 1
20 6464 1
20 19782 2
20 15688 1
20 13129 2
20 4433 1
20 5459 1
20 4442 1
20 15713 1
20 8043 1
20 9583 1
20 10096 1
20 18810 1
20 1922 1
20 16773 1
20 15754 1
20 910 1
20 19344 1
20 18324 1
20 917 1
20 1947 2
20 15772 1
20 16798 1
20 9121 1
20 15266 1
20 16804 1
20 3398 1
20 5020 1
20 12212 1
20 15774 1
20 17225 1
20 11708 1
20 22464 2
20 11714 1
20 5623 1
20 9167 1
20 7122 1
20 9684 1
20 10206 1
20 18911 1
20 9697 1
20 8387 1
20 12625 1
20 21993 1
20 10731 1
20 15855 1
20 16374 1
20 12791 1
20 11259 1
21 12288 2
21 7680 1
21 6146 1
21 19460 1
21 8320 2
21 3084 2
21 3086 1
21 12815 3
21 22032 1
21 8209 1
21 2578 2
21 13331 1
21 2582 1
21 17943 1
21 10264 1
21 10265 1
21 4647 2
21 7208 1
21 8753 1
21 3122 1
21 1076 1
21 22581 1
21 22112 1
21 12354 1
21 22113 1
21 11850 1
21 5196 1
21 17997 1
21 22100 2
21 18005 1
21 12891 1
21 8797 2
21 18528 1
21 3088 1
21 19555 1
21 16998 3
21 18022 1
21 3055 1
21 19048 2
21 15548 1
21 19051 1
21 11887 2
21 13937 1
21 6773 1
21 15994 1
21 14974 1
21 3711 1
21 13952 2
21 3201 2
21 15491 1
21 13445 6
21 11398 1
21 11913 2
21 4234 1
21 2702 1
21 3217 1
21 13459 1
21 21103 1
21 8351 1
21 15521 1
21 13474 1
21 4773 1
21 17062 1
21 17063 1
21 20649 1
21 13440 1
21 13389 1
21 19124 2
21 22200 1
21 8892 1
21 19133 2
21 2244 1
21 13514 1
21 13516 1
21 5840 1
21 20690 1
21 7380 1
21 15574 2
21 9947 1
21 17018 1
21 12510 1
21 13026 1
21 5347 1
21 13425 4
21 10985 1
21 5867 1
21 4818 2
21 1266 1
21 13951 1
21 5760 1
21 19716 2
21 15621 1
21 14088 1
21 7433 1
21 4364 1
21 4227 1
21 18197 2
21 4484 1
21 15642 1
21 13957 1
21 2344 1
21 17485 2
21 7471 1
21 21305 1
21 6459 1
21 16190 1
21 6464 1
21 15681 3
21 10973 1
21 835 1
21 19782 1
21 22344 1
21 17225 1
21 2176 1
21 3915 1
21 3919 1
21 4433 1
21 4441 2
21 16223 1
21 2407 1
21 8043 3
21 9069 5
21 7684 1
21 15215 1
21 1922 1
21 3460 2
21 906 2
21 16269 1
21 910 1
21 11665 2
21 22418 1
21 15771 1
21 4509 1
21 15774 1
21 20384 1
21 15266 2
21 18851 1
21 22437 1
21 18857 1
21 22087 1
21 2990 1
21 4016 2
21 7611 1
21 19900 1
21 18365 1
21 9662 1
21 16831 1
21 22464 4
21 11714 2
21 7110 1
21 7329 1
21 17484 3
21 4555 1
21 9167 2
21 7120 2
21 14807 1
21 19421 1
21 19939 1
21 10731 2
21 15855 3
21 5623 2
21 7673 1
21 11770 2
21 11259 1
21 15868 1
22 17067 1
22 22358 1
22 19716 1
22 4122 1
22 5150 1
22 15903 4
22 8749 1
22 3631 1
22 8753 1
22 7219 1
22 3130 1
22 13887 1
22 10044 1
22 12360 1
22 1099 1
22 13389 1
22 13905 1
22 21586 1
22 22100 1
22 2137 1
22 22113 1
22 19555 1
22 18023 1
22 11708 1
22 3175 1
22 14448 1
22 13937 1
22 1138 1
22 7785 1
22 12410 1
22 4219 1
22 13950 1
22 22464 3
22 6790 2
22 6791 1
22 13961 1
22 9069 2
22 14492 1
22 18714 1
22 14495 1
22 5285 1
22 4263 1
22 20649 1
22 683 1
22 22188 1
22 685 1
22 16049 1
22 9398 1
22 15548 4
22 19133 1
22 13799 1
22 8908 1
22 3277 1
22 719 1
22 14033 1
22 7380 1
22 15575 1
22 15994 1
22 4831 1
22 15584 1
22 7397 1
22 5864 1
22 745 1
22 1917 1
22 12026 2
22 4868 2
22 18185 1
22 4364 1
22 15119 2
22 15642 2
22 16901 1
22 17706 1
22 7471 1
22 15676 3
22 15681 1
22 17228 1
22 17229 1
22 18766 1
22 17743 1
22 18774 1
22 21847 1
22 6489 1
22 6075 1
22 360 1
22 13673 1
22 8043 3
22 20882 2
22 9072 1
22 12663 1
22 7544 1
22 4989 1
22 1410 1
22 4484 1
22 7660 1
22 3469 1
22 4496 1
22 4497 1
22 22418 1
22 11672 1
22 15773 1
22 18852 1
22 15794 1
22 11193 1
22 1466 1
22 13755 1
22 19900 1
22 7101 1
22 11710 1
22 7104 3
22 13255 1
22 5580 2
22 13776 2
22 9171 1
22 12110 1
22 10717 1
22 9697 1
22 19939 1
22 21617 1
22 15849 2
22 7658 1
22 10731 1
22 10220 1
22 493 1
22 4090 1
22 11771 2
22 6652 1
22 15869 1
23 12288 2
23 9729 1
23 19461 1
23 16384 1
23 1545 1
23 19989 1
23 22551 2
23 22557 1
23 4647 1
23 21563 1
23 2108 1
23 7236 1
23 11850 1
23 13901 1
23 1619 1
23 16468 1
23 15449 1
23 602 1
23 11870 1
23 18528 1
23 6760 1
23 12394 1
23 1141 1
23 17535 1
23 19589 1
23 9863 1
23 14986 1
23 10387 1
23 13981 1
23 10407 1
23 13481 2
23 11946 1
23 15532 1
23 4276 1
23 19133 1
23 14016 1
23 18632 1
23 13515 1
23 7380 1
23 16092 1
23 16093 1
23 10464 1
23 22245 1
23 6887 1
23 15593 1
23 14574 1
23 7409 1
23 20692 1
23 4364 1
23 15630 1
23 15632 1
23 21794 1
23 16166 1
23 18222 1
23 7471 1
23 15666 1
23 21305 1
23 20288 1
23 1345 1
23 21324 1
23 5972 1
23 15701 1
23 7014 1
23 3943 1
23 360 1
23 11113 1
23 9069 1
23 21878 1
23 8567 1
23 4986 2
23 20862 1
23 7041 1
23 1421 1
23 910 1
23 4496 1
23 3991 1
23 15855 1
23 6559 1
23 20384 1
23 6868 1
23 22463 1
23 11714 1
23 13255 1
23 3916 1
23 9167 1
23 9684 2
23 17890 1
23 19939 1
23 12261 1
23 999 1
23 494 1
23 16367 1
23 11760 1
23 18424 2
24 9901 1
24 9543 1
24 2179 1
24 14725 1
24 20494 1
24 1069 1
24 13459 1
24 18964 1
24 10263 1
24 12700 1
24 22557 3
24 20384 1
24 163 1
24 164 1
24 683 1
24 19238 2
24 4263 1
24 10408 1
24 10409 3
24 10985 1
24 8749 1
24 18222 1
24 3631 1
24 18736 1
24 10545 2
24 169 1
24 11449 1
24 1466 4
24 8764 1
24 12350 1
24 1141 1
24 22464 1
24 11714 1
24 16835 1
24 8260 1
24 13255 2
24 7410 1
24 6761 1
24 9167 1
24 21586 1
24 10467 1
24 15317 1
24 12503 1
24 6489 1
24 2399 1
24 10464 2
24 3171 2
24 742 2
24 2279 1
24 6760 1
24 13673 1
24 19559 1
24 1266 1
24 2899 1
24 16373 1
24 5623 1
24 12026 1
24 14716 1
24 10357 1
25 15616 1
25 18049 1
25 2307 1
25 1924 1
25 12694 1
25 4230 1
25 1420 1
25 13453 1
25 15119 1
25 3217 1
25 2578 2
25 10644 1
25 10262 1
25 18841 1
25 15774 1
25 20384 1
25 8737 1
25 11042 1
25 5576 1
25 2310 1
25 683 1
25 16431 1
25 16177 1
25 12915 1
25 20277 1
25 11156 1
25 7867 1
25 19900 1
25 19133 1
25 4831 1
25 18080 1
25 2243 1
25 16456 1
25 4364 1
25 11850 1
25 20299 1
25 3788 1
25 719 1
25 592 1
25 12625 1
25 3171 1
25 15448 1
25 603 1
25 17184 1
25 10467 1
25 740 1
25 18023 1
25 19817 1
25 8043 1
25 9069 2
25 15216 1
25 16242 1
25 20851 1
25 4601 1
26 11392 1
26 5633 1
26 19716 2
26 13445 1
26 12481 1
26 17068 1
26 15754 2
26 3339 1
26 4364 1
26 909 1
26 14862 2
26 2327 1
26 11672 1
26 1947 1
26 15903 2
26 161 1
26 15266 1
26 11813 1
26 20649 1
26 22087 1
26 4012 2
26 12333 1
26 18005 1
26 10545 1
26 500 1
26 8508 1
26 19133 1
26 13887 1
26 14016 1
26 11969 1
26 12354 1
26 16963 1
26 4423 2
26 11850 1
26 11810 1
26 588 1
26 13389 1
26 11726 1
26 15439 1
26 4432 1
26 4366 1
26 6137 1
26 719 1
26 988 1
26 8797 1
26 7120 1
26 10467 2
26 16998 1
26 3943 1
26 10985 1
26 22119 1
26 7660 1
26 9069 1
26 13937 1
26 21107 1
26 14068 1
26 4725 1
26 592 1
26 12665 1
26 19578 1
26 11645 1
26 1918 1
26 11775 1
27 9600 2
27 12288 4
27 4867 1
27 14081 1
27 15754 5
27 17291 2
27 4364 1
27 17293 1
27 20494 1
27 9901 1
27 5139 1
27 16120 1
27 19607 1
27 665 1
27 11931 1
27 15774 1
27 4000 1
27 14448 1
27 19238 2
27 4267 1
27 8749 1
27 16430 1
27 7471 1
27 4464 1
27 15666 1
27 15817 1
27 17290 2
27 11710 1
27 831 1
27 14016 1
27 3649 2
27 1475 1
27 3652 3
27 20809 1
27 11850 1
27 15819 1
27 15864 1
27 13397 1
27 20695 1
27 6489 1
27 17242 2
27 988 1
27 487 1
27 7016 1
27 7018 1
27 9069 1
27 13053 1
27 15216 1
27 1141 2
27 22262 1
27 14456 1
27 17788 1
27 15869 2
27 12670 1
28 12288 1
28 6786 1
28 13316 1
28 13445 1
28 646 1
28 12791 1
28 5337 1
28 907 1
28 13453 2
28 910 1
28 1167 1
28 2025 1
28 15534 1
28 3991 1
28 7960 1
28 4868 1
28 6989 1
28 7319 1
28 4509 1
28 2846 1
28 15903 1
28 4000 1
28 11632 1
28 21794 1
28 14743 1
28 16804 1
28 10407 1
28 16936 1
28 20649 1
28 22186 1
28 2990 1
28 4016 1
28 16049 2
28 15666 1
28 10206 1
28 1591 1
28 18361 1
28 19386 1
28 1467 1
28 11708 1
28 8778 1
28 16190 1
28 20543 1
28 14016 2
28 22082 1
28 7879 1
28 11850 1
28 1099 1
28 13516 1
28 19405 1
28 12110 1
28 8655 1
28 14477 1
28 4049 1
28 4818 1
28 15955 1
28 5332 1
28 18518 1
28 14649 1
28 9759 1
28 15577 1
28 15709 1
28 12510 1
28 10555 1
28 18022 1
28 18023 1
28 21993 2
28 4074 1
28 4647 1
28 1405 1
28 4464 3
28 2417 1
28 1538 1
28 5364 1
28 11049 1
28 16120 1
28 12665 1
28 5498 1
28 12471 1
29 16434 1
29 8449 1
29 7683 1
29 4868 1
29 19589 1
29 15751 1
29 10889 1
29 9867 1
29 4364 3
29 18882 1
29 4461 1
29 22032 2
29 2834 1
29 5267 1
29 16366 1
29 22553 1
29 3099 1
29 12317 1
29 21794 4
29 11931 1
29 16804 1
29 14118 1
29 5760 1
29 10408 1
29 17065 1
29 22442 1
29 8562 1
29 5636 1
29 16432 1
29 17971 1
29 1074 2
29 21107 1
29 3636 1
29 20277 1
29 22276 1
29 22071 1
29 9071 1
29 14016 1
29 13884 1
29 16714 1
29 3061 1
29 22464 1
29 14145 1
29 11714 1
29 12354 1
29 11845 1
29 19782 1
29 15432 1
29 19596 1
29 12746 1
29 12471 1
29 4013 1
29 5840 1
29 14673 1
29 4818 1
29 15971 1
29 11604 1
29 4438 1
29 11992 1
29 857 1
29 17626 1
29 11850 1
29 19460 1
29 21727 1
29 17936 1
29 3171 1
29 18022 1
29 6760 1
29 19900 2
29 8043 1
29 748 1
29 9069 1
29 11758 1
29 15855 1
29 4464 1
29 4081 1
29 15218 1
29 14035 1
29 1141 1
29 5623 1
29 4601 1
29 11708 1
30 3201 1
30 5995 1
30 19460 2
30 2949 1
30 7041 1
30 906 1
30 909 1
30 15119 1
30 13969 1
30 14595 1
30 2582 1
30 22557 1
30 4894 1
30 8764 1
30 11632 3
30 4002 1
30 20571 1
30 16804 1
30 19238 1
30 19367 1
30 21930 1
30 16775 1
30 4653 1
30 4654 1
30 5935 1
30 10545 1
30 19634 1
30 1460 1
30 8683 1
30 8758 1
30 9033 1
30 19124 2
30 3258 1
30 671 1
30 8892 1
30 12733 1
30 16373 1
30 22464 1
30 16194 1
30 9270 1
30 13255 1
30 3528 2
30 13129 1
30 13514 1
30 12471 2
30 13389 1
30 12110 1
30 3023 1
30 4178 1
30 8867 1
30 7380 1
30 22350 1
30 22385 1
30 9047 1
30 17881 1
30 12891 1
30 14081 1
30 11485 1
30 4831 1
30 18207 1
30 13937 2
30 6760 3
30 11708 1
30 12394 1
30 8043 1
30 5996 1
30 9069 2
30 494 1
30 13161 1
30 10096 1
30 7400 1
30 8562 1
30 4723 1
30 1269 1
30 5623 3
30 4601 1
30 19580 1
30 22186 1
30 18174 1
30 7039 1
31 5760 1
31 7937 1
31 4868 1
31 2949 1
31 9478 1
31 11969 1
31 22281 1
31 395 1
31 909 1
31 17807 1
31 17298 1
31 22551 1
31 6809 1
31 5019 1
31 12700 1
31 13658 1
31 14469 1
31 18592 1
31 15216 1
31 9124 1
31 10407 1
31 12842 1
31 12288 1
31 15660 1
31 14509 1
31 8238 1
31 8989 1
31 8803 1
31 1844 1
31 18185 2
31 15801 1
31 12858 1
31 15903 1
31 19133 2
31 1141 1
31 12746 2
31 8641 1
31 11714 1
31 20038 1
31 13255 1
31 11850 1
31 6989 1
31 4722 1
31 8144 1
31 15864 1
31 7011 1
31 1748 1
31 21305 1
31 6692 1
31 7514 1
31 21980 1
31 11603 1
31 10464 1
31 15201 1
31 9443 1
31 6760 1
31 14448 1
31 8043 1
31 2578 1
31 15855 1
31 11632 1
31 22385 1
31 20722 1
31 14579 1
31 9973 1
31 10102 1
31 10103 1
31 8568 1
31 2915 1
31 21930 1
32 12288 2
32 18173 1
32 3203 1
32 4868 1
32 13445 1
32 2860 1
32 9227 1
32 4364 1
32 19598 1
32 21775 1
32 11792 1
32 20882 1
32 4115 1
32 21142 1
32 11672 1
32 22188 1
32 8989 1
32 15903 2
32 20384 1
32 15907 1
32 16773 1
32 15401 1
32 13226 1
32 17067 1
32 15660 1
32 16430 1
32 4509 2
32 3633 1
32 1844 1
32 4664 1
32 1466 1
32 2237 1
32 3134 2
32 2464 1
32 22082 3
32 12739 1
32 8940 1
32 13255 1
32 15948 1
32 12625 1
32 17490 1
32 4000 1
32 4438 1
32 1925 1
32 9948 1
32 3293 1
32 3294 1
32 16224 1
32 22497 2
32 2914 1
32 2915 1
32 22119 1
32 11113 1
32 1255 1
32 1516 1
32 15855 1
32 5929 1
32 3967 1
32 4604 1
32 15869 1
32 9727 1
33 11008 1
33 13398 1
33 14081 1
33 17931 1
33 8878 1
33 12825 2
33 17435 1
33 2394 1
33 8229 1
33 11827 1
33 8257 1
33 12354 1
33 17484 2
33 13389 1
33 13905 1
33 21586 1
33 3157 1
33 3670 1
33 15119 1
33 18023 1
33 9832 1
33 12394 1
33 21613 1
33 21102 1
33 14448 1
33 13937 1
33 17528 1
33 1152 1
33 18561 1
33 4230 1
33 650 1
33 6283 1
33 673 1
33 169 1
33 22188 1
33 15534 1
33 17071 1
33 7345 1
33 19124 2
33 19133 1
33 20168 2
33 14537 2
33 20692 1
33 11992 1
33 9945 1
33 8412 1
33 7904 1
33 10465 2
33 13026 1
33 8421 1
33 1255 1
33 5927 1
33 8940 1
33 17655 2
33 15096 1
33 5374 1
33 14592 2
33 8449 1
33 14595 1
33 4868 1
33 2310 1
33 17163 1
33 4876 1
33 6927 1
33 7460 1
33 18214 1
33 16679 1
33 5928 1
33 10631 1
33 12076 1
33 21295 1
33 2873 1
33 15754 1
33 16194 1
33 21832 1
33 3408 1
33 12625 1
33 8531 2
33 11604 2
33 14677 1
33 21305 1
33 13658 1
33 15709 1
33 10981 1
33 22368 1
33 22369 1
33 13666 2
33 21860 1
33 8041 1
33 8043 1
33 9069 1
33 9072 1
33 12663 1
33 16226 1
33 16775 1
33 16776 1
33 16778 1
33 20882 1
33 15776 1
33 4011 1
33 18865 1
33 9652 1
33 15800 1
33 12739 1
33 11724 1
33 8155 1
33 10205 1
33 13793 1
33 14306 1
33 10723 1
33 489 1
33 8683 1
33 11760 2
33 500 1
33 17150 1
33 7670 1
33 1017 1
33 18427 1
33 15869 1
33 13397 1
34 11008 2
34 20482 1
34 18140 1
34 9558 1
34 22032 2
34 4867 1
34 17582 1
34 10263 1
34 1562 1
34 17435 3
34 13853 1
34 18975 1
34 16417 1
34 20519 1
34 14595 1
34 3629 3
34 6702 1
34 8541 1
34 2096 1
34 6193 1
34 19124 2
34 13887 1
34 7520 2
34 12354 1
34 20547 1
34 15431 1
34 18505 1
34 1099 2
34 13388 1
34 12878 1
34 9811 1
34 18005 1
34 15449 1
34 358 1
34 3175 1
34 13418 2
34 21613 1
34 4719 3
34 15987 1
34 6772 1
34 4897 1
34 13077 1
34 5248 1
34 18049 1
34 15491 1
34 19588 1
34 15494 1
34 11969 2
34 14475 1
34 5267 1
34 19093 1
34 11931 1
34 8353 1
34 4263 1
34 22186 1
34 5806 1
34 5811 1
34 4276 1
34 8892 1
34 22272 1
34 7873 1
34 18114 1
34 2243 1
34 8993 1
34 10441 1
34 12495 2
34 1744 1
34 8913 2
34 20690 1
34 7380 1
34 6357 1
34 6361 1
34 9167 2
34 13532 1
34 13537 1
34 1763 2
34 742 1
34 8425 2
34 18472 1
34 4341 1
34 17659 1
34 18686 2
34 10453 1
34 14592 4
34 14081 2
34 21251 1
34 4868 2
34 19718 1
34 14603 1
34 6926 1
34 7952 1
34 16661 2
34 6934 1
34 7897 2
34 17688 1
34 797 2
34 18209 1
34 14117 1
34 19240 1
34 12585 1
34 10206 1
34 17206 1
34 12089 1
34 831 1
34 8512 1
34 15170 1
34 11600 1
34 4433 1
34 14677 3
34 4438 3
34 5433 1
34 6489 1
34 8026 1
34 15709 1
34 15199 1
34 22368 1
34 15713 2
34 3426 1
34 5988 1
34 8550 1
34 13161 1
34 3946 1
34 11627 1
34 9069 1
34 9583 1
34 13681 1
34 4496 1
34 7540 1
34 13174 1
34 22551 1
34 12666 1
34 2427 1
34 16252 1
34 14725 1
34 16774 1
34 16775 1
34 15754 3
34 17291 1
34 16272 1
34 9626 1
34 12188 2
34 17823 1
34 14753 1
34 15772 1
34 22442 2
34 17326 1
34 3339 1
34 16828 1
34 22464 2
34 11714 1
34 15817 1
34 15818 2
34 15819 1
34 15820 1
34 17359 1
34 3536 2
34 18510 1
34 17366 1
34 4570 1
34 10205 1
34 6622 1
34 19938 1
34 12625 1
34 4074 1
34 8685 1
34 11760 1
34 12787 1
34 4601 1
34 8188 1
34 6826 1
34 8021 1
35 12288 1
35 9473 1
35 20098 1
35 4868 1
35 15877 1
35 6790 1
35 9047 1
35 6925 1
35 5264 1
35 22418 1
35 12932 1
35 22009 1
35 13979 1
35 18975 1
35 18083 1
35 5797 1
35 11564 1
35 13489 1
35 15666 2
35 18227 1
35 12471 1
35 1140 1
35 20794 1
35 21315 1
35 9924 1
35 13255 2
35 1610 1
35 12855 1
35 9932 1
35 8912 1
35 9172 1
35 14677 1
35 13398 1
35 14167 1
35 14680 1
35 19938 1
35 19939 1
35 19943 1
35 8425 1
35 5996 1
35 22127 1
35 4723 1
35 11508 1
35 1141 1
35 19817 1
35 4601 1
35 4090 1
