1 12288 1
1 9729 2
1 13316 1
1 12805 1
1 16812 1
1 16394 1
1 11790 1
1 17424 1
1 8209 1
1 17435 1
1 22557 2
1 14883 1
1 11817 1
1 22571 1
1 8236 2
1 12089 1
1 18990 1
1 8241 1
1 13880 1
1 4942 1
1 6732 1
1 18510 1
1 16470 1
1 15448 1
1 9831 1
1 15036 1
1 4711 1
1 21613 3
1 14448 1
1 13937 1
1 1140 7
1 12734 1
1 11894 1
1 12905 1
1 15994 1
1 14973 1
1 10006 1
1 17041 1
1 3943 1
1 13252 3
1 13979 1
1 9887 1
1 683 1
1 22188 1
1 13487 1
1 1206 1
1 12471 1
1 15035 1
1 18108 1
1 11381 1
1 21696 1
1 21699 1
1 9925 1
1 6345 1
1 22119 2
1 13516 1
1 11992 1
1 12505 1
1 17359 1
1 11898 1
1 16608 1
1 2273 1
1 9457 1
1 9777 1
1 22262 2
1 11511 1
1 17657 1
1 18686 1
1 7937 1
1 7938 1
1 2307 1
1 8454 1
1 1580 1
1 10510 2
1 7952 1
1 5398 1
1 2265 1
1 17688 1
1 10012 3
1 19238 1
1 7463 1
1 15666 1
1 3375 1
1 21810 1
1 7256 1
1 2873 1
1 1340 1
1 9038 1
1 20303 1
1 11604 1
1 14677 2
1 5433 1
1 2394 2
1 16220 2
1 9053 1
1 16223 1
1 9569 1
1 14183 1
1 8552 1
1 9065 1
1 9069 1
1 15216 1
1 18808 1
1 13692 2
1 897 2
1 9816 1
1 21898 1
1 7563 1
1 22416 1
1 22418 3
1 14489 1
1 17818 1
1 14751 1
1 20384 1
1 9121 1
1 15266 1
1 15269 1
1 20904 1
1 12202 1
1 12716 1
1 11699 1
1 8636 1
1 11710 1
1 22464 2
1 8641 1
1 19396 1
1 4037 1
1 4038 1
1 13388 2
1 20427 1
1 18380 1
1 7117 1
1 9167 1
1 17360 1
1 9684 1
1 3541 1
1 18905 1
1 18911 1
1 15845 1
1 7662 1
1 20463 2
1 19952 1
1 498 1
1 17395 1
1 6398 1
1 4601 1
1 9726 1
1 12799 1
2 9729 2
2 18962 1
2 4115 1
2 22551 1
2 17435 1
2 22557 3
2 18975 1
2 18464 1
2 547 1
2 22568 1
2 20010 1
2 11827 1
2 17464 1
2 6713 1
2 1099 1
2 6732 1
2 22098 1
2 11348 1
2 16982 1
2 10329 1
2 12891 1
2 18017 1
2 5732 1
2 9831 1
2 10710 1
2 22122 1
2 21613 7
2 13937 1
2 1140 7
2 1141 1
2 2166 1
2 11385 2
2 11898 3
2 1147 2
2 10365 1
2 21264 1
2 1664 1
2 16407 1
2 17044 1
2 3736 2
2 2500 1
2 13979 1
2 9755 1
2 10407 1
2 8988 1
2 6826 1
2 9247 1
2 15548 1
2 9918 1
2 22209 1
2 11992 1
2 18140 1
2 12510 1
2 21739 3
2 22141 1
2 16625 1
2 14579 1
2 3321 1
2 11008 1
2 7938 1
2 4868 1
2 18181 1
2 897 1
2 14603 1
2 7952 1
2 6417 1
2 2834 1
2 16342 1
2 12058 1
2 7451 1
2 10012 1
2 8993 1
2 18215 1
2 5928 1
2 13611 1
2 813 1
2 3375 1
2 18736 1
2 7986 1
2 17203 1
2 7476 2
2 15160 1
2 13113 1
2 5435 1
2 21308 1
2 16190 1
2 16193 1
2 14155 1
2 6989 1
2 4942 1
2 11601 1
2 14677 1
2 22585 1
2 6489 1
2 3424 1
2 14689 1
2 2407 1
2 19943 1
2 19312 1
2 20852 1
2 12154 1
2 9595 1
2 17788 1
2 10625 1
2 12162 1
2 16775 1
2 5005 1
2 22418 1
2 22421 1
2 15262 1
2 22437 1
2 6568 1
2 22442 1
2 13242 1
2 8636 1
2 5565 2
2 5567 1
2 8641 1
2 5570 1
2 19396 1
2 20427 1
2 20429 2
2 17359 4
2 16850 1
2 9686 1
2 7650 1
2 4067 1
2 15845 1
2 7655 1
2 15849 1
2 20463 2
2 498 1
2 16468 2
3 12288 1
3 13316 1
3 22032 1
3 20498 1
3 22551 2
3 9244 1
3 22557 1
3 20519 2
3 1576 1
3 8236 1
3 8749 2
3 8753 1
3 13880 1
3 8769 1
3 12354 1
3 12360 1
3 17996 1
3 13389 2
3 20047 1
3 6741 1
3 15448 3
3 8797 4
3 5217 1
3 9831 1
3 8810 1
3 21613 1
3 18030 1
3 11898 1
3 2173 1
3 13440 1
3 15808 2
3 15809 1
3 18056 1
3 13452 1
3 13388 1
3 4604 1
3 16547 1
3 7332 1
3 19740 1
3 19117 1
3 16833 1
3 19124 3
3 13769 1
3 5306 1
3 11969 1
3 21699 1
3 5831 1
3 20169 1
3 13516 1
3 10452 1
3 15575 1
3 9167 1
3 13532 1
3 745 1
3 21739 1
3 5869 1
3 13553 1
3 11511 1
3 9351 1
3 14592 4
3 7938 2
3 2309 1
3 10625 1
3 19208 1
3 1580 1
3 17163 1
3 4364 1
3 8988 3
3 1822 1
3 8993 1
3 20260 1
3 19238 1
3 13611 1
3 21295 2
3 18736 1
3 15666 1
3 1844 1
3 9013 2
3 17206 1
3 8585 1
3 15160 1
3 5433 2
3 3386 3
3 13117 1
3 9035 1
3 6989 1
3 20303 1
3 9043 1
3 16220 1
3 10080 1
3 22418 2
3 12656 1
3 13174 1
3 897 1
3 15817 1
3 8579 1
3 19332 1
3 15241 1
3 7563 1
3 3468 1
3 5005 1
3 13710 1
3 7055 1
3 20882 1
3 22442 5
3 12209 1
3 13242 1
3 8636 2
3 5567 2
3 22464 1
3 8641 2
3 19396 2
3 3528 2
3 6732 2
3 13771 1
3 20429 2
3 17359 1
3 13776 1
3 10688 1
3 10709 1
3 17366 1
3 18904 1
3 17881 1
3 10206 1
3 19938 1
3 19939 1
3 20964 1
3 19942 1
3 12265 1
3 20463 3
3 19956 1
3 8184 1
3 17404 1
4 12288 1
4 6148 1
4 9223 1
4 8208 1
4 18964 1
4 22551 6
4 2394 2
4 9247 2
4 2064 1
4 7207 1
4 22568 1
4 4650 1
4 8236 1
4 8749 1
4 8753 1
4 12341 1
4 18960 1
4 12354 2
4 20547 1
4 14689 2
4 12360 2
4 12471 1
4 6732 2
4 13389 1
4 18510 1
4 12891 1
4 8797 2
4 17424 1
4 19554 1
4 21094 1
4 9831 1
4 22121 1
4 2154 1
4 22119 1
4 21613 2
4 9839 1
4 13937 1
4 1140 1
4 22133 1
4 3702 1
4 11898 4
4 1147 2
4 8810 1
4 18046 2
4 20095 1
4 22464 1
4 15809 1
4 6801 1
4 21145 1
4 13978 2
4 11887 1
4 8360 1
4 11946 1
4 22188 1
4 15534 1
4 22557 3
4 5301 1
4 8375 1
4 20155 1
4 1141 2
4 21699 1
4 16075 1
4 13516 1
4 6867 1
4 15574 1
4 11992 4
4 13532 1
4 18042 2
4 2271 1
4 4837 1
4 12010 1
4 18472 1
4 12018 1
4 8345 1
4 15615 1
4 14081 3
4 897 1
4 10510 1
4 2834 1
4 10006 2
4 17688 1
4 10012 1
4 20254 1
4 20257 1
4 7460 1
4 16679 1
4 16092 1
4 16685 1
4 7471 2
4 15666 1
4 1342 1
4 7999 1
4 3392 1
4 5450 2
4 5451 3
4 4942 1
4 4944 1
4 21841 1
4 2899 1
4 6996 1
4 8026 1
4 859 1
4 16220 2
4 8033 1
4 20330 1
4 8043 2
4 9069 2
4 2416 1
4 18293 1
4 12663 1
4 12664 1
4 8574 1
4 14721 1
4 16260 1
4 906 1
4 2443 1
4 14743 1
4 11672 1
4 18841 1
4 20384 1
4 20389 1
4 22448 1
4 13243 1
4 3006 1
4 15808 1
4 8641 1
4 11714 5
4 14283 1
4 9167 1
4 14800 1
4 15096 1
4 16850 1
4 4058 1
4 10206 1
4 11600 1
4 19938 1
4 20463 1
4 17395 1
4 20468 1
4 19958 1
5 12288 2
5 13316 1
5 7687 1
5 21007 1
5 18962 2
5 18963 1
5 4117 1
5 22551 2
5 8729 1
5 22557 2
5 7203 1
5 13863 1
5 4650 1
5 8236 1
5 3633 1
5 1076 1
5 1606 1
5 13153 1
5 12360 1
5 6730 1
5 18510 1
5 10837 1
5 22457 1
5 15448 1
5 18521 1
5 11791 1
5 21613 1
5 5232 1
5 21617 1
5 17171 1
5 1141 2
5 10359 1
5 15994 1
5 5755 1
5 19580 1
5 2442 1
5 5248 4
5 14978 1
5 649 1
5 5770 1
5 13459 1
5 16543 1
5 6000 1
5 13937 1
5 11719 1
5 14509 1
5 19124 1
5 3259 1
5 7362 1
5 15574 1
5 13018 1
5 18651 1
5 13532 1
5 11898 1
5 15584 1
5 1765 1
5 248 1
5 17149 2
5 7937 1
5 3339 2
5 4364 2
5 8579 1
5 2837 1
5 17688 2
5 5409 1
5 9947 1
5 12580 1
5 21797 1
5 1833 1
5 13611 1
5 2860 2
5 21295 1
5 5257 1
5 6459 1
5 4413 1
5 13129 1
5 5451 2
5 11600 1
5 2899 4
5 14677 1
5 15706 1
5 10469 1
5 22369 1
5 2916 1
5 8043 5
5 9069 3
5 10096 1
5 12265 1
5 18808 1
5 14202 1
5 5499 1
5 2435 1
5 9606 1
5 5000 2
5 906 3
5 2443 1
5 19852 1
5 2445 1
5 2446 2
5 6551 1
5 17818 2
5 924 1
5 20384 2
5 17313 1
5 15266 1
5 2460 1
5 2996 1
5 19956 1
5 1466 2
5 17855 1
5 11714 1
5 13252 2
5 13255 1
5 18905 1
5 16347 1
5 6622 1
5 8161 1
5 14311 1
5 4604 2
5 20463 1
5 13808 1
5 18932 1
5 16373 1
5 4601 1
5 3580 1
6 3073 1
6 13316 1
6 18442 1
6 20494 1
6 17424 1
6 18962 1
6 22551 1
6 7204 1
6 13863 1
6 22568 2
6 11305 1
6 1069 1
6 14894 1
6 8753 1
6 14386 1
6 1076 1
6 13884 1
6 16446 1
6 22086 1
6 18510 1
6 14420 1
6 10510 1
6 15448 2
6 15449 1
6 15451 1
6 8797 2
6 16998 2
6 3687 1
6 12394 1
6 13937 3
6 11898 5
6 11392 1
6 6080 1
6 11398 1
6 5256 1
6 4290 1
6 14485 1
6 6809 1
6 22173 3
6 9886 2
6 21617 2
6 8988 1
6 20142 1
6 15540 1
6 19133 1
6 18114 1
6 13516 1
6 8405 1
6 2273 1
6 2288 1
6 18472 1
6 12018 1
6 248 1
6 17148 2
6 1280 1
6 8961 2
6 8962 1
6 3844 1
6 3339 1
6 4364 2
6 4366 1
6 12567 1
6 18204 1
6 8993 1
6 21797 1
6 20284 1
6 2442 2
6 3392 1
6 4432 1
6 2899 4
6 14677 2
6 6489 1
6 16223 1
6 22368 1
6 13161 2
6 17770 1
6 9069 1
6 16238 1
6 9075 1
6 12151 3
6 1918 1
6 9606 1
6 906 1
6 2446 2
6 22418 1
6 14489 1
6 15258 4
6 1947 1
6 20384 2
6 17313 1
6 17819 1
6 17332 1
6 6069 1
6 1976 1
6 1465 1
6 1468 1
6 7101 1
6 7103 1
6 15808 1
6 22465 1
6 11723 2
6 16850 1
6 2003 1
6 11600 1
6 12265 1
6 10730 1
6 18415 1
6 14322 3
6 20468 1
6 20469 1
6 4604 1
6 3580 1
6 10837 1
7 512 1
7 2565 1
7 2064 3
7 18962 2
7 20502 1
7 8964 1
7 9755 1
7 11807 1
7 4647 1
7 22568 1
7 20828 1
7 11307 2
7 13880 1
7 22368 1
7 21058 1
7 8260 1
7 22093 1
7 591 1
7 11856 1
7 13398 1
7 12888 2
7 12891 1
7 16998 1
7 21613 4
7 19133 1
7 1138 2
7 14456 1
7 11898 4
7 1147 1
7 12412 1
7 5248 1
7 15491 1
7 10262 1
7 1670 1
7 14985 1
7 22167 1
7 13979 1
7 14492 1
7 16547 1
7 14509 1
7 3247 1
7 19124 1
7 12471 1
7 17597 1
7 7870 1
7 17087 1
7 14016 1
7 18114 1
7 17093 2
7 719 1
7 10360 1
7 4831 1
7 15584 2
7 15075 1
7 16616 2
7 8425 1
7 5866 1
7 21739 1
7 2289 1
7 12018 2
7 13267 1
7 11305 1
7 18174 1
7 1280 1
7 7938 1
7 19204 1
7 21797 1
7 4364 1
7 22285 1
7 4366 1
7 18200 1
7 7451 1
7 5918 1
7 15653 1
7 7463 1
7 3369 1
7 12076 1
7 3375 1
7 12081 1
7 22346 1
7 6458 1
7 17211 1
7 906 1
7 4926 1
7 4935 1
7 5450 1
7 9035 1
7 11600 1
7 2899 7
7 14677 1
7 16214 1
7 16220 1
7 12602 1
7 7520 2
7 3943 1
7 8043 2
7 5996 1
7 9069 2
7 22386 1
7 9587 1
7 3957 1
7 12663 1
7 1918 1
7 16260 1
7 9608 1
7 2442 1
7 12354 1
7 9102 1
7 4497 1
7 22418 1
7 14228 1
7 14743 1
7 21912 1
7 3993 1
7 2460 1
7 17331 1
7 9034 1
7 1471 1
7 22464 1
7 14277 1
7 20429 1
7 2003 1
7 12759 1
7 19424 1
7 19938 2
7 9768 1
7 14312 1
7 2025 1
7 20463 1
7 8188 1
8 5123 1
8 16982 1
8 22188 2
8 18960 4
8 18962 1
8 9582 1
8 3102 1
8 15903 1
8 7204 1
8 4647 1
8 22568 1
8 22571 1
8 598 1
8 15709 1
8 9777 1
8 18483 1
8 20026 2
8 20028 1
8 12354 1
8 9796 1
8 11361 1
8 11848 1
8 11850 1
8 1099 1
8 13388 1
8 18005 1
8 14422 1
8 14426 1
8 8797 1
8 12897 1
8 3684 1
8 6760 3
8 9833 1
8 21613 1
8 1140 1
8 1141 2
8 11894 1
8 14969 1
8 11898 3
8 5755 1
8 2173 1
8 2175 1
8 13952 1
8 16012 1
8 18576 1
8 16017 1
8 6805 1
8 19096 1
8 4037 1
8 19114 1
8 683 1
8 684 1
8 17071 1
8 9075 1
8 19131 1
8 19133 1
8 14016 1
8 15990 1
8 13514 2
8 11979 1
8 13516 2
8 18128 1
8 20177 2
8 15063 1
8 11992 2
8 9945 1
8 9435 1
8 15584 1
8 2273 1
8 20706 1
8 9449 1
8 14574 1
8 16253 1
8 16625 2
8 18162 1
8 3315 1
8 8961 1
8 7938 6
8 4868 1
8 3339 1
8 4364 1
8 15629 1
8 15119 1
8 4884 1
8 11541 1
8 2328 1
8 2362 1
8 20254 1
8 8993 1
8 18215 1
8 18219 1
8 18732 1
8 7471 2
8 21303 1
8 5433 1
8 18746 1
8 6459 1
8 15166 1
8 13129 1
8 12110 1
8 11600 1
8 9047 1
8 858 1
8 12602 1
8 10078 1
8 8043 1
8 9069 1
8 19310 1
8 20851 1
8 1401 1
8 4019 1
8 9606 1
8 10119 1
8 18831 1
8 22418 1
8 20463 1
8 15774 1
8 7584 1
8 20389 1
8 4007 1
8 11506 1
8 2481 1
8 17331 1
8 6080 1
8 20384 1
8 11714 1
8 587 1
8 3524 1
8 19397 1
8 13255 1
8 5581 1
8 9684 1
8 17881 3
8 18907 1
8 22492 1
8 10206 2
8 4432 1
8 19938 1
8 20453 1
8 2025 1
8 13805 1
8 17903 2
8 12787 1
8 19956 1
8 5623 1
8 12360 1
9 12288 1
9 16384 1
9 5634 2
9 22024 1
9 22032 3
9 18963 1
9 21525 1
9 8214 1
9 22551 1
9 22557 2
9 15403 1
9 1580 2
9 13363 1
9 1076 1
9 22585 2
9 13884 1
9 12350 1
9 22082 1
9 2203 1
9 12360 1
9 13388 1
9 13901 1
9 9298 1
9 7764 1
9 2655 1
9 18528 1
9 19553 1
9 19555 1
9 22119 1
9 9831 1
9 18540 1
9 21613 3
9 19133 3
9 14448 1
9 13937 2
9 8306 1
9 1140 4
9 6773 1
9 10360 1
9 18042 1
9 17070 1
9 13452 1
9 16017 1
9 21699 1
9 15514 1
9 13979 1
9 14495 1
9 21617 2
9 19113 1
9 22186 5
9 13255 1
9 22188 1
9 3246 1
9 17071 1
9 20658 1
9 5918 1
9 12471 3
9 20209 1
9 7370 1
9 10943 1
9 11969 1
9 2243 2
9 11974 1
9 18121 1
9 8906 1
9 12494 1
9 9937 1
9 15574 1
9 11991 1
9 17624 1
9 8921 1
9 13532 1
9 9437 1
9 3807 1
9 11898 4
9 2278 1
9 16103 1
9 5352 1
9 21739 2
9 5358 1
9 16625 1
9 1266 1
9 9973 1
9 7937 1
9 7938 3
9 4868 1
9 19718 2
9 8236 2
9 10510 1
9 12567 1
9 17688 1
9 8988 1
9 20254 1
9 15664 4
9 9512 1
9 12076 1
9 7471 2
9 18736 1
9 19767 1
9 15160 1
9 18911 1
9 12604 1
9 20291 2
9 19782 1
9 19784 1
9 13129 1
9 4942 2
9 20303 1
9 12625 1
9 14677 2
9 6489 1
9 2394 1
9 12747 1
9 4960 1
9 2918 1
9 8043 3
9 9069 3
9 19310 1
9 13941 1
9 22386 1
9 20851 1
9 18806 1
9 9598 1
9 7039 1
9 897 1
9 11650 1
9 9607 1
9 9097 1
9 2443 1
9 22418 2
9 16788 1
9 8599 1
9 21912 1
9 2328 1
9 17818 2
9 17819 1
9 15262 5
9 20384 3
9 2467 1
9 4007 2
9 13738 1
9 7087 1
9 15281 1
9 9651 1
9 12216 1
9 2265 1
9 19900 2
9 7104 1
9 5057 1
9 3524 1
9 4037 1
9 9159 1
9 5577 1
9 20427 1
9 22476 1
9 18894 1
9 6607 1
9 17872 1
9 6609 4
9 16850 1
9 9684 1
9 19420 1
9 1141 2
9 15845 1
9 8684 1
9 18420 2
9 16374 1
9 10747 1
10 13316 1
10 4438 1
10 7937 1
10 22024 1
10 17424 3
10 17435 1
10 11292 1
10 16418 1
10 2596 1
10 4647 1
10 22571 1
10 1068 1
10 8749 2
10 560 1
10 1076 1
10 9791 1
10 8770 1
10 12360 1
10 7241 1
10 11850 1
10 20555 1
10 13388 3
10 13113 1
10 12891 1
10 7776 1
10 21605 1
10 9687 1
10 2154 1
10 21613 3
10 12733 1
10 625 1
10 1138 2
10 1140 1
10 16062 1
10 1300 1
10 11898 3
10 1147 2
10 5246 2
10 13956 1
10 19137 1
10 13452 1
10 4318 1
10 14492 1
10 21662 1
10 18080 1
10 11427 1
10 11428 1
10 22182 1
10 13937 1
10 11946 1
10 22188 1
10 15986 1
10 11438 1
10 3528 2
10 12471 1
10 15035 1
10 18108 1
10 9918 2
10 20159 1
10 11969 5
10 21699 1
10 18978 1
10 718 1
10 9424 1
10 721 1
10 4818 1
10 4314 1
10 5341 1
10 15582 1
10 4319 1
10 7392 1
10 4339 1
10 13558 1
10 14081 1
10 7938 2
10 2309 1
10 5591 1
10 4364 2
10 4881 1
10 11026 1
10 4884 1
10 4886 3
10 13591 1
10 18200 1
10 19737 3
10 19740 1
10 7477 1
10 21304 1
10 5433 1
10 12091 1
10 9543 1
10 22344 1
10 20301 1
10 14677 1
10 19286 1
10 9047 1
10 21849 1
10 3424 1
10 3943 1
10 8043 2
10 22383 1
10 21872 1
10 7540 2
10 13174 1
10 18295 1
10 381 2
10 12162 1
10 16265 1
10 11521 1
10 12354 1
10 22418 1
10 11672 2
10 17818 1
10 12700 1
10 13216 1
10 12202 1
10 3058 1
10 5551 1
10 1668 1
10 13242 1
10 15292 1
10 15293 1
10 22464 1
10 3524 2
10 5064 1
10 15817 2
10 17872 1
10 9170 1
10 16855 1
10 17881 1
10 20986 3
10 19943 1
10 21995 1
10 8174 1
10 20463 2
10 11760 1
10 5618 1
10 3574 1
10 16890 1
11 11392 1
11 1281 1
11 8706 1
11 22571 1
11 19718 1
11 11528 1
11 5629 1
11 4364 1
11 15117 1
11 13710 1
11 4368 1
11 6496 1
11 22418 1
11 916 1
11 11385 2
11 13978 1
11 7451 1
11 9244 1
11 16543 1
11 4640 1
11 12891 1
11 14500 1
11 1576 1
11 19740 1
11 22442 3
11 683 1
11 4269 1
11 3758 1
11 5807 1
11 15540 1
11 22071 1
11 11960 1
11 21305 1
11 9247 3
11 8636 1
11 19133 1
11 5567 1
11 6464 1
11 8641 2
11 12354 1
11 20547 3
11 3396 1
11 19398 1
11 20297 1
11 11723 1
11 6732 1
11 20429 1
11 4941 1
11 9169 2
11 9170 1
11 4947 1
11 6741 1
11 7767 1
11 7897 1
11 5211 1
11 7644 1
11 15709 1
11 7776 1
11 4452 1
11 10857 1
11 22464 1
11 5800 1
11 16850 1
11 16367 1
11 13937 1
11 1099 1
11 1140 4
11 13950 1
11 12265 1
11 9564 1
11 4601 1
11 15821 1
11 21883 1
11 4092 1
11 2154 1
11 8797 1
11 5205 1
12 12288 1
12 4011 1
12 13316 1
12 17415 1
12 3084 1
12 3086 2
12 3601 1
12 13334 1
12 22551 1
12 4868 1
12 17435 1
12 9244 1
12 8736 1
12 20519 3
12 1578 1
12 5163 1
12 6702 1
12 1076 1
12 3258 1
12 12350 2
12 12354 1
12 20547 3
12 9684 1
12 14689 1
12 2634 1
12 6732 1
12 6741 1
12 13398 2
12 5306 1
12 14437 1
12 7776 1
12 2661 1
12 12390 1
12 20497 1
12 13244 2
12 2666 2
12 20076 1
12 4882 1
12 1140 1
12 1141 1
12 13161 1
12 14969 1
12 18042 1
12 1147 1
12 14973 1
12 5246 1
12 7812 1
12 11909 1
12 12940 1
12 21613 1
12 14993 2
12 8342 1
12 12825 1
12 12954 1
12 13474 1
12 13475 1
12 5797 1
12 19113 1
12 22188 1
12 15534 1
12 12471 1
12 22200 1
12 15545 1
12 20666 1
12 4213 1
12 2243 1
12 17608 3
12 17527 1
12 5841 1
12 19154 1
12 4217 1
12 219 1
12 13532 2
12 13537 2
12 13538 1
12 13435 1
12 7397 1
12 8422 1
12 4647 1
12 3588 1
12 12018 1
12 17143 1
12 3321 1
12 14592 1
12 1067 1
12 19204 1
12 8454 1
12 4364 1
12 19956 1
12 6418 1
12 10516 1
12 15128 2
12 7451 2
12 16672 1
12 20260 1
12 2344 1
12 22571 1
12 18222 1
12 7471 1
12 12081 1
12 9013 2
12 12604 1
12 8512 1
12 16194 1
12 9034 1
12 20365 1
12 17235 1
12 14677 3
12 17750 1
12 13658 2
12 16220 1
12 6493 1
12 22368 1
12 16225 1
12 11605 1
12 13159 1
12 21308 1
12 9069 1
12 4978 1
12 12659 1
12 5493 1
12 12151 1
12 20856 1
12 11708 1
12 1917 1
12 7550 1
12 897 1
12 20357 1
12 906 1
12 16269 1
12 9617 1
12 16787 1
12 14743 1
12 17308 1
12 15266 1
12 18853 2
12 20905 1
12 22442 1
12 22443 1
12 12717 1
12 20404 1
12 18420 1
12 8636 3
12 5565 2
12 5567 4
12 15808 1
12 8641 4
12 4035 2
12 13388 1
12 20427 1
12 14284 1
12 17359 1
12 19408 1
12 19409 1
12 11732 1
12 18907 1
12 7644 1
12 7646 1
12 8160 1
12 19938 2
12 12265 1
12 7148 1
12 4589 1
12 1520 1
12 499 1
12 8692 1
12 16373 1
12 18936 1
12 16891 1
12 9726 1
12 17749 3
13 12288 1
13 13316 2
13 6669 1
13 22032 1
13 18962 1
13 13331 1
13 19478 1
13 22551 1
13 1048 1
13 9755 1
13 22557 1
13 4135 1
13 22568 1
13 22571 1
13 15921 1
13 11358 1
13 5355 1
13 17466 1
13 17467 1
13 12354 1
13 587 1
13 593 1
13 5207 1
13 15451 1
13 8797 1
13 11528 1
13 19042 1
13 19218 1
13 18030 1
13 19056 1
13 1140 1
13 1141 2
13 18042 1
13 2173 1
13 5764 1
13 1669 1
13 646 1
13 14985 1
13 1163 1
13 22158 1
13 21613 1
13 13462 1
13 14492 1
13 16543 1
13 18080 1
13 17062 2
13 8360 1
13 11945 1
13 7854 1
13 6685 1
13 3258 3
13 21696 1
13 1225 1
13 5838 1
13 10452 1
13 9435 1
13 11898 2
13 10975 1
13 13537 3
13 16610 1
13 19174 1
13 20519 1
13 16625 1
13 1266 1
13 17657 1
13 8443 1
13 14592 4
13 19718 1
13 19208 1
13 4364 1
13 17679 1
13 2834 1
13 7451 1
13 18209 1
13 20774 1
13 3369 1
13 7476 1
13 5433 2
13 12602 1
13 4413 1
13 838 1
13 839 2
13 9034 1
13 9035 1
13 20706 1
13 10062 1
13 20303 1
13 21330 1
13 11604 1
13 14677 2
13 17750 3
13 15705 1
13 15706 1
13 9053 1
13 2911 1
13 19814 1
13 22386 1
13 8929 1
13 8579 1
13 20357 1
13 19847 1
13 11657 1
13 13710 1
13 22418 1
13 11161 1
13 22442 2
13 18866 1
13 5565 3
13 5567 2
13 8641 7
13 21954 1
13 13252 1
13 13261 1
13 10191 1
13 3321 2
13 7644 1
13 8160 3
13 8161 1
13 19938 1
13 10408 1
13 11252 1
13 20471 1
13 16891 1
13 3070 1
13 21845 1
14 9729 1
14 13316 1
14 12294 1
14 1032 3
14 18604 1
14 20494 1
14 22032 1
14 18964 1
14 17941 4
14 19478 1
14 6685 1
14 548 1
14 4647 1
14 1576 5
14 1069 1
14 18483 1
14 1076 1
14 13877 1
14 18486 1
14 13880 1
14 17467 2
14 10814 1
14 8770 2
14 6732 1
14 13389 1
14 1617 1
14 13403 1
14 8797 2
14 15971 1
14 21605 1
14 22119 1
14 3943 1
14 18030 3
14 11887 1
14 19056 1
14 13937 2
14 1140 1
14 3702 1
14 632 1
14 4217 1
14 15994 1
14 22140 1
14 18046 1
14 13951 1
14 18561 1
14 2179 1
14 9351 1
14 10889 1
14 12441 1
14 16543 1
14 16545 2
14 16547 3
14 17062 1
14 19113 1
14 22188 2
14 16159 1
14 18108 1
14 20169 1
14 13514 2
14 8908 1
14 1744 1
14 10360 1
14 5845 1
14 20695 3
14 13019 1
14 11898 1
14 4831 1
14 7398 1
14 20203 1
14 17150 1
14 1280 1
14 770 1
14 19204 1
14 21767 1
14 19723 1
14 17679 1
14 7451 1
14 8988 2
14 18207 1
14 16672 1
14 17700 1
14 6791 1
14 18222 1
14 15664 1
14 5433 2
14 5435 1
14 20798 1
14 16195 1
14 22341 1
14 8518 1
14 13129 2
14 20298 1
14 9035 1
14 2899 1
14 10587 2
14 16220 1
14 16223 2
14 22368 1
14 14689 1
14 2407 1
14 13682 1
14 4414 1
14 12151 1
14 1411 1
14 19332 4
14 906 7
14 907 1
14 13710 4
14 21392 1
14 11679 1
14 15119 1
14 3496 1
14 20905 1
14 22442 1
14 1454 1
14 12852 1
14 18866 1
14 18867 1
14 1460 1
14 19382 1
14 20297 1
14 8636 1
14 13255 1
14 20427 1
14 16850 1
14 10709 1
14 12760 1
14 18393 1
14 474 1
14 475 1
14 7137 1
14 11748 1
14 16374 1
14 2040 1
14 9726 1
15 12288 2
15 9729 1
15 17412 1
15 11789 1
15 20498 2
15 15534 1
15 22551 1
15 13852 1
15 22557 3
15 8232 1
15 20524 1
15 11821 1
15 18990 1
15 11319 1
15 11832 1
15 11834 1
15 1084 1
15 14402 1
15 15994 1
15 14922 1
15 13388 1
15 8787 1
15 13398 1
15 602 1
15 5306 1
15 9831 1
15 15804 1
15 22119 1
15 21613 2
15 1140 2
15 1141 1
15 17015 1
15 14969 2
15 11898 1
15 5248 1
15 11905 1
15 18056 1
15 15498 1
15 19596 1
15 1680 1
15 7313 1
15 14703 2
15 3722 1
15 19113 1
15 1710 1
15 15028 1
15 15305 1
15 3258 2
15 8892 1
15 9918 2
15 16064 2
15 13514 2
15 16075 1
15 18215 1
15 5331 1
15 22232 2
15 9167 1
15 5341 1
15 4831 1
15 16608 1
15 740 1
15 8425 1
15 21739 1
15 12016 1
15 2289 1
15 17139 1
15 3060 2
15 14592 1
15 8965 1
15 4884 1
15 6702 1
15 7453 1
15 8479 1
15 7457 1
15 19238 1
15 7463 1
15 6957 1
15 14639 1
15 12081 1
15 7475 1
15 9013 1
15 8502 1
15 10975 1
15 13116 1
15 12093 1
15 20290 1
15 3395 1
15 14664 2
15 9033 1
15 20811 1
15 11600 1
15 17236 1
15 14677 1
15 21850 1
15 18270 1
15 4496 1
15 9069 3
15 5437 1
15 2416 2
15 17271 1
15 14216 1
15 14732 1
15 12354 1
15 7055 1
15 22416 1
15 11672 1
15 21912 1
15 2460 1
15 15266 1
15 20389 2
15 22442 5
15 7084 1
15 4413 2
15 1976 1
15 8180 1
15 8636 2
15 5567 1
15 22464 2
15 8641 3
15 14276 1
15 6732 1
15 17359 1
15 14800 1
15 19410 1
15 9172 1
15 7132 1
15 13789 1
15 9183 1
15 15845 1
15 20463 1
15 20468 1
15 6652 1
15 5630 1
16 13440 1
16 897 1
16 3331 1
16 12549 1
16 8193 1
16 18056 1
16 22188 1
16 18391 1
16 9358 1
16 9069 2
16 20882 1
16 15251 1
16 11672 1
16 3227 1
16 22557 1
16 14495 1
16 20384 1
16 12208 1
16 19238 1
16 18474 1
16 8236 1
16 1069 2
16 18990 1
16 18351 1
16 15818 1
16 3633 3
16 12852 1
16 22585 2
16 8636 1
16 8906 1
16 3134 1
16 21613 1
16 9027 1
16 12743 1
16 12746 1
16 1099 1
16 9038 2
16 9167 2
16 14677 1
16 11991 3
16 2522 1
16 1147 3
16 1140 1
16 15845 1
16 9702 1
16 9831 1
16 1280 1
16 15292 1
16 20203 1
16 13549 2
16 13167 1
16 3954 1
16 3060 1
16 12663 2
16 14969 1
16 21883 1
16 18045 1
17 2847 1
17 20075 1
17 3141 1
17 11101 1
17 12081 1
17 12265 1
17 16106 1
17 13399 1
17 13677 1
17 18990 1
17 3375 1
17 17016 1
17 18905 1
17 15448 1
17 22489 1
17 11375 1
17 637 1
17 14301 1
17 9887 2
