1 13316 1
1 11275 1
1 22551 2
1 9241 1
1 15903 1
1 8743 1
1 3113 1
1 22571 1
1 12848 1
1 9269 1
1 19124 2
1 17466 1
1 14910 1
1 12870 1
1 18505 1
1 11851 1
1 13388 1
1 592 1
1 21586 1
1 11449 1
1 5210 2
1 18528 2
1 9831 1
1 1895 2
1 18540 1
1 11887 1
1 14448 2
1 20593 1
1 19060 1
1 14969 1
1 13435 1
1 3197 1
1 646 2
1 17943 1
1 16012 1
1 7823 1
1 5264 1
1 6801 1
1 18571 1
1 19093 1
1 7319 1
1 6816 1
1 20648 1
1 11444 1
1 8376 1
1 1721 1
1 19642 1
1 7870 1
1 7880 1
1 8906 1
1 5840 1
1 9945 2
1 18140 2
1 8927 1
1 18128 1
1 18215 1
1 18162 2
1 1280 1
1 19715 1
1 4364 2
1 17678 1
1 7952 1
1 18200 1
1 1818 2
1 7451 1
1 8988 2
1 20255 1
1 7457 1
1 20774 1
1 7463 1
1 20269 1
1 5934 1
1 21295 1
1 3395 1
1 14148 1
1 15585 1
1 17229 1
1 20303 1
1 12625 1
1 19285 1
1 16223 1
1 16226 1
1 22374 1
1 13159 1
1 21353 1
1 18282 1
1 12656 1
1 10612 1
1 19323 1
1 897 1
1 18818 1
1 14059 1
1 4492 1
1 4497 1
1 20291 1
1 10644 1
1 17818 1
1 14235 1
1 12190 1
1 7584 1
1 13723 1
1 5029 1
1 1959 1
1 22442 1
1 2990 1
1 7089 1
1 13244 2
1 20384 2
1 11714 2
1 587 1
1 12746 3
1 9167 4
1 7124 1
1 8156 1
1 8166 1
1 999 1
1 6652 2
1 22510 1
1 20468 1
1 4604 1
2 11777 2
2 598 1
2 7690 1
2 14082 1
2 12815 1
2 22032 2
2 4115 1
2 12822 1
2 20357 1
2 11524 1
2 9755 1
2 22557 1
2 11807 1
2 18976 1
2 18267 2
2 548 1
2 18983 1
2 15400 1
2 22571 1
2 20013 1
2 14895 1
2 9777 1
2 1074 1
2 7219 1
2 17973 1
2 21257 1
2 22587 1
2 12861 1
2 5182 1
2 13887 2
2 582 1
2 15945 1
2 12471 1
2 13388 1
2 590 1
2 531 1
2 21586 1
2 13398 1
2 13912 1
2 18522 1
2 2063 1
2 4703 1
2 15971 1
2 19048 1
2 20076 1
2 21613 2
2 21102 1
2 9033 2
2 14448 1
2 6770 1
2 4723 1
2 6773 1
2 15991 1
2 15994 1
2 20159 1
2 5246 2
2 13440 1
2 3520 1
2 6786 2
2 18052 1
2 20502 1
2 6790 1
2 12423 1
2 364 2
2 13452 2
2 16017 1
2 5779 1
2 21652 1
2 7319 1
2 15514 1
2 8815 1
2 21104 1
2 15014 1
2 10920 1
2 20252 1
2 20851 3
2 22196 1
2 2229 1
2 16055 2
2 21689 1
2 18975 1
2 9404 1
2 20256 1
2 16062 2
2 11967 1
2 20000 1
2 6338 1
2 13514 1
2 12151 1
2 14033 1
2 11479 1
2 22232 1
2 19163 1
2 18140 1
2 4831 1
2 15585 1
2 9442 1
2 8421 1
2 19716 1
2 20177 2
2 14716 1
2 20203 1
2 748 1
2 751 1
2 2289 1
2 12018 1
2 16169 1
2 3321 1
2 19839 1
2 18686 1
2 5248 1
2 15618 1
2 4868 1
2 18181 1
2 17159 1
2 19721 1
2 12046 1
2 4881 2
2 2322 1
2 15638 1
2 5399 1
2 20762 1
2 20763 1
2 15644 1
2 8989 1
2 22303 1
2 17696 2
2 7463 1
2 12585 1
2 8490 2
2 7471 3
2 8499 1
2 4869 1
2 20277 1
2 10552 1
2 13113 1
2 7994 1
2 6977 2
2 20290 1
2 20384 1
2 11590 1
2 17225 1
2 7500 2
2 9038 1
2 20303 1
2 11600 1
2 18769 1
2 8018 1
2 1875 1
2 19285 1
2 8079 1
2 8549 1
2 8038 1
2 13161 1
2 5995 1
2 15724 1
2 19310 2
2 22386 1
2 16243 1
2 8566 2
2 2537 1
2 3960 1
2 2196 4
2 3962 1
2 16252 1
2 3455 1
2 8579 1
2 9605 1
2 21383 1
2 22252 2
2 5005 1
2 5518 1
2 493 1
2 19347 1
2 17818 1
2 11166 1
2 17823 1
2 7584 2
2 7992 1
2 13979 1
2 22442 2
2 2990 1
2 7088 1
2 7095 1
2 8556 2
2 9146 1
2 13244 1
2 10173 1
2 22463 1
2 22464 2
2 8641 1
2 1099 1
2 14788 1
2 9157 1
2 7110 1
2 12743 2
2 12746 10
2 7630 1
2 9167 6
2 19408 1
2 16850 1
2 9171 1
2 20953 1
2 18908 1
2 8669 1
2 19426 1
2 20219 1
2 15845 1
2 12625 1
2 2025 6
2 15850 1
2 11245 1
2 497 1
2 20307 1
2 8180 1
2 9208 1
2 6652 1
2 17834 1
2 6655 1
3 12288 1
3 5888 1
3 8198 2
3 21523 2
3 4116 1
3 8878 3
3 17943 2
3 2416 1
3 17435 1
3 18975 1
3 1568 2
3 18977 1
3 20002 2
3 548 2
3 16902 1
3 18983 1
3 1576 1
3 15404 1
3 12848 1
3 9777 1
3 8753 1
3 1076 1
3 6736 1
3 3130 3
3 5695 1
3 22082 1
3 10823 1
3 22601 1
3 1099 1
3 13388 1
3 592 1
3 21586 2
3 20570 1
3 3258 1
3 4190 1
3 15971 2
3 12390 1
3 18534 1
3 13932 1
3 21613 2
3 6256 1
3 626 1
3 21107 1
3 12916 3
3 1141 1
3 6775 1
3 1658 1
3 5246 2
3 5248 1
3 22464 1
3 1668 1
3 13249 1
3 4744 1
3 20503 1
3 13453 1
3 8301 1
3 18200 1
3 7314 2
3 8387 1
3 2196 1
3 21653 1
3 18080 1
3 14448 1
3 10920 1
3 5818 1
3 22188 1
3 7854 1
3 4723 1
3 9398 1
3 16058 1
3 4639 1
3 15548 1
3 19402 1
3 20000 1
3 6851 1
3 7877 1
3 6345 1
3 13514 3
3 3788 1
3 11471 1
3 14033 2
3 1747 1
3 22229 1
3 12503 1
3 22232 1
3 1242 1
3 19163 1
3 10972 1
3 20704 1
3 21733 1
3 14545 1
3 12520 1
3 11815 1
3 22252 2
3 14574 1
3 19582 1
3 20727 1
3 12026 1
3 17659 1
3 16124 1
3 5885 1
3 19712 1
3 19716 2
3 18181 1
3 17670 1
3 3201 1
3 18191 1
3 16150 1
3 17688 1
3 20762 1
3 19740 1
3 20254 1
3 22303 1
3 7968 1
3 6875 1
3 6436 1
3 7217 1
3 1834 1
3 7471 5
3 12593 1
3 7475 2
3 20280 1
3 12852 1
3 11578 1
3 10555 1
3 21311 1
3 22344 1
3 17225 1
3 21836 1
3 9038 1
3 2387 1
3 14677 1
3 14680 1
3 2394 1
3 18267 1
3 8250 1
3 22499 1
3 9569 1
3 19814 1
3 13159 2
3 19816 1
3 20329 2
3 5994 1
3 19310 1
3 11632 2
3 22385 2
3 10098 1
3 4868 2
3 15128 1
3 20854 1
3 11641 1
3 12162 1
3 20203 1
3 12354 2
3 22418 2
3 19347 1
3 1428 1
3 17818 3
3 22442 1
3 15276 2
3 4019 1
3 21948 1
3 19901 1
3 6080 1
3 18369 1
3 588 1
3 12746 6
3 1484 1
3 9167 3
3 8144 1
3 11218 1
3 20435 1
3 12246 1
3 21470 1
3 22384 1
3 7138 1
3 19427 1
3 999 1
3 15850 1
3 10834 1
3 10749 2
3 497 1
3 13516 1
3 13821 1
3 8702 1
4 12288 2
4 11008 1
4 19971 1
4 6660 1
4 18952 1
4 9232 1
4 4118 1
4 6687 1
4 18976 1
4 20002 1
4 548 1
4 6695 1
4 7217 1
4 11827 1
4 12852 1
4 6713 1
4 3134 1
4 22368 1
4 10818 1
4 15994 1
4 14993 1
4 11851 1
4 6732 1
4 12878 1
4 592 3
4 21586 7
4 13398 1
4 602 1
4 9425 1
4 1120 1
4 22032 1
4 15971 1
4 21605 1
4 18022 1
4 9831 1
4 8892 1
4 22119 1
4 21613 3
4 11887 1
4 19060 1
4 3702 1
4 19578 1
4 13435 1
4 19580 1
4 18046 2
4 5248 1
4 18056 1
4 9837 1
4 17041 1
4 5267 1
4 15514 1
4 16030 1
4 672 1
4 673 1
4 8988 2
4 22188 1
4 13490 1
4 4277 1
4 16055 2
4 18975 1
4 18108 1
4 14016 2
4 2243 1
4 15047 1
4 3785 1
4 13516 3
4 11471 2
4 14033 1
4 16800 2
4 15574 3
4 20695 1
4 4824 1
4 7897 1
4 9423 1
4 6876 1
4 4218 1
4 4831 1
4 15584 1
4 2309 1
4 4837 1
4 8913 1
4 14716 1
4 14574 1
4 13040 1
4 14803 1
4 13182 1
4 17659 1
4 18174 1
4 14592 5
4 1664 1
4 18180 1
4 18181 1
4 7432 1
4 17160 1
4 7952 3
4 17681 1
4 6934 1
4 18200 1
4 20762 1
4 19740 1
4 797 2
4 11995 1
4 17188 1
4 12076 1
4 7471 2
4 10545 1
4 1844 1
4 12602 1
4 3900 1
4 20285 1
4 8511 1
4 6464 2
4 20290 1
4 13124 1
4 9033 1
4 8013 1
4 11600 1
4 12625 2
4 5459 1
4 14677 1
4 11792 1
4 855 1
4 14680 1
4 8421 1
4 6496 1
4 3943 2
4 10096 1
4 20851 2
4 11637 1
4 21878 1
4 15735 1
4 16248 2
4 12153 1
4 8570 1
4 16252 1
4 8062 2
4 3392 1
4 16775 1
4 17290 1
4 12691 1
4 16276 1
4 21912 1
4 12189 1
4 14751 1
4 6048 1
4 21413 1
4 22442 2
4 2990 2
4 7584 1
4 19383 1
4 13755 1
4 4540 1
4 12734 1
4 22464 2
4 18080 2
4 17859 1
4 13255 1
4 12746 1
4 11723 1
4 460 1
4 9167 1
4 2003 1
4 16462 1
4 18904 1
4 10205 1
4 6622 1
4 487 1
4 21993 2
4 12779 1
4 8685 2
4 11250 1
4 9555 1
5 12288 1
5 3328 1
5 683 2
5 16901 1
5 8193 1
5 10763 1
5 7180 1
5 22032 5
5 11281 1
5 2578 2
5 4115 1
5 11524 1
5 18460 1
5 19290 1
5 15903 2
5 1568 2
5 8737 1
5 2594 1
5 1571 2
5 4647 2
5 15119 1
5 18483 1
5 13880 1
5 13881 1
5 3130 1
5 22433 1
5 14016 1
5 573 1
5 20030 1
5 12354 3
5 20547 2
5 8317 1
5 18364 1
5 9293 1
5 18055 1
5 592 1
5 15953 1
5 21586 1
5 10851 1
5 22100 1
5 20570 1
5 1627 1
5 13404 1
5 18528 3
5 10096 1
5 8803 2
5 6245 1
5 12390 1
5 19473 1
5 8892 1
5 2407 1
5 21613 1
5 21103 1
5 20593 1
5 6770 1
5 21108 1
5 4725 1
5 6263 1
5 17017 1
5 15994 5
5 21627 2
5 15706 1
5 5994 1
5 19904 1
5 17162 1
5 13445 1
5 7584 1
5 17292 1
5 13453 2
5 14993 1
5 22167 2
5 15512 1
5 13978 1
5 11832 1
5 11632 4
5 9380 1
5 13937 1
5 10922 1
5 4267 1
5 14469 1
5 9901 1
5 12471 1
5 21535 1
5 15548 2
5 16062 1
5 2239 1
5 21263 1
5 20000 1
5 18114 1
5 8387 1
5 8389 1
5 14024 1
5 13514 1
5 22119 1
5 8401 1
5 14969 1
5 12505 1
5 4831 1
5 7392 1
5 15585 1
5 7397 1
5 19716 2
5 5867 1
5 22252 1
5 17133 1
5 6383 1
5 22258 1
5 9459 2
5 22262 2
5 15096 1
5 4347 1
5 7934 1
5 19712 1
5 14081 1
5 19715 1
5 4868 4
5 17671 1
5 20234 2
5 18187 1
5 18191 1
5 2834 1
5 22295 1
5 18200 2
5 7451 1
5 19740 1
5 19769 1
5 5765 1
5 7968 1
5 19238 2
5 12585 1
5 19243 1
5 12589 3
5 7982 2
5 7471 4
5 5936 1
5 10545 1
5 12084 1
5 10206 1
5 14135 1
5 10552 3
5 13113 1
5 12602 1
5 10555 1
5 17212 1
5 14142 1
5 12095 1
5 15584 1
5 11590 2
5 9033 2
5 6986 1
5 17207 1
5 6989 2
5 4942 1
5 20303 1
5 12625 2
5 13650 1
5 11603 1
5 11604 2
5 16215 1
5 857 3
5 8026 1
5 8195 1
5 4326 1
5 16785 1
5 5993 3
5 8042 1
5 15723 1
5 9069 4
5 15216 2
5 16242 1
5 21364 1
5 6718 1
5 19247 1
5 11641 1
5 11708 1
5 16252 1
5 11646 1
5 18837 1
5 17290 2
5 3468 1
5 13243 1
5 5869 1
5 18832 1
5 15000 1
5 9106 1
5 16788 1
5 917 1
5 12694 1
5 14743 1
5 6554 1
5 1947 1
5 12188 1
5 17818 1
5 14751 1
5 20384 1
5 7089 1
5 14235 1
5 11684 1
5 22437 1
5 18343 1
5 22442 1
5 2990 2
5 2991 1
5 7088 1
5 433 1
5 4019 1
5 7095 1
5 3339 1
5 18363 2
5 8636 1
5 22464 1
5 19905 1
5 11718 1
5 13255 2
5 12746 5
5 5623 1
5 9733 1
5 1485 1
5 14592 1
5 9167 2
5 8144 1
5 7635 1
5 1766 1
5 10709 2
5 18393 1
5 17231 1
5 988 1
5 22418 1
5 1141 1
5 18593 1
5 8161 1
5 19939 2
5 21479 1
5 2025 1
5 21330 1
5 15855 1
5 497 1
5 20468 1
5 20281 1
5 16055 1
5 12279 1
5 5625 2
5 16890 1
5 14331 1
5 8188 1
6 8192 1
6 8193 1
6 19460 1
6 1542 3
6 22024 1
6 12716 1
6 9227 1
6 16981 1
6 12816 2
6 12888 4
6 2578 1
6 16409 3
6 22557 2
6 5150 1
6 21535 1
6 14680 1
6 5154 1
6 20998 2
6 4647 1
6 11817 1
6 22571 2
6 20012 1
6 20014 1
6 18991 1
6 21552 1
6 1074 1
6 12852 1
6 11832 1
6 4276 1
6 7741 1
6 20547 1
6 18358 1
6 22086 1
6 9121 1
6 15432 1
6 585 4
6 587 1
6 16462 1
6 8274 1
6 19555 1
6 22100 1
6 18005 2
6 7256 1
6 8425 1
6 9425 1
6 22032 2
6 7867 1
6 16998 1
6 22119 3
6 9831 1
6 9836 1
6 4719 1
6 21104 1
6 6770 1
6 14751 1
6 10871 1
6 3705 1
6 5246 1
6 16511 2
6 13440 1
6 5252 1
6 13445 1
6 14473 1
6 5772 1
6 9069 2
6 14993 2
6 5267 1
6 6806 1
6 4417 1
6 10097 1
6 13979 1
6 158 1
6 159 1
6 160 1
6 14960 1
6 11939 1
6 13316 5
6 5285 1
6 13681 1
6 5801 1
6 858 1
6 12461 1
6 19120 1
6 19634 1
6 15540 1
6 15541 1
6 22198 1
6 12471 3
6 11960 3
6 7866 1
6 22203 1
6 19133 1
6 17602 1
6 2243 1
6 7877 2
6 11975 1
6 18540 1
6 20169 1
6 13514 1
6 5838 1
6 1743 1
6 4304 1
6 15057 1
6 1747 1
6 14969 2
6 9945 2
6 17630 1
6 4831 1
6 7392 1
6 15585 1
6 5859 1
6 7396 1
6 10449 1
6 5864 1
6 10985 3
6 5867 1
6 17424 2
6 1266 1
6 22262 1
6 12505 1
6 16249 1
6 18174 1
6 17151 1
6 14081 1
6 2306 1
6 19716 1
6 18181 1
6 6017 1
6 18185 1
6 20234 1
6 11479 1
6 4364 2
6 18200 1
6 12589 2
6 4868 2
6 22295 1
6 17688 1
6 8474 1
6 10024 1
6 16682 1
6 2348 1
6 20269 1
6 21295 1
6 10545 1
6 1844 2
6 12510 1
6 19849 1
6 10552 1
6 1076 1
6 12602 1
6 10555 1
6 20285 1
6 1342 1
6 831 1
6 6464 1
6 20289 1
6 20292 1
6 13129 3
6 4430 1
6 909 1
6 7504 1
6 18769 1
6 22414 1
6 16215 1
6 6541 1
6 6489 1
6 2394 2
6 16219 1
6 13663 1
6 2944 1
6 8035 1
6 3943 1
6 5993 2
6 19175 1
6 364 1
6 17810 1
6 21821 1
6 15216 3
6 14193 1
6 19826 1
6 13459 1
6 19828 1
6 14709 1
6 12151 2
6 18808 1
6 18297 1
6 5498 1
6 9600 1
6 14721 1
6 12779 1
6 9606 1
6 14727 1
6 15752 1
6 13193 2
6 17292 1
6 20877 1
6 17806 2
6 18832 1
6 20882 1
6 916 1
6 14743 1
6 11672 4
6 18841 1
6 17818 1
6 1947 1
6 12190 1
6 8607 1
6 22433 1
6 14235 1
6 11684 2
6 18343 1
6 22442 1
6 15276 1
6 4013 1
6 2990 3
6 12153 1
6 432 1
6 7601 1
6 17846 2
6 7241 1
6 19956 1
6 1466 1
6 18363 1
6 22463 1
6 8950 1
6 13255 2
6 15817 1
6 12746 1
6 12279 1
6 9165 1
6 9167 2
6 13778 1
6 2003 1
6 16340 1
6 17230 1
6 8151 1
6 20442 1
6 20303 1
6 10206 2
6 18911 2
6 5089 1
6 11916 1
6 19939 2
6 12625 1
6 8683 1
6 7660 1
6 10096 1
6 7153 1
6 14324 1
6 501 1
6 16374 1
6 5623 1
6 4090 1
6 4092 1
6 16893 1
6 14677 2
7 12288 3
7 4267 2
7 13316 3
7 7686 1
7 7687 1
7 4617 3
7 12815 1
7 22032 10
7 13841 1
7 19715 1
7 19478 1
7 22551 2
7 4868 1
7 18460 1
7 22557 1
7 518 1
7 19494 1
7 11815 1
7 7209 1
7 519 1
7 20012 1
7 1069 1
7 20014 2
7 16431 1
7 9777 1
7 16435 1
7 21557 1
7 521 1
7 12345 1
7 653 1
7 12354 1
7 7237 1
7 5867 2
7 4364 2
7 13388 1
7 12878 1
7 18005 3
7 18521 1
7 8797 1
7 5563 1
7 21605 1
7 13418 1
7 21613 2
7 11887 1
7 21104 1
7 625 1
7 15986 1
7 17012 1
7 632 1
7 3711 3
7 19585 1
7 21124 1
7 13445 2
7 3095 1
7 13453 1
7 1167 1
7 6801 1
7 18571 3
7 4247 1
7 6511 1
7 14492 1
7 669 1
7 158 1
7 16543 1
7 160 1
7 14448 1
7 7217 1
7 20651 1
7 5301 1
7 13428 2
7 10939 1
7 6847 1
7 10436 1
7 6341 1
7 20686 3
7 5841 1
7 4306 1
7 4310 1
7 14993 2
7 10972 1
7 10975 1
7 7392 1
7 14053 1
7 7911 1
7 17943 1
7 8425 2
7 5355 1
7 14575 1
7 1833 1
7 12026 1
7 4347 1
7 15102 1
7 588 1
7 16131 1
7 19716 1
7 17671 1
7 7432 1
7 15404 1
7 12044 1
7 12046 1
7 15119 3
7 8579 2
7 4884 2
7 16430 1
7 11038 1
7 14725 2
7 15648 2
7 17185 1
7 1919 1
7 19238 1
7 10545 2
7 13532 1
7 21292 1
7 15661 2
7 15662 1
7 16175 2
7 16177 1
7 2873 1
7 20794 1
7 6459 1
7 831 1
7 13963 2
7 1591 1
7 5005 1
7 4944 1
7 4433 1
7 15698 1
7 5459 2
7 18267 1
7 7397 1
7 2914 1
7 6695 1
7 3943 1
7 13161 2
7 3434 1
7 9069 2
7 17262 1
7 9583 2
7 10096 2
7 10097 1
7 7542 1
7 16248 1
7 8569 1
7 19839 1
7 12163 1
7 901 1
7 3201 1
7 2443 1
7 2445 5
7 6545 1
7 20882 1
7 15763 1
7 916 1
7 18841 1
7 7066 1
7 11760 1
7 9122 1
7 12625 1
7 10499 1
7 22442 1
7 4013 1
7 2990 3
7 5554 1
7 500 1
7 159 2
7 16831 1
7 22464 4
7 16544 1
7 17348 1
7 13255 1
7 6732 1
7 463 1
7 22571 1
7 13778 1
7 2003 1
7 7637 1
7 20303 1
7 19938 1
7 4903 1
7 8679 1
7 7660 1
7 13821 1
7 15856 1
7 14324 2
7 4600 1
7 4602 1
7 8188 1
7 15869 2
8 12288 1
8 13316 1
8 4694 1
8 16902 1
8 15376 1
8 19480 1
8 4868 1
8 4127 1
8 20002 1
8 18182 1
8 20520 1
8 8749 1
8 1074 1
8 4663 1
8 13389 1
8 20560 1
8 21586 2
8 6741 1
8 17494 2
8 3161 1
8 8797 1
8 22032 1
8 8804 1
8 12390 1
8 18540 1
8 21613 1
8 4723 1
8 12916 1
8 4217 1
8 18042 1
8 3197 1
8 10097 1
8 3201 1
8 14469 1
8 7303 1
8 14985 1
8 13451 1
8 13453 1
8 14478 1
8 14482 1
8 2245 1
8 13681 1
8 17576 1
8 20649 1
8 11434 1
8 683 2
8 21168 1
8 16049 3
8 15540 1
8 16054 1
8 15903 3
8 3260 1
8 1732 1
8 7877 1
8 20686 1
8 719 1
8 4304 1
8 15574 2
8 10972 1
8 12510 1
8 3621 1
8 7396 1
8 4837 1
8 745 1
8 5867 1
8 16121 3
8 12026 1
8 16124 1
8 15616 1
8 14082 2
8 19716 1
8 15621 1
8 19718 1
8 15119 1
8 17170 1
8 16661 1
8 8988 1
8 13445 4
8 7968 1
8 18209 1
8 20773 1
8 16175 1
8 18224 1
8 13449 1
8 10552 1
8 4831 1
8 1342 1
8 6982 1
8 12624 2
8 11605 1
8 15190 1
8 2394 2
8 12816 1
8 3936 1
8 22369 2
8 5996 1
8 9069 1
8 15216 1
8 2417 1
8 10098 1
8 20851 1
8 20286 1
8 7542 2
8 12151 1
8 6017 1
8 11590 2
8 8620 1
8 18357 1
8 18358 2
8 22464 2
8 11718 1
8 8655 1
8 9170 1
8 13779 1
8 19421 3
8 19938 1
8 19939 1
8 10219 1
8 11760 1
8 10225 7
8 7670 1
8 4090 1
8 8188 1
8 4606 1
9 12288 1
9 4610 1
9 4267 1
9 19460 1
9 22032 1
9 4115 1
9 4116 1
9 7704 1
9 10265 1
9 15903 3
9 7718 1
9 4647 4
9 11817 1
9 8749 1
9 13359 1
9 7520 1
9 1081 1
9 1089 1
9 11334 1
9 15432 2
9 19019 1
9 15436 1
9 21586 2
9 21262 1
9 17494 3
9 13912 1
9 18521 1
9 603 1
9 17424 1
9 1979 1
9 9831 1
9 15548 3
9 12394 1
9 18540 1
9 21613 1
9 21103 2
9 21617 1
9 6770 1
9 6771 1
9 3702 2
9 18793 2
9 4884 1
9 11898 1
9 13950 1
9 4885 1
9 19588 1
9 13445 2
9 4238 1
9 14991 1
9 14993 1
9 19907 1
9 7829 1
9 7319 1
9 6809 1
9 13269 1
9 161 1
9 4774 1
9 13937 2
9 683 2
9 7854 2
9 16049 2
9 19124 1
9 16055 1
9 11960 1
9 6844 1
9 815 1
9 2243 1
9 718 1
9 17621 1
9 20695 1
9 7897 1
9 10972 1
9 7902 1
9 4831 1
9 7396 1
9 15593 1
9 12010 1
9 11815 1
9 10996 1
9 16121 2
9 16124 3
9 19157 1
9 14592 1
9 1281 1
9 2309 2
9 20234 2
9 18187 1
9 3342 1
9 21263 1
9 2836 1
9 18222 1
9 5337 1
9 18200 1
9 7451 1
9 20254 1
9 13090 1
9 7973 1
9 16680 1
9 5934 1
9 7471 1
9 8503 3
9 12602 1
9 4414 1
9 831 1
9 16705 2
9 3553 1
9 9033 2
9 5454 1
9 12625 1
9 21330 1
9 8532 1
9 18267 1
9 1375 1
9 22368 1
9 3937 1
9 3943 1
9 13161 1
9 8043 2
9 9069 2
9 15216 1
9 7537 1
9 6003 1
9 14709 1
9 489 1
9 12665 1
9 16252 1
9 1917 1
9 1918 1
9 14725 2
9 20877 1
9 16787 2
9 17818 1
9 7582 1
9 14751 2
9 20384 1
9 17313 1
9 9122 1
9 1454 1
9 16816 1
9 22088 1
9 15800 1
9 17823 1
9 22464 3
9 11851 1
9 21446 1
9 13985 1
9 14290 2
9 14291 1
9 10709 1
9 15609 1
9 20957 2
9 19247 1
9 19938 1
9 4433 1
9 2025 1
9 5489 1
9 11760 2
9 1526 1
9 4090 2
9 6652 1
10 12288 1
10 13316 1
10 13398 1
10 20999 1
10 13834 1
10 22032 1
10 904 1
10 4115 1
10 17943 1
10 6148 1
10 4635 1
10 1564 1
10 9758 1
10 15903 1
10 4647 1
10 3113 1
10 1031 1
10 12333 1
10 8753 1
10 1076 1
10 11832 1
10 13881 1
10 19516 1
10 4960 1
10 15994 1
10 11334 1
10 14407 1
10 15432 1
10 21586 3
10 15971 4
10 7764 1
10 17494 2
10 13912 2
10 14427 1
10 8749 1
10 4192 1
10 22113 1
10 10851 1
10 9831 2
10 19132 1
10 21613 1
10 18030 1
10 8815 1
10 5232 1
10 13937 1
10 20596 1
10 20598 1
10 17016 1
10 4218 2
10 2171 1
10 11392 1
10 18051 1
10 18052 1
10 13445 4
10 6790 1
10 14473 1
10 12426 1
10 4238 2
10 13933 1
10 4240 1
10 13459 1
10 6804 1
10 19093 1
10 14448 1
10 10398 1
10 9072 3
10 10011 3
10 22181 1
10 20649 1
10 6314 1
10 4267 2
10 19124 1
10 6687 1
10 6844 1
10 11821 1
10 14016 1
10 11969 1
10 13516 1
10 4303 1
10 19157 1
10 15574 1
10 1751 2
10 10972 2
10 18042 1
10 4831 1
10 14800 1
10 16272 2
10 4837 1
10 8422 1
10 12007 1
10 5864 1
10 8425 1
10 5867 1
10 22252 1
10 7920 1
10 9970 1
10 16121 1
10 16124 2
10 14592 3
10 5760 1
10 4868 4
10 4871 1
10 18185 2
10 20234 1
10 20695 1
10 4364 2
10 15119 2
10 7952 1
10 11027 2
10 5764 2
10 7471 1
10 8988 1
10 19741 1
10 20256 1
10 18210 2
10 11555 1
10 17188 1
10 14123 1
10 12076 1
10 1837 1
10 815 1
10 16177 1
10 4405 1
10 1336 1
10 17211 1
10 20285 1
10 3393 1
10 22341 1
10 11590 1
10 9033 1
10 11600 1
10 12625 2
10 15698 1
10 2348 1
10 9047 1
10 4440 1
10 18267 1
10 1256 1
10 16224 1
10 22369 2
10 11963 1
10 8040 1
10 13031 1
10 21356 1
10 9069 1
10 6511 1
10 15216 2
10 13681 1
10 8566 1
10 12663 1
10 16252 2
10 1408 1
10 12779 1
10 14725 1
10 6977 2
10 9608 1
10 17290 1
10 18081 1
10 10128 1
10 16787 2
10 18837 1
10 11672 1
10 409 1
10 20384 2
10 18529 1
10 22442 1
10 2990 1
10 15791 1
10 16304 1
10 12360 1
10 4019 1
10 3519 1
10 22464 1
10 11714 1
10 13255 1
10 12746 1
10 14283 1
10 15820 1
10 9167 1
10 464 3
10 15313 1
10 14290 1
10 3321 2
10 9691 1
10 10205 1
10 15013 1
10 19424 1
10 9697 1
10 19938 1
10 999 1
10 21995 1
10 3058 1
10 681 1
10 2552 1
10 13819 1
10 6652 2
11 13316 1
11 16901 1
11 7691 1
11 22032 1
11 18179 1
11 3758 1
11 20502 2
11 17943 2
11 18460 3
11 12317 1
11 20002 1
11 11815 2
11 12852 1
11 12342 1
11 22368 1
11 12354 1
11 13891 1
11 1609 1
11 13388 1
11 6464 1
11 21586 2
11 22100 1
11 14427 1
11 15971 1
11 9831 4
11 15976 1
11 18540 1
11 626 1
11 21107 1
11 1140 1
11 21627 1
11 7601 1
11 20094 1
11 5764 1
11 13445 1
11 6791 1
11 5264 1
11 21652 1
11 12604 1
11 20632 1
11 14492 1
11 9072 2
11 22179 1
11 17062 1
11 21618 1
11 15534 1
11 19124 1
11 7355 1
11 15548 1
11 14016 2
11 22209 1
11 4290 1
11 1743 1
11 9425 2
11 11479 1
11 13528 2
11 13532 1
11 8927 1
11 7905 1
11 10978 1
11 1763 1
11 4837 1
11 2001 1
11 4647 1
11 4844 1
11 4846 1
11 13950 1
11 15094 1
11 11511 1
11 8660 1
11 2812 1
11 1280 1
11 770 1
11 4867 1
11 4868 1
11 19718 1
11 18185 1
11 1751 1
11 4364 1
11 15119 1
11 11026 1
11 10011 1
11 8988 1
11 797 1
11 17183 1
11 18210 1
11 1834 1
11 5936 1
11 21305 1
11 22332 1
11 20285 2
11 20798 1
11 9536 1
11 9033 1
11 17229 1
11 11600 1
11 12625 5
11 6489 1
11 2394 1
11 18267 8
11 10292 1
11 8544 1
11 13161 1
11 22333 1
11 15216 4
11 7537 1
11 19347 1
11 14713 1
11 5498 1
11 14717 1
11 7041 2
11 3307 2
11 4486 2
11 17290 1
11 5517 1
11 7055 1
11 16272 1
11 20547 1
11 405 1
11 409 1
11 22426 1
11 1947 2
11 8607 1
11 12202 1
11 7089 1
11 8641 1
11 4019 1
11 19900 1
11 19390 1
11 9152 1
11 4033 1
11 9167 1
11 3025 2
11 3027 3
11 7124 1
11 592 1
11 19939 1
11 8683 1
11 5623 2
11 16891 1
11 6652 1
