1 9729 1
1 5635 1
1 8193 1
1 6153 1
1 9047 1
1 22030 1
1 9232 1
1 11182 1
1 13334 1
1 17943 1
1 5150 1
1 16385 1
1 6694 1
1 22571 1
1 3629 1
1 6702 1
1 12341 1
1 11832 1
1 16691 1
1 9791 1
1 1600 1
1 1092 1
1 7237 1
1 19886 1
1 15432 1
1 13388 1
1 15442 1
1 13398 1
1 7743 1
1 22032 1
1 3171 1
1 4709 1
1 7785 1
1 21613 1
1 11887 2
1 14448 1
1 3260 1
1 17016 1
1 17020 1
1 15486 1
1 13440 1
1 7300 1
1 22209 2
1 22551 1
1 5268 1
1 1174 1
1 20119 1
1 2714 1
1 9887 1
1 3233 1
1 14500 1
1 4263 2
1 14509 2
1 18108 1
1 19133 1
1 9918 2
1 11969 1
1 14024 1
1 9423 1
1 16592 1
1 10963 1
1 18645 1
1 12503 1
1 10972 1
1 7392 1
1 20206 1
1 19582 1
1 9975 1
1 15609 1
1 17659 1
1 14592 2
1 21632 1
1 4868 2
1 7432 1
1 20234 1
1 10515 2
1 15128 1
1 7456 1
1 7457 1
1 11044 1
1 1152 1
1 21292 1
1 18736 1
1 17203 1
1 19764 1
1 21813 1
1 17718 1
1 1844 1
1 6464 2
1 3398 1
1 9038 1
1 15185 1
1 21332 1
1 14677 1
1 18263 1
1 22369 1
1 15714 1
1 11632 1
1 13174 1
1 9080 1
1 14399 1
1 8065 1
1 7062 1
1 16775 1
1 19849 1
1 17290 1
1 8079 1
1 3473 1
1 9621 1
1 406 1
1 11672 1
1 17983 1
1 5019 1
1 9637 1
1 17318 1
1 22442 1
1 2990 1
1 432 1
1 11192 1
1 5760 1
1 11708 1
1 15808 2
1 15819 1
1 9169 1
1 15317 1
1 16855 1
1 17373 1
1 3041 1
1 12775 1
1 8683 1
1 21586 1
1 15857 1
1 3572 1
1 14327 1
1 14846 1
2 2063 1
2 12317 1
2 16416 1
2 16417 2
2 4132 1
2 8236 1
2 10290 1
2 12341 1
2 12354 3
2 1980 1
2 8892 1
2 14448 3
2 20595 1
2 6265 1
2 4218 1
2 6269 1
2 4225 1
2 14469 1
2 12429 1
2 6288 1
2 6291 1
2 14501 1
2 10410 1
2 14509 1
2 4276 2
2 12471 3
2 6331 1
2 4284 1
2 6338 1
2 2243 1
2 14543 1
2 10452 1
2 12501 3
2 12503 1
2 4322 1
2 8421 1
2 4326 1
2 4330 1
2 6386 1
2 10495 1
2 14592 1
2 8449 8
2 16649 2
2 2873 1
2 2322 1
2 16661 1
2 16662 1
2 2327 1
2 14618 1
2 4385 1
2 10531 1
2 6441 3
2 10975 1
2 8508 1
2 6461 1
2 16706 1
2 12625 3
2 18773 1
2 4438 1
2 4440 1
2 1764 1
2 2394 1
2 9832 1
2 4581 1
2 12663 2
2 379 1
2 12673 1
2 14725 2
2 16775 1
2 395 1
2 20882 1
2 4501 1
2 14743 1
2 18841 1
2 414 1
2 8607 1
2 423 1
2 18862 1
2 18863 1
2 8636 4
2 8660 1
2 3493 1
2 12773 1
2 12778 1
2 4589 3
2 16882 1
2 503 1
2 505 1
2 6652 1
2 4608 3
2 22273 1
2 4623 1
2 2578 1
2 16915 1
2 6687 1
2 4647 1
2 6702 1
2 12852 1
2 4670 1
2 579 1
2 16972 1
2 12878 1
2 592 1
2 17166 3
2 602 1
2 6927 1
2 8797 1
2 622 1
2 21949 1
2 21104 1
2 6770 1
2 4723 1
2 21268 1
2 6790 1
2 14993 1
2 14996 1
2 19096 1
2 669 1
2 19102 1
2 672 1
2 10928 1
2 2747 1
2 700 1
2 19133 8
2 703 1
2 19137 1
2 8898 1
2 718 1
2 719 1
2 10963 1
2 4217 1
2 10972 3
2 4831 1
2 10978 1
2 19172 1
2 742 1
2 8935 1
2 21234 1
2 11008 4
2 4868 2
2 11019 1
2 6926 1
2 15119 3
2 17172 2
2 2839 1
2 15128 3
2 8988 1
2 8993 1
2 21295 1
2 9015 1
2 19257 1
2 11066 1
2 18911 1
2 831 1
2 21314 1
2 1163 4
2 17227 1
2 19938 1
2 4942 1
2 21305 4
2 9050 2
2 15199 1
2 15205 1
2 20284 1
2 9069 4
2 879 2
2 9072 1
2 881 1
2 11134 1
2 7046 1
2 7056 1
2 7057 1
2 15266 4
2 15268 1
2 15273 5
2 11183 1
2 7089 1
2 11193 1
2 7101 1
2 20695 1
2 7110 1
2 13255 1
2 17359 1
2 999 1
2 1006 1
2 15351 1
2 19457 1
2 19461 1
2 1030 1
2 11275 1
2 17424 1
2 19478 1
2 17435 4
2 9247 1
2 7201 1
2 15404 1
2 7215 1
2 1076 1
2 13834 1
2 22368 3
2 15432 3
2 11340 1
2 13389 1
2 15441 1
2 21586 2
2 13398 6
2 22032 5
2 3175 1
2 13418 1
2 21613 2
2 1140 2
2 13440 1
2 15494 1
2 7303 1
2 19595 1
2 3217 1
2 15522 1
2 15528 1
2 15532 3
2 15534 1
2 1206 1
2 18975 1
2 13507 3
2 13508 1
2 17608 2
2 11477 1
2 11480 1
2 3290 1
2 13532 1
2 9442 1
2 7397 1
2 7400 1
2 1257 1
2 19691 1
2 19694 1
2 1265 1
2 4884 2
2 10453 1
2 1280 2
2 7432 7
2 7433 1
2 3339 1
2 3629 2
2 17681 1
2 14215 1
2 7471 4
2 15666 1
2 11571 1
2 17719 1
2 5435 1
2 7394 1
2 5456 1
2 21841 1
2 21845 1
2 1378 1
2 19816 1
2 7529 1
2 7537 2
2 6378 1
2 13697 2
2 15751 1
2 15754 1
2 7584 1
2 15777 1
2 1445 1
2 7592 2
2 7593 1
2 20722 1
2 7600 2
2 7601 1
2 1459 1
2 19900 2
2 19901 1
2 13763 1
2 15820 2
2 7637 1
2 1501 1
2 10832 1
2 7650 1
2 13799 1
2 13800 1
2 7660 1
2 11760 4
2 15863 1
2 13821 1
2 9729 1
2 9733 1
2 7690 1
2 13835 1
2 11792 1
2 1564 1
2 13854 1
2 3621 1
2 11815 1
2 11821 1
2 11827 1
2 17973 1
2 3647 1
2 11846 1
2 11851 1
2 11858 1
2 9818 1
2 1627 2
2 3676 1
2 15971 1
2 22119 1
2 15976 1
2 7785 1
2 7789 1
2 15982 1
2 11887 1
2 13937 6
2 20095 1
2 18055 1
2 18030 2
2 11937 1
2 22186 2
2 22188 3
2 9901 2
2 16049 1
2 16051 1
2 1716 2
2 14016 1
2 20165 1
2 7889 1
2 9167 3
2 1758 1
2 18148 1
2 12013 1
2 3711 2
2 14081 2
2 14082 1
2 20227 1
2 18185 1
2 20236 1
2 10006 1
2 16159 1
2 20256 1
2 18222 1
2 16175 1
2 5940 1
2 1852 1
2 22340 1
2 20300 1
2 8026 1
2 18267 1
2 16224 1
2 3943 1
2 5993 1
2 12151 1
2 8062 1
2 12162 1
2 3975 2
2 3991 3
2 20384 4
2 4019 1
2 18364 3
2 22464 5
2 4038 1
2 4056 1
2 8158 1
2 14306 1
2 16367 1
2 16373 1
2 18424 1
2 14677 1
3 12288 1
3 22272 1
3 19460 2
3 13832 1
3 22188 1
3 9227 1
3 4623 1
3 22032 7
3 6232 1
3 4867 1
3 15893 1
3 19478 1
3 17435 2
3 1564 1
3 13854 1
3 15903 1
3 16932 1
3 11815 1
3 14595 1
3 1578 1
3 555 1
3 8236 1
3 3629 1
3 7216 3
3 8753 1
3 5682 1
3 1076 1
3 1886 1
3 13367 1
3 9873 2
3 19770 2
3 4668 2
3 10303 1
3 12354 1
3 7237 1
3 7752 2
3 7241 1
3 14545 1
3 18364 1
3 13388 1
3 17997 1
3 590 1
3 592 2
3 21586 5
3 7765 1
3 13398 2
3 15432 1
3 1626 2
3 18191 1
3 17424 2
3 22119 1
3 7785 1
3 13418 8
3 2407 1
3 21613 1
3 18030 1
3 11887 1
3 14448 1
3 13937 1
3 6770 1
3 13428 2
3 633 1
3 14970 1
3 2239 1
3 18453 1
3 13440 1
3 12930 1
3 3203 1
3 5765 1
3 646 1
3 20103 1
3 18568 1
3 4235 1
3 17070 1
3 3217 2
3 18068 1
3 4247 2
3 7303 1
3 20124 1
3 9041 1
3 4263 3
3 17066 1
3 4267 1
3 15532 2
3 9901 1
3 15534 1
3 21168 1
3 6979 1
3 19131 1
3 8892 1
3 19133 5
3 15550 1
3 15551 4
3 13507 2
3 14023 1
3 17608 2
3 13514 1
3 12663 1
3 719 1
3 721 1
3 4306 1
3 5332 1
3 12501 1
3 20695 1
3 11992 2
3 12495 1
3 19676 1
3 1757 1
3 4831 2
3 7392 1
3 8421 1
3 8422 1
3 9169 2
3 1257 1
3 8445 1
3 18686 1
3 11008 2
3 8449 2
3 17154 3
3 22571 1
3 4868 5
3 7432 2
3 15626 1
3 15629 1
3 15119 1
3 2322 1
3 12055 1
3 19736 1
3 6938 1
3 8988 1
3 2846 1
3 7455 1
3 13601 1
3 13611 1
3 12076 1
3 11569 2
3 13110 1
3 21305 5
3 19258 2
3 19771 1
3 20284 2
3 15754 3
3 15681 1
3 7836 1
3 13963 1
3 8013 1
3 12625 1
3 21330 1
3 16213 1
3 4438 1
3 1369 1
3 18267 1
3 12602 1
3 17246 1
3 17637 1
3 22369 1
3 7313 2
3 1852 1
3 15723 1
3 9069 1
3 15215 1
3 16242 1
3 16243 1
3 13389 1
3 3064 1
3 7401 1
3 745 1
3 8571 1
3 21374 1
3 901 1
3 10630 1
3 9816 1
3 16778 1
3 18071 1
3 7052 1
3 20882 2
3 15763 1
3 11760 1
3 3991 6
3 11672 1
3 15771 1
3 15774 2
3 15775 1
3 15776 1
3 15777 4
3 15266 5
3 11792 1
3 20389 1
3 7592 2
3 15273 3
3 12716 1
3 7088 1
3 7089 3
3 16308 1
3 18420 1
3 5051 1
3 11708 2
3 1470 1
3 22464 7
3 21953 1
3 13766 1
3 13255 2
3 7112 1
3 460 1
3 9167 2
3 2001 1
3 12878 1
3 4056 1
3 12766 1
3 16805 1
3 13793 1
3 19939 1
3 10727 1
3 12777 1
3 5885 1
3 13808 1
3 15548 3
3 8180 1
3 5621 1
3 15864 2
3 2133 1
4 12288 5
4 16385 1
4 1370 1
4 4438 3
4 14969 1
4 22024 1
4 13835 1
4 3084 1
4 22119 1
4 11563 1
4 9645 1
4 9232 1
4 4867 1
4 3092 1
4 19478 1
4 19460 2
4 17435 2
4 11293 1
4 15754 1
4 2309 1
4 7714 1
4 7715 1
4 1062 1
4 22571 1
4 8749 2
4 16430 2
4 15920 1
4 8241 4
4 1074 2
4 8243 1
4 1076 2
4 8245 2
4 1590 2
4 1591 1
4 8248 1
4 4668 1
4 12349 1
4 21173 1
4 22082 1
4 20547 1
4 1092 1
4 1579 1
4 12360 1
4 18505 1
4 11850 1
4 11851 1
4 17484 2
4 2640 2
4 21586 1
4 4180 1
4 85 1
4 13398 1
4 602 1
4 1627 1
4 605 1
4 7263 1
4 18528 2
4 17424 2
4 15971 2
4 7782 1
4 18023 1
4 19048 1
4 8636 5
4 9831 1
4 21613 1
4 4206 1
4 14448 2
4 13937 2
4 6770 1
4 1651 1
4 5748 1
4 6773 1
4 10199 1
4 7287 1
4 6687 1
4 7801 1
4 4218 1
4 13951 1
4 1153 1
4 11394 1
4 6787 1
4 18052 1
4 4795 1
4 1670 1
4 13961 1
4 16663 2
4 15500 1
4 15213 1
4 656 1
4 13969 1
4 2706 1
4 659 1
4 11414 1
4 2841 6
4 6296 1
4 12446 1
4 2207 2
4 6927 1
4 20592 1
4 2211 1
4 14500 1
4 17062 1
4 13425 2
4 19624 1
4 11434 1
4 16049 1
4 12147 1
4 19595 1
4 9909 2
4 3257 2
4 20155 1
4 700 1
4 19133 11
4 2239 1
4 21696 1
4 19464 1
4 15558 2
4 20168 1
4 12663 1
4 13516 1
4 20686 1
4 10963 1
4 3796 2
4 18645 1
4 20695 5
4 11992 1
4 17626 1
4 3803 2
4 12510 1
4 4831 2
4 15584 1
4 18148 1
4 19494 1
4 7399 1
4 12296 1
4 5927 1
4 748 1
4 13040 1
4 12018 2
4 5876 1
4 17790 1
4 3469 1
4 10452 1
4 17231 1
4 3418 1
4 18174 1
4 4053 3
4 1280 1
4 8449 3
4 16643 1
4 15621 2
4 16646 1
4 20234 1
4 3339 2
4 4364 2
4 12930 3
4 22573 1
4 5618 1
4 17171 1
4 6283 1
4 12053 2
4 4886 1
4 2839 4
4 2840 1
4 1305 2
4 8989 1
4 7455 1
4 11040 1
4 11043 1
4 20260 1
4 18214 1
4 8753 2
4 16775 2
4 402 1
4 5935 1
4 18736 1
4 11827 2
4 19254 1
4 21305 11
4 19258 1
4 17290 1
4 15866 5
4 4235 1
4 16196 1
4 16197 1
4 3232 1
4 17737 1
4 17463 1
4 8012 1
4 8013 2
4 12110 1
4 909 1
4 3408 1
4 14677 1
4 15190 1
4 2873 2
4 13658 2
4 19803 1
4 11101 1
4 11104 1
4 1378 1
4 355 1
4 22373 1
4 20625 1
4 15210 1
4 6375 1
4 21357 1
4 14427 1
4 2877 1
4 9072 2
4 13681 1
4 21874 1
4 12151 1
4 18391 1
4 20343 2
4 12665 1
4 14716 1
4 1917 1
4 1918 2
4 7552 1
4 18818 1
4 16705 1
4 8585 1
4 16778 1
4 17291 1
4 9069 4
4 7565 2
4 8685 1
4 20882 2
4 20803 1
4 11777 1
4 3991 1
4 3992 1
4 18841 1
4 7663 1
4 4654 1
4 7582 1
4 8607 5
4 4000 1
4 15777 2
4 8611 1
4 3493 1
4 4520 3
4 4521 1
4 6058 1
4 16301 1
4 16302 1
4 15432 1
4 4754 1
4 7241 1
4 1465 1
4 21948 1
4 3629 2
4 449 1
4 20235 1
4 21454 1
4 9167 4
4 19408 1
4 7634 1
4 467 1
4 8660 4
4 469 1
4 9687 1
4 12760 1
4 18876 2
4 3919 1
4 10205 1
4 10206 1
4 1141 3
4 14306 1
4 11771 1
4 999 1
4 7148 1
4 10221 1
4 16367 1
4 20384 1
4 4081 1
4 4594 1
4 14324 1
4 5623 1
4 11770 1
4 6651 4
4 6652 2
4 15869 1
5 8193 1
5 15874 1
5 19555 1
5 17424 2
5 19476 1
5 3758 1
5 22551 1
5 22557 2
5 4138 1
5 8749 1
5 7217 1
5 1076 1
5 1591 1
5 13885 1
5 4670 1
5 3647 1
5 15456 1
5 12354 1
5 3339 1
5 16054 1
5 11335 1
5 15432 1
5 20151 1
5 15971 1
5 15444 1
5 13398 3
5 1626 1
5 6235 1
5 19550 1
5 18528 2
5 4707 1
5 13418 1
5 3182 2
5 10351 1
5 13937 1
5 6770 1
5 13440 1
5 12930 1
5 12933 1
5 20103 1
5 11714 1
5 11919 1
5 19607 1
5 6809 1
5 13979 1
5 673 1
5 16662 1
5 18595 1
5 14500 2
5 13478 2
5 15534 1
5 8989 1
5 17072 1
5 20147 1
5 4277 1
5 9398 1
5 1719 1
5 10939 1
5 8892 1
5 19133 2
5 703 1
5 14016 1
5 4555 1
5 718 1
5 20695 4
5 1760 1
5 8421 1
5 7399 1
5 6897 1
5 9458 1
5 18174 1
5 15317 1
5 14592 1
5 13952 1
5 4867 1
5 4868 2
5 2309 1
5 14088 1
5 20235 2
5 5390 1
5 20239 1
5 18197 1
5 21782 2
5 8153 1
5 15128 1
5 8988 2
5 797 2
5 13090 1
5 5929 1
5 16775 1
5 5936 1
5 17206 1
5 21305 2
5 12602 1
5 3392 1
5 16706 1
5 17230 1
5 4421 1
5 17741 1
5 7502 1
5 8015 1
5 3408 1
5 12625 2
5 21845 1
5 15190 1
5 14649 1
5 18267 1
5 15199 1
5 11113 1
5 9069 3
5 366 1
5 6511 1
5 13682 2
5 21881 1
5 893 1
5 7550 1
5 6976 1
5 16774 1
5 65 1
5 906 1
5 15762 1
5 16788 1
5 14489 1
5 3992 2
5 18841 2
5 7664 1
5 15266 1
5 4599 1
5 7595 1
5 16301 1
5 20882 2
5 15279 1
5 5554 1
5 18876 1
5 16831 1
5 18882 1
5 16835 2
5 7670 1
5 12746 1
5 11723 1
5 17359 1
5 10194 1
5 13475 1
5 8014 1
5 9686 1
5 6103 1
5 15172 1
5 5593 4
5 18911 1
5 6651 1
5 20452 2
5 11760 1
5 14324 1
5 16374 1
5 15863 1
5 16196 1
5 11007 2
5 7676 1
6 8706 1
6 9733 1
6 13834 1
6 15874 1
6 17155 1
6 12823 4
6 8728 1
6 12825 3
6 17435 1
6 6694 1
6 20519 1
6 8744 1
6 8236 1
6 3629 2
6 8753 1
6 4146 1
6 7220 1
6 12341 1
6 11832 1
6 14397 1
6 11843 1
6 3652 2
6 15432 1
6 17484 2
6 12878 1
6 10833 1
6 21586 1
6 13398 1
6 599 1
6 1113 1
6 19550 1
6 19553 2
6 15971 1
6 18022 1
6 21612 1
6 21613 1
6 14448 1
6 13937 1
6 626 1
6 12307 1
6 6773 1
6 1654 1
6 13950 1
6 5758 1
6 14649 1
6 6788 1
6 4235 1
6 11714 1
6 3636 1
6 17041 2
6 4754 1
6 3220 1
6 17046 1
6 281 1
6 15002 1
6 13478 1
6 4263 2
6 10408 1
6 5319 1
6 17225 1
6 21107 1
6 12471 1
6 3258 1
6 19133 4
6 4287 1
6 13508 1
6 20167 2
6 5321 1
6 13516 2
6 15567 1
6 20690 1
6 7892 1
6 14037 1
6 14038 1
6 20695 2
6 15582 1
6 11771 1
6 7396 1
6 13425 1
6 8611 1
6 6893 1
6 6383 1
6 753 1
6 12018 1
6 6900 1
6 20725 1
6 18686 1
6 8449 1
6 8451 2
6 4868 2
6 20236 1
6 17166 1
6 2834 1
6 12053 1
6 16663 1
6 5764 1
6 18208 1
6 7460 1
6 5414 1
6 19244 1
6 1074 1
6 5935 1
6 5936 1
6 1841 1
6 1336 1
6 21305 3
6 5434 1
6 6879 1
6 8512 2
6 17737 1
6 331 1
6 8012 1
6 8013 2
6 3408 1
6 12625 1
6 19939 1
6 18773 1
6 4438 1
6 21847 1
6 4442 1
6 16223 1
6 22369 1
6 16226 1
6 9873 1
6 11628 1
6 9069 4
6 21871 1
6 7537 1
6 12151 1
6 1917 1
6 12670 1
6 12673 1
6 16260 1
6 3974 1
6 16775 2
6 7660 1
6 11152 1
6 20882 1
6 15939 1
6 2761 1
6 918 1
6 7065 2
6 4847 1
6 4000 1
6 13730 1
6 13723 1
6 12710 1
6 15273 1
6 16308 1
6 7605 1
6 7095 1
6 8636 2
6 11710 1
6 16833 1
6 7106 1
6 13763 1
6 502 1
6 20939 1
6 11724 1
6 13778 2
6 9171 1
6 7634 1
6 22418 1
6 10723 1
6 19943 1
6 1532 1
6 4074 1
6 8683 1
6 22508 1
6 9201 1
6 11765 1
6 16374 1
6 7672 2
6 13819 1
6 6652 1
6 21617 1
6 12799 1
7 12288 1
7 15874 1
7 19464 1
7 9231 1
7 17429 1
7 10500 1
7 13850 1
7 18460 1
7 11298 4
7 19494 2
7 4647 1
7 1579 1
7 8236 1
7 3629 3
7 4146 1
7 12852 1
7 7224 1
7 4665 1
7 14033 1
7 14687 1
7 3652 2
7 15943 1
7 15432 1
7 587 3
7 17484 3
7 21586 1
7 20418 1
7 5390 1
7 5207 1
7 13912 1
7 89 1
7 19550 1
7 10338 1
7 15971 1
7 18022 1
7 22119 3
7 10857 1
7 9831 2
7 15177 1
7 14448 1
7 13937 1
7 21618 1
7 1140 4
7 21110 1
7 14969 1
7 4219 1
7 13950 1
7 6271 1
7 5760 2
7 12930 1
7 13445 1
7 6791 1
7 13961 1
7 2839 1
7 18882 1
7 3636 1
7 2704 1
7 20625 4
7 15809 1
7 11461 2
7 14488 1
7 13985 1
7 4122 1
7 11422 4
7 671 1
7 19056 1
7 8140 1
7 13478 1
7 17576 2
7 17577 1
7 10410 1
7 22188 1
7 15474 1
7 3758 1
7 3760 1
7 19124 3
7 16054 3
7 20151 1
7 13952 1
7 19133 5
7 2239 1
7 22209 1
7 2243 1
7 2245 1
7 10953 1
7 9418 1
7 6860 1
7 718 1
7 2767 1
7 21710 1
7 8568 1
7 10963 1
7 22228 1
7 14037 1
7 20695 1
7 3803 1
7 15580 2
7 10973 1
7 14046 1
7 7392 1
7 13537 3
7 13435 1
7 16934 1
7 7399 1
7 5352 1
7 18155 1
7 21228 1
7 21230 1
7 13040 1
7 753 2
7 22258 1
7 17142 1
7 3321 4
7 18174 1
7 10453 3
7 15617 1
7 15199 1
7 22571 1
7 4868 1
7 1798 2
7 11015 2
7 7895 1
7 4364 1
7 17165 1
7 19726 1
7 13357 1
7 2834 1
7 18197 1
7 6423 1
7 1816 1
7 3353 1
7 1308 1
7 11042 1
7 19238 1
7 1834 1
7 18222 1
7 21295 1
7 1758 1
7 21305 4
7 20284 1
7 3392 1
7 13451 1
7 5445 1
7 17737 4
7 15128 1
7 12110 1
7 10467 1
7 4438 1
7 13657 1
7 21733 1
7 2915 1
7 17041 1
7 15209 2
7 6337 1
7 9069 2
7 15216 1
7 13682 1
7 12147 1
7 5493 1
7 12663 1
7 16248 1
7 21881 1
7 12666 1
7 1918 1
7 18818 3
7 4484 1
7 16774 1
7 15751 1
7 22252 1
7 15754 1
7 493 1
7 11664 1
7 17048 1
7 9621 1
7 3992 2
7 19353 1
7 13723 1
7 13212 1
7 20384 3
7 15266 1
7 1957 1
7 15275 1
7 18862 2
7 4015 1
7 18865 1
7 14772 1
7 13238 1
7 10679 1
7 18876 1
7 1716 1
7 4032 3
7 4033 1
7 11714 1
7 13763 1
7 19396 1
7 4038 2
7 13255 1
7 588 1
7 1482 1
7 13772 1
7 20429 1
7 9167 1
7 14800 1
7 7634 1
7 7635 1
7 4053 3
7 10204 1
7 10205 1
7 14306 2
7 19939 1
7 9195 1
7 4589 1
7 3055 1
7 5800 1
7 16882 1
7 20649 1
7 1530 1
7 6652 1
8 12288 2
8 5632 1
8 17185 1
8 6291 1
8 4438 1
8 7686 1
8 9223 1
8 13834 1
8 3074 1
8 13838 1
8 22032 1
8 4867 1
8 19478 1
8 10775 1
8 8216 1
8 17435 1
8 2588 1
8 2589 1
8 15903 1
8 5552 1
8 12891 1
8 2596 1
8 19494 1
8 16049 1
8 1576 2
8 1067 1
8 15404 1
8 3629 3
8 15818 1
8 4146 1
8 1076 1
8 9269 2
8 10806 1
8 6711 1
8 11832 1
8 1716 1
8 16223 1
8 19516 1
8 1599 3
8 1600 1
8 12354 1
8 15943 3
8 15432 1
8 3661 1
8 1614 1
8 3151 2
8 10323 1
8 9300 1
8 5207 1
8 5208 2
8 10340 1
8 16474 1
8 6235 1
8 3164 1
8 20573 1
8 15971 3
8 14436 1
8 22119 3
8 14953 1
8 15266 1
8 13159 1
8 14495 1
8 21102 1
8 15983 1
8 20592 1
8 13937 2
8 1140 1
8 1141 2
8 17172 1
8 10360 1
8 14969 2
8 6778 1
8 20095 1
8 16695 1
8 12930 2
8 15491 1
8 18569 1
8 10890 1
8 15499 1
8 15500 1
8 1986 1
8 20625 3
8 18067 1
8 5780 1
8 20118 1
8 5783 1
8 14489 1
8 19098 1
8 16539 1
8 14492 1
8 11422 1
8 9887 1
8 14497 2
8 8867 1
8 14500 2
8 9670 1
8 15473 1
8 17576 1
8 17067 1
8 22188 2
8 6075 1
8 12975 1
8 12977 2
8 22196 1
8 13493 1
8 12471 1
8 5748 1
8 17594 1
8 6687 1
8 19133 3
8 7870 2
8 14016 2
8 22209 1
8 2325 1
8 11461 2
8 16417 1
8 7880 1
8 20681 1
8 9418 1
8 11979 1
8 13516 1
8 11471 1
8 20689 2
8 14037 3
8 9432 1
8 5668 1
8 22234 1
8 13019 1
8 21727 1
8 8421 3
8 7400 2
8 14448 1
8 19181 1
8 19182 1
8 19183 2
8 17141 1
8 17142 1
8 3321 1
8 3217 1
8 22581 1
8 18686 1
8 17154 1
8 13059 1
8 15624 1
8 20524 1
8 2314 2
8 3339 1
8 4364 1
8 11021 1
8 11024 2
8 17681 1
8 4884 1
8 18197 1
8 14026 1
8 2327 1
8 15128 1
8 8989 1
8 6942 1
8 15749 1
8 4385 1
8 18210 1
8 10531 1
8 14117 1
8 21406 1
8 5415 1
8 15064 2
8 20665 1
8 8705 1
8 7477 1
8 1161 1
8 12089 2
8 16952 1
8 4831 2
8 1340 1
8 15754 5
8 19775 1
8 15170 1
8 13053 1
8 17737 1
8 20811 1
8 21305 2
8 3408 1
8 12625 1
8 21330 1
8 19939 1
8 11604 1
8 14677 1
8 854 1
8 8761 1
8 3417 2
8 13821 1
8 18746 1
8 13663 1
8 22368 1
8 3643 1
8 14139 1
8 11108 1
8 2552 1
8 22374 1
8 3943 1
8 15066 1
8 1852 1
8 14699 1
8 9069 3
8 6511 1
8 6000 1
8 18289 1
8 19124 1
8 5680 1
8 21878 2
8 10473 1
8 10105 1
8 7035 1
8 8572 1
8 15850 1
8 1918 2
8 9600 1
8 14723 1
8 1412 1
8 14725 1
8 7559 1
8 17290 1
8 17804 1
8 5186 1
8 21905 1
8 16787 1
8 18324 1
8 18837 1
8 5022 1
8 20384 1
8 13730 1
8 5028 1
8 1446 1
8 425 1
8 22442 1
8 4011 1
8 12852 3
8 7600 2
8 7603 1
8 15774 1
8 3060 1
8 2491 1
8 18364 1
8 3517 1
8 22464 3
8 6593 1
8 11714 2
8 22467 1
8 19396 1
8 5573 1
8 4038 2
8 14792 1
8 12746 1
8 15820 1
8 20429 1
8 11726 1
8 12478 1
8 8656 1
8 2001 1
8 13778 1
8 4053 2
8 14807 1
8 3647 1
8 22571 1
8 10721 1
8 20962 1
8 5627 1
8 22502 1
8 4433 1
8 2025 1
8 4074 1
8 9195 4
8 22508 1
8 13295 1
8 15856 1
8 1704 1
8 17395 1
8 10740 1
8 4087 1
8 14798 1
8 1530 3
8 2555 1
8 15869 1
9 12288 1
9 9729 1
9 8195 1
9 10244 1
9 4101 1
9 16902 1
9 15879 1
9 1544 1
9 13834 1
9 22027 1
9 6923 1
9 9474 1
9 11790 1
9 22032 2
9 19475 1
9 8214 1
9 3417 1
9 8216 1
9 19460 1
9 5658 1
9 9755 1
9 2589 1
9 15903 2
9 4128 2
9 7714 1
9 5934 1
9 3621 1
9 22055 1
9 5160 6
9 15913 1
9 4138 1
9 10283 1
9 20524 4
9 3629 3
9 10798 1
9 19208 1
9 13874 2
9 1076 1
9 1590 1
9 16952 1
9 13881 1
9 11471 1
9 12349 1
9 18494 1
9 2623 1
9 14688 1
9 12354 2
9 15939 1
9 4658 1
9 7237 1
9 16966 1
9 13880 1
9 17790 1
9 3340 1
9 4435 1
9 8779 1
9 588 2
9 13389 1
9 10833 1
9 21586 3
9 10851 1
9 9300 2
9 10837 1
9 5208 1
9 20684 1
9 6235 1
9 11870 2
9 1089 1
9 15971 1
9 3173 1
9 10727 1
9 9832 1
9 15465 1
9 13418 1
9 7788 1
9 10862 1
9 11887 1
9 14448 3
9 6770 1
9 10515 1
9 13428 1
9 1141 1
9 6776 1
9 14969 2
9 22355 1
9 14783 1
9 6269 2
9 10881 1
9 12930 1
9 10883 1
9 18052 1
9 5765 1
9 11969 3
9 18056 1
9 1163 1
9 12429 1
9 7823 1
9 8728 1
9 20114 1
9 7829 2
9 1174 1
9 19607 1
9 6809 1
9 19098 1
9 13979 2
9 14495 1
9 20592 1
9 795 1
9 14500 1
9 17062 1
9 881 1
9 17576 1
9 5801 1
9 17067 3
9 14810 1
9 5806 2
9 17072 1
9 17075 1
9 4276 4
9 13493 1
9 6260 1
9 18975 1
9 21692 1
9 19133 2
9 9918 1
9 12917 1
9 14016 1
9 14017 2
9 8898 1
9 18234 1
9 17607 1
9 10444 1
9 7370 1
9 8514 1
9 719 1
9 12981 1
9 4306 1
9 10963 2
9 5844 1
9 15310 1
9 4110 1
9 15064 1
9 15577 1
9 15567 1
9 8702 1
9 19804 1
9 13022 1
9 4831 1
9 1760 1
9 18657 1
9 10469 1
9 1611 1
9 15593 2
9 18154 1
9 20519 1
9 5356 1
9 12089 1
9 19183 1
9 15601 1
9 18163 1
9 12670 1
9 11817 1
9 2770 1
9 3321 1
9 10491 1
9 17660 1
9 3626 1
9 7400 1
9 8449 2
9 17154 1
9 17156 1
9 2309 1
9 13078 1
9 21256 1
9 16651 1
9 11020 1
9 10285 1
9 7952 1
9 17681 1
9 20242 1
9 20243 1
9 4884 1
9 18222 1
9 16662 1
9 2840 1
9 7451 1
9 8988 2
9 8989 2
9 3449 1
9 20256 1
9 17185 1
9 3641 1
9 4657 1
9 15656 1
9 12076 1
9 16946 1
9 20270 1
9 5768 1
9 16179 1
9 20878 1
9 7992 1
9 21305 1
9 5434 1
9 15165 1
9 831 1
9 833 1
9 16194 1
9 13451 1
9 5445 1
9 13537 1
9 2377 1
9 331 1
9 12865 1
9 17976 1
9 19939 2
9 11604 1
9 14677 3
9 21902 1
9 569 1
9 6489 2
9 1370 1
9 1372 1
9 3421 2
9 8421 1
9 22368 1
9 22369 1
9 2915 1
9 1257 1
9 3047 1
9 9069 2
9 13885 1
9 15216 1
9 13681 2
9 13682 2
9 13873 1
9 21878 1
9 12663 2
9 5415 1
9 3961 6
9 3450 1
9 8571 1
9 17788 3
9 1918 1
9 7040 1
9 12673 1
9 15943 1
9 12163 1
9 10631 1
9 7660 1
9 15754 3
9 10636 1
9 15938 1
9 17806 1
9 18832 1
9 7575 1
9 408 1
9 4037 1
9 12188 2
9 16968 1
9 20384 2
9 15266 1
9 16539 1
9 5543 1
9 9129 1
9 10806 2
9 16301 1
9 8568 1
9 12852 1
9 18352 2
9 15432 1
9 5554 3
9 1976 2
9 4538 1
9 21696 1
9 7101 1
9 3519 1
9 22464 9
9 1140 1
9 450 1
9 13763 1
9 8026 1
9 4598 1
9 4038 1
9 13255 3
9 12746 1
9 4555 1
9 13772 1
9 14286 1
9 14800 1
9 9169 1
9 10006 2
9 15831 1
9 3647 1
9 17882 1
9 4062 1
9 12768 1
9 19938 1
9 10723 1
9 16400 1
9 1361 1
9 9195 2
9 18924 1
9 15855 1
9 11662 1
9 10225 1
9 5618 1
9 13811 1
9 10740 1
9 11765 1
9 2625 1
9 15273 1
9 2552 1
9 1530 1
9 16893 1
9 13822 1
9 3413 1
10 12288 2
10 512 1
10 15362 1
10 7683 1
10 19460 2
10 7254 2
10 13832 1
10 7690 1
10 9227 1
10 8627 2
10 20494 1
10 2063 3
10 17424 1
10 15890 1
10 4115 1
10 11771 2
10 22551 5
10 7684 4
10 22557 3
10 15754 1
10 15903 10
10 15393 1
10 13963 1
10 11815 1
10 22571 3
10 11821 1
10 8238 3
10 16431 1
10 1074 1
10 14387 3
10 1076 2
10 6770 1
10 11832 1
10 4276 1
10 16223 1
10 6651 2
10 13888 1
10 18784 1
10 12354 1
10 1092 1
10 19131 1
10 15432 1
10 18505 1
10 15434 2
10 1099 1
10 20103 1
10 6733 1
10 6734 1
10 6925 1
10 10833 2
10 21586 1
10 2873 1
10 7764 2
10 18005 5
10 16470 1
10 2648 3
10 1626 1
10 12891 3
10 92 1
10 93 1
10 12895 1
10 13411 2
10 16998 4
10 19559 1
10 19900 2
10 19562 1
10 7527 1
10 18029 1
10 18030 1
10 11887 2
10 14448 1
10 21617 1
10 626 1
10 15209 1
10 10360 1
10 14970 1
10 1994 1
10 10365 1
10 5246 1
10 16512 1
10 5354 1
10 16519 1
10 13961 1
10 1163 1
10 11714 4
10 17241 1
10 1167 6
10 1168 3
10 1169 3
10 21142 1
10 12825 1
10 17753 1
10 19619 4
10 14500 1
10 4263 1
10 5760 1
10 683 1
10 15532 1
10 9901 1
10 3758 1
10 17071 1
10 11440 1
10 14001 1
10 7823 1
10 5301 5
10 12471 2
10 5818 1
10 2747 1
10 8892 2
10 19133 2
10 7870 3
10 4799 1
10 12481 1
10 13089 1
10 14024 1
10 15820 2
10 16586 2
10 16075 1
10 16588 1
10 20686 9
10 16592 1
10 3278 1
10 20695 1
10 15317 1
10 11995 1
10 10972 3
10 21727 1
10 7392 1
10 8583 1
10 12010 1
10 17265 1
10 7920 3
10 1266 3
10 9171 1
10 14583 2
10 14584 2
10 18173 1
10 14079 1
10 8449 1
10 7868 1
10 4868 3
10 3650 1
10 18185 2
10 20234 2
10 267 1
10 4364 1
10 20237 1
10 12625 2
10 15119 1
10 7952 1
10 20243 1
10 17172 1
10 18197 1
10 16662 1
10 16663 1
10 13359 1
10 14108 1
10 797 1
10 4382 1
10 21381 1
10 18208 1
10 4385 1
10 16901 1
10 20260 1
10 18214 1
10 16430 1
10 5929 2
10 7303 1
10 12076 1
10 18222 3
10 5936 2
10 1841 1
10 1844 1
10 10206 1
10 17719 1
10 19764 1
10 6459 1
10 17290 1
10 6464 1
10 4417 1
10 12610 1
10 20384 1
10 14148 1
10 17223 1
10 13128 1
10 7498 1
10 17227 1
10 19276 1
10 13453 1
10 3408 2
10 21841 1
10 4434 1
10 10453 1
10 15190 1
10 21305 2
10 6489 1
10 5825 1
10 18267 1
10 1375 1
10 22368 2
10 19810 1
10 11835 1
10 4966 1
10 13969 1
10 5993 1
10 5994 1
10 7531 2
10 9069 6
10 2416 1
10 7537 1
10 13682 1
10 13532 1
10 15736 1
10 8569 1
10 7546 1
10 13887 3
10 7036 1
10 1405 1
10 12670 1
10 405 1
10 3392 1
10 1410 1
10 8579 2
10 14725 2
10 3975 2
10 13704 1
10 14730 1
10 3991 1
10 10636 1
10 20877 1
10 7570 1
10 20803 1
10 10644 1
10 8085 1
10 7019 1
10 12585 1
10 491 1
10 17312 6
10 18852 2
10 14758 1
10 13451 1
10 21632 1
10 427 1
10 12716 1
10 7410 2
10 7601 1
10 19378 1
10 7584 1
10 1466 3
10 6076 1
10 8778 1
10 1174 1
10 16833 1
10 16834 1
10 16835 1
10 7623 1
10 19914 2
10 13772 3
10 6093 1
10 9167 1
10 5471 1
10 16547 3
10 15438 1
10 505 1
10 16911 1
10 11737 1
10 20443 1
10 6622 1
10 19938 1
10 5625 1
10 10214 1
10 16871 1
10 16363 3
10 11760 2
10 13516 1
10 15548 1
10 14324 1
10 16373 1
10 18051 1
10 18423 1
10 18424 1
10 4601 1
10 8187 1
10 8188 2
10 15869 3
10 5119 1
11 12288 1
11 8705 3
11 13316 1
11 16902 1
11 7687 1
11 13832 1
11 12716 1
11 7690 1
11 17932 1
11 13838 1
11 5814 1
11 22551 1
11 10264 1
11 19460 1
11 4818 1
11 15903 1
11 2594 1
11 3621 1
11 1578 3
11 10283 1
11 1580 1
11 21841 1
11 16431 1
11 2096 1
11 1074 1
11 17066 1
11 12343 1
11 1887 1
11 10300 3
11 13887 1
11 7237 1
11 7777 1
11 16968 1
11 4364 1
11 8778 1
11 13388 1
11 8781 1
11 12878 4
11 592 1
11 21586 1
11 5207 1
11 3674 1
11 12897 1
11 2661 1
11 21607 1
11 3176 1
11 19900 1
11 1810 1
11 11887 1
11 21104 1
11 8817 1
11 16166 1
11 21950 1
11 6262 1
11 16504 1
11 633 2
11 19580 2
11 21633 1
11 14980 1
11 19589 1
11 15494 1
11 14475 1
11 13453 1
11 3217 1
11 8855 1
11 13444 1
11 22171 1
11 9884 1
11 8866 1
11 6257 1
11 10410 1
11 18375 1
11 15532 1
11 5806 1
11 10593 1
11 16049 1
11 5810 1
11 694 1
11 7865 1
11 17183 1
11 21692 2
11 19133 1
11 4799 1
11 10432 1
11 20168 1
11 11979 1
11 13516 1
11 4306 1
11 17823 1
11 19675 1
11 9442 1
11 10467 1
11 8421 4
11 7400 1
11 4329 1
11 12013 1
11 14574 1
11 22258 1
11 17660 1
11 18686 1
11 5888 1
11 20227 1
11 4868 1
11 2310 1
11 18185 2
11 22282 1
11 19212 1
11 18191 2
11 12562 1
11 18197 1
11 1305 1
11 19740 1
11 6943 2
11 17184 1
11 7216 1
11 18210 1
11 18212 1
11 16677 1
11 20774 2
11 2344 1
11 1841 1
11 16691 2
11 18229 1
11 9526 1
11 1848 1
11 21305 1
11 5434 1
11 20284 1
11 21312 1
11 833 1
11 4418 1
11 22339 1
11 22340 1
11 6982 2
11 10571 1
11 17229 1
11 653 1
11 3408 2
11 12625 1
11 11604 1
11 4438 1
11 12089 1
11 8027 1
11 8028 1
11 14686 1
11 2399 1
11 22369 1
11 3984 1
11 15717 1
11 20028 1
11 15210 1
11 15723 1
11 9069 1
11 6511 1
11 15216 1
11 21364 1
11 8425 1
11 3960 1
11 18809 1
11 5498 1
11 19588 1
11 8579 1
11 15237 1
11 4486 1
11 16775 1
11 17801 1
11 2442 1
11 13712 1
11 20882 2
11 917 1
11 17818 1
11 15774 1
11 13727 1
11 20384 1
11 15266 1
11 13445 1
11 6054 1
11 7686 1
11 4011 1
11 9644 1
11 20722 1
11 15279 1
11 13232 1
11 15432 2
11 16308 1
11 10680 1
11 11193 1
11 17851 2
11 11708 1
11 8193 1
11 11710 2
11 22464 3
11 11714 2
11 13255 1
11 12746 2
11 15820 1
11 7629 1
11 14592 2
11 8144 1
11 18424 1
11 7637 1
11 4056 1
11 10205 1
11 14306 1
11 8167 1
11 15337 1
11 10407 3
11 16366 1
11 15855 1
11 4081 1
11 13451 1
11 16374 1
11 14327 1
11 15864 1
11 6651 1
11 6652 1
11 11434 1
11 7167 1
12 7683 1
12 10468 1
12 16902 1
12 13832 1
12 15276 1
12 13834 1
12 22030 1
12 16911 1
12 4112 1
12 11793 1
12 10263 1
12 10265 1
12 17435 1
12 22557 2
12 15903 1
12 4128 1
12 1576 2
12 1578 5
12 21618 1
12 12336 1
12 12852 1
12 1590 1
12 12343 1
12 7690 1
12 13887 7
12 22369 1
12 15432 3
12 11850 1
12 1099 1
12 13901 1
12 18513 1
12 595 2
12 9816 1
12 3674 1
12 18191 1
12 6687 1
12 7777 1
12 1467 1
12 13412 1
12 3175 1
12 11708 2
12 9831 1
12 10861 1
12 18030 1
12 14448 1
12 13937 1
12 19058 2
12 16848 1
12 14456 1
12 14974 1
12 12053 2
12 6080 1
12 6786 1
12 18051 1
12 11703 1
12 13961 1
12 1163 1
12 20109 1
12 16014 1
12 19599 1
12 7313 1
12 2194 2
12 3220 1
12 19607 1
12 14488 1
12 6809 1
12 15514 1
12 18077 1
12 10407 2
12 4776 2
12 17066 1
12 683 1
12 22188 1
12 14509 1
12 3758 1
12 10593 1
12 17072 1
12 14024 1
12 5811 1
12 12471 2
12 16159 1
12 8892 1
12 6338 2
12 17608 2
12 6345 1
12 6076 1
12 9422 1
12 719 1
12 18128 1
12 14033 4
12 19238 1
12 7380 1
12 4310 1
12 8569 1
12 21723 1
12 10975 1
12 7392 1
12 14032 1
12 9442 1
12 13540 1
12 16166 1
12 742 1
12 16616 2
12 12010 1
12 22252 1
12 18157 1
12 14717 1
12 12670 2
12 22262 1
12 20180 1
12 14592 1
12 4868 1
12 2310 1
12 897 1
12 18185 7
12 20234 3
12 3339 2
12 4364 2
12 13582 2
12 5391 2
12 6275 1
12 16661 2
12 2841 1
12 7451 1
12 8989 1
12 17183 1
12 20256 1
12 4385 2
12 16677 2
12 20774 2
12 2348 1
12 18222 1
12 1844 1
12 5086 1
12 19769 1
12 7483 1
12 16704 1
12 1857 1
12 19595 1
12 5449 1
12 7498 1
12 8013 1
12 17037 1
12 3408 1
12 12625 3
12 4438 2
12 855 1
12 3812 1
12 8421 2
12 3937 1
12 15714 3
12 4451 1
12 5994 1
12 17260 2
12 22551 1
12 6512 1
12 3958 2
12 20343 1
12 10616 1
12 18809 1
12 18810 1
12 3647 1
12 14716 2
12 1405 1
12 9086 1
12 12673 2
12 10120 1
12 3978 1
12 11927 1
12 3982 1
12 9453 1
12 20882 1
12 1633 5
12 22426 1
12 13728 1
12 15777 1
12 15266 1
12 19878 1
12 18120 1
12 15278 1
12 5551 1
12 17225 1
12 17339 1
12 19900 2
12 15434 1
12 22463 1
12 22464 8
12 20384 1
12 7397 2
12 22468 1
12 13768 1
12 12746 1
12 13772 1
12 17229 1
12 8144 1
12 9169 1
12 9684 2
12 6102 1
12 15609 1
12 6622 1
12 18911 2
12 13793 1
12 11771 1
12 4945 1
12 12779 1
12 7660 1
12 10323 1
12 3060 1
12 12790 1
12 5625 1
12 6651 3
12 6652 2
12 15869 2
13 2063 1
13 1369 1
13 10264 1
13 13316 2
13 12317 1
13 12325 2
13 8236 1
13 8238 1
13 16431 1
13 16434 1
13 22585 1
13 10300 1
13 8260 1
13 20565 1
13 93 4
13 8892 4
13 14448 3
13 9918 1
13 10360 1
13 10365 1
13 14473 1
13 22551 11
13 6291 1
13 10397 1
13 18592 2
13 14497 1
13 10407 4
13 10408 1
13 20649 3
13 10410 2
13 12471 1
13 4280 1
13 6338 1
13 16588 1
13 20686 1
13 12495 2
13 16592 1
13 12497 2
13 10451 1
13 12503 1
13 12505 1
13 16608 1
13 2275 1
13 8421 2
13 18686 1
13 14592 1
13 8449 1
13 2310 1
13 4364 3
13 12575 1
13 16774 2
13 14645 1
13 20794 1
13 4417 1
13 10573 1
13 18766 4
13 12625 3
13 2387 1
13 8532 1
13 4438 2
13 12345 1
13 4451 1
13 6512 1
13 12663 1
13 14721 1
13 4484 1
13 14725 1
13 12678 1
13 18828 1
13 20882 1
13 14743 1
13 18841 1
13 4507 1
13 4509 1
13 16798 1
13 12746 1
13 17485 1
13 14807 1
13 6622 3
13 12770 1
13 12773 1
13 10727 1
13 12779 1
13 502 1
13 4601 1
13 6651 1
13 12799 1
13 12805 1
13 20227 1
13 12825 1
13 6687 1
13 6695 1
13 16936 1
13 4649 1
13 20573 1
13 18185 1
13 12870 1
13 585 6
13 588 1
13 12878 2
13 10837 1
13 602 1
13 12891 1
13 16998 1
13 19900 2
13 10872 1
13 4756 1
13 10920 1
13 10932 1
13 12981 1
13 2745 1
13 19132 1
13 19133 5
13 4799 1
13 13772 1
13 6860 1
13 4818 2
13 19156 1
13 10974 1
13 19180 1
13 19182 1
13 19184 1
13 4868 1
13 17162 1
13 15119 1
13 4881 1
13 2841 1
13 8988 1
13 8989 1
13 19238 2
13 6951 1
13 4909 1
13 6964 1
13 2873 1
13 831 1
13 6982 1
13 17225 1
13 21305 2
13 4945 1
13 9047 1
13 19599 1
13 11104 1
13 873 2
13 15210 1
13 2416 1
13 15218 1
13 18579 1
13 15227 2
13 15229 1
13 9092 1
13 7069 3
13 17312 1
13 15266 1
13 9125 1
13 17336 1
13 11196 1
13 14496 1
13 13255 1
13 9167 2
13 7120 1
13 15317 3
13 3042 1
13 3058 1
13 10263 1
13 5119 2
13 21508 1
13 9223 1
13 1074 1
13 7219 2
13 1092 1
13 15431 1
13 15432 3
13 13389 1
13 21586 3
13 17494 1
13 5210 1
13 21601 1
13 13412 1
13 21619 1
13 13428 4
13 13161 1
13 13440 1
13 13445 1
13 9351 1
13 15499 1
13 1167 3
13 1168 2
13 1174 1
13 7319 1
13 5276 1
13 15532 1
13 15534 1
13 11449 4
13 11461 1
13 15610 1
13 15614 1
13 19716 1
13 5390 1
13 21782 2
13 1305 1
13 15643 1
13 7457 1
13 17707 2
13 15672 1
13 19783 1
13 5448 2
13 3408 2
13 3417 1
13 13658 1
13 5475 1
13 1380 1
13 7529 1
13 7531 1
13 19826 1
13 11708 1
13 1410 1
13 15751 1
13 15752 1
13 15754 2
13 5523 1
13 15767 1
13 11672 3
13 13723 1
13 15774 1
13 13730 1
13 11684 4
13 1448 1
13 1449 1
13 19886 1
13 5553 1
13 15801 1
13 7611 1
13 1468 1
13 11710 1
13 11714 4
13 7619 1
13 15819 2
13 7628 1
13 19362 1
13 9684 1
13 7637 2
13 7638 1
13 17890 1
13 15856 1
13 5623 2
13 15864 1
13 11771 3
13 5629 1
13 15874 1
13 7683 2
13 17925 1
13 7687 1
13 22032 1
13 13841 1
13 17943 4
13 17945 1
13 13850 1
13 13854 2
13 15903 2
13 17961 3
13 22064 1
13 17973 1
13 1590 1
13 13884 1
13 15935 1
13 13888 1
13 20051 1
13 18005 2
13 3674 1
13 7778 1
13 7780 1
13 7785 2
13 19460 2
13 18030 1
13 5746 1
13 5748 1
13 22133 1
13 5760 1
13 6080 2
13 13963 1
13 7823 1
13 20112 1
13 18075 1
13 22175 1
13 16035 2
13 22188 1
13 9901 1
13 5818 1
13 7870 1
13 11969 3
13 1733 1
13 7888 1
13 3796 1
13 22232 2
13 12011 1
13 22252 1
13 22258 1
13 16123 1
13 18174 1
13 18175 1
13 14081 2
13 16131 1
13 1798 1
13 20233 1
13 7952 1
13 18200 1
13 16177 1
13 18227 1
13 1844 3
13 1864 1
13 8013 1
13 5973 1
13 12119 1
13 12120 1
13 1887 1
13 16224 1
13 16226 1
13 20329 1
13 5996 1
13 14214 1
13 16705 1
13 3978 1
13 3981 1
13 8086 1
13 3991 1
13 3992 2
13 12188 1
13 20384 2
13 6053 1
13 20465 1
13 22442 1
13 16301 1
13 18354 1
13 18364 4
13 22463 1
13 22464 2
13 8144 1
13 4058 1
13 10206 1
13 14304 1
13 14306 1
13 11524 1
13 16363 1
13 16367 1
13 4081 1
13 18426 1
14 12288 1
14 4116 2
14 17936 1
14 22551 1
14 12312 1
14 10265 2
14 4122 1
14 28 1
14 12317 1
14 10280 1
14 16432 1
14 16778 1
14 4161 3
14 12360 1
14 18524 1
14 18528 2
14 10939 1
14 14448 1
14 14449 1
14 16502 1
14 14469 2
14 12426 1
14 8342 1
14 12446 1
14 2416 2
14 20642 1
14 4263 1
14 2225 1
14 4278 1
14 12471 2
14 16581 1
14 16588 1
14 4310 1
14 12505 1
14 16605 1
14 2271 1
14 14565 1
14 6375 1
14 16625 1
14 4364 8
14 6416 1
14 16661 1
14 16663 1
14 18736 1
14 14649 1
14 12602 3
14 10975 2
14 6461 3
14 16702 1
14 8512 1
14 20805 1
14 10573 1
14 397 1
14 12625 3
14 14677 1
14 4440 1
14 2407 1
14 8556 1
14 6511 1
14 6512 1
14 3134 2
14 16774 3
14 2442 1
14 10636 1
14 20877 1
14 20882 1
14 4503 1
14 18841 1
14 4507 1
14 4509 5
14 18847 1
14 418 1
14 20914 1
14 10679 1
14 18872 1
14 4554 1
14 4555 1
14 4557 1
14 18911 1
14 12779 1
14 17490 2
14 11760 1
14 4601 1
14 18942 1
14 12799 2
14 16901 1
14 18952 1
14 1111 1
14 529 1
14 16915 1
14 6685 1
14 18975 1
14 8749 1
14 16946 1
14 12870 2
14 21601 1
14 585 3
14 8778 1
14 588 1
14 8782 1
14 592 2
14 10862 1
14 6770 3
14 4723 1
14 6773 1
14 17016 1
14 638 1
14 2704 1
14 6801 1
14 10920 1
14 17070 1
14 19124 1
14 2747 1
14 8892 2
14 19133 8
14 705 1
14 8898 1
14 6853 2
14 6856 1
14 4818 1
14 17107 1
14 10972 2
14 4831 1
14 15102 1
14 11007 1
14 4868 1
14 15119 3
14 15128 1
14 8989 3
14 13088 1
14 19241 1
14 19244 2
14 21295 2
14 17203 1
14 13113 1
14 17211 1
14 15170 1
14 9033 1
14 20279 1
14 17229 2
14 9043 1
14 21305 3
14 1167 2
14 7010 1
14 15210 1
14 9069 5
14 7040 1
14 7044 1
14 4997 1
14 7660 1
14 17290 1
14 7055 1
14 917 2
14 918 1
14 21409 1
14 15266 1
14 9125 5
14 2990 2
14 17331 1
14 13129 2
14 13244 1
14 21438 1
14 13255 1
14 9167 2
14 7138 1
14 3049 1
14 3058 1
14 19460 4
14 19464 1
14 11436 1
14 7178 1
14 9047 1
14 7180 1
14 17424 1
14 19478 1
14 19479 1
14 17436 1
14 19493 1
14 1074 1
14 7219 2
14 1076 1
14 7223 1
14 7225 1
14 9275 1
14 13834 1
14 1086 1
14 7236 1
14 7237 1
14 15432 4
14 7241 1
14 13389 1
14 15439 1
14 21586 5
14 17494 1
14 5207 1
14 5210 1
14 15457 1
14 3175 2
14 19571 1
14 5246 1
14 13440 2
14 13445 1
14 15494 1
14 7303 1
14 13452 1
14 13453 1
14 19599 3
14 19607 1
14 7320 1
14 15521 1
14 2110 1
14 1189 1
14 15532 1
14 15534 1
14 15539 1
14 6687 1
14 15548 3
14 21696 1
14 17608 1
14 15567 1
14 17621 1
14 15574 1
14 21727 1
14 15584 1
14 9442 1
14 7400 1
14 1266 1
14 15609 1
14 15610 1
14 15618 1
14 3332 1
14 10454 2
14 17671 1
14 3339 2
14 5391 1
14 5394 1
14 7451 1
14 1308 1
14 17706 1
14 17719 1
14 7483 1
14 3398 1
14 1351 1
14 15688 1
14 3408 4
14 21841 2
14 11603 1
14 21845 1
14 7546 2
14 17788 1
14 1408 1
14 1409 2
14 1410 1
14 15751 1
14 3468 1
14 3469 1
14 7570 1
14 11672 2
14 7578 1
14 15774 5
14 15777 1
14 11684 2
14 15781 1
14 9644 1
14 15791 1
14 1466 1
14 11708 1
14 11709 1
14 11710 1
14 15808 1
14 11714 5
14 13763 1
14 17861 2
14 13768 1
14 13772 2
14 7629 1
14 19938 1
14 20168 2
14 7664 1
14 15869 1
14 5635 1
14 22024 1
14 7690 1
14 22032 1
14 15890 1
14 13844 1
14 15903 5
14 7717 1
14 11817 1
14 11827 1
14 11835 1
14 3647 1
14 3652 1
14 11850 1
14 7095 1
14 11870 2
14 18016 3
14 7785 1
14 11887 3
14 13937 3
14 22133 1
14 3702 1
14 15994 1
14 5760 1
14 22464 2
14 18051 1
14 13963 1
14 20112 1
14 7826 1
14 7827 1
14 9839 1
14 16030 1
14 9887 1
14 9892 1
14 22188 2
14 3758 1
14 1717 1
14 7870 2
14 14020 1
14 1733 1
14 14024 1
14 16075 1
14 7888 1
14 14037 1
14 11995 2
14 18042 1
14 1763 1
14 12008 1
14 12010 1
14 22252 1
14 5869 1
14 12018 1
14 16121 1
14 16124 2
14 18182 1
14 7952 1
14 18197 4
14 18205 1
14 20260 1
14 5929 1
14 7982 1
14 1844 1
14 18231 1
14 16193 1
14 22340 2
14 3919 1
14 12112 1
14 10066 1
14 22358 2
14 18267 1
14 1886 1
14 3935 1
14 22369 1
14 5993 1
14 14189 1
14 10096 1
14 10097 1
14 17225 1
14 1918 1
14 12165 1
14 3974 2
14 3975 1
14 3979 1
14 16273 2
14 3991 1
14 20384 3
14 22437 7
14 16308 1
14 18420 1
14 4032 1
14 4038 1
14 20429 1
14 4049 1
14 10206 3
14 14306 1
14 4433 1
14 16367 1
14 14324 1
14 6138 1
14 8187 1
15 13825 1
15 16901 1
15 19464 1
15 9047 1
15 14350 1
15 17424 1
15 19473 1
15 1042 1
15 4115 1
15 20502 1
15 7513 1
15 10264 1
15 17435 4
15 17436 1
15 15903 2
15 1063 1
15 1576 1
15 3627 1
15 8712 1
15 4019 2
15 3636 1
15 12341 1
15 16442 1
15 1375 1
15 8764 1
15 577 1
15 12897 2
15 15432 1
15 22601 1
15 15434 1
15 21579 1
15 16972 1
15 13389 1
15 592 1
15 15441 2
15 21586 5
15 4692 1
15 6741 1
15 13398 2
15 9816 1
15 9817 1
15 602 1
15 5724 1
15 12218 1
15 18529 1
15 12390 1
15 1639 1
15 10857 1
15 17005 1
15 21613 2
15 18030 1
15 3261 1
15 10489 1
15 6419 1
15 1140 1
15 11711 1
15 15365 1
15 18046 1
15 3201 1
15 21635 1
15 14469 1
15 7303 1
15 5085 2
15 1164 1
15 16834 1
15 19599 1
15 17041 2
15 22032 1
15 21658 1
15 9839 1
15 12958 1
15 18080 1
15 17570 1
15 10915 2
15 679 1
15 11946 2
15 6791 1
15 9398 1
15 19133 3
15 9918 1
15 14016 1
15 13508 1
15 9928 1
15 13514 1
15 12663 1
15 11471 1
15 14032 1
15 10963 1
15 7380 1
15 17108 1
15 8569 1
15 22234 1
15 10972 1
15 7903 1
15 7376 1
15 8421 1
15 12007 1
15 12009 1
15 6695 1
15 13778 1
15 9455 1
15 10994 1
15 17140 1
15 20265 1
15 10452 1
15 8443 1
15 5885 1
15 5888 1
15 8449 1
15 13570 1
15 4868 1
15 20234 1
15 17163 1
15 4364 1
15 10510 1
15 15119 1
15 1765 1
15 11858 1
15 15128 2
15 19737 1
15 21295 1
15 19740 1
15 802 1
15 17188 1
15 7463 1
15 7055 1
15 6441 1
15 13611 1
15 1837 1
15 18222 1
15 7471 1
15 18736 1
15 11059 1
15 2357 1
15 21304 1
15 21305 3
15 15166 1
15 9269 1
15 21312 1
15 20803 1
15 7498 1
15 9038 1
15 12625 2
15 14677 1
15 4438 1
15 18775 1
15 21848 1
15 8025 1
15 17657 2
15 6848 1
15 3935 1
15 7520 1
15 15714 1
15 8556 1
15 9069 3
15 9072 1
15 14705 1
15 17726 1
15 20343 1
15 11641 1
15 1918 1
15 6464 1
15 4843 1
15 14725 1
15 5514 1
15 10636 1
15 8685 1
15 11152 1
15 3907 1
15 3478 1
15 11672 1
15 4719 1
15 7582 1
15 20384 1
15 3492 1
15 11176 1
15 15273 2
15 4011 1
15 16813 1
15 16814 1
15 5551 1
15 11187 1
15 11934 1
15 10682 1
15 13755 1
15 8636 1
15 22463 1
15 7106 1
15 14592 2
15 9167 2
15 9170 1
15 5881 1
15 18393 1
15 2524 1
15 10205 1
15 20450 1
15 22500 1
15 4263 1
15 10221 1
15 11760 1
15 1521 1
15 3058 1
15 7155 1
15 3572 1
15 11771 1
15 18428 1
