1 20096 1
1 14081 1
1 9606 1
1 18056 1
1 22281 1
1 9227 1
1 4364 1
1 13453 1
1 17806 1
1 8079 1
1 4881 1
1 12050 1
1 4884 1
1 5529 1
1 21295 1
1 7457 1
1 22181 1
1 11992 1
1 2218 2
1 13358 1
1 3375 1
1 1074 1
1 19124 1
1 15030 1
1 12734 1
1 22464 1
1 13252 2
1 14497 2
1 20428 1
1 15563 1
1 20172 1
1 13650 1
1 14677 1
1 15448 1
1 18905 1
1 15451 1
1 17633 1
1 12390 1
1 16998 2
1 3943 1
1 20463 2
1 1141 1
1 7542 1
1 1399 1
1 1147 1
2 12288 1
2 5248 1
2 4868 1
2 18056 4
2 8079 1
2 2834 2
2 19396 1
2 22426 1
2 21295 2
2 3105 1
2 17819 1
2 1220 2
2 22442 1
2 7083 1
2 14509 1
2 12207 1
2 7088 2
2 5425 1
2 19124 2
2 3629 1
2 7613 1
2 15295 1
2 8641 1
2 11714 1
2 17091 1
2 7236 1
2 13558 1
2 8993 2
2 1994 1
2 5323 1
2 11471 3
2 8272 1
2 1491 1
2 7124 1
2 14677 1
2 5207 1
2 22232 1
2 6489 1
2 20854 1
2 9198 2
2 20463 1
2 9584 1
2 11987 1
2 3060 1
2 21238 1
2 1399 2
2 2552 1
2 17148 1
2 19326 1
3 11394 1
3 20203 3
3 4868 1
3 14341 1
3 19718 1
3 19208 1
3 18185 1
3 2443 1
3 4364 1
3 11789 2
3 9486 1
3 11791 2
3 19346 1
3 13459 1
3 17044 1
3 20503 1
3 5532 1
3 7453 1
3 8862 1
3 4037 1
3 20384 1
3 12193 1
3 14427 1
3 22442 1
3 15019 1
3 12716 1
3 14133 1
3 12878 1
3 2750 1
3 18111 1
3 12352 1
3 18848 1
3 5570 1
3 3141 1
3 2375 1
3 12940 1
3 13514 1
3 20429 1
3 9038 1
3 13389 1
3 20564 1
3 590 1
3 18905 1
3 2522 1
3 2895 1
3 10206 1
3 2279 1
3 18536 1
3 18539 1
3 5228 1
3 8685 1
3 8946 1
3 1299 1
3 1140 3
3 1141 1
3 1399 1
3 16340 1
3 18042 1
3 8490 1
3 14677 1
4 14340 1
4 7 1
4 22032 2
4 12825 1
4 22557 1
4 13854 1
4 3629 3
4 3633 1
4 22071 2
4 13881 1
4 18494 1
4 181 1
4 11335 1
4 588 1
4 21586 1
4 13398 1
4 9820 1
4 15971 1
4 18540 1
4 21613 1
4 13937 1
4 1140 3
4 1147 3
4 5246 1
4 5248 1
4 11394 1
4 11289 1
4 6811 1
4 3233 1
4 15523 1
4 8869 1
4 22385 1
4 14509 1
4 19637 1
4 3258 1
4 13514 1
4 9947 1
4 10463 1
4 18152 1
4 20203 1
4 13549 1
4 18162 1
4 3315 1
4 6904 1
4 8449 1
4 14595 1
4 4868 1
4 12930 1
4 2839 1
4 2841 2
4 1818 1
4 1823 1
4 5920 1
4 5929 1
4 8490 3
4 19766 1
4 2873 1
4 17723 1
4 13117 1
4 21311 1
4 14145 1
4 20292 1
4 18759 1
4 3639 1
4 846 1
4 11604 3
4 11613 1
4 20795 1
4 1904 1
4 7537 1
4 3954 1
4 1399 2
4 6529 1
4 13187 1
4 8077 1
4 13210 1
4 5022 1
4 18853 1
4 22442 2
4 4011 1
4 19886 1
4 7088 1
4 13236 1
4 15292 1
4 15295 1
4 8641 2
4 11207 1
4 3528 1
4 12746 1
4 20429 1
4 9167 3
4 11732 1
4 3037 1
4 8679 2
4 18420 1
5 16001 2
5 11523 1
5 4868 1
5 1671 1
5 11272 1
5 19977 1
5 12299 1
5 12173 1
5 10221 1
5 14595 1
5 3861 1
5 7832 1
5 2308 1
5 11546 2
5 20463 1
5 17868 1
5 17185 1
5 8867 1
5 11373 1
5 808 1
5 3881 1
5 22442 1
5 11271 1
5 3721 1
5 13129 1
5 15279 1
5 3528 1
5 7476 1
5 7477 1
5 16054 1
5 12471 1
5 953 2
5 13244 1
5 20029 1
5 12352 1
5 3578 1
5 12354 1
5 1163 1
5 16836 1
5 2629 2
5 14839 1
5 12360 1
5 20169 1
5 9034 2
5 20171 1
5 20172 2
5 12878 1
5 10360 1
5 14035 1
5 11604 1
5 14677 1
5 3966 1
5 13313 2
5 8502 1
5 21733 1
5 16103 1
5 1819 1
5 3639 1
5 6338 1
5 21630 1
5 5998 1
5 10479 1
5 22385 1
5 13298 1
5 1141 1
5 16758 1
5 6903 1
5 8696 2
5 4986 1
5 1147 3
5 15102 1
6 16001 2
6 12034 1
6 11651 1
6 4868 1
6 11272 2
6 16812 1
6 3082 1
6 19723 1
6 10636 1
6 11789 1
6 11790 1
6 6799 1
6 2449 1
6 9234 1
6 4867 3
6 4650 1
6 5806 1
6 1048 1
6 21659 1
6 2221 1
6 16672 1
6 15280 1
6 5929 1
6 22442 2
6 1580 1
6 1837 1
6 13358 1
6 13487 1
6 14293 1
6 19122 1
6 5909 1
6 12471 3
6 2873 1
6 11322 2
6 7483 1
6 13244 1
6 21898 1
6 9791 1
6 20292 1
6 2885 1
6 839 5
6 20169 1
6 12151 1
6 20172 1
6 14798 1
6 9167 1
6 17872 1
6 14035 1
6 9678 1
6 13398 1
6 953 2
6 11992 1
6 20570 1
6 11791 1
6 18140 2
6 15052 1
6 7180 1
6 12390 1
6 8296 1
6 16489 1
6 20075 1
6 11374 1
6 22385 1
6 19954 1
6 19923 1
6 14070 1
6 2025 1
6 10360 1
6 18042 1
6 14973 1
6 14677 1
7 5120 1
7 16001 1
7 15817 1
7 4868 1
7 19717 1
7 19718 1
7 8449 2
7 13960 1
7 3082 1
7 5527 1
7 10253 1
7 11790 1
7 8749 1
7 14744 1
7 16787 1
7 17172 1
7 917 2
7 18326 1
7 919 1
7 11672 1
7 13316 1
7 20463 1
7 8988 1
7 4254 1
7 6149 1
7 16672 2
7 3074 1
7 18851 1
7 13397 1
7 13477 1
7 19740 1
7 3629 1
7 4014 1
7 7471 3
7 5554 2
7 1459 1
7 7476 1
7 18998 1
7 21321 1
7 7992 1
7 21305 4
7 8378 1
7 19133 4
7 588 2
7 11711 1
7 9922 1
7 18287 1
7 12354 1
7 12357 1
7 839 2
7 20300 1
7 20171 3
7 20172 2
7 19405 1
7 9678 1
7 467 1
7 12153 1
7 14677 3
7 953 1
7 9380 2
7 22423 1
7 20571 2
7 348 1
7 3758 1
7 5991 1
7 14798 1
7 13295 2
7 10097 2
7 19954 4
7 1140 1
7 1141 1
7 1399 4
7 10360 1
7 11412 1
7 1917 2
7 13950 1
7 17023 1
8 13313 1
8 13314 1
8 14595 1
8 1415 1
8 6022 1
8 11271 1
8 22024 1
8 1004 2
8 20169 1
8 17163 1
8 18946 1
8 11790 1
8 7055 2
8 22032 1
8 9234 1
8 4867 1
8 16001 1
8 3375 1
8 18080 1
8 16223 1
8 4006 1
8 7089 2
8 6824 1
8 1705 1
8 22442 1
8 1671 1
8 16812 1
8 13357 2
8 7471 2
8 15280 1
8 4872 1
8 8641 3
8 1076 1
8 9013 1
8 12471 3
8 953 1
8 7483 1
8 20029 1
8 5568 1
8 13505 1
8 8642 1
8 19723 1
8 21957 1
8 21613 1
8 8647 1
8 20172 2
8 20171 1
8 2508 1
8 1488 1
8 20818 1
8 9047 1
8 18904 1
8 19290 1
8 12891 2
8 20574 1
8 7903 2
8 17424 1
8 9698 1
8 2275 1
8 16103 1
8 20329 1
8 5415 1
8 8684 3
8 9069 2
8 20463 1
8 6000 1
8 6770 1
8 9491 3
8 1140 2
8 1399 3
8 8568 1
8 18042 1
8 1147 2
9 1664 1
9 13313 1
9 4867 1
9 3332 1
9 18181 1
9 17798 1
9 9729 1
9 22024 3
9 267 1
9 11405 1
9 6798 1
9 7055 2
9 20498 1
9 1811 1
9 19093 2
9 11287 1
9 6297 1
9 11546 1
9 9246 1
9 22442 1
9 15266 1
9 11555 1
9 9152 1
9 10021 1
9 7976 1
9 7081 1
9 12842 1
9 21696 1
9 7471 2
9 18056 1
9 6069 1
9 14262 1
9 12471 1
9 21901 1
9 6713 1
9 11963 1
9 13300 1
9 9918 1
9 6592 2
9 11969 2
9 14530 2
9 5319 1
9 14920 1
9 330 1
9 9831 1
9 20172 1
9 846 1
9 8527 1
9 1489 1
9 7637 1
9 12089 1
9 16103 1
9 8028 1
9 13434 1
9 21344 1
9 8375 2
9 21733 1
9 22119 3
9 12779 1
9 8684 1
9 11373 1
9 21613 1
9 9072 1
9 7537 1
9 1140 1
9 15477 1
9 1399 1
9 17273 1
9 3578 1
9 16682 1
9 17662 1
9 9599 1
10 3075 1
10 9227 1
10 22032 5
10 11281 1
10 22557 1
10 17671 1
10 8770 1
10 13388 2
10 18002 1
10 13398 1
10 19553 1
10 11874 1
10 18540 1
10 15981 1
10 13937 2
10 21618 1
10 10867 1
10 1141 1
10 14969 2
10 22138 1
10 1147 2
10 5246 1
10 7104 1
10 13445 1
10 1671 1
10 18056 1
10 13963 1
10 4238 1
10 21613 1
10 9873 1
10 2196 1
10 6809 1
10 6300 1
10 11941 1
10 10920 1
10 19121 1
10 5306 1
10 19133 1
10 10357 1
10 13505 1
10 20168 1
10 20169 1
10 20170 2
10 1399 1
10 20172 2
10 11992 2
10 5337 1
10 5340 1
10 20774 1
10 16679 1
10 16639 1
10 1280 1
10 19718 1
10 17159 1
10 7952 1
10 9432 1
10 16662 1
10 7451 1
10 17181 1
10 22303 1
10 16672 1
10 17188 1
10 9509 1
10 5414 1
10 7463 1
10 4904 1
10 7471 8
10 9013 1
10 21305 1
10 19852 1
10 12625 1
10 21332 1
10 3927 1
10 11614 1
10 17248 1
10 5986 1
10 5993 1
10 8556 1
10 6546 1
10 20851 1
10 3958 1
10 12663 1
10 897 2
10 12162 1
10 20871 1
10 21896 1
10 10636 1
10 12354 1
10 20882 1
10 917 1
10 12190 1
10 931 1
10 19377 2
10 11195 1
10 6592 1
10 11210 1
10 8158 1
10 7655 1
10 10834 1
10 15855 1
10 11760 1
10 20469 1
10 4603 1
10 8188 1
11 10112 1
11 12673 2
11 17003 1
11 13316 1
11 11909 2
11 6790 1
11 6529 1
11 19336 1
11 9687 1
11 22119 2
11 12625 1
11 17176 1
11 3943 1
11 19348 1
11 4868 1
11 14542 1
11 17412 1
11 1818 1
11 14236 1
11 9246 1
11 17183 1
11 801 1
11 5414 1
11 5800 1
11 6791 1
11 22188 1
11 9074 1
11 17672 1
11 19124 1
11 9782 2
11 6345 1
11 1076 1
11 20794 1
11 1823 1
11 13884 1
11 5437 1
11 6773 1
11 4161 1
11 11787 2
11 20804 1
11 21793 1
11 14664 1
11 15817 1
11 20170 3
11 20427 1
11 13388 1
11 13389 1
11 12110 1
11 3023 1
11 6864 1
11 4945 1
11 12878 1
11 19286 1
11 4729 1
11 857 1
11 20297 1
11 15199 1
11 7392 1
11 6000 1
11 19938 1
11 11969 1
11 20453 1
11 8679 1
11 1256 2
11 8043 1
11 18030 3
11 20463 2
11 9072 1
11 13682 1
11 1141 2
11 1399 2
11 4728 1
11 5625 1
11 15994 1
11 1147 1
12 19072 1
12 11392 1
12 1074 1
12 2309 1
12 6790 1
12 8641 2
12 7432 1
12 15113 1
12 13452 1
12 13965 1
12 9901 1
12 17177 1
12 1818 2
12 7471 1
12 1564 1
12 1669 2
12 19718 1
12 13403 1
12 1664 1
12 3641 1
12 13937 1
12 10920 2
12 9884 1
12 22442 4
12 1580 1
12 16301 1
12 19886 1
12 20445 1
12 11272 1
12 15666 1
12 9139 1
12 12471 3
12 11193 1
12 13398 2
12 2108 1
12 19133 1
12 15295 1
12 1140 4
12 12354 1
12 19907 1
12 846 1
12 12870 1
12 1852 1
12 974 1
12 13388 1
12 1399 1
12 588 1
12 21305 1
12 5198 1
12 14675 1
12 11732 1
12 12878 1
12 8022 1
12 17111 1
12 2394 1
12 18191 1
12 861 1
12 8158 4
12 15072 1
12 11008 1
12 16610 1
12 15845 1
12 9606 1
12 6652 1
12 21739 1
12 21613 2
12 5742 1
12 20463 1
12 14721 1
12 20209 1
12 3954 1
12 595 1
12 3060 2
12 14035 1
12 8425 2
12 3435 1
12 16252 1
12 12799 1
13 7427 1
13 1669 3
13 1671 1
13 16139 1
13 20297 1
13 18541 1
13 22416 1
13 2834 1
13 21699 1
13 1044 1
13 15534 1
13 2029 1
13 7451 1
13 18460 1
13 21406 1
13 17184 1
13 13532 1
13 22442 1
13 8236 1
13 3629 2
13 7854 1
13 16850 1
13 12081 2
13 9911 1
13 12089 1
13 3643 1
13 21322 1
13 21579 1
13 3528 1
13 20169 2
13 20298 1
13 12471 2
13 11600 2
13 12625 1
13 11858 1
13 9043 1
13 20692 1
13 16220 1
13 20957 1
13 8158 1
13 7903 1
13 21195 1
13 8033 1
13 2915 1
13 16814 1
13 21094 1
13 9041 1
13 19050 1
13 3943 1
13 7660 1
13 21613 1
13 20463 1
13 9072 1
13 13937 1
13 1140 2
13 1399 2
13 3065 1
13 17146 1
13 1147 1
13 4604 1
13 3626 1
14 8193 1
14 1669 3
14 9606 1
14 22024 1
14 13452 1
14 22418 1
14 20371 1
14 10644 1
14 9237 1
14 8988 2
14 10398 1
14 4640 1
14 18851 1
14 19718 1
14 11947 1
14 13360 1
14 22581 1
14 14537 2
14 11156 1
14 21824 1
14 20292 1
14 14664 1
14 9033 1
14 13516 1
14 14030 1
14 19408 1
14 12625 2
14 20564 1
14 8022 1
14 4601 1
14 861 1
14 5993 1
14 491 1
14 18030 1
14 4723 1
14 12151 1
14 15864 1
14 3321 1
14 21883 1
14 5501 1
15 15296 1
15 14466 1
15 4868 1
15 1669 1
15 9606 1
15 7 1
15 18828 1
15 8079 1
15 21264 1
15 22418 1
15 19348 1
15 20502 1
15 19352 2
15 11652 1
15 1819 1
15 7937 1
15 19870 1
15 18851 1
15 21824 1
15 1074 2
15 7219 1
15 15030 1
15 20463 1
15 20794 1
15 15293 1
15 15808 1
15 20169 1
15 20427 1
15 20172 1
15 20429 1
15 6741 2
15 4303 1
15 17016 1
15 4949 1
15 6489 2
15 9435 1
15 8927 1
15 19555 1
15 9167 1
15 20203 2
15 21613 2
15 3951 1
15 916 1
15 18162 1
15 1140 1
15 1141 2
15 4364 1
15 1399 1
15 8184 1
15 4601 1
15 4602 1
15 1147 1
15 11414 1
15 14677 1
16 588 1
16 12673 1
16 13459 1
16 15491 1
16 8193 1
16 20172 1
16 17681 1
16 22418 1
16 6547 1
16 19348 2
16 10262 1
16 6938 1
16 13723 1
16 8988 1
16 931 2
16 8357 1
16 9777 1
16 10920 1
16 938 1
16 3373 1
16 7854 1
16 19375 1
16 1399 3
16 3125 1
16 20537 1
16 6464 1
16 20169 1
16 11511 1
16 13516 2
16 20429 5
16 19208 1
16 13389 1
16 1744 1
16 595 1
16 6741 1
16 14993 1
16 7644 1
16 15709 1
16 11600 1
16 19938 2
16 7104 1
16 9701 1
16 2025 1
16 3943 5
16 5993 1
16 19050 1
16 20463 1
16 11760 1
16 19571 1
16 1140 1
16 20470 1
16 12535 1
16 8312 1
16 633 1
16 15994 1
16 14677 1
17 5638 1
17 11790 2
17 22032 1
17 18975 1
17 548 1
17 12089 1
17 3633 1
17 22581 1
17 22582 1
17 587 1
17 13388 1
17 5210 1
17 13404 1
17 8797 2
17 5220 1
17 9831 1
17 21613 2
17 9839 1
17 13937 1
17 1140 3
17 19580 1
17 6791 1
17 7823 1
17 14495 1
17 22181 1
17 11946 1
17 683 1
17 7854 1
17 14518 1
17 3258 1
17 19133 1
17 9918 1
17 17599 1
17 1220 1
17 11974 1
17 20169 2
17 8906 1
17 1399 4
17 13516 2
17 7888 1
17 5841 1
17 13022 1
17 740 1
17 9449 1
17 8940 1
17 7928 1
17 17150 1
17 4868 1
17 6920 1
17 16138 1
17 4364 1
17 4881 1
17 8987 1
17 5920 1
17 7471 1
17 13113 1
17 20297 1
17 21305 1
17 5455 1
17 11600 1
17 14677 1
17 12630 1
17 855 3
17 6489 1
17 8026 2
17 22418 1
17 15214 1
17 9074 1
17 22387 1
17 21878 1
17 12151 1
17 8568 1
17 20882 2
17 916 1
17 12188 1
17 19870 1
17 20384 2
17 20389 1
17 22442 3
17 20406 1
17 8641 2
17 19396 1
17 9167 4
17 19410 1
17 16340 1
17 18904 1
17 5456 1
17 19939 1
17 9198 1
17 20463 1
17 18420 1
18 3073 1
18 13316 1
18 1558 1
18 17089 1
18 3201 2
18 15113 1
18 17290 1
18 13358 1
18 17806 1
18 7055 1
18 16856 1
18 12739 1
18 916 1
18 19310 1
18 8214 1
18 16793 1
18 4868 1
18 7066 1
18 7451 1
18 14492 1
18 22557 1
18 8479 1
18 20384 1
18 18030 1
18 10631 1
18 18341 1
18 20000 1
18 22442 1
18 1067 1
18 17580 1
18 21933 1
18 7854 1
18 8989 1
18 16850 3
18 8641 1
18 13111 1
18 12089 2
18 12093 2
18 1141 1
18 11969 1
18 22466 1
18 20547 1
18 17188 1
18 12742 1
18 9033 1
18 9418 2
18 1399 1
18 13113 1
18 19408 1
18 13650 1
18 21987 1
18 14677 1
18 9046 1
18 9047 1
18 13528 1
18 10073 1
18 14081 1
18 9900 1
18 15845 1
18 12390 1
18 9831 1
18 16360 1
18 13161 1
18 8940 1
18 21613 1
18 9198 1
18 22572 1
18 20818 1
18 3315 1
18 5246 1
18 2025 1
18 9080 1
18 18812 1
18 8490 1
18 17150 1
18 5920 1
19 3339 1
19 8079 1
19 14096 1
19 22339 1
19 4884 1
19 17433 1
19 9121 1
19 22571 1
19 12716 1
19 3629 1
19 5047 1
19 21305 1
19 3258 1
19 11963 1
19 12093 1
19 8641 1
19 13507 1
19 21828 1
19 14538 1
19 1099 1
19 22093 1
19 9038 2
19 11471 2
19 11600 1
19 12625 2
19 11604 1
19 8026 1
19 22032 1
19 1766 1
19 4326 1
19 3943 1
19 20203 1
19 4304 1
19 21613 2
19 19133 1
19 1140 1
19 21878 1
19 1399 2
