1 14592 1
1 12673 1
1 11909 1
1 4868 1
1 9733 1
1 12288 1
1 4364 1
1 7952 1
1 4497 1
1 19347 1
1 10644 1
1 22551 1
1 15903 2
1 16431 1
1 20639 1
1 7584 1
1 17229 1
1 881 1
1 6826 1
1 9645 1
1 21295 1
1 10545 1
1 19124 2
1 4277 1
1 12342 1
1 5433 1
1 9887 1
1 18108 1
1 5888 1
1 8641 1
1 7110 1
1 9543 1
1 11604 2
1 8778 1
1 15735 1
1 20429 1
1 10857 1
1 13389 2
1 433 1
1 21586 1
1 9684 2
1 4438 1
1 9687 1
1 463 1
1 10972 1
1 17890 1
1 4579 1
1 4326 1
1 743 1
1 6760 1
1 20585 1
1 9069 1
1 5489 1
1 499 1
1 11710 1
1 16374 1
1 6775 1
1 17016 1
1 5625 1
1 6652 1
1 5246 1
2 22272 1
2 12673 1
2 15874 1
2 4868 2
2 1917 1
2 12288 1
2 13064 1
2 18185 1
2 17162 1
2 10510 1
2 3858 1
2 10644 1
2 917 1
2 857 1
2 12312 1
2 15514 1
2 9245 1
2 8781 1
2 18975 1
2 17184 1
2 18423 1
2 16804 1
2 7110 1
2 19750 1
2 15903 2
2 22186 2
2 9543 2
2 16462 1
2 9261 1
2 7854 1
2 4019 1
2 7476 1
2 7477 1
2 22327 1
2 8892 1
2 19124 1
2 4773 1
2 7611 1
2 15548 1
2 19133 3
2 12352 1
2 5186 1
2 9924 1
2 4038 1
2 12103 1
2 5577 1
2 19703 1
2 9954 1
2 12110 1
2 9167 2
2 18128 1
2 14033 1
2 21586 1
2 12625 1
2 14677 2
2 6361 1
2 8378 1
2 3417 1
2 11999 1
2 592 1
2 19938 1
2 9443 1
2 8549 1
2 3943 1
2 11708 1
2 8043 1
2 19438 1
2 11887 1
2 5489 1
2 4723 1
2 1140 1
2 4725 1
2 4215 1
2 8185 1
2 8912 1
2 15869 1
2 19582 1
3 10592 1
3 15170 1
3 2179 1
3 168 1
3 13161 1
3 13195 1
3 8236 1
3 1266 1
3 17015 1
3 14682 1
3 8892 1
3 19133 1
3 16190 1
4 169 1
4 170 1
4 172 1
5 16193 1
5 20707 1
5 10468 1
5 8198 1
5 7880 1
5 18569 1
5 6732 1
5 173 1
5 5231 1
5 13064 1
5 3171 1
5 18420 1
5 7062 1
5 6361 1
5 857 1
5 18458 1
5 1947 1
6 15616 1
6 12673 2
6 4267 1
6 4868 2
6 21383 1
6 7433 1
6 10636 1
6 15117 1
6 7749 1
6 17807 1
6 21392 1
6 14488 1
6 18194 1
6 21142 1
6 22551 2
6 10264 1
6 6938 1
6 20892 1
6 3869 1
6 4617 1
6 22175 1
6 15266 1
6 6052 1
6 20519 1
6 22442 1
6 4999 1
6 14509 1
6 2990 2
6 5425 1
6 6834 1
6 11444 1
6 22327 1
6 12098 1
6 17707 1
6 8378 1
6 17979 1
6 8892 1
6 4541 1
6 21696 3
6 11714 1
6 5623 1
6 6853 1
6 7879 1
6 6865 1
6 19914 1
6 5687 1
6 6732 3
6 13389 1
6 719 1
6 13160 1
6 3161 1
6 18569 1
6 2265 1
6 21722 1
6 8655 1
6 22266 1
6 6622 1
6 19295 1
6 2914 1
6 611 1
6 10214 1
6 6989 1
6 7911 1
6 5864 1
6 13244 1
6 13159 1
6 10476 1
6 10477 1
6 18030 1
6 7016 1
6 10545 2
6 18420 2
6 13161 1
6 4602 1
6 18173 1
6 12471 1
6 5119 1
7 5321 1
7 172 1
7 173 1
8 8041 1
8 11334 1
8 12481 1
9 12625 1
9 1482 1
9 11449 1
10 18162 1
10 11444 1
10 1895 1
11 7684 1
11 4433 1
11 22557 1
11 16475 1
11 20519 1
11 3629 1
11 9777 1
11 8758 1
11 5687 1
11 3134 1
11 2113 4
11 16462 2
11 592 1
11 10321 1
11 12891 2
11 16479 1
11 7782 1
11 11708 1
11 6263 1
11 14970 1
11 15723 1
11 10889 2
11 17040 1
11 14495 1
11 4773 2
11 21161 1
11 14509 1
11 19634 2
11 12471 1
11 8378 1
11 7867 1
11 21696 1
11 2679 1
11 20686 1
11 10701 1
11 1744 1
11 14033 1
11 17107 1
11 1754 2
11 21727 1
11 10470 1
11 7400 1
11 13863 1
11 15601 1
11 15610 1
11 16124 2
11 19712 1
11 4868 1
11 19718 1
11 12044 1
11 15117 2
11 16143 1
11 7960 2
11 6938 1
11 8989 1
11 15651 1
11 10555 1
11 12100 4
11 12103 2
11 13129 1
11 17229 1
11 4945 1
11 14677 1
11 857 1
11 4960 3
11 2914 1
11 7011 1
11 5993 1
11 8043 2
11 9069 1
11 2416 1
11 20851 1
11 12670 1
11 12673 1
11 1410 1
11 8579 1
11 909 1
11 910 2
11 17811 1
11 917 2
11 16804 2
11 22437 1
11 16807 1
11 2990 1
11 19900 1
11 21949 1
11 19913 1
11 15818 1
11 15820 1
11 19405 1
11 6989 1
11 4049 1
11 11737 1
11 7644 1
11 7418 1
11 13278 1
11 7650 1
11 8370 1
11 6647 1
11 8185 2
11 4602 1
11 8188 2
12 16804 1
12 22437 1
12 12103 1
12 170 1
12 909 1
12 8238 1
12 22551 1
12 11449 1
12 8188 1
12 7069 1
12 15903 1
13 172 1
13 173 1
13 174 1
