1 22557 1
1 18975 2
1 20519 1
1 22571 1
1 3629 1
1 14894 1
1 19519 1
1 11851 1
1 13388 1
1 17490 1
1 599 1
1 15448 1
1 6239 1
1 15971 1
1 16998 2
1 20076 1
1 21613 1
1 21104 1
1 4723 1
1 1141 2
1 17016 2
1 11898 1
1 13947 1
1 18046 1
1 7303 1
1 9068 1
1 14477 1
1 15641 1
1 9887 1
1 11428 1
1 10408 1
1 14509 1
1 21619 1
1 19124 1
1 6329 1
1 10938 1
1 18108 1
1 14016 2
1 17184 1
1 11979 1
1 13516 2
1 4303 1
1 4304 1
1 15580 1
1 7901 1
1 7903 1
1 8929 1
1 12514 1
1 1763 1
1 4837 1
1 6380 1
1 18676 1
1 19208 1
1 4364 1
1 22061 1
1 20761 1
1 21295 1
1 20255 1
1 15648 1
1 7457 1
1 8995 1
1 12588 1
1 2351 1
1 17200 1
1 10545 1
1 15666 2
1 7476 1
1 13113 1
1 1759 1
1 20798 1
1 15170 1
1 22341 1
1 19938 1
1 3408 1
1 12625 1
1 7481 1
1 18267 1
1 22369 1
1 20329 1
1 8556 1
1 9587 1
1 12668 1
1 12162 1
1 909 1
1 4496 2
1 20882 1
1 8605 1
1 7584 1
1 4019 1
1 3517 1
1 12734 1
1 22464 1
1 13252 2
1 588 1
1 20427 1
1 18905 1
1 4432 1
1 9186 1
1 12773 1
1 12779 1
1 8686 1
1 3568 1
1 15863 1
1 18942 1
2 6489 1
2 8236 1
2 6192 1
2 17466 1
2 12360 1
2 13388 2
2 20559 1
2 13398 1
2 13912 2
2 1141 1
2 17015 1
2 18042 1
2 18046 1
2 5764 1
2 17547 1
2 17241 1
2 7823 1
2 17042 1
2 19093 1
2 14488 1
2 11931 1
2 683 1
2 1206 1
2 12471 1
2 6331 1
2 19133 1
2 14016 2
2 11969 1
2 2243 1
2 12151 1
2 13516 1
2 11471 1
2 20177 1
2 20180 1
2 15575 1
2 21727 1
2 15585 1
2 7395 1
2 2278 1
2 14124 1
2 5246 1
2 20227 1
2 1068 1
2 4364 1
2 5394 1
2 18197 1
2 10007 1
2 8989 1
2 12575 1
2 18736 1
2 19238 1
2 295 1
2 15660 2
2 20781 1
2 7471 1
2 11568 1
2 8502 1
2 2873 1
2 12091 1
2 21311 1
2 3392 2
2 22341 1
2 2273 1
2 9034 1
2 5459 1
2 14677 1
2 21305 1
2 1369 1
2 2918 1
2 2407 1
2 20329 1
2 18282 1
2 20199 1
2 9069 1
2 9072 1
2 9587 1
2 20343 1
2 12153 1
2 12673 1
2 4999 1
2 21396 1
2 17305 1
2 22442 3
2 15276 1
2 15279 1
2 6732 2
2 19938 1
2 3058 1
3 13316 1
3 8201 1
3 16402 1
3 8728 1
3 16416 1
3 18467 1
3 1067 1
3 19890 1
3 18991 1
3 4659 1
3 1076 1
3 3641 1
3 16479 1
3 8766 1
3 14914 1
3 19523 1
3 13381 1
3 5815 1
3 13113 1
3 18510 1
3 12891 1
3 19551 1
3 15971 2
3 12390 1
3 4205 1
3 7471 1
3 1141 1
3 11898 1
3 18046 1
3 17024 1
3 6790 1
3 21613 1
3 12471 1
3 3258 1
3 9918 1
3 6338 1
3 20427 1
3 2244 1
3 7878 1
3 13516 2
3 8908 1
3 15575 1
3 16616 2
3 749 1
3 16624 1
3 11511 1
3 4345 1
3 4347 1
3 4868 1
3 3339 1
3 5398 1
3 5911 1
3 5935 1
3 20257 1
3 14114 1
3 1833 1
3 1834 1
3 7979 1
3 16175 2
3 2873 1
3 7485 1
3 21312 1
3 22339 1
3 10054 1
3 17225 1
3 17229 1
3 16269 2
3 14677 1
3 855 1
3 1376 1
3 22416 1
3 3943 1
3 10612 1
3 14211 1
3 12354 1
3 16272 1
3 3395 1
3 12183 1
3 20384 2
3 22442 1
3 20914 1
3 435 1
3 437 1
3 19384 1
3 4032 1
3 1839 1
3 11719 1
3 13769 1
3 13771 1
3 13275 1
3 10206 1
3 14304 1
3 22499 1
3 18921 1
3 12778 1
3 12277 1
3 5110 1
3 16888 1
4 8193 1
4 13316 1
4 7937 1
4 15369 1
4 13838 1
4 17424 1
4 15903 1
4 16416 1
4 6690 2
4 18981 2
4 20519 1
4 8236 2
4 20000 1
4 19004 1
4 12350 1
4 578 1
4 11851 1
4 13388 1
4 11862 1
4 13912 1
4 21084 1
4 4214 1
4 1118 3
4 12390 1
4 18030 2
4 14448 1
4 22133 3
4 3702 1
4 14969 1
4 12410 1
4 1147 1
4 18046 1
4 7303 1
4 1163 1
4 12428 1
4 22160 1
4 21146 1
4 5800 1
4 5804 1
4 9901 1
4 1716 1
4 19126 1
4 11449 1
4 10939 1
4 15548 2
4 11969 1
4 12994 1
4 15557 1
4 11975 1
4 5325 2
4 9424 1
4 18128 1
4 22188 1
4 21733 1
4 19582 1
4 14081 1
4 6774 1
4 4364 2
4 6413 1
4 10510 1
4 17688 1
4 15641 2
4 797 2
4 15648 1
4 6791 1
4 12076 1
4 7471 1
4 12084 1
4 1844 1
4 12091 1
4 3393 1
4 15170 1
4 22340 1
4 10565 1
4 4943 1
4 8529 1
4 11604 1
4 14677 1
4 2914 1
4 17253 1
4 360 1
4 20329 1
4 7018 1
4 12656 1
4 22385 1
4 1394 1
4 18293 1
4 7548 1
4 16260 1
4 15751 1
4 7055 1
4 22418 1
4 15266 2
4 13222 2
4 16302 1
4 4140 1
4 11714 1
4 16835 1
4 3528 1
4 12746 1
4 13771 1
4 16846 1
4 9167 2
4 9169 1
4 16347 1
4 10728 1
4 19956 1
4 4601 1
4 13819 1
4 4604 1
4 12799 1
5 17162 1
5 4364 1
5 6423 1
5 11672 1
5 16048 1
5 18991 1
5 7216 1
5 12081 1
5 12084 1
5 9526 1
5 21821 1
5 12350 1
5 11969 1
5 7878 1
5 13389 1
5 20303 1
5 5458 1
5 14677 1
5 9167 1
5 2407 1
5 18030 2
5 10096 1
5 21617 1
6 12288 1
6 4267 1
6 4868 1
6 13445 1
6 17162 1
6 4364 1
6 1167 1
6 7952 1
6 22418 1
6 13459 1
6 19476 1
6 7150 1
6 14999 1
6 11672 2
6 18841 1
6 22557 2
6 12190 1
6 16418 1
6 20699 1
6 2914 1
6 8744 1
6 3113 1
6 15439 1
6 15275 1
6 15660 2
6 19322 1
6 3633 1
6 20915 1
6 6836 1
6 2846 1
6 12471 2
6 19774 1
6 9791 1
6 4161 2
6 15171 1
6 7878 1
6 12488 1
6 15500 1
6 8908 1
6 13389 1
6 5325 1
6 17262 1
6 22100 1
6 14677 1
6 6489 1
6 20303 1
6 13404 1
6 8797 1
6 19424 1
6 19938 1
6 6371 1
6 7396 1
6 21733 1
6 3943 1
6 745 1
6 12778 1
6 5867 1
6 18030 3
6 6809 1
6 21617 1
6 19443 1
6 22133 1
6 5204 1
6 18426 1
6 5755 1
6 16252 1
7 5248 1
7 14081 1
7 5634 1
7 16771 1
7 19460 1
7 13398 1
7 12288 2
7 4161 1
7 19464 1
7 15660 2
7 17162 1
7 15276 1
7 18114 1
7 7055 1
7 13912 1
7 22418 2
7 494 1
7 2351 1
7 15772 1
7 2846 2
7 20384 1
7 16432 2
7 4899 1
7 20260 1
7 10054 1
7 21160 1
7 21161 1
7 10922 2
7 1834 1
7 12716 1
7 4140 1
7 3760 1
7 19208 1
7 12084 3
7 9526 1
7 12471 2
7 13113 1
7 19133 1
7 12350 1
7 1076 2
7 11969 1
7 15170 2
7 19595 1
7 7876 1
7 8502 1
7 19782 1
7 8993 1
7 3528 1
7 13388 1
7 13389 2
7 9388 1
7 592 1
7 9169 1
7 5459 2
7 14677 2
7 15574 2
7 855 1
7 18904 1
7 15854 1
7 8236 1
7 18267 3
7 19422 1
7 2271 1
7 19424 1
7 2273 1
7 3171 2
7 6372 1
7 1674 1
7 2407 2
7 10889 2
7 20329 1
7 3943 1
7 9069 1
7 18030 2
7 16774 1
7 14448 1
7 21617 1
7 7697 1
7 500 1
7 2166 1
7 12663 1
7 12592 1
7 9791 1
7 16252 1
7 15997 1
8 12288 1
8 8193 2
8 7684 1
8 7690 2
8 174 2
8 10263 1
8 11292 2
8 18975 1
8 20000 2
8 3620 1
8 10280 1
8 3113 2
8 8236 2
8 12341 1
8 12350 1
8 19519 1
8 12354 2
8 11850 1
8 19019 1
8 588 3
8 13389 2
8 20427 1
8 19550 1
8 16479 3
8 15971 1
8 15976 1
8 22121 1
8 8810 1
8 21613 1
8 18030 1
8 21108 1
8 1141 1
8 3702 1
8 14969 1
8 15994 2
8 15997 1
8 3201 1
8 18052 1
8 13957 1
8 22209 2
8 14985 1
8 12076 2
8 19093 1
8 15400 1
8 12446 1
8 10096 1
8 5799 2
8 4267 1
8 15534 1
8 8375 1
8 15903 2
8 21692 1
8 11969 1
8 14019 1
8 9416 1
8 11979 2
8 13516 1
8 9435 1
8 4330 1
8 2289 1
8 15660 1
8 15117 1
8 15119 2
8 6938 1
8 8989 2
8 2846 2
8 7979 1
8 14124 1
8 10545 2
8 10555 2
8 831 1
8 1351 1
8 10570 1
8 16205 1
8 20303 1
8 14677 3
8 22368 1
8 9167 1
8 3943 1
8 13161 1
8 8043 1
8 8556 1
8 9069 2
8 15216 1
8 22418 3
8 12183 1
8 22426 1
8 20384 2
8 22437 2
8 16806 1
8 11708 1
8 13771 2
8 6989 2
8 10704 1
8 9171 1
8 11749 1
8 15855 1
8 15856 1
8 4602 1
9 7680 1
9 16384 1
9 5636 1
9 9729 1
9 22024 1
9 18964 1
9 13316 1
9 9245 1
9 18975 1
9 2593 1
9 18978 1
9 6192 1
9 1076 1
9 13371 1
9 8767 1
9 12352 1
9 8771 1
9 19531 1
9 6732 1
9 13389 1
9 20559 1
9 21586 1
9 603 1
9 22119 1
9 21613 1
9 1140 1
9 9918 2
9 11895 1
9 4218 1
9 1147 1
9 17535 1
9 6786 1
9 13451 1
9 4241 1
9 3220 1
9 19109 1
9 5798 2
9 679 1
9 21160 2
9 5802 1
9 22188 1
9 5808 1
9 5632 1
9 10697 1
9 3772 1
9 7870 1
9 9919 1
9 8387 1
9 5841 1
9 15574 1
9 4317 1
9 19238 1
9 8422 1
9 15119 1
9 5911 1
9 8988 1
9 8568 1
9 10534 1
9 16176 1
9 7477 1
9 8502 1
9 6457 1
9 6459 1
9 17225 1
9 10573 1
9 12110 1
9 4440 1
9 857 1
9 14176 1
9 5993 1
9 8043 1
9 364 1
9 9069 1
9 10097 1
9 21874 1
9 13174 1
9 7544 1
9 2944 1
9 2445 1
9 20882 1
9 15763 1
9 22423 1
9 18841 1
9 13727 1
9 16804 5
9 16302 1
9 11708 1
9 16831 1
9 8137 1
9 9167 3
9 15313 1
9 22418 1
9 18420 1
9 4602 1
10 1280 1
10 5248 1
10 5635 1
10 13316 3
10 10454 1
10 2182 1
10 9351 1
10 16136 1
10 9132 1
10 8961 1
10 17163 1
10 3589 1
10 857 2
10 16301 1
10 4881 1
10 22418 1
10 2836 1
10 3221 1
10 22166 1
10 22295 1
10 21913 1
10 5337 1
10 4864 1
10 13445 1
10 9886 1
10 15903 2
10 18080 2
10 8993 1
10 2594 1
10 9755 1
10 16804 2
10 20285 1
10 5158 1
10 5799 1
10 21160 2
10 1757 1
10 22186 2
10 6791 3
10 11820 1
10 14509 1
10 2990 1
10 8797 1
10 14387 1
10 1076 1
10 12341 1
10 5687 1
10 10636 1
10 16799 1
10 14908 1
10 19133 1
10 20927 1
10 12110 3
10 9234 1
10 1475 1
10 8260 1
10 8006 1
10 16073 1
10 5838 1
10 9167 1
10 19093 1
10 15441 1
10 21586 1
10 14677 2
10 15574 1
10 2325 1
10 12888 2
10 12505 1
10 18267 1
10 20526 1
10 14800 1
10 2944 1
10 14435 1
10 3172 2
10 9606 1
10 15548 1
10 8043 1
10 9069 2
10 13884 1
10 17775 1
10 14448 1
10 13937 2
10 12663 1
10 16252 1
10 3626 1
10 17535 1
11 683 2
11 9234 1
11 15903 2
11 20000 2
11 3419 1
11 8236 1
11 5687 1
11 17466 1
11 12354 1
11 19527 1
11 15432 1
11 11850 1
11 13388 1
11 13389 3
11 10832 1
11 598 1
11 12888 2
11 8797 1
11 3171 1
11 18540 1
11 21613 1
11 18030 1
11 13937 3
11 22133 1
11 633 1
11 19588 1
11 13445 1
11 6790 1
11 9351 2
11 18569 1
11 13963 1
11 3220 1
11 20078 1
11 17066 1
11 4267 1
11 9901 1
11 3259 1
11 15548 1
11 19133 1
11 14019 1
11 13516 2
11 18128 1
11 15574 1
11 4729 1
11 1758 1
11 1744 1
11 19682 1
11 7400 1
11 4304 1
11 22266 1
11 3339 1
11 4364 1
11 12046 1
11 15119 1
11 5910 1
11 5911 1
11 6938 2
11 8988 1
11 1669 1
11 17184 3
11 8993 1
11 19238 1
11 5929 2
11 7471 1
11 14985 1
11 14649 1
11 20285 1
11 21823 1
11 6980 2
11 6989 2
11 12110 5
11 20303 2
11 13650 1
11 14677 2
11 4438 1
11 21305 2
11 858 1
11 18267 3
11 4960 1
11 2914 1
11 3432 1
11 8043 2
11 9069 2
11 9071 1
11 15216 1
11 7540 1
11 1918 1
11 20357 1
11 22418 1
11 18841 1
11 20891 1
11 15773 1
11 15266 1
11 16804 4
11 22437 1
11 12716 1
11 4019 1
11 19900 1
11 4038 1
11 418 1
11 7634 1
11 9171 1
11 7638 1
11 17231 1
11 18428 1
11 7154 1
11 6652 1
11 10922 1
12 15660 1
12 22551 1
12 1167 1
12 22418 2
12 14743 1
12 10264 1
12 6938 2
12 13723 1
12 13978 1
12 15903 2
12 20384 1
12 16804 1
12 4267 1
12 15276 1
12 11821 1
12 15534 1
12 8502 1
12 6457 1
12 12091 1
12 11708 1
12 11710 1
12 835 1
12 7109 1
12 15688 1
12 13388 1
12 13516 2
12 6989 3
12 4943 1
12 18128 1
12 16760 1
12 8797 1
12 15548 2
12 9067 1
12 9069 1
12 18030 1
12 16367 1
12 21104 1
12 4081 1
12 21619 2
12 22133 1
12 14584 1
12 5246 1
12 7039 1
13 8961 1
13 15365 1
13 13451 1
13 12045 1
13 14991 1
13 19601 1
13 22418 1
13 15216 1
13 18075 1
13 8989 1
13 18080 1
13 21104 3
13 16804 1
13 21160 1
13 12076 1
13 16302 1
13 21619 1
13 7220 1
13 11708 1
13 22464 1
13 20384 1
13 8993 1
13 15688 4
13 13129 1
13 18128 1
13 10833 1
13 8797 1
13 14690 1
13 5993 1
13 7658 1
13 9069 1
13 11632 1
13 21618 1
13 15548 1
13 4084 1
13 2025 1
14 12288 1
14 18948 1
14 19982 1
14 7185 1
14 2578 1
14 19476 1
14 22551 1
14 7684 1
14 15903 1
14 18267 1
14 3113 1
14 8238 1
14 13881 1
14 3134 1
14 4960 1
14 12354 1
14 1607 1
14 15432 1
14 9292 1
14 13389 1
14 4692 1
14 18528 1
14 5729 1
14 18022 1
14 8647 1
14 21617 1
14 21618 1
14 18046 1
14 17535 1
14 13445 1
14 6790 1
14 14991 1
14 14992 1
14 659 1
14 18077 1
14 673 1
14 15522 1
14 21161 1
14 10410 1
14 683 1
14 15548 4
14 9918 1
14 14016 1
14 1222 1
14 13516 1
14 1765 2
14 748 1
14 18181 2
14 17162 1
14 3339 1
14 4364 1
14 10515 1
14 6938 2
14 2846 1
14 294 1
14 7463 1
14 15660 1
14 7471 1
14 12089 1
14 8518 1
14 15688 3
14 17225 1
14 6986 1
14 6989 3
14 21841 1
14 5459 1
14 12118 1
14 1167 1
14 22368 1
14 15201 1
14 9069 2
14 15215 1
14 15216 1
14 3954 1
14 13459 1
14 18832 1
14 22418 2
14 15763 1
14 22423 1
14 18841 1
14 1947 1
14 20384 1
14 16804 2
14 15274 1
14 20914 1
14 13129 1
14 22464 1
14 13255 1
14 13769 1
14 9170 1
14 19422 1
14 19425 1
14 8166 1
14 2899 1
14 18424 1
14 6652 1
14 12799 1
15 4267 1
15 19464 1
15 19982 1
15 12815 1
15 12816 1
15 16913 1
15 16406 1
15 10264 1
15 10269 1
15 15903 1
15 3113 2
15 20012 1
15 8758 1
15 3134 2
15 6837 1
15 15432 1
15 13388 2
15 13389 3
15 20560 1
15 17490 1
15 598 1
15 8797 1
15 22110 1
15 16479 1
15 19555 1
15 7780 1
15 15976 1
15 8892 1
15 21613 1
15 18030 1
15 21104 1
15 21619 1
15 21620 1
15 1141 2
15 3703 1
15 10360 1
15 5755 1
15 5246 1
15 10097 1
15 15491 1
15 646 1
15 15496 1
15 14985 1
15 1163 1
15 21646 1
15 13459 1
15 13466 1
15 18080 1
15 9895 1
15 4776 1
15 21161 1
15 683 1
15 9392 1
15 10933 1
15 12471 1
15 11960 1
15 7353 1
15 7867 1
15 15548 2
15 14016 1
15 5825 1
15 6868 1
15 15574 1
15 9759 1
15 17630 2
15 4219 1
15 16614 1
15 745 1
15 22252 1
15 20692 1
15 22266 1
15 18683 1
15 12045 1
15 15119 1
15 13078 1
15 6423 1
15 13592 1
15 6938 1
15 16159 1
15 17200 1
15 4899 1
15 15660 1
15 18222 1
15 11568 1
15 10545 1
15 7483 1
15 831 1
15 8518 2
15 3638 1
15 16710 1
15 4423 1
15 15688 1
15 12110 1
15 20303 1
15 12625 1
15 14677 1
15 18267 1
15 4960 1
15 2407 1
15 8040 1
15 2410 1
15 8043 2
15 9069 2
15 4464 1
15 12145 1
15 8254 1
15 12151 1
15 377 1
15 4986 1
15 9086 1
15 4992 1
15 12673 1
15 9092 1
15 4492 1
15 22418 2
15 19350 1
15 14743 1
15 18841 1
15 4508 1
15 13213 1
15 20384 2
15 5025 1
15 22437 1
15 20892 1
15 18759 1
15 12716 1
15 4525 1
15 15773 1
15 16308 1
15 20927 1
15 19907 1
15 588 1
15 9167 1
15 8144 2
15 4049 1
15 9170 1
15 7637 1
15 3664 1
15 9691 1
15 10205 1
15 2528 1
15 9697 1
15 7155 1
15 1526 1
15 20649 1
15 15864 1
16 15616 1
16 15874 1
16 8195 1
16 8198 1
16 14969 1
16 11791 1
16 2064 1
16 13846 1
16 22551 1
16 10265 1
16 18975 1
16 20255 1
16 3106 1
16 3113 3
16 1582 1
16 1074 1
16 3636 1
16 12343 1
16 17466 1
16 20030 1
16 7231 1
16 20547 1
16 15432 1
16 6732 2
16 13389 1
16 21586 1
16 13912 3
16 12891 1
16 8518 1
16 12816 1
16 22119 1
16 2666 1
16 9831 1
16 20076 1
16 13937 1
16 6770 1
16 11893 1
16 5993 1
16 633 1
16 10365 2
16 20094 1
16 13445 2
16 646 1
16 18055 1
16 14473 1
16 10263 1
16 13969 1
16 1561 1
16 9583 1
16 673 1
16 14504 1
16 8988 1
16 22186 1
16 4267 1
16 2732 1
16 14509 1
16 12471 1
16 15903 2
16 8892 1
16 19133 1
16 15556 1
16 7880 1
16 17015 1
16 13516 2
16 22224 1
16 7380 1
16 15574 1
16 11479 1
16 9947 1
16 21727 2
16 4837 1
16 2278 1
16 19175 1
16 18674 1
16 22272 1
16 18180 1
16 18185 1
16 3339 1
16 4868 2
16 7451 1
16 7964 2
16 17183 1
16 20256 1
16 4385 1
16 19746 1
16 21805 1
16 17203 1
16 1844 1
16 21305 1
16 4831 1
16 9536 1
16 14145 1
16 18287 1
16 20292 1
16 3398 1
16 6984 1
16 21841 1
16 17237 1
16 857 2
16 11008 1
16 22369 1
16 20329 2
16 9069 2
16 367 1
16 22385 1
16 3954 1
16 8062 1
16 904 1
16 16777 1
16 10636 1
16 909 1
16 910 2
16 22418 3
16 3478 2
16 11672 1
16 12100 1
16 22426 1
16 17818 1
16 4511 1
16 20384 3
16 15266 2
16 16804 1
16 16293 1
16 1959 1
16 22442 3
16 15276 1
16 20909 1
16 19016 1
16 1459 1
16 15288 1
16 18420 1
16 19900 1
16 19393 1
16 7110 1
16 13255 1
16 12746 1
16 11341 1
16 16848 1
16 9169 1
16 9686 1
16 3065 1
16 9691 1
16 19938 1
16 15855 1
16 4081 1
16 3058 1
16 16372 1
16 18424 2
16 4601 1
17 11008 2
17 14592 1
17 14082 1
17 14595 2
17 5764 1
17 2309 1
17 16775 1
17 22252 1
17 9227 2
17 17203 1
17 14509 1
17 18426 1
17 17810 1
17 15491 1
17 21653 1
17 1815 1
17 5400 1
17 1561 1
17 175 1
17 1564 1
17 1437 1
17 901 1
17 16544 1
17 11632 1
17 14115 1
17 16804 1
17 1445 1
17 20519 1
17 3113 1
17 8490 1
17 9901 1
17 12189 1
17 13489 1
17 499 1
17 16308 1
17 7477 1
17 12471 1
17 12345 1
17 12602 1
17 1852 1
17 21055 1
17 833 1
17 3524 1
17 11898 1
17 21613 1
17 8993 1
17 20297 1
17 14794 1
17 13388 2
17 632 1
17 14290 1
17 21843 1
17 14677 1
17 13398 2
17 13113 1
17 20227 1
17 12891 1
17 21469 1
17 10206 1
17 2944 1
17 4326 1
17 8913 1
17 12010 1
17 5799 1
17 20292 1
17 11829 1
17 21102 1
17 6511 1
17 7920 1
17 20209 1
17 3954 1
17 7827 1
17 17807 1
17 12670 1
17 16374 1
17 13175 1
17 22551 2
17 4218 1
17 9791 1
17 8810 1
17 18046 1
18 14725 1
18 14743 1
18 18133 1
18 6419 1
18 7854 1
18 22551 1
18 7471 1
18 9244 1
18 18978 2
18 9380 1
18 12585 1
18 22188 1
18 1099 1
18 13998 1
18 14895 1
18 176 1
18 15666 1
18 8564 1
18 18492 1
18 13247 1
18 11969 1
18 12354 1
18 21699 1
18 19396 1
18 13514 1
18 13771 1
18 9292 1
18 18128 2
18 14677 1
18 13398 1
18 9047 1
18 7003 1
18 16479 2
18 8929 1
18 3171 1
18 15973 1
18 9831 1
18 19816 1
18 12010 1
18 2416 1
18 15857 1
18 3954 1
18 20851 1
18 1140 1
18 10281 1
18 20856 1
18 8063 1
