1 8193 1
1 19460 1
1 18952 1
1 7690 1
1 22032 2
1 21531 1
1 22571 2
1 8236 2
1 3629 1
1 8753 1
1 16946 1
1 3636 2
1 22071 1
1 7224 1
1 20027 1
1 8766 1
1 1092 1
1 11850 1
1 13388 1
1 13901 1
1 6224 1
1 21586 1
1 13398 1
1 15448 1
1 18022 1
1 11895 1
1 17016 1
1 4217 1
1 5995 1
1 15494 1
1 18569 1
1 12431 1
1 10901 1
1 9887 1
1 14704 1
1 9901 3
1 3758 1
1 1711 1
1 19124 1
1 20151 1
1 18108 1
1 19133 1
1 13516 1
1 14543 1
1 4306 1
1 10972 1
1 15582 1
1 16608 1
1 13046 1
1 14592 1
1 10499 1
1 4868 1
1 2310 1
1 3339 1
1 4364 1
1 15128 2
1 15651 1
1 2343 1
1 2348 1
1 21295 1
1 17200 1
1 1844 1
1 1335 1
1 2873 1
1 18234 1
1 22340 1
1 12625 2
1 13113 1
1 22364 1
1 15723 1
1 9069 1
1 15216 1
1 6718 1
1 12663 1
1 14721 1
1 4502 1
1 10631 1
1 8079 1
1 4496 2
1 6036 1
1 8086 1
1 409 1
1 20384 1
1 16804 1
1 16304 1
1 3060 1
1 8636 1
1 7584 1
1 6090 1
1 14327 1
1 16333 1
1 464 1
1 13778 1
1 8665 1
1 9691 1
1 17890 1
1 10723 1
1 5969 1
1 7659 1
1 11760 1
1 500 1
1 5623 1
1 7160 1
1 4602 1
1 6652 2
2 14592 1
2 13316 2
2 11436 1
2 21003 1
2 18055 1
2 20494 1
2 4623 1
2 3758 1
2 19460 1
2 17435 2
2 10780 1
2 15903 2
2 3106 1
2 19493 1
2 6183 1
2 554 1
2 4139 1
2 15709 1
2 9244 1
2 7485 1
2 6711 1
2 11835 2
2 8766 1
2 15937 1
2 7237 1
2 15432 1
2 11851 1
2 13388 1
2 13389 2
2 18510 1
2 21586 3
2 4451 2
2 4692 2
2 7765 1
2 1844 1
2 15448 1
2 10331 1
2 13404 1
2 18013 1
2 18528 1
2 12897 1
2 2747 1
2 18022 1
2 9831 1
2 4540 1
2 21613 1
2 21102 2
2 14013 1
2 13937 5
2 6770 1
2 15808 1
2 1141 1
2 20598 1
2 20585 1
2 17017 1
2 7103 1
2 20093 1
2 13950 2
2 22130 1
2 5760 1
2 13760 2
2 14978 1
2 15491 1
2 19588 1
2 15494 1
2 7303 1
2 10890 1
2 14475 1
2 13969 1
2 6291 1
2 4247 1
2 14488 1
2 6809 1
2 21871 1
2 13981 1
2 12446 1
2 2245 1
2 673 1
2 9892 1
2 15473 1
2 5801 1
2 22186 1
2 6791 1
2 17069 1
2 20142 1
2 16049 1
2 19124 3
2 21278 1
2 16054 1
2 8376 1
2 19868 1
2 20155 1
2 8892 2
2 19133 6
2 7870 1
2 7797 1
2 12994 1
2 2244 1
2 11461 1
2 18209 1
2 4810 1
2 12663 1
2 2764 1
2 20429 1
2 5841 1
2 17107 1
2 4310 1
2 22232 1
2 11471 1
2 13178 1
2 4831 1
2 15584 2
2 10192 1
2 7396 1
2 8421 2
2 5351 1
2 13778 1
2 4221 1
2 3321 1
2 13354 1
2 11007 1
2 1280 2
2 4868 2
2 20234 2
2 4364 3
2 13069 1
2 10510 1
2 10515 1
2 16260 1
2 21295 7
2 8988 1
2 4894 1
2 5806 1
2 7457 1
2 15651 1
2 11556 1
2 5925 1
2 19238 1
2 10205 1
2 16775 1
2 7471 1
2 17200 2
2 16691 1
2 7476 1
2 8502 1
2 5433 1
2 20794 1
2 14047 1
2 12604 1
2 16701 1
2 15166 1
2 7999 1
2 6464 1
2 7904 1
2 13451 1
2 9038 1
2 4432 1
2 12625 2
2 21330 1
2 14677 2
2 1366 1
2 21305 1
2 5464 1
2 14895 1
2 13658 1
2 18267 1
2 2397 1
2 7397 1
2 22369 2
2 11434 1
2 14139 1
2 4454 1
2 13116 1
2 8043 1
2 8556 1
2 9069 3
2 14703 2
2 13681 1
2 14709 2
2 12151 1
2 12664 1
2 15225 1
2 890 1
2 5439 1
2 4988 1
2 1917 1
2 17790 1
2 1408 1
2 12673 1
2 12162 1
2 10225 1
2 1412 1
2 10975 1
2 15751 2
2 3061 1
2 14732 1
2 10637 1
2 17806 1
2 493 1
2 4496 7
2 16608 1
2 10644 1
2 19349 1
2 7575 1
2 12188 1
2 7582 1
2 20384 3
2 13808 1
2 9169 1
2 18851 1
2 18853 1
2 19367 1
2 12779 1
2 7081 1
2 10154 1
2 15275 1
2 16301 1
2 7600 1
2 16817 1
2 4019 1
2 16308 1
2 12725 1
2 20284 1
2 13755 3
2 8636 1
2 4029 1
2 20927 1
2 22464 2
2 8641 1
2 13814 1
2 19401 1
2 15818 1
2 5623 1
2 16333 1
2 4046 1
2 9167 1
2 13776 1
2 7633 2
2 9170 1
2 12878 1
2 16911 1
2 2524 1
2 2525 1
2 3041 1
2 6651 1
2 8188 1
2 12778 1
2 10219 1
2 4076 1
2 15442 1
2 15855 1
2 11760 1
2 15857 1
2 8180 1
2 4597 1
2 502 2
2 15273 1
2 8184 1
2 11771 3
2 6652 1
2 11946 1
3 15874 1
3 4011 1
3 13316 1
3 15532 2
3 9227 1
3 4623 1
3 22032 3
3 11438 1
3 19478 1
3 6171 1
3 3674 1
3 15903 1
3 9761 1
3 2086 1
3 11815 1
3 1576 1
3 555 1
3 4140 1
3 3629 1
3 9265 1
3 1076 1
3 8758 1
3 11835 1
3 8766 1
3 16961 1
3 13378 1
3 12357 1
3 17994 2
3 13388 1
3 13389 1
3 590 1
3 15439 1
3 21586 3
3 15971 2
3 10510 1
3 602 1
3 18014 1
3 5216 1
3 17424 1
3 19555 1
3 956 1
3 21613 1
3 21102 1
3 11887 1
3 14448 1
3 6770 2
3 3702 2
3 6777 1
3 3605 1
3 14978 1
3 13445 1
3 1671 1
3 21134 1
3 2704 1
3 3217 1
3 6290 1
3 2197 1
3 14488 1
3 14489 1
3 11461 1
3 11431 1
3 22188 1
3 1138 1
3 8878 1
3 10928 1
3 16049 1
3 21684 1
3 6325 1
3 6327 1
3 4792 1
3 2747 1
3 700 1
3 19133 11
3 10358 1
3 14022 1
3 20681 1
3 3277 1
3 16333 1
3 11477 1
3 719 1
3 6876 1
3 4831 2
3 13776 1
3 5414 1
3 12009 1
3 22252 1
3 12013 1
3 18158 1
3 3966 1
3 17657 1
3 18686 1
3 10495 1
3 18180 1
3 2309 1
3 19718 1
3 10506 1
3 4364 3
3 12625 2
3 15119 1
3 21268 1
3 2325 2
3 4886 1
3 15128 1
3 19737 2
3 20762 1
3 8988 1
3 8989 1
3 19238 1
3 10972 1
3 18055 1
3 21295 9
3 22344 1
3 21305 1
3 4414 2
3 9536 1
3 16195 1
3 16197 1
3 21832 1
3 17740 1
3 15184 2
3 21841 1
3 21330 1
3 18773 2
3 854 1
3 22368 1
3 22369 2
3 5993 1
3 8043 2
3 9069 4
3 21870 1
3 6511 1
3 6000 1
3 13681 1
3 1342 1
3 14713 1
3 15338 1
3 1918 1
3 19839 1
3 3392 1
3 4309 1
3 8067 1
3 1925 1
3 4486 1
3 4496 7
3 13714 1
3 22339 1
3 917 1
3 3478 1
3 13721 1
3 7578 1
3 19868 1
3 7584 2
3 21409 1
3 15266 1
3 1445 1
3 18857 3
3 12202 1
3 1963 1
3 431 1
3 7600 1
3 15273 1
3 15794 1
3 7603 1
3 1468 1
3 7101 1
3 12734 1
3 13759 1
3 22464 2
3 13255 1
3 588 1
3 15351 1
3 11724 1
3 20429 1
3 8143 1
3 464 1
3 13778 1
3 10195 1
3 9684 1
3 9687 1
3 21981 1
3 13799 1
3 6652 2
3 12778 1
3 12779 1
3 11760 3
3 11762 1
3 11765 1
3 5623 1
3 2552 1
3 5625 1
3 7676 1
4 12288 3
4 6325 1
4 15874 1
4 683 1
4 13316 1
4 21334 1
4 17424 1
4 16906 1
4 9232 1
4 15448 2
4 2307 1
4 17070 1
4 14360 1
4 17435 1
4 7400 1
4 15903 3
4 9761 1
4 2594 1
4 4647 1
4 21032 1
4 21635 2
4 22571 1
4 8236 1
4 16430 1
4 9122 2
4 3636 1
4 12343 1
4 1081 1
4 863 1
4 21054 1
4 5301 1
4 12352 1
4 13889 1
4 12354 1
4 6213 1
4 22416 1
4 12360 1
4 1099 1
4 13389 2
4 12878 1
4 591 1
4 11856 1
4 21586 2
4 15444 1
4 2645 1
4 4695 1
4 9816 1
4 9817 1
4 602 3
4 7764 1
4 5216 1
4 22032 5
4 18530 1
4 15971 2
4 100 1
4 11793 1
4 15548 1
4 20803 1
4 21613 2
4 13937 2
4 3702 1
4 14969 1
4 11898 1
4 3197 1
4 5246 3
4 16661 1
4 11394 1
4 15491 1
4 5764 1
4 13957 1
4 20103 1
4 18056 1
4 12938 1
4 13451 1
4 13452 1
4 2704 2
4 19736 1
4 2196 1
4 19094 1
4 6809 1
4 17050 1
4 7835 1
4 22175 1
4 9892 1
4 11431 1
4 10922 1
4 4779 1
4 6828 1
4 1709 1
4 8878 1
4 797 1
4 6833 1
4 11444 1
4 4277 1
4 17593 1
4 3258 1
4 15035 1
4 8892 1
4 19133 5
4 21198 1
4 22209 1
4 15556 1
4 13174 1
4 17608 1
4 16586 1
4 19323 1
4 3277 2
4 4303 1
4 14543 1
4 16592 1
4 19155 1
4 7892 1
4 11477 1
4 10968 1
4 9947 1
4 18140 1
4 7903 3
4 16608 1
4 8761 1
4 5347 1
4 4326 1
4 5352 1
4 5354 1
4 22252 1
4 14574 1
4 14803 2
4 1918 1
4 11511 1
4 5208 1
4 14036 1
4 1280 1
4 14081 1
4 1067 1
4 4868 1
4 2310 1
4 1921 1
4 4364 4
4 269 1
4 10510 1
4 10515 1
4 5909 1
4 17688 1
4 13887 1
4 8989 1
4 12575 1
4 8993 1
4 18222 1
4 21295 1
4 816 1
4 17203 1
4 16701 1
4 21814 1
4 12089 1
4 20794 1
4 20284 1
4 7306 1
4 5951 1
4 6464 1
4 1760 1
4 1163 1
4 20292 2
4 12110 1
4 6477 1
4 4942 1
4 3408 1
4 1763 2
4 18772 1
4 18773 1
4 4438 1
4 9047 1
4 15704 1
4 6489 1
4 13658 1
4 18267 4
4 2747 1
4 861 1
4 7854 1
4 10080 1
4 22369 3
4 15202 1
4 3943 1
4 5993 1
4 8043 2
4 9069 2
4 21870 1
4 6511 1
4 6000 1
4 10097 2
4 21874 2
4 19124 5
4 15128 2
4 8566 1
4 4986 1
4 3647 1
4 4988 1
4 5758 1
4 1922 1
4 17793 1
4 14722 1
4 7088 1
4 1414 1
4 16961 1
4 8418 1
4 10122 1
4 7565 1
4 7055 1
4 4496 4
4 4497 1
4 2451 1
4 4500 1
4 22421 1
4 17814 1
4 408 1
4 17818 1
4 12190 1
4 14751 1
4 6561 1
4 15266 2
4 6052 1
4 18853 1
4 18857 1
4 22442 1
4 19375 1
4 7600 1
4 15273 1
4 8626 1
4 21445 1
4 8636 1
4 12734 2
4 22464 7
4 21957 2
4 21958 1
4 5576 1
4 12746 3
4 20429 1
4 10190 1
4 9167 2
4 16336 2
4 16851 1
4 11854 1
4 20953 1
4 1500 1
4 10205 1
4 21617 1
4 12778 1
4 11760 2
4 11250 1
4 502 1
4 12279 1
4 3065 1
4 11771 1
4 6652 2
4 11946 1
4 21845 1
5 12288 2
5 15872 1
5 15874 1
5 4011 1
5 19460 1
5 4438 1
5 17424 2
5 19464 2
5 22188 1
5 21514 1
5 15376 1
5 20499 1
5 16336 1
5 16473 1
5 4868 2
5 17435 1
5 11600 1
5 7514 1
5 7198 1
5 5125 1
5 10128 2
5 7771 1
5 1576 1
5 22571 1
5 22061 1
5 9262 1
5 21824 1
5 9265 1
5 13875 1
5 13876 1
5 7084 1
5 3641 1
5 5691 1
5 19516 1
5 7471 1
5 9141 1
5 1600 1
5 15937 1
5 15939 2
5 15941 1
5 9362 1
5 15432 1
5 1099 1
5 19387 1
5 12878 1
5 2129 1
5 21586 5
5 10323 1
5 9300 1
5 19545 1
5 602 3
5 12891 1
5 3676 1
5 11835 1
5 12899 1
5 20580 1
5 3175 1
5 8636 3
5 21863 1
5 18540 1
5 21613 2
5 18030 2
5 20080 1
5 13937 1
5 6770 1
5 2220 1
5 10360 1
5 14969 1
5 11898 1
5 16508 1
5 2442 3
5 16661 1
5 5764 1
5 5766 1
5 20103 1
5 9324 2
5 20429 1
5 1163 1
5 8898 1
5 9873 1
5 17042 2
5 5269 1
5 22032 1
5 1689 1
5 14495 1
5 14448 1
5 16546 1
5 20763 1
5 9380 2
5 14501 1
5 4263 1
5 5800 2
5 4777 2
5 11946 2
5 11436 2
5 15963 1
5 16049 1
5 12471 4
5 14975 1
5 19133 7
5 13901 1
5 11969 2
5 6338 1
5 15556 1
5 11461 1
5 20167 1
5 18632 2
5 17610 1
5 11469 2
5 21727 1
5 8397 1
5 18128 1
5 5791 1
5 7380 1
5 22232 1
5 7897 1
5 11995 1
5 20794 1
5 1758 1
5 7391 1
5 15584 1
5 1761 1
5 15216 1
5 7397 1
5 4326 1
5 2001 1
5 6377 1
5 22252 3
5 20717 2
5 4337 1
5 20723 1
5 18046 1
5 16607 1
5 21752 1
5 21242 1
5 20095 2
5 11004 1
5 3060 1
5 4255 1
5 14592 2
5 10497 1
5 13611 1
5 11524 1
5 18181 1
5 9169 1
5 17793 1
5 2860 1
5 14807 1
5 4364 3
5 13069 1
5 10510 2
5 7952 1
5 4312 1
5 10515 1
5 2836 1
5 12565 1
5 4373 1
5 7451 3
5 1826 2
5 19238 1
5 13532 1
5 15751 1
5 15763 1
5 16173 1
5 21295 1
5 12081 1
5 15666 1
5 7476 1
5 14645 1
5 8502 2
5 13113 1
5 12602 2
5 4831 1
5 15677 1
5 4414 1
5 3392 2
5 8416 1
5 4418 1
5 14475 1
5 8518 1
5 8143 1
5 11945 1
5 18250 1
5 15184 2
5 12625 3
5 11604 1
5 14677 3
5 21334 1
5 855 1
5 13514 1
5 22209 1
5 18267 4
5 6492 1
5 5044 1
5 863 1
5 22368 1
5 22369 4
5 3643 1
5 8422 1
5 4454 1
5 3943 1
5 3217 1
5 5993 1
5 4458 1
5 364 1
5 9069 6
5 9072 1
5 5490 1
5 11708 1
5 14709 1
5 1564 1
5 4986 1
5 19323 1
5 3966 1
5 8063 1
5 12673 3
5 1412 1
5 11142 1
5 10631 1
5 18156 1
5 15754 2
5 17806 1
5 4496 5
5 4499 1
5 2452 1
5 408 1
5 20384 2
5 14761 2
5 15266 4
5 21318 1
5 18857 2
5 22442 1
5 21419 1
5 12716 1
5 11471 1
5 7600 1
5 22450 1
5 4019 2
5 436 1
5 10677 1
5 22457 1
5 21445 1
5 13755 1
5 19900 2
5 22464 1
5 8641 1
5 11714 1
5 4037 1
5 7110 1
5 13767 1
5 3528 2
5 15817 2
5 12746 2
5 4087 1
5 14284 1
5 16333 2
5 14798 1
5 9167 1
5 14800 1
5 4448 1
5 15830 1
5 5591 1
5 5592 1
5 7483 2
5 21395 1
5 1501 1
5 6622 1
5 3408 1
5 22508 1
5 15971 1
5 11760 3
5 18020 1
5 9299 1
5 10740 1
5 3575 1
5 20986 1
5 14331 1
5 20990 1
5 15871 1
6 20482 1
6 4115 1
6 6167 1
6 22557 2
6 2078 4
6 22569 1
6 8250 1
6 4156 1
6 8255 1
6 12352 2
6 12354 1
6 9227 1
6 8260 1
6 12357 1
6 18505 1
6 2125 1
6 12391 1
6 12394 1
6 14448 1
6 8375 1
6 2179 1
6 705 1
6 12431 1
6 4263 2
6 4267 1
6 4279 1
6 8379 1
6 4289 2
6 2243 2
6 10436 1
6 4293 1
6 18632 2
6 14543 1
6 14545 1
6 2261 1
6 10484 1
6 8450 1
6 2307 1
6 2310 1
6 4364 3
6 16664 1
6 14618 1
6 18736 1
6 8502 2
6 18746 1
6 16701 1
6 8512 1
6 7904 1
6 20803 2
6 329 1
6 4428 1
6 6477 1
6 10574 1
6 12625 2
6 18772 1
6 14677 5
6 4448 1
6 6512 1
6 12663 4
6 12670 1
6 16769 1
6 4484 1
6 10636 1
6 4494 1
6 4496 3
6 16788 1
6 10646 1
6 8608 3
6 14753 1
6 18851 1
6 18853 2
6 18857 2
6 18862 1
6 8626 1
6 2491 2
6 8636 3
6 12734 1
6 8649 1
6 12746 2
6 14798 1
6 12758 1
6 14807 3
6 18904 1
6 493 1
6 14818 1
6 12779 1
6 4589 1
6 6643 1
6 6651 1
6 18942 1
6 21635 1
6 17066 1
6 4623 1
6 2596 1
6 4647 1
6 4649 1
6 555 1
6 14088 2
6 12852 1
6 588 1
6 12878 3
6 10837 1
6 8797 1
6 12905 1
6 19050 1
6 17006 1
6 21104 1
6 10686 1
6 10870 1
6 631 1
6 632 1
6 14969 1
6 14970 1
6 14974 1
6 17041 1
6 2723 2
6 6823 1
6 10920 1
6 10922 1
6 6828 1
6 6829 3
6 6830 1
6 4786 1
6 19124 2
6 8892 1
6 19133 3
6 703 2
6 6849 1
6 4807 1
6 8908 1
6 17123 1
6 7634 1
6 19582 1
6 15096 1
6 4868 2
6 16854 1
6 2835 1
6 15128 4
6 13444 1
6 8988 3
6 797 3
6 17183 1
6 8992 1
6 15166 1
6 9023 1
6 17229 1
6 4942 1
6 9047 3
6 2911 1
6 9065 1
6 9067 1
6 9069 7
6 13174 1
6 13176 1
6 13177 1
6 15442 1
6 7055 2
6 19347 1
6 21397 1
6 15266 5
6 15268 1
6 15275 1
6 7084 1
6 7088 1
6 9152 1
6 9167 3
6 9169 1
6 1019 1
6 13316 6
6 19463 1
6 19467 1
6 21522 1
6 17435 2
6 9270 1
6 3130 1
6 22369 1
6 7241 1
6 1099 1
6 9294 1
6 15441 1
6 21586 10
6 13398 1
6 5207 1
6 15451 1
6 1120 1
6 19555 1
6 13412 1
6 21606 1
6 3176 1
6 15465 1
6 12135 1
6 21613 1
6 1141 1
6 18282 1
6 5246 1
6 3203 1
6 19588 1
6 19591 2
6 19592 1
6 15499 1
6 13452 1
6 1167 1
6 3217 2
6 21657 1
6 13481 4
6 13482 2
6 15532 1
6 15534 2
6 1199 1
6 1201 1
6 13493 1
6 9398 5
6 21696 1
6 15556 2
6 15558 1
6 17608 1
6 13516 2
6 19666 1
6 5331 1
6 7380 1
6 11477 1
6 11482 1
6 15584 1
6 7397 1
6 13681 1
6 7408 1
6 13561 1
6 10453 1
6 11524 1
6 17671 2
6 17700 1
6 7461 1
6 7463 1
6 13611 1
6 7471 1
6 15666 1
6 7477 1
6 7483 2
6 1342 1
6 9550 1
6 3408 2
6 11603 1
6 3412 1
6 15713 1
6 5485 1
6 7537 1
6 21874 1
6 11708 1
6 9600 1
6 21889 1
6 15751 1
6 15754 2
6 17806 1
6 7571 1
6 11672 1
6 7577 1
6 13723 1
6 15774 1
6 15775 1
6 1440 1
6 1443 1
6 9644 1
6 7600 2
6 19900 2
6 5567 1
6 13763 1
6 21960 1
6 21962 2
6 15820 1
6 13778 1
6 9687 1
6 11737 1
6 3553 2
6 15849 1
6 15850 1
6 7660 1
6 11760 1
6 11771 3
6 5629 1
6 7699 1
6 5660 1
6 15903 2
6 3621 1
6 3627 2
6 3629 2
6 3631 1
6 9777 1
6 4019 1
6 3636 1
6 11832 2
6 13887 1
6 3674 5
6 11870 1
6 1632 1
6 7780 1
6 22119 1
6 7785 1
6 22123 1
6 11887 2
6 3702 1
6 10857 3
6 5757 1
6 5760 1
6 16012 1
6 16016 2
6 18073 1
6 5791 2
6 5797 1
6 13992 1
6 22186 1
6 22188 4
6 9901 1
6 5806 1
6 16049 1
6 3772 1
6 9920 1
6 9924 1
6 7880 1
6 7889 1
6 14036 1
6 22229 1
6 22232 3
6 16092 4
6 1758 1
6 1759 1
6 18144 1
6 22245 4
6 22252 1
6 7920 1
6 5874 1
6 18181 1
6 22280 1
6 20234 4
6 18195 1
6 1816 1
6 10035 1
6 1844 1
6 7999 1
6 16194 1
6 1865 1
6 5586 1
6 20112 1
6 18267 2
6 20794 2
6 3937 1
6 3943 1
6 5994 1
6 20343 2
6 3960 1
6 20384 2
6 22442 1
6 16302 1
6 22450 1
6 16307 1
6 22463 1
6 22464 5
6 1985 1
6 10206 1
6 11600 2
6 22500 1
6 679 2
6 7848 1
6 10638 1
6 18424 2
6 11604 1
6 11946 1
7 13824 1
7 13316 4
7 9733 1
7 12295 1
7 22032 1
7 17070 1
7 10605 1
7 9241 1
7 17435 3
7 10269 1
7 2078 1
7 15903 1
7 20000 1
7 15400 1
7 5724 1
7 16939 1
7 22572 1
7 22450 3
7 14895 1
7 1074 1
7 3636 1
7 12342 1
7 19546 1
7 4960 1
7 22283 1
7 12357 1
7 16966 1
7 9799 1
7 12360 1
7 13388 2
7 1105 1
7 12558 1
7 7768 1
7 3674 1
7 6927 1
7 3676 1
7 19553 1
7 7780 1
7 12390 1
7 12905 1
7 2407 2
7 21613 1
7 13937 2
7 9331 1
7 10857 1
7 14459 1
7 20604 1
7 15997 1
7 11392 1
7 22464 2
7 15491 1
7 1669 1
7 6790 1
7 19591 2
7 14985 2
7 15499 1
7 9069 1
7 5776 1
7 1816 1
7 19607 1
7 13978 1
7 4263 1
7 5800 1
7 13482 4
7 5806 1
7 9398 1
7 13611 1
7 8892 2
7 19133 1
7 14016 2
7 16577 1
7 2243 1
7 15556 1
7 17608 1
7 16588 1
7 6346 1
7 13516 1
7 3277 1
7 11471 1
7 1744 1
7 15569 1
7 4306 1
7 15064 1
7 10972 1
7 8570 1
7 1758 1
7 10975 1
7 14049 1
7 4322 1
7 7397 1
7 12007 1
7 20008 1
7 22258 2
7 16416 1
7 4347 1
7 9351 1
7 4589 1
7 1645 1
7 10497 1
7 10498 1
7 22571 2
7 4868 1
7 2309 1
7 14088 1
7 17163 1
7 3340 1
7 17678 1
7 15119 1
7 16661 1
7 15128 2
7 22297 1
7 7471 1
7 8988 1
7 14621 1
7 8993 1
7 5927 1
7 16092 1
7 7303 2
7 2860 1
7 16093 1
7 5210 1
7 2873 1
7 18746 1
7 10555 3
7 15166 1
7 7999 1
7 20803 2
7 22341 1
7 17225 1
7 331 1
7 20813 1
7 848 1
7 12625 1
7 3411 1
7 13514 1
7 15706 2
7 22245 1
7 22368 1
7 22374 1
7 13969 1
7 9065 1
7 7655 1
7 5485 1
7 13174 1
7 14713 2
7 13178 1
7 8511 1
7 7036 1
7 1918 1
7 21889 1
7 7044 1
7 10637 1
7 7055 1
7 4497 1
7 20882 1
7 22339 1
7 21396 1
7 20375 1
7 21402 1
7 15774 1
7 20384 2
7 15266 1
7 8794 1
7 18853 2
7 4941 1
7 18857 1
7 8107 1
7 7089 1
7 5554 1
7 4019 1
7 10684 1
7 8640 1
7 11714 1
7 12743 1
7 3528 1
7 12746 1
7 14283 1
7 15820 1
7 20429 1
7 9167 2
7 8145 1
7 12757 1
7 20900 1
7 999 1
7 13800 1
7 17899 1
7 493 1
7 1524 1
7 4086 1
7 7081 1
7 8184 1
7 7161 1
7 4603 1
7 6652 1
7 17066 1
8 12288 1
8 1537 1
8 20254 1
8 13316 3
8 7687 1
8 22188 1
8 4303 2
8 7180 1
8 4110 1
8 17424 1
8 19476 1
8 5806 1
8 10775 1
8 9755 1
8 22557 1
8 9759 1
8 21295 1
8 4130 1
8 700 1
8 10280 1
8 13404 1
8 1578 1
8 19463 1
8 20012 1
8 21039 1
8 1074 2
8 20019 1
8 17066 2
8 12341 2
8 7224 1
8 13658 1
8 8765 1
8 5969 1
8 2111 1
8 15426 1
8 17931 1
8 14404 1
8 12357 1
8 12897 1
8 22575 1
8 13388 3
8 13389 2
8 12878 1
8 19725 1
8 21586 1
8 10323 1
8 5717 1
8 5207 1
8 9816 2
8 12891 1
8 3676 1
8 8122 1
8 719 1
8 8033 1
8 10337 1
8 3171 1
8 100 1
8 9831 1
8 3176 1
8 11708 1
8 19050 1
8 13415 1
8 1645 1
8 11887 2
8 625 1
8 21618 1
8 18548 1
8 22133 1
8 3702 1
8 10857 1
8 15994 1
8 15706 1
8 5246 1
8 21696 1
8 9067 1
8 5764 1
8 22209 1
8 13963 1
8 3636 1
8 18200 1
8 17042 1
8 19094 1
8 17047 1
8 19098 1
8 22175 1
8 10096 1
8 19619 1
8 9380 1
8 14501 1
8 4263 1
8 680 1
8 13481 2
8 13482 2
8 17242 1
8 2674 1
8 15534 1
8 21679 1
8 7112 1
8 10418 1
8 1203 1
8 11444 1
8 5301 3
8 8376 1
8 9332 1
8 15903 2
8 15548 1
8 19133 1
8 3264 1
8 10433 1
8 2243 1
8 20169 1
8 13514 1
8 2763 1
8 17612 1
8 20686 1
8 15567 1
8 14032 1
8 3281 1
8 4818 1
8 14542 1
8 18646 1
8 22232 1
8 12505 1
8 11471 2
8 10972 1
8 14970 1
8 10975 2
8 18128 1
8 4322 1
8 22245 1
8 1767 1
8 22252 1
8 14574 2
8 22258 1
8 1275 1
8 554 1
8 18174 1
8 4868 2
8 14088 1
8 17162 1
8 4364 2
8 269 1
8 15119 1
8 11992 1
8 18051 2
8 16661 1
8 8636 1
8 19736 2
8 15641 1
8 4399 1
8 14622 1
8 800 1
8 8892 1
8 17188 1
8 19238 1
8 7463 1
8 7471 3
8 10120 1
8 11827 1
8 18851 1
8 17400 1
8 8502 2
8 12852 2
8 20794 1
8 15166 2
8 4496 2
8 11075 1
8 13129 1
8 8012 1
8 4941 1
8 4942 1
8 12625 5
8 2387 1
8 14677 2
8 11434 1
8 4440 1
8 3044 1
8 14682 1
8 861 1
8 7397 1
8 4960 1
8 22369 2
8 867 1
8 9167 3
8 13799 1
8 20332 1
8 9069 3
8 15215 1
8 9072 1
8 21874 2
8 13171 1
8 15128 1
8 13174 1
8 20343 1
8 13176 1
8 12670 1
8 2944 1
8 12673 1
8 18818 1
8 21733 1
8 15752 1
8 7660 1
8 18316 1
8 5517 1
8 20199 1
8 18832 1
8 2450 1
8 20547 1
8 19860 1
8 17814 1
8 7019 1
8 3992 1
8 18841 1
8 17818 1
8 17050 1
8 12190 2
8 5536 1
8 15266 3
8 1443 1
8 16804 1
8 18853 2
8 18857 1
8 22442 2
8 7751 1
8 2990 1
8 11697 1
8 22450 1
8 1976 1
8 10636 1
8 16543 1
8 19900 2
8 11709 2
8 22464 4
8 20384 1
8 19396 1
8 15035 1
8 17350 1
8 13255 2
8 14792 2
8 21451 1
8 15820 1
8 8143 1
8 5584 1
8 12905 1
8 13778 1
8 2003 1
8 16462 1
8 8151 1
8 1501 1
8 3553 1
8 22500 1
8 10726 1
8 4433 1
8 8188 1
8 12778 1
8 11098 1
8 6563 1
8 11760 2
8 21490 1
8 17395 1
8 8184 1
8 4090 1
8 7675 1
8 6652 2
8 13994 1
8 10837 1
9 12288 1
9 4104 1
9 20494 1
9 12306 1
9 14359 1
9 13316 2
9 6171 1
9 22557 1
9 2078 1
9 6180 1
9 10283 1
9 12341 1
9 16462 1
9 6226 1
9 10323 1
9 12375 1
9 12376 1
9 18521 1
9 2747 1
9 4198 1
9 14448 1
9 10360 1
9 22209 1
9 18571 1
9 12428 1
9 4238 1
9 6290 1
9 14489 1
9 14492 2
9 14495 1
9 14501 1
9 10408 1
9 10410 1
9 14509 1
9 12471 1
9 372 1
9 8906 1
9 2243 1
9 6345 1
9 20686 1
9 4303 1
9 21198 1
9 18128 1
9 8421 3
9 4326 1
9 8426 1
9 14583 1
9 14592 1
9 14593 1
9 1067 1
9 2309 1
9 2310 1
9 4364 4
9 16662 1
9 16664 1
9 20762 1
9 4389 1
9 4402 1
9 20794 1
9 8507 1
9 10634 1
9 7904 1
9 4418 1
9 8518 2
9 12625 3
9 17806 1
9 2407 1
9 8552 1
9 6511 1
9 14704 1
9 6516 1
9 18808 1
9 14713 1
9 12673 1
9 18818 1
9 18819 1
9 2442 1
9 4491 2
9 10639 1
9 4496 4
9 4497 1
9 20882 1
9 14758 1
9 18857 1
9 8626 1
9 8627 1
9 10684 1
9 16831 1
9 12746 1
9 16848 2
9 14803 1
9 12760 1
9 475 1
9 6622 2
9 10727 1
9 18920 1
9 14835 1
9 502 1
9 507 2
9 6652 2
9 21032 2
9 20914 1
9 2606 1
9 12852 2
9 588 4
9 12878 1
9 10832 1
9 4695 1
9 15460 1
9 602 1
9 12390 1
9 10857 2
9 17170 1
9 625 1
9 4728 1
9 14969 2
9 14973 1
9 14981 1
9 651 1
9 21137 1
9 19093 1
9 6824 1
9 8988 1
9 683 1
9 17070 2
9 19124 1
9 15033 1
9 22303 1
9 8892 1
9 19133 3
9 17089 1
9 4810 1
9 718 1
9 13010 1
9 19156 1
9 10972 1
9 10973 1
9 17141 1
9 759 1
9 17155 1
9 4868 3
9 19208 1
9 13069 1
9 2834 1
9 15129 1
9 21276 1
9 17183 1
9 8992 1
9 14811 1
9 804 1
9 19238 1
9 17202 1
9 21305 1
9 15166 1
9 9033 1
9 4941 1
9 4966 1
9 9065 1
9 9069 4
9 15216 1
9 17268 1
9 13174 1
9 15225 1
9 897 1
9 7056 1
9 11155 1
9 917 1
9 17312 1
9 15266 2
9 21419 1
9 7084 1
9 20639 1
9 7105 1
9 7106 1
9 19396 1
9 13255 4
9 19405 1
9 9167 2
9 9171 1
9 11238 1
9 999 1
9 11244 1
9 3060 1
9 21652 1
9 19460 1
9 7178 1
9 17424 1
9 7187 1
9 19480 1
9 17435 1
9 17436 1
9 7687 1
9 13358 1
9 5301 1
9 1547 1
9 7237 1
9 1094 1
9 10081 1
9 15432 1
9 15434 1
9 1099 1
9 13388 1
9 15441 2
9 21586 1
9 15448 5
9 13404 1
9 17504 1
9 19556 1
9 3175 1
9 3176 1
9 21613 1
9 1141 1
9 3197 1
9 5246 1
9 13445 1
9 1163 1
9 1167 1
9 3217 1
9 3220 1
9 9383 1
9 13481 1
9 11436 1
9 21679 2
9 1201 1
9 19634 1
9 13493 2
9 9398 2
9 3260 1
9 22389 1
9 7361 1
9 17602 1
9 15556 1
9 17608 1
9 13514 1
9 7371 1
9 7380 2
9 19675 1
9 21733 1
9 7400 1
9 19694 1
9 17657 1
9 1280 1
9 19717 1
9 17671 2
9 3340 1
9 7438 1
9 19736 1
9 19737 1
9 7451 2
9 7471 2
9 5424 1
9 5425 1
9 5429 1
9 9526 1
9 1336 1
9 5433 1
9 7485 1
9 1342 1
9 21841 1
9 11604 1
9 21847 1
9 1371 1
9 13663 1
9 21880 1
9 11708 1
9 9600 1
9 21889 2
9 5510 1
9 15751 1
9 7560 1
9 11662 1
9 15763 1
9 5526 1
9 7579 1
9 7582 1
9 7584 3
9 15777 1
9 13755 1
9 19900 1
9 19901 1
9 11714 2
9 15817 2
9 11723 1
9 11726 1
9 13778 1
9 9684 2
9 9687 1
9 19938 2
9 19939 1
9 7655 1
9 11760 3
9 5623 2
9 11771 2
9 12202 1
9 7686 1
9 15879 1
9 11787 1
9 22032 2
9 13848 1
9 11806 1
9 15903 6
9 15913 1
9 20014 1
9 20019 1
9 3636 2
9 9873 1
9 11835 1
9 13884 2
9 13885 3
9 13887 1
9 13889 3
9 11851 2
9 9809 2
9 7768 1
9 3674 2
9 22124 1
9 22127 1
9 18045 1
9 13950 2
9 22464 4
9 20098 1
9 1669 1
9 18055 1
9 18056 1
9 20109 1
9 13969 1
9 7830 1
9 11887 1
9 13981 1
9 13984 2
9 5801 1
9 11946 1
9 22188 2
9 16049 1
9 5811 1
9 18108 2
9 11969 1
9 1733 1
9 5838 1
9 14032 1
9 11995 1
9 7901 1
9 18144 1
9 7905 1
9 22258 1
9 18174 1
9 14081 1
9 18181 1
9 7952 2
9 15609 2
9 20255 1
9 20256 2
9 3877 1
9 18215 1
9 18222 1
9 12081 1
9 1844 1
9 3894 1
9 20281 1
9 20284 1
9 7477 1
9 22339 1
9 3918 1
9 5970 1
9 16223 1
9 22368 1
9 22369 1
9 22370 1
9 16699 1
9 3943 1
9 10096 1
9 3390 1
9 12151 2
9 1918 2
9 6015 1
9 6030 1
9 8086 1
9 6046 1
9 20384 1
9 20389 2
9 22442 1
9 16301 1
9 6063 1
9 4019 1
9 18001 1
9 22455 1
9 1979 1
9 1984 1
9 18080 1
9 14277 1
9 8636 1
9 18393 1
9 10206 1
9 4074 1
9 2027 1
9 22508 1
9 6127 1
9 16373 1
9 20137 1
9 9556 1
9 8187 1
9 14677 3
10 12288 4
10 9729 2
10 19460 2
10 8764 1
10 15567 1
10 4110 1
10 12306 1
10 20227 1
10 532 1
10 534 1
10 4441 2
10 19480 1
10 13316 4
10 17435 1
10 15754 1
10 15903 7
10 15392 1
10 2594 1
10 700 1
10 2596 1
10 3621 1
10 6182 1
10 11815 1
10 13866 1
10 11820 1
10 9261 1
10 21142 1
10 13875 1
10 11832 2
10 436 1
10 3130 1
10 21563 1
10 19516 1
10 13885 1
10 13888 1
10 13889 1
10 12354 1
10 12357 1
10 8262 1
10 10727 1
10 15432 2
10 22601 1
10 8779 1
10 588 3
10 20285 1
10 592 1
10 21586 1
10 10325 1
10 5207 1
10 15448 4
10 602 3
10 603 1
10 12986 1
10 1418 1
10 11153 1
10 15133 1
10 13412 1
10 18022 1
10 17681 1
10 22121 1
10 18540 1
10 21102 1
10 13937 1
10 3702 1
10 17257 1
10 6164 1
10 14970 2
10 17019 1
10 13950 1
10 5760 1
10 20609 1
10 18051 1
10 15494 1
10 19591 1
10 10890 1
10 535 1
10 14530 1
10 2704 1
10 3217 3
10 8253 1
10 19094 1
10 11927 2
10 14489 4
10 2245 1
10 9755 1
10 11428 1
10 12076 1
10 11434 1
10 12349 1
10 8878 1
10 12975 1
10 20148 1
10 4277 1
10 9398 1
10 1421 1
10 15033 1
10 3258 1
10 18108 5
10 12503 1
10 16757 1
10 8898 1
10 11461 1
10 17608 1
10 12663 1
10 17612 2
10 21026 1
10 4303 1
10 21199 1
10 22006 1
10 19155 1
10 10453 1
10 12665 1
10 11992 1
10 5337 1
10 9167 4
10 10972 1
10 7903 1
10 16608 1
10 8418 1
10 7397 1
10 536 1
10 5353 1
10 18154 1
10 22252 2
10 8573 1
10 9293 1
10 13042 1
10 20723 2
10 22262 1
10 17657 1
10 12010 1
10 6180 1
10 20739 1
10 4868 2
10 19718 1
10 17793 1
10 14088 1
10 18185 2
10 20234 1
10 17163 1
10 4364 1
10 5391 1
10 19728 1
10 22232 1
10 4884 2
10 4373 1
10 1304 1
10 1305 1
10 7451 3
10 8988 1
10 8989 2
10 14725 1
10 17184 2
10 17185 2
10 8892 2
10 8250 1
10 5929 1
10 3883 1
10 2348 1
10 5934 1
10 7471 2
10 7477 2
10 10975 1
10 14730 1
10 6489 1
10 17218 1
10 20291 1
10 20804 1
10 5455 1
10 3408 1
10 12625 6
10 9554 1
10 18771 1
10 11604 1
10 14677 3
10 9558 1
10 9047 4
10 3417 1
10 2394 1
10 18267 4
10 861 1
10 22369 1
10 17467 1
10 8422 1
10 5331 2
10 3943 1
10 13884 3
10 3946 1
10 9067 1
10 20332 1
10 9069 1
10 10607 1
10 6000 1
10 13681 1
10 4493 1
10 4019 1
10 18806 1
10 15735 1
10 21880 2
10 18809 3
10 16252 1
10 1405 1
10 1918 1
10 9600 1
10 14721 1
10 14722 1
10 15339 1
10 7830 1
10 1414 1
10 15751 1
10 11555 1
10 4490 1
10 10647 1
10 18618 1
10 4496 7
10 4497 1
10 22418 1
10 20803 2
10 5524 1
10 8411 1
10 409 1
10 17818 1
10 8604 1
10 11165 1
10 7237 1
10 4000 1
10 3568 1
10 15266 5
10 10147 1
10 20389 1
10 13969 1
10 16807 1
10 12716 1
10 16301 1
10 17041 1
10 14256 1
10 15794 1
10 435 1
10 15796 1
10 13242 1
10 12734 1
10 13759 1
10 22464 1
10 20384 1
10 11851 1
10 1988 1
10 502 1
10 21446 2
10 14753 1
10 13388 1
10 12746 3
10 14798 1
10 8143 1
10 2003 1
10 18904 1
10 17060 1
10 18908 1
10 8158 1
10 13793 1
10 19938 1
10 19942 1
10 19943 1
10 508 1
10 12779 2
10 11760 2
10 10225 1
10 15548 1
10 2284 1
10 12790 1
10 12791 1
10 16888 4
10 16890 1
10 6652 2
10 10238 1
11 13316 1
11 10758 1
11 12807 1
11 13832 1
11 2220 1
11 3608 1
11 3609 3
11 3610 3
11 9757 1
11 13854 1
11 6687 2
11 4649 1
11 14386 4
11 11832 1
11 2105 3
11 11835 2
11 18841 1
11 2113 1
11 20547 1
11 6724 1
11 12357 1
11 18503 2
11 15432 2
11 11850 1
11 13389 2
11 21586 2
11 6741 1
11 12891 3
11 14682 1
11 12897 1
11 15971 1
11 21606 1
11 21613 1
11 1648 1
11 13937 1
11 2674 1
11 6738 1
11 11898 1
11 9398 1
11 13440 1
11 13444 1
11 4164 1
11 9351 1
11 13452 1
11 1167 2
11 1168 1
11 20113 1
11 13970 1
11 20117 1
11 8342 1
11 8348 1
11 7329 2
11 16547 2
11 4263 1
11 10408 1
11 22188 1
11 9901 1
11 15534 1
11 16049 1
11 11294 1
11 21174 1
11 8375 1
11 9758 1
11 7870 1
11 21696 4
11 10436 1
11 15567 1
11 5332 1
11 11992 1
11 9945 3
11 10975 1
11 7392 1
11 2273 1
11 19716 2
11 7463 1
11 22252 1
11 3313 1
11 1266 1
11 3844 1
11 15609 1
11 15102 1
11 6400 1
11 14081 1
11 4868 3
11 15128 2
11 18215 2
11 7476 1
11 4831 1
11 20284 1
11 16701 1
11 16703 1
11 13129 1
11 7138 1
11 20303 1
11 12625 2
11 11604 1
11 4438 1
11 2394 1
11 22369 1
11 7010 1
11 4451 1
11 20329 1
11 18919 2
11 13677 1
11 13679 3
11 12663 1
11 12673 1
11 16260 1
11 20358 2
11 904 1
11 9069 1
11 15763 1
11 3991 1
11 3992 2
11 409 1
11 12188 1
11 4677 1
11 12713 3
11 22442 1
11 11181 1
11 5551 3
11 4680 2
11 19378 1
11 22464 2
11 13255 2
11 16333 1
11 15949 1
11 9170 1
11 4568 1
11 11737 1
11 4058 2
11 8156 1
11 19938 1
11 8187 1
11 21841 1
11 11245 1
11 11760 2
11 11253 1
11 18423 1
11 12360 1
11 9044 2
11 11771 1
11 6652 1
11 5629 1
11 5118 4
12 12288 2
12 22272 1
12 1538 1
12 12807 1
12 2220 1
12 7691 1
12 4624 1
12 5746 1
12 13846 1
12 17943 1
12 3609 2
12 3610 1
12 21727 1
12 11293 1
12 15903 2
12 6691 1
12 20519 1
12 8744 1
12 1578 1
12 5675 1
12 8236 1
12 3629 1
12 14386 2
12 12852 1
12 12342 1
12 18185 1
12 11835 1
12 2113 1
12 3992 1
12 18503 3
12 12360 2
12 11850 1
12 10167 1
12 17996 1
12 13389 3
12 2640 2
12 21586 3
12 5717 1
12 3674 2
12 6752 1
12 22032 2
12 1634 1
12 19900 1
12 18029 1
12 13937 1
12 21618 1
12 10867 1
12 13428 1
12 6776 1
12 5755 1
12 19582 1
12 5760 1
12 21782 1
12 7303 1
12 18056 1
12 13961 1
12 17548 1
12 21613 2
12 13388 3
12 16017 1
12 19094 2
12 6295 1
12 10915 1
12 602 1
12 16550 1
12 4263 1
12 22188 1
12 9901 1
12 17070 2
12 18095 1
12 2224 1
12 18180 1
12 5304 3
12 4793 1
12 9759 1
12 19133 2
12 21696 3
12 17090 1
12 2243 1
12 4293 1
12 7880 1
12 15050 1
12 12663 1
12 16588 1
12 19149 1
12 20686 1
12 11471 1
12 17108 1
12 8143 1
12 10972 2
12 7903 2
12 14049 1
12 7397 1
12 20434 1
12 3844 4
12 14583 5
12 1277 1
12 1280 1
12 19715 1
12 4868 2
12 4870 1
12 9167 1
12 20012 1
12 4364 1
12 20237 1
12 6926 1
12 21264 2
12 2834 1
12 12565 1
12 17686 1
12 6935 1
12 14724 1
12 7963 1
12 17696 1
12 9435 1
12 20260 1
12 3878 1
12 1074 1
12 21295 2
12 17200 1
12 5425 1
12 16701 1
12 1336 1
12 21305 1
12 15675 1
12 8508 1
12 7485 1
12 1342 1
12 12101 1
12 13129 2
12 7498 1
12 4941 1
12 14671 1
12 12625 5
12 9044 3
12 14677 2
12 9047 1
12 4440 1
12 6489 1
12 18267 2
12 2637 1
12 15199 1
12 4960 1
12 8034 1
12 8547 1
12 4966 3
12 20113 2
12 15208 1
12 364 1
12 9069 7
12 13679 2
12 7539 2
12 11637 1
12 20343 1
12 15225 1
12 17790 1
12 2911 1
12 2947 1
12 15442 1
12 14725 1
12 12680 1
12 7567 1
12 4496 2
12 4497 1
12 19348 1
12 9621 1
12 11672 1
12 4506 1
12 11166 1
12 20384 3
12 15266 1
12 11175 1
12 12713 2
12 16301 1
12 5552 1
12 15432 1
12 19378 1
12 17844 1
12 17225 1
12 9146 1
12 22460 1
12 22464 2
12 22469 1
12 15376 1
12 7112 1
12 15817 2
12 4556 1
12 16333 1
12 18769 1
12 17359 1
12 464 1
12 13778 1
12 9687 1
12 5394 1
12 494 1
12 6623 3
12 5625 1
12 13799 1
12 22439 1
12 16365 1
12 16366 2
12 16367 2
12 11760 1
12 497 1
12 10227 2
12 14324 2
12 6142 1
12 15864 1
12 8185 1
12 16890 1
12 5118 6
13 12288 1
13 9729 1
13 2562 2
13 15275 1
13 19460 1
13 7686 1
13 15617 1
13 12808 4
13 22188 1
13 7180 2
13 16998 1
13 20494 1
13 22032 1
13 9746 1
13 10499 1
13 4117 1
13 7826 1
13 22551 4
13 4868 3
13 3610 5
13 11292 1
13 11293 1
13 6686 1
13 3845 2
13 8238 4
13 5808 1
13 6690 1
13 18267 1
13 4644 1
13 11815 1
13 22571 1
13 11820 1
13 11075 1
13 18005 1
13 7537 1
13 9777 2
13 14386 8
13 8187 1
13 7485 1
13 1591 1
13 11832 1
13 2621 1
13 3134 1
13 7743 1
13 2113 3
13 12354 1
13 20547 2
13 7749 3
13 18503 2
13 12360 3
13 13388 1
13 13389 3
13 20560 1
13 15441 1
13 9810 2
13 3171 1
13 6741 2
13 21078 1
13 11449 5
13 88 8
13 1626 2
13 12891 1
13 3676 1
13 18528 4
13 97 3
13 99 3
13 100 3
13 18022 1
13 12390 4
13 22119 1
13 15976 1
13 22460 1
13 106 4
13 3943 1
13 108 1
13 10861 1
13 96 3
13 3261 1
13 19056 1
13 625 1
13 17257 1
13 6777 2
13 10362 9
13 5755 1
13 20604 1
13 14973 1
13 2781 1
13 6787 1
13 19588 1
13 13445 2
13 5766 1
13 10337 1
13 18056 1
13 364 1
13 1163 1
13 4011 1
13 1167 2
13 1168 3
13 18200 1
13 13970 1
13 107 1
13 15508 1
13 3609 1
13 18073 1
13 105 1
13 11887 1
13 10397 1
13 3466 1
13 16547 1
13 10728 1
13 2726 1
13 21617 2
13 13992 2
13 17067 1
13 2220 1
13 9901 2
13 5661 1
13 2224 2
13 14024 1
13 15539 1
13 1717 1
13 9398 1
13 2932 1
13 3258 1
13 7711 1
13 19133 1
13 13502 3
13 21696 1
13 19137 1
13 2243 1
13 18977 1
13 7880 1
13 20343 1
13 20686 3
13 9424 2
13 3796 1
13 6265 1
13 7655 1
13 20593 1
13 9167 1
13 10972 2
13 11898 1
13 19682 1
13 8532 1
13 7401 1
13 8428 1
13 5586 1
13 4847 1
13 5873 1
13 5874 1
13 5583 1
13 13937 3
13 14584 2
13 11988 1
13 15610 1
13 17659 1
13 281 2
13 15615 1
13 15616 1
13 8449 1
13 5675 4
13 3844 2
13 15621 1
13 19718 1
13 17671 1
13 19208 1
13 20012 1
13 20234 1
13 8110 1
13 1922 1
13 3854 1
13 5993 1
13 21264 1
13 8977 1
13 21891 1
13 12565 1
13 13611 1
13 15128 1
13 16260 1
13 10863 1
13 4058 1
13 15749 1
13 15651 1
13 8753 1
13 22071 1
13 7559 1
13 2348 2
13 7684 3
13 7471 2
13 18736 1
13 12558 2
13 21811 1
13 19764 2
13 19555 1
13 15160 1
13 21305 1
13 2874 1
13 10555 2
13 15754 1
13 13451 1
13 22340 1
13 17371 1
13 3398 1
13 13129 4
13 4663 1
13 17228 1
13 19938 1
13 4942 1
13 17231 1
13 10576 1
13 12625 4
13 17234 1
13 9044 3
13 14677 5
13 13963 1
13 12943 2
13 16223 1
13 20112 1
13 7483 1
13 12441 1
13 2407 1
13 873 2
13 14592 1
13 19943 1
13 3948 1
13 10605 1
13 5486 1
13 13679 2
13 17265 1
13 372 1
13 8565 1
13 11638 1
13 12151 1
13 18808 1
13 7548 1
13 7546 2
13 19519 1
13 19836 1
13 19326 1
13 13697 1
13 21890 1
13 7043 1
13 13703 1
13 14725 1
13 7745 2
13 11144 1
13 17290 2
13 395 1
13 9069 5
13 7565 1
13 2446 1
13 16363 3
13 17810 1
13 12343 1
13 9108 1
13 14743 1
13 15903 1
13 18841 1
13 1947 1
13 17504 1
13 7069 3
13 20384 1
13 5538 1
13 11684 1
13 1957 1
13 7409 2
13 12713 2
13 21419 1
13 7084 1
13 11181 1
13 2990 1
13 5551 1
13 2159 1
13 8628 1
13 9144 1
13 8718 1
13 19900 2
13 11821 2
13 16831 1
13 22464 1
13 17312 1
13 11714 1
13 19396 1
13 4038 1
13 13255 1
13 8012 1
13 15207 1
13 6221 1
13 8145 2
13 9170 1
13 19619 1
13 18002 1
13 20900 1
13 15322 4
13 11227 1
13 5596 1
13 10206 1
13 20389 1
13 5301 1
13 14306 1
13 7139 1
13 7653 1
13 8166 1
13 18919 5
13 11927 1
13 18940 3
13 12778 2
13 4263 1
13 493 1
13 6809 1
13 11760 2
13 18929 1
13 8178 1
13 17395 2
13 18420 3
13 510 1
13 18423 2
13 505 1
13 4602 1
13 13819 1
13 4604 1
13 5118 8
13 16469 1
14 12288 1
14 8705 1
14 15874 1
14 7683 1
14 19460 1
14 16901 1
14 7687 1
14 7688 1
14 22188 2
14 10839 1
14 13836 1
14 10765 1
14 22030 1
14 22032 4
14 4382 1
14 1556 1
14 10264 1
14 22551 1
14 1048 1
14 7684 1
14 4635 1
14 22044 1
14 7400 1
14 8781 1
14 15903 3
14 6691 1
14 20519 1
14 20010 1
14 3627 1
14 20012 3
14 11821 1
14 20015 1
14 2096 2
14 9777 1
14 9873 1
14 11444 1
14 11040 1
14 4161 1
14 12354 1
14 267 1
14 10820 1
14 7237 1
14 11334 1
14 5191 1
14 13863 1
14 13388 1
14 13389 2
14 6734 1
14 9809 1
14 21586 5
14 6741 1
14 10681 1
14 6021 1
14 602 1
14 1627 2
14 15582 1
14 613 1
14 6331 1
14 16998 3
14 12390 1
14 18023 1
14 19900 4
14 19050 1
14 11887 2
14 11889 1
14 4210 1
14 106 2
14 10857 1
14 10360 1
14 6778 1
14 3197 1
14 15808 1
14 13443 1
14 20494 1
14 20103 1
14 13451 1
14 4011 1
14 9069 3
14 1168 1
14 7313 1
14 13474 1
14 18074 1
14 21147 1
14 669 1
14 671 1
14 16544 1
14 16679 1
14 15010 1
14 16547 1
14 7584 1
14 7217 1
14 10918 1
14 625 1
14 680 1
14 17577 1
14 13994 1
14 17067 1
14 2220 1
14 15534 1
14 22369 1
14 19124 1
14 5301 1
14 20663 1
14 8376 1
14 2745 1
14 2747 1
14 1724 1
14 19133 1
14 11969 1
14 20803 1
14 13174 1
14 20167 1
14 20168 1
14 16588 1
14 2765 1
14 20686 1
14 4303 1
14 20690 1
14 9201 1
14 16882 2
14 10974 1
14 7903 1
14 10464 2
14 13026 1
14 10467 3
14 8421 2
14 7911 1
14 16616 1
14 10985 1
14 746 1
14 6695 1
14 17106 1
14 7408 1
14 18162 1
14 14584 1
14 17658 1
14 1578 4
14 15102 1
14 11007 2
14 14592 2
14 22571 1
14 4868 2
14 19718 1
14 18185 3
14 3339 1
14 4364 1
14 7438 1
14 8749 1
14 13073 1
14 2834 1
14 20099 1
14 16661 1
14 21784 1
14 281 1
14 21295 1
14 14622 1
14 6943 1
14 13088 1
14 18210 2
14 8892 1
14 7463 1
14 12585 1
14 13611 1
14 18222 1
14 7471 1
14 17200 1
14 17203 1
14 1844 1
14 20277 1
14 10555 1
14 1852 1
14 13963 2
14 1351 1
14 5448 1
14 5935 1
14 17229 2
14 4942 1
14 20303 1
14 12624 1
14 5969 1
14 14306 2
14 14677 1
14 9047 1
14 18200 1
14 10075 1
14 15185 2
14 2955 1
14 11152 1
14 14094 1
14 4451 1
14 359 1
14 873 1
14 6375 1
14 16543 1
14 9582 1
14 11632 1
14 10984 1
14 21875 1
14 21878 1
14 12663 1
14 5498 1
14 11708 2
14 17277 1
14 10975 1
14 16260 2
14 14725 1
14 13889 1
14 7048 1
14 395 1
14 4496 1
14 7570 1
14 15763 1
14 10644 1
14 21912 1
14 18841 1
14 12891 1
14 13723 1
14 19347 2
14 4509 1
14 7582 2
14 13727 2
14 17312 3
14 15266 2
14 4003 1
14 20389 1
14 14758 1
14 16807 1
14 7592 2
14 15431 1
14 11181 1
14 1968 1
14 12119 1
14 8627 1
14 13238 1
14 1465 1
14 1466 1
14 17339 1
14 8636 1
14 22464 6
14 20384 1
14 11714 2
14 13763 1
14 2129 1
14 7623 1
14 588 1
14 13772 1
14 20429 1
14 12750 1
14 9167 1
14 16120 1
14 9171 1
14 21617 1
14 12878 4
14 505 1
14 20722 1
14 12252 1
14 10205 2
14 10206 2
14 9697 1
14 19938 1
14 12625 2
14 13800 1
14 7637 1
14 10407 1
14 13161 1
14 11760 3
14 497 1
14 10226 1
14 6137 1
14 15860 1
14 22245 1
14 5623 3
14 17485 1
14 13817 1
14 16890 1
14 11771 1
14 5118 1
14 18005 2
15 12288 3
15 15874 1
15 7684 2
15 7687 1
15 4617 1
15 1671 1
15 20494 1
15 2063 1
15 22032 3
15 2065 1
15 22551 5
15 4122 3
15 11293 1
15 15903 1
15 1092 1
15 18465 1
15 13863 1
15 12333 1
15 8238 2
15 13360 1
15 16946 1
15 16367 1
15 1076 1
15 4149 1
15 12343 1
15 13883 1
15 8765 2
15 8260 1
15 12870 2
15 15432 1
15 585 1
15 17996 1
15 17490 3
15 596 1
15 18005 3
15 12888 1
15 19035 2
15 19036 1
15 18013 1
15 18528 2
15 2747 1
15 9316 1
15 16998 2
15 13926 2
15 3772 1
15 106 2
15 11887 1
15 5232 2
15 13937 1
15 626 1
15 2164 1
15 1141 1
15 12279 2
15 10360 1
15 6265 1
15 20882 1
15 5758 1
15 17535 1
15 3201 1
15 6787 1
15 19588 1
15 13445 1
15 9351 1
15 18571 1
15 1167 2
15 3221 1
15 18162 2
15 16544 1
15 14448 1
15 19619 2
15 16838 1
15 17521 1
15 17067 1
15 19628 1
15 3758 1
15 22557 1
15 11440 1
15 20148 1
15 19126 1
15 11449 2
15 20154 1
15 6331 1
15 15548 1
15 19133 2
15 14527 1
15 6853 1
15 8737 1
15 6809 1
15 13513 1
15 14026 1
15 20686 2
15 9945 1
15 10975 1
15 1763 1
15 7401 1
15 12010 1
15 18668 1
15 59 1
15 12018 2
15 5246 1
15 17656 1
15 13562 1
15 16123 1
15 4870 1
15 18185 1
15 4364 2
15 3629 1
15 273 1
15 3203 1
15 4884 1
15 18197 1
15 21782 6
15 281 2
15 18215 1
15 17063 1
15 17707 2
15 20269 1
15 18222 1
15 7471 1
15 16177 1
15 19764 1
15 21305 1
15 6459 1
15 7487 1
15 9536 1
15 13428 4
15 20291 1
15 6982 1
15 14672 2
15 12625 1
15 2387 1
15 19804 1
15 4960 2
15 15713 1
15 6715 1
15 7528 1
15 364 1
15 9069 2
15 12151 1
15 3962 1
15 5951 1
15 8512 1
15 8066 1
15 3974 1
15 3975 1
15 19180 2
15 15754 2
15 3991 1
15 16273 1
15 22418 1
15 5443 1
15 9620 1
15 14522 1
15 11672 1
15 7236 1
15 4507 2
15 7069 2
15 4000 1
15 15266 1
15 13723 3
15 18852 1
15 22442 1
15 12716 1
15 13229 1
15 2990 1
15 4509 2
15 1457 1
15 6066 1
15 7095 1
15 500 1
15 1466 4
15 11708 1
15 11714 7
15 19398 1
15 588 1
15 15819 1
15 13772 1
15 464 1
15 4049 1
15 15317 1
15 14807 1
15 8156 1
15 7418 1
15 14306 1
15 16871 1
15 16363 1
15 21586 1
15 3055 1
15 14324 1
15 5623 3
15 6652 1
15 5119 1
16 7684 2
16 7687 1
16 22030 1
16 2063 1
16 17943 1
16 13854 2
16 547 1
16 12325 2
16 20519 1
16 11821 1
16 16432 1
16 9777 1
16 13884 1
16 4670 1
16 20547 1
16 16054 2
16 15438 1
16 591 1
16 9813 1
16 7777 1
16 3171 1
16 7780 1
16 16998 2
16 15976 1
16 105 1
16 106 3
16 21619 1
16 10360 1
16 22463 1
16 7274 1
16 4233 1
16 22551 6
16 19089 1
16 19092 1
16 16546 1
16 4263 2
16 14509 1
16 20662 1
16 11449 1
16 8892 1
16 19133 1
16 13504 1
16 16579 1
16 21189 1
16 11979 1
16 13516 1
16 16594 1
16 10453 1
16 11215 1
16 10972 1
16 21726 1
16 11303 1
16 6383 1
16 8950 1
16 18175 1
16 14592 1
16 8449 1
16 2306 1
16 4867 1
16 18182 1
16 18185 3
16 4364 2
16 2839 1
16 797 1
16 17229 1
16 6951 1
16 17706 1
16 13611 1
16 15666 1
16 21295 1
16 11570 1
16 1844 1
16 21305 1
16 12602 1
16 16193 1
16 15499 1
16 16197 1
16 8012 1
16 8013 1
16 17234 1
16 11609 1
16 13658 1
16 22368 1
16 9069 1
16 15218 1
16 11708 1
16 8564 1
16 15221 1
16 15222 3
16 15227 1
16 12670 1
16 7552 1
16 9901 1
16 1410 1
16 16363 1
16 3905 1
16 395 1
16 910 1
16 19864 1
16 3991 1
16 11672 3
16 13723 1
16 7069 1
16 17312 2
16 4002 1
16 15276 1
16 2990 1
16 1466 2
16 8636 1
16 11709 1
16 3519 1
16 7623 1
16 14286 1
16 9167 1
16 18911 1
16 16775 1
16 18921 1
16 10407 4
16 3060 1
16 5623 5
16 18426 1
16 5119 1
17 12288 4
17 6400 1
17 6146 1
17 19460 1
17 9733 1
17 7687 1
17 1032 2
17 15532 1
17 13834 1
17 21003 1
17 18055 2
17 16911 1
17 22032 1
17 16915 1
17 1046 1
17 22551 1
17 13848 1
17 12825 1
17 18460 2
17 15903 1
17 18267 1
17 6695 1
17 20914 1
17 10798 1
17 16432 1
17 8753 3
17 1074 1
17 12342 1
17 11835 1
17 4668 1
17 14397 1
17 13888 1
17 4161 1
17 5703 1
17 14408 1
17 73 1
17 7755 2
17 588 2
17 855 1
17 1619 1
17 13398 2
17 1844 1
17 1113 1
17 603 1
17 4231 1
17 18528 1
17 101 1
17 16998 1
17 18876 3
17 11887 1
17 14448 1
17 13937 4
17 14427 1
17 9331 1
17 1140 1
17 1141 1
17 21097 1
17 17017 1
17 22463 1
17 13951 1
17 1152 1
17 19136 1
17 19478 1
17 6791 1
17 20109 1
17 13454 1
17 17041 1
17 4754 1
17 9875 1
17 17046 1
17 19096 1
17 7620 1
17 13679 2
17 14493 1
17 10398 1
17 14495 1
17 673 1
17 9380 1
17 17066 1
17 22188 1
17 2674 1
17 13493 1
17 7862 1
17 21687 1
17 5304 1
17 15548 1
17 19133 7
17 16576 1
17 4290 1
17 4291 1
17 2761 2
17 16586 1
17 718 1
17 10963 1
17 20686 1
17 14993 1
17 11482 1
17 10972 1
17 10974 1
17 1765 1
17 742 1
17 7399 1
17 5864 1
17 16252 1
17 4335 1
17 1266 1
17 20725 1
17 14583 2
17 3321 1
17 17148 1
17 12471 1
17 14592 1
17 8449 2
17 14595 1
17 3844 1
17 3845 1
17 520 1
17 14088 1
17 4364 3
17 5391 1
17 16273 1
17 274 1
17 2323 1
17 17684 1
17 1838 1
17 16662 1
17 15128 1
17 20254 1
17 18736 2
17 19238 1
17 3649 2
17 12585 1
17 11563 1
17 21696 1
17 18222 1
17 16175 1
17 9520 1
17 15666 1
17 11059 1
17 11143 1
17 15582 1
17 19254 1
17 21305 3
17 10555 2
17 20284 1
17 4414 1
17 21312 3
17 3398 1
17 17737 1
17 17228 1
17 16866 1
17 6479 1
17 12625 4
17 9044 1
17 9047 2
17 21851 1
17 19804 1
17 22368 1
17 22369 2
17 3217 1
17 8041 1
17 7655 1
17 9069 5
17 6511 1
17 5352 1
17 20113 2
17 17788 1
17 12670 1
17 9600 1
17 1922 1
17 16775 1
17 7660 1
17 4497 1
17 3991 2
17 3481 1
17 1436 1
17 18853 2
17 16807 1
17 5504 1
17 4019 1
17 13129 1
17 19900 1
17 16831 1
17 15808 1
17 13763 1
17 15751 1
17 7110 1
17 3529 1
17 9167 2
17 464 1
17 7633 1
17 9684 2
17 6622 1
17 14306 1
17 16867 1
17 21841 1
17 7659 1
17 8660 1
17 16367 1
17 11760 1
17 497 1
17 14324 1
17 16373 1
17 7160 1
17 4603 1
18 12288 1
18 3171 1
18 19460 1
18 9733 1
18 1032 1
18 11273 1
18 7690 1
18 11275 5
18 22032 4
18 9234 1
18 15534 1
18 19478 1
18 4868 2
18 17435 1
18 1054 1
18 6687 1
18 18467 1
18 9767 1
18 11817 1
18 22571 1
18 15404 1
18 22024 3
18 5682 1
18 13875 1
18 3636 2
18 1590 1
18 7433 5
18 13880 1
18 4665 1
18 12349 1
18 6718 1
18 1076 1
18 578 1
18 20547 1
18 1092 1
18 7237 1
18 14596 1
18 15432 2
18 17996 1
18 12878 2
18 21586 1
18 13411 1
18 13398 3
18 1844 2
18 9816 1
18 19556 1
18 13404 1
18 18525 1
18 18528 1
18 6331 1
18 16336 1
18 18023 2
18 15976 1
18 14953 1
18 13418 4
18 21613 2
18 11887 1
18 14448 1
18 13937 1
18 21618 1
18 20595 1
18 1141 2
18 15209 2
18 10360 1
18 11388 1
18 3197 1
18 5758 1
18 5760 1
18 3203 1
18 10372 1
18 13445 1
18 18055 1
18 13449 1
18 13963 1
18 13452 1
18 1683 1
18 14996 1
18 3353 2
18 3176 1
18 18080 1
18 19619 1
18 4438 1
18 1990 1
18 13832 1
18 17067 1
18 15532 2
18 3758 2
18 16049 1
18 13493 3
18 22198 6
18 9161 1
18 7867 1
18 18108 1
18 19133 8
18 4831 1
18 2239 1
18 21696 1
18 19137 1
18 2243 1
18 19140 1
18 19048 2
18 20168 1
18 4235 1
18 8400 1
18 14033 1
18 17106 1
18 10452 1
18 10453 1
18 20695 3
18 9432 1
18 9434 1
18 10972 1
18 10463 2
18 10464 1
18 2273 1
18 9442 1
18 5860 1
18 17637 3
18 19716 1
18 12009 1
18 5355 1
18 19180 1
18 10482 3
18 6316 1
18 6901 1
18 14583 1
18 17657 1
18 901 2
18 14592 1
18 19715 1
18 3332 1
18 1798 2
18 6017 1
18 7432 1
18 16649 1
18 20234 1
18 4364 2
18 6926 1
18 15119 2
18 16661 1
18 21782 1
18 2839 3
18 15128 1
18 2841 1
18 7451 1
18 14725 2
18 18208 1
18 18209 2
18 13444 1
18 1827 1
18 5529 1
18 4392 1
18 18222 1
18 20271 1
18 9520 1
18 11569 1
18 14131 2
18 2772 1
18 6965 1
18 19254 1
18 21305 4
18 13627 1
18 21312 1
18 15584 1
18 3907 2
18 22340 1
18 3909 1
18 6982 1
18 3911 2
18 15177 1
18 3127 1
18 4433 1
18 9047 1
18 12625 1
18 3796 3
18 14677 1
18 15190 3
18 5433 2
18 18267 1
18 741 1
18 16224 1
18 8507 1
18 8550 1
18 15208 1
18 6695 1
18 5994 1
18 9069 1
18 10097 1
18 11635 1
18 7540 1
18 967 1
18 12151 1
18 8568 2
18 12153 1
18 21882 1
18 4002 1
18 19837 1
18 8063 1
18 9600 1
18 17793 1
18 9622 1
18 19336 1
18 748 1
18 17303 1
18 4492 1
18 7565 1
18 2541 1
18 22418 1
18 18324 1
18 4590 1
18 8086 1
18 3991 2
18 3992 2
18 3652 2
18 12190 1
18 8607 1
18 20384 3
18 15777 1
18 1442 1
18 1443 1
18 10154 1
18 9458 1
18 16302 1
18 7088 1
18 7089 2
18 18052 1
18 20915 1
18 414 1
18 11192 1
18 18876 1
18 3519 1
18 7584 1
18 11714 1
18 16835 1
18 7380 1
18 4037 1
18 7110 2
18 14791 1
18 9160 1
18 13388 1
18 11723 1
18 15820 1
18 418 1
18 12750 1
18 9167 4
18 17360 1
18 16341 1
18 18391 1
18 5593 1
18 10206 1
18 1504 1
18 14306 1
18 8421 1
18 10724 1
18 10727 3
18 489 1
18 8683 1
18 7660 1
18 4589 2
18 494 1
18 15856 1
18 3058 1
18 11763 1
18 3060 1
18 16373 1
18 5623 1
18 15864 1
18 6652 2
18 13822 1
19 19460 2
19 9733 1
19 19464 1
19 16911 1
19 16913 1
19 15893 1
19 17435 1
19 15903 1
19 9761 1
19 18267 1
19 3621 2
19 16936 1
19 3629 2
19 435 1
19 12343 1
19 7224 1
19 12349 1
19 20547 2
19 3652 1
19 1094 1
19 3660 1
19 13389 2
19 12878 1
19 21586 1
19 13400 1
19 13405 2
19 13408 2
19 12897 1
19 13418 1
19 4385 1
19 18544 1
19 1141 2
19 4219 2
19 6790 1
19 2244 1
19 11931 1
19 14448 1
19 9755 1
19 11431 1
19 16049 3
19 12471 1
19 19133 6
19 18628 1
19 10439 1
19 13516 1
19 3278 1
19 22232 1
19 1246 1
19 8421 1
19 4326 2
19 5351 1
19 4335 1
19 3624 1
19 1266 1
19 6900 1
19 8950 1
19 18686 1
19 8449 1
19 20227 1
19 4868 1
19 19718 1
19 18185 1
19 4364 2
19 17168 2
19 21268 1
19 19734 1
19 2839 1
19 2841 2
19 4894 2
19 18209 1
19 10531 1
19 21804 1
19 1844 2
19 21305 4
19 19258 1
19 847 1
19 15190 1
19 1371 1
19 15199 1
19 19808 1
19 15717 1
19 21354 1
19 9069 2
19 12151 1
19 1917 1
19 1918 2
19 9600 2
19 395 1
19 10124 1
19 1019 2
19 4496 2
19 411 1
19 412 1
19 15773 1
19 7584 2
19 1446 1
19 5033 1
19 22442 1
19 15794 1
19 14771 1
19 11714 1
19 9167 1
19 7637 1
19 6102 1
19 10206 1
19 13819 1
19 16383 1
19 11760 1
19 3060 2
19 5623 1
19 11771 4
19 12799 1
