1 12288 1
1 6742 1
1 6829 1
1 22032 3
1 15889 1
1 4116 1
1 22551 2
1 22276 1
1 11293 1
1 15903 1
1 4132 1
1 3629 2
1 12848 1
1 7432 1
1 1076 1
1 569 1
1 14397 1
1 13890 1
1 7236 1
1 16301 1
1 13388 2
1 13389 2
1 16462 1
1 13398 1
1 3417 1
1 14427 2
1 18528 1
1 7780 1
1 9831 1
1 18108 1
1 21612 1
1 21613 1
1 10862 1
1 14448 1
1 13937 1
1 13938 1
1 17013 2
1 17016 1
1 14969 1
1 11898 1
1 1709 1
1 12930 1
1 13445 1
1 17041 1
1 15508 1
1 14673 1
1 14495 1
1 11434 1
1 22188 1
1 9901 1
1 17071 1
1 19124 1
1 5301 1
1 14537 1
1 8376 1
1 8892 1
1 19133 3
1 1141 1
1 21878 1
1 20168 1
1 15820 3
1 13516 1
1 9424 1
1 4306 1
1 3806 1
1 2273 1
1 13026 1
1 4836 1
1 17788 2
1 22252 1
1 14574 1
1 8943 1
1 14066 1
1 21750 1
1 8953 1
1 8954 1
1 14592 1
1 8449 1
1 21764 1
1 20232 1
1 4055 1
1 4364 1
1 17696 1
1 11555 1
1 7463 1
1 12585 1
1 2859 1
1 18222 1
1 21295 1
1 17203 2
1 16694 1
1 21305 1
1 3900 1
1 11074 1
1 3395 1
1 6469 1
1 8012 1
1 20194 1
1 4942 1
1 18769 1
1 14677 2
1 9047 1
1 15192 1
1 740 1
1 13658 2
1 22369 1
1 9062 1
1 7313 1
1 9069 2
1 11632 1
1 5860 1
1 7542 1
1 3220 1
1 21883 1
1 14716 1
1 6014 1
1 18818 1
1 4484 1
1 6481 1
1 4496 1
1 22418 1
1 10646 1
1 17816 1
1 17817 1
1 5019 1
1 18227 1
1 8608 1
1 9121 1
1 17323 1
1 9458 1
1 7600 2
1 433 1
1 11187 1
1 9887 1
1 8636 1
1 15808 2
1 11714 1
1 9668 1
1 18887 1
1 3529 1
1 11724 1
1 16333 2
1 9167 1
1 13776 1
1 8660 1
1 7637 1
1 5591 1
1 2523 1
1 15841 1
1 19938 1
1 12625 1
1 7660 1
1 15857 1
2 12288 1
2 15874 1
2 19460 2
2 14081 1
2 6672 1
2 15890 1
2 19204 1
2 11292 1
2 19802 1
2 11807 1
2 16416 1
2 33 1
2 3621 1
2 4134 1
2 6695 1
2 6889 1
2 22061 1
2 564 1
2 7432 1
2 3636 1
2 5391 1
2 568 1
2 3643 1
2 13888 1
2 13889 1
2 12354 1
2 22369 1
2 15432 1
2 20556 1
2 10318 1
2 18511 1
2 592 2
2 21586 1
2 13398 1
2 10897 1
2 14427 1
2 20064 1
2 22032 1
2 11771 2
2 10857 1
2 3943 1
2 18540 1
2 21102 1
2 14448 1
2 21617 1
2 1650 1
2 19060 1
2 1141 1
2 17014 1
2 17015 1
2 6687 1
2 6265 1
2 18042 1
2 1147 1
2 12930 1
2 18052 1
2 6790 1
2 11399 2
2 648 1
2 12055 1
2 20113 1
2 13507 1
2 10900 1
2 9884 1
2 7584 1
2 4263 1
2 19624 1
2 21874 1
2 3758 2
2 19124 1
2 16054 1
2 8376 1
2 20155 1
2 19133 10
2 16579 1
2 13508 2
2 13799 1
2 20168 1
2 20343 1
2 13516 1
2 1747 1
2 4311 1
2 11992 1
2 8410 1
2 6876 1
2 15582 1
2 10975 3
2 10976 1
2 740 1
2 7397 1
2 15590 1
2 744 1
2 15593 2
2 5356 1
2 20717 1
2 10484 1
2 8950 1
2 8954 1
2 14592 3
2 1281 1
2 4867 1
2 4868 1
2 4360 1
2 7433 3
2 9483 1
2 4364 1
2 15119 1
2 7952 1
2 2323 2
2 18197 1
2 1815 1
2 15128 1
2 10012 1
2 800 1
2 1670 1
2 19238 1
2 15495 1
2 12588 1
2 1501 1
2 17203 1
2 15753 1
2 21305 10
2 20794 2
2 4831 1
2 20284 1
2 15754 1
2 3392 1
2 3393 1
2 8518 1
2 17225 2
2 22350 1
2 21841 1
2 5458 1
2 4579 1
2 14677 4
2 9047 1
2 11059 1
2 13658 1
2 9566 1
2 22368 1
2 9569 1
2 1378 1
2 12091 1
2 17041 1
2 5994 1
2 10727 1
2 9069 5
2 13682 1
2 21875 1
2 17129 1
2 17788 1
2 1917 1
2 21377 1
2 18818 2
2 15751 1
2 8073 1
2 17290 1
2 1602 1
2 10643 1
2 13723 1
2 7582 1
2 8607 3
2 20384 1
2 17313 1
2 15266 1
2 15273 2
2 19016 1
2 11187 1
2 10679 1
2 19900 2
2 3629 1
2 20695 1
2 18528 1
2 2464 1
2 11714 1
2 13763 1
2 18166 1
2 20559 1
2 5069 1
2 9167 1
2 19408 1
2 6097 1
2 13778 2
2 8660 2
2 12878 1
2 14807 4
2 18876 2
2 9691 1
2 2525 1
2 19938 1
2 19939 1
2 4583 1
2 10218 1
2 8685 1
2 16367 1
2 3058 1
2 6651 2
3 12288 1
3 14592 2
3 19460 1
3 1031 3
3 12296 1
3 11273 1
3 11787 1
3 3084 1
3 9667 1
3 14509 1
3 4115 1
3 19478 1
3 22551 1
3 13849 1
3 17435 1
3 20000 1
3 14369 1
3 38 1
3 6183 1
3 615 1
3 3629 2
3 15567 1
3 16431 1
3 3633 1
3 1074 1
3 2611 1
3 1589 1
3 21110 1
3 3127 1
3 13880 1
3 13881 1
3 8764 1
3 12349 1
3 3647 2
3 3648 1
3 7776 1
3 3650 1
3 3651 1
3 3652 2
3 22369 3
3 15432 1
3 13388 1
3 10318 1
3 592 1
3 8035 1
3 15444 1
3 12558 1
3 6742 1
3 4111 1
3 13404 1
3 8797 1
3 719 1
3 18528 1
3 18529 2
3 6331 1
3 13412 1
3 18023 2
3 9832 1
3 105 1
3 3690 1
3 22119 1
3 108 1
3 6765 1
3 20669 1
3 13937 1
3 13331 1
3 22082 3
3 1141 2
3 17014 1
3 17015 1
3 17016 1
3 6265 2
3 18554 1
3 13951 2
3 11392 1
3 12930 2
3 18283 1
3 5764 1
3 12933 1
3 11398 2
3 449 1
3 18569 1
3 18882 4
3 1678 1
3 7823 1
3 3217 2
3 658 1
3 4547 1
3 17046 3
3 18071 1
3 15042 1
3 6809 1
3 1062 1
3 16541 1
3 7326 1
3 5829 1
3 672 1
3 15980 1
3 19619 2
3 9380 1
3 13478 2
3 11946 1
3 17067 1
3 9901 2
3 15128 1
3 3760 1
3 19124 1
3 5321 1
3 11449 1
3 3770 1
3 4795 1
3 19133 11
3 7870 3
3 22207 1
3 14016 1
3 4290 3
3 2243 1
3 21188 1
3 11461 1
3 4385 1
3 2761 1
3 12151 2
3 13516 1
3 3277 1
3 1997 1
3 16592 2
3 20695 1
3 11992 1
3 5337 1
3 20187 1
3 10972 1
3 18042 2
3 14046 1
3 4831 2
3 7397 1
3 745 1
3 12010 1
3 13863 1
3 21228 1
3 9458 1
3 20723 2
3 17148 1
3 18175 1
3 1280 1
3 12673 1
3 7433 1
3 4364 2
3 13069 1
3 17166 1
3 8749 1
3 7952 1
3 13073 1
3 17170 1
3 4884 1
3 21781 1
3 278 1
3 17688 1
3 20519 1
3 8988 1
3 798 1
3 7457 1
3 2523 1
3 19238 1
3 12585 1
3 11563 1
3 18222 1
3 7471 1
3 18736 1
3 1841 1
3 20276 1
3 21305 10
3 10975 1
3 10044 1
3 12094 1
3 3903 1
3 4417 1
3 5443 1
3 22344 1
3 17225 1
3 20299 1
3 17228 1
3 8013 1
3 21841 2
3 9047 1
3 9044 2
3 22358 1
3 14649 4
3 6489 1
3 15119 1
3 13148 1
3 7519 1
3 19808 1
3 7521 1
3 15714 1
3 11639 1
3 17041 1
3 1899 1
3 9069 3
3 9072 2
3 21875 1
3 4414 2
3 20343 3
3 8568 1
3 5498 1
3 15735 1
3 405 1
3 13888 1
3 1922 1
3 14827 1
3 16775 2
3 904 1
3 12354 1
3 2840 1
3 10128 1
3 20882 1
3 917 1
3 3992 2
3 15774 2
3 7584 2
3 15266 3
3 1838 1
3 18853 1
3 11180 1
3 16301 1
3 5551 1
3 7601 1
3 10162 1
3 20915 1
3 18420 1
3 21947 1
3 18876 7
3 4029 1
3 22464 3
3 20384 2
3 11714 2
3 17227 1
3 13252 3
3 17352 1
3 3529 1
3 1482 1
3 4555 1
3 13772 1
3 5069 3
3 1998 1
3 463 1
3 14290 2
3 10915 1
3 13781 1
3 14807 1
3 1499 1
3 9887 1
3 1501 1
3 15445 1
3 1504 1
3 4066 1
3 10723 1
3 12625 3
3 15849 1
3 8683 2
3 22508 1
3 4589 2
3 20165 1
3 13809 1
3 15565 1
3 14324 1
3 16373 1
3 5623 1
3 12343 1
3 15355 1
3 6652 1
3 22186 1
3 18005 1
4 16898 1
4 13316 2
4 2054 1
4 8961 1
4 11273 2
4 11275 3
4 22032 1
4 17943 2
4 12825 1
4 22554 1
4 22557 1
4 5150 1
4 15621 1
4 11298 1
4 1798 1
4 20519 1
4 8232 1
4 22571 1
4 3633 1
4 3127 2
4 3128 1
4 3641 1
4 2911 1
4 17162 1
4 578 1
4 20547 1
4 7237 1
4 15432 2
4 19019 1
4 655 1
4 15439 1
4 7248 1
4 21586 2
4 13398 1
4 4695 1
4 9305 1
4 1627 1
4 2663 2
4 18108 1
4 22122 1
4 15207 1
4 21613 4
4 11887 1
4 14448 1
4 13937 1
4 10857 1
4 12906 1
4 18046 1
4 5760 1
4 15491 1
4 18056 1
4 8332 1
4 7311 1
4 17041 1
4 3731 1
4 3183 1
4 14492 1
4 2207 1
4 18080 1
4 19056 1
4 13475 1
4 4263 1
4 20649 1
4 18632 1
4 12317 1
4 17072 1
4 15560 1
4 21692 1
4 19636 1
4 22198 2
4 8380 1
4 19133 3
4 17737 6
4 4799 1
4 20167 1
4 20168 1
4 20343 2
4 15567 1
4 16592 1
4 7889 1
4 3796 3
4 20695 1
4 9434 1
4 12495 1
4 3804 1
4 4317 1
4 1246 2
4 10975 1
4 8935 1
4 5864 1
4 745 1
4 8943 1
4 19938 1
4 18164 1
4 12670 1
4 20726 1
4 15609 1
4 8449 2
4 4867 1
4 4868 1
4 2309 1
4 19718 1
4 19721 1
4 16650 1
4 4364 1
4 7952 1
4 18197 1
4 8474 1
4 8636 2
4 8988 3
4 1314 1
4 16905 1
4 20262 1
4 7463 1
4 17372 1
4 12588 1
4 2351 1
4 15666 1
4 17717 1
4 17206 1
4 13113 1
4 10463 1
4 3217 1
4 17728 1
4 15681 1
4 15170 1
4 16195 1
4 20292 1
4 18759 2
4 328 1
4 15177 1
4 12343 1
4 21305 2
4 6479 6
4 21841 1
4 15187 1
4 11604 1
4 14677 2
4 20281 1
4 17241 1
4 2394 2
4 18267 1
4 15199 1
4 22369 1
4 20625 1
4 15208 2
4 15209 1
4 9069 2
4 11632 2
4 10098 2
4 372 1
4 11637 2
4 3958 1
4 16759 1
4 11708 1
4 3966 1
4 12162 1
4 12663 1
4 14145 1
4 20878 1
4 18840 1
4 20882 1
4 18837 1
4 3991 2
4 3992 1
4 3994 1
4 1947 1
4 13725 1
4 12190 1
4 7749 1
4 20384 1
4 15266 1
4 9033 1
4 5552 1
4 7089 1
4 4531 1
4 10678 1
4 329 1
4 20127 1
4 21948 1
4 11709 1
4 8641 1
4 11714 1
4 21957 1
4 15820 1
4 5069 1
4 9167 1
4 465 1
4 12252 1
4 2525 1
4 21984 1
4 12770 1
4 17403 1
4 10214 1
4 7471 1
4 16366 1
4 16372 2
4 17400 2
4 11771 1
4 7433 1
5 12288 1
5 19460 1
5 8198 1
5 7687 1
5 12808 1
5 11273 1
5 11275 1
5 2063 1
5 21251 1
5 18964 1
5 8726 1
5 4868 2
5 5150 1
5 6687 1
5 11298 1
5 1627 1
5 20519 1
5 4650 1
5 1067 1
5 22572 1
5 3629 4
5 7219 1
5 12852 1
5 6713 1
5 2911 1
5 6718 2
5 3647 1
5 577 1
5 578 4
5 20547 1
5 7236 1
5 7749 1
5 5473 1
5 7240 1
5 8778 2
5 8779 1
5 13389 1
5 2640 1
5 9809 2
5 21586 3
5 13398 1
5 4695 1
5 7770 1
5 12891 1
5 22198 1
5 5218 1
5 21605 1
5 22119 1
5 21613 2
5 1469 1
5 7792 1
5 13937 1
5 7799 1
5 10360 1
5 18042 2
5 13950 1
5 13443 1
5 13445 1
5 11398 2
5 7303 1
5 19593 1
5 650 1
5 1163 1
5 19598 1
5 3217 1
5 2243 1
5 8342 3
5 6809 1
5 13474 1
5 9892 2
5 4263 1
5 10920 1
5 10410 1
5 12459 2
5 16049 2
5 5301 1
5 1718 1
5 5304 1
5 20666 1
5 18108 1
5 19133 1
5 17737 5
5 14016 1
5 11969 1
5 8387 1
5 18632 1
5 2761 1
5 13516 1
5 12495 1
5 5841 1
5 20695 2
5 9945 1
5 10972 1
5 1757 1
5 12510 1
5 20194 1
5 2309 1
5 4326 1
5 6695 1
5 748 2
5 1266 1
5 14579 1
5 3829 1
5 20777 1
5 14261 1
5 7418 1
5 17148 2
5 22271 1
5 15616 2
5 8449 1
5 14082 1
5 8451 1
5 19716 1
5 15621 3
5 4364 3
5 1922 1
5 12505 1
5 6020 1
5 13595 1
5 18207 1
5 7968 2
5 19238 1
5 7463 1
5 6441 1
5 10887 1
5 16175 1
5 7473 1
5 1246 1
5 21305 1
5 10555 1
5 16190 1
5 16193 1
5 3041 1
5 17225 1
5 6479 5
5 21841 1
5 2387 1
5 14677 1
5 2394 1
5 13148 1
5 13663 1
5 22369 1
5 11154 1
5 14910 1
5 12663 2
5 592 3
5 1917 1
5 12670 1
5 3455 1
5 9600 1
5 18818 1
5 3460 1
5 1414 1
5 395 1
5 10636 1
5 12354 2
5 7055 1
5 20882 2
5 3992 1
5 17818 1
5 7584 1
5 11684 1
5 19370 1
5 20915 2
5 4533 1
5 13129 1
5 1465 1
5 11708 2
5 11709 1
5 4000 2
5 20424 1
5 15820 1
5 5069 2
5 9167 2
5 9172 1
5 18389 1
5 15322 1
5 10205 1
5 20560 1
5 12770 1
5 10214 1
5 12625 1
5 4587 1
5 494 1
5 15855 1
5 15187 1
5 4084 1
5 20470 1
5 12279 1
5 17403 1
5 21845 1
6 12800 1
6 19460 1
6 9733 1
6 13832 1
6 8724 1
6 12823 1
6 6687 1
6 6694 1
6 10283 1
6 4665 1
6 20542 1
6 3652 1
6 590 1
6 21586 2
6 13398 1
6 5391 1
6 7776 1
6 15971 1
6 15465 1
6 2666 2
6 108 1
6 109 2
6 1141 1
6 17014 1
6 6776 1
6 4863 1
6 5765 1
6 7817 1
6 4235 1
6 17046 1
6 13488 1
6 19133 1
6 12481 3
6 15556 1
6 20168 1
6 16592 1
6 20690 1
6 7380 2
6 10972 1
6 15582 1
6 6367 1
6 18128 1
6 12013 1
6 21750 1
6 3321 1
6 763 1
6 18174 1
6 16639 1
6 14081 1
6 4868 1
6 773 1
6 4364 2
6 15119 2
6 16661 1
6 7451 1
6 18222 1
6 15666 1
6 1844 1
6 16694 1
6 21305 1
6 13129 1
6 12625 3
6 4438 1
6 18267 1
6 22368 2
6 9069 2
6 4988 1
6 12673 1
6 15751 1
6 395 1
6 18837 1
6 7663 1
6 15774 1
6 17312 1
6 7594 1
6 4011 1
6 11708 1
6 4030 1
6 4000 1
6 7109 1
6 9684 1
6 10725 1
6 19943 1
6 7148 1
6 16367 1
6 10226 1
6 15855 1
6 6651 1
7 22032 1
7 13059 1
7 15388 1
7 3621 1
7 4134 1
7 8744 1
7 13405 1
7 12852 1
7 6713 1
7 6715 1
7 4668 1
7 1076 1
7 16224 1
7 12354 1
7 20547 2
7 1099 1
7 588 2
7 2127 1
7 846 1
7 22108 1
7 8797 1
7 18528 1
7 12897 1
7 7778 1
7 15971 1
7 7790 1
7 20343 1
7 12409 1
7 1147 1
7 20094 1
7 19734 1
7 18055 1
7 6281 1
7 1163 1
7 9875 1
7 19098 1
7 9901 1
7 15534 1
7 3258 1
7 19133 3
7 2239 1
7 18628 2
7 13510 1
7 18633 1
7 22219 1
7 7891 1
7 3796 1
7 4310 1
7 20695 2
7 13528 1
7 12510 1
7 7396 1
7 17638 1
7 17127 1
7 21228 1
7 1490 1
7 8950 1
7 6265 1
7 8954 1
7 13053 1
7 8451 2
7 2310 1
7 7434 1
7 4364 1
7 1922 1
7 19726 1
7 7952 1
7 12561 1
7 19730 1
7 12563 1
7 12565 1
7 10006 1
7 2839 2
7 1307 1
7 4894 1
7 18208 1
7 14634 1
7 20780 1
7 17202 1
7 7477 1
7 12089 1
7 15165 1
7 15166 1
7 6976 1
7 16196 2
7 12151 1
7 12110 1
7 19939 1
7 20821 1
7 21305 2
7 10468 1
7 13658 1
7 19804 1
7 1375 1
7 19808 1
7 15206 1
7 19687 1
7 364 1
7 9069 1
7 9072 1
7 3954 1
7 659 1
7 375 1
7 3962 1
7 1917 1
7 7552 2
7 18818 1
7 15753 1
7 20362 1
7 10636 2
7 20882 1
7 8607 2
7 20384 1
7 15266 1
7 11181 1
7 22464 2
7 15820 1
7 20429 1
7 9167 3
7 3536 2
7 13778 1
7 8660 1
7 3541 2
7 4569 1
7 4579 1
7 500 1
7 3574 1
7 16377 1
7 18426 1
7 7675 1
8 12288 2
8 15190 1
8 7686 1
8 19464 1
8 22188 1
8 3086 1
8 3084 4
8 21874 2
8 4110 1
8 13229 2
8 22032 1
8 13841 1
8 19476 1
8 5142 2
8 7704 1
8 20505 1
8 17435 2
8 9244 1
8 22557 1
8 10162 1
8 10785 1
8 8229 1
8 6694 1
8 4647 2
8 11817 1
8 8236 1
8 8749 1
8 16430 2
8 7216 1
8 8241 2
8 1074 1
8 4692 1
8 7223 1
8 8248 1
8 57 1
8 1375 1
8 4668 2
8 12349 3
8 14399 2
8 22368 4
8 22082 1
8 3652 5
8 8262 2
8 15432 1
8 20236 1
8 21518 1
8 588 1
8 12878 1
8 21586 4
8 9300 1
8 5390 1
8 13398 1
8 9816 1
8 1626 1
8 22108 2
8 17424 1
8 15971 1
8 14509 1
8 4198 1
8 22119 1
8 3181 2
8 15982 1
8 14448 2
8 17521 2
8 6770 1
8 2220 1
8 10358 1
8 17015 1
8 14969 1
8 13435 1
8 15487 1
8 18093 1
8 5764 2
8 13445 2
8 11398 1
8 22295 1
8 15500 1
8 4238 2
8 1167 1
8 2706 3
8 18068 1
8 21102 1
8 14488 1
8 9583 1
8 12446 1
8 2207 3
8 4256 1
8 673 2
8 2211 2
8 17063 1
8 4776 1
8 9898 1
8 19628 2
8 9901 1
8 11952 2
8 9909 2
8 12471 1
8 3258 1
8 15548 1
8 19133 13
8 2243 1
8 1285 1
8 11461 2
8 17185 1
8 20168 1
8 22220 1
8 719 1
8 17105 1
8 19155 1
8 3796 1
8 17621 1
8 12503 3
8 11992 1
8 9434 2
8 3023 1
8 1757 1
8 21968 1
8 5755 1
8 2854 1
8 9446 1
8 19918 1
8 13749 1
8 20519 1
8 22252 1
8 12013 1
8 8944 1
8 7410 1
8 14291 2
8 22057 2
8 21234 2
8 13562 1
8 5503 2
8 10453 1
8 9473 1
8 2309 1
8 9232 1
8 19208 1
8 20692 1
8 20234 1
8 3339 1
8 4364 1
8 19726 1
8 3629 1
8 7952 1
8 2834 1
8 4884 2
8 18222 1
8 21782 4
8 2839 4
8 15128 1
8 2841 5
8 12570 1
8 8988 1
8 8989 2
8 14622 1
8 8479 1
8 18209 1
8 8482 1
8 3803 2
8 21781 2
8 10630 1
8 19238 1
8 1833 1
8 21803 1
8 2860 1
8 14638 2
8 20038 1
8 16691 1
8 19156 1
8 14646 1
8 21305 13
8 20794 3
8 16301 1
8 8245 3
8 4414 2
8 5951 1
8 3905 2
8 13358 2
8 11604 2
8 15177 1
8 17975 1
8 5456 1
8 21841 1
8 8531 2
8 5460 1
8 21845 1
8 4438 1
8 625 1
8 12120 1
8 18267 3
8 860 1
8 15199 2
8 16224 1
8 22369 2
8 4451 1
8 11108 1
8 8553 1
8 15210 1
8 4972 2
8 9069 7
8 18287 1
8 9072 1
8 13682 2
8 12147 1
8 15735 1
8 8568 1
8 13887 1
8 1917 2
8 1918 2
8 8063 1
8 1921 2
8 8067 1
8 14725 1
8 22406 1
8 15408 1
8 904 1
8 1420 1
8 11664 1
8 20882 1
8 10644 1
8 11672 1
8 17818 1
8 15855 1
8 4000 3
8 14753 1
8 9122 1
8 18853 1
8 12625 1
8 15273 1
8 17322 1
8 9645 1
8 16302 1
8 7601 1
8 5554 1
8 4019 1
8 4020 1
8 13470 1
8 10679 1
8 7516 1
8 1465 1
8 7101 1
8 4030 1
8 22464 1
8 11714 2
8 17968 1
8 7110 1
8 4257 1
8 15817 1
8 1482 1
8 12870 3
8 16333 1
8 12495 2
8 9167 4
8 7120 1
8 21969 1
8 20947 1
8 4053 2
8 14807 1
8 12018 3
8 7418 1
8 10206 1
8 6000 1
8 19938 2
8 19939 1
8 19943 1
8 6121 1
8 8683 2
8 16367 1
8 11250 1
8 6483 2
8 4601 1
8 6652 1
8 7765 1
9 12288 1
9 13316 1
9 19464 1
9 17424 2
9 2578 1
9 4628 1
9 5142 1
9 22040 1
9 13658 1
9 11817 1
9 10799 1
9 7216 2
9 1076 1
9 8245 1
9 16950 1
9 568 1
9 57 2
9 4668 4
9 12349 3
9 13887 1
9 3650 1
9 20547 2
9 19524 1
9 8268 1
9 5199 1
9 15953 1
9 21586 1
9 22100 2
9 1626 1
9 7771 1
9 9232 1
9 15976 1
9 3181 1
9 21617 1
9 1140 1
9 1141 1
9 15994 1
9 13950 1
9 3203 2
9 13445 1
9 15041 1
9 2840 1
9 18068 1
9 18071 1
9 9886 1
9 4257 1
9 9892 1
9 13477 1
9 19133 6
9 22209 1
9 4291 1
9 15556 1
9 1733 1
9 4321 1
9 17129 1
9 12013 1
9 7952 1
9 20242 1
9 21781 2
9 21782 2
9 17688 2
9 2841 4
9 10014 1
9 21305 6
9 6974 1
9 16705 1
9 8246 1
9 329 1
9 12625 2
9 11604 1
9 15190 1
9 9050 1
9 18267 1
9 22368 2
9 9832 1
9 15210 1
9 9069 1
9 7537 3
9 13682 1
9 16758 1
9 8571 1
9 22398 2
9 8579 1
9 7564 1
9 20877 1
9 18324 1
9 8248 3
9 4509 2
9 15774 1
9 15777 1
9 4003 2
9 11692 1
9 15794 1
9 19102 1
9 7110 1
9 15948 1
9 15312 1
9 21969 1
9 3647 2
9 12768 1
9 11762 1
9 5620 1
9 1013 1
9 13822 1
10 12288 1
10 3084 3
10 3086 1
10 17424 1
10 22040 1
10 13854 1
10 18975 1
10 20519 1
10 22108 3
10 1068 1
10 3629 1
10 16430 1
10 7216 1
10 8245 1
10 17975 1
10 12345 1
10 4668 1
10 12350 1
10 3647 2
10 16966 1
10 2634 1
10 587 1
10 17484 1
10 21586 3
10 602 1
10 13404 1
10 19048 1
10 14448 2
10 13425 1
10 6269 1
10 11902 1
10 13445 1
10 13961 2
10 2699 1
10 12429 1
10 4632 1
10 7829 1
10 9901 1
10 19133 4
10 4289 1
10 2243 1
10 20168 1
10 22223 1
10 19156 1
10 20695 1
10 11992 1
10 7904 1
10 15593 1
10 21234 2
10 13950 1
10 8449 1
10 16661 1
10 21782 1
10 17688 1
10 2841 2
10 1307 1
10 17185 1
10 14120 1
10 1833 1
10 21305 3
10 3905 1
10 15170 1
10 12625 1
10 6483 1
10 15190 1
10 6489 1
10 9050 1
10 19803 2
10 6801 1
10 873 2
10 9069 2
10 15217 1
10 3954 1
10 21366 1
10 8571 1
10 1917 1
10 12670 1
10 1924 1
10 20625 1
10 7564 1
10 4494 1
10 3991 1
10 7582 1
10 7584 1
10 14753 1
10 15266 1
10 10162 1
10 10679 1
10 6075 1
10 4090 1
10 12768 1
10 15867 1
10 20465 1
10 20466 1
10 11770 1
10 11771 2
11 12288 3
11 15616 1
11 7348 1
11 19460 1
11 5718 1
11 8705 2
11 19464 1
11 9227 3
11 3086 2
11 6159 1
11 17424 9
11 13331 1
11 16302 1
11 17943 4
11 17945 2
11 19364 1
11 13854 1
11 18975 1
11 16417 1
11 12835 1
11 17961 1
11 8236 2
11 3629 2
11 10799 1
11 2611 1
11 1588 1
11 1590 1
11 15113 2
11 4276 2
11 4668 1
11 14397 1
11 3647 3
11 13376 1
11 2113 1
11 12354 2
11 3651 1
11 7236 1
11 1718 1
11 70 1
11 97 1
11 14408 1
11 18505 1
11 74 1
11 18364 1
11 588 1
11 17485 3
11 17290 1
11 17999 1
11 21586 2
11 1537 1
11 13398 5
11 105 1
11 1113 2
11 9832 1
11 13404 3
11 5213 1
11 95 1
11 18528 1
11 7777 1
11 98 1
11 13412 1
11 21606 1
11 615 1
11 19048 3
11 18876 1
11 3690 3
11 2663 1
11 21612 1
11 13421 2
11 13422 1
11 13425 9
11 20595 1
11 1141 2
11 20329 1
11 15856 1
11 18042 1
11 4287 1
11 11388 1
11 18026 1
11 13950 2
11 13951 1
11 13952 1
11 13445 1
11 18055 1
11 18028 1
11 650 1
11 4235 2
11 19596 1
11 13388 2
11 20625 1
11 7829 1
11 22032 1
11 10391 1
11 10392 1
11 15002 1
11 11931 1
11 8348 1
11 7326 1
11 14498 1
11 14500 1
11 15754 1
11 13937 1
11 10408 1
11 20649 1
11 11434 1
11 683 1
11 15532 1
11 15534 1
11 3759 1
11 5299 1
11 19124 1
11 9398 1
11 2761 2
11 19133 8
11 22133 2
11 19137 1
11 8387 1
11 16069 1
11 20167 1
11 20168 1
11 5321 1
11 11466 1
11 11471 2
11 92 1
11 20695 6
11 9435 1
11 10973 1
11 21727 1
11 13026 2
11 8421 1
11 9169 2
11 5352 3
11 3817 1
11 746 1
11 9963 1
11 22252 3
11 1266 1
11 15096 1
11 18686 1
11 1280 1
11 8449 1
11 4868 1
11 1798 2
11 7433 1
11 18391 1
11 4364 1
11 16655 1
11 17484 5
11 7602 1
11 5934 2
11 21782 3
11 2839 3
11 2841 2
11 7451 1
11 16649 1
11 19675 1
11 9000 1
11 8668 1
11 9351 1
11 18222 1
11 19764 1
11 6965 1
11 21305 4
11 16662 1
11 20284 2
11 906 1
11 16706 3
11 835 1
11 13389 1
11 3398 1
11 7785 1
11 330 1
11 17463 1
11 9473 1
11 21837 1
11 909 1
11 12625 3
11 12627 1
11 17163 2
11 15190 2
11 15192 1
11 13147 1
11 741 1
11 12091 1
11 15206 1
11 13457 1
11 15208 1
11 5993 1
11 2279 1
11 11628 1
11 9069 1
11 7313 1
11 11632 1
11 3956 1
11 6519 1
11 8568 1
11 4987 1
11 16252 1
11 1918 1
11 3455 1
11 22108 2
11 2947 1
11 3460 1
11 16778 1
11 7564 1
11 7565 1
11 11664 3
11 11665 2
11 3991 3
11 8603 1
11 15170 2
11 17821 1
11 15777 1
11 15266 1
11 1956 1
11 8262 1
11 424 1
11 5036 1
11 18862 1
11 15279 1
11 16304 1
11 10162 1
11 10679 2
11 20468 1
11 8636 5
11 5368 1
11 22464 2
11 13252 4
11 5577 1
11 10407 1
11 15207 1
11 9167 4
11 6461 1
11 21969 2
11 9170 1
11 467 1
11 5591 1
11 5592 1
11 4569 1
11 20956 1
11 15866 1
11 9697 1
11 12770 2
11 22198 1
11 13945 1
11 17384 2
11 10218 1
11 7147 1
11 6127 1
11 11760 4
11 20465 1
11 5618 2
11 20307 1
11 500 1
11 18421 1
11 11770 3
11 21945 1
11 1532 1
12 515 1
12 19460 1
12 5806 1
12 8214 1
12 8222 1
12 6687 1
12 16929 1
12 5666 1
12 9071 1
12 4647 1
12 11817 1
12 1067 1
12 16430 2
12 9777 1
12 14387 1
12 5684 1
12 17973 1
12 11832 1
12 3130 1
12 20547 3
12 7237 1
12 11335 2
12 15432 1
12 13389 1
12 592 1
12 22100 1
12 16470 2
12 1465 1
12 602 1
12 8797 1
12 18528 1
12 19553 1
12 15971 1
12 19556 1
12 18022 1
12 9831 2
12 21613 1
12 622 1
12 13937 1
12 21618 1
12 13941 1
12 17016 1
12 4287 1
12 17535 1
12 3203 3
12 18569 1
12 10890 1
12 2699 1
12 19596 1
12 3217 1
12 6809 1
12 11931 1
12 10399 1
12 4263 1
12 10408 1
12 18640 1
12 13486 1
12 8989 1
12 19124 3
12 4277 1
12 12471 1
12 6329 1
12 21692 1
12 19133 3
12 7870 1
12 21621 1
12 20686 1
12 1744 1
12 721 1
12 4818 2
12 14047 1
12 16848 1
12 20519 1
12 22252 1
12 19184 1
12 12018 1
12 17149 1
12 8449 3
12 4867 3
12 19716 1
12 4364 3
12 15119 1
12 17681 1
12 4884 1
12 18197 2
12 21782 2
12 7451 2
12 797 1
12 12076 1
12 18222 1
12 1844 1
12 21305 2
12 7483 1
12 6489 1
12 1141 4
12 22369 1
12 2914 4
12 10043 1
12 5988 1
12 2918 1
12 9069 1
12 18287 1
12 9072 1
12 7039 1
12 7041 1
12 12162 1
12 12164 1
12 10636 1
12 11662 1
12 4496 1
12 405 1
12 3991 2
12 8601 1
12 12188 1
12 4509 2
12 7584 1
12 15778 1
12 18853 1
12 4521 1
12 22442 1
12 18355 1
12 7605 1
12 11192 1
12 3060 1
12 18363 1
12 18364 1
12 22464 2
12 4548 1
12 11714 1
12 17348 1
12 13255 1
12 19405 1
12 17359 1
12 3536 2
12 9169 1
12 11218 1
12 9684 1
12 7638 2
12 474 1
12 6622 1
12 18911 1
12 4577 1
12 14306 1
12 483 1
12 12455 1
12 1518 4
12 18173 1
12 15528 1
12 16882 1
12 4084 1
12 5623 4
12 3064 1
12 5625 1
12 9726 1
13 7687 1
13 22032 1
13 15890 1
13 15379 1
13 22551 4
13 15903 1
13 15393 1
13 11307 1
13 16430 2
13 14389 1
13 20547 1
13 1607 1
13 15432 2
13 10825 1
13 11850 1
13 13389 1
13 9145 1
13 13418 1
13 8238 2
13 108 1
13 109 1
13 11887 1
13 13937 2
13 13428 1
13 10358 1
13 14969 1
13 5246 1
13 20607 1
13 20608 1
13 22464 3
13 18051 2
13 1670 1
13 20119 1
13 15512 1
13 21615 1
13 8350 1
13 9901 1
13 19124 1
13 6331 1
13 7870 1
13 21696 3
13 6853 1
13 20167 1
13 5852 1
13 2278 1
13 10985 2
13 7915 1
13 22252 1
13 7408 1
13 7410 1
13 14583 2
13 5675 1
13 4364 2
13 4366 1
13 15119 1
13 7952 1
13 2179 1
13 2325 1
13 8988 1
13 13532 1
13 7485 1
13 16703 1
13 22340 1
13 14668 1
13 14673 2
13 18769 1
13 12625 1
13 9044 3
13 4438 1
13 3419 1
13 7527 1
13 13161 1
13 9069 1
13 12162 1
13 2949 1
13 16774 1
13 16778 1
13 2955 1
13 20384 1
13 22437 2
13 1959 1
13 15784 1
13 15273 1
13 9644 1
13 1454 1
13 1461 1
13 1465 1
13 1466 1
13 15808 1
13 13255 2
13 11511 1
13 9167 1
13 5591 1
13 4058 1
13 18919 1
13 3562 1
13 11760 1
13 5623 5
13 6651 1
13 15869 1
13 5118 4
13 5119 1
14 12288 1
14 15616 1
14 13316 1
14 7687 2
14 7180 1
14 22030 1
14 4624 1
14 19993 3
14 22557 2
14 15903 2
14 18467 1
14 8744 1
14 20010 3
14 3627 2
14 20016 1
14 9777 2
14 1076 1
14 20023 1
14 11444 1
14 13887 1
14 12354 1
14 7237 1
14 11334 1
14 22369 1
14 15432 1
14 12 1
14 11850 1
14 588 1
14 13389 2
14 21586 2
14 13912 1
14 602 1
14 1627 2
14 6244 1
14 6245 2
14 12390 1
14 21613 1
14 110 1
14 14448 1
14 21617 2
14 632 1
14 15994 1
14 5246 3
14 13445 2
14 6790 1
14 18055 1
14 13449 1
14 109 1
14 19088 1
14 11632 2
14 17050 1
14 13981 1
14 16544 2
14 673 1
14 16547 3
14 8868 1
14 15528 1
14 15028 1
14 5301 2
14 1726 1
14 10434 1
14 4306 1
14 7892 1
14 10972 2
14 4831 1
14 14562 1
14 19238 1
14 19716 1
14 16616 5
14 5867 1
14 4818 1
14 3829 1
14 14583 1
14 248 1
14 15609 1
14 7418 1
14 1275 1
14 1578 2
14 14592 1
14 1067 1
14 16132 1
14 2309 1
14 19718 2
14 20232 1
14 17162 1
14 4364 1
14 7952 1
14 12049 1
14 787 1
14 4884 1
14 4868 1
14 11555 1
14 3877 1
14 3878 1
14 3881 1
14 3886 1
14 7471 2
14 20794 1
14 12091 1
14 21312 1
14 4419 1
14 22340 1
14 8518 1
14 6989 1
14 5456 1
14 12625 3
14 11603 1
14 11604 1
14 14677 3
14 14682 1
14 6494 1
14 19173 1
14 5473 1
14 9571 1
14 7527 1
14 9069 2
14 6000 1
14 12663 3
14 18808 1
14 15229 1
14 7041 1
14 18818 1
14 9093 1
14 6030 1
14 22418 1
14 18835 1
14 13723 2
14 17312 11
14 4001 1
14 16803 1
14 22442 1
14 15275 1
14 16301 1
14 20384 1
14 4038 1
14 20424 1
14 12746 1
14 4555 1
14 464 1
14 13778 1
14 10195 1
14 18393 1
14 12250 1
14 15610 1
14 21984 1
14 10214 1
14 14673 2
14 4073 1
14 15855 1
14 11760 1
14 505 1
14 835 1
14 16891 1
14 6652 2
15 12288 2
15 14743 2
15 13445 1
15 7687 3
15 22252 1
15 16604 1
15 2955 1
15 4364 1
15 22030 2
15 10265 1
15 22032 3
15 6675 2
15 8238 2
15 22551 7
15 10264 1
15 8260 1
15 19610 1
15 9244 1
15 22557 1
15 16926 1
15 10928 1
15 16547 1
15 5321 1
15 13532 1
15 1578 1
15 3975 1
15 16430 1
15 7482 1
15 3760 1
15 108 1
15 11444 1
15 8222 1
15 16950 1
15 12471 1
15 13161 2
15 1465 1
15 5818 1
15 6459 1
15 15548 1
15 4799 1
15 13428 2
15 11714 5
15 15499 1
15 20292 1
15 7237 1
15 13255 1
15 15432 3
15 13388 1
15 11511 1
15 13516 1
15 19405 1
15 5967 1
15 16592 1
15 8401 1
15 483 1
15 19588 1
15 18005 1
15 12345 1
15 13912 2
15 5364 1
15 18420 1
15 21727 1
15 18528 2
15 22369 1
15 2914 2
15 2915 1
15 13412 1
15 16998 3
15 18364 1
15 7400 1
15 10300 1
15 12778 1
15 492 1
15 1466 1
15 11887 2
15 5232 1
15 7410 2
15 14324 1
15 1269 1
15 5623 3
15 633 1
15 18426 1
15 13418 1
15 17790 1
15 5119 2
16 12288 1
16 13316 2
16 7687 1
16 18952 1
16 22542 1
16 19476 1
16 22551 1
16 13854 1
16 13858 1
16 1067 1
16 3629 1
16 16432 1
16 16946 1
16 16951 2
16 6715 1
16 10300 1
16 12870 1
16 15432 2
16 20236 1
16 6733 1
16 7570 1
16 21586 1
16 13398 1
16 3170 1
16 6331 1
16 13412 1
16 16998 1
16 9831 1
16 19900 1
16 13418 1
16 15982 1
16 13428 3
16 21622 1
16 19817 1
16 17019 1
16 5246 1
16 14985 1
16 13451 1
16 6809 1
16 16539 1
16 18080 1
16 16547 1
16 5800 1
16 12471 1
16 4795 1
16 8892 1
16 19136 1
16 2243 1
16 2244 1
16 721 2
16 4818 1
16 3796 1
16 4822 1
16 9442 1
16 15556 1
16 16616 1
16 18155 1
16 12018 1
16 1269 1
16 8449 3
16 4868 2
16 4364 1
16 15119 3
16 7952 1
16 4884 1
16 18197 1
16 21782 1
16 19741 1
16 16773 1
16 1827 1
16 17188 1
16 7471 2
16 15671 1
16 16190 1
16 22340 1
16 12625 1
16 14677 1
16 2918 1
16 5993 1
16 364 1
16 9069 1
16 15220 1
16 15222 1
16 12663 2
16 15227 1
16 17790 1
16 18818 1
16 12163 1
16 9093 1
16 16775 1
16 395 1
16 17810 1
16 22426 1
16 10154 1
16 18364 2
16 7104 1
16 7106 1
16 4547 1
16 4548 1
16 967 1
16 21451 1
16 15820 2
16 9167 1
16 14473 1
16 12778 2
16 492 1
16 4589 1
16 10408 1
16 5623 1
16 18426 1
16 8618 1
16 5119 1
17 8195 1
17 19460 2
17 3589 1
17 16904 1
17 9644 1
17 16998 1
17 7694 1
17 4115 1
17 20569 1
17 1048 1
17 11292 2
17 11293 1
17 15903 1
17 14595 1
17 1578 3
17 10283 1
17 22557 1
17 13357 1
17 16430 1
17 3636 4
17 7223 1
17 8250 1
17 3643 1
17 13884 2
17 13887 2
17 13888 1
17 13889 1
17 12354 1
17 13891 1
17 8264 1
17 1099 1
17 588 1
17 13901 1
17 22095 1
17 10320 1
17 21586 1
17 3642 1
17 15960 1
17 15449 1
17 602 1
17 8749 1
17 12390 1
17 18022 1
17 1639 1
17 18108 1
17 12394 1
17 9831 1
17 2834 1
17 15982 1
17 21103 1
17 13937 1
17 6675 1
17 19817 1
17 17016 1
17 14969 1
17 18042 1
17 14973 1
17 5246 1
17 9343 1
17 3723 1
17 19098 1
17 18075 1
17 12446 2
17 18080 1
17 2416 1
17 16546 1
17 9892 1
17 15985 1
17 20137 2
17 17066 1
17 683 1
17 17070 1
17 8989 2
17 19124 1
17 20155 1
17 8892 2
17 19133 1
17 18113 1
17 6851 1
17 11471 1
17 4304 1
17 5841 1
17 17106 1
17 19669 1
17 6265 1
17 11992 1
17 13023 2
17 10464 4
17 10467 2
17 7397 1
17 16616 2
17 747 1
17 22252 1
17 20208 1
17 16625 1
17 6899 1
17 14592 1
17 770 1
17 20739 1
17 4868 1
17 18185 2
17 4364 3
17 15119 1
17 17168 1
17 17170 1
17 7451 1
17 8988 1
17 797 2
17 18210 1
17 12081 1
17 1844 3
17 21305 1
17 4414 1
17 1855 1
17 9536 1
17 13024 2
17 1163 1
17 10564 1
17 6984 1
17 9033 1
17 8017 1
17 14677 1
17 18745 1
17 857 4
17 2394 1
17 861 2
17 22245 2
17 15201 1
17 358 1
17 9065 1
17 9069 3
17 11632 1
17 7537 1
17 15218 1
17 12151 1
17 8568 1
17 10644 1
17 15227 1
17 1919 1
17 14721 1
17 1923 1
17 1415 2
17 7660 1
17 4491 1
17 1421 4
17 21905 1
17 22418 4
17 21908 1
17 917 1
17 7584 2
17 4002 1
17 19364 1
17 4005 3
17 15276 1
17 16814 1
17 15432 3
17 435 1
17 1975 1
17 1467 2
17 19900 1
17 22464 4
17 13255 1
17 12746 2
17 16845 1
17 22093 1
17 3576 1
17 17877 1
17 5596 1
17 5597 2
17 18911 2
17 12625 1
17 12778 1
17 10219 1
17 8684 1
17 16367 1
17 11760 2
17 3058 2
17 1524 1
17 5623 1
17 12360 2
17 5625 3
17 507 1
17 6652 1
18 12288 1
18 9729 1
18 15874 1
18 19555 1
18 19460 1
18 17925 1
18 8705 1
18 16904 1
18 9047 1
18 17069 1
18 17424 3
18 3090 2
18 11779 1
18 19476 1
18 3758 1
18 22551 4
18 10264 2
18 4868 2
18 5551 1
18 5210 1
18 15903 7
18 18267 1
18 19505 2
18 4385 1
18 6695 1
18 10280 1
18 18473 1
18 4138 1
18 555 1
18 8749 2
18 8238 2
18 10799 1
18 7216 1
18 9777 1
18 7219 1
18 12342 1
18 10833 1
18 17494 1
18 573 1
18 11838 1
18 3647 1
18 9792 4
18 15425 1
18 13378 1
18 633 1
18 15432 1
18 7241 2
18 11850 3
18 15948 1
18 13389 3
18 12878 1
18 80 1
18 19640 1
18 21586 1
18 15971 1
18 7254 1
18 22064 1
18 7258 1
18 603 1
18 9820 1
18 14941 1
18 18016 3
18 15655 1
18 7779 1
18 5732 1
18 20155 1
18 18022 2
18 18023 1
18 15976 2
18 7785 1
18 10318 1
18 21613 1
18 10351 1
18 21104 1
18 13937 1
18 6770 1
18 15808 1
18 6761 1
18 632 1
18 6265 2
18 6778 1
18 21627 2
18 15365 1
18 12927 1
18 13952 1
18 22464 1
18 1351 1
18 8989 1
18 18568 1
18 20418 1
18 1167 1
18 13969 2
18 22437 1
18 16020 3
18 3221 1
18 1174 1
18 14489 1
18 1179 1
18 11932 1
18 7329 1
18 602 2
18 4774 3
18 22186 1
18 22188 2
18 9901 2
18 17070 1
18 22557 1
18 16049 1
18 7348 1
18 6331 1
18 15584 1
18 12471 1
18 8376 1
18 14522 1
18 9247 1
18 15548 1
18 19133 9
18 10430 1
18 11969 1
18 15555 1
18 4293 1
18 20167 1
18 6809 1
18 13772 1
18 20343 3
18 13516 3
18 10445 1
18 20686 1
18 5840 1
18 12835 1
18 19156 1
18 4310 1
18 8569 1
18 22232 1
18 12505 1
18 11482 1
18 4116 1
18 7903 1
18 10464 1
18 10465 1
18 17123 1
18 19238 1
18 21142 1
18 12010 2
18 5867 1
18 17132 1
18 12013 2
18 7409 1
18 22258 1
18 20961 1
18 17108 1
18 19703 1
18 16121 1
18 16123 1
18 16124 2
18 8892 1
18 7637 1
18 588 1
18 10497 1
18 14082 1
18 19716 1
18 18185 1
18 20234 1
18 3339 2
18 4364 1
18 15119 2
18 11992 1
18 4960 1
18 16661 2
18 16662 2
18 7451 1
18 8988 1
18 18205 1
18 18209 3
18 18211 2
18 18212 1
18 4901 1
18 2854 1
18 2343 1
18 17706 3
18 16175 1
18 3888 2
18 2397 1
18 20279 1
18 1848 1
18 21305 1
18 21509 1
18 6461 2
18 11007 2
18 8512 1
18 8513 1
18 15508 1
18 22339 1
18 12100 1
18 18505 1
18 19783 1
18 17162 1
18 19787 1
18 8012 1
18 18766 1
18 12625 2
18 21330 1
18 20239 1
18 3413 1
18 4438 1
18 12119 1
18 4441 1
18 21850 1
18 21851 1
18 15709 1
18 15185 1
18 16223 1
18 22368 3
18 2914 1
18 11109 1
18 8039 1
18 7016 1
18 8553 1
18 6506 1
18 16430 1
18 8765 1
18 19826 1
18 21364 1
18 1086 1
18 4686 1
18 12663 1
18 12153 1
18 16191 1
18 17788 1
18 1405 1
18 13089 1
18 22108 2
18 1410 1
18 14725 1
18 8583 1
18 18528 1
18 919 1
18 909 1
18 10832 1
18 11664 2
18 920 1
18 22418 1
18 10051 4
18 917 2
18 14743 2
18 11672 6
18 20378 1
18 3321 1
18 4509 2
18 14194 1
18 20384 4
18 9121 2
18 9122 2
18 18851 1
18 11684 7
18 9125 4
18 18759 1
18 15682 1
18 18162 1
18 11182 1
18 15791 1
18 1459 1
18 585 6
18 4024 1
18 19900 1
18 11709 1
18 3519 1
18 16832 1
18 17312 1
18 11714 3
18 13763 1
18 16838 1
18 13255 2
18 3493 1
18 15818 1
18 15820 1
18 22463 1
18 15317 1
18 15609 1
18 21977 1
18 10205 2
18 6622 1
18 18911 2
18 5089 2
18 7138 1
18 19939 2
18 21989 1
18 20967 1
18 16367 1
18 11760 2
18 19401 1
18 4381 1
18 18174 1
18 10580 1
18 4602 1
18 11771 4
18 15869 1
18 15359 2
19 7684 1
19 528 1
19 4116 1
19 22551 3
19 15384 1
19 9244 1
19 11293 3
19 8238 1
19 22064 1
19 12341 1
19 1592 1
19 13884 2
19 1092 1
19 7777 1
19 15432 1
19 8779 1
19 16468 1
19 6234 1
19 5306 1
19 3681 1
19 7780 1
19 16998 1
19 18022 1
19 10857 1
19 109 1
19 10360 2
19 5246 1
19 17535 1
19 18571 1
19 16834 1
19 1048 1
19 22032 1
19 14703 1
19 10915 1
19 4263 1
19 3758 1
19 3759 1
19 14522 1
19 6331 1
19 14527 3
19 21696 1
19 3268 1
19 4818 1
19 9945 1
19 10972 1
19 3311 1
19 18162 1
19 5758 1
19 20739 1
19 4868 1
19 17162 1
19 16751 1
19 18197 1
19 13360 1
19 20265 1
19 18229 1
19 1848 1
19 13633 1
19 20291 1
19 14668 1
19 17293 1
19 14672 1
19 18267 1
19 4451 1
19 22418 1
19 6511 1
19 1909 1
19 20343 1
19 7546 1
19 16252 1
19 1409 2
19 8066 1
19 2949 1
19 20877 1
19 20882 1
19 10644 1
19 11672 1
19 7069 1
19 5534 1
19 2715 1
19 14763 1
19 16301 1
19 15791 1
19 6065 1
19 7091 1
19 14324 1
19 21946 1
19 8636 1
19 15808 1
19 11714 1
19 4548 1
19 13255 1
19 9167 1
19 19619 1
19 21981 1
19 18911 1
19 8168 1
19 16363 1
19 8180 1
20 17424 1
20 19464 1
20 17936 1
20 19478 1
20 1048 1
20 19993 1
20 21530 1
20 2078 1
20 700 1
20 20010 1
20 20012 1
20 20014 1
20 3636 1
20 1589 1
20 13884 1
20 3652 2
20 7241 1
20 11850 1
20 13388 2
20 9809 1
20 15954 1
20 6741 1
20 13402 1
20 19553 1
20 21605 1
20 18022 1
20 3175 1
20 6760 3
20 10857 1
20 17004 1
20 21613 1
20 13937 1
20 21618 1
20 22464 1
20 6786 1
20 18028 1
20 13963 1
20 4238 1
20 17042 1
20 5268 1
20 8342 1
20 11931 1
20 16547 1
20 16548 1
20 6826 1
20 683 1
20 17069 1
20 3227 1
20 11440 1
20 5301 1
20 8892 1
20 13516 1
20 9424 1
20 20692 1
20 7897 1
20 9167 2
20 10972 3
20 7903 1
20 7904 1
20 10467 1
20 7397 1
20 16616 1
20 10985 1
20 18154 1
20 22252 1
20 14583 1
20 4868 2
20 2309 1
20 18185 2
20 15119 1
20 22032 1
20 15128 1
20 3881 1
20 2348 1
20 7471 4
20 16177 1
20 18227 1
20 13108 1
20 7477 1
20 19772 1
20 20277 1
20 4418 1
20 3914 1
20 14668 1
20 6989 1
20 12625 2
20 4438 1
20 9047 1
20 14680 1
20 8026 1
20 861 1
20 22369 2
20 15717 1
20 5994 1
20 8563 1
20 11641 1
20 831 1
20 12390 1
20 2949 2
20 15752 1
20 3978 1
20 2955 1
20 910 3
20 7055 1
20 11156 1
20 11760 1
20 9114 1
20 13723 1
20 21409 1
20 4003 1
20 16804 1
20 9644 1
20 15789 1
20 6065 1
20 8627 1
20 1465 1
20 1979 1
20 7104 1
20 21957 1
20 19401 1
20 8140 1
20 17229 1
20 13776 1
20 9170 2
20 19619 1
20 9691 1
20 6622 1
20 18911 1
20 2529 1
20 8012 1
20 6125 1
20 15856 1
20 5623 2
20 8184 1
20 505 1
20 13821 1
21 20905 1
21 9121 1
