1 14978 1
1 3332 1
1 3702 1
1 10758 1
1 10248 1
1 4364 2
1 9069 1
1 4497 1
1 4116 1
1 18197 1
1 12345 1
1 15705 1
1 7704 1
1 19588 1
1 22557 1
1 20384 1
1 17569 1
1 1705 1
1 8236 1
1 12717 1
1 18735 1
1 3760 1
1 14769 1
1 1758 1
1 21305 1
1 6075 1
1 8636 1
1 19133 1
1 8641 1
1 16194 1
1 8026 1
1 709 1
1 15432 1
1 1099 1
1 13388 1
1 19789 1
1 9424 1
1 8913 1
1 21586 1
1 7635 1
1 14677 2
1 12503 1
1 22232 2
1 9945 1
1 5210 1
1 2525 1
1 10974 1
1 10337 1
1 14509 1
1 1765 1
1 11524 1
1 17681 1
1 22119 1
1 21613 3
1 13937 1
1 11793 1
1 4884 1
1 17016 1
1 12153 1
1 6651 1
2 19214 1
2 7173 1
2 17932 1
2 7694 1
2 2583 1
2 18460 2
2 17438 1
2 6687 1
2 4128 1
2 4955 1
2 2596 1
2 3627 2
2 8749 1
2 10799 1
2 16437 1
2 17463 1
2 12345 1
2 8764 1
2 8253 1
2 3134 1
2 3647 1
2 8261 1
2 2634 2
2 9292 1
2 6733 1
2 548 1
2 9809 1
2 21586 2
2 8718 1
2 12390 1
2 18022 1
2 10857 1
2 11887 1
2 21104 1
2 1141 3
2 3702 1
2 11902 1
2 5248 2
2 20098 1
2 13445 1
2 7303 1
2 650 1
2 5264 1
2 17041 1
2 15434 1
2 6809 1
2 12446 1
2 18080 1
2 5797 1
2 4263 1
2 10922 1
2 15532 1
2 11969 1
2 719 1
2 4818 1
2 7892 1
2 4310 1
2 11479 1
2 7897 1
2 11471 1
2 10468 1
2 19174 1
2 12009 1
2 20727 1
2 20692 1
2 12026 1
2 15574 1
2 19718 1
2 14978 1
2 10510 1
2 3629 2
2 3631 1
2 8988 1
2 8989 1
2 19591 1
2 15152 1
2 9011 1
2 17208 1
2 17211 1
2 7306 1
2 20286 1
2 5951 1
2 7498 1
2 9038 1
2 14677 5
2 13881 1
2 18267 2
2 3935 1
2 22368 1
2 19089 1
2 3432 1
2 18793 1
2 5996 1
2 9069 7
2 878 1
2 9072 1
2 16702 1
2 15735 1
2 12671 1
2 7062 1
2 16775 1
2 904 1
2 11662 1
2 4496 1
2 9108 1
2 22510 1
2 17814 1
2 11672 1
2 409 1
2 19362 1
2 19364 1
2 5541 1
2 15273 1
2 22442 1
2 7600 1
2 1979 1
2 8636 3
2 8778 1
2 7103 1
2 16834 1
2 1990 1
2 20431 1
2 8144 1
2 4572 1
2 8683 1
2 21074 1
2 7150 1
2 11760 1
2 4090 1
2 5627 1
2 6142 1
2 13141 1
3 8193 1
3 12293 1
3 17936 1
3 6678 1
3 4868 1
3 12317 1
3 9247 1
3 3626 2
3 22572 1
3 6711 1
3 573 1
3 10814 1
3 4168 1
3 18510 1
3 21586 2
3 9305 1
3 3676 1
3 18016 1
3 21604 1
3 2918 1
3 3175 1
3 13937 1
3 15987 1
3 21108 1
3 22133 3
3 12918 1
3 14973 1
3 19392 1
3 11397 1
3 17041 1
3 15514 1
3 14495 1
3 10410 1
3 12459 1
3 10098 1
3 12464 1
3 3762 1
3 11969 1
3 13514 1
3 16092 1
3 17630 1
3 17788 1
3 5870 1
3 22270 1
3 1280 1
3 3332 1
3 2826 1
3 8466 1
3 12565 1
3 7963 1
3 17372 1
3 16177 1
3 15160 1
3 10555 1
3 7996 1
3 14142 1
3 7999 1
3 15170 1
3 8515 1
3 6982 1
3 17225 1
3 6986 1
3 18251 1
3 8012 1
3 7503 1
3 21841 1
3 18772 1
3 14677 1
3 10076 1
3 358 1
3 19601 1
3 8552 2
3 9069 1
3 878 1
3 18802 1
3 3443 1
3 14910 1
3 11639 1
3 8568 1
3 12153 1
3 18812 1
3 17791 1
3 4486 2
3 909 1
3 16273 1
3 21146 1
3 15262 1
3 15268 1
3 5029 1
3 6569 1
3 3134 1
3 2990 1
3 21435 1
3 11709 1
3 15808 1
3 12746 1
3 20431 1
3 20433 1
3 6099 1
3 22487 1
3 12252 2
3 6119 1
3 19438 1
3 17395 1
3 17399 1
3 7160 1
3 10236 1
3 6141 1
4 12288 1
4 3392 1
4 4267 1
4 18180 1
4 4358 1
4 4103 1
4 13449 1
4 10758 1
4 11960 1
4 5207 1
4 9069 2
4 7952 1
4 11858 1
4 2990 1
4 4868 2
4 1842 1
4 5276 1
4 7903 1
4 12575 1
4 2337 1
4 3398 1
4 549 1
4 4774 1
4 6501 1
4 10780 1
4 3627 1
4 8270 1
4 3629 2
4 7982 1
4 7471 1
4 20686 1
4 15666 1
4 17208 1
4 683 1
4 3935 1
4 19516 1
4 3134 1
4 15808 1
4 2245 1
4 6404 1
4 6561 1
4 15432 1
4 20809 1
4 2634 1
4 2763 1
4 7500 1
4 4557 1
4 10837 1
4 14543 1
4 13776 1
4 21841 1
4 11218 1
4 19411 1
4 13141 1
4 625 1
4 4953 1
4 14797 1
4 12891 1
4 6733 1
4 16293 1
4 20960 1
4 10337 1
4 20579 1
4 19238 1
4 11524 1
4 6119 1
4 3176 1
4 14716 1
4 874 1
4 12011 1
4 21586 1
4 11760 1
4 10728 1
4 7635 1
4 19060 1
4 22133 1
4 9590 1
4 20727 1
4 7808 1
4 6652 1
4 21622 1
4 5118 1
4 14677 4
5 2945 1
5 10755 1
5 13316 1
5 19845 1
5 19718 1
5 13961 1
5 7306 1
5 12940 1
5 12558 1
5 3629 1
5 14485 1
5 19993 1
5 15903 1
5 14752 1
5 20016 1
5 15266 1
5 15268 1
5 19238 1
5 21420 1
5 20013 1
5 7600 1
5 4534 1
5 12471 1
5 8019 1
5 12091 1
5 9149 1
5 12352 1
5 15648 1
5 7222 1
5 17229 1
5 8015 1
5 4818 1
5 15971 1
5 14677 3
5 12891 1
5 19939 1
5 21733 1
5 10727 1
5 7785 1
5 745 1
5 9069 3
5 2416 1
5 626 1
5 21619 1
5 11760 1
5 2348 1
5 15481 1
5 15610 1
5 11771 2
5 18686 1
6 11264 1
6 9131 1
6 8449 1
6 526 1
6 3601 1
6 10260 1
6 21021 1
6 2596 1
6 18981 1
6 4647 1
6 11817 1
6 1581 1
6 3631 1
6 8753 1
6 7236 1
6 19525 1
6 8262 1
6 11850 1
6 13388 1
6 592 1
6 10837 1
6 8804 1
6 6254 1
6 13937 1
6 1141 1
6 10358 1
6 14969 1
6 18042 1
6 19582 1
6 6791 1
6 19592 1
6 18569 1
6 7306 1
6 13452 1
6 6290 1
6 15512 2
6 1761 2
6 18081 2
6 10407 1
6 5304 1
6 21696 1
6 11969 1
6 10870 1
6 12487 1
6 14538 1
6 13006 1
6 14543 1
6 7888 2
6 7379 1
6 13013 1
6 16092 1
6 9438 1
6 10975 1
6 9424 1
6 742 1
6 7912 1
6 745 1
6 748 2
6 5358 1
6 6099 1
6 22262 1
6 13781 1
6 5888 1
6 14081 2
6 4868 1
6 15621 1
6 19718 1
6 6919 1
6 16649 1
6 10510 1
6 15127 1
6 7964 2
6 19741 1
6 20255 1
6 19233 1
6 17700 1
6 2346 1
6 2348 3
6 12510 1
6 9543 1
6 8012 1
6 333 1
6 14677 2
6 3935 1
6 22368 1
6 22369 1
6 1380 1
6 8422 1
6 9069 2
6 11632 1
6 12151 1
6 18826 1
6 10636 1
6 17293 1
6 16273 1
6 14574 1
6 1951 1
6 14753 1
6 11684 1
6 13222 1
6 12202 1
6 14763 1
6 17837 1
6 21433 1
6 1610 1
6 11200 1
6 8778 1
6 460 1
6 20431 1
6 14800 1
6 19411 1
6 7637 1
6 9175 1
6 7138 1
6 10725 1
6 493 1
6 4080 1
6 9201 1
6 4084 1
6 22442 1
7 5635 1
7 7684 1
7 7937 1
7 19993 1
7 10788 1
7 3623 1
7 3629 1
7 10798 1
7 3134 1
7 9791 1
7 8262 1
7 6220 1
7 21586 2
7 21078 1
7 5208 1
7 3674 1
7 15976 1
7 10857 1
7 11887 1
7 626 1
7 10915 1
7 19578 1
7 10366 1
7 13443 1
7 4034 3
7 18083 2
7 13989 1
7 5064 1
7 1823 1
7 7870 1
7 22133 1
7 17608 1
7 11471 2
7 14545 1
7 4818 1
7 14037 1
7 7902 1
7 19171 1
7 742 1
7 2343 1
7 12013 1
7 13950 1
7 22262 1
7 14592 1
7 14081 1
7 22282 1
7 13073 1
7 18195 1
7 9493 1
7 20254 1
7 14111 1
7 17703 1
7 2346 1
7 12091 1
7 21984 1
7 21318 1
7 6989 1
7 14677 1
7 18267 1
7 6492 1
7 6494 1
7 3937 1
7 7524 1
7 9069 2
7 2416 1
7 3953 1
7 11638 1
7 12663 1
7 12153 1
7 12671 1
7 3458 1
7 3460 1
7 16272 1
7 7057 2
7 22428 1
7 15262 1
7 5542 1
7 14761 1
7 5551 1
7 16304 1
7 17339 2
7 8636 1
7 8641 1
7 14274 1
7 7107 1
7 3528 1
7 12747 1
7 20431 1
7 6099 2
7 4576 1
7 10728 1
7 5103 1
7 8691 1
7 11771 2
7 6142 2
8 12288 1
8 8197 1
8 15903 1
8 2583 1
8 19993 2
8 16845 1
8 2309 1
8 16416 1
8 16417 1
8 19718 1
8 11815 1
8 3627 2
8 12805 1
8 3629 1
8 4654 1
8 3631 2
8 2608 1
8 9268 1
8 12357 1
8 15432 3
8 13389 1
8 8782 1
8 9810 1
8 2653 1
8 3171 2
8 4199 1
8 10857 2
8 7897 1
8 15473 1
8 1141 6
8 6774 1
8 15481 1
8 18042 1
8 13443 1
8 5764 1
8 14985 1
8 7306 2
8 1163 1
8 7827 1
8 21652 1
8 6809 1
8 16543 1
8 18592 1
8 11632 1
8 8867 1
8 4267 1
8 12464 1
8 9398 1
8 12471 1
8 18975 1
8 21696 1
8 11969 1
8 8898 1
8 9931 1
8 21196 1
8 20686 1
8 11471 2
8 4818 1
8 18133 1
8 12505 1
8 8412 1
8 19578 1
8 10975 1
8 19408 1
8 745 1
8 20519 1
8 10995 1
8 17143 1
8 15621 1
8 4870 1
8 13068 1
8 3351 1
8 4425 1
8 19743 1
8 10972 1
8 2348 1
8 12589 1
8 7471 2
8 17200 1
8 15666 1
8 9012 1
8 15160 1
8 19764 1
8 7485 1
8 16193 1
8 4418 1
8 13451 1
8 17225 1
8 17228 1
8 3918 1
8 10552 1
8 14677 4
8 16215 1
8 1369 1
8 1370 1
8 18267 3
8 18277 1
8 2407 1
8 8552 1
8 5993 1
8 3948 1
8 9069 4
8 14704 1
8 20851 1
8 11638 1
8 12663 2
8 17790 1
8 5506 1
8 2947 1
8 19619 1
8 15751 1
8 15754 1
8 7055 1
8 16272 1
8 19347 1
8 10222 1
8 3991 1
8 11672 1
8 1436 1
8 15775 1
8 14752 1
8 17313 1
8 15266 1
8 16804 1
8 5541 1
8 12202 1
8 10667 1
8 8624 1
8 17395 1
8 4534 1
8 13129 1
8 1466 1
8 17339 2
8 8636 1
8 17859 1
8 15817 2
8 8650 1
8 15820 1
8 14285 1
8 464 1
8 5586 1
8 16547 2
8 7637 2
8 4572 1
8 10205 1
8 6622 1
8 20448 1
8 16891 1
8 10727 1
8 10728 1
8 16366 1
8 499 1
8 4085 1
8 15863 1
8 494 1
8 11771 1
8 22442 1
8 16810 1
9 12288 2
9 7680 1
9 4617 1
9 9227 1
9 19993 1
9 9244 1
9 15903 3
9 3627 1
9 3629 1
9 8752 1
9 6711 1
9 569 1
9 3648 1
9 4161 1
9 3650 1
9 8771 1
9 3652 2
9 4166 1
9 4170 1
9 11851 1
9 13901 1
9 21586 3
9 3171 1
9 8892 2
9 11887 1
9 22133 1
9 17014 1
9 15481 1
9 15487 1
9 21632 1
9 6791 1
9 13449 1
9 1163 1
9 5264 1
9 5267 1
9 2196 1
9 10265 1
9 12446 1
9 18081 1
9 4263 1
9 15534 1
9 19634 1
9 21684 1
9 3258 2
9 15548 3
9 14528 1
9 6342 1
9 13514 1
9 17612 1
9 20686 1
9 7892 1
9 18646 1
9 6361 1
9 10975 2
9 18144 1
9 1761 1
9 12009 1
9 12026 1
9 3711 1
9 19712 1
9 7040 1
9 21250 1
9 19718 1
9 10510 1
9 10515 1
9 16260 1
9 10012 1
9 17185 1
9 2348 1
9 8502 1
9 8012 2
9 12111 1
9 5456 1
9 12625 1
9 9555 1
9 14677 2
9 4438 1
9 9047 1
9 22368 1
9 15713 1
9 2915 1
9 2407 1
9 9069 5
9 15216 1
9 13459 1
9 15735 1
9 13460 1
9 1406 1
9 8576 1
9 16771 2
9 1412 1
9 917 1
9 15262 1
9 9122 1
9 16804 1
9 16806 1
9 2990 1
9 17840 1
9 16308 1
9 9147 1
9 11708 1
9 11709 1
9 4037 1
9 13255 1
9 14795 1
9 5591 2
9 21981 1
9 14673 1
9 7660 1
9 21999 1
9 501 1
9 11771 1
10 1408 1
10 11777 1
10 19460 1
10 4438 2
10 19464 1
10 14985 1
10 11787 1
10 4364 1
10 14477 1
10 16835 1
10 13516 1
10 4886 1
10 12604 1
10 19480 1
10 19737 1
10 19611 1
10 4894 1
10 15903 2
10 13730 1
10 16804 1
10 5029 1
10 4263 2
10 22188 1
10 7345 1
10 4663 1
10 1844 2
10 19126 1
10 18569 1
10 14495 1
10 11196 1
10 1469 1
10 1599 1
10 12111 1
10 20235 1
10 5590 1
10 19401 1
10 12791 1
10 17228 1
10 9167 1
10 592 1
10 12625 1
10 21586 2
10 10070 1
10 9759 1
10 11428 1
10 11471 1
10 10972 1
10 10205 1
10 18911 1
10 22369 1
10 2914 1
10 20155 1
10 21606 1
10 7785 1
10 3050 1
10 364 1
10 10605 1
10 14973 1
10 15548 1
10 6773 1
10 16617 1
10 15864 1
10 8569 1
10 5498 1
10 11771 1
10 12471 1
10 19606 1
10 15231 1
11 15574 1
11 1409 1
11 1283 1
11 6404 1
11 16773 1
11 15494 1
11 14985 1
11 6282 1
11 13451 3
11 4364 1
11 7952 1
11 10515 1
11 917 1
11 19478 1
11 1369 1
11 1048 1
11 4548 1
11 22188 1
11 17903 1
11 14492 1
11 15903 4
11 14754 1
11 11684 2
11 9125 1
11 4774 1
11 13937 1
11 15784 1
11 15976 1
11 22571 1
11 12716 1
11 16434 1
11 6514 1
11 7343 1
11 16432 1
11 7345 1
11 18994 1
11 12852 1
11 12471 1
11 21305 1
11 15546 1
11 21692 1
11 19133 2
11 3134 1
11 9791 1
11 3392 1
11 15218 1
11 16835 1
11 3652 1
11 1990 1
11 16968 1
11 17740 1
11 11851 1
11 8012 1
11 13389 1
11 592 1
11 9809 1
11 17106 1
11 8787 1
11 4693 1
11 6486 1
11 4311 1
11 18212 1
11 13276 1
11 10464 3
11 2915 1
11 2914 1
11 11771 1
11 13459 1
11 10646 1
11 4199 1
11 16616 1
11 18793 1
11 12394 1
11 13884 1
11 7663 1
11 8040 1
11 1138 1
11 9171 1
11 16831 1
11 20343 1
11 16120 1
11 7889 1
11 21627 1
11 12670 1
12 12288 1
12 15874 1
12 19718 1
12 6142 1
12 2442 1
12 7691 1
12 2446 1
12 10264 1
12 4547 1
12 15534 1
12 6809 1
12 15903 2
12 19132 1
12 5403 1
12 14495 1
12 17185 1
12 15266 1
12 17188 1
12 13222 1
12 7081 1
12 11307 2
12 12716 2
12 10158 1
12 7471 1
12 2226 1
12 1717 1
12 6711 1
12 1464 1
12 1465 1
12 6970 1
12 17339 1
12 15548 4
12 15166 1
12 22463 1
12 22464 2
12 21330 1
12 14475 1
12 21318 1
12 8647 1
12 13129 1
12 11850 1
12 14668 3
12 12110 1
12 5583 1
12 7888 1
12 21586 3
12 2348 1
12 18852 1
12 7514 1
12 9947 1
12 4831 1
12 3408 1
12 1269 1
12 8012 1
12 8892 1
12 8043 1
12 9069 1
12 5870 1
12 15855 1
12 7854 1
12 15763 1
12 1652 1
12 16831 1
12 13255 1
12 745 1
12 4345 1
12 11771 3
12 1406 1
12 11007 1
13 8193 1
13 22020 1
13 17066 1
13 19464 1
13 9227 1
13 3332 1
13 15903 4
13 22571 1
13 6702 1
13 7216 1
13 1074 1
13 13883 1
13 6204 1
13 11787 1
13 7236 1
13 10311 1
13 12360 1
13 11850 1
13 6219 1
13 9293 1
13 15439 1
13 592 1
13 15441 1
13 21586 3
13 15971 1
13 13398 1
13 8797 1
13 7776 1
13 19553 1
13 3171 1
13 22119 3
13 21613 4
13 21104 1
13 13937 1
13 1141 2
13 17016 1
13 11898 1
13 20097 1
13 8043 3
13 1163 1
13 20112 1
13 14481 1
13 3568 1
13 22186 3
13 15023 1
13 19124 1
13 8375 1
13 14530 1
13 11461 1
13 13005 1
13 14543 1
13 11476 1
13 13022 1
13 18144 1
13 15588 1
13 12009 1
13 17140 1
13 15102 1
13 5888 2
13 1283 1
13 4868 1
13 19718 1
13 5391 1
13 17688 1
13 8989 1
13 20255 1
13 20768 1
13 17968 1
13 1833 1
13 10205 1
13 6461 1
13 16705 1
13 18764 1
13 12110 2
13 21841 1
13 14677 3
13 4438 1
13 9047 1
13 740 1
13 16223 1
13 2407 1
13 11113 1
13 7655 1
13 9069 1
13 14703 1
13 19499 1
13 6514 1
13 9592 1
13 14714 1
13 15751 1
13 7575 1
13 3468 1
13 4496 4
13 4497 1
13 22418 1
13 10135 1
13 7582 1
13 20384 1
13 496 1
13 15266 1
13 8636 1
13 19401 1
13 14795 1
13 13776 1
13 7635 1
13 19741 1
13 9038 1
13 21468 1
13 2525 1
13 19939 1
13 6119 2
13 21993 1
13 7658 1
13 17899 1
13 7663 1
13 11760 1
13 17400 1
13 11771 1
13 6652 1
13 10410 1
13 18773 1
14 8193 1
14 19460 1
14 8197 1
14 8988 1
14 1551 1
14 11793 1
14 16915 1
14 3758 1
14 22551 1
14 17435 1
14 16304 1
14 16385 1
14 8229 1
14 18983 1
14 3631 1
14 13888 1
14 8262 1
14 15441 1
14 13398 1
14 15448 2
14 1118 1
14 18528 1
14 6246 1
14 19900 1
14 15979 1
14 2237 1
14 13937 1
14 1141 1
14 21865 1
14 1152 1
14 14978 1
14 5764 1
14 1160 1
14 7817 1
14 10263 1
14 673 1
14 4635 1
14 13477 1
14 11945 1
14 17070 1
14 17071 1
14 19124 1
14 16054 1
14 19133 4
14 19134 1
14 2755 1
14 13516 1
14 4302 1
14 9424 1
14 20690 1
14 20692 1
14 5838 1
14 21206 1
14 20585 1
14 11992 1
14 8921 1
14 5352 1
14 7401 1
14 1266 1
14 15609 1
14 14592 1
14 8449 2
14 5892 1
14 4870 1
14 19719 1
14 4364 1
14 7952 1
14 4884 1
14 21276 1
14 18209 1
14 19238 1
14 18218 1
14 13611 1
14 21295 1
14 15152 1
14 17202 1
14 3380 1
14 6281 1
14 1336 1
14 21305 4
14 20794 1
14 6461 1
14 15166 1
14 6464 1
14 9539 1
14 18767 1
14 12625 2
14 14677 3
14 9047 1
14 19800 1
14 3417 1
14 11008 2
14 863 1
14 22368 1
14 5988 1
14 3943 1
14 9577 1
14 9069 2
14 1256 1
14 21874 1
14 14714 1
14 17788 1
14 17790 1
14 4992 1
14 16775 1
14 17806 1
14 4496 1
14 4497 1
14 20803 1
14 10644 1
14 19349 1
14 13141 1
14 3991 1
14 20384 2
14 15266 1
14 15268 1
14 20389 1
14 8614 1
14 21936 1
14 8636 1
14 16831 1
14 15809 1
14 11714 1
14 1988 1
14 22469 1
14 15819 1
14 15820 1
14 15826 1
14 7637 1
14 17657 1
14 9124 1
14 14810 1
14 21467 1
14 2525 1
14 8673 1
14 8679 1
14 7150 1
14 12799 1
14 15869 1
14 8021 1
15 11008 1
15 16773 1
15 4235 1
15 3084 1
15 271 1
15 11193 1
15 19478 1
15 2839 1
15 19479 1
15 17818 1
15 17435 1
15 671 1
15 4668 1
15 20642 1
15 22571 1
15 16432 1
15 8753 1
15 16691 1
15 8245 1
15 16054 2
15 21305 1
15 1467 1
15 12604 1
15 19133 1
15 17333 1
15 11714 2
15 3339 1
15 20165 1
15 12 1
15 11850 1
15 20429 1
15 9167 1
15 20689 1
15 4364 1
15 13525 1
15 4438 1
15 20695 2
15 22108 1
15 10206 1
15 4219 1
15 1895 1
15 18108 3
15 9069 1
15 12349 1
15 13040 1
15 20593 1
15 3260 1
15 3956 1
15 1141 1
15 16758 1
15 8041 2
15 16888 1
15 127 1
15 17789 1
15 1918 1
15 12799 2
16 12288 1
16 854 1
16 8 1
16 12716 1
16 3084 1
16 4110 1
16 13849 1
16 16760 1
16 19494 1
16 15915 1
16 1068 1
16 8753 1
16 16434 1
16 16952 1
16 1092 1
16 16966 1
16 15432 1
16 20236 1
16 11850 1
16 592 1
16 16978 1
16 3086 1
16 9817 1
16 22108 1
16 18528 2
16 1467 1
16 17000 1
16 18108 4
16 14448 1
16 9832 1
16 626 1
16 1140 1
16 1141 2
16 8041 1
16 10360 1
16 126 1
16 13951 1
16 19585 1
16 2179 1
16 6281 1
16 9354 1
16 14475 1
16 3217 1
16 19098 1
16 19102 1
16 673 1
16 9892 1
16 13477 1
16 4263 1
16 16049 2
16 19124 1
16 19126 1
16 3258 1
16 19131 1
16 8892 1
16 19133 2
16 12481 1
16 18209 2
16 7880 1
16 19661 1
16 22224 1
16 7889 1
16 20692 2
16 1405 1
16 7389 1
16 6694 1
16 1917 1
16 15600 1
16 18162 2
16 638 1
16 17148 1
16 4867 1
16 19716 1
16 20234 2
16 20695 2
16 4364 3
16 21782 2
16 5400 1
16 2841 1
16 17181 1
16 801 1
16 21804 1
16 5934 1
16 1844 1
16 21305 2
16 1342 1
16 21324 1
16 4942 1
16 8248 2
16 6483 1
16 15190 1
16 9047 1
16 13658 1
16 18781 1
16 13969 1
16 15209 1
16 15723 1
16 9069 1
16 10096 1
16 4868 1
16 12151 1
16 8568 1
16 17789 1
16 17790 1
16 16771 1
16 4484 1
16 16775 2
16 3985 1
16 20882 2
16 10644 1
16 3992 1
16 20384 1
16 4520 1
16 15276 1
16 21234 1
16 11186 1
16 6075 1
16 4030 1
16 22464 2
16 4033 1
16 11714 2
16 12747 1
16 7629 1
16 2001 1
16 10206 1
16 4577 1
16 4604 1
16 20970 1
16 12779 1
16 21586 2
16 16366 1
16 11603 1
16 8180 1
16 5623 1
16 16890 1
16 6652 1
16 13821 1
16 12799 1
17 12288 1
17 515 1
17 9223 1
17 13851 1
17 15903 1
17 19493 1
17 13863 1
17 3629 1
17 4654 1
17 13875 1
17 1076 1
17 13889 1
17 592 1
17 15955 1
17 15449 1
17 10337 1
17 13412 1
17 1141 1
17 7287 1
17 13435 2
17 19592 1
17 19652 1
17 15216 1
17 9380 1
17 6826 1
17 3758 1
17 4276 1
17 16054 1
17 4795 1
17 18108 1
17 19133 2
17 15556 1
17 2763 1
17 13516 1
17 16592 1
17 10963 1
17 11479 1
17 6622 1
17 7392 1
17 10978 1
17 5348 1
17 4837 1
17 10279 1
17 770 1
17 4868 1
17 2873 1
17 4884 1
17 2839 2
17 5400 1
17 797 1
17 4385 1
17 12076 1
17 5000 1
17 16693 1
17 14649 1
17 6464 1
17 3397 1
17 21305 2
17 11603 1
17 9047 1
17 5988 2
17 13159 1
17 9069 2
17 15214 1
17 9072 1
17 20343 1
17 5498 1
17 11134 1
17 16774 1
17 16775 1
17 21384 1
17 11662 1
17 4495 1
17 20882 1
17 7584 1
17 6054 1
17 10154 1
17 4011 1
17 18865 1
17 11196 1
17 9152 1
17 11714 1
17 6089 1
17 9167 2
17 14800 1
17 10206 1
17 14327 1
17 13819 1
17 6652 1
18 11008 2
18 21632 1
18 4032 1
18 6149 1
18 12673 1
18 15496 1
18 18569 1
18 17163 1
18 4669 1
18 16785 1
18 20242 1
18 13331 1
18 19476 1
18 15273 1
18 2374 1
18 10392 1
18 7065 1
18 13979 1
18 1467 1
18 16416 1
18 16804 1
18 7396 1
18 7793 1
18 21544 1
18 8745 1
18 22186 1
18 8236 1
18 8749 1
18 20882 1
18 3633 1
18 5554 1
18 8758 1
18 15689 1
18 21305 1
18 9839 1
18 18108 1
18 12349 2
18 22464 1
18 18080 1
18 834 1
18 11843 1
18 18528 1
18 8776 1
18 10953 1
18 588 1
18 14798 1
18 4303 1
18 15696 1
18 12501 1
18 9047 1
18 4441 1
18 17957 1
18 7392 1
18 3408 1
18 7011 1
18 5988 1
18 18406 1
18 17943 1
18 21097 1
18 5356 1
18 9069 2
18 19133 1
18 9072 1
18 5800 1
18 4723 1
18 3956 1
18 6773 1
18 22262 1
18 4599 1
18 4602 1
18 17790 1
19 11008 1
19 15216 1
19 1922 1
19 646 1
19 15751 1
19 16904 1
19 12076 1
19 4364 2
19 13069 1
19 13838 1
19 529 1
19 2706 4
19 18222 1
19 409 1
19 15384 1
19 2841 1
19 17818 1
19 18209 1
19 17072 1
19 4132 1
19 11462 1
19 9644 1
19 5555 1
19 16430 1
19 5552 1
19 968 1
19 16691 1
19 1844 1
19 15416 1
19 21305 1
19 19133 1
19 703 1
19 7392 1
19 16450 1
19 19782 2
19 967 1
19 12360 1
19 16396 1
19 3919 1
19 12112 1
19 11603 2
19 3797 1
19 20695 1
19 9816 1
19 15496 1
19 13821 1
19 10205 1
19 13477 1
19 15328 1
19 1465 1
19 17637 1
19 8935 1
19 8040 1
19 15210 1
19 16367 1
19 10224 1
19 12018 1
19 1651 1
19 4019 1
19 20343 1
19 5498 1
19 13819 1
19 10237 1
19 3285 1
20 16385 1
20 5765 1
20 18185 1
20 906 1
20 3084 1
20 3086 1
20 11665 1
20 21906 1
20 917 1
20 21782 3
20 4250 1
20 15754 1
20 7455 1
20 22571 1
20 3629 1
20 8607 1
20 14046 1
20 11449 1
20 13883 1
20 9920 1
20 12349 1
20 6773 1
20 16704 1
20 11969 1
20 11714 1
20 2243 1
20 13255 1
20 15820 1
20 588 1
20 22478 2
20 5199 1
20 1744 1
20 12625 1
20 467 1
20 8660 1
20 12878 1
20 17292 1
20 9167 1
20 22108 1
20 6622 1
20 5727 1
20 16224 1
20 592 1
20 4795 1
20 8636 1
20 10731 1
20 9069 1
20 18197 1
20 11662 1
20 13809 1
20 3060 1
20 117 1
20 8532 1
20 19322 1
20 3647 1
20 16893 1
20 6014 1
20 1023 1
21 897 1
21 4867 1
21 5765 1
21 16646 1
21 13834 1
21 4235 1
21 9484 1
21 20878 1
21 16911 1
21 21905 1
21 20882 1
21 16661 1
21 22551 1
21 18841 1
21 5276 1
21 22557 1
21 8607 1
21 1440 1
21 9890 1
21 6623 1
21 19886 1
21 16431 1
21 14493 1
21 10162 1
21 22293 1
21 6965 2
21 12342 1
21 21305 1
21 7499 1
21 15199 1
21 19133 1
21 10046 1
21 11714 1
21 3339 1
21 21586 1
21 9654 1
21 18828 1
21 11723 2
21 906 1
21 3408 1
21 20690 1
21 9171 1
21 7764 1
21 14677 1
21 856 1
21 10972 1
21 13405 1
21 12026 1
21 18911 1
21 22368 1
21 8635 1
21 16358 1
21 18058 1
21 12140 1
21 9069 1
21 4669 1
21 20465 1
21 19186 1
21 8950 1
21 2442 1
21 8954 1
21 18812 1
21 19582 1
21 405 1
22 12288 1
22 9729 1
22 19460 1
22 8 2
22 2442 1
22 11275 1
22 4364 1
22 11662 3
22 7568 1
22 17169 1
22 13477 1
22 10644 2
22 279 1
22 14744 1
22 20505 1
22 248 1
22 9887 1
22 3351 1
22 7457 1
22 19619 1
22 19493 1
22 13863 1
22 8749 2
22 7765 1
22 16431 1
22 8063 1
22 19464 2
22 16891 1
22 1460 1
22 9398 1
22 3339 1
22 1465 1
22 3258 1
22 4795 2
22 18108 1
22 12746 1
22 3134 1
22 11765 1
22 12481 1
22 11714 2
22 17731 1
22 11461 1
22 1991 1
22 22344 1
22 13129 1
22 1482 1
22 21322 1
22 3536 1
22 17016 1
22 10723 1
22 4235 1
22 3541 5
22 20695 1
22 3674 1
22 4317 1
22 6622 1
22 10975 1
22 22368 1
22 10640 1
22 18530 1
22 1467 1
22 6630 1
22 9832 1
22 492 1
22 9069 2
22 4547 1
22 8765 1
22 9072 1
22 4081 1
22 1139 1
22 500 1
22 11637 1
22 16758 1
22 16375 1
22 8568 1
22 4884 1
22 127 1
22 19580 1
22 5246 2
22 12799 2
23 8449 2
23 12930 1
23 6531 1
23 4868 1
23 13697 1
23 19464 1
23 11273 1
23 3991 1
23 13964 1
23 18818 1
23 19473 1
23 22418 1
23 659 1
23 17172 1
23 19989 1
23 21782 1
23 12604 1
23 10265 1
23 21146 1
23 8989 1
23 11042 1
23 16804 2
23 13766 1
23 13478 1
23 4647 1
23 15273 2
23 13994 1
23 17067 1
23 9901 1
23 16430 1
23 15279 1
23 15432 1
23 10042 1
23 17339 2
23 4668 1
23 3134 1
23 320 1
23 833 1
23 4290 1
23 2245 1
23 11462 2
23 11335 3
23 11336 2
23 14286 1
23 12625 1
23 20690 1
23 10723 1
23 3259 1
23 8451 1
23 740 1
23 476 1
23 6976 1
23 1763 1
23 3812 1
23 6695 1
23 1895 1
23 9832 1
23 489 1
23 18023 1
23 9069 1
23 4989 1
23 15856 1
23 13937 1
23 10939 1
23 13688 2
23 4601 1
23 19900 1
23 15869 1
23 126 1
23 20095 1
24 4867 2
24 16775 1
24 20234 1
24 20882 2
24 7318 1
24 3992 1
24 4894 1
24 10972 1
24 549 1
24 9638 1
24 2344 1
24 4521 1
24 3629 1
24 16434 1
24 7219 1
24 8503 1
24 2873 1
24 3134 1
24 7487 1
24 4555 1
24 14789 1
24 11851 1
24 9167 1
24 12625 1
24 10963 1
24 14036 1
24 20695 1
24 11612 2
24 13022 1
24 5988 2
24 7397 2
24 9833 1
24 16367 1
24 17013 1
24 121 1
24 15869 1
25 22108 1
25 1154 1
25 10859 1
25 4868 2
25 7873 3
25 2164 1
25 15754 1
25 22067 2
25 4493 1
25 22032 1
25 15491 1
25 10900 1
25 21781 1
25 6809 1
25 797 1
25 8607 1
25 5920 1
25 7201 1
25 15266 1
25 419 1
25 20137 1
25 3629 1
25 9520 1
25 9521 2
25 17714 2
25 16691 1
25 14264 1
25 13428 1
25 12878 1
25 7101 1
25 1141 1
25 6593 1
25 2243 1
25 13508 1
25 2245 1
25 20422 1
25 16417 1
25 20168 1
25 15820 1
25 17015 1
25 6220 1
25 17186 1
25 15310 1
25 14677 1
25 12930 1
25 14807 1
25 15448 2
25 18140 1
25 7773 1
25 6622 1
25 11771 1
25 18528 2
25 18529 1
25 10978 1
25 19939 1
25 19814 1
25 1256 1
25 8427 1
25 9069 2
25 20212 1
25 21493 1
25 681 1
25 2555 1
25 19715 1
26 12288 1
26 12673 1
26 15491 1
26 6788 1
26 16775 1
26 13704 1
26 3991 1
26 15438 1
26 19469 1
26 4366 1
26 21782 1
26 18071 1
26 4032 1
26 16539 1
26 9815 1
26 8989 1
26 21733 1
26 2343 1
26 9513 1
26 114 1
26 16302 1
26 16432 1
26 13108 1
26 12342 1
26 11449 1
26 18911 1
26 4669 1
26 320 1
26 4417 1
26 19397 1
26 3914 1
26 8268 1
26 126 1
26 4942 1
26 719 1
26 8144 1
26 10963 1
26 21220 1
26 20695 1
26 14041 1
26 1375 1
26 20064 1
26 592 1
26 14306 1
26 12772 1
26 7781 1
26 6630 1
26 8039 1
26 17000 1
26 15593 1
26 2666 1
26 2541 1
26 7400 1
26 13682 1
26 10740 1
26 1141 1
26 5246 1
27 12800 1
27 16774 1
27 13451 1
27 4364 1
27 4237 1
27 13454 1
27 17041 1
27 9234 1
27 13333 1
27 3991 1
27 3992 2
27 12825 1
27 9247 1
27 20384 1
27 16390 1
27 13404 1
27 9514 1
27 9644 1
27 13485 1
27 3758 2
27 10928 1
27 16434 1
27 19126 1
27 11703 1
27 16824 1
27 1465 1
27 19133 1
27 11434 1
27 4032 1
27 12354 1
27 22339 1
27 15432 1
27 646 1
27 4943 1
27 20690 1
27 7765 1
27 10966 1
27 20695 1
27 12018 1
27 4314 1
27 10972 1
27 15199 1
27 15328 1
27 14306 1
27 8935 1
27 2706 1
27 12144 1
27 8562 1
27 18557 1
28 12288 1
28 6976 1
28 17387 1
28 4230 1
28 4360 1
28 6281 1
28 12503 1
28 269 1
28 2706 2
28 12823 1
28 21786 1
28 18975 1
28 20000 1
28 6694 1
28 19881 1
28 13486 1
28 16049 1
28 4019 1
28 4754 1
28 12343 1
28 14649 1
28 4795 1
28 14016 1
28 12481 1
28 11714 2
28 14475 1
28 3060 1
28 14677 1
28 13537 1
28 18632 1
28 2761 1
28 375 1
28 1997 1
28 592 1
28 4819 1
28 8532 1
28 7765 1
28 13398 1
28 9047 1
28 7768 1
28 10972 1
28 1504 1
28 18529 1
28 7011 1
28 8683 1
28 16592 1
28 9069 1
28 18287 1
28 11760 1
28 12018 1
28 4723 1
28 1163 1
28 3574 1
28 12151 1
28 8184 1
28 762 1
28 17788 2
28 1917 1
28 18208 1
29 13440 1
29 4867 1
29 19460 1
29 1160 1
29 13961 1
29 20695 2
29 15119 1
29 22032 1
29 13331 1
29 19478 1
29 3991 1
29 6809 1
29 9244 1
29 15979 1
29 18209 1
29 9047 1
29 3627 1
29 3629 1
29 13704 1
29 2611 1
29 18505 1
29 18207 1
29 18108 1
29 3647 1
29 15808 1
29 4161 1
29 11714 1
29 4235 1
29 3652 2
29 3529 1
29 3530 1
29 11723 1
29 12237 1
29 21586 1
29 6742 1
29 6265 1
29 15710 1
29 1504 2
29 1467 1
29 15590 1
29 21606 1
29 9832 1
29 21097 1
29 14827 2
29 7660 1
29 9069 1
29 6630 1
29 1141 1
29 17773 1
29 4601 1
29 5501 1
29 1918 1
30 12288 1
30 18955 1
30 14475 1
30 1967 1
30 9244 1
30 7716 1
30 3629 1
30 3130 1
30 4668 3
30 3647 1
30 3649 1
30 1092 1
30 12360 1
30 16969 1
30 11851 2
30 592 2
30 12153 1
30 3162 1
30 603 1
30 1117 1
30 7777 1
30 7778 1
30 1467 1
30 3260 1
30 13937 1
30 3187 1
30 19060 1
30 17014 1
30 105 1
30 124 1
30 4221 1
30 15491 1
30 5764 1
30 18055 1
30 15499 1
30 13452 1
30 4250 1
30 7323 1
30 673 1
30 17435 1
30 11435 1
30 15532 1
30 20142 1
30 15539 1
30 16054 1
30 2745 1
30 18108 2
30 19133 1
30 21702 1
30 5321 1
30 15567 1
30 16592 2
30 7889 1
30 20695 2
30 11992 1
30 11471 1
30 10972 1
30 21224 1
30 6269 1
30 21750 2
30 19705 2
30 762 1
30 13053 1
30 8449 1
30 770 1
30 4364 1
30 2605 1
30 16661 1
30 18210 1
30 4315 1
30 7471 1
30 9520 1
30 21305 1
30 12602 2
30 4414 1
30 16195 1
30 16196 1
30 16715 1
30 8012 1
30 12625 2
30 22366 1
30 22368 1
30 15717 1
30 3943 1
30 9072 1
30 4473 1
30 7550 2
30 7055 1
30 20803 2
30 3652 1
30 20384 2
30 6128 1
30 15266 1
30 15279 1
30 3003 1
30 4000 1
30 1991 1
30 7633 1
30 5593 1
30 21841 1
30 15856 1
30 18424 2
30 15869 1
31 6145 1
31 1922 1
31 15621 1
31 2310 1
31 16385 1
31 19208 1
31 907 1
31 4364 1
31 15117 1
31 3992 3
31 13331 1
31 3220 1
31 10323 1
31 22551 1
31 15384 1
31 12825 1
31 17312 1
31 8568 1
31 11850 1
31 18853 1
31 10535 1
31 1704 1
31 4647 1
31 20012 1
31 12018 1
31 9520 1
31 20168 1
31 4019 1
31 16308 1
31 1589 1
31 9270 1
31 19640 1
31 19133 1
31 3134 1
31 4725 1
31 13069 1
31 11714 1
31 9398 1
31 21446 1
31 13128 1
31 17737 1
31 8650 1
31 1099 1
31 20429 1
31 9072 1
31 6479 1
31 12625 1
31 20690 1
31 7635 1
31 10453 1
31 12760 1
31 17242 1
31 10206 1
31 19939 1
31 2661 1
31 4586 1
31 747 1
31 4669 1
31 7664 1
31 3954 1
31 7539 1
31 1141 1
31 17016 1
31 3321 1
31 20474 1
31 7550 1
32 19460 1
32 17943 1
32 1074 1
32 1076 1
32 17463 1
32 22082 1
32 20662 1
32 15432 1
32 588 1
32 21586 1
32 13398 2
32 602 1
32 13405 1
32 7777 1
32 3259 1
32 18023 1
32 3175 1
32 18030 1
32 1135 1
32 14448 1
32 13425 1
32 4723 1
32 123 1
32 6269 1
32 4289 1
32 12429 1
32 13969 1
32 10407 1
32 16054 1
32 5816 1
32 11449 1
32 4795 1
32 11969 1
32 15558 1
32 17612 1
32 16592 1
32 8913 1
32 20690 1
32 12501 1
32 13532 1
32 10973 1
32 7867 1
32 4306 1
32 4335 1
32 5877 1
32 22266 1
32 6397 1
32 8449 1
32 20237 1
32 4366 1
32 21264 1
32 18197 1
32 13078 1
32 1305 1
32 8989 1
32 16175 1
32 16693 1
32 833 1
32 17229 1
32 12625 1
32 18267 2
32 10103 1
32 1918 1
32 12673 1
32 16774 2
32 15754 1
32 12354 1
32 3991 1
32 13723 1
32 15273 2
32 15274 1
32 11181 1
32 437 1
32 17339 1
32 3519 1
32 4032 1
32 1482 1
32 460 1
32 9169 1
32 7637 1
32 18391 1
32 10206 2
32 18911 1
32 11771 1
32 10222 1
32 20465 1
32 3058 1
32 6651 2
33 1544 1
33 19480 1
33 16132 1
33 11292 1
33 4639 1
33 4132 1
33 16936 1
33 15903 1
33 22571 1
33 8749 1
33 3631 3
33 16434 1
33 12341 1
33 4276 1
33 6718 1
33 3647 1
33 13888 2
33 12354 1
33 10423 1
33 13389 2
33 19029 1
33 13400 1
33 3674 1
33 13405 1
33 7440 1
33 4795 1
33 13412 1
33 18022 1
33 10854 1
33 18023 1
33 3176 1
33 1141 1
33 19588 1
33 13445 1
33 14474 1
33 13452 1
33 3217 1
33 3220 1
33 13979 1
33 12446 1
33 15528 2
33 14508 1
33 19124 1
33 16054 1
33 12471 1
33 4127 1
33 19133 2
33 5823 1
33 2243 1
33 7370 1
33 20343 2
33 721 1
33 10460 1
33 10975 1
33 6368 1
33 17123 1
33 2279 1
33 21228 1
33 19694 1
33 3321 1
33 18174 2
33 21247 1
33 11008 1
33 8449 1
33 4868 1
33 2310 1
33 19719 1
33 18185 2
33 15119 1
33 3344 1
33 13073 1
33 797 1
33 17183 1
33 10531 1
33 17704 1
33 16687 1
33 12081 1
33 11059 1
33 21305 2
33 12602 1
33 16704 1
33 21318 1
33 12625 1
33 4665 1
33 857 1
33 7010 1
33 15717 1
33 6375 1
33 3948 1
33 3134 1
33 12663 1
33 2949 1
33 15752 1
33 1019 1
33 11672 1
33 1945 1
33 411 1
33 15774 1
33 13723 3
33 4521 2
33 2990 1
33 5551 1
33 17337 1
33 1979 1
33 11708 1
33 22464 3
33 19401 1
33 6091 1
33 15820 1
33 9167 1
33 9169 1
33 7637 1
33 10205 1
33 11771 1
33 4433 1
33 5623 1
33 6651 1
33 6652 1
33 13821 1
33 16469 1
34 12288 2
34 21376 1
34 8066 1
34 16771 1
34 4868 1
34 8257 1
34 18185 1
34 128 1
34 395 1
34 4364 1
34 1922 1
34 17168 1
34 7768 1
34 18222 1
34 8086 1
34 13723 1
34 12112 1
34 20329 1
34 14753 1
34 13963 1
34 13979 1
34 4263 1
34 4521 2
34 9644 1
34 3629 1
34 16430 1
34 16432 1
34 3633 1
34 22581 1
34 592 1
34 14776 1
34 12345 1
34 1466 1
34 7455 1
34 19900 1
34 19133 2
34 10814 1
34 833 1
34 22082 1
34 11843 1
34 2747 1
34 16966 1
34 7623 1
34 5623 1
34 1482 1
34 5815 1
34 13516 1
34 13389 1
34 20686 1
34 20687 1
34 14800 1
34 14033 1
34 18004 1
34 14677 1
34 21305 2
34 15448 1
34 16356 1
34 10972 1
34 3293 1
34 8416 1
34 10320 1
34 10851 1
34 5988 1
34 16998 1
34 2279 1
34 11708 1
34 12010 1
34 13675 1
34 8940 1
34 9069 1
34 21949 1
34 3314 1
34 3060 1
34 4725 1
34 15401 1
34 17016 1
34 2314 1
34 8187 1
34 18005 1
35 7684 1
35 20494 2
35 1168 1
35 8238 3
35 22551 3
35 127 2
35 7066 2
35 7069 1
35 17312 1
35 17313 1
35 18852 1
35 11821 1
35 20014 1
35 5149 1
35 19764 1
35 11449 3
35 14024 2
35 7528 1
35 16363 1
35 9069 2
35 16367 1
35 6651 1
35 126 1
35 11007 1
36 128 1
36 13697 1
36 7684 3
36 129 1
36 1167 1
36 22551 5
36 7066 2
36 7069 2
36 16030 1
36 20384 2
36 17313 1
36 18162 1
36 8238 1
36 19764 2
36 11449 3
36 11821 1
36 16832 1
36 14024 2
36 18423 1
36 14673 1
36 12760 1
36 11737 1
36 4058 1
36 603 1
36 14324 1
36 15971 1
36 16363 1
36 9069 1
36 7409 5
36 1650 1
36 5364 1
36 14583 1
36 7546 1
36 126 1
36 127 1
37 7680 1
37 13445 1
37 1169 1
37 20014 1
37 22551 7
37 7066 1
37 5149 1
37 17312 2
37 17313 1
37 19619 1
37 3878 3
37 3880 2
37 20010 1
37 12716 1
37 17069 1
37 8238 2
37 7069 1
37 19764 1
37 11449 2
37 8378 1
37 19132 1
37 8765 1
37 5365 1
37 11714 3
37 588 1
37 126 3
37 4818 2
37 14682 4
37 13917 1
37 19938 1
37 11887 1
37 3313 4
37 18548 1
37 1269 1
37 505 1
37 7546 1
37 124 1
37 8446 1
37 11007 1
38 7680 2
38 12288 1
38 12805 1
38 17069 1
38 15890 1
38 1044 1
38 22551 2
38 15393 5
38 18467 1
38 7717 1
38 11815 1
38 4139 1
38 8236 1
38 22574 1
38 1076 1
38 11832 1
38 8765 1
38 5186 1
38 15432 1
38 588 1
38 15949 1
38 2640 9
38 21586 2
38 18005 1
38 271 1
38 15971 1
38 13452 1
38 20592 1
38 626 1
38 18548 1
38 10360 1
38 17017 1
38 17019 1
38 5246 2
38 127 3
38 18051 1
38 19588 1
38 14985 1
38 19596 1
38 2701 1
38 1167 2
38 1169 2
38 7323 1
38 14495 1
38 14448 1
38 19619 1
38 9892 1
38 15528 3
38 17067 1
38 9901 1
38 9398 1
38 11449 1
38 603 1
38 20686 2
38 18133 1
38 10972 4
38 3313 5
38 1275 1
38 17148 1
38 17621 3
38 22571 1
38 5385 1
38 4364 1
38 20238 1
38 5391 1
38 281 1
38 15642 1
38 19238 1
38 5927 1
38 10024 1
38 19764 3
38 13961 1
38 16190 2
38 16194 1
38 12616 1
38 13129 1
38 14677 3
38 14682 6
38 1375 1
38 15203 1
38 9069 4
38 6511 1
38 20343 1
38 7546 1
38 1918 2
38 3974 1
38 13704 1
38 17810 2
38 11161 1
38 7066 1
38 12188 1
38 7584 1
38 6561 1
38 2990 1
38 22457 1
38 16831 1
38 22464 3
38 20384 3
38 15948 3
38 1482 1
38 6622 1
38 15952 2
38 18924 1
38 11760 1
38 14324 3
38 4602 1
38 11771 1
38 16893 1
38 7678 1
38 5119 1
39 13440 1
39 12288 1
39 18051 1
39 13445 1
39 13697 1
39 13704 1
39 5385 1
39 15981 1
39 1168 1
39 16131 1
39 15508 1
39 281 1
39 12188 1
39 19461 1
39 15119 1
39 6561 1
39 15394 1
39 12891 1
39 3625 1
39 20012 1
39 5552 1
39 19634 2
39 19764 1
39 14389 1
39 10832 1
39 13881 1
39 13882 1
39 6459 1
39 11708 1
39 22464 1
39 11714 1
39 5576 1
39 16075 1
39 15948 3
39 13901 1
39 20686 1
39 2640 4
39 15953 1
39 14677 1
39 5207 1
39 12760 1
39 1369 1
39 9947 1
39 14324 1
39 3935 1
39 18528 1
39 464 1
39 1380 1
39 8422 1
39 14673 1
39 3048 1
39 873 1
39 9069 2
39 14574 1
39 21104 1
39 21696 1
39 21364 1
39 14583 1
39 4602 1
39 127 1
39 7548 1
39 5246 1
39 18005 1
40 9600 1
40 3844 1
40 3845 1
40 16519 1
40 13704 1
40 3854 3
40 1167 1
40 3344 2
40 3758 1
40 22551 1
40 281 2
40 7066 1
40 3610 2
40 8238 1
40 9398 1
40 11449 2
40 6459 3
40 18503 5
40 588 1
40 4180 1
40 14677 1
40 605 1
40 9069 1
40 126 1
40 5246 2
40 127 2
41 3845 1
41 4364 1
41 17293 1
41 22032 1
41 10644 1
41 4247 1
41 1669 1
41 20388 1
41 6695 1
41 1578 1
41 16431 1
41 16432 1
41 1844 1
41 16436 1
41 21692 1
41 13887 1
41 11714 1
41 18503 1
41 12746 1
41 18005 3
41 19808 1
41 4449 1
41 16998 1
41 3175 1
41 17004 1
41 4461 1
41 5232 1
41 7164 1
42 7680 1
42 768 2
42 15874 2
42 15723 1
42 7684 1
42 13445 1
42 2433 1
42 13704 2
42 13198 2
42 1168 1
42 14993 2
42 2578 3
42 8494 2
42 19478 1
42 22551 1
42 17688 1
42 10265 1
42 7066 1
42 3227 1
42 15772 1
42 15903 1
42 5232 1
42 9122 1
42 19619 1
42 22437 1
42 13863 1
42 5929 1
42 15914 1
42 8238 1
42 18013 2
42 1076 1
42 4661 1
42 5321 2
42 11449 1
42 8539 1
42 1469 2
42 4868 1
42 12097 1
42 11714 1
42 5750 1
42 588 2
42 14026 2
42 17484 1
42 11218 1
42 18005 3
42 9432 1
42 2788 1
42 13530 2
42 603 1
42 18140 1
42 10333 2
42 22032 3
42 9316 1
42 11183 1
42 20329 1
42 18923 2
42 15856 1
42 9828 1
42 18162 1
42 15603 2
42 16588 1
42 19190 2
42 5623 2
42 10360 1
42 13951 1
42 1918 1
42 127 4
43 12288 1
43 1537 1
43 15874 2
43 4610 1
43 6671 1
43 8209 1
43 2578 4
43 4116 2
43 8214 1
43 22551 1
43 15384 1
43 11292 1
43 6687 1
43 13863 1
43 1578 3
43 15915 1
43 15404 2
43 8749 1
43 16432 1
43 8753 1
43 16434 1
43 4661 1
43 7738 1
43 8253 1
43 13887 4
43 8266 1
43 15949 1
43 8782 1
43 1616 1
43 8888 1
43 18005 2
43 3674 1
43 9308 2
43 10334 1
43 22111 1
43 9316 4
43 16998 2
43 17004 1
43 10862 1
43 5232 1
43 1163 1
43 21621 1
43 127 1
43 128 1
43 129 1
43 13445 2
43 20103 1
43 14985 1
43 18571 1
43 14993 2
43 21652 1
43 13467 1
43 16035 2
43 9380 1
43 17062 1
43 10407 1
43 22188 1
43 7344 1
43 7345 1
43 11444 1
43 5816 1
43 7879 2
43 5321 1
43 14026 3
43 15567 3
43 20177 1
43 721 1
43 7400 1
43 15083 1
43 15601 1
43 15602 1
43 15096 1
43 7418 2
43 767 1
43 768 2
43 15403 1
43 3201 1
43 4364 1
43 6695 1
43 12053 1
43 18204 1
43 8502 1
43 15683 1
43 15684 1
43 7410 1
43 8012 1
43 20303 1
43 12625 1
43 4438 1
43 3417 1
43 7514 1
43 8539 2
43 22368 2
43 2914 3
43 2915 1
43 7526 1
43 13969 1
43 13161 3
43 15714 1
43 16616 1
43 16243 1
43 12153 1
43 2430 1
43 2433 2
43 18818 1
43 8579 2
43 13704 1
43 7660 1
43 2442 1
43 20882 1
43 5529 1
43 15258 1
43 15771 1
43 15772 2
43 6560 1
43 15856 1
43 11181 2
43 11183 1
43 1467 1
43 11708 1
43 1469 1
43 6080 1
43 4547 1
43 5577 1
43 11730 1
43 18387 3
43 15438 1
43 10205 1
43 3047 1
43 18923 4
43 3052 2
43 16366 2
43 7663 1
43 11760 1
43 12280 2
44 12288 1
44 3073 1
44 7691 1
44 22032 1
44 1554 1
44 11524 1
44 22557 1
44 3621 1
44 13863 1
44 1578 1
44 9776 1
44 8753 1
44 20026 3
44 13885 1
44 3424 1
44 1606 1
44 13389 1
44 18510 1
44 855 1
44 3157 1
44 14051 1
44 2146 2
44 15971 1
44 13412 1
44 3173 1
44 16998 1
44 15976 1
44 10860 1
44 5743 1
44 5232 1
44 3186 1
44 124 1
44 125 1
44 5246 1
44 1670 1
44 14985 1
44 20113 1
44 19607 1
44 5276 1
44 8986 1
44 12446 1
44 14448 1
44 9379 1
44 19626 1
44 2731 1
44 22188 1
44 19124 1
44 739 1
44 8376 1
44 15545 1
44 8892 1
44 19133 1
44 18114 1
44 2755 1
44 13514 1
44 7888 1
44 17105 1
44 18132 1
44 18133 1
44 1753 1
44 18140 1
44 10464 1
44 17872 1
44 10467 2
44 8913 1
44 4841 1
44 14574 1
44 16116 1
44 22262 1
44 4868 1
44 21775 1
44 22295 1
44 282 1
44 13086 1
44 16159 1
44 11555 1
44 826 1
44 9023 1
44 1348 1
44 6982 1
44 9543 1
44 18767 1
44 15185 1
44 4435 1
44 14677 1
44 9047 2
44 22368 1
44 2915 1
44 1895 1
44 22418 1
44 15216 1
44 22385 1
44 16242 1
44 8568 1
44 3963 1
44 12390 1
44 9600 1
44 11652 1
44 3974 1
44 20882 1
44 9113 1
44 13723 1
44 13724 1
44 12190 2
44 9122 1
44 1947 1
44 3492 1
44 14748 2
44 13226 1
44 22340 1
44 12207 1
44 18334 1
44 14324 1
44 954 1
44 3520 1
44 11714 3
44 7110 2
44 12743 1
44 3528 2
44 12746 1
44 4555 1
44 14800 1
44 9172 1
44 14807 1
44 17881 1
44 4572 1
44 488 1
44 15856 1
44 6130 1
44 13300 1
44 16888 1
44 2556 1
45 8705 1
45 19461 1
45 9729 2
45 7690 1
45 11787 1
45 16397 1
45 9232 1
45 13912 2
45 14595 1
45 1044 1
45 10264 1
45 14879 1
45 22060 1
45 3629 1
45 9777 1
45 10803 1
45 13889 1
45 15432 1
45 8779 1
45 21586 3
45 9300 1
45 18005 1
45 6329 1
45 5208 1
45 1111 1
45 605 1
45 10849 1
45 16998 1
45 22119 1
45 12391 1
45 18042 1
45 5764 2
45 13445 1
45 6791 1
45 13451 1
45 9069 2
45 11434 1
45 15545 3
45 10938 1
45 8992 1
45 9924 1
45 20689 1
45 7892 1
45 18145 1
45 10467 3
45 17105 4
45 17142 1
45 21251 1
45 11524 1
45 5389 1
45 7952 1
45 1809 1
45 16662 1
45 17184 1
45 9505 1
45 8482 1
45 11555 1
45 19238 1
45 11563 1
45 11566 1
45 7471 1
45 2355 1
45 12089 2
45 12602 1
45 14139 1
45 17290 2
45 8512 1
45 18754 1
45 20804 1
45 17225 1
45 19789 1
45 12112 1
45 14677 1
45 4438 1
45 14137 1
45 12121 1
45 2394 1
45 20794 1
45 17211 2
45 13031 1
45 3948 1
45 15725 1
45 12663 2
45 14828 1
45 11647 1
45 4486 1
45 17801 1
45 15754 1
45 17291 2
45 17804 1
45 917 1
45 406 1
45 408 1
45 13723 1
45 21921 1
45 9126 1
45 9644 1
45 19886 1
45 16968 1
45 5044 2
45 17849 1
45 16833 1
45 14795 1
45 10716 1
45 10725 1
45 3047 1
45 15850 1
45 8684 1
45 13295 1
45 11760 1
45 13301 1
45 14327 1
45 16888 1
45 4602 1
45 2556 2
46 12288 4
46 4610 2
46 7684 4
46 20485 1
46 5129 1
46 9227 1
46 14861 1
46 20494 2
46 12816 1
46 10262 1
46 22551 2
46 10264 1
46 4122 1
46 14875 1
46 2588 1
46 22557 3
46 2084 1
46 1074 1
46 22583 1
46 19519 1
46 8260 1
46 15432 1
46 16461 1
46 10318 1
46 15952 3
46 15953 1
46 18005 2
46 16998 2
46 19900 1
46 11708 1
46 12394 1
46 11887 2
46 14448 1
46 13428 3
46 1141 1
46 632 1
46 633 1
46 14970 1
46 123 2
46 124 1
46 13950 1
46 127 1
46 1168 1
46 4244 1
46 10401 1
46 10922 1
46 14509 1
46 11449 2
46 6853 1
46 14024 1
46 13516 1
46 13517 1
46 13532 2
46 21727 1
46 3313 4
46 1269 1
46 19715 1
46 19208 1
46 4884 1
46 21782 1
46 21791 1
46 8992 1
46 17185 1
46 16177 1
46 15666 2
46 9527 1
46 7481 1
46 2363 1
46 17737 1
46 17227 1
46 20303 2
46 9047 1
46 14682 4
46 11101 1
46 22368 1
46 3428 1
46 7527 1
46 13161 1
46 4461 1
46 11632 1
46 17790 1
46 13697 1
46 2949 1
46 20874 1
46 22418 1
46 4509 2
46 5534 1
46 20384 2
46 21923 1
46 1959 1
46 2990 1
46 7069 2
46 1457 1
46 17332 1
46 11192 1
46 9657 1
46 18364 1
46 5578 1
46 6091 1
46 8611 1
46 4090 1
46 10206 2
46 6736 1
46 19939 1
46 11749 1
46 7658 1
46 5623 5
46 5624 1
46 505 1
46 18426 1
46 5119 1
47 18185 1
47 8238 1
47 22551 1
47 13723 1
47 22557 1
47 10407 3
47 2990 1
47 7471 1
47 11444 1
47 2745 1
47 8379 1
47 8892 1
47 19133 1
47 13888 1
47 11714 1
47 13516 1
47 20303 1
47 7122 1
47 12503 1
47 12760 1
47 11737 1
47 3679 1
47 16998 1
47 15218 1
47 15222 1
47 18426 1
47 15227 1
47 127 1
48 10464 1
48 14306 1
48 20167 1
48 20168 1
48 18857 1
48 12842 1
48 3796 1
48 19133 3
49 13666 1
49 6375 1
49 20167 1
49 20103 1
49 3919 1
49 22198 1
49 19133 1
