1 11777 1
1 15376 1
1 22551 1
1 28 1
1 7088 1
1 8236 1
1 3629 2
1 17454 1
1 2102 1
1 3127 1
1 12352 1
1 11851 1
1 13388 1
1 1629 1
1 12897 1
1 18108 1
1 19050 1
1 4205 1
1 1141 1
1 17016 1
1 18055 1
1 1645 1
1 10900 1
1 9887 1
1 5795 1
1 966 1
1 14504 1
1 9901 1
1 11635 1
1 22200 1
1 8892 1
1 19133 3
1 2239 1
1 14016 1
1 10436 1
1 9424 1
1 14545 1
1 17840 1
1 21219 1
1 1256 1
1 15610 1
1 4864 1
1 14081 1
1 4868 1
1 20012 1
1 13069 1
1 4884 1
1 18197 1
1 5399 1
1 7455 1
1 3877 1
1 10541 1
1 16691 1
1 21305 2
1 19782 1
1 14664 1
1 3408 1
1 9555 1
1 14677 1
1 18263 1
1 10085 1
1 9577 1
1 8556 1
1 9069 1
1 8563 1
1 21878 1
1 8568 1
1 9082 1
1 12162 1
1 8579 1
1 7557 1
1 8079 1
1 4496 1
1 15266 2
1 16301 1
1 7600 1
1 19890 1
1 15808 1
1 13766 1
1 8647 1
1 9292 1
1 12746 1
1 9122 1
1 6622 1
1 7664 1
1 3058 1
1 17399 1
1 16377 1
2 12288 1
2 9733 1
2 10246 1
2 11436 1
2 4111 1
2 8214 1
2 8727 1
2 8216 1
2 1564 1
2 7805 1
2 2596 1
2 1576 1
2 3935 1
2 17455 1
2 14387 1
2 12852 1
2 4663 1
2 5696 1
2 11835 1
2 13884 1
2 13887 2
2 10816 3
2 16961 1
2 22082 1
2 16969 1
2 15434 1
2 21586 2
2 602 1
2 11359 1
2 15456 1
2 1639 1
2 8296 1
2 5820 1
2 21611 1
2 15982 1
2 5743 1
2 14448 1
2 4884 1
2 5757 1
2 4222 1
2 16661 1
2 1984 1
2 4886 1
2 6791 1
2 13961 1
2 16919 1
2 13969 1
2 20116 1
2 21102 1
2 13981 1
2 4255 1
2 18080 1
2 18460 1
2 13781 1
2 22188 1
2 14024 1
2 4276 1
2 22198 1
2 15544 1
2 4793 1
2 8892 1
2 19133 3
2 6336 1
2 11969 1
2 22210 1
2 7880 1
2 13003 1
2 11471 2
2 4310 1
2 13689 1
2 2265 1
2 1754 1
2 20187 1
2 8412 1
2 1758 1
2 4831 1
2 15584 2
2 8421 1
2 6375 1
2 4334 1
2 17135 1
2 12529 3
2 21752 1
2 17151 1
2 4864 2
2 2307 1
2 1750 1
2 18182 1
2 20232 1
2 18185 1
2 20234 1
2 3339 1
2 4364 1
2 20237 1
2 7952 1
2 17681 1
2 10515 1
2 19732 1
2 13077 1
2 5910 1
2 21784 1
2 19737 1
2 1819 1
2 5415 1
2 18140 1
2 7471 1
2 15582 1
2 8503 1
2 18745 1
2 19770 1
2 14139 1
2 6982 1
2 14664 2
2 4941 1
2 20302 1
2 1080 1
2 11604 1
2 854 1
2 21305 3
2 8026 1
2 7516 1
2 14687 1
2 22370 1
2 2915 1
2 9069 3
2 4073 1
2 12153 1
2 5498 1
2 1918 1
2 5525 1
2 1600 1
2 18819 1
2 7556 2
2 15754 1
2 18068 1
2 9621 1
2 5529 1
2 7582 2
2 14751 1
2 17312 1
2 13730 1
2 15268 1
2 5541 1
2 16806 1
2 13223 1
2 15273 1
2 13227 1
2 5551 1
2 15795 1
2 926 1
2 17984 1
2 9887 1
2 9662 1
2 22464 1
2 20384 1
2 4547 1
2 7110 1
2 12746 2
2 14798 2
2 9169 1
2 6100 1
2 4942 1
2 5600 1
2 20969 1
2 7658 1
2 20459 1
2 11247 1
2 10229 1
2 13814 1
2 5801 1
2 8184 1
2 1018 2
2 11771 3
2 6652 1
3 19456 1
3 11777 1
3 13316 1
3 7686 1
3 19473 1
3 8724 1
3 18965 1
3 16406 1
3 3099 1
3 11293 1
3 3760 1
3 2594 1
3 3419 1
3 7717 1
3 6694 1
3 4647 1
3 15914 1
3 3627 2
3 22572 1
3 3629 1
3 16946 1
3 12852 2
3 17975 1
3 569 1
3 3130 1
3 18494 1
3 12352 1
3 22368 1
3 588 1
3 12878 1
3 12880 1
3 14417 1
3 21586 1
3 4694 1
3 5207 1
3 8792 1
3 12381 1
3 10859 1
3 13937 1
3 17012 1
3 15485 1
3 10882 1
3 20114 1
3 10900 1
3 7829 1
3 22176 1
3 9380 1
3 4263 1
3 17067 1
3 15532 1
3 9901 1
3 11438 1
3 19632 1
3 15731 1
3 12471 1
3 6331 1
3 19133 2
3 14016 1
3 4289 1
3 19139 1
3 20679 1
3 719 1
3 11988 1
3 18127 1
3 7904 1
3 7547 1
3 8421 1
3 15593 1
3 6183 1
3 3822 2
3 6902 1
3 18686 1
3 15232 1
3 17154 2
3 19208 1
3 15404 1
3 20234 1
3 7952 1
3 10515 1
3 801 1
3 299 1
3 18736 1
3 11063 1
3 1336 1
3 21305 2
3 13116 1
3 22344 1
3 15184 1
3 1763 1
3 14166 1
3 1593 1
3 4440 1
3 1369 1
3 2394 1
3 18267 1
3 741 1
3 16224 1
3 22369 2
3 1895 1
3 9069 2
3 21870 1
3 10097 1
3 16243 1
3 8766 1
3 7035 1
3 4988 1
3 17790 1
3 9600 1
3 1922 1
3 7559 1
3 5000 1
3 17290 1
3 1420 1
3 5517 1
3 4496 1
3 18837 1
3 7065 1
3 7584 2
3 5537 1
3 15266 1
3 4003 1
3 14758 1
3 11180 1
3 14664 1
3 436 1
3 5558 1
3 1976 1
3 17849 1
3 19386 1
3 13755 1
3 7101 1
3 22464 1
3 20384 1
3 11714 1
3 12746 1
3 8144 1
3 7635 1
3 488 1
3 489 1
3 7146 1
3 8684 1
3 3058 1
3 7670 1
3 503 1
3 11771 2
4 13316 1
4 20999 1
4 13834 1
4 530 1
4 19486 1
4 20000 1
4 8233 1
4 1578 1
4 16903 1
4 22061 1
4 16430 1
4 6706 1
4 12852 1
4 12865 1
4 1092 1
4 12880 3
4 6741 1
4 11361 1
4 16998 1
4 7785 1
4 18689 1
4 1648 1
4 1653 1
4 15994 1
4 6787 1
4 19589 1
4 4230 1
4 14017 1
4 18056 1
4 4240 1
4 10897 1
4 10900 1
4 10473 1
4 20080 1
4 13986 1
4 16044 1
4 17074 1
4 13493 1
4 13969 1
4 8892 1
4 19133 2
4 9918 1
4 12481 2
4 10436 1
4 1733 1
4 710 1
4 12663 1
4 13516 1
4 16083 1
4 5332 1
4 11477 1
4 4831 1
4 12514 1
4 8421 1
4 5352 1
4 15593 1
4 7408 1
4 18162 1
4 17141 1
4 14593 1
4 12549 1
4 20234 1
4 17163 1
4 1806 1
4 3629 1
4 274 1
4 15491 1
4 2327 1
4 10532 1
4 646 1
4 5934 1
4 7471 1
4 6792 1
4 8502 1
4 21304 1
4 20291 1
4 14664 2
4 21841 1
4 347 1
4 19808 1
4 20834 1
4 15717 1
4 359 1
4 5489 1
4 9074 1
4 20343 1
4 5780 1
4 21883 1
4 14721 1
4 21891 1
4 1089 1
4 8079 1
4 15774 1
4 13727 1
4 18338 1
4 4003 1
4 4011 1
4 6069 1
4 9142 1
4 12216 1
4 16825 1
4 7611 1
4 22464 3
4 11714 1
4 13255 1
4 12746 2
4 4087 1
4 13219 1
4 8151 1
4 10205 1
4 15330 1
4 3048 1
4 493 1
4 502 1
4 14327 1
4 2552 1
5 4864 1
5 19460 1
5 6150 1
5 14081 1
5 1544 1
5 16905 1
5 12306 1
5 13844 1
5 19478 1
5 11292 1
5 18975 1
5 1578 1
5 11821 1
5 15119 2
5 16944 1
5 13873 1
5 1076 1
5 3636 1
5 16437 1
5 19124 1
5 8250 1
5 11835 1
5 8764 1
5 9791 1
5 17984 1
5 1376 1
5 1163 1
5 15431 1
5 15432 1
5 1099 1
5 5197 1
5 12880 3
5 12373 1
5 9817 1
5 603 1
5 8797 1
5 19551 1
5 609 1
5 18022 1
5 15976 1
5 10351 1
5 19816 1
5 15476 1
5 10358 1
5 6687 1
5 19580 1
5 14973 1
5 18197 1
5 5248 1
5 1668 1
5 14469 1
5 17544 1
5 14985 1
5 1162 1
5 13451 1
5 13452 1
5 20110 1
5 1167 1
5 10897 1
5 6937 1
5 16537 1
5 13979 1
5 11932 1
5 17060 1
5 11429 1
5 13832 1
5 10920 1
5 9901 1
5 12975 1
5 4276 1
5 3629 1
5 12471 1
5 22200 1
5 3257 1
5 20155 1
5 8892 1
5 19133 3
5 10430 1
5 13884 1
5 14016 1
5 22210 1
5 19143 1
5 4297 1
5 7370 1
5 15566 1
5 11471 1
5 8913 1
5 5433 1
5 11992 1
5 10447 1
5 8421 1
5 12008 1
5 1769 1
5 4846 1
5 15097 1
5 13245 1
5 18686 1
5 14592 1
5 7937 1
5 10499 1
5 14088 1
5 18185 1
5 3339 1
5 4364 2
5 6925 1
5 5391 1
5 22232 2
5 2834 1
5 15637 1
5 1816 1
5 13887 1
5 7451 1
5 797 1
5 4382 1
5 20255 1
5 8193 1
5 19238 1
5 7463 1
5 12585 1
5 3975 1
5 20269 1
5 6446 1
5 7471 1
5 1844 1
5 17206 1
5 18569 1
5 21305 3
5 21818 1
5 10043 1
5 20284 1
5 12426 1
5 833 1
5 6651 1
5 20803 1
5 14664 2
5 7498 1
5 6989 1
5 17230 1
5 12625 7
5 7507 1
5 20366 1
5 9047 1
5 6489 1
5 18267 1
5 22365 1
5 7520 2
5 9167 1
5 7752 1
5 5993 1
5 1673 1
5 20843 1
5 364 1
5 9069 3
5 9074 1
5 3958 1
5 3961 1
5 21883 1
5 17280 1
5 10816 1
5 8579 1
5 14725 1
5 15751 1
5 15754 1
5 10636 1
5 11662 1
5 4496 1
5 21905 1
5 19347 1
5 10644 1
5 917 1
5 12188 1
5 17309 1
5 7582 1
5 17312 1
5 1179 1
5 16301 1
5 21581 1
5 20913 1
5 1974 1
5 7608 1
5 4025 1
5 6075 1
5 3517 2
5 22464 3
5 19396 1
5 10697 1
5 4554 1
5 13772 1
5 8143 1
5 13776 1
5 5081 1
5 14814 1
5 10721 1
5 13819 1
5 13796 1
5 12779 1
5 8684 1
5 16366 2
5 10723 1
5 11760 1
5 7153 1
5 12787 1
5 3060 1
5 4599 1
5 13816 1
5 11771 3
5 15869 1
6 6658 1
6 22026 1
6 7691 1
6 12307 1
6 533 1
6 13851 1
6 6172 1
6 15903 1
6 5666 1
6 11815 1
6 8745 1
6 554 1
6 13357 1
6 14088 1
6 3636 1
6 12341 1
6 17975 1
6 13884 1
6 19519 1
6 5186 1
6 12870 1
6 1099 1
6 11341 1
6 8782 1
6 4708 1
6 5732 1
6 13412 1
6 21094 1
6 20585 1
6 10347 1
6 13932 1
6 14448 1
6 360 1
6 21618 1
6 4723 1
6 1141 1
6 3177 1
6 22136 1
6 633 1
6 11898 4
6 6782 1
6 18049 1
6 21635 1
6 21125 1
6 17042 1
6 10900 1
6 3737 1
6 19098 1
6 6305 1
6 17435 1
6 17572 1
6 10780 1
6 11946 1
6 6258 1
6 15534 1
6 6292 1
6 17075 1
6 11956 1
6 21174 1
6 15817 1
6 3258 1
6 15548 1
6 19133 3
6 8382 1
6 17600 1
6 12481 1
6 12994 1
6 7880 1
6 6345 1
6 20343 1
6 13516 1
6 14543 1
6 9424 1
6 22232 1
6 10972 1
6 638 1
6 14046 1
6 8927 1
6 16608 1
6 5840 1
6 745 1
6 22252 1
6 5874 1
6 2291 1
6 8062 1
6 1578 1
6 19718 1
6 6408 1
6 17162 1
6 3629 3
6 7471 2
6 8989 1
6 11040 1
6 803 1
6 17700 1
6 7217 1
6 16169 1
6 10034 1
6 21295 1
6 5425 2
6 15666 1
6 21305 2
6 20794 1
6 13117 1
6 4418 1
6 17223 1
6 20813 1
6 15184 1
6 18769 1
6 14677 1
6 21847 1
6 2394 1
6 18267 1
6 3935 1
6 18784 1
6 19811 1
6 1381 1
6 4456 1
6 9069 3
6 17267 1
6 15735 1
6 19833 1
6 8570 1
6 16252 1
6 1918 1
6 11135 1
6 1408 1
6 13697 1
6 16260 1
6 5698 1
6 8079 1
6 4496 3
6 11667 1
6 11672 1
6 3492 1
6 20468 1
6 13229 1
6 1454 1
6 15288 1
6 14836 1
6 16828 1
6 3517 1
6 14783 1
6 15808 1
6 4038 1
6 7111 1
6 5577 1
6 12746 1
6 9687 1
6 15322 1
6 6115 1
6 15441 1
6 18932 1
6 3065 1
6 11771 1
6 6652 1
6 15357 1
7 19712 1
7 3203 1
7 7686 1
7 14088 1
7 11692 1
7 20234 1
7 4364 1
7 20418 1
7 7823 1
7 4496 1
7 16972 1
7 1944 1
7 19731 1
7 18197 1
7 10904 1
7 6554 1
7 6511 1
7 14492 1
7 7578 1
7 15903 1
7 1569 1
7 15266 1
7 18851 1
7 10758 1
7 11815 1
7 11953 1
7 8539 1
7 22188 1
7 3629 1
7 14703 1
7 7471 1
7 5424 2
7 1841 1
7 19378 1
7 1844 1
7 1590 1
7 22601 1
7 8500 1
7 9146 1
7 16702 1
7 3061 1
7 22464 1
7 7618 1
7 6083 1
7 16502 1
7 22086 1
7 8929 1
7 15432 1
7 18505 1
7 13514 1
7 11851 1
7 21295 1
7 12880 3
7 22232 1
7 2387 1
7 8532 1
7 7095 1
7 14038 1
7 5433 1
7 9816 1
7 7223 1
7 1371 1
7 8668 1
7 8749 1
7 4831 1
7 19553 1
7 3984 1
7 13411 1
7 7399 1
7 1074 1
7 9831 1
7 13932 1
7 15215 1
7 11760 1
7 4593 1
7 19124 1
7 5877 1
7 22369 1
7 20343 1
7 15864 1
7 11771 3
7 7628 1
7 11135 1
8 12288 1
8 13316 1
8 11276 1
8 22032 1
8 15534 1
8 10264 1
8 3106 1
8 20519 1
8 19804 1
8 1578 1
8 22571 1
8 21552 1
8 16434 1
8 16051 1
8 1076 1
8 15420 1
8 15935 1
8 8264 1
8 20554 1
8 12878 1
8 13905 1
8 21586 3
8 5203 1
8 7765 1
8 13398 1
8 15455 1
8 15459 1
8 22120 1
8 22124 1
8 16496 1
8 17016 1
8 5764 1
8 14469 1
8 14985 1
8 13963 1
8 8557 1
8 9873 1
8 9884 1
8 7326 1
8 9887 1
8 9892 1
8 10920 1
8 11719 1
8 13486 1
8 12979 1
8 7348 1
8 4278 1
8 20155 1
8 8892 2
8 19133 1
8 9425 1
8 8927 1
8 10464 1
8 10467 2
8 3300 1
8 7915 1
8 12013 1
8 8943 1
8 20722 1
8 16628 1
8 14592 1
8 771 1
8 18197 1
8 7451 1
8 18209 1
8 4901 1
8 13611 1
8 21305 1
8 18571 1
8 12625 1
8 9047 1
8 740 1
8 13658 1
8 18267 1
8 860 1
8 22368 1
8 4972 1
8 9069 1
8 3958 1
8 7049 1
8 5514 1
8 17804 1
8 11664 1
8 12692 1
8 7064 1
8 15266 1
8 9458 1
8 14270 1
8 11714 1
8 18887 1
8 11723 1
8 6101 1
8 21987 1
8 8685 1
8 10222 1
8 13810 1
8 1523 1
8 16890 1
9 12673 1
9 15275 1
9 13316 1
9 13445 1
9 2310 1
9 3975 1
9 14088 1
9 14985 1
9 17162 1
9 4491 1
9 4364 2
9 20915 1
9 526 1
9 7952 1
9 22418 1
9 15491 1
9 10900 1
9 7056 1
9 14743 1
9 7684 1
9 14622 1
9 15903 2
9 20384 1
9 7408 1
9 9232 1
9 17016 1
9 22186 1
9 16519 1
9 2349 1
9 8238 1
9 9139 1
9 5301 2
9 15671 1
9 4537 1
9 1466 1
9 9887 1
9 19900 1
9 22464 1
9 6816 1
9 22210 1
9 10436 1
9 17225 1
9 13388 1
9 12625 1
9 5459 1
9 21211 1
9 15709 1
9 8927 1
9 18528 1
9 22369 1
9 22119 1
9 5864 1
9 18108 1
9 4960 2
9 15597 1
9 6383 1
9 9072 1
9 13681 2
9 6593 1
9 19478 1
9 10360 1
9 14969 1
9 5498 1
9 13950 1
9 7039 1
10 12808 1
10 4433 1
10 17424 1
10 17435 1
10 7710 1
10 19493 1
10 10798 1
10 9775 1
10 7217 1
10 1074 1
10 573 1
10 577 1
10 19016 1
10 13388 1
10 15954 1
10 13398 2
10 10854 1
10 21613 2
10 18031 1
10 20593 1
10 8311 1
10 11898 1
10 5246 1
10 17547 1
10 12942 1
10 21647 1
10 12960 1
10 20642 1
10 4779 1
10 9901 1
10 19634 1
10 15032 1
10 19133 2
10 9918 1
10 4293 1
10 17610 1
10 3621 1
10 11471 1
10 20690 1
10 10963 1
10 15994 1
10 4318 1
10 7903 1
10 14049 1
10 1256 1
10 5872 1
10 12018 1
10 22265 1
10 11007 1
10 14592 1
10 8449 2
10 4868 1
10 3845 1
10 17672 1
10 21769 1
10 20234 1
10 3339 1
10 4364 1
10 15119 1
10 3856 1
10 10515 1
10 19737 1
10 1309 1
10 5421 1
10 7471 1
10 21304 1
10 21305 2
10 8511 1
10 12625 3
10 9048 1
10 6489 1
10 4496 1
10 7010 1
10 12135 1
10 360 1
10 9069 1
10 6002 1
10 20851 1
10 2932 1
10 20343 1
10 11134 1
10 3468 1
10 16272 1
10 10129 1
10 12183 1
10 408 1
10 20384 1
10 20389 1
10 22442 1
10 14763 1
10 15800 1
10 15808 1
10 4033 1
10 15820 1
10 21461 1
10 10198 1
10 15322 1
10 5085 1
10 10725 1
10 13799 1
10 7658 1
10 21586 2
10 16882 1
10 12276 1
11 9033 1
11 22082 1
