1 5888 1
1 9729 1
1 22030 1
1 14680 1
1 9748 1
1 22551 2
1 4635 1
1 15903 1
1 21536 1
1 8236 1
1 9777 1
1 4662 1
1 3130 2
1 13884 1
1 3133 2
1 7749 4
1 15954 1
1 9811 1
1 13398 1
1 15448 1
1 9820 1
1 15971 1
1 3173 1
1 15548 1
1 18540 1
1 21613 1
1 11887 1
1 17016 1
1 16831 1
1 19071 1
1 11969 2
1 138 1
1 1163 1
1 18574 1
1 109 3
1 15511 1
1 5276 1
1 14495 1
1 10915 1
1 4263 1
1 10410 1
1 22188 1
1 18108 1
1 19133 1
1 21696 1
1 6849 1
1 6345 1
1 3313 2
1 7419 1
1 14592 2
1 8449 1
1 13570 1
1 4868 1
1 4870 1
1 1068 1
1 4364 1
1 18197 1
1 7463 2
1 7471 1
1 21814 1
1 16695 1
1 21305 1
1 6459 1
1 5949 1
1 21312 1
1 15170 1
1 17223 1
1 3408 1
1 20305 1
1 14677 1
1 9047 1
1 7512 1
1 14682 4
1 11834 1
1 7520 1
1 3937 2
1 7528 1
1 12140 1
1 9069 1
1 17793 1
1 21890 1
1 13187 1
1 16775 1
1 13704 1
1 5514 1
1 2443 1
1 18838 1
1 3991 1
1 13223 1
1 22442 1
1 13234 1
1 21945 1
1 9887 1
1 11708 1
1 11711 1
1 15808 1
1 11714 1
1 9167 2
1 9684 1
1 8156 1
1 10214 3
1 10407 1
1 8685 1
1 7154 1
1 3060 1
1 18423 1
1 18424 2
1 16891 1
1 6652 1
2 9729 1
2 7684 1
2 15621 3
2 137 1
2 138 2
2 15499 1
2 909 1
2 8238 2
2 22551 3
2 7066 1
2 22557 1
2 17312 1
2 14448 1
2 18852 1
2 12459 1
2 11821 1
2 12462 1
2 5149 1
2 11449 1
2 7870 1
2 21696 1
2 7745 1
2 10434 1
2 395 2
2 7749 1
2 5450 1
2 18766 1
2 2701 1
2 16120 1
2 14306 1
2 7528 1
2 874 1
2 16363 2
2 9069 1
2 13680 1
2 11710 1
2 14583 1
2 10360 1
2 3321 1
2 11007 1
3 2179 1
3 7684 1
3 138 2
3 2873 1
3 2063 1
3 19347 1
3 3221 1
3 4868 1
3 22551 2
3 3844 2
3 7066 1
3 1947 1
3 5149 1
3 17312 1
3 10408 1
3 4267 1
3 11821 1
3 8238 2
3 1067 1
3 19764 1
3 11449 1
3 1466 1
3 8892 1
3 7870 1
3 7237 1
3 15432 2
3 5321 1
3 20686 2
3 4303 1
3 21586 1
3 9044 2
3 18005 1
3 9145 1
3 14324 1
3 873 2
3 16363 3
3 21617 1
3 7410 1
3 2932 1
3 20329 1
3 18424 1
3 5119 1
3 15485 1
3 11007 1
4 12288 3
4 9729 1
4 15874 2
4 17067 1
4 7684 1
4 16902 1
4 10753 1
4 22551 4
4 3609 1
4 3610 1
4 22557 1
4 11294 1
4 15621 1
4 4128 1
4 15393 1
4 15394 1
4 2596 1
4 20010 1
4 8236 1
4 8238 1
4 13880 1
4 13881 2
4 1375 1
4 2108 1
4 8765 2
4 8769 1
4 8260 1
4 15434 1
4 15948 2
4 15949 1
4 2640 2
4 10834 1
4 18005 2
4 599 1
4 5391 1
4 18013 1
4 19553 1
4 3396 1
4 18029 1
4 18548 2
4 13677 1
4 10360 1
4 635 1
4 5246 1
4 19588 1
4 16519 1
4 13960 1
4 13961 1
4 13454 1
4 1167 1
4 144 1
4 6801 1
4 147 1
4 15508 1
4 3221 1
4 4762 1
4 11632 1
4 9380 1
4 22181 1
4 10408 1
4 10410 1
4 4267 2
4 13389 1
4 6685 1
4 15903 1
4 1370 1
4 13502 1
4 22211 1
4 12487 1
4 5321 1
4 20686 4
4 19156 1
4 12505 2
4 4826 1
4 10972 1
4 4831 1
4 3313 2
4 7410 1
4 7380 1
4 3060 1
4 5089 1
4 19716 1
4 773 1
4 9478 1
4 20234 1
4 17163 1
4 271 1
4 18052 1
4 14725 1
4 8992 1
4 10530 1
4 1839 1
4 10120 1
4 19764 1
4 20794 1
4 10555 1
4 12100 2
4 5447 1
4 13129 1
4 17228 1
4 8013 1
4 17230 1
4 21330 1
4 14677 1
4 15952 1
4 6489 1
4 14682 2
4 21647 1
4 15199 1
4 7528 1
4 13161 1
4 9069 3
4 15216 1
4 13683 1
4 3958 1
4 12665 1
4 16773 1
4 15751 1
4 13704 2
4 909 1
4 10638 1
4 7055 2
4 17810 1
4 11672 1
4 5017 2
4 413 1
4 20384 2
4 17313 2
4 15266 1
4 1956 1
4 12713 1
4 16302 1
4 17337 1
4 11708 1
4 2634 1
4 11710 4
4 16832 1
4 13249 1
4 1475 1
4 19396 1
4 588 1
4 18423 1
4 20429 1
4 6989 1
4 9684 1
4 9686 1
4 12760 1
4 21984 1
4 592 1
4 19938 1
4 15849 1
4 16363 1
4 11760 1
4 14324 1
4 1526 1
4 5623 1
4 3064 1
4 4601 1
4 21945 2
4 5119 2
5 12288 1
5 7684 1
5 16901 1
5 12808 2
5 1546 1
5 4623 1
5 11293 1
5 15903 1
5 9760 1
5 133 1
5 16418 1
5 18267 3
5 20230 1
5 22571 1
5 8749 1
5 16430 1
5 8797 1
5 16432 1
5 14386 1
5 12341 1
5 12343 1
5 3643 1
5 2108 1
5 8765 1
5 3134 1
5 13493 1
5 2113 1
5 12354 1
5 11334 1
5 18503 1
5 15432 3
5 16969 1
5 21579 1
5 588 2
5 13389 2
5 2640 3
5 15441 1
5 21586 3
5 18005 2
5 14429 3
5 3856 2
5 15971 1
5 21605 1
5 21609 1
5 21613 2
5 20593 1
5 114 1
5 1651 1
5 10357 1
5 15433 1
5 633 1
5 11898 1
5 16513 2
5 18050 1
5 2179 1
5 132 1
5 13445 2
5 646 1
5 7303 2
5 18569 1
5 14474 1
5 13459 1
5 19094 3
5 9380 1
5 18086 3
5 21617 1
5 17066 1
5 4267 1
5 14509 1
5 22557 1
5 4277 1
5 5304 1
5 3258 1
5 3260 1
5 19133 3
5 6773 1
5 21696 1
5 4294 1
5 4385 1
5 15049 1
5 12663 4
5 20686 3
5 4303 2
5 16592 1
5 6865 1
5 14036 1
5 22232 1
5 12505 1
5 9423 1
5 10972 1
5 14970 1
5 13937 1
5 5352 1
5 7537 1
5 7550 1
5 2294 1
5 14583 2
5 15102 1
5 22272 1
5 17154 1
5 19716 1
5 19718 1
5 21889 1
5 18185 1
5 20234 1
5 3339 1
5 4364 1
5 3854 1
5 15119 1
5 17168 1
5 6938 1
5 8989 1
5 20255 1
5 13089 1
5 17187 1
5 134 1
5 135 1
5 1074 1
5 7471 1
5 1844 1
5 21305 3
5 6458 1
5 8262 1
5 10890 1
5 16190 1
5 8512 1
5 6979 1
5 12103 1
5 13129 3
5 4941 1
5 15184 1
5 21841 1
5 9044 12
5 14677 1
5 22359 1
5 6489 2
5 2394 3
5 3419 1
5 12602 1
5 360 1
5 9069 4
5 6001 1
5 12151 1
5 12153 1
5 10218 1
5 1918 2
5 9901 1
5 1922 2
5 8257 1
5 16966 1
5 20882 2
5 20803 1
5 3992 1
5 20384 3
5 17313 1
5 15266 4
5 20389 1
5 7081 1
5 22442 1
5 12716 2
5 11181 1
5 16302 1
5 5553 1
5 12212 1
5 5449 1
5 6901 1
5 960 1
5 16834 1
5 6733 1
5 13778 1
5 7637 1
5 18393 1
5 9181 1
5 10206 1
5 12625 3
5 8188 2
5 4074 1
5 16363 1
5 16366 1
5 15855 2
5 8689 1
5 14324 1
5 4599 1
5 16890 1
5 6652 2
5 15869 1
5 6741 1
6 5632 1
6 9729 1
6 13963 2
6 13398 1
6 4103 1
6 14509 2
6 17943 1
6 18461 1
6 9247 1
6 3419 1
6 549 1
6 17961 1
6 6702 1
6 9777 1
6 17973 1
6 6713 1
6 20547 3
6 7749 1
6 22369 1
6 11850 2
6 13389 1
6 12878 1
6 592 1
6 21586 2
6 16469 1
6 16470 1
6 599 1
6 18528 1
6 7780 1
6 8272 1
6 13418 1
6 18028 1
6 13937 1
6 1141 2
6 16661 1
6 3203 1
6 1163 1
6 12429 1
6 13978 1
6 20651 1
6 9901 1
6 21169 1
6 22198 1
6 21692 1
6 21696 1
6 12495 1
6 7888 1
6 3796 1
6 12501 1
6 7392 1
6 2273 1
6 741 1
6 5867 1
6 10482 1
6 12670 1
6 18688 1
6 8449 2
6 4868 1
6 4364 1
6 8238 1
6 21782 2
6 8988 1
6 16166 1
6 10545 1
6 15666 1
6 10552 1
6 12604 1
6 8512 1
6 16706 1
6 13451 2
6 22341 1
6 17229 1
6 14677 1
6 15706 1
6 18267 2
6 16272 1
6 7016 1
6 9069 2
6 18287 2
6 10096 1
6 7542 1
6 12151 1
6 22551 4
6 11645 1
6 1918 1
6 3984 1
6 4497 1
6 19347 1
6 19350 1
6 3992 1
6 8603 1
6 15266 2
6 22442 1
6 11182 1
6 433 1
6 18355 1
6 18363 1
6 15808 1
6 18369 1
6 11714 1
6 16835 1
6 20932 1
6 16838 1
6 15820 1
6 21454 1
6 3553 1
6 12770 2
6 2531 1
6 10214 1
6 10731 1
6 4597 1
6 14328 1
6 5625 1
6 18426 1
6 13819 1
7 4267 1
7 6149 1
7 7686 1
7 18951 1
7 15882 1
7 10262 1
7 17943 1
7 15903 1
7 547 1
7 4647 1
7 3113 1
7 3629 1
7 9777 1
7 3130 1
7 3134 1
7 21567 1
7 20547 1
7 13894 1
7 13389 1
7 13398 1
7 11195 1
7 7780 1
7 8810 1
7 14448 2
7 13937 1
7 21618 1
7 13428 1
7 1141 1
7 6687 1
7 3203 1
7 18053 1
7 6790 1
7 18569 1
7 1163 1
7 15512 1
7 7329 1
7 10407 1
7 11434 1
7 17067 1
7 22188 1
7 12461 1
7 19231 1
7 16579 1
7 7876 1
7 718 1
7 12495 2
7 7888 1
7 14037 1
7 11992 1
7 11482 1
7 12510 2
7 10975 1
7 2273 1
7 5863 1
7 745 1
7 15612 1
7 17661 1
7 15616 1
7 8449 1
7 4868 1
7 15621 2
7 4870 1
7 17672 1
7 4364 1
7 15119 1
7 16662 1
7 7451 1
7 5840 1
7 20766 1
7 19743 1
7 2851 1
7 7471 1
7 10545 1
7 15666 1
7 1844 1
7 19766 1
7 5433 1
7 20809 1
7 12625 1
7 8021 1
7 21847 1
7 3935 1
7 12007 1
7 18287 1
7 12656 1
7 13681 1
7 12663 2
7 3647 1
7 12670 1
7 17791 1
7 395 1
7 910 1
7 22418 1
7 917 1
7 3991 1
7 3992 1
7 9936 1
7 22442 1
7 4532 1
7 11193 1
7 18363 1
7 11708 1
7 9663 1
7 11726 1
7 9167 1
7 4058 1
7 4090 1
7 21984 1
7 12770 2
7 4602 1
7 13822 1
7 14677 1
8 19460 4
8 4116 1
8 13316 1
8 15903 2
8 4647 2
8 22571 1
8 16432 1
8 7220 1
8 17463 1
8 20547 1
8 1606 1
8 15432 1
8 3340 1
8 588 1
8 21586 1
8 13404 1
8 7777 2
8 13412 1
8 4199 1
8 7785 1
8 11887 1
8 13937 1
8 4210 1
8 3197 1
8 21124 1
8 14469 1
8 137 1
8 6282 1
8 15500 1
8 4239 1
8 15512 1
8 21147 1
8 7110 1
8 21845 1
8 22186 1
8 1650 1
8 1717 1
8 16054 1
8 12471 1
8 11449 1
8 3258 1
8 8892 2
8 22209 1
8 14024 1
8 22223 1
8 14035 1
8 12505 1
8 21726 1
8 13787 1
8 7401 1
8 18156 1
8 6398 1
8 4364 2
8 19733 1
8 13445 1
8 8993 1
8 11555 1
8 10545 1
8 1076 1
8 17211 1
8 8508 1
8 7485 1
8 21314 1
8 17225 1
8 4942 1
8 12625 2
8 13141 1
8 6489 1
8 3934 1
8 3935 3
8 22369 1
8 15207 1
8 15723 1
8 5498 1
8 3468 1
8 11156 1
8 4000 1
8 13730 1
8 4017 1
8 4019 1
8 4533 1
8 20809 1
8 11193 2
8 11708 1
8 4038 1
8 15266 1
8 16848 1
8 7131 1
8 10206 1
8 12768 1
8 7138 1
8 10723 1
8 11760 2
8 4090 2
8 9557 1
9 12288 2
9 11008 1
9 15874 1
9 19460 2
9 8198 1
9 16904 1
9 1547 1
9 7180 1
9 4610 2
9 10254 1
9 7911 1
9 5208 1
9 3603 2
9 16302 1
9 18521 1
9 13316 1
9 5337 1
9 4123 1
9 16474 1
9 15903 1
9 15392 1
9 16417 1
9 13147 1
9 19493 1
9 6694 1
9 3113 1
9 4654 1
9 8753 2
9 13876 1
9 19124 3
9 14687 1
9 3134 1
9 1076 1
9 4161 1
9 15939 1
9 12357 2
9 12360 1
9 11850 5
9 8375 1
9 588 6
9 13901 1
9 5199 1
9 20560 1
9 21586 1
9 12814 1
9 13398 1
9 10556 1
9 15448 3
9 19556 1
9 1626 1
9 10850 1
9 15971 2
9 13412 1
9 15975 1
9 3176 1
9 7785 1
9 8568 1
9 22119 1
9 20588 1
9 1163 1
9 10357 1
9 19574 1
9 10360 1
9 10874 1
9 6269 1
9 18046 1
9 18965 2
9 128 1
9 129 2
9 15491 2
9 13445 1
9 11398 1
9 6791 1
9 20618 1
9 13451 1
9 18393 1
9 3726 2
9 1167 1
9 5264 1
9 3217 1
9 18571 1
9 19606 1
9 22297 1
9 14488 1
9 6511 2
9 13981 1
9 7326 1
9 14495 2
9 4773 1
9 21845 1
9 20649 1
9 9901 2
9 22557 1
9 11440 1
9 16049 2
9 11444 1
9 2846 1
9 7113 1
9 3258 1
9 8892 2
9 19133 10
9 7870 2
9 16663 1
9 19139 1
9 11461 2
9 4295 1
9 5321 2
9 16075 1
9 15567 1
9 20689 1
9 19155 1
9 20692 1
9 14037 1
9 4823 1
9 22232 1
9 1753 2
9 1754 1
9 9167 2
9 15582 1
9 8416 1
9 16848 1
9 13027 1
9 6375 1
9 5352 1
9 5353 1
9 12010 1
9 11645 1
9 1266 2
9 10963 1
9 1833 1
9 4867 1
9 12026 1
9 9469 1
9 15616 1
9 8449 2
9 14082 1
9 17155 1
9 4868 2
9 12007 1
9 6406 1
9 6774 1
9 20234 1
9 17163 1
9 4364 3
9 1410 1
9 7952 2
9 7889 1
9 19732 1
9 11029 1
9 4886 2
9 279 1
9 19737 1
9 7451 2
9 8989 1
9 4894 3
9 5936 1
9 16223 2
9 11555 1
9 2344 1
9 11049 2
9 17706 1
9 135 1
9 18222 4
9 7471 3
9 14640 1
9 1844 1
9 8502 1
9 17207 2
9 21305 5
9 12602 2
9 17211 4
9 17212 1
9 7485 3
9 1342 1
9 15679 1
9 1856 1
9 20803 3
9 20809 3
9 21324 3
9 9550 1
9 20304 1
9 12625 4
9 21330 1
9 13141 2
9 4438 1
9 9047 1
9 13144 1
9 6489 1
9 18267 1
9 11066 1
9 3934 3
9 3935 3
9 22368 1
9 22369 2
9 7483 1
9 7104 1
9 19816 1
9 13673 1
9 7018 1
9 8043 6
9 5996 1
9 9071 1
9 6000 1
9 6514 1
9 21875 2
9 20343 1
9 592 1
9 4474 1
9 4475 2
9 4989 1
9 1918 2
9 8066 1
9 12163 1
9 2710 1
9 20284 2
9 15754 1
9 5929 3
9 20547 2
9 3991 5
9 17821 2
9 926 1
9 1855 2
9 15266 3
9 4276 1
9 16804 1
9 16301 2
9 2990 3
9 11165 1
9 7600 1
9 15794 1
9 5934 1
9 4020 1
9 19382 1
9 10682 1
9 19900 1
9 7101 1
9 15808 1
9 5058 1
9 13763 1
9 15751 1
9 15817 1
9 13772 1
9 16845 1
9 14798 3
9 8655 1
9 3408 1
9 7637 1
9 9687 1
9 1834 1
9 5595 1
9 8668 1
9 6138 1
9 6622 1
9 15328 1
9 10721 1
9 19938 1
9 16775 1
9 10725 1
9 15850 1
9 647 1
9 493 1
9 11760 1
9 13809 1
9 3060 1
9 15863 1
9 4090 1
9 11771 4
9 6652 1
9 12799 2
10 8449 1
10 19460 1
10 13445 1
10 646 1
10 16775 1
10 5513 1
10 13963 1
10 4364 2
10 5391 1
10 7952 1
10 4497 1
10 21267 2
10 14868 1
10 2990 1
10 4441 1
10 11439 1
10 19740 1
10 5765 1
10 15266 1
10 8892 1
10 1459 1
10 18222 1
10 7471 1
10 16432 1
10 16049 1
10 17331 1
10 19124 1
10 17719 1
10 21305 1
10 19900 1
10 19133 3
10 592 1
10 4115 1
10 12354 1
10 22340 2
10 13255 1
10 17228 1
10 11850 2
10 17612 1
10 20329 1
10 16592 1
10 12625 2
10 21586 1
10 4073 1
10 11988 1
10 1369 1
10 19421 1
10 10206 1
10 22368 1
10 13793 1
10 16226 1
10 11771 1
10 3812 1
10 10725 1
10 9832 1
10 12009 1
10 22252 1
10 14448 1
10 21619 1
10 15434 1
10 6773 1
10 19702 1
10 12663 1
10 8568 1
10 8571 1
10 13821 1
10 6142 1
11 12288 1
11 16902 1
11 19464 1
11 15903 2
11 20519 1
11 4668 1
11 3647 2
11 5699 1
11 581 1
11 591 1
11 12915 1
11 19580 1
11 19581 1
11 12930 1
11 136 1
11 6281 1
11 4238 1
11 17041 2
11 2706 1
11 11926 1
11 673 1
11 1266 1
11 19124 1
11 9398 1
11 8378 1
11 18108 1
11 19133 2
11 12481 1
11 10446 1
11 10449 1
11 18645 1
11 9951 3
11 20195 1
11 7397 1
11 5355 1
11 6381 1
11 18162 1
11 763 1
11 14592 1
11 20739 1
11 21764 1
11 18182 1
11 775 1
11 3339 1
11 10515 1
11 19733 2
11 4886 1
11 11549 1
11 18208 1
11 6441 1
11 15666 1
11 7817 1
11 21305 2
11 4415 1
11 3395 1
11 16197 1
11 14664 1
11 21324 1
11 12625 1
11 4438 1
11 14649 1
11 2905 1
11 741 1
11 20833 1
11 9069 4
11 1907 1
11 1908 2
11 12151 1
11 1917 2
11 7550 1
11 9600 1
11 4502 1
11 18335 1
11 4000 1
11 12018 1
11 20923 1
11 1532 2
11 11714 2
11 1991 1
11 3529 1
11 1997 1
11 1498 1
11 11739 1
11 6622 1
11 2018 1
11 10723 1
11 21841 1
11 508 1
11 13295 1
11 1531 1
11 6652 1
11 12799 1
12 12288 1
12 14592 1
12 15874 1
12 19464 1
12 15369 1
12 770 1
12 17424 1
12 22551 1
12 6687 1
12 18980 1
12 18480 1
12 2611 1
12 13888 1
12 20547 2
12 588 2
12 13389 1
12 13400 1
12 19555 1
12 21609 1
12 1136 1
12 1141 1
12 17015 1
12 17017 1
12 4219 1
12 21629 1
12 14462 1
12 17024 1
12 129 1
12 12930 2
12 1266 1
12 10900 1
12 14489 1
12 16030 1
12 10408 1
12 11444 1
12 3255 1
12 8892 2
12 19133 3
12 15042 1
12 18628 1
12 13516 1
12 16592 1
12 17108 1
12 10975 2
12 1256 1
12 6383 1
12 20722 1
12 13047 1
12 7380 1
12 2304 1
12 2306 1
12 4868 1
12 4364 1
12 12049 1
12 786 1
12 20243 1
12 2841 1
12 7216 1
12 1842 1
12 21305 3
12 4414 1
12 17216 1
12 2882 1
12 3395 1
12 17225 1
12 847 1
12 21841 1
12 2387 1
12 9047 1
12 18108 1
12 13673 1
12 5994 1
12 364 1
12 9069 4
12 7400 1
12 15218 1
12 9600 1
12 14144 1
12 5508 1
12 16775 1
12 17218 1
12 11662 1
12 405 1
12 11181 1
12 17336 1
12 9145 1
12 16833 1
12 11714 1
12 15820 1
12 470 1
12 12018 1
12 10208 1
12 12799 1
13 897 1
13 10859 1
13 136 1
13 7817 1
13 1133 1
13 16661 1
13 13078 1
13 13592 1
13 7065 1
13 14747 1
13 8988 1
13 22557 1
13 4668 1
13 10530 1
13 13863 1
13 14376 1
13 15279 1
13 2611 2
13 3636 1
13 3254 1
13 7224 1
13 2612 1
13 11835 1
13 8892 2
13 19133 1
13 18483 1
13 19396 1
13 11461 1
13 2761 1
13 2762 1
13 11855 1
13 12625 1
13 19154 1
13 2873 1
13 15448 1
13 14827 1
13 22368 1
13 995 1
13 21617 1
13 12521 1
13 12522 1
13 8683 1
13 9069 1
13 9839 1
13 11760 1
13 6824 1
13 9458 1
13 17015 1
13 11771 1
13 16197 1
14 3088 2
14 8878 1
14 9244 1
14 22557 1
14 14369 2
14 11298 1
14 20519 1
14 4654 1
14 17463 1
14 3647 1
14 12354 1
14 1099 1
14 17484 1
14 13389 1
14 10831 1
14 1113 1
14 10337 1
14 5218 1
14 7867 1
14 7780 1
14 13425 1
14 1141 1
14 18041 1
14 1160 1
14 4754 1
14 4756 1
14 18071 1
14 673 1
14 19107 1
14 14500 1
14 17577 1
14 19626 1
14 14509 1
14 3758 1
14 22200 1
14 1723 1
14 8892 1
14 19133 1
14 1216 1
14 2762 1
14 10449 1
14 20181 1
14 13529 1
14 10972 1
14 13022 1
14 21968 1
14 13538 1
14 10985 1
14 13040 1
14 9458 1
14 4347 1
14 4868 1
14 22300 1
14 18208 1
14 18222 1
14 21305 1
14 3900 2
14 3901 1
14 15682 1
14 19787 1
14 20303 1
14 15190 1
14 9047 1
14 9069 2
14 8568 1
14 16252 1
14 1917 1
14 16775 1
14 906 1
14 21902 1
14 21905 1
14 20882 1
14 11156 1
14 18837 1
14 9627 1
14 14748 1
14 4000 1
14 1457 1
14 4024 1
14 18364 1
14 587 1
14 14286 1
14 14288 1
14 5085 1
14 8683 1
14 4589 1
14 16367 1
14 14324 1
14 13822 1
15 588 1
15 16132 1
15 6149 1
15 11270 1
15 16775 1
15 13704 1
15 11273 1
15 4490 1
15 10221 1
15 9069 3
15 11714 1
15 7055 1
15 7952 1
15 17041 2
15 10901 1
15 2265 1
15 12676 1
15 3061 1
15 11549 1
15 11422 1
15 14725 1
15 1827 1
15 19238 1
15 13863 1
15 6824 1
15 6826 1
15 8236 1
15 13488 1
15 7217 1
15 15666 1
15 16819 1
15 11444 1
15 16054 1
15 15448 3
15 17849 1
15 8378 1
15 13244 1
15 3901 1
15 19519 1
15 13526 1
15 17218 1
15 10897 1
15 21814 1
15 9671 1
15 17225 2
15 12151 1
15 8012 1
15 10318 1
15 6479 1
15 592 1
15 5077 1
15 15449 1
15 11724 1
15 5593 1
15 17359 1
15 5340 1
15 19551 1
15 10208 1
15 22369 1
15 7397 1
15 20583 1
15 5864 1
15 20519 1
15 17772 1
15 6381 1
15 16737 1
15 11377 1
15 1141 1
15 20343 1
15 4602 1
15 10 1
15 15871 1
16 4610 2
16 515 1
16 5251 1
16 2566 1
16 521 1
16 9227 1
16 7695 1
16 3088 2
16 4115 1
16 16920 1
16 20505 1
16 17435 1
16 5661 1
16 15903 1
16 15392 1
16 4647 2
16 1579 1
16 8749 1
16 4654 2
16 1590 1
16 14033 1
16 15434 1
16 17996 1
16 13389 1
16 11855 1
16 592 1
16 21586 2
16 18005 1
16 13912 1
16 603 1
16 6771 1
16 1140 2
16 1141 2
16 7287 1
16 14969 1
16 5248 1
16 12930 3
16 8043 1
16 11398 1
16 20103 1
16 137 1
16 20418 1
16 17041 1
16 1170 1
16 10901 1
16 17046 1
16 22167 1
16 6298 1
16 673 1
16 20133 1
16 685 1
16 20142 1
16 22557 1
16 5301 1
16 21686 1
16 8376 1
16 8892 1
16 19133 4
16 6773 1
16 7875 1
16 20168 2
16 22223 1
16 721 1
16 19156 1
16 10453 1
16 1753 1
16 18140 1
16 5855 1
16 10975 1
16 13537 8
16 13538 3
16 6372 1
16 19238 1
16 4326 1
16 9959 1
16 5352 1
16 13863 1
16 14583 2
16 14584 1
16 3321 2
16 12501 2
16 8449 1
16 3339 1
16 5993 1
16 18865 1
16 20242 1
16 16659 1
16 7897 1
16 19736 1
16 2841 1
16 11034 1
16 16670 1
16 8993 1
16 8482 1
16 3878 1
16 2859 1
16 20270 1
16 17203 1
16 13620 1
16 19254 1
16 21305 4
16 12602 1
16 17723 3
16 8508 1
16 831 1
16 8512 1
16 329 1
16 17233 1
16 22355 1
16 9556 1
16 4438 1
16 14649 1
16 857 1
16 1370 1
16 4956 1
16 1375 1
16 22368 1
16 5988 1
16 12135 1
16 3217 1
16 8041 1
16 15723 1
16 9069 5
16 9072 1
16 20851 1
16 20343 1
16 4053 2
16 1917 1
16 13704 1
16 906 1
16 4496 1
16 13212 1
16 20384 2
16 15266 1
16 4520 1
16 20398 1
16 5552 1
16 7601 1
16 17330 1
16 13244 1
16 22463 1
16 11714 3
16 20422 1
16 1482 1
16 12791 1
16 15820 1
16 4046 1
16 9169 1
16 7637 1
16 15831 1
16 15833 1
16 9807 3
16 14047 1
16 6623 2
16 21473 1
16 17380 2
16 12773 1
16 20305 1
16 6637 1
16 7662 1
16 15855 1
16 11760 1
16 16375 1
16 12795 1
16 1020 1
17 12288 3
17 3088 6
17 4115 1
17 4116 1
17 22551 1
17 18460 1
17 6686 1
17 6687 1
17 13345 1
17 11298 2
17 3113 1
17 1069 1
17 21841 1
17 7217 1
17 4161 1
17 15457 1
17 15434 1
17 587 2
17 17484 1
17 13901 1
17 592 1
17 21586 3
17 7765 1
17 15447 1
17 8801 1
17 5218 1
17 15971 1
17 16998 2
17 5232 1
17 1141 1
17 11388 1
17 3203 1
17 138 1
17 13451 1
17 2207 1
17 11632 1
17 17576 3
17 17066 1
17 13486 1
17 691 1
17 6326 1
17 19401 1
17 11449 1
17 5818 1
17 20155 1
17 12481 1
17 11297 1
17 13516 1
17 13858 1
17 15566 1
17 4818 1
17 5843 1
17 14037 1
17 7392 1
17 13537 3
17 12031 1
17 1798 1
17 4364 1
17 1808 1
17 7451 1
17 14301 1
17 15666 1
17 1844 1
17 19782 1
17 4433 1
17 11604 1
17 21845 1
17 4438 1
17 9047 1
17 7514 1
17 7515 1
17 7519 1
17 8035 1
17 11113 1
17 15723 1
17 17260 1
17 20882 1
17 15216 1
17 11641 1
17 897 1
17 22418 4
17 11156 1
17 4000 4
17 14369 2
17 20905 1
17 15275 2
17 11180 1
17 15791 1
17 18352 2
17 16308 1
17 1469 1
17 22464 1
17 20384 1
17 19397 1
17 7110 1
17 13255 1
17 588 1
17 9167 2
17 10205 1
17 16293 1
17 14306 1
17 12625 1
17 11760 1
17 497 1
17 3060 1
17 22008 1
17 7674 1
17 12799 1
18 22032 1
18 13849 1
18 20519 1
18 1068 1
18 3629 1
18 9269 1
18 4153 1
18 4668 2
18 3134 1
18 11843 1
18 3652 2
18 15434 1
18 6220 1
18 592 1
18 21586 1
18 7768 1
18 22108 1
18 10337 1
18 22119 1
18 1139 1
18 1141 1
18 13435 1
18 6269 1
18 2690 1
18 15499 1
18 17046 1
18 17945 1
18 665 1
18 19124 1
18 12471 1
18 15032 1
18 18108 2
18 19133 2
18 14016 1
18 11969 1
18 19142 1
18 13517 1
18 1744 1
18 5841 1
18 12498 1
18 10453 1
18 20695 1
18 6361 1
18 14033 1
18 7400 1
18 6382 1
18 4868 1
18 1813 1
18 8989 1
18 8568 1
18 14634 1
18 7471 1
18 17200 1
18 22327 1
18 8505 1
18 16195 1
18 16196 1
18 21841 1
18 22358 1
18 21305 2
18 13663 1
18 9069 1
18 18293 1
18 10104 1
18 5499 1
18 7550 1
18 18818 1
18 2949 1
18 16775 1
18 11673 1
18 15172 1
18 8913 1
18 4000 2
18 9644 1
18 16301 1
18 18352 1
18 449 1
18 11714 1
18 17348 1
18 3529 2
18 3530 3
18 15820 1
18 3536 1
18 8669 1
18 8683 1
18 4589 1
18 494 1
18 13451 1
18 15866 1
19 11008 1
19 3201 1
19 22018 1
19 7044 1
19 20822 1
19 646 1
19 8449 2
19 15754 1
19 3629 1
19 11536 1
19 9241 1
19 18837 1
19 22551 2
19 3992 1
19 10265 1
19 13978 1
19 13467 1
19 16540 1
19 7867 1
19 18209 2
19 19978 1
19 17435 1
19 14509 2
19 10162 1
19 7219 1
19 7476 1
19 12342 1
19 13364 1
19 13952 1
19 13023 1
19 17162 1
19 3134 1
19 1525 1
19 6976 2
19 20547 2
19 22341 1
19 19910 1
19 3399 1
19 13516 1
19 633 1
19 15820 1
19 3536 1
19 8145 1
19 20690 1
19 18279 1
19 7637 1
19 15190 1
19 11961 1
19 13404 1
19 8797 1
19 21727 1
19 19938 1
19 10723 1
19 7780 1
19 21733 1
19 18023 1
19 745 1
19 5863 1
19 18668 1
19 9069 1
19 6516 1
19 1141 2
19 8568 1
19 4089 1
19 4602 1
19 831 1
19 13950 1
19 10975 1
19 11007 1
20 12288 1
20 19460 1
20 15621 1
20 16775 1
20 137 2
20 10 1
20 16215 1
20 4364 2
20 20366 1
20 16911 1
20 20882 1
20 20547 1
20 19478 1
20 7769 1
20 3992 1
20 13978 1
20 5276 1
20 9245 1
20 12190 1
20 9887 1
20 4000 1
20 20387 1
20 12465 1
20 4267 1
20 8236 1
20 19886 1
20 16431 2
20 3760 1
20 10545 1
20 7219 1
20 9398 1
20 1465 1
20 8607 1
20 19133 2
20 6976 1
20 18528 1
20 11714 1
20 20384 1
20 19425 1
20 5321 1
20 17162 1
20 8011 1
20 21305 2
20 20686 1
20 9167 1
20 3536 1
20 7889 1
20 2258 1
20 8532 1
20 18005 1
20 4438 1
20 11449 1
20 15448 1
20 18905 1
20 1031 1
20 10205 2
20 12510 1
20 19424 1
20 592 1
20 19938 1
20 19172 1
20 16998 1
20 21606 1
20 8041 1
20 18529 1
20 16366 1
20 13809 1
20 7155 1
20 12788 1
20 1141 1
20 17046 1
20 17016 1
20 9726 1
20 12799 1
20 8144 1
20 3060 1
20 20990 1
20 3541 1
21 4267 1
21 13316 1
21 1042 1
21 22551 1
21 548 2
21 20519 1
21 15401 1
21 8236 1
21 7743 1
21 8256 1
21 4161 1
21 17480 1
21 7755 1
21 8789 1
21 13398 1
21 21945 1
21 14427 1
21 13404 1
21 1639 2
21 21608 1
21 6256 1
21 1141 3
21 17015 1
21 632 1
21 14969 1
21 14974 1
21 19585 1
21 6791 1
21 13961 1
21 1163 2
21 9069 1
21 6812 1
21 10407 1
21 10411 1
21 12464 1
21 8892 1
21 19133 2
21 17013 1
21 21696 1
21 17608 1
21 8913 1
21 10972 1
21 12510 1
21 12514 1
21 740 1
21 1775 1
21 20209 1
21 12018 1
21 11508 1
21 15617 1
21 4868 1
21 15621 1
21 4364 1
21 12625 1
21 2834 1
21 12576 1
21 6441 1
21 16171 1
21 7471 1
21 10545 1
21 15666 1
21 10552 1
21 21305 2
21 7492 1
21 1866 1
21 17229 1
21 4433 1
21 3410 1
21 14677 1
21 855 1
21 7823 1
21 15202 1
21 5994 1
21 7533 1
21 366 1
21 18287 1
21 22386 1
21 13532 1
21 9600 2
21 4484 1
21 11145 1
21 7062 1
21 3991 1
21 17823 1
21 4002 1
21 19367 1
21 22442 2
21 12716 1
21 15432 1
21 5554 1
21 21428 1
21 18872 1
21 1465 1
21 20895 1
21 7617 1
21 7622 1
21 19789 1
21 19408 1
21 8660 1
21 475 1
21 10177 1
21 10577 1
21 8683 1
21 647 1
21 15856 1
21 18424 1
21 4601 1
21 18426 1
22 12288 2
22 19457 1
22 8193 1
22 9232 1
22 4118 1
22 22551 2
22 17156 1
22 4122 1
22 7343 1
22 16414 1
22 20000 1
22 22572 1
22 15918 1
22 1074 1
22 7219 1
22 1591 1
22 4665 1
22 3647 1
22 12354 1
22 20547 1
22 14407 1
22 19017 1
22 10827 1
22 13388 1
22 13389 2
22 5748 1
22 21945 1
22 7768 1
22 14427 5
22 3677 1
22 18016 1
22 1634 1
22 19133 1
22 6256 1
22 22457 1
22 17012 1
22 1141 3
22 11895 1
22 14969 1
22 3706 1
22 11711 1
22 13950 1
22 128 1
22 18561 1
22 6790 1
22 20103 1
22 14985 1
22 18571 1
22 19596 1
22 6809 1
22 18077 1
22 14448 1
22 18595 1
22 7623 1
22 12461 1
22 9390 1
22 11439 1
22 19124 1
22 12471 2
22 11960 1
22 2745 1
22 19131 1
22 8892 1
22 2237 1
22 117 1
22 22209 1
22 14019 1
22 13516 1
22 22223 1
22 4304 1
22 10850 1
22 18505 1
22 17017 1
22 11471 1
22 21200 1
22 13435 1
22 5873 1
22 18046 1
22 22262 1
22 9513 1
22 15609 1
22 12541 1
22 10357 1
22 15617 1
22 4868 2
22 18181 1
22 4870 1
22 7952 1
22 5394 1
22 8579 1
22 8989 1
22 2344 1
22 112 1
22 12589 1
22 7471 4
22 21305 1
22 10043 1
22 1862 1
22 21837 1
22 3408 1
22 12625 2
22 11603 1
22 18267 1
22 1375 1
22 2914 2
22 5994 1
22 9069 1
22 16238 1
22 20343 1
22 14714 1
22 3971 1
22 10646 1
22 17290 1
22 395 1
22 7062 1
22 14743 1
22 13723 1
22 4000 1
22 4002 1
22 20389 3
22 22442 1
22 15276 1
22 1457 1
22 434 1
22 1459 1
22 16308 1
22 7095 1
22 4537 1
22 22463 1
22 7617 1
22 7618 1
22 7755 1
22 7622 1
22 18887 1
22 5069 1
22 9167 2
22 10206 1
22 19424 1
22 19939 1
22 13289 1
22 1516 1
22 493 1
22 14321 1
22 12787 1
22 22006 1
22 17403 1
23 12288 1
23 13334 1
23 22551 1
23 17436 1
23 13658 1
23 15903 2
23 15963 1
23 20519 1
23 1076 1
23 9270 1
23 4668 1
23 10814 1
23 7745 1
23 20038 1
23 17480 1
23 17481 1
23 7755 1
23 14415 1
23 14427 1
23 13404 1
23 20575 1
23 3171 1
23 22119 1
23 21097 1
23 4385 1
23 2672 1
23 4723 1
23 617 1
23 17016 1
23 17017 1
23 13950 1
23 18051 1
23 6788 1
23 6790 1
23 14473 1
23 17943 1
23 4238 1
23 7533 1
23 20113 1
23 4754 2
23 8387 2
23 4245 1
23 16030 1
23 9072 1
23 19106 1
23 19626 1
23 683 1
23 3762 1
23 19124 1
23 12471 2
23 2747 1
23 700 1
23 18626 1
23 4291 1
23 14535 1
23 8913 1
23 10963 1
23 12503 1
23 1753 1
23 13532 1
23 16093 1
23 10975 1
23 1766 1
23 7401 1
23 4647 1
23 15600 1
23 18162 1
23 7379 1
23 8950 1
23 8954 2
23 11008 1
23 15617 1
23 17163 1
23 4365 2
23 6787 1
23 6933 1
23 7960 1
23 801 1
23 1829 1
23 7463 1
23 2344 1
23 12585 1
23 3373 1
23 18222 2
23 7477 1
23 11065 1
23 20282 1
23 6976 2
23 15177 1
23 17229 1
23 12625 1
23 14677 1
23 15706 1
23 3426 1
23 742 1
23 2407 1
23 5993 1
23 9069 1
23 15216 1
23 15218 1
23 7514 1
23 9600 1
23 4486 1
23 16775 2
23 20882 1
23 3991 1
23 13723 1
23 14748 1
23 15774 1
23 927 1
23 12704 1
23 11675 1
23 9124 1
23 12018 2
23 11182 1
23 4019 1
23 18357 1
23 16826 1
23 19900 1
23 11710 1
23 11711 1
23 1482 1
23 460 1
23 3025 1
23 18391 1
23 10206 1
23 18911 2
23 2019 1
23 14315 1
23 4601 1
23 20474 1
23 10410 1
24 16390 1
24 15893 1
24 7702 1
24 22557 1
24 15903 1
24 20519 1
24 8749 1
24 16430 1
24 17971 1
24 12852 2
24 22581 1
24 19124 1
24 7743 1
24 588 1
24 11856 1
24 15963 1
24 19550 1
24 15971 1
24 16998 1
24 22119 1
24 9832 1
24 13937 1
24 17013 1
24 13951 1
24 5760 1
24 4225 1
24 11398 1
24 6791 1
24 10889 3
24 10890 1
24 13963 1
24 6809 2
24 13478 1
24 4276 1
24 1141 2
24 11969 1
24 8387 2
24 14538 1
24 13516 1
24 9423 1
24 721 1
24 19671 1
24 10469 1
24 1256 1
24 22257 1
24 8950 1
24 8954 1
24 15616 1
24 4867 1
24 4868 1
24 15621 1
24 12673 1
24 17672 1
24 4364 1
24 17170 1
24 797 1
24 4385 1
24 8995 1
24 18222 1
24 11570 1
24 14649 1
24 1076 1
24 9543 1
24 17225 1
24 9556 1
24 9072 1
24 16250 1
24 1921 1
24 16271 1
24 4496 1
24 20882 1
24 11156 1
24 20384 1
24 9122 1
24 11178 1
24 15276 1
24 2990 3
24 4019 2
24 4000 1
24 12746 1
24 16844 1
24 4049 3
24 10206 1
24 10210 1
24 17892 1
24 499 1
24 4601 1
24 13819 1
25 12288 1
25 19460 2
25 16390 1
25 19464 1
25 11275 1
25 3084 3
25 3088 1
25 4115 1
25 17435 2
25 17957 1
25 20519 1
25 11309 1
25 8243 1
25 7224 1
25 573 1
25 64 1
25 9072 2
25 20547 1
25 20550 1
25 8776 1
25 2634 1
25 4684 1
25 21586 1
25 1627 1
25 22108 1
25 15971 1
25 3175 1
25 9832 1
25 13418 1
25 1141 2
25 3191 1
25 12929 1
25 1668 1
25 11398 1
25 1163 1
25 16834 1
25 20625 1
25 2706 7
25 659 1
25 14488 1
25 671 1
25 672 1
25 673 1
25 13478 2
25 967 1
25 16054 4
25 12471 1
25 19133 1
25 2239 1
25 15565 1
25 16592 1
25 3796 1
25 20695 2
25 15580 1
25 19493 1
25 12512 1
25 1764 1
25 17637 1
25 7400 1
25 16679 1
25 5356 1
25 1266 1
25 14579 1
25 8950 1
25 7892 1
25 8954 1
25 14592 1
25 20234 1
25 17163 1
25 6927 1
25 7952 1
25 17169 2
25 1765 1
25 21782 1
25 2839 2
25 2841 1
25 18209 1
25 13093 1
25 5927 2
25 15666 2
25 1844 1
25 9527 1
25 14649 1
25 13023 1
25 17724 1
25 906 4
25 17225 1
25 4942 1
25 5456 1
25 6483 1
25 4436 1
25 21845 1
25 21305 1
25 1369 1
25 741 1
25 5521 2
25 9069 1
25 11632 1
25 12264 1
25 12659 1
25 12663 1
25 7550 1
25 4992 1
25 4587 1
25 904 1
25 20874 1
25 11662 1
25 7055 1
25 11665 1
25 20882 2
25 14743 1
25 15774 1
25 7584 1
25 4003 2
25 5554 1
25 5556 1
25 21918 1
25 17339 1
25 18876 1
25 4000 2
25 11714 1
25 13255 1
25 968 2
25 15948 1
25 9167 3
25 22480 1
25 9684 1
25 15871 1
25 11225 1
25 988 1
25 10205 1
25 12768 1
25 21473 1
25 19939 1
25 13800 1
25 10731 1
25 10041 1
25 16367 1
25 16372 1
25 11771 1
25 15869 1
25 12799 1
26 6149 1
26 1030 1
26 1547 1
26 22032 1
26 5144 1
26 17435 1
26 9244 1
26 6687 1
26 20000 1
26 7600 1
26 3621 1
26 2598 2
26 20519 1
26 3629 1
26 7215 1
26 12852 1
26 12342 1
26 6718 1
26 13888 2
26 14006 1
26 21586 2
26 7768 1
26 3171 1
26 9831 1
26 8636 1
26 10859 1
26 1141 2
26 17015 1
26 4217 1
26 18042 1
26 15483 2
26 6269 1
26 14475 1
26 19596 1
26 20114 1
26 16026 1
26 13979 1
26 22182 1
26 13485 1
26 1711 1
26 19124 1
26 16054 1
26 19133 4
26 13507 2
26 13508 1
26 9425 1
26 10963 1
26 12503 1
26 10975 2
26 7904 1
26 5348 1
26 21733 1
26 21227 1
26 17166 1
26 5993 1
26 2839 2
26 2841 4
26 797 1
26 8996 1
26 11563 1
26 21305 3
26 11066 1
26 12604 1
26 15754 1
26 833 1
26 8758 1
26 1351 1
26 846 1
26 847 1
26 21841 1
26 22355 1
26 14677 1
26 9047 2
26 3929 2
26 860 1
26 13663 1
26 15202 1
26 1852 1
26 9069 3
26 9072 1
26 16252 1
26 1917 1
26 1922 1
26 16776 1
26 906 1
26 10129 1
26 17818 1
26 13730 1
26 18853 1
26 4520 1
26 1968 1
26 433 1
26 6075 1
26 1980 1
26 22464 2
26 16833 1
26 9167 2
26 14800 1
26 15318 1
26 4579 1
26 17062 1
26 13800 1
26 8683 1
26 18420 1
27 5636 1
27 19464 1
27 1545 2
27 5643 1
27 15448 1
27 8451 1
27 19479 1
27 13849 1
27 13850 1
27 17435 5
27 9244 1
27 602 1
27 13316 1
27 18975 1
27 18267 4
27 11301 3
27 11303 3
27 3627 3
27 3629 1
27 21841 1
27 3631 1
27 13876 1
27 11321 1
27 15935 2
27 12354 2
27 15939 2
27 8260 1
27 7237 1
27 11101 2
27 15432 1
27 588 1
27 592 2
27 21586 2
27 8792 1
27 13401 3
27 3674 1
27 10340 1
27 18023 1
27 17000 2
27 19460 2
27 110 1
27 19133 7
27 14448 1
27 21618 1
27 17015 1
27 16504 1
27 130 1
27 131 1
27 18055 1
27 364 1
27 14475 1
27 12428 1
27 19598 1
27 19601 1
27 8041 1
27 3220 4
27 18030 1
27 6809 1
27 15558 1
27 4267 1
27 11436 1
27 9901 1
27 16049 2
27 19124 7
27 16054 1
27 8375 1
27 5306 1
27 18108 1
27 9405 1
27 995 1
27 12481 2
27 1626 1
27 11461 1
27 4294 1
27 20167 1
27 20168 2
27 5321 1
27 18634 1
27 13516 1
27 8397 1
27 20687 1
27 11471 1
27 18128 1
27 10453 1
27 20695 5
27 11992 1
27 22223 1
27 6365 1
27 7902 1
27 18156 1
27 21229 1
27 1266 1
27 6904 1
27 3834 2
27 9469 1
27 17688 1
27 11008 2
27 8449 4
27 1282 2
27 13059 1
27 4868 3
27 2309 1
27 15113 1
27 17163 1
27 4364 3
27 4612 1
27 16661 1
27 16662 1
27 18200 1
27 4894 4
27 17184 1
27 7457 1
27 19238 1
27 11055 1
27 15666 1
27 14046 1
27 14473 1
27 21305 6
27 12602 1
27 15754 1
27 21824 1
27 6469 1
27 17225 1
27 19255 1
27 17229 1
27 8014 1
27 5455 1
27 12625 1
27 2531 1
27 4438 1
27 10041 1
27 6489 1
27 858 1
27 3419 1
27 861 1
27 16224 1
27 7010 1
27 1379 1
27 18793 1
27 5994 1
27 8043 6
27 5996 1
27 9069 4
27 21874 1
27 21875 1
27 6516 2
27 21877 1
27 4986 2
27 13887 2
27 4988 1
27 1917 1
27 17790 1
27 10219 1
27 4484 1
27 8585 1
27 2442 2
27 4492 1
27 4495 1
27 4497 1
27 11154 1
27 11156 1
27 20384 1
27 15856 1
27 15266 2
27 12200 1
27 15273 1
27 4011 1
27 11692 1
27 20914 1
27 11193 1
27 22464 2
27 7584 1
27 4087 1
27 15820 2
27 9122 1
27 11729 1
27 9684 1
27 14807 1
27 19939 2
27 12261 1
27 6119 1
27 15338 1
27 7147 1
27 16366 1
27 15855 1
27 11760 2
27 4593 1
27 1013 1
27 6134 1
27 5623 1
27 19961 1
27 11771 1
27 12799 1
28 19460 1
28 7690 1
28 855 1
28 9901 1
28 3603 1
28 18862 1
28 13334 1
28 16920 1
28 17435 4
28 22557 1
28 15903 1
28 11301 1
28 11302 1
28 6695 1
28 20012 1
28 3629 1
28 16430 1
28 18525 1
28 7216 1
28 13873 1
28 3636 2
28 15199 1
28 4668 2
28 4669 1
28 15935 1
28 20547 1
28 11335 2
28 15432 1
28 11340 1
28 13901 1
28 590 1
28 21586 1
28 595 1
28 13912 1
28 1626 1
28 13405 1
28 13408 1
28 19555 1
28 8804 1
28 20155 1
28 9832 1
28 11887 1
28 14448 1
28 13937 1
28 6770 1
28 20598 1
28 19581 1
28 8043 1
28 7812 1
28 133 1
28 4231 1
28 13961 1
28 13451 1
28 4238 1
28 1167 1
28 13425 1
28 3220 3
28 19612 1
28 20165 1
28 5232 1
28 19619 1
28 8764 1
28 13478 1
28 6257 1
28 683 1
28 11436 1
28 500 1
28 15534 1
28 5149 1
28 11444 1
28 14622 1
28 12471 1
28 18975 1
28 12878 1
28 19133 4
28 1216 1
28 18208 1
28 11461 2
28 15558 1
28 11471 1
28 19154 1
28 19155 1
28 7380 1
28 10453 1
28 20695 3
28 11992 1
28 38 1
28 1766 1
28 6375 1
28 16616 1
28 11303 1
28 20690 1
28 22262 1
28 3835 1
28 11008 1
28 8449 1
28 13059 1
28 5380 1
28 18185 1
28 3339 1
28 2873 1
28 3800 1
28 18197 1
28 4647 1
28 4894 1
28 8992 1
28 801 1
28 8753 1
28 988 1
28 19257 1
28 12604 1
28 4415 1
28 6464 1
28 16705 1
28 9033 1
28 21305 4
28 12110 1
28 16207 1
28 12625 1
28 19939 1
28 12089 1
28 7055 1
28 18783 1
28 16224 1
28 1380 1
28 1895 1
28 13673 1
28 7531 1
28 9069 3
28 7537 2
28 4989 1
28 13704 1
28 9611 1
28 4495 1
28 7062 1
28 3991 1
28 8607 1
28 17313 1
28 9122 1
28 15273 1
28 20398 1
28 434 1
28 11193 1
28 17341 1
28 7104 1
28 11714 1
28 13255 1
28 13772 1
28 15266 1
28 9169 1
28 15314 1
28 8660 2
28 7637 1
28 10204 1
28 19938 1
28 995 3
28 22500 1
28 12779 1
28 13295 1
28 11760 1
28 20468 1
28 501 1
28 18424 2
28 22522 1
28 6652 1
28 15869 1
29 15190 1
29 16902 1
29 11275 1
29 4111 1
29 12816 1
29 19994 1
29 5149 1
29 15903 2
29 14881 1
29 14882 1
29 3620 1
29 9256 1
29 1578 1
29 15404 1
29 3629 1
29 3633 1
29 17459 1
29 3636 1
29 17463 1
29 4161 1
29 11335 2
29 11336 3
29 20066 1
29 22119 1
29 4540 1
29 10861 1
29 14448 1
29 625 1
29 1141 1
29 10360 1
29 9859 1
29 4749 1
29 21647 1
29 8512 1
29 20648 1
29 683 1
29 685 1
29 14514 1
29 22200 1
29 2745 1
29 21692 1
29 19133 2
29 14527 1
29 11461 1
29 13516 1
29 1744 1
29 3796 1
29 15577 2
29 10972 1
29 10975 1
29 3813 1
29 15590 1
29 4989 1
29 9513 1
29 12026 1
29 8449 1
29 2835 1
29 8989 1
29 4385 1
29 18210 1
29 12585 1
29 11563 1
29 12086 1
29 7479 1
29 21305 2
29 1851 1
29 3392 1
29 15682 1
29 9543 1
29 7138 1
29 4438 1
29 9047 1
29 11608 1
29 5993 1
29 9069 1
29 19322 1
29 1917 1
29 13183 1
29 12673 1
29 16774 1
29 11672 1
29 22426 1
29 14748 1
29 1437 1
29 15777 1
29 9122 1
29 18352 1
29 9145 1
29 19900 1
29 22464 1
29 17859 1
29 4555 1
29 3025 2
29 4053 1
29 9691 1
29 14306 1
29 13287 1
29 3058 1
29 502 1
29 18424 1
30 12673 1
30 1922 1
30 14763 1
30 4484 1
30 13334 1
30 2433 1
30 13933 1
30 138 1
30 13451 1
30 4364 1
30 4610 1
30 20366 1
30 9069 2
30 17168 1
30 3217 1
30 2834 1
30 4755 1
30 16302 1
30 1174 1
30 22551 1
30 12825 1
30 4122 1
30 13979 1
30 8988 1
30 12317 1
30 20384 1
30 17185 1
30 10407 1
30 16775 1
30 11180 2
30 16430 1
30 5764 1
30 1844 1
30 2640 1
30 11065 1
30 2427 1
30 8892 1
30 10890 1
30 19396 1
30 12360 1
30 17225 1
30 16970 1
30 12151 1
30 10956 1
30 1998 1
30 9423 1
30 592 1
30 3025 2
30 19555 1
30 4053 2
30 12503 1
30 2394 1
30 22418 1
30 18911 1
30 22368 1
30 22369 1
30 19938 1
30 15227 1
30 13797 1
30 5863 1
30 7400 1
30 8041 1
30 746 1
30 12434 1
30 18420 1
30 5993 1
30 4219 1
30 4092 1
30 20990 1
30 12799 1
31 8705 1
31 13828 1
31 1545 1
31 13834 1
31 4116 1
31 12823 1
31 137 1
31 12825 4
31 18267 3
31 19496 1
31 3627 2
31 3629 1
31 11310 1
31 3633 1
31 18483 2
31 1076 1
31 4668 3
31 3647 1
31 22594 1
31 15939 1
31 9797 1
31 11334 1
31 18505 1
31 1719 1
31 592 1
31 4691 1
31 22100 1
31 7780 1
31 1626 1
31 8797 1
31 100 1
31 2661 1
31 13937 1
31 1650 1
31 6771 1
31 6773 1
31 17020 1
31 128 1
31 22464 1
31 5764 1
31 7817 2
31 138 3
31 22551 1
31 20109 1
31 9069 1
31 2704 1
31 3217 1
31 2706 1
31 13459 1
31 14489 1
31 673 1
31 20142 1
31 13493 2
31 16054 1
31 20151 1
31 8378 1
31 19133 2
31 1141 1
31 12481 1
31 11461 2
31 20168 1
31 5321 3
31 13516 2
31 11471 1
31 20177 1
31 14037 1
31 20695 2
31 1757 1
31 15590 1
31 6900 1
31 17790 1
31 11008 1
31 1408 1
31 4867 2
31 18182 1
31 20232 1
31 269 1
31 5391 1
31 7952 1
31 801 1
31 17451 1
31 13875 1
31 13961 1
31 21305 2
31 12606 1
31 12609 1
31 9033 1
31 19255 1
31 20817 1
31 4438 1
31 3419 1
31 22368 2
31 8041 2
31 5994 1
31 1069 1
31 9072 1
31 20343 1
31 11641 1
31 15935 1
31 4988 2
31 1918 1
31 7552 2
31 15751 1
31 9111 1
31 20882 1
31 7571 1
31 5527 2
31 21406 1
31 7584 2
31 15266 1
31 7081 1
31 4011 3
31 9644 1
31 1459 1
31 9152 1
31 4000 1
31 11714 2
31 13253 1
31 1482 1
31 22571 1
31 4653 1
31 493 1
31 17395 1
31 500 1
31 16373 1
31 11766 1
31 15863 1
31 6136 1
32 3073 1
32 11779 1
32 6149 1
32 13834 1
32 19476 1
32 12823 1
32 12825 1
32 9244 1
32 22557 1
32 17956 1
32 13863 1
32 22571 1
32 3633 1
32 8257 1
32 1092 1
32 10312 1
32 11850 1
32 7755 1
32 588 1
32 15448 2
32 9820 1
32 7777 1
32 18540 1
32 1141 1
32 17015 1
32 17016 1
32 14969 1
32 9339 1
32 12930 1
32 13445 1
32 15494 1
32 22209 1
32 650 1
32 17943 1
32 19598 1
32 4756 2
32 18071 1
32 13978 1
32 4764 1
32 22182 1
32 15532 1
32 9901 1
32 12465 1
32 19133 2
32 15041 1
32 4290 1
32 718 1
32 9425 1
32 5337 1
32 464 1
32 17637 3
32 2343 1
32 8449 1
32 7938 1
32 15621 1
32 4364 2
32 5905 1
32 786 1
32 1838 1
32 21782 1
32 8753 1
32 18222 1
32 21305 2
32 4414 1
32 835 1
32 2374 1
32 17225 1
32 19938 1
32 8015 1
32 3408 1
32 12625 2
32 19282 1
32 2914 1
32 18283 1
32 9069 3
32 15735 1
32 4473 1
32 12164 1
32 16775 1
32 906 1
32 395 1
32 21902 1
32 14743 1
32 3992 1
32 3652 1
32 6045 1
32 10054 1
32 11178 1
32 10162 1
32 3512 1
32 12733 1
32 14800 1
32 9684 1
32 1504 1
32 1506 1
32 6630 1
32 7155 1
32 16373 1
33 12288 1
33 11094 1
33 16903 1
33 19976 1
33 11275 3
33 20929 1
33 22032 1
33 9234 1
33 13849 1
33 17435 2
33 11292 1
33 5149 1
33 16816 1
33 11811 1
33 4647 2
33 1576 1
33 4235 1
33 8236 1
33 16432 1
33 1590 1
33 6713 1
33 8764 1
33 14773 1
33 17476 1
33 17480 1
33 588 2
33 13389 1
33 21586 1
33 595 2
33 16981 1
33 12378 2
33 13839 1
33 7952 1
33 19561 1
33 21613 1
33 9244 1
33 13428 1
33 1141 1
33 17016 1
33 4218 1
33 20095 1
33 14466 1
33 13445 1
33 11398 2
33 6791 1
33 18569 2
33 14475 1
33 19596 1
33 1168 1
33 13459 1
33 16665 1
33 6809 1
33 10398 1
33 673 1
33 680 1
33 19625 1
33 6826 1
33 16049 1
33 1204 1
33 21686 1
33 20155 1
33 8892 2
33 19133 3
33 2239 2
33 14016 1
33 2243 1
33 12577 1
33 11471 1
33 4818 1
33 5332 1
33 20695 1
33 11992 1
33 4314 1
33 18140 1
33 10975 3
33 7397 1
33 16103 1
33 5864 1
33 19694 1
33 6900 1
33 15096 1
33 8954 2
33 8449 1
33 20738 1
33 14595 1
33 17672 1
33 20752 2
33 9432 1
33 2839 2
33 2841 1
33 6938 1
33 133 1
33 7457 2
33 7463 1
33 10972 1
33 12076 1
33 7471 1
33 11569 1
33 17202 1
33 11059 1
33 11574 1
33 7481 1
33 6970 1
33 4831 1
33 20285 1
33 3392 1
33 17731 5
33 17732 3
33 328 1
33 17225 1
33 8012 1
33 20303 2
33 21841 1
33 22354 1
33 4579 1
33 4438 1
33 21305 3
33 4441 1
33 2394 1
33 7517 1
33 16224 1
33 17761 1
33 18793 1
33 9069 1
33 15216 1
33 2416 1
33 373 1
33 15850 1
33 7038 1
33 14724 1
33 16775 1
33 906 2
33 3991 1
33 400 1
33 11153 1
33 14743 1
33 3992 1
33 926 1
33 4000 3
33 15777 1
33 15273 5
33 10154 1
33 7600 1
33 18865 1
33 4019 1
33 16030 1
33 18364 1
33 3517 2
33 117 1
33 22464 1
33 20384 1
33 17859 2
33 4257 1
33 11723 1
33 9167 2
33 16848 2
33 20953 1
33 20954 1
33 10206 1
33 14306 1
33 19939 1
33 4070 1
33 11752 1
33 1513 1
33 15338 1
33 15855 1
33 19440 1
33 14323 2
33 20468 1
33 16373 1
33 502 1
33 11771 1
33 11434 1
33 10238 1
33 15871 1
34 12288 1
34 1280 1
34 15874 2
34 15369 1
34 11275 2
34 22032 1
34 9234 1
34 22551 1
34 16920 1
34 17435 1
34 13863 1
34 8236 1
34 15918 1
34 9264 1
34 1074 1
34 1076 1
34 1590 1
34 11273 1
34 6713 1
34 4668 2
34 3652 3
34 13899 1
34 12878 1
34 592 1
34 602 1
34 8797 1
34 13923 1
34 7014 1
34 21613 1
34 14448 2
34 13937 1
34 6770 1
34 19580 1
34 15997 1
34 13444 1
34 13445 1
34 137 1
34 4235 1
34 18882 1
34 9069 1
34 19607 1
34 20639 1
34 13681 1
34 12457 1
34 4267 2
34 22198 1
34 18108 2
34 19133 1
34 13507 1
34 15558 1
34 20168 1
34 20687 1
34 3285 1
34 20695 2
34 9945 1
34 22245 1
34 17127 1
34 1256 1
34 4647 1
34 6382 1
34 1266 1
34 8954 2
34 5885 1
34 14592 1
34 12673 1
34 17163 2
34 4364 1
34 7437 1
34 20238 1
34 6927 1
34 21782 1
34 8989 1
34 18209 1
34 18220 1
34 17203 1
34 1844 1
34 21305 1
34 17731 3
34 8012 1
34 17229 1
34 20303 1
34 15184 1
34 21841 1
34 2387 1
34 21845 1
34 4438 1
34 18267 1
34 15206 1
34 17260 1
34 5997 1
34 9072 2
34 5489 1
34 12157 1
34 17790 1
34 21889 1
34 8683 1
34 20869 1
34 16775 1
34 3981 1
34 7055 1
34 4497 1
34 20882 1
34 11156 1
34 494 1
34 3991 1
34 3992 1
34 15273 4
34 11181 1
34 9142 1
34 17899 1
34 16833 1
34 11714 1
34 4601 1
34 11723 1
34 9167 1
34 7122 2
34 15871 1
34 22521 1
34 12760 1
34 10206 1
34 12255 1
34 3408 1
34 1506 1
34 10723 1
34 10219 1
34 22510 1
34 4082 1
34 1013 1
34 505 1
34 17403 1
34 12799 2
35 12288 1
35 683 1
35 13316 3
35 1544 1
35 11273 2
35 11065 1
35 7694 1
35 14509 1
35 17428 1
35 18965 1
35 433 1
35 19204 1
35 15903 2
35 4647 3
35 8744 1
35 11817 1
35 8747 1
35 1068 1
35 8749 1
35 12173 1
35 17461 1
35 12343 1
35 11254 1
35 8250 1
35 4669 1
35 8254 1
35 19519 1
35 20547 1
35 11334 1
35 17479 1
35 10825 1
35 4023 1
35 6220 1
35 7245 1
35 19213 1
35 15971 2
35 13838 1
35 9817 1
35 13404 1
35 8797 2
35 14096 1
35 10939 1
35 10853 1
35 20582 1
35 6760 1
35 8636 1
35 21613 2
35 19133 2
35 14448 1
35 6771 1
35 22133 1
35 18042 1
35 1660 1
35 6269 1
35 15486 1
35 15808 1
35 13176 1
35 11398 1
35 22209 1
35 137 1
35 14986 1
35 13452 1
35 13453 1
35 10382 1
35 2704 1
35 19017 1
35 13459 1
35 2196 1
35 22127 1
35 12446 1
35 18080 3
35 18544 1
35 10915 1
35 5796 1
35 909 1
35 8988 1
35 22186 1
35 4267 1
35 685 1
35 7854 1
35 2224 1
35 10418 1
35 15987 1
35 19124 1
35 1717 1
35 9398 1
35 15035 1
35 5309 1
35 13901 1
35 6847 1
35 14016 1
35 17184 1
35 11461 1
35 20168 1
35 13516 1
35 5838 1
35 719 2
35 14032 1
35 16817 1
35 7892 1
35 22229 1
35 22232 1
35 22223 1
35 16506 1
35 1758 1
35 464 1
35 7396 1
35 15590 1
35 14033 1
35 7400 1
35 5867 1
35 6383 1
35 16625 1
35 14974 1
35 246 1
35 8745 1
35 248 1
35 17658 1
35 17148 2
35 11007 1
35 14592 3
35 15618 1
35 22571 1
35 11524 1
35 2309 1
35 17162 1
35 17163 1
35 20236 1
35 20237 1
35 9488 1
35 13357 1
35 7952 1
35 19736 1
35 16668 1
35 1824 1
35 7457 1
35 731 1
35 10545 1
35 10024 1
35 17202 1
35 7471 1
35 17200 1
35 1766 1
35 15666 1
35 4404 1
35 13022 1
35 8502 1
35 21305 1
35 20856 1
35 10555 1
35 21821 1
35 21311 1
35 6464 1
35 20803 2
35 14153 1
35 15128 1
35 4429 1
35 20303 1
35 22355 1
35 14677 2
35 9047 1
35 18267 1
35 16220 2
35 2911 1
35 22368 2
35 17763 1
35 7013 1
35 3943 1
35 5996 2
35 9069 4
35 17774 1
35 14703 1
35 10096 1
35 7537 1
35 19347 2
35 8564 1
35 3064 1
35 12151 1
35 8568 1
35 1918 1
35 9600 1
35 12673 1
35 12746 1
35 1837 1
35 16269 1
35 20366 2
35 16273 1
35 5840 1
35 22339 1
35 917 1
35 8603 1
35 926 1
35 7584 1
35 13894 1
35 22442 1
35 15275 1
35 11471 1
35 7087 1
35 7600 2
35 18865 1
35 7092 1
35 10679 2
35 12034 1
35 18876 1
35 3517 1
35 9152 1
35 16800 1
35 7106 1
35 4547 1
35 6085 1
35 4038 1
35 13388 1
35 1482 1
35 5069 8
35 5070 1
35 16205 1
35 13776 2
35 9169 1
35 9170 1
35 7635 1
35 9684 1
35 15317 1
35 9687 2
35 18393 1
35 2524 1
35 21983 1
35 14307 1
35 6989 1
35 19943 1
35 22262 1
35 493 1
35 494 1
35 11760 1
35 6318 1
35 20468 1
35 4364 1
35 12279 1
35 7160 1
36 12288 2
36 16390 1
36 11273 6
36 7690 1
36 11275 1
36 22032 1
36 4116 1
36 5660 1
36 11293 1
36 15903 1
36 6064 1
36 4647 1
36 1576 1
36 3113 1
36 1578 2
36 3629 2
36 1911 1
36 4668 1
36 573 1
36 13887 2
36 11334 1
36 7241 1
36 588 1
36 21586 1
36 15971 1
36 19900 1
36 1650 1
36 5750 1
36 17015 1
36 14462 1
36 17535 1
36 14016 1
36 138 1
36 140 1
36 11714 1
36 1168 1
36 19619 2
36 5798 1
36 6823 1
36 6824 1
36 22186 1
36 6828 1
36 2674 1
36 22198 1
36 20155 1
36 8892 1
36 19133 2
36 21696 1
36 2243 1
36 20343 2
36 20690 1
36 10453 1
36 20695 1
36 22232 1
36 12505 1
36 6362 1
36 15579 1
36 10972 1
36 10463 1
36 7396 1
36 4818 1
36 3311 2
36 246 1
36 14592 2
36 19715 1
36 15621 1
36 281 1
36 6938 1
36 8989 1
36 21305 2
36 8508 2
36 16193 1
36 8013 1
36 18767 1
36 16209 1
36 5460 1
36 14677 4
36 9047 1
36 18267 3
36 15709 1
36 9167 1
36 1895 1
36 874 1
36 19943 1
36 9069 2
36 8765 1
36 9072 1
36 12151 1
36 12665 1
36 1917 1
36 6531 1
36 13704 1
36 4496 1
36 6045 1
36 20384 1
36 16804 1
36 4006 1
36 7600 1
36 18876 1
36 21950 1
36 16831 1
36 18882 1
36 1482 1
36 19916 1
36 5069 4
36 5070 2
36 17229 1
36 14807 1
36 13287 1
36 15849 1
36 4263 1
36 15855 1
36 15856 1
36 14324 2
36 5623 1
36 6652 1
37 7680 1
37 15872 1
37 515 1
37 16390 1
37 9729 1
37 12296 1
37 11273 2
37 11065 1
37 22032 2
37 12825 1
37 16417 1
37 15918 1
37 8753 1
37 1590 1
37 4669 1
37 9791 1
37 22082 1
37 9802 1
37 588 1
37 13901 1
37 12878 1
37 13398 1
37 15545 1
37 1626 1
37 18016 1
37 18529 1
37 17766 1
37 22121 2
37 17013 1
37 632 1
37 4217 1
37 6269 1
37 20607 1
37 12930 1
37 12933 1
37 6790 1
37 138 1
37 9867 1
37 15500 1
37 17176 1
37 19993 1
37 13478 1
37 683 1
37 11436 1
37 14509 1
37 12471 1
37 8376 1
37 11449 1
37 8378 1
37 20155 1
37 19133 2
37 10357 1
37 18116 1
37 19142 1
37 19145 1
37 10963 1
37 20695 3
37 10975 1
37 11008 1
37 7397 1
37 15485 1
37 22262 1
37 14592 2
37 4867 1
37 20232 1
37 12503 1
37 2316 1
37 17170 1
37 15128 1
37 797 1
37 4894 1
37 11040 1
37 6950 1
37 1415 1
37 21806 1
37 14640 1
37 21305 2
37 12604 1
37 2882 1
37 18571 1
37 16196 1
37 8013 1
37 17233 1
37 5458 1
37 9047 1
37 350 1
37 3425 1
37 19300 1
37 5990 1
37 13161 1
37 9069 1
37 9072 1
37 7550 1
37 16775 2
37 17291 1
37 1420 1
37 8077 1
37 20882 3
37 20803 1
37 16788 1
37 917 1
37 3992 1
37 7069 1
37 17313 1
37 4521 1
37 15275 1
37 4524 2
37 16301 1
37 18876 3
37 18882 2
37 4038 1
37 18887 1
37 5069 2
37 5070 2
37 5085 1
37 6625 1
37 5798 1
37 8685 1
37 1519 1
37 15856 1
37 500 1
37 17403 1
37 5119 1
38 11008 1
38 19464 1
38 1546 1
38 4627 1
38 1044 1
38 22557 3
38 16414 1
38 16417 1
38 3629 3
38 16430 1
38 7218 1
38 4668 1
38 3647 1
38 18528 1
38 3652 3
38 11850 1
38 588 1
38 6223 1
38 7248 1
38 13400 3
38 1626 1
38 13405 2
38 13408 2
38 13410 1
38 700 1
38 106 1
38 10862 1
38 6770 1
38 1141 1
38 9833 1
38 1147 1
38 19580 1
38 2837 1
38 13440 1
38 3201 1
38 12930 1
38 18051 1
38 16661 2
38 15494 1
38 6791 1
38 18569 1
38 3220 1
38 19098 1
38 7842 1
38 14509 1
38 19124 1
38 12471 1
38 8892 1
38 19133 3
38 14016 1
38 6338 1
38 3279 1
38 10449 1
38 19154 1
38 19156 1
38 14286 1
38 20695 2
38 1766 1
38 1257 1
38 14583 2
38 20692 1
38 14592 1
38 4868 2
38 14086 2
38 7433 1
38 16650 1
38 3339 1
38 15119 1
38 2834 1
38 4654 1
38 2841 1
38 7455 1
38 15456 1
38 18222 1
38 19254 1
38 21305 2
38 17290 1
38 6976 1
38 13129 1
38 15180 1
38 21330 1
38 6489 1
38 21852 1
38 8553 1
38 9069 2
38 20847 2
38 20848 2
38 17788 1
38 1917 1
38 3392 1
38 906 1
38 395 2
38 1019 1
38 7582 1
38 1459 1
38 18876 2
38 22464 1
38 16835 1
38 21454 1
38 7892 1
38 14807 1
38 6619 1
38 988 2
38 10832 1
38 10723 1
38 22508 1
38 11760 3
38 8180 1
38 4603 1
38 7676 1
39 11008 1
39 19461 1
39 16902 1
39 8449 1
39 12717 1
39 15448 1
39 3332 1
39 5337 1
39 13852 1
39 21533 1
39 2139 1
39 6694 1
39 16049 1
39 17016 1
39 1578 1
39 3629 1
39 4654 1
39 7217 1
39 4151 1
39 6717 1
39 3134 1
39 267 1
39 1092 1
39 13238 1
39 9291 1
39 588 1
39 7248 1
39 10833 2
39 21586 2
39 10897 1
39 5988 1
39 3162 1
39 15963 1
39 18022 1
39 13244 1
39 3183 1
39 14448 1
39 21617 1
39 1141 3
39 10360 1
39 15482 1
39 19580 1
39 13951 1
39 12930 2
39 7303 1
39 136 1
39 6281 1
39 138 1
39 14475 1
39 8337 2
39 2706 1
39 7829 1
39 19094 1
39 6809 1
39 18287 1
39 3230 2
39 6819 1
39 13255 1
39 18461 1
39 4785 1
39 6329 1
39 1211 1
39 8892 2
39 703 1
39 22209 1
39 1224 1
39 16078 1
39 22223 1
39 5841 1
39 7890 1
39 20692 2
39 22229 1
39 20695 1
39 11992 1
39 7897 1
39 17359 1
39 20189 1
39 10469 1
39 10985 2
39 13863 1
39 19186 1
39 21750 3
39 21751 1
39 15096 1
39 19156 1
39 15615 1
39 1280 1
39 15617 1
39 4868 2
39 15621 2
39 16137 1
39 5591 1
39 16661 1
39 2839 1
39 18200 1
39 2841 1
39 8992 1
39 1321 1
39 6791 1
39 12078 1
39 4573 1
39 1844 1
39 1858 1
39 14057 1
39 9543 1
39 5449 1
39 12625 2
39 15190 1
39 9050 1
39 741 1
39 17761 1
39 1379 1
39 1380 1
39 7313 1
39 5993 1
39 13674 1
39 2923 1
39 9069 2
39 20847 1
39 20848 1
39 20343 1
39 17790 1
39 21887 1
39 1412 1
39 1415 1
39 13704 1
39 20519 1
39 14489 1
39 7236 1
39 12188 1
39 7069 1
39 4000 1
39 21411 1
39 15273 1
39 13228 1
39 12018 2
39 18358 2
39 11708 2
39 9662 1
39 11714 1
39 7111 1
39 21068 1
39 11723 1
39 1997 2
39 9167 1
39 9169 1
39 7634 1
39 14755 1
39 15831 1
39 20953 1
39 4058 1
39 1501 1
39 6622 1
39 1504 1
39 1507 1
39 16775 1
39 20168 1
39 17901 1
39 15856 1
39 18930 1
39 16374 1
39 6142 2
39 15871 1
40 16385 1
40 16390 1
40 11275 1
40 19476 1
40 19993 1
40 22557 1
40 7217 1
40 18483 2
40 1076 2
40 4670 3
40 11328 1
40 18016 1
40 2120 1
40 9291 1
40 588 2
40 591 1
40 15448 1
40 18013 3
40 18528 1
40 13412 1
40 2834 1
40 13435 1
40 4225 1
40 12481 1
40 136 1
40 4235 2
40 4238 2
40 17041 2
40 659 1
40 14493 1
40 13478 3
40 9901 1
40 15539 1
40 11444 1
40 18108 3
40 15041 1
40 20690 3
40 4831 1
40 13537 1
40 12009 1
40 14081 1
40 770 1
40 17163 1
40 4366 1
40 5391 1
40 17170 1
40 2839 1
40 2841 1
40 290 1
40 20260 1
40 19238 1
40 13611 1
40 14649 2
40 4414 1
40 16195 1
40 16197 1
40 2377 1
40 17228 1
40 10573 1
40 4438 1
40 22368 2
40 1380 1
40 20849 1
40 5501 1
40 8585 3
40 4497 1
40 20882 1
40 3907 1
40 3992 1
40 8607 1
40 20384 2
40 15266 1
40 1469 1
40 7584 1
40 11714 1
40 14286 1
40 9167 1
40 10705 1
40 3035 1
40 10206 1
40 6652 1
40 13803 1
40 15855 1
40 15856 1
40 16377 1
40 1532 1
41 1280 1
41 4267 1
41 22551 1
41 7704 1
41 22557 4
41 11806 1
41 4130 1
41 8236 2
41 16431 1
41 1074 1
41 12342 1
41 7741 1
41 13887 1
41 12352 1
41 13889 2
41 20547 2
41 22601 1
41 6732 1
41 18005 1
41 18528 1
41 3171 1
41 18023 1
41 3176 1
41 19559 1
41 17004 1
41 21103 1
41 5232 1
41 1140 1
41 1141 4
41 6775 1
41 17017 1
41 129 1
41 6791 1
41 13960 1
41 19597 1
41 21647 1
41 4754 1
41 17046 3
41 5231 1
41 10408 1
41 11434 1
41 10411 1
41 14509 1
41 20142 1
41 11439 1
41 15536 1
41 20147 1
41 19124 3
41 16414 1
41 19126 1
41 7865 1
41 21692 1
41 19133 2
41 7870 1
41 4290 1
41 2245 1
41 3784 1
41 13516 1
41 3277 1
41 14032 1
41 14033 1
41 10972 1
41 10975 1
41 6368 1
41 8421 1
41 5867 1
41 1266 1
41 3321 1
41 15100 1
41 4441 1
41 11008 3
41 8449 1
41 4867 1
41 4868 1
41 15621 1
41 20230 1
41 4945 1
41 4364 2
41 14176 1
41 17688 2
41 8989 1
41 14725 4
41 19238 1
41 3880 1
41 20103 4
41 21295 6
41 15666 1
41 7478 1
41 10552 1
41 21305 1
41 21727 2
41 14730 1
41 8515 1
41 22344 1
41 17229 2
41 3408 1
41 12625 1
41 21330 1
41 857 1
41 7008 1
41 5988 1
41 13161 1
41 15722 1
41 13678 1
41 9072 1
41 13682 1
41 6516 1
41 2949 1
41 20874 1
41 7563 1
41 7055 2
41 22418 3
41 10644 1
41 3991 1
41 7065 1
41 20384 1
41 18852 1
41 18853 1
41 4521 1
41 16300 1
41 2990 1
41 5551 1
41 9145 1
41 12733 2
41 12734 1
41 11714 1
41 16838 1
41 9167 1
41 20953 1
41 10206 1
41 7650 1
41 19939 1
41 21841 1
41 13809 1
41 16372 1
41 5623 2
41 15864 1
41 4601 2
41 4602 1
41 13822 1
41 12799 1
42 1280 1
42 7348 1
42 8705 1
42 4441 1
42 7707 1
42 9245 1
42 6687 1
42 8236 1
42 1074 1
42 22581 1
42 12345 1
42 3134 2
42 18528 1
42 12360 1
42 22603 1
42 588 1
42 2640 1
42 595 1
42 13398 1
42 9816 1
42 7776 1
42 5232 1
42 13937 1
42 1140 1
42 1141 3
42 17016 1
42 18051 1
42 13445 1
42 20103 1
42 1160 1
42 13961 1
42 138 2
42 22551 1
42 141 1
42 17046 3
42 9755 1
42 22557 1
42 11444 1
42 16054 1
42 9759 1
42 8892 1
42 19133 1
42 7870 1
42 21621 1
42 21696 1
42 12481 1
42 4290 2
42 3784 1
42 13516 1
42 4303 1
42 10963 1
42 10972 1
42 21727 3
42 13536 2
42 1766 1
42 11008 2
42 14081 1
42 4867 1
42 4873 1
42 20234 1
42 8989 1
42 2949 1
42 18208 1
42 13532 1
42 2348 1
42 21295 1
42 21305 1
42 6970 1
42 3408 1
42 21841 1
42 22355 1
42 6489 1
42 15709 1
42 22368 1
42 22369 1
42 5988 1
42 14367 1
42 9072 1
42 13682 1
42 19124 1
42 13688 1
42 7039 1
42 14725 1
42 4495 1
42 22418 1
42 19348 1
42 3992 1
42 7065 1
42 1440 1
42 13730 1
42 11181 1
42 4019 1
42 1469 1
42 12734 2
42 22464 1
42 7755 1
42 7619 1
42 8144 1
42 11732 1
42 10205 1
42 7148 1
42 4589 1
42 7664 1
42 15955 1
42 8184 1
43 2578 2
43 4115 1
43 12825 1
43 15400 1
43 8241 1
43 1074 3
43 8243 1
43 1590 2
43 12354 1
43 7237 1
43 12360 1
43 7755 3
43 15948 1
43 13389 1
43 21586 1
43 13398 1
43 1627 1
43 15971 1
43 10854 1
43 18022 1
43 9831 1
43 12394 1
43 10863 1
43 1141 2
43 17016 1
43 13435 1
43 5246 1
43 20109 1
43 4754 1
43 17046 2
43 18077 1
43 7217 1
43 20649 1
43 3242 1
43 3758 1
43 14621 1
43 22200 1
43 19133 5
43 14037 1
43 4310 1
43 10974 1
43 13536 1
43 17121 1
43 1764 1
43 9453 1
43 8232 1
43 3321 1
43 11514 1
43 4867 1
43 3332 1
43 2309 1
43 17671 1
43 18700 1
43 2839 1
43 8989 1
43 2949 1
43 3633 1
43 12585 1
43 12589 1
43 7471 1
43 15666 1
43 21299 1
43 21817 1
43 4000 1
43 21305 3
43 4942 1
43 14677 1
43 10071 1
43 3300 1
43 2906 1
43 3419 1
43 22368 1
43 5988 1
43 9069 2
43 11632 1
43 14714 1
43 17790 1
43 9600 1
43 11414 1
43 16775 1
43 9617 1
43 7584 1
43 11760 2
43 18853 1
43 16301 1
43 1465 1
43 7617 3
43 7618 1
43 15863 1
43 9167 2
43 4589 1
43 15856 1
43 5623 1
43 5625 1
43 13306 1
43 6651 1
44 11008 4
44 19460 1
44 12805 1
44 16385 1
44 12716 1
44 10 1
44 16915 1
44 14875 3
44 22557 2
44 16414 1
44 9247 1
44 12321 1
44 13863 1
44 1578 1
44 9 1
44 7741 1
44 5182 1
44 7743 1
44 7745 1
44 20547 3
44 4449 1
44 9802 4
44 7755 4
44 6732 1
44 3151 2
44 21586 1
44 18005 1
44 13398 1
44 10727 1
44 8892 2
44 622 1
44 1213 1
44 21107 1
44 13428 1
44 1141 1
44 10358 1
44 11895 1
44 9339 1
44 22293 1
44 5504 2
44 18052 1
44 14469 1
44 137 1
44 138 1
44 18571 1
44 12429 1
44 21647 1
44 16016 1
44 13970 1
44 10862 1
44 13974 1
44 15512 1
44 6809 1
44 19104 1
44 673 1
44 20642 1
44 10410 1
44 12462 1
44 12464 1
44 12465 1
44 19124 1
44 12471 1
44 18975 1
44 21692 1
44 19133 6
44 7870 2
44 4290 1
44 2243 1
44 5321 2
44 17015 1
44 16588 2
44 13521 1
44 4306 1
44 7380 1
44 10965 1
44 2265 1
44 11995 1
44 10972 2
44 10973 1
44 12510 1
44 21727 2
44 13834 1
44 17637 1
44 19174 1
44 5864 1
44 745 1
44 5867 1
44 18162 1
44 20723 1
44 248 1
44 15610 1
44 9770 1
44 18174 1
44 22272 1
44 8449 1
44 4867 2
44 15621 1
44 4364 3
44 6965 1
44 18199 1
44 5400 1
44 18203 1
44 17181 1
44 4385 1
44 487 1
44 5928 1
44 3881 1
44 10545 1
44 10974 1
44 14985 1
44 10552 1
44 21305 6
44 10975 1
44 831 1
44 15681 1
44 139 1
44 17734 1
44 3408 1
44 12625 2
44 5459 1
44 14677 1
44 4438 1
44 9050 2
44 22245 1
44 22369 1
44 15714 1
44 9167 1
44 8039 1
44 1899 1
44 4754 1
44 12349 1
44 9072 1
44 7550 1
44 9600 2
44 7041 1
44 12162 1
44 9092 1
44 16775 1
44 20877 1
44 10644 1
44 14743 2
44 3992 3
44 4000 1
44 10145 1
44 11178 3
44 15276 2
44 5037 1
44 12209 1
44 5554 1
44 4534 1
44 14489 1
44 9145 1
44 8635 1
44 1469 1
44 12734 1
44 13763 1
44 16838 1
44 7623 1
44 588 1
44 13772 1
44 14592 1
44 463 1
44 16888 1
44 980 1
44 7637 1
44 21976 1
44 10205 1
44 18911 3
44 12768 1
44 14306 1
44 21841 1
44 15850 1
44 19441 1
44 7154 1
44 500 1
44 16373 1
44 5623 1
44 15864 1
44 13306 2
44 1706 1
45 14592 1
45 16902 1
45 13825 1
45 1544 1
45 22188 1
45 7690 1
45 10763 2
45 22032 1
45 10258 1
45 13331 1
45 22041 1
45 17435 1
45 5149 1
45 548 1
45 6918 1
45 6694 1
45 6695 1
45 15404 1
45 3629 1
45 7215 1
45 1074 1
45 10981 1
45 12852 1
45 9270 1
45 12345 1
45 18491 1
45 4668 9
45 4670 2
45 13888 1
45 523 1
45 588 1
45 592 1
45 21586 2
45 15955 2
45 6741 1
45 603 1
45 11792 1
45 7780 1
45 21606 1
45 103 1
45 15976 1
45 21097 1
45 620 1
45 4205 1
45 21617 1
45 20343 1
45 1140 2
45 1141 3
45 3702 1
45 1129 1
45 17017 1
45 5764 1
45 13445 1
45 14985 1
45 6282 1
45 14475 1
45 653 1
45 3217 1
45 4547 2
45 3220 2
45 3176 1
45 10398 1
45 18592 1
45 16662 1
45 679 1
45 17066 1
45 683 1
45 11436 2
45 15534 1
45 10928 1
45 19124 1
45 16054 2
45 8378 1
45 8892 2
45 19133 7
45 8013 1
45 4290 1
45 13089 1
45 10359 1
45 11471 2
45 18128 1
45 12501 1
45 8919 1
45 10975 1
45 5347 1
45 8421 1
45 18108 1
45 7399 1
45 12008 1
45 4329 2
45 18154 1
45 20519 1
45 748 1
45 20723 4
45 5876 1
45 22262 2
45 17149 1
45 17688 1
45 11007 1
45 11008 6
45 8449 1
45 13570 1
45 17156 1
45 6406 1
45 5506 1
45 783 1
45 5394 1
45 5507 1
45 11029 1
45 4886 1
45 15128 1
45 14469 1
45 18209 3
45 19238 1
45 12071 1
45 5928 1
45 18483 1
45 2873 1
45 8508 2
45 4414 1
45 16195 1
45 17228 1
45 21305 5
45 20877 1
45 3408 1
45 12625 2
45 21845 1
45 9047 1
45 18267 2
45 15199 1
45 15713 1
45 11108 1
45 15205 1
45 4454 1
45 21351 1
45 8040 1
45 1852 1
45 11632 1
45 13681 1
45 1342 1
45 12816 1
45 12663 1
45 11134 1
45 5504 2
45 18818 1
45 8579 1
45 4493 1
45 3983 1
45 16275 1
45 12694 3
45 14743 3
45 11672 1
45 15774 1
45 13727 1
45 15119 2
45 13730 1
45 4516 2
45 4005 3
45 18862 2
45 7600 2
45 16819 1
45 1976 1
45 5620 1
45 19900 1
45 21949 1
45 22464 1
45 13763 1
45 20420 1
45 12741 1
45 1991 1
45 20556 2
45 4556 1
45 9167 2
45 9169 1
45 10006 1
45 7635 1
45 10199 1
45 1504 3
45 14306 2
45 4582 1
45 18922 1
45 15855 1
45 15856 1
45 8180 1
45 4087 1
45 11771 1
45 15869 1
45 9726 1
45 7765 1
46 12288 1
46 13318 1
46 13319 1
46 22032 3
46 7707 1
46 12317 1
46 13854 1
46 14882 3
46 3113 1
46 1578 5
46 16430 1
46 3631 1
46 9777 1
46 13887 12
46 4165 1
46 12360 1
46 7241 2
46 588 1
46 12878 1
46 9816 1
46 602 1
46 18528 1
46 6075 1
46 6076 1
46 873 1
46 16489 1
46 14973 3
46 21953 5
46 137 1
46 138 1
46 11714 1
46 12434 6
46 10407 1
46 17576 1
46 20649 2
46 20651 1
46 22188 1
46 8878 1
46 22196 1
46 20155 1
46 1482 1
46 14016 1
46 12481 1
46 14020 1
46 13516 6
46 12498 1
46 14037 2
46 20695 1
46 4831 1
46 8421 6
46 12018 1
46 14592 1
46 4868 1
46 8175 1
46 18185 3
46 4364 3
46 18882 2
46 18194 1
46 8989 1
46 17696 1
46 16677 2
46 20774 4
46 16169 1
46 16695 3
46 16700 4
46 16195 1
46 17737 1
46 3916 2
46 12624 1
46 4945 1
46 6489 1
46 18267 1
46 16223 1
46 4960 1
46 7009 1
46 4453 1
46 4454 1
46 7529 1
46 876 1
46 22418 1
46 366 1
46 1513 1
46 11708 1
46 1918 2
46 21889 1
46 17291 1
46 17292 1
46 12685 1
46 20882 1
46 13723 2
46 8611 1
46 1266 1
46 13755 1
46 21948 2
46 21950 7
46 16833 2
46 16834 1
46 13255 1
46 12746 10
46 9167 2
46 18911 1
46 19938 2
46 7164 6
46 15855 1
46 10408 1
46 8702 1
46 5623 1
46 7163 1
46 6652 1
46 7166 1
46 12799 1
47 12288 1
47 1922 1
47 4868 1
47 12481 1
47 11273 1
47 18570 1
47 13963 1
47 3980 1
47 2190 1
47 22032 1
47 15434 1
47 5934 1
47 22551 1
47 17688 1
47 6687 1
47 16544 1
47 10096 1
47 14882 1
47 10915 1
47 16677 3
47 9513 1
47 1578 1
47 14509 1
47 15918 3
47 8753 1
47 4146 1
47 4276 1
47 138 1
47 21305 1
47 3404 1
47 19133 1
47 21950 1
47 13887 5
47 10304 1
47 21536 1
47 19142 1
47 13930 1
47 1420 1
47 12746 6
47 588 1
47 5069 2
47 3405 1
47 18768 1
47 14033 1
47 20818 1
47 18005 1
47 9687 1
47 13400 1
47 14716 1
47 22364 1
47 10206 1
47 592 1
47 6651 1
47 8421 1
47 16998 1
47 360 1
47 20329 1
47 15210 1
47 16430 1
47 17389 1
47 15869 1
47 22295 1
47 13937 1
47 6516 1
47 3113 1
47 8568 1
47 17403 2
47 7164 3
47 17661 1
47 1919 1
48 12288 2
48 683 2
48 15532 2
48 7690 1
48 11275 1
48 13841 1
48 7700 1
48 9755 1
48 6002 1
48 18975 1
48 14882 3
48 2596 1
48 12325 2
48 22571 1
48 15918 3
48 3633 1
48 3634 1
48 11273 1
48 3130 1
48 10300 1
48 19519 1
48 10816 1
48 4161 1
48 13891 2
48 5700 1
48 12360 1
48 9292 1
48 16462 1
48 21586 3
48 13400 1
48 13401 2
48 20570 1
48 7777 1
48 19555 1
48 19900 2
48 10859 1
48 14448 1
48 13937 1
48 1141 4
48 21097 1
48 9067 1
48 13445 1
48 14985 1
48 12938 1
48 3723 1
48 8086 1
48 18077 1
48 18593 1
48 4267 1
48 17068 1
48 685 1
48 22557 1
48 7867 2
48 8892 5
48 19133 2
48 2239 1
48 14016 1
48 14019 1
48 1733 1
48 17608 2
48 13516 1
48 17442 1
48 14033 1
48 10453 1
48 18140 1
48 7392 1
48 7905 1
48 7394 1
48 8421 1
48 1745 1
48 8425 1
48 5867 1
48 12026 1
48 14595 1
48 18185 4
48 7952 3
48 8636 1
48 8989 2
48 16159 1
48 18736 1
48 9506 1
48 7463 1
48 5929 1
48 5421 1
48 16175 1
48 16688 1
48 10545 1
48 15666 2
48 5941 1
48 17206 1
48 21305 3
48 5841 1
48 20284 2
48 15170 1
48 6982 1
48 13129 1
48 16714 1
48 4663 1
48 6989 1
48 4942 1
48 20877 1
48 3408 1
48 14677 1
48 3417 1
48 858 1
48 5450 1
48 20794 1
48 15201 1
48 13884 1
48 5995 1
48 8556 1
48 1938 1
48 15218 1
48 15222 4
48 20343 1
48 15227 4
48 15229 1
48 15230 1
48 2944 1
48 1410 1
48 1412 1
48 15237 1
48 16774 1
48 1420 1
48 8077 1
48 22418 1
48 8598 1
48 21912 1
48 22426 1
48 1947 1
48 5534 1
48 7584 1
48 17313 1
48 17833 1
48 15275 2
48 12716 1
48 2990 1
48 16798 1
48 11193 1
48 10636 1
48 13243 1
48 11708 2
48 3517 1
48 3519 1
48 17312 1
48 16834 1
48 19907 2
48 12746 1
48 5069 4
48 9169 1
48 7637 1
48 10206 2
48 3553 1
48 7148 1
48 15855 1
48 12787 1
48 17403 3
48 15869 1
49 4610 1
49 7684 2
49 4617 1
49 22032 1
49 22551 3
49 10264 1
49 9241 1
49 9245 2
49 18975 1
49 1572 3
49 12325 1
49 15400 1
49 3113 1
49 18476 1
49 8238 1
49 16431 1
49 7014 1
49 8753 1
49 12342 1
49 12345 1
49 13887 1
49 12354 2
49 15434 1
49 1099 1
49 13388 1
49 7010 1
49 592 1
49 13905 1
49 10837 1
49 3676 1
49 3679 1
49 18528 1
49 17168 1
49 15462 1
49 16998 2
49 8892 2
49 620 1
49 8817 1
49 13428 3
49 6687 2
49 15994 1
49 6786 1
49 2179 2
49 13445 2
49 7303 1
49 16017 1
49 138 1
49 19596 1
49 7823 1
49 13969 1
49 15508 1
49 10265 1
49 15514 1
49 11931 1
49 14618 1
49 18080 1
49 13937 1
49 3954 1
49 14509 1
49 694 1
49 9332 1
49 19131 1
49 21692 1
49 12481 1
49 15556 1
49 13516 1
49 4303 1
49 20692 1
49 11726 1
49 11479 1
49 10973 1
49 19460 2
49 549 1
49 13027 1
49 16616 1
49 12011 1
49 1266 1
49 18005 1
49 1280 1
49 4868 2
49 6918 1
49 18185 3
49 4364 3
49 2832 1
49 12334 1
49 21782 1
49 18393 1
49 6938 1
49 4385 1
49 13611 1
49 7471 2
49 16176 1
49 7985 1
49 19764 1
49 21304 1
49 1844 1
49 12602 2
49 7485 1
49 16190 2
49 6464 1
49 14145 1
49 5450 2
49 12625 1
49 3413 1
49 4438 1
49 2394 1
49 2914 1
49 22373 1
49 8550 1
49 7527 1
49 19817 1
49 6512 1
49 10472 1
49 22386 1
49 16243 1
49 9022 1
49 15222 3
49 20343 1
49 14714 1
49 15227 2
49 16891 1
49 10219 1
49 14725 1
49 15752 1
49 3978 1
49 5517 1
49 15257 1
49 12190 1
49 14751 1
49 17313 2
49 15003 1
49 20389 1
49 7600 1
49 9652 1
49 3060 1
49 1466 1
49 11850 1
49 22464 3
49 15809 1
49 11714 1
49 17348 1
49 14677 1
49 13255 1
49 588 1
49 4558 1
49 9167 1
49 9684 1
49 13785 1
49 14682 1
49 4602 1
49 18911 1
49 6651 1
49 20458 1
49 22507 1
49 13821 1
49 11760 1
49 14324 2
49 16373 1
49 5623 1
49 18424 1
49 18426 1
49 4603 1
49 15869 2
49 5119 1
50 13316 1
50 22551 4
50 11293 1
50 11303 2
50 1578 2
50 1068 1
50 16432 2
50 22071 1
50 11835 1
50 3647 1
50 3652 1
50 11335 1
50 21586 1
50 18005 1
50 13398 1
50 8797 1
50 16998 1
50 3260 1
50 13418 1
50 11887 3
50 13937 1
50 626 1
50 13428 3
50 10357 1
50 17532 1
50 17535 1
50 7303 1
50 138 2
50 19596 1
50 12941 1
50 19599 1
50 4247 1
50 5276 1
50 19619 1
50 10407 1
50 22557 1
50 11449 1
50 21692 1
50 19133 1
50 14527 1
50 13516 1
50 7892 1
50 14047 1
50 740 1
50 12008 1
50 4868 1
50 4364 1
50 3344 1
50 281 1
50 19760 1
50 15666 1
50 1844 1
50 21305 1
50 12602 1
50 10555 1
50 17225 1
50 14668 2
50 20303 1
50 14672 1
50 14673 2
50 1167 1
50 9566 1
50 22368 1
50 360 1
50 5994 1
50 20851 1
50 8568 1
50 11143 1
50 6028 1
50 11662 1
50 3991 1
50 920 1
50 13723 3
50 13724 1
50 4509 2
50 4002 1
50 15268 1
50 20465 2
50 15273 1
50 16301 1
50 6064 1
50 1466 1
50 15808 1
50 6599 1
50 16843 1
50 9167 1
50 17890 1
50 497 1
50 7155 1
50 5629 1
51 5635 1
51 684 1
51 4110 1
51 22032 1
51 1048 2
51 14875 1
51 9759 1
51 19718 1
51 1578 1
51 16430 1
51 16436 1
51 13884 2
51 13887 1
51 5186 6
51 15432 1
51 7241 1
51 588 7
51 13389 1
51 18510 1
51 18005 1
51 9818 1
51 18013 2
51 2147 1
51 21610 1
51 1133 1
51 11887 1
51 5232 1
51 10365 5
51 5248 1
51 129 2
51 1668 2
51 1167 4
51 17041 1
51 683 1
51 22188 1
51 15539 1
51 11449 2
51 3258 1
51 20155 1
51 19647 1
51 14016 1
51 12495 1
51 19154 1
51 10453 2
51 21723 1
51 15583 2
51 10985 1
51 12523 1
51 22262 2
51 13561 1
51 22267 1
51 22274 3
51 22276 3
51 2309 1
51 18182 1
51 775 1
51 18185 1
51 4364 2
51 5391 1
51 21264 1
51 17694 1
51 13088 1
51 20260 2
51 5929 2
51 1844 1
51 2873 1
51 22339 1
51 17225 1
51 14668 6
51 14669 2
51 18767 1
51 22352 1
51 14673 3
51 14682 3
51 18267 1
51 9566 1
51 22369 2
51 7527 1
51 7531 1
51 7023 1
51 11632 6
51 12663 2
51 7546 1
51 3647 1
51 9600 1
51 14730 1
51 12354 1
51 5009 1
51 9108 1
51 14751 1
51 9121 1
51 4002 2
51 20389 1
51 11471 3
51 15279 1
51 15177 1
51 1467 1
51 6076 1
51 22464 5
51 20418 1
51 12746 1
51 15863 1
51 16333 1
51 1275 3
51 16367 1
51 15856 1
51 16373 1
51 5623 1
51 505 1
51 7164 1
52 12288 3
52 17067 1
52 4116 1
52 7189 1
52 22551 1
52 15384 1
52 4122 1
52 9244 1
52 22557 1
52 6687 1
52 8236 1
52 16430 1
52 8753 1
52 19511 1
52 13887 1
52 4161 1
52 12354 1
52 3652 1
52 4364 3
52 11850 1
52 13388 1
52 13389 1
52 2640 3
52 18005 2
52 13398 1
52 9145 1
52 14324 3
52 7265 1
52 18022 1
52 22119 1
52 15976 1
52 6761 1
52 18026 1
52 18023 2
52 18028 1
52 15990 1
52 5243 1
52 5246 1
52 6790 1
52 20103 1
52 17004 1
52 138 1
52 13454 1
52 1167 1
52 1169 1
52 1170 1
52 3221 1
52 11931 1
52 15528 1
52 11292 1
52 683 1
52 22188 1
52 14509 1
52 18095 1
52 11444 1
52 22200 1
52 9247 1
52 8892 1
52 12481 1
52 10434 1
52 4385 1
52 20168 1
52 20686 2
52 19155 1
52 10972 2
52 10464 1
52 740 1
52 10985 1
52 12010 1
52 3311 2
52 3313 1
52 16120 1
52 3321 1
52 1275 1
52 2310 1
52 780 1
52 20238 1
52 17688 1
52 21295 1
52 18209 1
52 4901 1
52 2854 1
52 7303 1
52 7471 1
52 10545 1
52 15666 2
52 7477 1
52 137 1
52 6969 1
52 16190 1
52 1855 1
52 15170 1
52 14682 2
52 22368 1
52 4453 1
52 9069 3
52 6002 1
52 1918 1
52 8579 1
52 15751 2
52 20873 2
52 906 2
52 13200 1
52 22418 4
52 917 1
52 14575 2
52 4509 1
52 4000 2
52 18075 1
52 18505 1
52 1465 1
52 1467 1
52 1469 2
52 16832 1
52 20384 1
52 16838 1
52 588 2
52 9167 1
52 8144 1
52 4049 1
52 15317 1
52 16121 1
52 14306 5
52 16123 1
52 14821 1
52 10219 1
52 500 1
52 505 1
52 6651 1
52 15869 1
52 5660 1
53 14306 2
53 18023 1
53 11496 1
53 13679 1
53 3221 2
53 22200 1
53 3321 1
54 14306 1
54 11496 1
54 6416 1
54 5448 1
54 3221 1
54 21305 1
54 19133 1
54 6622 1
