1 12288 1
1 16385 1
1 19460 1
1 15534 1
1 8726 1
1 7706 1
1 10780 1
1 6687 2
1 21537 1
1 3621 1
1 3629 1
1 6702 1
1 12852 3
1 1590 2
1 4668 2
1 1076 1
1 15432 1
1 22095 1
1 15442 1
1 13398 2
1 9817 1
1 7776 1
1 9831 1
1 8892 1
1 10859 2
1 17016 1
1 4221 1
1 13950 1
1 12930 1
1 1160 1
1 13961 1
1 8339 1
1 6809 1
1 12446 1
1 9887 1
1 5797 1
1 19626 1
1 4267 1
1 20142 1
1 11444 1
1 18108 1
1 19133 1
1 11981 1
1 13532 1
1 745 1
1 12010 1
1 17790 1
1 14592 1
1 8449 1
1 4867 1
1 4868 1
1 4364 1
1 5391 1
1 18197 1
1 2839 1
1 2841 1
1 1308 1
1 5927 1
1 10972 1
1 11053 1
1 7471 1
1 1844 1
1 21305 1
1 16702 1
1 20803 1
1 22345 1
1 10571 1
1 8013 1
1 15184 1
1 21841 1
1 13159 1
1 7528 1
1 4156 1
1 1900 1
1 9069 1
1 9072 1
1 12147 1
1 1918 1
1 2947 1
1 3973 1
1 8079 1
1 20882 2
1 3991 3
1 3992 1
1 15773 1
1 17312 1
1 4011 1
1 11180 1
1 433 1
1 9139 1
1 11714 1
1 13763 1
1 9167 1
1 9684 2
1 2525 1
1 10206 1
1 13477 1
1 21473 1
1 15855 1
1 15856 1
1 15857 1
1 6651 1
2 12288 1
2 19464 2
2 20142 1
2 13849 1
2 12317 1
2 18975 1
2 8742 1
2 11815 1
2 41 1
2 22571 1
2 8749 1
2 15119 1
2 7217 1
2 7218 1
2 12341 1
2 1590 1
2 15465 1
2 4668 2
2 3652 3
2 15866 2
2 14427 1
2 3676 1
2 11870 1
2 7776 1
2 10337 1
2 7779 1
2 7782 1
2 19048 1
2 7785 1
2 10862 1
2 11887 3
2 625 1
2 6770 1
2 7287 2
2 13951 1
2 13440 1
2 12930 2
2 15491 1
2 18882 2
2 7823 2
2 20112 1
2 6801 1
2 15982 1
2 8855 1
2 10397 1
2 16030 1
2 673 1
2 13477 2
2 13832 1
2 22188 1
2 3758 1
2 22557 1
2 19124 3
2 12471 1
2 19133 2
2 4799 1
2 15042 2
2 7457 1
2 6345 1
2 1897 1
2 11471 1
2 18646 1
2 1751 1
2 11992 1
2 10467 1
2 22252 1
2 12013 1
2 753 1
2 20722 1
2 22262 1
2 14583 1
2 1786 1
2 3711 1
2 18686 1
2 1280 1
2 4867 2
2 4868 1
2 4310 1
2 3339 1
2 6927 1
2 17169 1
2 18197 1
2 2841 1
2 8989 1
2 20255 1
2 18209 1
2 18210 1
2 16775 2
2 18994 1
2 18222 1
2 7471 1
2 1067 1
2 15666 1
2 1844 1
2 21305 2
2 10043 1
2 20285 1
2 20418 1
2 4417 1
2 20803 1
2 16197 1
2 16838 1
2 14667 1
2 17228 1
2 22070 1
2 8333 1
2 15184 2
2 4438 2
2 2873 1
2 19804 1
2 22368 1
2 15718 1
2 2705 1
2 19816 1
2 20329 1
2 9069 4
2 12656 1
2 12147 2
2 12151 2
2 8568 1
2 5498 1
2 8571 1
2 17788 1
2 1918 1
2 797 1
2 15751 2
2 904 1
2 906 1
2 20882 2
2 7571 1
2 404 1
2 8086 1
2 15771 1
2 20384 1
2 13723 1
2 8101 1
2 4006 1
2 17840 1
2 10677 1
2 6075 1
2 18876 3
2 3629 2
2 16831 1
2 11714 1
2 19396 1
2 7110 1
2 13255 1
2 13772 1
2 9167 1
2 7634 1
2 7637 1
2 18633 1
2 12342 1
2 10205 1
2 10206 1
2 10723 1
2 15849 1
2 8683 1
2 16367 1
2 14324 1
2 15864 1
2 4602 1
2 6651 1
2 22015 1
3 12288 1
3 11273 2
3 15887 1
3 4117 1
3 22551 1
3 18460 1
3 2089 1
3 1067 1
3 3629 1
3 15209 1
3 19124 1
3 15434 1
3 13388 1
3 5710 1
3 12670 1
3 16474 1
3 19553 1
3 1124 1
3 15976 1
3 19900 1
3 18540 1
3 21613 1
3 13937 2
3 9842 1
3 7796 2
3 18037 1
3 15478 1
3 7529 1
3 4221 1
3 3711 1
3 20098 1
3 19589 1
3 6790 1
3 14473 1
3 8332 1
3 11714 1
3 10386 1
3 6292 1
3 19142 1
3 15530 1
3 4276 1
3 19133 2
3 7870 1
3 2243 2
3 6342 1
3 18633 1
3 7889 1
3 14038 1
3 9945 1
3 9167 1
3 21727 1
3 8421 1
3 18157 1
3 751 1
3 752 1
3 753 2
3 12018 1
3 20212 1
3 1918 3
3 22262 1
3 18686 1
3 14593 1
3 4868 1
3 4382 1
3 11555 1
3 5929 1
3 12076 1
3 18222 1
3 7471 5
3 16177 1
3 14136 1
3 21305 2
3 15675 1
3 8511 1
3 3905 1
3 15170 1
3 6982 1
3 2892 1
3 14677 2
3 10075 1
3 3934 1
3 11104 1
3 7011 1
3 13161 1
3 21871 1
3 9072 1
3 8054 1
3 11134 1
3 9600 1
3 4418 1
3 3991 1
3 13723 1
3 17312 1
3 14755 1
3 14757 1
3 4011 1
3 15280 1
3 8627 1
3 18876 1
3 18882 3
3 13763 1
3 15818 1
3 12748 1
3 20429 1
3 17359 1
3 22484 1
3 8156 1
3 18920 1
3 15854 1
3 5103 1
3 11762 1
3 11765 1
3 18426 1
3 11771 1
3 5631 1
4 12288 1
4 13316 1
4 526 1
4 22032 2
4 22041 1
4 13854 1
4 6687 1
4 33 1
4 11815 1
4 8744 1
4 3629 3
4 18994 1
4 10291 1
4 12852 1
4 20534 1
4 3647 1
4 15939 1
4 3652 2
4 12360 1
4 16969 1
4 1099 2
4 4174 1
4 2127 1
4 10832 1
4 602 1
4 15459 1
4 18023 1
4 15976 1
4 16828 1
4 5742 1
4 14448 1
4 6770 1
4 20343 1
4 6773 1
4 1152 1
4 7300 1
4 15494 1
4 1160 1
4 8332 1
4 8333 1
4 9876 1
4 1305 1
4 13477 1
4 14838 1
4 15530 1
4 22188 1
4 5808 1
4 7112 1
4 18103 1
4 18975 2
4 19133 4
4 13515 1
4 20168 1
4 11979 1
4 17612 1
4 20686 1
4 10449 3
4 11477 1
4 4310 1
4 13015 1
4 11992 1
4 11482 1
4 8412 1
4 11999 1
4 10464 1
4 10978 1
4 10467 1
4 15751 1
4 8421 2
4 12007 1
4 5356 1
4 753 3
4 20722 2
4 6902 2
4 8449 1
4 14082 1
4 3286 1
4 14088 1
4 20695 1
4 3340 1
4 17169 1
4 16661 1
4 3353 2
4 4381 1
4 15749 1
4 4385 1
4 19243 1
4 1841 1
4 21305 4
4 10975 1
4 8511 1
4 15688 1
4 21324 1
4 21841 1
4 21842 1
4 11604 2
4 4438 1
4 12089 1
4 15709 1
4 3934 1
4 865 1
4 19814 1
4 19816 1
4 9069 3
4 2416 1
4 12151 1
4 1918 1
4 10114 1
4 14725 1
4 10631 1
4 17801 2
4 17804 4
4 4493 1
4 8079 1
4 11672 1
4 1945 1
4 12189 3
4 22450 1
4 20384 1
4 14753 1
4 15266 1
4 14755 1
4 16806 1
4 15273 1
4 1453 1
4 1437 1
4 15280 1
4 15282 1
4 18876 4
4 22464 3
4 20420 1
4 4037 1
4 18376 1
4 12746 1
4 13776 1
4 9687 1
4 10206 1
4 13222 1
4 6630 1
4 15856 1
4 502 1
5 12288 1
5 19456 1
5 11273 1
5 22232 1
5 17424 2
5 4115 1
5 21849 1
5 11815 1
5 3629 2
5 12852 1
5 8375 1
5 13398 2
5 602 1
5 22032 1
5 1124 1
5 10343 1
5 15976 2
5 21613 1
5 11887 1
5 15985 1
5 19731 1
5 19580 1
5 15491 1
5 13445 1
5 15494 1
5 18056 1
5 1163 1
5 8332 1
5 20418 2
5 2704 1
5 9875 1
5 18080 1
5 19126 1
5 10423 1
5 8380 1
5 19133 1
5 6342 1
5 20168 2
5 13514 2
5 13516 2
5 3277 1
5 3278 1
5 18128 1
5 3281 1
5 20692 1
5 20695 1
5 11992 1
5 1758 1
5 4831 1
5 10467 1
5 7400 1
5 22252 1
5 12018 3
5 17657 1
5 12551 1
5 3339 1
5 17166 1
5 12561 1
5 10515 1
5 2326 1
5 1818 1
5 7451 1
5 8989 1
5 15653 1
5 7471 1
5 5433 1
5 20285 1
5 15166 1
5 18241 1
5 21324 1
5 21305 1
5 855 1
5 6489 2
5 19290 1
5 10075 1
5 3934 3
5 11123 1
5 9592 1
5 7041 1
5 22406 1
5 17801 1
5 17804 2
5 8079 1
5 7571 1
5 18837 1
5 8086 1
5 7584 1
5 14753 1
5 15266 4
5 14755 1
5 14758 1
5 4011 1
5 1454 1
5 7089 2
5 15794 1
5 435 1
5 10680 1
5 18876 3
5 22464 2
5 22466 1
5 13763 1
5 19396 1
5 15817 2
5 15820 1
5 13776 1
5 7633 1
5 7637 2
5 999 1
5 10219 1
5 16367 1
5 11760 2
5 12788 1
5 503 1
5 6652 1
6 11273 1
6 22032 4
6 4867 1
6 13850 1
6 17435 1
6 1626 1
6 33 1
6 7718 1
6 20519 2
6 10285 1
6 7216 2
6 1076 1
6 12341 1
6 11318 1
6 19124 1
6 5690 1
6 12350 1
6 13887 2
6 10821 1
6 12360 1
6 8782 1
6 591 1
6 7765 1
6 4695 1
6 602 2
6 3171 1
6 1124 1
6 15976 1
6 11887 1
6 625 1
6 15986 1
6 19732 1
6 4222 2
6 3201 1
6 14466 2
6 10372 1
6 13445 1
6 14473 1
6 14475 1
6 8332 1
6 12429 1
6 2704 1
6 9873 1
6 9876 1
6 6809 1
6 20593 1
6 6770 1
6 4276 2
6 5815 1
6 18104 1
6 15033 1
6 3258 1
6 8892 2
6 19133 2
6 14016 1
6 7880 1
6 4303 1
6 719 1
6 7888 2
6 11477 1
6 12503 1
6 11482 1
6 11471 1
6 15582 1
6 4831 1
6 8421 2
6 7400 1
6 6183 1
6 21233 1
6 1918 2
6 22262 1
6 19715 1
6 17159 1
6 20695 1
6 4364 1
6 17169 2
6 2322 1
6 4884 1
6 19733 1
6 7044 1
6 7451 2
6 4382 1
6 8992 1
6 13360 1
6 292 1
6 7558 1
6 16775 1
6 6446 1
6 16691 1
6 1758 1
6 19766 1
6 17207 1
6 21305 2
6 20794 1
6 20285 1
6 7487 1
6 3907 1
6 11603 1
6 2905 1
6 3934 1
6 22369 1
6 15202 1
6 9069 2
6 9072 1
6 13681 1
6 15218 1
6 3963 1
6 17788 1
6 12670 1
6 12673 1
6 1924 1
6 16773 1
6 7046 1
6 15751 1
6 17804 3
6 11662 1
6 493 1
6 10129 1
6 20882 1
6 21750 1
6 7581 1
6 15818 1
6 16803 1
6 19364 1
6 4530 1
6 18876 5
6 4030 1
6 22464 2
6 18882 1
6 13763 1
6 6085 1
6 7110 1
6 6090 1
6 15820 1
6 13778 1
6 22484 1
6 7637 1
6 2018 1
6 19939 2
6 3047 1
6 8683 1
6 13293 1
7 10780 1
7 11293 1
7 21024 1
7 3106 1
7 22571 1
7 1068 1
7 10288 1
7 10289 1
7 7218 2
7 11318 1
7 7224 1
7 1084 1
7 12350 1
7 13887 2
7 1604 1
7 588 1
7 15442 1
7 9816 1
7 5210 1
7 19048 2
7 15981 1
7 10862 1
7 19580 1
7 6269 1
7 1152 1
7 10375 1
7 18569 1
7 8332 1
7 9666 1
7 9873 1
7 9876 1
7 16539 1
7 22186 1
7 9901 1
7 16049 1
7 20147 1
7 4276 1
7 12981 2
7 8892 3
7 19133 3
7 2239 1
7 14016 1
7 14018 1
7 20168 2
7 13515 1
7 11471 1
7 10449 1
7 11474 1
7 5335 1
7 1752 2
7 4831 1
7 10464 1
7 12514 2
7 8421 1
7 4868 1
7 2309 1
7 17163 2
7 4364 1
7 5391 1
7 19731 1
7 4884 2
7 10006 1
7 16663 1
7 21784 1
7 7451 1
7 10531 1
7 17196 1
7 5425 1
7 14473 1
7 21305 3
7 11999 1
7 3392 1
7 4417 2
7 14667 2
7 10723 1
7 9558 1
7 2394 1
7 22363 1
7 15709 1
7 3934 1
7 7011 2
7 19816 1
7 15723 1
7 9069 3
7 21871 1
7 3958 1
7 12151 1
7 3962 1
7 3963 1
7 12670 1
7 1922 1
7 12663 1
7 15237 4
7 16775 3
7 17804 2
7 5527 1
7 1092 1
7 1437 1
7 7584 1
7 15266 1
7 16301 1
7 21405 1
7 17331 1
7 16308 1
7 18876 3
7 18882 1
7 15818 1
7 14798 1
7 7637 1
7 6622 1
7 19938 2
7 19939 1
7 6630 2
7 3047 1
7 12189 1
7 16366 1
7 4087 1
7 18424 1
7 15868 1
8 12296 1
8 18955 1
8 22032 2
8 22551 1
8 7712 1
8 21026 1
8 2090 1
8 13357 1
8 3633 1
8 1076 2
8 55 1
8 12344 1
8 4276 1
8 6715 1
8 14397 1
8 15432 1
8 7249 1
8 18005 2
8 19553 1
8 1122 1
8 17004 1
8 10862 1
8 1140 2
8 5489 1
8 13435 1
8 15486 1
8 12930 2
8 4741 2
8 4746 1
8 15500 1
8 14488 1
8 15002 1
8 4263 1
8 3760 1
8 11444 1
8 4894 1
8 20151 1
8 4795 2
8 8892 1
8 19133 2
8 15042 2
8 10453 5
8 11480 1
8 14041 1
8 15582 1
8 21727 1
8 3878 1
8 4326 1
8 5352 3
8 20717 1
8 2105 1
8 21750 1
8 20218 1
8 4867 1
8 3339 1
8 4364 2
8 17453 1
8 17169 1
8 4382 1
8 19238 2
8 49 1
8 11569 1
8 3636 1
8 20284 1
8 21833 1
8 15185 1
8 21305 2
8 15192 1
8 2905 3
8 861 1
8 22369 1
8 13155 1
8 1380 1
8 15209 1
8 17770 1
8 11628 1
8 9069 5
8 7537 1
8 19124 1
8 8053 1
8 12151 1
8 3963 1
8 9600 1
8 17291 1
8 10636 1
8 11662 2
8 10644 2
8 15266 1
8 4003 1
8 18853 2
8 13223 1
8 7601 1
8 15800 1
8 18876 5
8 4033 1
8 16834 1
8 3532 1
8 12538 1
8 2018 3
8 1509 1
8 16367 1
8 16374 1
8 15866 1
8 4603 1
9 515 1
9 19460 1
9 12805 1
9 10246 1
9 1031 2
9 1032 1
9 22032 1
9 3606 1
9 15432 1
9 7768 1
9 9831 1
9 7785 1
9 15982 1
9 21104 1
9 1141 1
9 638 1
9 2179 1
9 12933 1
9 648 1
9 11628 1
9 4234 1
9 14475 1
9 12446 1
9 19124 2
9 3258 1
9 8892 1
9 19133 1
9 19139 1
9 11471 1
9 7380 1
9 4309 1
9 4310 1
9 15581 1
9 11999 1
9 18148 1
9 17637 1
9 18162 1
9 4364 1
9 15119 1
9 11024 2
9 17171 1
9 4884 3
9 16661 2
9 797 1
9 18208 1
9 15751 1
9 4579 2
9 21305 1
9 3403 1
9 21841 1
9 19939 1
9 9047 1
9 8421 2
9 4451 1
9 1380 1
9 364 1
9 13677 1
9 10607 1
9 8571 1
9 17788 2
9 17791 1
9 1408 1
9 1410 1
9 1923 1
9 16775 1
9 12691 1
9 10644 1
9 8607 1
9 18853 1
9 15273 3
9 9644 1
9 951 1
9 18876 2
9 22464 1
9 11714 1
9 9167 1
9 9169 1
9 421 1
9 3041 1
9 18403 1
9 13800 1
9 8683 1
9 6646 1
9 4601 1
9 15866 1
9 13819 1
10 12288 1
10 8512 1
10 17794 1
10 14725 1
10 16519 1
10 519 1
10 1170 1
10 16020 1
10 1174 1
10 22551 4
10 10264 1
10 5149 1
10 15903 1
10 17312 3
10 16035 1
10 11684 1
10 12200 1
10 17706 1
10 13099 1
10 8236 1
10 16301 1
10 5554 1
10 1076 1
10 5301 1
10 15671 1
10 7655 1
10 3258 1
10 19263 1
10 6464 1
10 11334 1
10 20686 2
10 20303 1
10 248 1
10 9171 1
10 7637 1
10 13912 1
10 12891 4
10 13532 1
10 1466 1
10 9223 1
10 12625 1
10 7528 2
10 16363 1
10 22252 1
10 18851 1
10 11887 1
10 7409 2
10 1650 1
10 8180 1
10 7797 1
10 10360 1
10 15508 1
10 16831 1
10 17788 1
10 4221 1
10 5246 1
11 12288 1
11 15874 1
11 7683 2
11 19460 1
11 8449 1
11 8706 1
11 2578 2
11 19478 1
11 22551 2
11 15903 1
11 4128 1
11 7203 1
11 5669 1
11 22571 1
11 15404 1
11 16963 1
11 1092 2
11 22601 1
11 588 2
11 13389 3
11 10833 1
11 21586 1
11 5717 1
11 599 2
11 20569 1
11 6234 1
11 9124 1
11 16998 2
11 7782 1
11 18023 1
11 9832 1
11 15465 1
11 13418 1
11 19559 1
11 15982 1
11 1137 1
11 21107 1
11 5750 1
11 18562 1
11 14469 1
11 7303 1
11 14985 1
11 1167 1
11 13969 2
11 19607 1
11 14488 1
11 12446 1
11 10407 1
11 10408 1
11 15530 1
11 7342 1
11 12465 1
11 2747 1
11 8892 1
11 19141 1
11 14024 1
11 15567 1
11 5332 1
11 12501 1
11 22234 1
11 10972 1
11 1758 1
11 15583 1
11 5867 1
11 1266 1
11 3796 1
11 17149 1
11 15102 1
11 11007 1
11 14081 1
11 17162 1
11 267 1
11 4364 2
11 18818 1
11 7952 1
11 18197 2
11 20762 1
11 13445 1
11 3881 1
11 18222 2
11 7471 1
11 15666 1
11 6622 1
11 17719 1
11 5433 2
11 8511 1
11 6464 1
11 15170 1
11 19782 1
11 17228 1
11 11600 1
11 14673 1
11 4438 1
11 625 1
11 8539 1
11 7516 1
11 1889 1
11 5994 1
11 20882 1
11 12673 1
11 1922 1
11 10731 1
11 9092 1
11 9093 1
11 3974 1
11 15751 1
11 10636 1
11 11662 1
11 22418 2
11 15766 1
11 19364 1
11 7582 2
11 17312 2
11 4003 1
11 16804 2
11 22437 1
11 15275 1
11 20915 1
11 9145 1
11 19900 1
11 16831 1
11 15808 1
11 11714 3
11 13763 1
11 17349 1
11 1482 1
11 15820 2
11 11725 1
11 9167 1
11 17360 1
11 9169 1
11 7637 1
11 18852 1
11 10206 2
11 12768 1
11 6651 2
11 20236 1
11 4433 1
11 10219 1
11 7663 1
11 13808 1
11 5623 1
11 15864 1
11 4602 1
11 11771 3
12 12288 3
12 8706 1
12 19460 1
12 5637 1
12 7690 1
12 15874 1
12 20118 1
12 4115 1
12 1557 1
12 14853 1
12 22562 1
12 12835 1
12 4647 1
12 1067 1
12 1074 1
12 12342 1
12 6711 1
12 7224 1
12 3641 1
12 3642 1
12 21855 1
12 578 1
12 15432 1
12 17484 2
12 592 1
12 13905 1
12 16473 1
12 7782 2
12 9831 1
12 19048 1
12 15465 1
12 15468 1
12 18030 1
12 8817 1
12 15987 1
12 7797 2
12 12408 1
12 3711 1
12 15491 1
12 18055 1
12 1163 1
12 21133 1
12 2705 1
12 16022 1
12 1818 1
12 13478 1
12 4267 1
12 19124 3
12 6325 1
12 6329 1
12 19133 3
12 19139 1
12 20168 3
12 13516 1
12 3277 1
12 718 1
12 8568 1
12 20690 1
12 7380 2
12 10453 1
12 17790 1
12 10972 1
12 11999 1
12 10464 1
12 10465 1
12 9442 1
12 13027 1
12 7396 1
12 22245 1
12 9959 1
12 12013 1
12 4335 1
12 20721 1
12 20722 7
12 14069 1
12 10452 1
12 21757 1
12 14593 1
12 15618 1
12 10499 1
12 4868 1
12 4364 1
12 10510 1
12 18197 1
12 2327 1
12 3354 3
12 7451 1
12 8988 1
12 4381 1
12 18210 1
12 12076 1
12 18222 1
12 7471 1
12 15666 1
12 2355 1
12 21305 3
12 20285 1
12 8511 1
12 8512 1
12 18144 1
12 15170 1
12 10051 1
12 329 1
12 13026 1
12 15184 1
12 21841 2
12 19282 1
12 10467 2
12 4438 1
12 9047 1
12 4441 1
12 13658 1
12 13663 1
12 22368 3
12 15713 1
12 3643 1
12 12139 1
12 12151 1
12 4472 1
12 11133 1
12 12670 1
12 15237 2
12 17801 2
12 16778 1
12 20366 1
12 9617 1
12 20148 1
12 11672 1
12 16293 1
12 15275 1
12 13238 2
12 10679 1
12 10681 1
12 1466 1
12 3515 1
12 11714 1
12 13763 1
12 19396 2
12 4037 2
12 4038 1
12 13255 1
12 5577 1
12 13772 1
12 20429 1
12 9167 4
12 7633 1
12 11737 1
12 10206 1
12 3552 1
12 3408 1
12 19938 1
12 5092 1
12 12625 1
12 10731 1
12 7660 1
12 7664 2
12 13821 1
13 12288 1
13 9729 1
13 18965 1
13 22551 1
13 12825 1
13 17435 1
13 9244 1
13 13854 1
13 15903 1
13 20519 1
13 1069 1
13 1074 1
13 12341 1
13 572 1
13 7520 1
13 15432 1
13 13388 1
13 13389 1
13 11343 1
13 592 1
13 2130 1
13 10323 1
13 9305 1
13 7778 1
13 10851 1
13 13412 1
13 15976 2
13 18364 1
13 13418 1
13 18030 1
13 14448 1
13 13937 1
13 6770 1
13 13428 1
13 635 1
13 1152 1
13 13445 1
13 4461 1
13 3220 1
13 4540 1
13 1369 1
13 10408 1
13 10410 1
13 15534 1
13 19124 2
13 8892 2
13 19133 1
13 703 1
13 11969 1
13 18114 1
13 20168 1
13 12663 1
13 13516 2
13 4303 1
13 3796 1
13 13026 1
13 21733 1
13 19174 1
13 12007 1
13 744 1
13 12013 1
13 7409 1
13 1280 1
13 17166 1
13 15119 1
13 21295 1
13 19740 1
13 15751 1
13 7471 1
13 15666 2
13 16695 1
13 833 1
13 21314 1
13 835 1
13 12110 2
13 5970 1
13 9047 1
13 21849 1
13 14686 1
13 1887 1
13 22368 2
13 19344 1
13 9069 5
13 9072 1
13 7537 1
13 15735 1
13 12153 1
13 17788 1
13 1918 2
13 16775 1
13 4496 1
13 11665 1
13 10051 1
13 15766 1
13 3991 1
13 13723 1
13 13730 1
13 6564 1
13 3493 1
13 12712 1
13 18857 1
13 7603 1
13 19900 1
13 4029 1
13 8641 1
13 19396 1
13 15818 1
13 4555 1
13 9167 3
13 9169 1
13 470 1
13 9691 1
13 14306 1
13 8421 2
13 15442 1
13 11760 1
13 10664 1
13 15273 1
13 10237 1
14 19460 1
14 13331 1
14 17070 1
14 9244 1
14 2310 1
14 21841 1
14 561 1
14 1074 2
14 16435 1
14 1590 1
14 13882 1
14 11846 1
14 11850 1
14 13389 1
14 10321 1
14 1627 1
14 15971 1
14 18022 1
14 21613 1
14 622 1
14 13425 1
14 633 1
14 11898 1
14 4221 2
14 14466 1
14 14469 1
14 18569 1
14 1167 1
14 2704 1
14 3220 1
14 8342 1
14 14488 1
14 21617 1
14 10408 1
14 20649 1
14 10410 1
14 15534 2
14 9391 1
14 10928 1
14 16049 1
14 13493 1
14 8375 1
14 22200 1
14 8892 1
14 19133 3
14 21696 1
14 22219 1
14 22232 1
14 10972 1
14 10975 1
14 10980 1
14 21733 1
14 6375 3
14 748 1
14 5876 1
14 15609 2
14 8449 1
14 4868 2
14 1798 1
14 4364 4
14 11992 1
14 6419 1
14 21784 1
14 7451 1
14 21276 1
14 798 1
14 1844 2
14 21304 1
14 21305 2
14 20285 1
14 6464 1
14 15170 1
14 6982 1
14 10571 1
14 4941 1
14 12110 1
14 8015 1
14 12625 2
14 14677 2
14 4438 2
14 9047 1
14 1889 1
14 15205 1
14 2407 1
14 9069 1
14 6000 1
14 5489 1
14 12663 1
14 1912 1
14 15225 1
14 5514 1
14 20366 1
14 4496 2
14 7571 1
14 3991 1
14 10657 1
14 15266 2
14 18851 1
14 13223 1
14 2990 1
14 7600 1
14 9139 1
14 18363 1
14 19900 1
14 8778 1
14 13763 1
14 19398 1
14 6561 1
14 20429 1
14 9167 2
14 11729 1
14 9170 1
14 2525 2
14 18911 1
14 4433 1
14 7147 1
14 11245 1
14 16882 1
14 12787 1
14 5627 1
14 15869 1
