1 20994 1
1 7686 1
1 7690 1
1 8726 1
1 7707 1
1 1564 3
1 15903 1
1 3112 1
1 15401 1
1 3629 1
1 22574 1
1 9169 1
1 1076 1
1 12341 1
1 1590 3
1 22071 1
1 6207 1
1 5186 1
1 18108 1
1 11341 1
1 21587 1
1 5717 1
1 13398 1
1 5207 1
1 6234 1
1 15963 1
1 22108 1
1 8797 1
1 8804 1
1 7782 1
1 15976 1
1 8809 1
1 13418 1
1 21613 1
1 13936 1
1 13937 4
1 21622 1
1 17016 1
1 13945 1
1 19900 1
1 21781 1
1 5764 1
1 15494 1
1 4235 1
1 7823 1
1 3217 1
1 21652 1
1 14489 2
1 9887 1
1 16547 1
1 9380 1
1 4263 1
1 22188 1
1 8989 1
1 20147 1
1 7348 1
1 13493 1
1 3258 1
1 18463 1
1 700 1
1 19133 1
1 6851 1
1 15045 1
1 10955 1
1 8913 1
1 18571 1
1 9167 2
1 10972 1
1 8421 3
1 9425 1
1 744 1
1 748 1
1 9171 1
1 11511 1
1 11007 1
1 4868 1
1 14088 1
1 18185 1
1 15119 1
1 6702 1
1 21782 2
1 2839 1
1 15128 1
1 2841 1
1 15642 1
1 3385 1
1 1827 1
1 804 1
1 3974 1
1 19238 1
1 16177 1
1 3894 1
1 21304 1
1 5433 1
1 17214 1
1 14475 2
1 7498 1
1 21305 1
1 12110 1
1 14677 1
1 5945 1
1 17242 1
1 18267 5
1 557 1
1 4960 1
1 1889 1
1 11665 2
1 13161 1
1 9069 2
1 13682 1
1 15225 1
1 8571 1
1 17788 1
1 21889 1
1 14725 1
1 8070 1
1 904 1
1 8079 1
1 11664 3
1 10641 1
1 22418 1
1 19347 2
1 3991 1
1 17312 1
1 13730 1
1 7077 1
1 7593 1
1 20882 1
1 433 1
1 9139 1
1 8636 1
1 15293 1
1 16831 1
1 15809 1
1 13255 1
1 13389 1
1 11729 1
1 7635 1
1 9691 1
1 10205 1
1 10206 2
1 7655 1
1 15338 1
1 10731 1
1 8175 1
1 15856 1
1 7154 1
1 12053 1
1 7160 1
1 6652 2
1 21845 1
2 12288 3
2 6146 1
2 19460 1
2 12805 1
2 11275 2
2 22032 1
2 4116 1
2 10264 1
2 24 2
2 16388 1
2 20519 1
2 1579 1
2 21552 1
2 8241 1
2 18995 1
2 1076 2
2 1590 2
2 568 1
2 4668 1
2 12354 1
2 15432 1
2 9294 1
2 591 1
2 1626 1
2 1627 1
2 7776 1
2 17424 1
2 16998 1
2 18023 1
2 15465 1
2 21613 1
2 13425 1
2 14970 1
2 6269 2
2 1152 1
2 1153 1
2 7303 1
2 7306 1
2 14475 1
2 2705 2
2 448 1
2 14489 2
2 14494 1
2 2207 1
2 13477 4
2 15532 1
2 9901 1
2 19124 2
2 19133 2
2 11724 1
2 11471 1
2 16592 1
2 8401 1
2 5331 2
2 3796 1
2 20695 5
2 22232 1
2 18128 1
2 7394 1
2 4836 1
2 5356 1
2 12013 1
2 11133 1
2 11511 1
2 5369 1
2 22571 2
2 8967 2
2 7432 1
2 4364 2
2 20237 1
2 15119 2
2 17169 1
2 17170 1
2 2326 1
2 2839 1
2 2841 4
2 18209 2
2 19238 1
2 5927 1
2 4231 1
2 18222 1
2 21305 2
2 7482 1
2 4417 1
2 16706 2
2 3907 1
2 17225 1
2 12625 1
2 15190 2
2 13658 1
2 19804 1
2 1379 1
2 15209 1
2 9069 7
2 9072 2
2 12147 1
2 20343 1
2 17788 1
2 7658 1
2 17790 1
2 9600 1
2 15751 1
2 904 1
2 8585 1
2 20882 2
2 3991 2
2 15777 2
2 4003 2
2 13242 1
2 6075 1
2 18876 2
2 22464 2
2 4033 1
2 18882 2
2 16835 2
2 16837 1
2 7110 1
2 11723 1
2 15820 1
2 9167 1
2 18424 1
2 19938 1
2 15338 1
2 8683 1
2 7660 1
2 5620 1
2 5110 1
2 8184 1
2 15866 1
2 6651 1
3 19460 1
3 16390 1
3 11273 1
3 13836 1
3 22032 2
3 22551 1
3 17435 1
3 18460 1
3 13854 1
3 6687 1
3 1069 1
3 18994 1
3 1076 1
3 12342 1
3 6713 1
3 6717 1
3 3651 1
3 15432 1
3 18364 1
3 588 1
3 591 1
3 10833 1
3 12670 1
3 13398 1
3 1626 1
3 13404 1
3 8720 1
3 11963 1
3 1124 1
3 19048 1
3 8636 2
3 4385 1
3 19060 2
3 13435 1
3 13950 2
3 13440 1
3 18050 1
3 2179 1
3 18052 1
3 7303 3
3 14475 3
3 8332 1
3 3636 1
3 7313 2
3 2706 1
3 2243 2
3 10900 1
3 6809 1
3 16539 1
3 13477 1
3 19626 1
3 22188 1
3 8989 1
3 20168 1
3 13490 1
3 19124 2
3 13493 2
3 22202 1
3 7455 1
3 19133 4
3 7870 1
3 21696 1
3 13507 1
3 13508 1
3 8993 1
3 14024 1
3 11979 1
3 8397 1
3 15566 1
3 10449 1
3 3796 1
3 10453 1
3 7897 1
3 10972 1
3 10974 1
3 13026 2
3 7396 1
3 4326 2
3 745 1
3 4846 1
3 8943 1
3 7550 1
3 10452 1
3 14082 2
3 4867 1
3 12550 1
3 3629 3
3 16662 1
3 18200 1
3 1305 1
3 1309 1
3 798 1
3 11039 1
3 800 1
3 7457 1
3 7559 1
3 7471 3
3 8502 1
3 21305 3
3 10555 1
3 3907 5
3 19766 1
3 18759 1
3 13129 1
3 12625 1
3 4579 2
3 11604 1
3 15190 1
3 22363 1
3 15209 1
3 9069 2
3 21613 1
3 2707 1
3 1918 2
3 15751 1
3 15754 1
3 10128 1
3 16273 1
3 917 1
3 3991 2
3 12189 1
3 14753 1
3 15273 1
3 19882 1
3 15794 1
3 13238 1
3 18876 2
3 22464 3
3 17484 1
3 12746 1
3 460 1
3 16333 1
3 13776 1
3 14807 3
3 9691 1
3 19938 1
3 10723 1
3 4587 1
3 13293 1
3 16367 1
3 20468 1
3 7670 1
3 15865 1
3 22442 1
4 12288 2
4 4779 1
4 19460 1
4 11273 1
4 22032 1
4 12825 1
4 17435 1
4 18460 1
4 6685 1
4 8804 1
4 7711 1
4 3621 2
4 18473 1
4 1068 2
4 3629 1
4 4142 1
4 7219 2
4 12852 1
4 7224 1
4 16442 1
4 3647 1
4 22368 2
4 10820 1
4 18505 1
4 8268 1
4 591 1
4 10973 1
4 9305 1
4 6345 1
4 8797 1
4 5732 1
4 18022 1
4 15976 1
4 20803 1
4 21613 1
4 6770 1
4 14969 1
4 14970 1
4 6269 1
4 4032 1
4 15494 1
4 18055 1
4 14473 1
4 14475 1
4 7319 1
4 6809 1
4 16539 1
4 12446 1
4 13508 1
4 17067 1
4 14509 1
4 11293 1
4 13488 1
4 4217 1
4 15548 1
4 19133 6
4 15551 1
4 22209 1
4 18114 1
4 14020 1
4 5445 1
4 18633 2
4 7889 1
4 3796 1
4 12503 3
4 22232 1
4 8826 1
4 1758 1
4 8741 1
4 21220 1
4 8421 1
4 7400 1
4 7401 1
4 12013 2
4 751 1
4 1264 1
4 21233 1
4 12670 1
4 1786 1
4 2310 1
4 17162 1
4 17163 1
4 1069 1
4 7952 1
4 11992 1
4 19732 1
4 16661 1
4 3353 1
4 18714 2
4 8482 1
4 11555 1
4 7463 1
4 10375 1
4 5934 1
4 7471 4
4 13316 1
4 21305 5
4 10975 1
4 20285 1
4 10049 1
4 15682 1
4 3907 1
4 3397 1
4 15177 2
4 17741 1
4 846 1
4 20303 1
4 3408 1
4 12625 2
4 10723 1
4 3413 1
4 4438 1
4 4440 1
4 18148 1
4 11104 1
4 15209 1
4 6511 2
4 5489 1
4 1917 1
4 1918 2
4 9600 1
4 1922 1
4 14725 1
4 3974 1
4 16775 1
4 10128 1
4 19347 1
4 10644 1
4 3991 2
4 16799 1
4 4000 1
4 6561 1
4 12200 1
4 18857 1
4 4011 1
4 18352 1
4 18865 1
4 15794 1
4 7603 1
4 436 1
4 10171 1
4 22464 1
4 15751 2
4 13767 1
4 11723 1
4 7637 2
4 14807 3
4 4568 1
4 15610 1
4 13819 1
4 20967 1
4 12778 1
4 8683 2
4 3060 1
4 503 1
4 11771 1
4 13821 1
5 12288 2
5 7691 1
5 2063 1
5 22551 2
5 3099 1
5 15903 2
5 7203 1
5 8236 1
5 3636 1
5 7224 1
5 11334 1
5 15432 1
5 12878 1
5 15441 1
5 2130 1
5 9817 1
5 12891 2
5 14324 1
5 18528 1
5 9831 1
5 13418 1
5 13428 1
5 7800 1
5 4221 1
5 5246 1
5 1152 1
5 653 1
5 19607 1
5 6927 1
5 10407 1
5 15528 1
5 4267 1
5 19124 1
5 5301 1
5 19133 2
5 20686 2
5 10963 1
5 10972 1
5 10973 1
5 7392 1
5 7401 1
5 746 1
5 7409 1
5 20722 1
5 14579 1
5 14584 1
5 11007 1
5 15618 1
5 4868 2
5 19718 1
5 7432 2
5 18185 1
5 15119 1
5 18197 1
5 14621 1
5 7471 1
5 1844 2
5 21305 1
5 3392 1
5 10464 1
5 12623 1
5 21841 1
5 8539 1
5 22368 1
5 9069 1
5 12151 1
5 1405 1
5 17794 1
5 9092 1
5 16775 3
5 3991 1
5 17312 1
5 15273 2
5 9145 1
5 1466 1
5 16831 1
5 7617 1
5 11714 1
5 13763 1
5 19396 1
5 15820 1
5 6622 1
5 14306 1
5 12625 1
5 8683 1
5 15442 1
5 11760 1
5 18420 1
5 3061 1
5 4603 1
5 15869 1
5 5119 1
6 16512 1
6 16513 1
6 7683 2
6 19718 1
6 519 1
6 14743 1
6 7570 1
6 2063 1
6 6416 1
6 1170 1
6 22551 4
6 15903 2
6 17312 1
6 17313 1
6 11684 1
6 7409 2
6 12200 1
6 15530 1
6 8236 1
6 11821 1
6 12360 2
6 51 1
6 3636 1
6 5301 2
6 2416 1
6 2105 1
6 58 1
6 8765 2
6 14389 1
6 64 1
6 19263 1
6 8770 1
6 12100 1
6 21189 1
6 11334 1
6 15432 2
6 17228 1
6 20686 4
6 12625 2
6 19124 1
6 4942 1
6 57 2
6 12891 9
6 7901 1
6 18548 2
6 10338 1
6 4603 1
6 7397 1
6 16363 1
6 22252 3
6 9069 1
6 13679 1
6 11760 1
6 20465 1
6 1266 2
6 10227 1
6 13428 1
6 1269 1
6 14584 1
6 505 1
6 7546 1
6 6651 1
6 1578 1
6 5246 1
6 11007 1
7 13440 1
7 12673 1
7 1922 1
7 7683 1
7 1798 1
7 22551 2
7 4364 1
7 17293 1
7 1167 1
7 22032 1
7 10264 1
7 1170 1
7 11760 1
7 14743 2
7 1560 1
7 13723 1
7 1564 1
7 15903 2
7 17312 3
7 14448 1
7 19619 1
7 11684 2
7 7409 2
7 3266 1
7 17067 1
7 11821 1
7 18222 1
7 1076 1
7 16695 1
7 21432 1
7 1844 1
7 58 2
7 6076 1
7 19133 1
7 19263 1
7 6080 1
7 11714 1
7 13763 1
7 3652 1
7 1733 1
7 19142 1
7 1633 1
7 12360 1
7 12746 1
7 13772 1
7 9167 2
7 12880 2
7 12625 1
7 8706 1
7 12891 3
7 15583 1
7 10593 1
7 13026 1
7 19939 1
7 8421 3
7 13937 1
7 14033 1
7 16363 1
7 22252 1
7 1069 1
7 2416 1
7 625 1
7 1266 2
7 1269 1
7 5623 1
7 7546 1
7 10731 1
8 12288 2
8 13060 1
8 12825 1
8 12835 2
8 19036 1
8 1069 1
8 12341 1
8 1590 1
8 19124 5
8 573 1
8 20542 1
8 579 1
8 18505 1
8 17484 1
8 15949 1
8 15952 2
8 13905 2
8 9305 1
8 22108 1
8 7776 1
8 2661 1
8 2663 1
8 7785 1
8 13418 1
8 11887 1
8 14448 2
8 6770 1
8 3190 1
8 15465 1
8 13445 1
8 7313 1
8 14488 1
8 20125 1
8 4267 1
8 7348 2
8 8375 1
8 19133 3
8 20168 5
8 7799 1
8 17106 1
8 10464 2
8 10465 2
8 13026 2
8 13027 1
8 8421 1
8 746 1
8 22252 3
8 12013 1
8 8943 2
8 20721 2
8 20722 2
8 15610 1
8 14081 1
8 4868 1
8 13073 1
8 2327 1
8 4381 1
8 18210 2
8 18222 1
8 21305 1
8 10051 1
8 8013 1
8 12625 1
8 13658 1
8 18267 1
8 7004 1
8 22368 1
8 7011 1
8 6717 1
8 2416 1
8 5490 1
8 7550 1
8 18818 3
8 11664 2
8 11672 2
8 11684 2
8 18853 1
8 12712 1
8 3497 1
8 16304 1
8 10680 1
8 10681 1
8 954 1
8 20418 1
8 19396 1
8 9167 1
8 7660 1
9 12288 3
9 8706 1
9 7686 1
9 18440 1
9 22030 2
9 17424 2
9 8215 1
9 10264 2
9 13060 1
9 17435 1
9 9247 1
9 20519 1
9 3112 1
9 22572 1
9 1069 1
9 6702 1
9 22575 1
9 20232 1
9 21043 1
9 3127 1
9 19124 1
9 3643 2
9 12354 1
9 8772 1
9 1094 1
9 17485 1
9 15439 1
9 15952 1
9 5717 1
9 1844 1
9 13400 1
9 8797 1
9 10337 1
9 13412 1
9 1639 1
9 5736 1
9 2153 1
9 18030 1
9 21617 1
9 7785 1
9 15491 1
9 13445 2
9 6791 1
9 14473 1
9 1163 2
9 9875 1
9 14996 1
9 12441 1
9 11931 1
9 2207 1
9 18592 1
9 16035 1
9 14621 1
9 17072 1
9 7348 1
9 17106 1
9 15036 1
9 19133 1
9 9919 1
9 11969 1
9 20169 1
9 13516 1
9 3277 1
9 20690 1
9 3796 1
9 20695 1
9 22232 1
9 12512 1
9 13026 2
9 8421 2
9 742 1
9 7633 1
9 10985 1
9 748 1
9 12013 1
9 17681 1
9 20721 1
9 1266 1
9 15102 1
9 14081 1
9 19716 1
9 19718 2
9 14088 2
9 20234 2
9 4364 1
9 10510 1
9 15119 1
9 13073 1
9 8979 1
9 20526 1
9 7451 1
9 8989 1
9 4382 1
9 1842 1
9 16175 1
9 15666 1
9 19251 1
9 5428 1
9 19254 1
9 16695 1
9 21305 1
9 539 1
9 833 1
9 15170 1
9 8502 1
9 18759 1
9 11600 1
9 21841 1
9 14677 3
9 4438 1
9 3641 1
9 8539 2
9 22364 1
9 21733 1
9 22368 1
9 4453 1
9 9959 1
9 3948 1
9 11632 1
9 13681 1
9 2399 1
9 20343 1
9 21652 1
9 3991 1
9 10464 2
9 17807 1
9 11664 1
9 11665 1
9 9622 1
9 12183 1
9 11672 1
9 13723 1
9 22437 1
9 20722 4
9 5551 1
9 10679 1
9 9145 1
9 19396 1
9 15820 1
9 4046 1
9 9167 2
9 15312 1
9 9169 1
9 9170 1
9 14291 1
9 10206 1
9 5089 1
9 5605 1
9 12625 2
9 10731 1
9 5629 1
9 12787 1
9 6652 1
9 15869 1
10 12288 1
10 13316 1
10 518 1
10 13832 1
10 19476 1
10 19675 1
10 19460 1
10 6687 1
10 21295 2
10 2594 1
10 11815 1
10 1068 1
10 21841 1
10 1076 1
10 17463 2
10 5935 1
10 3138 1
10 22198 1
10 13388 3
10 5716 2
10 719 1
10 10337 1
10 622 1
10 7471 2
10 6770 1
10 22133 1
10 6265 1
10 9398 1
10 13957 1
10 13969 1
10 9875 1
10 3220 1
10 14488 1
10 13979 1
10 16030 1
10 21664 1
10 10407 2
10 11434 1
10 6319 1
10 20150 1
10 15903 7
10 19133 1
10 703 1
10 21696 4
10 20165 1
10 13516 1
10 8514 1
10 9423 1
10 14037 1
10 18134 1
10 11992 1
10 7897 1
10 15567 1
10 10972 1
10 15581 2
10 10975 1
10 10464 1
10 7397 1
10 745 2
10 4647 1
10 15609 1
10 14088 1
10 8236 1
10 20234 1
10 4364 1
10 13069 1
10 5391 1
10 17170 1
10 10515 1
10 5909 1
10 15641 2
10 7451 1
10 8989 1
10 6943 1
10 18209 1
10 6947 2
10 6948 1
10 17706 4
10 2348 1
10 18222 1
10 16175 1
10 1842 1
10 12852 1
10 19263 1
10 15170 1
10 15184 1
10 12625 4
10 4438 1
10 6489 1
10 2394 2
10 1887 2
10 4451 1
10 20329 1
10 18282 1
10 8556 1
10 9072 1
10 5489 1
10 15508 1
10 7041 1
10 18818 1
10 21733 1
10 12164 1
10 16194 1
10 15763 1
10 8086 1
10 9623 1
10 11672 2
10 15266 1
10 11684 4
10 18853 1
10 9644 1
10 5551 1
10 12209 1
10 12446 1
10 22464 1
10 13763 1
10 4558 1
10 9167 3
10 10206 1
10 4433 1
10 7660 1
10 7664 1
10 16882 1
10 4597 1
10 1108 1
10 4090 2
10 15869 1
11 19460 2
11 6149 1
11 20999 1
11 9047 1
11 17424 4
11 3090 1
11 10259 1
11 10264 1
11 10265 1
11 4635 1
11 12317 1
11 15903 1
11 3106 1
11 3620 1
11 3621 1
11 10247 1
11 8236 1
11 3629 1
11 21841 2
11 4144 1
11 16435 1
11 7223 1
11 13880 1
11 15432 2
11 1099 1
11 590 1
11 15441 1
11 4691 1
11 5717 1
11 17494 1
11 9820 1
11 12897 1
11 10338 1
11 15971 1
11 13412 1
11 7785 2
11 6770 1
11 10857 1
11 6269 1
11 16661 1
11 15808 1
11 3203 1
11 13445 2
11 7303 1
11 1163 1
11 1167 1
11 13969 2
11 6292 1
11 14488 1
11 11931 1
11 14495 1
11 17066 1
11 17067 1
11 1138 1
11 16049 1
11 19595 1
11 6687 1
11 7868 1
11 19133 2
11 21696 1
11 20168 1
11 13514 1
11 18128 2
11 721 1
11 4306 1
11 10963 1
11 7380 1
11 10972 2
11 14046 1
11 7717 1
11 9424 1
11 7396 1
11 21733 2
11 745 1
11 5927 1
11 17140 1
11 16828 1
11 15617 1
11 4868 1
11 17163 1
11 4364 7
11 17169 2
11 18197 1
11 8988 1
11 4382 1
11 18208 1
11 4385 1
11 11555 1
11 10533 1
11 7463 1
11 21305 1
11 8508 1
11 833 1
11 4418 1
11 20803 1
11 17225 2
11 4432 2
11 12625 3
11 21842 1
11 2873 1
11 18148 1
11 18267 1
11 7888 1
11 2399 1
11 22368 1
11 1380 1
11 15205 1
11 6514 1
11 12663 2
11 3220 1
11 17788 1
11 8062 1
11 21891 1
11 1412 1
11 15751 1
11 5513 1
11 4491 1
11 4496 2
11 21912 1
11 4509 1
11 17823 1
11 20384 1
11 9121 1
11 9122 3
11 15784 1
11 15273 2
11 11193 1
11 19900 1
11 4031 2
11 22464 1
11 8641 1
11 11714 1
11 4547 1
11 17349 1
11 17350 1
11 13255 1
11 15266 2
11 9167 2
11 13776 1
11 7634 1
11 9684 1
11 10205 1
11 10206 1
11 19943 1
11 18922 1
11 18924 1
11 7160 1
11 6652 1
11 5629 1
12 19460 1
12 5638 1
12 7690 1
12 17424 1
12 4122 1
12 15903 1
12 11808 1
12 3621 1
12 12842 1
12 22571 2
12 15404 1
12 3629 1
12 16431 1
12 16434 1
12 1076 1
12 4665 1
12 573 1
12 3134 1
12 13888 1
12 1092 1
12 3141 1
12 1607 1
12 13388 1
12 13389 1
12 15439 1
12 10850 1
12 15971 2
12 15464 1
12 15976 1
12 1138 1
12 21619 1
12 10357 1
12 13445 1
12 4230 1
12 18055 1
12 19595 1
12 21647 1
12 12432 1
12 3217 2
12 1174 1
12 14488 1
12 7848 1
12 17066 1
12 12459 1
12 12465 1
12 19124 1
12 18101 1
12 3258 1
12 18975 1
12 19133 2
12 21696 1
12 21727 1
12 719 1
12 9425 1
12 13532 1
12 10975 1
12 9458 1
12 4364 4
12 12625 1
12 5391 1
12 18197 1
12 2327 1
12 4382 1
12 20256 1
12 646 1
12 22314 1
12 21295 1
12 15666 1
12 1844 2
12 2357 1
12 16694 1
12 21305 1
12 11999 1
12 5941 1
12 833 1
12 1163 1
12 6982 1
12 10206 1
12 17225 1
12 8013 2
12 4433 1
12 11603 2
12 9047 1
12 15706 1
12 2914 1
12 2915 1
12 15717 1
12 20329 2
12 487 1
12 15735 1
12 12670 1
12 7041 1
12 3974 1
12 15751 1
12 8079 1
12 20882 1
12 18837 1
12 17823 1
12 20384 1
12 14753 1
12 4013 1
12 22463 1
12 9167 1
12 9684 1
12 6622 1
12 13799 1
12 16366 1
12 12279 1
12 4602 1
13 12288 1
13 19460 1
13 19461 1
13 9227 1
13 12820 1
13 16302 1
13 10264 2
13 15903 3
13 3633 1
13 4665 1
13 15199 1
13 22198 1
13 1094 1
13 17484 1
13 13389 1
13 13398 1
13 22108 1
13 15548 1
13 12394 1
13 13421 1
13 19476 1
13 10876 1
13 18051 1
13 19588 1
13 14985 1
13 13451 1
13 17046 1
13 7831 1
13 15514 1
13 1179 1
13 10397 1
13 22188 1
13 1206 1
13 22200 1
13 6329 1
13 18975 1
13 8892 1
13 4472 1
13 10972 1
13 17123 1
13 4836 1
13 7397 1
13 7400 1
13 10989 1
13 14062 1
13 1454 1
13 3321 1
13 2310 1
13 17163 1
13 4364 1
13 15119 1
13 5910 1
13 7451 1
13 13611 1
13 18222 2
13 21295 1
13 1844 1
13 9527 2
13 5945 1
13 20285 1
13 1855 1
13 9536 1
13 22339 1
13 12625 2
13 4438 1
13 7481 1
13 13663 1
13 2915 2
13 1380 1
13 9069 1
13 13681 1
13 8568 1
13 1410 1
13 3974 1
13 15751 2
13 14743 1
13 7584 1
13 5029 1
13 18857 1
13 2990 1
13 15791 1
13 22463 1
13 13255 1
13 13388 1
13 13772 1
13 9167 1
13 19939 1
13 487 2
13 15849 1
13 15856 1
13 18420 1
13 5623 1
13 5625 2
13 15869 1
13 13822 1
14 12288 1
14 11777 1
14 1547 1
14 4636 1
14 22557 1
14 15903 3
14 19718 1
14 17016 1
14 1578 1
14 8747 1
14 3629 1
14 20014 3
14 8753 1
14 1074 1
14 3636 1
14 3130 1
14 13887 1
14 16961 1
14 15432 1
14 12878 1
14 9816 1
14 6244 1
14 13412 1
14 7785 1
14 13418 1
14 17005 1
14 10360 1
14 7801 1
14 646 1
14 18569 1
14 1163 2
14 7313 1
14 13979 1
14 12446 1
14 16544 1
14 17066 1
14 5301 2
14 19133 1
14 21696 1
14 10436 1
14 9425 1
14 7380 1
14 6361 1
14 10972 2
14 7904 1
14 13776 1
14 7401 1
14 1266 1
14 10485 1
14 14583 1
14 17657 1
14 11007 1
14 4868 2
14 2310 1
14 4364 1
14 18191 1
14 17681 1
14 16430 1
14 14618 1
14 7451 1
14 8479 1
14 6951 1
14 17706 1
14 11053 1
14 2352 1
14 1844 1
14 21305 1
14 4432 1
14 12625 2
14 19794 1
14 19796 1
14 14677 1
14 9046 1
14 6489 1
14 1887 1
14 22369 1
14 1379 1
14 9069 2
14 14703 1
14 12151 1
14 15736 1
14 8569 1
14 3647 1
14 17790 1
14 1922 1
14 16260 1
14 917 1
14 13723 1
14 12190 1
14 17312 1
14 6561 1
14 11684 1
14 20389 1
14 11703 1
14 9146 1
14 8636 1
14 18080 1
14 12746 1
14 7628 1
14 4557 1
14 9167 1
14 17360 1
14 7637 1
14 9687 1
14 11737 1
14 3408 1
14 18769 1
14 10218 1
14 15855 1
14 15856 2
14 20465 1
14 10227 1
14 14324 1
14 12790 1
14 11771 1
14 6652 2
14 15869 1
15 12673 1
15 2947 1
15 4868 1
15 16961 1
15 19595 1
15 20014 1
15 16663 1
15 13848 1
15 6938 1
15 20384 1
15 7457 1
15 7587 1
15 4263 1
15 15751 1
15 9901 1
15 16430 1
15 5551 1
15 17072 1
15 1847 1
15 9145 1
15 10171 1
15 15809 1
15 13515 1
15 8143 1
15 11600 1
15 12625 2
15 18267 1
15 8797 1
15 10832 1
15 15717 1
15 9425 1
15 19816 1
15 10219 1
15 11887 1
15 625 1
15 17788 1
