1 13316 1
1 599 1
1 17424 1
1 18862 1
1 10263 1
1 10264 1
1 17435 1
1 4638 1
1 17449 1
1 1074 1
1 18783 1
1 8764 1
1 8768 1
1 11850 1
1 1099 1
1 13388 3
1 13389 1
1 21586 2
1 21077 1
1 5207 1
1 8797 1
1 12816 1
1 7780 1
1 16998 1
1 19050 1
1 13937 2
1 22130 1
1 4217 1
1 15210 1
1 20095 1
1 15491 1
1 13456 1
1 13459 1
1 18080 1
1 673 1
1 4263 1
1 17066 2
1 17068 1
1 685 1
1 19124 1
1 8375 1
1 5818 1
1 6331 1
1 8892 1
1 19133 1
1 22209 1
1 7876 1
1 719 1
1 10453 1
1 16088 1
1 15579 1
1 21727 1
1 16103 1
1 16616 1
1 17134 1
1 18686 1
1 4868 2
1 19718 2
1 14088 2
1 4364 3
1 15117 2
1 7952 1
1 13077 1
1 15128 1
1 21295 1
1 17183 1
1 11995 1
1 19238 1
1 1833 1
1 5935 1
1 15666 2
1 17228 1
1 17229 1
1 12110 2
1 12625 1
1 9043 1
1 14677 1
1 9047 1
1 1370 1
1 1375 1
1 3426 1
1 17253 1
1 7530 1
1 13031 1
1 5996 1
1 9069 7
1 14707 1
1 18810 1
1 11645 1
1 1918 1
1 7049 1
1 8043 1
1 4497 1
1 19347 1
1 14743 1
1 10649 1
1 855 1
1 15266 1
1 12717 1
1 2990 2
1 7601 1
1 437 1
1 9145 1
1 6075 1
1 12734 1
1 15808 1
1 1696 1
1 13255 1
1 5576 1
1 15948 1
1 460 1
1 7633 1
1 9170 2
1 4056 1
1 15322 1
1 8012 1
1 5628 1
1 7660 1
1 493 1
1 339 1
1 6652 1
1 11946 1
1 19454 1
2 11779 1
2 2220 1
2 17424 1
2 7683 1
2 5142 1
2 9755 1
2 15903 3
2 16416 1
2 11817 1
2 11821 1
2 20014 1
2 8758 1
2 4156 1
2 8766 1
2 21055 1
2 12360 1
2 1099 1
2 13389 1
2 6741 1
2 5207 1
2 12897 1
2 15971 2
2 19556 1
2 15977 1
2 9326 1
2 10867 1
2 22133 3
2 13445 2
2 11918 1
2 679 1
2 20136 1
2 11946 1
2 15532 1
2 15534 1
2 19124 1
2 13493 1
2 9398 1
2 15548 2
2 14016 1
2 11461 1
2 11476 1
2 16092 1
2 21726 1
2 15584 1
2 7397 1
2 12010 2
2 11511 1
2 4868 2
2 15119 1
2 7952 1
2 2325 1
2 2328 1
2 18746 1
2 7485 1
2 22339 1
2 22342 1
2 13129 1
2 12110 2
2 12111 1
2 14677 3
2 3419 1
2 6458 2
2 22368 1
2 15206 1
2 360 1
2 4969 1
2 8043 1
2 9069 5
2 2416 1
2 7537 3
2 1918 2
2 1922 1
2 2947 1
2 10121 1
2 15754 2
2 7053 1
2 4496 1
2 17312 1
2 15266 2
2 18852 1
2 11176 1
2 15273 1
2 18862 1
2 1466 1
2 8641 1
2 19396 1
2 4037 1
2 13255 1
2 9167 1
2 16848 1
2 13778 1
2 14291 1
2 7638 1
2 6622 1
2 6630 1
2 19943 1
2 11760 1
2 1525 1
3 12288 1
3 7683 1
3 7684 1
3 7687 1
3 13832 1
3 20882 1
3 7178 2
3 22032 5
3 2065 1
3 15278 1
3 22551 2
3 22553 1
3 22557 1
3 6687 1
3 11305 2
3 20010 3
3 1067 1
3 1068 1
3 1074 2
3 20019 1
3 7220 1
3 6709 1
3 11835 1
3 13884 2
3 8765 1
3 3134 1
3 8771 1
3 8260 1
3 15432 1
3 74 1
3 1099 2
3 588 1
3 13389 1
3 5717 1
3 6244 1
3 18022 1
3 8209 1
3 15976 1
3 7785 1
3 13937 2
3 21107 1
3 13428 1
3 7799 1
3 635 1
3 10365 1
3 15488 1
3 641 1
3 18051 1
3 13445 1
3 6790 1
3 18055 1
3 13453 1
3 3636 1
3 17040 1
3 3221 1
3 10265 1
3 13979 1
3 16544 2
3 6000 1
3 16547 3
3 4263 1
3 10408 1
3 17067 1
3 22188 1
3 17069 2
3 3758 2
3 16049 1
3 5301 8
3 5304 1
3 18548 1
3 6844 1
3 13516 3
3 6865 1
3 6866 1
3 22232 1
3 17626 1
3 15579 1
3 10972 5
3 1760 2
3 20262 1
3 12008 2
3 12010 1
3 1266 1
3 18080 1
3 10495 1
3 1280 1
3 21888 1
3 7938 1
3 11307 1
3 4868 3
3 18181 1
3 14088 3
3 20012 1
3 4364 1
3 15119 2
3 18819 1
3 14725 1
3 21794 1
3 19238 1
3 17706 1
3 12589 1
3 7471 2
3 51 1
3 19764 1
3 2873 1
3 6459 1
3 16190 1
3 14668 1
3 12110 1
3 4432 1
3 21330 1
3 14677 1
3 3417 2
3 1167 1
3 22368 3
3 19817 1
3 17259 1
3 17260 1
3 17810 1
3 9583 1
3 15216 2
3 17265 1
3 15218 1
3 12663 2
3 7546 1
3 11708 1
3 7548 1
3 15232 1
3 13697 1
3 2947 1
3 2949 1
3 2445 1
3 17806 1
3 7570 1
3 409 1
3 11162 1
3 15772 1
3 4510 1
3 20384 1
3 18851 1
3 1959 1
3 19619 1
3 15790 1
3 12852 1
3 12209 1
3 20915 1
3 10678 1
3 22457 1
3 1466 2
3 7611 1
3 8636 1
3 22464 1
3 15809 1
3 13255 1
3 9167 1
3 17360 1
3 13778 1
3 9171 1
3 7638 1
3 16363 1
3 15528 1
3 3058 1
3 14324 3
3 5625 1
3 18426 1
3 5119 1
4 12288 1
4 8193 1
4 7684 6
4 7687 2
4 7688 1
4 5129 1
4 20494 1
4 22032 4
4 22551 1
4 13316 2
4 22557 3
4 9247 1
4 13345 1
4 1067 1
4 20018 1
4 20019 1
4 1076 1
4 6709 1
4 17464 1
4 8260 1
4 15432 1
4 1099 1
4 19534 1
4 15953 1
4 6741 1
4 15717 1
4 7776 1
4 22133 1
4 1140 1
4 6773 1
4 17017 1
4 13440 3
4 6786 1
4 13445 1
4 17544 1
4 10263 1
4 11714 1
4 1167 1
4 15512 3
4 6809 1
4 18287 1
4 156 2
4 19619 1
4 165 3
4 10407 1
4 15528 1
4 10409 2
4 17067 1
4 9245 1
4 5301 4
4 8379 1
4 8892 1
4 2677 1
4 21696 2
4 7878 1
4 3784 1
4 4818 4
4 18647 1
4 11992 1
4 10972 2
4 7917 1
4 14574 2
4 18671 1
4 3313 2
4 12018 1
4 14583 1
4 15609 1
4 1280 1
4 3329 2
4 2309 1
4 16647 1
4 18191 1
4 7952 1
4 8989 1
4 21794 1
4 3877 1
4 14119 1
4 6458 3
4 5466 3
4 15170 1
4 20803 1
4 14673 1
4 910 1
4 4438 1
4 6489 1
4 14682 2
4 3421 1
4 4453 1
4 6506 1
4 8043 2
4 364 1
4 9069 7
4 17263 1
4 2944 1
4 14725 2
4 3991 1
4 17293 1
4 20878 2
4 7055 2
4 153 2
4 11162 1
4 15772 1
4 17312 1
4 15266 1
4 6052 1
4 20389 1
4 2990 2
4 4016 2
4 11708 1
4 15298 3
4 1475 1
4 13255 1
4 9167 2
4 9169 1
4 9684 1
4 9686 1
4 12760 1
4 16804 1
4 4058 1
4 6622 1
4 18911 1
4 19943 1
4 679 1
4 494 1
4 10408 1
4 7154 1
4 14324 2
4 505 1
4 5119 1
5 12288 1
5 7683 1
5 13316 2
5 7687 1
5 5129 1
5 7180 1
5 12815 1
5 18962 1
5 22551 1
5 10264 1
5 10265 2
5 22571 1
5 16432 1
5 13884 1
5 3134 1
5 4161 1
5 12354 1
5 22086 1
5 12360 1
5 13903 1
5 6736 1
5 4177 1
5 21586 1
5 6741 4
5 15448 1
5 603 1
5 8797 1
5 17069 1
5 3171 1
5 21097 1
5 3943 2
5 10869 1
5 633 1
5 15997 1
5 5246 2
5 13961 2
5 7323 1
5 16543 1
5 12656 1
5 162 1
5 16548 1
5 167 1
5 10409 1
5 10922 1
5 4779 1
5 22188 1
5 9901 1
5 5301 1
5 12471 1
5 5818 1
5 8892 2
5 7870 1
5 14017 1
5 14019 1
5 718 1
5 18128 1
5 11992 1
5 10972 1
5 6372 1
5 10469 1
5 7399 1
5 5355 1
5 10365 1
5 7410 3
5 3324 1
5 11007 1
5 15403 1
5 14088 1
5 18185 1
5 4364 3
5 15119 1
5 7952 1
5 2834 1
5 18200 1
5 8992 1
5 14118 2
5 15660 1
5 7482 1
5 17211 1
5 10556 1
5 831 1
5 22341 1
5 17225 1
5 12625 1
5 2899 4
5 8164 1
5 2394 1
5 3421 1
5 16224 1
5 22369 2
5 11153 1
5 7684 2
5 15216 2
5 3954 1
5 12663 1
5 1918 1
5 16260 1
5 2949 1
5 4486 1
5 13193 2
5 3468 1
5 17293 1
5 10641 1
5 17810 1
5 22421 1
5 14743 1
5 4511 2
5 15856 2
5 18852 1
5 1976 1
5 1978 1
5 19900 1
5 11710 1
5 22464 1
5 7109 1
5 11737 1
5 19422 1
5 17892 1
5 12778 1
5 11760 1
5 5624 2
5 18426 1
5 5119 2
5 1466 2
6 7683 1
6 7684 2
6 12815 1
6 22032 1
6 20010 1
6 20012 1
6 22061 1
6 20014 1
6 16432 1
6 12343 1
6 11833 1
6 3647 1
6 13888 1
6 22369 2
6 12360 1
6 588 2
6 4177 1
6 15971 3
6 6741 3
6 19555 1
6 18022 2
6 22121 1
6 22123 1
6 21104 1
6 15476 1
6 10869 1
6 19900 1
6 6786 2
6 19588 1
6 6790 1
6 14985 1
6 17044 1
6 9887 1
6 16546 1
6 16547 1
6 164 1
6 680 1
6 11434 2
6 4779 1
6 22188 1
6 15534 1
6 12471 2
6 5818 1
6 8892 1
6 7870 1
6 7362 1
6 719 1
6 2770 1
6 15580 1
6 21727 1
6 740 1
6 16616 1
6 19693 1
6 17140 1
6 1918 1
6 5367 1
6 6918 1
6 14088 1
6 4364 3
6 11394 1
6 7463 1
6 2344 1
6 7471 1
6 5424 1
6 7477 1
6 8502 1
6 13632 1
6 20384 1
6 3408 1
6 12625 1
6 2899 2
6 4438 1
6 15713 1
6 2407 1
6 15724 1
6 9069 2
6 6002 1
6 12663 1
6 12670 1
6 19520 1
6 2442 2
6 3979 1
6 7055 1
6 16273 1
6 408 1
6 18841 1
6 8602 1
6 17312 3
6 4012 2
6 12717 1
6 7600 1
6 15432 1
6 5876 1
6 1466 2
6 8636 1
6 22464 1
6 16833 1
6 5570 1
6 16835 1
6 6732 1
6 10713 1
6 10206 1
6 19939 1
6 12778 1
6 15855 1
6 497 1
6 10410 1
7 14336 1
7 11777 1
7 4012 3
7 12 1
7 12973 1
7 2578 1
7 17939 1
7 2990 1
7 10263 1
7 10264 1
7 19716 1
7 11969 2
7 18978 1
7 15911 1
7 20010 7
7 775 1
7 1069 1
7 20014 2
7 9777 1
7 20018 1
7 20019 1
7 2102 1
7 1468 1
7 19006 1
7 12213 1
7 12354 1
7 16963 1
7 12897 1
7 11850 1
7 16055 1
7 6732 3
7 10830 1
7 11855 1
7 592 2
7 21586 3
7 11862 1
7 2648 1
7 18013 1
7 7952 2
7 15971 1
7 7780 1
7 15262 1
7 1639 1
7 19900 1
7 13937 1
7 22121 2
7 14969 1
7 4218 1
7 10365 3
7 18046 2
7 15808 1
7 12930 1
7 13443 1
7 6790 1
7 18055 1
7 22551 1
7 13969 1
7 2713 1
7 13979 1
7 9887 1
7 16544 1
7 10915 1
7 10408 1
7 4779 1
7 15532 1
7 685 1
7 15539 1
7 12471 1
7 8376 1
7 19133 1
7 14016 3
7 12481 2
7 15044 1
7 5838 1
7 18128 1
7 13532 1
7 16606 1
7 7402 1
7 20203 1
7 1440 1
7 12026 1
7 7039 1
7 15616 1
7 4868 1
7 17671 1
7 17162 1
7 3339 1
7 4364 1
7 8749 1
7 8976 1
7 8978 1
7 14100 1
7 8988 2
7 12067 1
7 2344 1
7 1835 1
7 2348 3
7 7471 1
7 17203 1
7 10555 1
7 1852 1
7 3978 1
7 831 1
7 13632 1
7 16193 1
7 19780 1
7 329 1
7 17229 1
7 12625 4
7 5460 1
7 22357 1
7 9046 2
7 9047 3
7 4440 1
7 2397 1
7 1374 1
7 16223 1
7 7520 1
7 3426 1
7 15717 1
7 16481 1
7 8040 1
7 15723 1
7 12663 5
7 8569 1
7 18810 1
7 7548 1
7 12670 1
7 18837 1
7 7044 1
7 10120 1
7 2442 3
7 4491 1
7 19348 1
7 19349 1
7 18841 1
7 8606 1
7 20384 2
7 16804 1
7 7596 1
7 16302 1
7 437 1
7 9033 1
7 15800 1
7 10684 1
7 22464 1
7 17312 2
7 13388 1
7 6989 1
7 8144 1
7 9170 1
7 16547 1
7 6622 1
7 21984 1
7 11771 1
7 8166 1
7 8167 1
7 7150 1
7 11760 3
7 7153 1
7 3058 1
7 17395 1
7 18772 1
7 4603 1
7 3580 1
7 13310 1
7 14677 2
8 12288 1
8 1562 1
8 8230 1
8 20519 2
8 4653 1
8 9264 1
8 16953 1
8 6732 2
8 12878 1
8 591 1
8 21586 2
8 13398 1
8 22119 1
8 21099 1
8 17012 1
8 20607 1
8 1668 1
8 13445 1
8 6790 1
8 6283 1
8 13452 1
8 19598 1
8 3228 1
8 673 1
8 1140 1
8 4290 2
8 1743 1
8 2259 1
8 6868 1
8 15574 1
8 20260 1
8 8421 1
8 7400 1
8 14569 1
8 10963 1
8 2297 1
8 14592 4
8 8449 2
8 15618 1
8 4867 1
8 19204 2
8 7432 2
8 15119 1
8 18209 1
8 17188 1
8 7463 1
8 5934 1
8 15666 2
8 1852 1
8 15499 1
8 16197 1
8 17223 1
8 16714 1
8 17229 1
8 9041 1
8 18772 1
8 21845 1
8 9047 2
8 7520 1
8 22369 1
8 2407 1
8 8569 1
8 7550 1
8 9092 1
8 7062 1
8 16775 2
8 907 1
8 10636 1
8 18837 1
8 19350 1
8 20384 1
8 6561 1
8 22437 1
8 7078 1
8 22442 1
8 16301 1
8 7095 1
8 20414 1
8 17996 1
8 9167 1
8 7634 1
8 9171 1
8 5969 1
8 8685 1
8 15855 1
8 12117 1
9 12288 2
9 11008 1
9 4617 1
9 12815 1
9 1562 1
9 15913 1
9 1578 1
9 1580 1
9 9264 1
9 7432 1
9 10803 1
9 12852 1
9 15113 1
9 16953 1
9 12354 2
9 1092 1
9 15432 1
9 12878 1
9 592 1
9 21586 4
9 15119 3
9 13404 1
9 19553 1
9 19556 1
9 11887 1
9 17012 1
9 6774 1
9 12961 1
9 4219 1
9 637 1
9 13445 2
9 18055 1
9 1674 1
9 14488 1
9 19098 1
9 16543 1
9 16544 1
9 4769 1
9 15523 1
9 17062 1
9 7537 1
9 14621 1
9 16049 1
9 11444 1
9 1140 1
9 4290 2
9 22220 1
9 719 2
9 1744 1
9 20690 1
9 7380 1
9 18646 1
9 15575 1
9 10973 1
9 4831 1
9 2273 1
9 8421 2
9 2278 1
9 12008 1
9 8425 3
9 16629 1
9 14592 1
9 8449 1
9 4867 3
9 4868 3
9 19718 1
9 14088 1
9 7433 5
9 19724 1
9 12559 1
9 786 1
9 15128 1
9 19740 1
9 8989 1
9 18207 1
9 18209 1
9 2344 1
9 11058 2
9 7472 1
9 15666 1
9 11059 1
9 8503 1
9 1338 1
9 16194 1
9 17225 1
9 12625 1
9 21330 1
9 12117 2
9 6489 1
9 15706 1
9 14469 1
9 22369 2
9 4452 1
9 7530 1
9 364 1
9 6000 1
9 13681 1
9 12147 1
9 12162 1
9 12165 1
9 9606 1
9 907 5
9 22082 1
9 22418 1
9 18837 1
9 8086 1
9 11672 3
9 18841 1
9 16799 1
9 20384 1
9 19879 1
9 15273 1
9 22442 1
9 15276 1
9 901 2
9 9145 2
9 9146 1
9 6047 1
9 11196 1
9 20927 1
9 22464 1
9 15776 1
9 13766 1
9 13255 2
9 5576 1
9 12747 1
9 15820 1
9 19938 1
9 13799 1
9 10407 1
9 15855 1
9 499 1
9 500 1
9 16373 1
9 8184 1
9 14677 1
10 12288 2
10 11008 4
10 12716 1
10 22032 3
10 1561 1
10 1562 1
10 9755 1
10 14876 1
10 1626 1
10 14367 1
10 1568 1
10 4000 1
10 4647 1
10 1576 1
10 8236 1
10 18483 2
10 12852 1
10 6711 1
10 20239 1
10 22082 2
10 20547 1
10 16968 1
10 2640 1
10 21586 2
10 15971 1
10 13398 1
10 602 1
10 8795 1
10 19549 1
10 3171 1
10 21606 1
10 18108 1
10 13418 2
10 13420 1
10 21617 1
10 15986 1
10 6773 1
10 3702 1
10 22121 1
10 17017 1
10 14462 1
10 11394 1
10 18051 1
10 6790 1
10 18055 1
10 14985 1
10 7825 1
10 19607 1
10 8857 1
10 16547 2
10 4267 1
10 15534 1
10 5149 1
10 4277 1
10 8892 1
10 1141 1
10 4290 7
10 15565 1
10 718 1
10 11471 1
10 8919 1
10 7897 1
10 10975 1
10 10469 1
10 3814 1
10 12008 2
10 15911 1
10 14592 1
10 15105 1
10 4867 1
10 4868 2
10 12673 1
10 14088 1
10 19721 1
10 20695 1
10 4364 1
10 4366 1
10 15119 2
10 7952 1
10 4886 1
10 22297 1
10 8988 1
10 18208 1
10 14116 1
10 6791 1
10 1837 1
10 1161 1
10 1076 1
10 15676 1
10 16194 1
10 16195 1
10 22340 1
10 17740 1
10 4432 1
10 12625 1
10 9047 1
10 15704 1
10 12121 1
10 15706 1
10 18267 1
10 4451 1
10 1681 1
10 1899 1
10 15216 1
10 17788 1
10 9600 1
10 7041 1
10 12162 1
10 12164 1
10 16773 1
10 4486 1
10 4489 1
10 906 1
10 907 1
10 11662 1
10 20519 1
10 11157 1
10 19350 1
10 7579 1
10 6045 1
10 15774 1
10 7584 1
10 15771 1
10 15273 1
10 22442 1
10 15276 1
10 19886 1
10 16304 1
10 15432 1
10 1458 1
10 11193 1
10 9662 1
10 22464 4
10 20384 1
10 10186 1
10 9167 2
10 3536 1
10 3541 1
10 10205 1
10 15838 1
10 15849 1
10 7660 1
10 11760 1
10 3058 1
10 13907 1
10 500 2
10 3061 1
10 15864 2
11 12288 2
11 11779 1
11 16902 1
11 7687 1
11 2220 1
11 12815 1
11 11792 1
11 11795 5
11 19478 1
11 22557 1
11 8236 1
11 12852 1
11 17996 1
11 591 1
11 21586 2
11 13398 1
11 13412 1
11 6823 1
11 1136 1
11 6770 2
11 1140 1
11 10871 3
11 633 1
11 9339 1
11 14462 1
11 13440 1
11 6790 1
11 648 1
11 7306 1
11 1163 1
11 2704 1
11 6801 1
11 13970 1
11 14448 3
11 11431 4
11 6824 2
11 6826 1
11 4267 1
11 22188 1
11 1710 3
11 18108 2
11 19133 1
11 11471 1
11 5840 1
11 19155 4
11 10453 1
11 12502 1
11 20695 1
11 1757 1
11 4834 3
11 7397 1
11 7399 1
11 7400 2
11 12018 1
11 20723 1
11 1747 1
11 11008 1
11 4867 1
11 19721 1
11 4364 1
11 783 1
11 5635 1
11 13585 1
11 13586 2
11 4886 11
11 20260 1
11 5929 1
11 14649 1
11 20794 1
11 4414 2
11 17223 1
11 4941 1
11 4942 1
11 20303 1
11 4944 1
11 12625 1
11 18267 3
11 22369 2
11 1380 1
11 8553 1
11 8569 1
11 8579 1
11 15752 1
11 8585 1
11 4496 1
11 16276 1
11 14743 1
11 15771 2
11 15774 1
11 3060 2
11 13778 1
11 15315 1
11 15838 1
11 1504 4
11 4263 1
11 3568 1
11 20468 1
11 15863 1
12 12288 4
12 15874 1
12 13316 2
12 12805 1
12 15532 1
12 6061 1
12 11795 6
12 4117 1
12 19478 2
12 6489 1
12 7707 1
12 11294 2
12 6687 1
12 16417 2
12 11815 1
12 22571 1
12 1074 1
12 12341 1
12 8758 1
12 8763 1
12 4156 1
12 13888 1
12 12354 1
12 16651 1
12 15432 1
12 21586 2
12 5718 1
12 19549 1
12 3175 1
12 3176 1
12 7785 1
12 22119 1
12 21103 1
12 13937 1
12 21618 1
12 1140 1
12 17016 1
12 4218 1
12 10472 1
12 18559 1
12 18051 1
12 11396 1
12 6790 1
12 16011 1
12 16012 1
12 16017 1
12 13970 3
12 5933 1
12 9755 1
12 11429 2
12 11431 6
12 6825 1
12 11436 1
12 17069 1
12 1710 1
12 16049 2
12 13969 2
12 20155 1
12 19133 2
12 9918 1
12 11460 1
12 11461 2
12 11471 1
12 18128 1
12 19155 2
12 10452 5
12 10453 1
12 5335 2
12 11992 1
12 1758 1
12 4831 3
12 10976 1
12 4834 1
12 10980 1
12 7400 1
12 9451 1
12 20723 1
12 11008 1
12 4867 2
12 4868 2
12 9687 2
12 4364 1
12 783 4
12 15491 1
12 13589 1
12 4886 8
12 17688 1
12 19737 1
12 7451 1
12 8988 2
12 8989 1
12 8993 1
12 5925 1
12 2344 1
12 12588 2
12 16434 1
12 5934 1
12 21305 1
12 20794 1
12 20284 1
12 831 1
12 16194 1
12 14475 1
12 9033 1
12 2274 1
12 3408 2
12 4433 1
12 1369 1
12 18267 1
12 12602 1
12 2407 1
12 360 1
12 10727 2
12 13681 1
12 13174 1
12 1918 3
12 1408 1
12 15751 1
12 10123 1
12 22418 1
12 4500 1
12 20384 1
12 18222 1
12 10667 1
12 4525 1
12 15279 1
12 11193 2
12 445 1
12 12734 2
12 22464 1
12 12746 1
12 460 1
12 16848 1
12 14802 1
12 10195 1
12 9684 1
12 14807 1
12 17881 1
12 4570 1
12 15838 1
12 12625 1
12 12779 1
12 15855 1
12 11760 2
12 14324 3
12 4085 1
12 4601 1
13 12288 1
13 8193 1
13 8195 1
13 19460 1
13 22188 2
13 17424 1
13 19476 1
13 19478 1
13 5149 1
13 1068 1
13 21553 1
13 12852 3
13 4151 1
13 11835 1
13 6216 1
13 15434 1
13 15435 1
13 4180 1
13 13398 2
13 5207 1
13 10256 1
13 15971 1
13 10857 1
13 13937 2
13 21106 1
13 18049 1
13 6275 1
13 18055 1
13 648 1
13 649 1
13 650 1
13 20112 1
13 3217 4
13 6290 1
13 3220 3
13 661 1
13 21142 1
13 13979 1
13 14492 1
13 13981 1
13 11436 1
13 6075 1
13 15128 4
13 2224 2
13 13493 1
13 16054 2
13 21948 1
13 700 1
13 7370 1
13 6847 1
13 11969 1
13 11461 1
13 13514 1
13 15567 1
13 19155 1
13 5337 1
13 1757 1
13 21727 1
13 16610 1
13 8422 1
13 5351 1
13 16850 1
13 20723 1
13 11008 1
13 14081 2
13 4868 2
13 19718 4
13 20232 1
13 16649 1
13 16651 1
13 7952 1
13 2834 1
13 2835 1
13 4886 10
13 18200 2
13 10011 1
13 8988 1
13 4894 1
13 20255 1
13 20256 1
13 2873 2
13 10975 2
13 16194 1
13 18287 2
13 22344 2
13 18185 1
13 7504 1
13 12625 1
13 9043 2
13 9047 1
13 6489 1
13 18267 2
13 1376 1
13 2407 1
13 14703 1
13 15216 1
13 13174 1
13 12816 1
13 19721 1
13 1918 1
13 2947 2
13 904 1
13 906 1
13 20290 1
13 19348 1
13 409 2
13 20384 1
13 22442 2
13 12716 1
13 15432 1
13 11195 1
13 11196 1
13 21949 1
13 22464 5
13 15776 1
13 1099 1
13 13255 1
13 13778 2
13 13781 1
13 22572 1
13 5618 1
13 6651 1
13 15869 1
14 12288 3
14 11265 1
14 1029 1
14 1030 1
14 8449 2
14 1544 1
14 13537 1
14 2063 1
14 22032 1
14 13331 3
14 8213 1
14 4635 1
14 22557 1
14 4638 1
14 4639 1
14 3621 1
14 11303 1
14 7217 1
14 1074 2
14 6197 1
14 22071 1
14 5181 1
14 22592 1
14 12354 1
14 15432 1
14 19019 1
14 588 1
14 12878 2
14 16978 1
14 13398 2
14 13912 1
14 18528 1
14 10340 1
14 20583 1
14 19050 1
14 21613 1
14 11887 1
14 21104 1
14 13937 1
14 4723 1
14 17012 1
14 14649 1
14 19072 1
14 11394 1
14 11396 1
14 659 1
14 17047 1
14 671 1
14 19619 1
14 11942 1
14 15528 2
14 1565 1
14 19634 1
14 5301 1
14 5304 2
14 7870 1
14 2239 1
14 22209 1
14 7878 1
14 3278 1
14 11471 1
14 17616 1
14 10452 2
14 10453 1
14 10454 1
14 11992 2
14 6875 1
14 10972 1
14 14047 1
14 9953 1
14 17637 1
14 742 1
14 8425 1
14 4647 1
14 20723 1
14 7413 1
14 18686 1
14 11008 2
14 14081 2
14 2306 1
14 15109 1
14 20744 1
14 4364 2
14 13954 1
14 12046 1
14 4886 1
14 2839 1
14 17688 1
14 10011 1
14 18210 2
14 12069 1
14 19238 1
14 5934 1
14 6622 2
14 2873 1
14 12602 1
14 1342 1
14 5120 1
14 12103 1
14 17227 1
14 6477 1
14 12625 1
14 12119 1
14 10080 1
14 22369 1
14 8422 1
14 8550 1
14 9069 1
14 9072 1
14 7537 1
14 1906 1
14 13180 1
14 9093 1
14 9608 1
14 10121 1
14 907 1
14 17818 1
14 8607 1
14 15266 2
14 22442 1
14 20915 1
14 2719 1
14 1980 1
14 1469 1
14 22464 1
14 16834 1
14 7110 1
14 13388 1
14 9122 1
14 9167 2
14 7633 1
14 7635 1
14 9174 1
14 11740 1
14 9171 1
14 3044 1
14 15855 1
14 14324 1
14 12343 1
15 12288 6
15 13832 1
15 13331 1
15 13334 1
15 10263 1
15 10264 1
15 4635 1
15 4640 1
15 1074 1
15 3641 1
15 20547 2
15 15432 1
15 13389 1
15 10832 1
15 18022 1
15 18023 1
15 21097 1
15 19050 1
15 19051 1
15 13937 1
15 17012 2
15 17016 1
15 4218 1
15 6790 1
15 7303 1
15 1167 2
15 3220 1
15 21142 1
15 21146 1
15 1179 1
15 674 1
15 19619 1
15 4263 1
15 15528 2
15 5301 1
15 5302 1
15 20155 1
15 19133 1
15 14016 1
15 22220 1
15 1743 1
15 8913 1
15 22229 1
15 15574 1
15 10972 1
15 7903 1
15 7397 1
15 6897 1
15 17661 1
15 11008 2
15 8449 1
15 4867 3
15 2310 1
15 4364 1
15 12046 1
15 7952 1
15 2834 1
15 18209 1
15 18210 3
15 2344 1
15 7471 1
15 15666 1
15 10206 1
15 20280 1
15 21305 1
15 16194 1
15 17291 1
15 22343 1
15 13129 1
15 9831 1
15 9047 1
15 6489 1
15 2394 1
15 4960 1
15 2407 1
15 873 2
15 12151 1
15 7550 1
15 2944 1
15 16775 1
15 907 2
15 11156 1
15 8086 1
15 2460 1
15 4000 1
15 9122 1
15 22442 1
15 12717 1
15 16302 1
15 12360 1
15 17225 1
15 500 1
15 11708 1
15 15808 1
15 20384 1
15 16834 2
15 13475 1
15 988 1
15 6622 1
15 13793 1
15 8188 1
15 10218 1
15 8685 1
15 14324 1
15 4602 1
15 14332 1
15 5118 1
16 518 1
16 7180 1
16 5139 1
16 9755 1
16 6693 1
16 8236 1
16 16430 1
16 11835 1
16 5692 1
16 3652 1
16 15432 1
16 11850 1
16 1099 1
16 21586 1
16 18023 1
16 3176 1
16 18030 1
16 1648 1
16 1728 1
16 18569 1
16 14475 1
16 2704 1
16 13457 1
16 18068 1
16 21142 1
16 6816 1
16 17435 2
16 13478 2
16 15532 1
16 9901 2
16 3758 1
16 9398 1
16 5303 1
16 14016 1
16 22209 1
16 9924 1
16 13089 1
16 5580 1
16 719 1
16 20695 1
16 22232 1
16 10973 3
16 9443 1
16 10468 1
16 22252 1
16 13778 1
16 8950 1
16 1280 1
16 7938 1
16 4868 2
16 14096 1
16 18209 1
16 2344 1
16 988 2
16 8491 1
16 815 1
16 15669 1
16 14649 1
16 18746 1
16 831 2
16 1163 1
16 19783 1
16 17229 1
16 17123 1
16 14677 4
16 6372 1
16 4240 1
16 4966 1
16 15209 1
16 3948 1
16 9069 4
16 10103 2
16 16774 1
16 15754 3
16 20366 1
16 4496 1
16 22426 1
16 20384 1
16 16804 1
16 4019 1
16 10678 1
16 10679 1
16 8180 1
16 15820 1
16 14285 1
16 14290 1
16 21980 1
16 6622 1
16 11760 1
16 500 1
16 4601 1
16 11771 1
16 6652 1
17 14592 1
17 8449 1
17 21122 1
17 4868 2
17 19094 1
17 12422 1
17 20232 1
17 1266 1
17 1163 1
17 1410 1
17 10727 1
17 10413 1
17 15376 1
17 17109 1
17 17219 1
17 11156 1
17 21142 1
17 7321 1
17 17305 1
17 21146 1
17 13723 1
17 17012 1
17 3674 1
17 13727 1
17 2464 2
17 22150 1
17 7848 1
17 1412 1
17 22571 1
17 22188 2
17 3629 1
17 16687 1
17 7216 1
17 14088 1
17 9269 1
17 12342 1
17 12471 1
17 5433 1
17 11708 2
17 12746 1
17 11710 1
17 14016 1
17 20384 1
17 17218 1
17 13451 1
17 5445 1
17 6732 2
17 13514 1
17 10679 1
17 588 1
17 4941 1
17 12878 1
17 13389 2
17 4433 1
17 9684 1
17 14677 1
17 9047 1
17 2394 1
17 12495 1
17 988 2
17 3954 1
17 20570 1
17 22368 1
17 22369 1
17 995 1
17 8421 1
17 19716 1
17 12625 1
17 15976 1
17 8425 1
17 2666 1
17 22119 1
17 13175 1
17 5489 1
17 21874 1
17 13459 1
17 13428 1
17 6773 1
17 10103 2
17 19347 1
17 14969 2
17 11771 1
17 4776 1
17 1578 1
17 14037 1
18 12288 3
18 19470 2
18 12815 1
18 22032 1
18 2578 2
18 22551 1
18 4121 1
18 1562 1
18 1578 2
18 8749 2
18 12852 1
18 12341 1
18 22074 1
18 3134 1
18 12354 1
18 8771 1
18 22602 1
18 588 1
18 12878 1
18 18004 1
18 5717 1
18 13398 1
18 16984 1
18 13914 1
18 20571 1
18 5051 2
18 19556 1
18 16998 1
18 3176 1
18 1980 1
18 13418 1
18 8300 3
18 4723 1
18 13428 5
18 13941 1
18 633 2
18 4732 1
18 3197 1
18 3199 2
18 12419 1
18 19588 1
18 13445 1
18 11398 1
18 1161 1
18 7306 1
18 14987 1
18 13453 1
18 19598 2
18 2196 1
18 19607 1
18 7322 1
18 18079 1
18 14704 1
18 13083 1
18 9895 1
18 15528 1
18 8376 1
18 8892 1
18 13516 1
18 17107 1
18 15574 1
18 20695 1
18 2278 1
18 17790 1
18 4868 1
18 13062 1
18 14088 2
18 18185 1
18 17162 1
18 4364 1
18 2873 1
18 15119 1
18 10011 1
18 2846 1
18 8993 1
18 9513 1
18 17706 1
18 12589 1
18 7982 1
18 14649 1
18 1342 1
18 17225 1
18 9043 1
18 5433 1
18 932 5
18 2913 1
18 2914 1
18 8556 2
18 14703 1
18 1904 1
18 7546 1
18 1918 1
18 1920 1
18 14722 1
18 16774 1
18 1415 1
18 22418 1
18 11156 1
18 17303 1
18 18841 1
18 20384 1
18 11684 1
18 16302 1
18 1972 1
18 5048 1
18 500 1
18 1466 1
18 14495 1
18 18364 2
18 445 1
18 11714 2
18 7110 1
18 12746 1
18 5581 1
18 14807 1
18 4516 1
18 18911 1
18 19424 1
18 4263 1
18 20465 1
18 14324 1
18 4090 1
18 17915 2
18 15869 1
19 12288 2
19 14592 1
19 13316 1
19 598 1
19 9047 1
19 7694 1
19 22032 1
19 2578 1
19 4115 1
19 10264 1
19 2820 1
19 1562 1
19 5210 1
19 15400 2
19 1578 3
19 15709 1
19 12343 1
19 13887 1
19 7237 1
19 13389 3
19 12878 1
19 595 1
19 18005 2
19 16470 1
19 10841 1
19 20570 1
19 16998 1
19 19050 1
19 21103 1
19 14448 1
19 13425 1
19 1140 1
19 10871 1
19 633 2
19 17019 1
19 20095 1
19 14465 1
19 6786 1
19 13444 1
19 13445 3
19 646 1
19 18055 1
19 5996 1
19 14987 2
19 19093 1
19 15000 1
19 7322 1
19 13981 1
19 12877 1
19 8357 1
19 8368 1
19 12466 1
19 13428 3
19 3258 1
19 4799 1
19 8899 1
19 18948 1
19 1744 1
19 1745 1
19 7379 1
19 19157 1
19 15579 1
19 8421 1
19 14033 1
19 5867 1
19 2289 1
19 11514 1
19 15616 1
19 4868 4
19 19718 1
19 2311 1
19 14088 3
19 18185 4
19 17163 1
19 4364 1
19 15119 3
19 21264 1
19 13073 1
19 8988 1
19 8993 1
19 16166 1
19 16175 1
19 1844 1
19 20277 1
19 10552 1
19 5433 2
19 20285 1
19 3392 1
19 12609 1
19 1163 1
19 9033 1
19 3127 1
19 14677 1
19 20281 2
19 14680 1
19 2394 1
19 18781 1
19 2279 2
19 16103 1
19 11628 1
19 7533 1
19 879 1
19 12656 1
19 7035 1
19 16252 1
19 17790 1
19 14724 1
19 20882 1
19 19347 1
19 11156 1
19 3991 1
19 3992 1
19 1947 1
19 931 5
19 20389 1
19 4011 1
19 22445 1
19 1972 1
19 949 1
19 9145 1
19 22463 1
19 22464 1
19 16322 1
19 12746 1
19 15820 1
19 1998 1
19 9167 2
19 9687 1
19 13723 1
19 10205 1
19 19939 1
19 19950 1
19 15856 1
19 1619 1
19 5625 1
19 6651 2
19 4092 1
19 15869 1
20 9600 1
20 13440 2
20 15874 1
20 7683 1
20 13445 2
20 5766 1
20 22188 1
20 15499 1
20 4364 1
20 20494 1
20 7405 1
20 22032 1
20 7570 1
20 13459 1
20 11760 1
20 20118 1
20 18199 1
20 13723 1
20 11935 1
20 801 1
20 21794 4
20 16804 1
20 683 1
20 12716 1
20 3629 1
20 20882 1
20 16850 1
20 7217 1
20 2873 1
20 13884 1
20 831 1
20 11714 1
20 11850 2
20 13516 1
20 13389 1
20 4818 1
20 2899 1
20 8079 1
20 2279 1
20 7016 1
20 1167 1
20 9069 1
20 14703 1
20 7408 1
20 13937 1
20 15218 1
20 1140 1
20 3064 1
20 11771 1
20 1918 1
20 5119 1
21 12288 4
21 5636 1
21 7690 1
21 10264 2
21 10265 1
21 4122 1
21 20519 1
21 16434 1
21 1076 1
21 12360 1
21 11850 2
21 11851 2
21 10324 1
21 13412 1
21 3175 1
21 5993 1
21 633 1
21 2173 1
21 3711 1
21 3203 1
21 13445 1
21 9863 1
21 12938 1
21 9867 1
21 20109 1
21 21648 1
21 15528 1
21 9394 1
21 12471 2
21 7867 1
21 13089 1
21 13516 3
21 6860 1
21 14033 1
21 14035 1
21 15575 1
21 14046 1
21 7392 1
21 20177 1
21 14081 1
21 14082 1
21 18185 5
21 12503 1
21 4364 2
21 15630 1
21 5391 1
21 7952 1
21 18197 1
21 16664 1
21 8989 1
21 21793 3
21 21794 1
21 15660 1
21 2351 2
21 20277 1
21 2873 1
21 20284 1
21 3395 4
21 7497 1
21 17227 1
21 4432 1
21 4438 2
21 17241 1
21 7010 1
21 7529 1
21 8556 1
21 5489 1
21 14707 1
21 6012 1
21 9086 1
21 2949 3
21 15751 1
21 22418 1
21 1947 1
21 4509 1
21 15774 1
21 4511 1
21 19879 1
21 4013 1
21 6066 1
21 22464 1
21 11714 1
21 5577 1
21 12746 1
21 9684 1
21 19950 1
21 16367 1
21 11760 2
21 10408 2
22 12288 2
22 7683 1
22 5636 2
22 7178 1
22 22032 1
22 2578 2
22 9237 1
22 10263 1
22 22557 3
22 18981 1
22 11307 1
22 20012 1
22 5687 1
22 2113 1
22 13389 1
22 20701 1
22 3171 1
22 18528 1
22 611 1
22 22121 1
22 11887 1
22 13937 1
22 4722 1
22 10365 1
22 20095 1
22 13445 1
22 22551 2
22 15508 2
22 3733 1
22 2715 1
22 9380 1
22 4263 2
22 4267 1
22 22188 1
22 11890 1
22 17071 1
22 5301 1
22 12471 2
22 8892 2
22 15567 1
22 1744 1
22 17107 1
22 22232 1
22 7897 1
22 6365 1
22 14118 1
22 2279 1
22 22252 1
22 1266 1
22 10996 1
22 15487 1
22 15616 1
22 14081 1
22 14088 1
22 3339 1
22 4364 1
22 10515 2
22 7960 2
22 6959 1
22 11909 1
22 21794 1
22 19238 3
22 13611 1
22 7471 1
22 15160 1
22 16190 1
22 12100 1
22 8006 1
22 12111 2
22 4432 1
22 14673 1
22 857 1
22 1370 1
22 15199 1
22 4960 1
22 8043 1
22 9069 2
22 6511 1
22 7536 1
22 7544 1
22 18809 2
22 6014 1
22 15232 1
22 897 1
22 8579 1
22 910 3
22 3991 1
22 5017 1
22 16804 2
22 15809 1
22 11714 1
22 13255 2
22 9167 1
22 9684 1
22 15317 1
22 20303 2
22 6622 1
22 12625 1
22 7155 1
22 5625 1
22 8188 1
22 15869 1
23 12805 1
23 22024 1
23 20494 1
23 22551 1
23 4123 1
23 15903 2
23 11814 1
23 1076 1
23 12341 1
23 16778 1
23 19520 1
23 12354 1
23 7749 1
23 8264 1
23 15434 1
23 13389 1
23 12397 1
23 11790 1
23 15976 1
23 22121 1
23 8810 1
23 20589 1
23 21103 1
23 14448 1
23 13937 3
23 4725 2
23 14970 1
23 13440 1
23 13957 1
23 18797 1
23 15508 1
23 5784 1
23 7321 1
23 21146 1
23 18592 1
23 8988 1
23 15534 1
23 7868 1
23 14016 1
23 720 1
23 5841 1
23 10452 1
23 14038 1
23 1754 1
23 12508 2
23 12510 1
23 22252 1
23 10492 1
23 18686 1
23 770 1
23 19716 1
23 15574 1
23 14088 1
23 6921 1
23 4364 1
23 15119 1
23 21264 1
23 17176 1
23 8474 1
23 7964 1
23 5929 1
23 18222 1
23 10555 1
23 6461 1
23 16705 1
23 17218 1
23 22344 1
23 17225 1
23 10573 1
23 4441 1
23 4448 1
23 1378 1
23 15717 1
23 5993 1
23 7018 1
23 364 2
23 9069 3
23 20851 1
23 19349 1
23 6532 1
23 9606 2
23 2442 1
23 3979 1
23 909 2
23 910 2
23 12688 1
23 15512 1
23 10644 1
23 11157 1
23 5017 1
23 14754 1
23 11684 1
23 13244 1
23 2990 3
23 5551 1
23 11193 1
23 1467 1
23 19900 1
23 11850 1
23 22464 1
23 19394 1
23 18423 1
23 9165 2
23 8153 1
23 20961 1
23 10214 1
23 16363 1
23 15855 1
23 16372 1
23 5623 1
23 15804 1
23 5119 1
24 9729 1
24 5635 1
24 6149 1
24 11787 1
24 22032 1
24 13334 1
24 22557 2
24 598 2
24 12342 1
24 5687 1
24 2113 1
24 8260 2
24 16966 1
24 22088 1
24 11850 1
24 13388 1
24 22100 1
24 17494 1
24 11963 1
24 7780 1
24 6760 1
24 21613 1
24 4219 1
24 17024 1
24 2582 1
24 1167 1
24 15508 1
24 3734 1
24 15512 2
24 154 1
24 7332 1
24 10408 1
24 20649 1
24 10410 1
24 19634 1
24 15539 1
24 22196 1
24 8378 1
24 7867 1
24 14019 1
24 13516 1
24 15567 1
24 4818 1
24 12508 1
24 2273 1
24 740 3
24 7397 1
24 744 1
24 5358 1
24 22255 1
24 10996 1
24 15609 1
24 19718 1
24 19725 1
24 7960 3
24 7471 2
24 7474 1
24 11066 1
24 12091 1
24 12100 1
24 13129 1
24 17227 1
24 9047 1
24 1370 1
24 16224 1
24 2407 1
24 9069 1
24 12665 1
24 7041 1
24 8579 1
24 14725 1
24 16774 1
24 909 2
24 910 1
24 21392 2
24 22418 1
24 11672 1
24 15261 1
24 16301 1
24 2990 1
24 4016 1
24 15808 3
24 11714 1
24 18373 1
24 9167 1
24 9684 1
24 18393 1
24 16347 1
24 4960 2
24 19939 1
24 13304 1
24 4601 1
24 4602 1
24 18940 1
25 12288 2
25 7680 1
25 6146 1
25 8196 1
25 4012 1
25 7690 1
25 15856 1
25 16409 1
25 22557 1
25 15903 1
25 1067 1
25 8236 1
25 20013 1
25 16430 1
25 16432 1
25 13389 1
25 21586 1
25 15971 1
25 10325 1
25 4695 1
25 3674 1
25 10339 1
25 18022 1
25 17000 1
25 18108 1
25 12394 1
25 4205 1
25 15976 4
25 6772 1
25 5993 1
25 14969 1
25 6268 1
25 6269 1
25 20607 1
25 3201 1
25 11398 1
25 18055 1
25 13453 1
25 5264 1
25 21653 1
25 19098 1
25 2204 1
25 9887 1
25 15521 1
25 20642 1
25 13477 1
25 4267 1
25 17012 1
25 8892 1
25 21696 1
25 15567 1
25 15574 2
25 12505 1
25 1758 1
25 21733 1
25 5864 1
25 13565 1
25 18686 1
25 15616 1
25 15216 1
25 22571 1
25 18181 1
25 14088 2
25 4364 3
25 901 1
25 17706 1
25 2348 1
25 7472 1
25 10545 2
25 1338 1
25 5437 1
25 1342 1
25 8552 1
25 8012 1
25 17229 1
25 2394 1
25 7016 1
25 13161 1
25 9069 1
25 10096 1
25 12663 1
25 2429 1
25 1919 1
25 2433 1
25 16260 1
25 14725 1
25 15754 3
25 1420 1
25 909 1
25 15763 1
25 10644 1
25 3992 1
25 20384 1
25 11760 1
25 15266 1
25 12716 1
25 4013 1
25 1459 1
25 20927 1
25 22464 1
25 4000 1
25 18373 1
25 13255 1
25 5576 1
25 463 1
25 9687 1
25 10205 1
25 18911 2
25 6000 1
25 16366 1
25 3568 1
25 15548 1
25 5374 1
25 13304 1
26 12288 4
26 17067 1
26 12815 1
26 12816 1
26 16409 4
26 10269 1
26 3629 1
26 1074 1
26 3641 1
26 16957 1
26 12354 1
26 7238 1
26 6732 1
26 13389 1
26 16998 1
26 18028 1
26 13937 1
26 21108 1
26 4725 1
26 4218 1
26 20607 1
26 2179 1
26 19588 1
26 13445 1
26 5766 1
26 13961 1
26 19595 2
26 13453 1
26 14992 1
26 6809 1
26 18079 1
26 672 1
26 4263 1
26 10408 1
26 10410 1
26 4267 1
26 19124 2
26 22198 1
26 12471 2
26 5816 2
26 19133 1
26 9918 1
26 7968 1
26 2243 1
26 15567 1
26 14033 1
26 4818 1
26 7380 1
26 18212 1
26 10972 1
26 1757 1
26 17630 1
26 10975 1
26 740 1
26 5866 1
26 21202 1
26 10495 1
26 1280 1
26 6917 1
26 2310 1
26 14088 2
26 4364 2
26 15119 1
26 2834 1
26 15641 1
26 15642 1
26 7963 1
26 17184 1
26 20260 3
26 6790 2
26 14119 1
26 11049 1
26 5934 1
26 5935 1
26 14985 1
26 11066 1
26 16701 1
26 19782 1
26 15688 2
26 17227 1
26 12111 1
26 3408 1
26 4434 1
26 16725 1
26 9047 1
26 6489 1
26 858 1
26 1374 1
26 17253 1
26 8043 4
26 9069 3
26 6000 1
26 21364 1
26 16252 1
26 18818 1
26 909 1
26 910 1
26 22418 2
26 11672 1
26 18841 1
26 4508 1
26 4509 1
26 16804 1
26 7396 1
26 4011 1
26 7604 1
26 18363 1
26 7614 1
26 4037 1
26 4038 1
26 13388 1
26 9167 1
26 9171 1
26 19422 1
26 4944 1
26 21617 1
26 21330 1
26 15856 1
26 16883 1
26 16374 1
26 17485 1
26 4601 2
26 11259 1
26 8188 1
27 12288 2
27 15532 1
27 7690 1
27 2578 1
27 11695 1
27 4647 2
27 1076 2
27 12345 1
27 8764 1
27 5195 1
27 13389 1
27 592 1
27 10325 1
27 8801 1
27 3171 1
27 16998 2
27 12390 1
27 3175 1
27 11708 1
27 12394 2
27 8300 2
27 15982 1
27 626 1
27 4214 1
27 5993 1
27 14978 1
27 13445 1
27 18540 1
27 4238 1
27 8336 1
27 21652 1
27 9887 1
27 20642 1
27 10407 1
27 11436 1
27 10939 1
27 19133 1
27 2243 1
27 3788 1
27 12495 1
27 6868 1
27 10454 1
27 11992 1
27 14047 1
27 4834 1
27 3324 1
27 19716 1
27 4822 1
27 775 1
27 14088 1
27 18185 2
27 4364 2
27 6786 1
27 21263 1
27 785 1
27 6421 1
27 2846 1
27 16680 1
27 3375 1
27 19764 1
27 9527 1
27 21305 1
27 16710 1
27 18766 1
27 11603 1
27 5433 1
27 4440 1
27 1369 1
27 16224 1
27 22369 1
27 21353 1
27 5996 2
27 11156 1
27 1412 1
27 10644 1
27 11157 1
27 3991 2
27 9626 1
27 13723 1
27 7584 2
27 4012 1
27 2990 3
27 15791 1
27 7600 1
27 18363 2
27 18364 1
27 1099 1
27 7110 1
27 9167 2
27 469 1
27 10205 1
27 19422 1
27 18911 1
27 12770 2
27 16315 1
27 500 1
28 19460 2
28 12815 1
28 12816 1
28 2582 1
28 13316 1
28 22557 1
28 15903 4
28 5667 1
28 6693 1
28 4647 3
28 22571 1
28 16431 1
28 10291 1
28 3127 1
28 16968 1
28 16457 1
28 6732 1
28 13389 2
28 590 1
28 21586 1
28 15448 1
28 16998 1
28 12391 1
28 2407 1
28 6773 1
28 4218 1
28 20095 1
28 4228 1
28 18055 1
28 8556 1
28 13451 1
28 14701 1
28 5264 2
28 3217 1
28 13459 1
28 672 1
28 3758 1
28 7880 1
28 19131 1
28 11969 1
28 2243 1
28 9928 1
28 13514 1
28 3788 3
28 3621 1
28 22375 1
28 18181 1
28 1754 1
28 9947 1
28 5852 1
28 4831 1
28 6372 1
28 4326 1
28 19694 1
28 16680 1
28 15676 1
28 7380 1
28 19710 1
28 4868 2
28 19717 1
28 17159 1
28 2348 2
28 13078 1
28 6938 1
28 8993 1
28 19238 1
28 5928 2
28 12508 1
28 12076 1
28 6446 1
28 2873 1
28 10555 3
28 8508 1
28 4000 1
28 6984 1
28 6986 1
28 20299 1
28 9043 1
28 12135 1
28 1852 1
28 364 1
28 9069 1
28 11632 1
28 4465 1
28 16754 1
28 1915 1
28 1918 3
28 7039 1
28 1414 1
28 11156 1
28 3991 2
28 21912 1
28 20384 1
28 14753 2
28 15266 1
28 18851 1
28 15271 1
28 7600 1
28 15432 1
28 17842 1
28 16831 1
28 22464 1
28 8641 1
28 11714 1
28 13255 2
28 9167 3
28 464 1
28 14290 1
28 7892 1
28 21980 1
28 1504 1
28 3058 1
28 5623 1
28 12360 1
28 5625 1
29 12288 1
29 15903 1
29 1067 1
29 7090 1
29 16431 1
29 1076 1
29 9269 1
29 8766 1
29 13887 1
29 7237 1
29 18505 1
29 588 1
29 13389 1
29 592 3
29 21586 1
29 595 1
29 598 1
29 602 1
29 22112 1
29 10857 1
29 1136 1
29 21617 1
29 4723 1
29 15996 1
29 15491 2
29 6790 1
29 6791 1
29 13452 1
29 4250 1
29 14495 1
29 17062 1
29 10408 1
29 20649 1
29 18975 1
29 19133 2
29 14019 1
29 11461 2
29 20686 1
29 11471 1
29 20690 1
29 3796 1
29 1743 1
29 15585 1
29 6375 1
29 5867 1
29 8449 1
29 19716 1
29 15113 1
29 4364 2
29 18714 1
29 4894 1
29 11049 1
29 15676 1
29 1856 1
29 8013 1
29 2899 1
29 14677 1
29 21848 1
29 861 2
29 3943 1
29 10044 2
29 8043 1
29 9069 1
29 9072 1
29 21875 1
29 4496 2
29 22418 1
29 3991 1
29 11672 1
29 14752 1
29 11760 2
29 18852 1
29 15794 1
29 435 1
29 7101 1
29 7104 4
29 17312 1
29 11724 1
29 7635 1
29 13793 1
29 13799 1
29 20560 1
29 6652 3
29 10219 1
29 15856 1
29 5623 2
29 15864 1
29 4604 1
30 12288 6
30 7680 1
30 7684 1
30 6149 1
30 12716 1
30 8320 3
30 3084 1
30 22032 1
30 1554 3
30 4116 2
30 9237 1
30 16197 1
30 15384 1
30 22553 1
30 4635 1
30 22557 3
30 19494 1
30 4647 3
30 15400 1
30 15402 1
30 1067 1
30 12333 1
30 3633 1
30 1074 1
30 19124 2
30 3131 1
30 12350 1
30 7237 1
30 22113 1
30 12360 1
30 2176 1
30 17484 5
30 11855 1
30 592 1
30 13905 1
30 21586 4
30 22100 4
30 603 1
30 22112 1
30 3088 2
30 9074 1
30 13412 1
30 18022 1
30 19048 1
30 15036 1
30 19055 1
30 21104 1
30 13425 2
30 14965 1
30 10359 1
30 10360 1
30 4218 1
30 3197 1
30 13952 1
30 16513 1
30 14466 1
30 4227 1
30 11909 1
30 11398 2
30 1163 2
30 9069 3
30 14993 2
30 18571 1
30 667 1
30 11049 1
30 15522 1
30 17435 3
30 13937 2
30 9901 1
30 15534 1
30 19634 1
30 7348 1
30 12471 2
30 13969 1
30 21692 1
30 19133 4
30 17093 1
30 13516 1
30 5838 1
30 7889 1
30 17106 2
30 3796 1
30 20695 1
30 22232 1
30 9434 1
30 7119 1
30 13532 1
30 19460 1
30 7903 1
30 13026 2
30 3811 1
30 7396 1
30 19716 1
30 11496 1
30 5867 3
30 14060 1
30 18158 1
30 20725 2
30 1833 2
30 5885 1
30 19201 1
30 4867 1
30 4868 1
30 162 1
30 14088 1
30 17162 1
30 3339 1
30 4364 3
30 1069 2
30 18051 1
30 6421 1
30 13078 1
30 18207 2
30 4384 1
30 18215 2
30 5928 1
30 5929 1
30 18222 1
30 815 1
30 5936 2
30 13704 1
30 15666 1
30 4574 1
30 21305 1
30 16778 1
30 6464 1
30 15681 3
30 16195 1
30 3397 1
30 6982 1
30 3915 3
30 19787 1
30 20303 1
30 13027 1
30 4438 1
30 6489 1
30 1370 1
30 16225 1
30 15714 1
30 1380 1
30 17253 1
30 3217 1
30 7530 1
30 20882 1
30 7537 3
30 6514 1
30 12816 2
30 12673 1
30 1922 1
30 10219 1
30 904 1
30 906 2
30 11662 1
30 11664 1
30 11665 1
30 22418 4
30 11156 1
30 3991 1
30 22426 1
30 14751 1
30 4000 2
30 15266 3
30 2179 1
30 10154 1
30 15276 1
30 15791 1
30 12212 1
30 3512 1
30 1467 1
30 11708 2
30 22464 1
30 20384 1
30 11083 1
30 1482 1
30 20429 1
30 4046 3
30 9167 1
30 8145 1
30 14290 1
30 10206 2
30 11856 1
30 19938 1
30 19939 1
30 17892 1
30 12265 1
30 10731 1
30 3055 2
30 8180 1
30 1525 1
30 11770 1
30 11259 2
31 19460 1
31 12815 1
31 12816 1
31 9234 1
31 14870 1
31 10264 1
31 17435 1
31 6687 1
31 1069 1
31 3127 1
31 6836 1
31 7236 1
31 7237 1
31 6732 1
31 10829 1
31 21586 2
31 22100 2
31 7777 1
31 18023 1
31 7868 1
31 14448 1
31 13425 1
31 19900 1
31 5760 1
31 14466 1
31 14469 1
31 20110 1
31 14994 1
31 9072 1
31 13474 1
31 7332 1
31 4774 1
31 10407 1
31 10410 1
31 15020 1
31 19124 1
31 16054 1
31 15548 1
31 2245 1
31 7880 1
31 3788 1
31 5840 1
31 4818 1
31 10973 1
31 21727 1
31 19680 1
31 6377 1
31 5867 3
31 19180 1
31 14081 2
31 4364 2
31 13073 1
31 21267 1
31 1839 1
31 18207 1
31 4385 1
31 19238 2
31 5927 1
31 7471 3
31 21310 1
31 6472 1
31 9033 1
31 4432 1
31 21841 1
31 18772 1
31 858 1
31 3937 1
31 8040 1
31 8043 1
31 364 1
31 9069 1
31 15216 1
31 6009 1
31 7041 1
31 1922 1
31 6023 1
31 2968 1
31 4509 1
31 15774 1
31 15266 2
31 22437 1
31 1467 1
31 8636 1
31 22464 1
31 7119 1
31 13778 1
31 9171 1
31 20389 1
31 4945 1
31 13288 1
31 20971 1
31 11259 1
31 5119 1
32 22464 1
32 18051 1
32 4868 1
32 13445 1
32 3206 1
32 1921 1
32 16776 1
32 18185 1
32 906 1
32 3991 1
32 4364 1
32 7565 1
32 12816 1
32 2834 1
32 13331 1
32 20398 1
32 10646 1
32 10263 1
32 14488 2
32 19716 1
32 6042 1
32 15772 1
32 15774 1
32 15903 2
32 4000 1
32 673 1
32 15266 1
32 18182 1
32 15575 1
32 4263 1
32 5928 1
32 11049 1
32 9458 1
32 16430 1
32 433 1
32 3641 2
32 19124 1
32 15817 1
32 10552 1
32 1076 1
32 1468 1
32 19900 1
32 16701 1
32 4230 1
32 19519 1
32 15808 1
32 1504 1
32 4290 1
32 6984 2
32 22220 1
32 11850 1
32 13516 1
32 15864 1
32 15534 1
32 1669 1
32 9145 1
32 9047 1
32 7897 1
32 10262 1
32 10975 1
32 16224 1
32 15824 1
32 19588 1
32 16998 1
32 2407 1
32 7016 1
32 20329 1
32 2582 1
32 8556 1
32 12397 2
32 19694 1
32 11760 1
32 4465 2
32 626 1
32 14088 1
32 18793 1
32 16120 3
32 16121 2
32 16252 1
32 7520 1
32 21617 1
33 22442 1
33 7300 1
33 13445 1
33 19718 1
33 22252 1
33 1674 1
33 14743 1
33 6413 1
33 15119 1
33 22032 1
33 13969 1
33 9458 1
33 13078 2
33 20119 1
33 21828 1
33 10410 1
33 15903 1
33 16545 1
33 15266 1
33 22186 2
33 14509 1
33 15534 1
33 19375 1
33 14128 1
33 10545 1
33 22067 1
33 19764 1
33 12471 1
33 11193 1
33 12514 1
33 12091 1
33 8892 2
33 12426 1
33 3134 1
33 1076 1
33 10348 1
33 11969 2
33 5398 1
33 12354 1
33 4038 1
33 6984 1
33 13516 1
33 8906 1
33 6732 2
33 11195 1
33 718 1
33 13389 1
33 592 1
33 15210 1
33 4818 3
33 14677 1
33 3676 1
33 10722 3
33 10555 2
33 8810 1
33 3948 1
33 12397 1
33 22126 1
33 11632 3
33 13937 1
33 22386 2
33 20343 1
33 16121 1
33 21311 1
33 2173 1
33 6910 1
33 14037 1
34 7680 1
34 15616 1
34 5635 1
34 7684 1
34 16901 1
34 6791 1
34 14088 1
34 18185 2
34 7690 1
34 1167 2
34 7952 1
34 15763 1
34 11156 2
34 14574 1
34 4886 1
34 151 1
34 18200 1
34 18841 1
34 13723 1
34 8989 2
34 13445 1
34 20384 1
34 11760 1
34 14882 1
34 8892 1
34 2596 1
34 679 1
34 15400 1
34 12481 1
34 683 2
34 1136 1
34 20142 1
34 22557 1
34 14128 1
34 20914 1
34 20277 1
34 10679 1
34 17072 1
34 21305 1
34 3258 1
34 16223 1
34 11708 1
34 19133 1
34 6773 1
34 18080 1
34 4606 1
34 967 1
34 13129 1
34 11851 1
34 588 1
34 12110 1
34 21586 1
34 10452 1
34 14677 1
34 4438 1
34 9047 1
34 4184 1
34 10468 1
34 20570 1
34 18267 1
34 2394 1
34 1639 1
34 11999 1
34 7520 1
34 19553 1
34 1380 1
34 3175 1
34 10473 1
34 15210 1
34 3943 1
34 17004 1
34 9069 2
34 17262 2
34 15855 1
34 21104 1
34 9074 1
34 9077 1
34 873 1
34 14881 1
34 11771 1
34 6652 1
34 11431 2
34 1918 1
34 10357 1
35 12673 1
35 15874 1
35 14088 5
35 2442 1
35 4364 1
35 13070 1
35 3217 1
35 13460 1
35 917 2
35 4441 1
35 14488 1
35 18460 1
35 13217 1
35 13218 1
35 16804 1
35 9637 1
35 19238 1
35 21295 1
35 1459 1
35 5434 1
35 19133 1
35 20286 1
35 14016 1
35 3424 1
35 9923 1
35 1092 1
35 718 1
35 15434 1
35 1099 1
35 6732 1
35 13389 1
35 12110 1
35 11471 1
35 12625 2
35 974 1
35 4438 1
35 857 1
35 3919 1
35 7776 1
35 22369 1
35 6375 1
35 7016 1
35 9069 1
35 11760 1
35 3176 1
35 12670 1
35 19582 1
35 7039 1
36 12288 2
36 831 1
36 14082 1
36 6787 1
36 13445 1
36 5119 1
36 3720 1
36 18185 5
36 4364 2
36 4944 1
36 2179 1
36 4116 1
36 18197 1
36 3392 1
36 1947 1
36 9245 1
36 13086 1
36 14495 1
36 20384 2
36 15856 1
36 8867 1
36 4902 1
36 4267 1
36 12805 1
36 18989 1
36 3886 2
36 5149 1
36 22088 1
36 20018 1
36 7584 1
36 3636 3
36 15774 1
36 8502 1
36 13129 1
36 19900 1
36 8765 1
36 21694 2
36 13884 1
36 14016 1
36 17312 1
36 2243 1
36 1270 1
36 3681 1
36 6984 1
36 13388 1
36 588 2
36 19149 1
36 5838 1
36 4432 1
36 4306 1
36 5459 1
36 7637 1
36 15432 4
36 861 1
36 3679 1
36 2273 1
36 11925 3
36 8421 1
36 3943 1
36 15676 1
36 7660 1
36 13778 1
36 17262 2
36 19056 1
36 7537 1
36 11603 1
36 11760 2
36 2166 1
36 6776 1
36 10644 1
36 122 1
36 16891 1
36 15229 1
36 8797 2
36 11007 1
37 12288 2
37 683 2
37 18948 1
37 13445 1
37 13958 1
37 15751 1
37 18185 2
37 13451 1
37 4364 1
37 14742 1
37 10128 1
37 18577 1
37 2578 1
37 3395 2
37 6804 1
37 6263 1
37 10262 1
37 3991 1
37 10265 1
37 13979 1
37 20384 1
37 673 1
37 9169 1
37 163 1
37 3220 1
37 19493 1
37 4267 1
37 12588 1
37 8749 1
37 2990 1
37 5853 1
37 15281 1
37 16434 1
37 1076 1
37 9398 2
37 1465 1
37 8763 1
37 4779 1
37 22464 1
37 4000 3
37 10306 1
37 20547 2
37 8758 2
37 22369 1
37 535 1
37 17612 1
37 11851 1
37 588 3
37 6989 1
37 6741 1
37 8144 1
37 15864 1
37 9555 1
37 19719 1
37 7637 1
37 7897 1
37 15577 1
37 3677 1
37 18528 1
37 15201 1
37 9606 1
37 9809 1
37 5993 1
37 4602 1
37 8043 3
37 16621 1
37 15869 1
37 4081 1
37 21619 1
37 19691 1
37 592 2
37 14969 1
37 4090 1
37 5755 1
37 8993 1
37 14718 1
37 12799 1
38 22571 1
38 20234 1
38 19595 1
38 6787 1
38 14495 1
38 16936 2
38 13481 1
38 683 1
38 2348 1
38 2990 1
38 2873 1
38 6733 1
38 9167 1
38 592 1
38 21727 1
38 19939 1
38 8556 1
38 9069 1
38 8180 1
38 15864 1
38 5625 1
38 12670 2
39 12288 1
39 12805 1
39 14593 1
39 17424 2
39 8726 1
39 22557 1
39 15903 1
39 1067 1
39 3629 1
39 3631 1
39 14896 1
39 1076 1
39 3641 1
39 8766 1
39 15937 1
39 15434 1
39 18023 1
39 592 1
39 8749 1
39 10342 1
39 1639 1
39 10857 1
39 22119 1
39 13937 1
39 1141 2
39 22463 2
39 18046 2
39 13440 1
39 7306 1
39 13452 2
39 5264 1
39 21654 1
39 11632 1
39 10011 1
39 20133 1
39 9383 1
39 13481 1
39 11946 1
39 15532 1
39 17069 1
39 5149 1
39 11952 1
39 17608 2
39 12471 2
39 6847 1
39 11969 1
39 6338 1
39 18632 1
39 11471 1
39 16092 2
39 7397 1
39 7463 1
39 13357 1
39 7537 1
39 18171 1
39 10357 1
39 1280 1
39 14081 2
39 2307 1
39 4868 2
39 19719 1
39 11564 1
39 9261 1
39 4884 1
39 7451 1
39 13085 1
39 20257 1
39 19238 1
39 2855 1
39 5929 1
39 12588 1
39 12081 1
39 15666 1
39 12089 1
39 18746 2
39 12091 1
39 15170 2
39 17740 1
39 14677 1
39 22369 1
39 4454 1
39 4969 1
39 5994 1
39 9069 1
39 21870 1
39 12656 1
39 2416 1
39 21878 2
39 12151 1
39 13177 1
39 4988 1
39 1408 2
39 1412 1
39 2439 1
39 9609 1
39 9122 1
39 5033 1
39 15276 1
39 19886 1
39 10679 1
39 12218 2
39 16319 1
39 19392 1
39 8641 1
39 11714 1
39 16545 1
39 15818 1
39 15820 1
39 17359 1
39 9684 1
39 20445 1
39 10720 1
39 4263 1
39 7148 1
39 7150 1
39 11760 2
39 7154 1
39 7160 1
39 9045 1
40 518 1
40 10262 1
40 10264 2
40 9247 1
40 6690 1
40 5638 1
40 8232 1
40 1067 1
40 9777 1
40 7222 1
40 5687 1
40 13376 1
40 22086 1
40 22088 1
40 11850 2
40 13388 1
40 592 2
40 21586 1
40 19555 1
40 10573 1
40 13404 1
40 7776 1
40 15971 2
40 18022 2
40 22119 1
40 6760 1
40 22121 1
40 18023 1
40 21617 1
40 22133 1
40 18049 1
40 19588 1
40 6790 1
40 6791 1
40 4238 1
40 3943 1
40 16020 1
40 21305 1
40 20632 1
40 16027 1
40 7324 1
40 18083 1
40 7332 1
40 4263 1
40 15534 1
40 8803 1
40 4277 1
40 11963 1
40 6844 1
40 19133 1
40 14016 1
40 11969 1
40 15554 1
40 10442 1
40 12663 1
40 18978 1
40 11471 1
40 9424 1
40 6867 1
40 22232 1
40 7897 1
40 9167 1
40 15584 1
40 6371 1
40 12007 1
40 745 1
40 5867 1
40 9458 1
40 4341 1
40 15616 2
40 4868 2
40 12076 1
40 17162 1
40 2873 1
40 13073 1
40 6419 1
40 13077 1
40 22295 2
40 15648 1
40 17185 1
40 8892 1
40 12585 1
40 2348 1
40 10553 1
40 10555 1
40 4576 1
40 20290 1
40 13635 1
40 22464 1
40 6474 1
40 6711 1
40 17229 1
40 4942 1
40 16719 1
40 21330 1
40 18772 2
40 14677 5
40 20311 1
40 1369 1
40 18267 2
40 22368 1
40 22369 1
40 16226 1
40 12091 1
40 358 1
40 2407 2
40 364 1
40 9069 1
40 10096 2
40 12151 1
40 3393 1
40 15752 1
40 5514 1
40 17293 2
40 22418 1
40 1945 1
40 20384 2
40 13979 2
40 8262 3
40 7081 1
40 16812 1
40 13745 1
40 15808 4
40 4941 1
40 8144 1
40 16850 1
40 4572 1
40 21984 1
40 19939 1
40 13799 1
40 12779 1
40 15855 1
40 11760 1
40 15857 1
40 7158 1
40 17399 1
40 4601 2
40 7162 1
40 18940 1
