1 16902 1
1 1545 1
1 17373 1
1 22032 1
1 17426 1
1 22551 1
1 11294 1
1 18975 1
1 6694 1
1 5553 1
1 1576 1
1 8236 1
1 22573 1
1 4019 1
1 12342 1
1 15432 1
1 11850 1
1 1099 1
1 8268 1
1 13389 1
1 12878 1
1 2640 1
1 16469 1
1 18013 1
1 19556 1
1 13937 1
1 626 1
1 15987 1
1 17016 1
1 13445 1
1 1167 1
1 19094 1
1 9887 1
1 15522 1
1 10408 1
1 10410 1
1 12461 1
1 3760 1
1 3258 1
1 18108 1
1 19133 1
1 20686 1
1 5838 1
1 3300 1
1 741 1
1 7409 1
1 15618 1
1 4868 1
1 18182 1
1 18185 1
1 4364 2
1 7952 1
1 16166 1
1 7463 2
1 1459 1
1 7471 1
1 1844 1
1 7478 1
1 21305 1
1 10555 1
1 13116 1
1 4418 1
1 17293 1
1 21841 1
1 14677 1
1 19172 1
1 4960 1
1 16226 1
1 2407 1
1 9069 1
1 11632 1
1 5489 1
1 16762 1
1 17790 1
1 13697 1
1 2947 1
1 1925 1
1 16774 1
1 909 1
1 19349 1
1 17312 1
1 15273 1
1 22442 1
1 2990 1
1 8623 1
1 433 1
1 20914 1
1 17331 1
1 21945 1
1 14495 1
1 11196 1
1 11711 1
1 15808 1
1 8145 1
1 9687 1
1 10205 1
1 10832 1
1 16363 1
1 680 1
1 8187 1
1 17066 1
1 5118 1
2 19968 1
2 12288 2
2 11273 1
2 22032 1
2 16302 1
2 1560 1
2 16132 1
2 14682 1
2 16414 2
2 4640 1
2 7203 1
2 6694 1
2 20519 2
2 18472 1
2 3626 1
2 8749 1
2 9810 1
2 9777 1
2 10292 1
2 13877 1
2 13833 1
2 16440 1
2 16441 1
2 3134 1
2 10303 1
2 4161 1
2 684 1
2 10436 1
2 4169 1
2 7755 1
2 12878 1
2 21586 1
2 595 1
2 7765 1
2 22617 1
2 7776 1
2 15632 1
2 8803 1
2 11708 1
2 13159 1
2 19565 1
2 11887 2
2 6090 1
2 13937 1
2 1141 1
2 7785 1
2 14970 1
2 7103 1
2 16508 1
2 6782 1
2 15637 1
2 4737 1
2 1668 1
2 6790 1
2 18569 1
2 13450 1
2 4235 1
2 15500 1
2 18882 2
2 1167 1
2 5264 1
2 10897 2
2 20114 1
2 13507 1
2 10900 1
2 7829 1
2 22167 1
2 5272 1
2 14489 1
2 21513 1
2 17053 1
2 5278 1
2 5798 1
2 15528 1
2 22188 2
2 18205 1
2 16049 1
2 1717 1
2 12471 2
2 4524 1
2 8892 2
2 19133 1
2 11969 1
2 2243 1
2 9924 1
2 569 1
2 20168 1
2 5321 1
2 16333 1
2 18128 1
2 4306 1
2 10452 1
2 14037 1
2 15574 1
2 6362 1
2 719 1
2 1246 1
2 10975 1
2 18144 1
2 15312 1
2 9442 1
2 741 1
2 16616 1
2 1257 1
2 8426 1
2 12089 1
2 21230 1
2 3313 1
2 1266 1
2 5368 1
2 13570 1
2 21251 1
2 4868 3
2 20236 1
2 15117 1
2 18200 1
2 7952 1
2 2323 1
2 16661 1
2 5400 1
2 8989 2
2 801 1
2 19238 1
2 16679 1
2 12076 1
2 18222 1
2 15666 1
2 11059 2
2 6622 1
2 21305 1
2 3386 1
2 4831 1
2 7485 1
2 21312 1
2 833 1
2 1163 3
2 20292 2
2 8518 1
2 6368 1
2 4425 1
2 8012 2
2 16205 1
2 10064 1
2 21845 1
2 4438 1
2 2873 1
2 4440 1
2 857 1
2 15706 1
2 17807 1
2 20794 1
2 21733 1
2 22368 1
2 1378 1
2 14993 1
2 5996 1
2 364 1
2 9069 2
2 12145 1
2 16754 1
2 20343 1
2 22204 1
2 19323 1
2 1917 1
2 19326 1
2 9600 1
2 8683 1
2 16260 1
2 16775 1
2 13195 1
2 10636 1
2 7055 3
2 16272 1
2 1938 1
2 917 1
2 5785 1
2 5020 1
2 13727 1
2 13216 1
2 9634 1
2 16804 2
2 5543 1
2 4520 1
2 4011 1
2 15276 1
2 7410 1
2 15278 1
2 3424 1
2 1460 1
2 10679 1
2 19386 1
2 7611 1
2 18876 3
2 20927 1
2 22464 1
2 20384 1
2 11714 1
2 17859 1
2 8694 1
2 14677 2
2 13767 1
2 9162 1
2 5069 3
2 5070 2
2 16848 1
2 18852 1
2 10510 1
2 10206 1
2 5089 1
2 14307 1
2 4580 1
2 10725 1
2 15850 1
2 7659 1
2 10221 1
2 7664 1
2 10408 1
2 3060 1
2 11254 1
2 4602 1
2 6652 1
2 12799 1
3 12288 1
3 11777 1
3 8195 2
3 12906 1
3 3073 1
3 18952 1
3 11273 1
3 10763 1
3 12 1
3 19469 1
3 22032 4
3 15448 1
3 5780 1
3 19715 1
3 17429 1
3 20503 1
3 13849 1
3 22557 1
3 18467 1
3 17067 1
3 3803 1
3 20519 1
3 15400 1
3 1578 1
3 22571 1
3 12334 1
3 14895 1
3 1074 1
3 17971 1
3 1076 1
3 7736 1
3 21051 1
3 8765 1
3 4161 1
3 8261 1
3 4166 1
3 15432 1
3 4364 1
3 15434 1
3 13388 3
3 13389 2
3 21586 1
3 4691 1
3 18004 1
3 5207 1
3 13912 1
3 10846 1
3 4590 1
3 15971 1
3 13412 1
3 2150 1
3 11708 1
3 13418 2
3 3943 1
3 17004 1
3 2578 1
3 21104 1
3 13937 1
3 7794 1
3 9892 1
3 13428 3
3 20244 1
3 9853 1
3 15486 1
3 4737 1
3 19588 1
3 13078 1
3 20103 1
3 16968 1
3 14985 1
3 13452 1
3 13453 2
3 19598 1
3 18200 1
3 2196 1
3 6809 1
3 1818 1
3 21957 1
3 10096 1
3 7451 2
3 9380 1
3 4263 1
3 10408 1
3 19113 1
3 3243 1
3 22188 1
3 5806 1
3 6685 1
3 19571 1
3 11448 1
3 13611 1
3 5818 1
3 6331 1
3 12746 1
3 12481 1
3 17602 1
3 6347 1
3 8397 1
3 15566 1
3 16333 1
3 18128 1
3 8401 1
3 12503 1
3 9432 1
3 11471 1
3 13022 1
3 4831 1
3 7397 1
3 4326 1
3 8913 1
3 5866 1
3 7917 1
3 9966 1
3 3197 1
3 22259 1
3 7680 1
3 2812 1
3 21757 1
3 17150 1
3 15317 1
3 11008 1
3 1281 1
3 2307 1
3 588 1
3 5388 1
3 14093 1
3 7952 1
3 20243 1
3 4884 1
3 4373 1
3 4886 1
3 5400 1
3 6938 1
3 4891 1
3 4382 1
3 20255 1
3 17184 1
3 7457 1
3 9506 1
3 20187 1
3 15653 1
3 16775 1
3 7471 1
3 1067 1
3 21299 1
3 7477 1
3 1161 1
3 1337 1
3 20447 1
3 19260 1
3 20286 1
3 320 1
3 21782 1
3 17225 2
3 15501 1
3 3408 1
3 14677 1
3 9558 1
3 9047 2
3 3928 1
3 5433 1
3 6496 1
3 22369 1
3 15202 1
3 19812 1
3 9361 1
3 8041 1
3 15216 2
3 14707 1
3 8568 1
3 10900 1
3 11645 1
3 7038 1
3 1408 1
3 14721 1
3 18818 1
3 19332 1
3 1926 1
3 1089 1
3 5000 1
3 17806 1
3 13293 1
3 11156 1
3 22510 1
3 17818 1
3 20891 1
3 13727 1
3 7584 1
3 6564 1
3 15276 1
3 15278 1
3 12153 1
3 18352 1
3 12360 1
3 19378 1
3 1464 1
3 13242 1
3 12716 1
3 18876 2
3 7613 1
3 14046 1
3 11714 1
3 19396 1
3 1989 1
3 16838 1
3 18376 1
3 6220 1
3 6090 1
3 5069 2
3 7635 1
3 18901 1
3 9687 1
3 20953 1
3 20442 1
3 12255 1
3 16366 1
3 10834 2
3 19438 1
3 4593 1
3 7155 1
3 18932 1
3 21396 1
3 6136 1
3 4602 1
3 15103 1
3 6652 1
3 15869 2
3 2559 1
4 12288 1
4 11008 2
4 13316 1
4 20998 1
4 8988 1
4 12296 2
4 11273 3
4 11787 1
4 17154 1
4 17983 1
4 17424 3
4 15448 1
4 14475 1
4 8214 1
4 19204 1
4 4635 1
4 11292 1
4 16414 1
4 9759 1
4 1571 2
4 2596 1
4 8229 1
4 6694 1
4 6833 1
4 8744 1
4 7209 1
4 22571 1
4 3629 2
4 6193 1
4 12852 5
4 4661 1
4 3127 1
4 17332 1
4 12345 1
4 8250 1
4 13883 1
4 10300 1
4 9791 1
4 1089 1
4 18955 1
4 21586 2
4 8261 1
4 15432 1
4 13803 1
4 588 1
4 9293 1
4 12878 1
4 20559 1
4 592 1
4 15442 1
4 20717 1
4 596 1
4 7765 1
4 7768 1
4 1115 1
4 8749 1
4 14307 1
4 18529 1
4 14437 3
4 2150 1
4 9831 4
4 20585 3
4 13418 1
4 22119 1
4 18028 1
4 17005 1
4 18030 1
4 14269 1
4 14448 1
4 13937 2
4 6770 1
4 17013 1
4 13161 1
4 7288 2
4 10873 1
4 15994 1
4 6994 1
4 19581 1
4 638 1
4 4885 1
4 4032 1
4 14978 1
4 18052 1
4 13445 2
4 6790 3
4 7303 1
4 136 1
4 18569 2
4 18571 1
4 13452 1
4 11714 1
4 4238 1
4 21613 1
4 10896 1
4 10897 2
4 10898 1
4 16579 1
4 10900 1
4 19605 1
4 14019 1
4 12446 1
4 7458 1
4 12625 2
4 19056 1
4 7451 1
4 8274 1
4 13477 1
4 13478 3
4 4263 2
4 5801 1
4 22188 5
4 626 1
4 13357 2
4 17352 1
4 3641 1
4 20147 1
4 19126 1
4 20151 1
4 16049 1
4 3259 1
4 8892 1
4 19133 1
4 1141 2
4 14016 3
4 11969 2
4 9922 1
4 2243 1
4 9924 5
4 18022 2
4 10441 1
4 12151 1
4 4301 1
4 4303 1
4 8913 1
4 1235 1
4 10452 1
4 5070 1
4 12502 1
4 11480 1
4 18042 1
4 10975 3
4 21730 1
4 18148 1
4 5861 1
4 2279 2
4 7400 1
4 6377 1
4 4647 1
4 13548 1
4 6381 2
4 15400 2
4 1440 1
4 10878 2
4 5371 1
4 14592 7
4 15618 1
4 14595 1
4 4868 2
4 4310 1
4 19718 1
4 12673 1
4 7101 1
4 4364 2
4 2873 1
4 18200 2
4 15119 1
4 14096 1
4 18705 1
4 2834 1
4 4884 1
4 13077 1
4 16662 1
4 5911 1
4 17688 2
4 4484 1
4 17179 1
4 7799 1
4 8425 1
4 8479 1
4 18209 1
4 16223 1
4 1827 1
4 17188 1
4 1670 2
4 19238 1
4 9265 1
4 9232 1
4 7085 1
4 12076 1
4 4579 1
4 17200 1
4 11059 1
4 137 1
4 21305 2
4 4831 1
4 20284 1
4 15754 1
4 831 1
4 15170 1
4 20384 2
4 22340 1
4 5446 1
4 16865 1
4 3468 2
4 14724 1
4 12343 1
4 17228 1
4 4237 1
4 3408 1
4 21841 2
4 17234 1
4 2387 1
4 14677 5
4 19286 2
4 16441 1
4 19598 1
4 18779 1
4 13507 1
4 12747 1
4 1375 1
4 22369 1
4 19122 1
4 4497 1
4 18793 2
4 22032 3
4 5996 1
4 9069 7
4 9836 1
4 10096 2
4 18289 1
4 3954 1
4 9875 1
4 9873 1
4 4469 1
4 12816 1
4 10985 1
4 12153 1
4 1257 1
4 7081 1
4 9727 1
4 1918 1
4 1921 1
4 2947 1
4 12164 1
4 918 1
4 13704 1
4 22252 1
4 906 1
4 10123 1
4 17292 1
4 18460 1
4 7055 2
4 8592 1
4 16785 1
4 1938 1
4 6036 1
4 6037 1
4 8086 2
4 3991 1
4 4504 1
4 7065 2
4 7069 2
4 15774 2
4 1439 1
4 7584 2
4 9121 1
4 16804 2
4 1445 1
4 15273 4
4 15275 1
4 19373 1
4 8180 1
4 7092 1
4 11193 1
4 18876 4
4 3517 1
4 21438 1
4 7103 1
4 22464 4
4 13761 1
4 18882 3
4 13763 2
4 18376 1
4 15817 1
4 1482 2
4 20787 1
4 5069 10
4 12750 1
4 19408 1
4 13778 1
4 4601 1
4 18904 1
4 21468 1
4 21981 1
4 10206 1
4 7057 1
4 15696 1
4 19938 1
4 17659 1
4 21164 1
4 10725 1
4 4070 1
4 10727 1
4 15850 1
4 17899 1
4 7660 1
4 10834 1
4 4590 1
4 3568 1
4 497 1
4 9202 1
4 3060 1
4 16375 1
4 18424 1
4 6137 1
4 4602 2
4 12799 1
4 6652 5
4 16893 1
4 21617 1
4 3583 1
5 5248 1
5 11398 1
5 14088 1
5 5513 1
5 4364 2
5 17806 1
5 4879 1
5 17424 1
5 17041 1
5 11672 1
5 5551 2
5 17181 1
5 16414 1
5 21957 1
5 15777 1
5 2596 1
5 6694 1
5 17016 1
5 1067 1
5 8236 1
5 7471 1
5 16816 1
5 15774 1
5 8503 1
5 21305 2
5 20794 1
5 9887 1
5 18108 1
5 19133 2
5 12736 1
5 4290 1
5 246 1
5 1482 1
5 17996 1
5 5069 4
5 5070 1
5 592 1
5 7889 1
5 22354 1
5 14677 1
5 20953 1
5 18876 1
5 22108 1
5 6652 1
5 18144 1
5 9638 1
5 721 1
5 5864 1
5 8636 1
5 5354 1
5 14495 1
5 9069 4
5 7663 1
5 11762 1
5 11273 3
5 13558 1
5 8425 1
5 15096 1
5 17148 1
5 13418 1
5 1918 1
5 10453 1
6 12288 1
6 12296 4
6 11273 4
6 22032 1
6 8536 1
6 16816 1
6 4647 2
6 11817 1
6 11821 1
6 8797 1
6 17170 1
6 3134 1
6 13889 1
6 22082 3
6 7236 1
6 15432 1
6 588 1
6 12880 1
6 21586 1
6 15448 2
6 1114 1
6 603 1
6 18525 1
6 20065 1
6 16997 1
6 3688 1
6 7785 1
6 13418 1
6 10861 1
6 1469 1
6 21617 1
6 6770 1
6 1141 1
6 7287 1
6 17016 1
6 6269 1
6 5246 2
6 3201 1
6 12930 6
6 13445 1
6 1670 1
6 4746 1
6 7329 1
6 5552 1
6 14508 2
6 19124 1
6 1720 1
6 10939 1
6 8892 3
6 19133 6
6 4831 1
6 10943 1
6 14017 1
6 2243 1
6 11461 1
6 5838 1
6 3282 1
6 2772 1
6 16078 1
6 4315 1
6 13532 1
6 9951 1
6 20195 1
6 8425 2
6 1258 1
6 4335 1
6 17148 4
6 17149 1
6 4867 1
6 20232 2
6 18185 1
6 20235 1
6 20237 1
6 4879 1
6 20242 2
6 16663 1
6 17688 1
6 8989 1
6 8993 1
6 20260 1
6 11398 2
6 18222 1
6 8503 1
6 21305 5
6 10975 1
6 5347 1
6 13648 1
6 12625 1
6 22354 2
6 6995 1
6 11604 1
6 14677 1
6 7481 1
6 22360 1
6 16224 1
6 5988 1
6 5994 2
6 9069 5
6 7537 1
6 1908 1
6 1257 1
6 13689 1
6 1918 1
6 22401 3
6 13187 1
6 16775 1
6 8585 2
6 13890 1
6 20882 1
6 5529 1
6 11672 1
6 1092 1
6 7584 1
6 9638 2
6 5551 3
6 7600 1
6 18865 1
6 1467 1
6 18876 2
6 4029 1
6 4030 1
6 4032 2
6 18882 5
6 6088 1
6 1482 3
6 15820 1
6 5069 1
6 8660 1
6 14307 1
6 494 1
6 10225 1
6 3058 1
6 4599 1
6 18424 1
7 4608 1
7 12288 1
7 17424 1
7 2055 1
7 3593 1
7 22032 6
7 4115 2
7 137 2
7 3332 1
7 1564 1
7 11293 1
7 14427 1
7 3621 1
7 11815 1
7 1578 1
7 8747 1
7 17968 1
7 16434 1
7 12852 1
7 12341 1
7 19124 2
7 1076 1
7 3168 1
7 1092 1
7 268 1
7 9803 1
7 588 3
7 13901 1
7 8272 1
7 10834 1
7 13398 1
7 15448 1
7 603 1
7 20064 1
7 12816 1
7 15971 1
7 10340 1
7 9050 1
7 6076 1
7 3182 1
7 21617 1
7 21618 1
7 10360 3
7 633 1
7 5246 2
7 3201 1
7 132 1
7 9351 1
7 18569 1
7 1163 1
7 9875 1
7 16695 1
7 14489 1
7 7110 1
7 10408 1
7 6770 1
7 17225 1
7 17181 1
7 16564 1
7 13493 1
7 13497 1
7 19133 4
7 15550 1
7 14016 1
7 13507 2
7 13508 3
7 17612 1
7 10701 1
7 8568 1
7 3796 3
7 17629 1
7 21727 1
7 5347 3
7 1766 1
7 8425 1
7 15594 1
7 1261 1
7 20692 1
7 17148 3
7 11008 1
7 8449 1
7 17154 1
7 4868 1
7 4364 2
7 10114 1
7 271 1
7 2323 1
7 21782 1
7 17688 1
7 17177 1
7 6938 1
7 8989 1
7 17996 1
7 16169 1
7 11053 1
7 5934 1
7 7471 1
7 1843 1
7 8502 1
7 8503 1
7 21305 3
7 15593 2
7 5259 1
7 15177 1
7 843 1
7 12625 1
7 15190 1
7 13658 1
7 15590 1
7 5995 1
7 9069 1
7 9072 2
7 19316 1
7 20343 2
7 13688 1
7 5354 1
7 4326 1
7 1922 1
7 16775 2
7 5517 1
7 12013 1
7 10130 1
7 10646 1
7 7578 1
7 15774 1
7 7584 1
7 15856 1
7 4276 1
7 18853 1
7 422 1
7 15273 1
7 12716 2
7 3058 2
7 18862 1
7 5551 1
7 7600 1
7 7089 2
7 18505 1
7 9145 1
7 18876 2
7 1469 1
7 21953 3
7 18882 1
7 21958 1
7 13388 1
7 1482 8
7 5069 2
7 14592 1
7 19408 1
7 10705 1
7 13778 1
7 7635 3
7 5591 1
7 6622 1
7 13800 1
7 2541 2
7 8268 1
7 4593 1
7 7154 1
7 3060 1
7 501 1
7 503 2
7 6652 1
7 15869 1
7 12799 1
8 11008 1
8 22529 1
8 18155 1
8 20485 1
8 12 1
8 16141 1
8 6773 1
8 22032 1
8 8579 1
8 2196 2
8 20117 2
8 21782 4
8 1944 3
8 21403 1
8 13724 1
8 2589 1
8 9887 1
8 17312 2
8 11811 1
8 5157 2
8 13425 1
8 1449 1
8 8236 1
8 12973 1
8 18352 1
8 17996 1
8 3892 1
8 22581 1
8 15818 1
8 5433 1
8 5050 1
8 8379 1
8 18364 1
8 15434 1
8 2239 1
8 14560 1
8 4678 3
8 10360 1
8 13516 1
8 12746 1
8 11979 1
8 15948 1
8 20303 1
8 12624 2
8 11985 1
8 13138 2
8 3796 1
8 4053 1
8 13912 1
8 9945 1
8 3674 2
8 14427 1
8 3676 1
8 9310 1
8 1573 2
8 16224 1
8 8161 1
8 5051 4
8 8421 2
8 1895 1
8 19048 2
8 12199 1
8 3436 1
8 9069 1
8 14448 1
8 13937 1
8 626 1
8 13428 7
8 20094 1
8 20854 1
8 5623 1
8 632 1
8 20830 1
8 7164 1
8 5246 1
8 6671 1
9 12288 2
9 20485 1
9 19469 1
9 22032 1
9 5806 1
9 15384 1
9 17945 1
9 11293 1
9 6687 1
9 18473 1
9 3626 1
9 1069 2
9 12334 2
9 12852 1
9 15199 1
9 13886 1
9 13887 1
9 7236 1
9 7752 1
9 17996 1
9 12880 2
9 603 1
9 20066 1
9 13418 1
9 8300 1
9 4720 1
9 8818 1
9 12916 6
9 11897 1
9 14970 3
9 20095 1
9 13440 1
9 12929 1
9 15491 1
9 2194 1
9 3219 1
9 8855 1
9 12445 1
9 9887 1
9 5232 1
9 15528 1
9 12462 1
9 19124 1
9 13428 2
9 19133 2
9 11969 1
9 14020 1
9 11979 2
9 14033 1
9 14548 1
9 14969 1
9 12505 1
9 9434 3
9 20194 1
9 7397 1
9 6375 1
9 12018 1
9 15401 1
9 3796 5
9 15102 1
9 1798 2
9 18185 1
9 3339 1
9 4364 1
9 14093 1
9 18191 1
9 1815 1
9 1818 1
9 20774 1
9 12585 1
9 18222 1
9 7471 1
9 5433 1
9 1076 1
9 12096 2
9 6982 1
9 4942 1
9 15185 1
9 21305 1
9 8421 1
9 10593 1
9 7011 1
9 873 1
9 5994 1
9 5996 1
9 15216 1
9 20343 1
9 8568 1
9 14716 1
9 1918 1
9 12673 1
9 14999 1
9 17810 1
9 8086 1
9 14743 1
9 1944 1
9 4507 1
9 6561 2
9 13723 1
9 1454 1
9 7089 2
9 18364 1
9 3517 1
9 21950 1
9 960 1
9 18882 1
9 13255 1
9 1482 2
9 15308 1
9 14286 1
9 9167 1
9 7120 1
9 3025 1
9 3027 1
9 18393 1
9 10206 1
9 12255 1
9 19938 1
9 19939 1
9 13796 1
9 18917 1
9 10727 1
9 13803 1
9 3055 1
9 15856 1
9 5623 1
9 6652 1
10 3074 1
10 6153 1
10 3082 2
10 20494 1
10 22032 2
10 4117 1
10 8214 1
10 13854 1
10 16934 1
10 18473 1
10 1578 1
10 15918 2
10 12342 1
10 13885 1
10 13887 1
10 22082 1
10 12870 2
10 12878 2
10 9814 1
10 22108 1
10 20064 1
10 20066 2
10 20072 2
10 13428 1
10 10358 1
10 14969 1
10 14970 1
10 5995 1
10 5246 1
10 13951 2
10 15723 1
10 20103 1
10 13963 3
10 9069 1
10 12434 3
10 19607 1
10 12446 1
10 4776 2
10 5801 1
10 683 1
10 5806 1
10 6835 1
10 8884 1
10 7865 1
10 7867 1
10 8892 1
10 19140 1
10 8993 1
10 5070 1
10 3796 1
10 14037 1
10 11131 1
10 7397 2
10 7400 2
10 12018 1
10 12026 2
10 15102 1
10 11524 1
10 18185 2
10 6421 1
10 2327 1
10 14105 1
10 4385 1
10 4901 1
10 5929 1
10 5934 1
10 9535 1
10 15499 1
10 21323 1
10 3408 1
10 18258 1
10 8539 1
10 8421 1
10 22368 1
10 5993 1
10 17771 2
10 2194 1
10 20343 1
10 3962 1
10 3963 1
10 14716 1
10 8579 1
10 20882 1
10 11672 1
10 4507 1
10 12188 1
10 7584 1
10 11675 2
10 9644 1
10 18352 1
10 7089 3
10 13245 1
10 4032 2
10 4033 3
10 12746 1
10 11726 1
10 9167 1
10 8144 2
10 3025 6
10 3027 2
10 6104 1
10 3036 1
10 10206 1
10 17576 1
10 17403 2
11 7680 1
11 9729 1
11 15365 1
11 16392 1
11 1040 1
11 19492 1
11 15401 1
11 1578 1
11 20014 1
11 8753 1
11 18486 1
11 13881 1
11 10300 1
11 8765 2
11 13375 1
11 12354 1
11 21579 1
11 588 1
11 13389 1
11 18004 1
11 9816 1
11 22032 4
11 18540 1
11 14448 1
11 8040 1
11 21618 1
11 13428 1
11 633 1
11 17004 1
11 13453 1
11 11919 1
11 3217 1
11 7319 1
11 17069 1
11 4276 1
11 12471 1
11 8376 1
11 11449 1
11 5838 1
11 14545 1
11 5347 1
11 21733 1
11 3313 1
11 2812 1
11 18688 1
11 4868 1
11 17162 1
11 4364 1
11 7952 1
11 7044 1
11 8989 1
11 4899 1
11 17709 1
11 18222 1
11 5433 1
11 5435 1
11 15166 1
11 12100 2
11 17225 1
11 14677 1
11 14682 1
11 7823 1
11 22368 1
11 7013 1
11 7527 1
11 7528 1
11 7529 1
11 15723 1
11 9069 1
11 12663 1
11 2433 1
11 1922 1
11 1924 1
11 19348 1
11 17312 1
11 20388 1
11 20389 1
11 1459 1
11 1465 1
11 11708 1
11 18882 1
11 13388 1
11 1482 1
11 13772 1
11 9171 1
11 19939 1
11 15856 1
11 3058 1
11 10227 1
11 18423 1
11 18424 1
11 15865 1
11 12799 1
12 12288 1
12 11777 1
12 15368 1
12 11275 1
12 20494 1
12 22032 3
12 4117 1
12 5144 1
12 22041 1
12 11293 1
12 13854 1
12 18975 1
12 14881 1
12 18467 1
12 548 1
12 1576 1
12 4650 1
12 8236 1
12 16431 1
12 7217 1
12 16947 1
12 8252 1
12 12350 1
12 19519 1
12 16450 1
12 21586 5
12 3157 1
12 9814 2
12 3160 1
12 601 1
12 19035 1
12 20065 1
12 9316 1
12 15462 1
12 13418 2
12 8300 3
12 8815 1
12 5232 1
12 8552 1
12 6770 1
12 6771 1
12 1141 1
12 14969 1
12 13435 1
12 5247 1
12 7300 1
12 20103 1
12 12434 4
12 22167 1
12 14020 1
12 12956 1
12 9886 2
12 2207 3
12 5795 1
12 5800 1
12 1706 1
12 5806 1
12 1813 1
12 5813 1
12 16569 1
12 8892 1
12 11969 1
12 13508 1
12 3271 1
12 22219 1
12 13516 1
12 12501 1
12 12502 1
12 7397 1
12 9432 1
12 15580 1
12 1252 1
12 8421 2
12 15593 1
12 18215 1
12 8940 1
12 9966 1
12 8232 1
12 248 1
12 5891 1
12 20232 1
12 4364 1
12 21781 1
12 8989 1
12 12579 1
12 3633 1
12 13532 1
12 12588 1
12 18222 1
12 3905 1
12 8514 1
12 21832 1
12 19938 1
12 12625 1
12 2387 1
12 19140 1
12 14677 1
12 2399 1
12 22368 1
12 8547 2
12 4453 1
12 360 1
12 20329 1
12 13682 1
12 3134 1
12 3958 1
12 20343 1
12 7035 1
12 8579 1
12 9611 1
12 20877 1
12 11663 1
12 18321 1
12 4509 1
12 12190 1
12 15266 1
12 11171 1
12 22437 1
12 13725 1
12 4018 1
12 18364 2
12 12736 1
12 18882 3
12 22467 1
12 5572 1
12 16838 1
12 7111 2
12 1482 1
12 19408 1
12 15096 1
12 17372 1
12 12794 1
12 10721 1
12 14306 2
12 10834 1
12 2544 1
12 20648 1
12 20468 1
12 4602 1
13 12288 1
13 2051 1
13 20485 1
13 10759 1
13 18955 1
13 12 1
13 20494 1
13 13839 1
13 22032 1
13 9234 1
13 5891 1
13 1560 1
13 13849 1
13 21018 1
13 17435 1
13 2588 1
13 6687 1
13 17961 1
13 1578 1
13 1068 1
13 15918 1
13 3633 1
13 6715 1
13 18494 1
13 13887 1
13 8257 1
13 13890 1
13 1607 1
13 7752 1
13 7180 1
13 12878 1
13 595 1
13 3157 1
13 22457 1
13 8378 1
13 3168 1
13 22119 1
13 13418 2
13 8300 1
13 8815 1
13 7797 1
13 5246 2
13 7104 1
13 15494 1
13 22209 1
13 136 1
13 13963 2
13 7823 1
13 14480 1
13 13457 1
13 12434 3
13 9875 1
13 1686 1
13 16030 1
13 1696 1
13 7195 1
13 22300 1
13 1706 1
13 17067 1
13 691 1
13 8376 1
13 11449 1
13 3258 1
13 18463 1
13 8892 2
13 19133 1
13 11969 1
13 5321 1
13 5581 1
13 17183 1
13 3796 1
13 22229 1
13 5340 1
13 4831 1
13 8421 1
13 4326 1
13 8425 2
13 746 1
13 22252 1
13 7917 1
13 758 1
13 15102 2
13 14592 2
13 1835 1
13 775 1
13 8236 1
13 19212 1
13 6414 1
13 20243 1
13 1818 1
13 17691 1
13 19740 1
13 22303 1
13 20774 1
13 1833 1
13 299 1
13 18222 1
13 1842 1
13 20787 1
13 22325 1
13 21305 1
13 21727 1
13 20285 1
13 7989 1
13 1163 1
13 21832 2
13 17231 1
13 12625 4
13 6489 1
13 19804 1
13 13663 1
13 14177 1
13 4453 1
13 2194 1
13 10897 1
13 19307 1
13 9069 1
13 11120 1
13 12663 1
13 3961 1
13 12666 2
13 19324 1
13 18818 1
13 8579 1
13 4161 1
13 15754 1
13 11152 1
13 10644 1
13 4502 1
13 408 1
13 14747 1
13 12188 1
13 15266 1
13 15268 1
13 16825 1
13 5050 1
13 22464 1
13 13761 1
13 17859 1
13 19396 1
13 12746 1
13 5069 1
13 7672 1
13 15318 1
13 21499 1
13 7146 1
13 494 1
13 16367 1
13 9204 1
13 7670 1
13 12792 1
13 17403 1
13 7164 1
14 18140 1
14 11275 1
14 22032 2
14 10499 1
14 9750 1
14 17943 1
14 13849 1
14 13854 1
14 545 1
14 4870 1
14 19494 1
14 15400 1
14 15401 1
14 1068 1
14 15918 2
14 9777 1
14 12852 1
14 9274 1
14 3131 1
14 2624 1
14 1604 1
14 9654 1
14 12870 1
14 9569 1
14 588 2
14 12878 2
14 21586 1
14 19035 3
14 6240 1
14 10337 1
14 5219 1
14 11881 1
14 13418 2
14 8300 1
14 8301 1
14 13245 1
14 15986 1
14 18548 1
14 15991 1
14 11897 1
14 13439 1
14 5251 2
14 8214 1
14 18881 1
14 14985 1
14 13963 1
14 13453 1
14 14993 1
14 2194 1
14 9875 1
14 12948 1
14 3183 1
14 11422 1
14 1706 1
14 22188 1
14 691 5
14 11444 1
14 13493 1
14 9398 1
14 16568 1
14 11449 1
14 7356 1
14 11967 1
14 14017 1
14 20787 1
14 2757 1
14 14028 1
14 12493 1
14 7374 1
14 5069 2
14 9432 3
14 3803 1
14 5340 1
14 13690 1
14 745 1
14 13549 1
14 20313 1
14 2089 1
14 5885 1
14 16639 1
14 21763 1
14 1798 1
14 14093 1
14 17681 1
14 3350 3
14 1818 2
14 7455 1
14 1315 1
14 18215 1
14 14120 1
14 12585 1
14 12076 1
14 18222 1
14 3891 1
14 19767 1
14 7481 1
14 3397 1
14 17735 1
14 17737 2
14 12625 3
14 4137 1
14 12089 1
14 21849 1
14 13658 1
14 8033 1
14 8547 1
14 8549 1
14 15210 1
14 17771 3
14 13532 1
14 7542 1
14 12151 1
14 4756 1
14 12666 1
14 5499 1
14 7552 1
14 13376 1
14 918 1
14 7917 1
14 18321 1
14 8086 1
14 11672 1
14 1437 1
14 5022 1
14 20384 1
14 8611 1
14 15268 1
14 1446 1
14 22442 1
14 15275 1
14 4018 1
14 9651 1
14 13238 1
14 17225 1
14 9145 1
14 18876 1
14 19901 1
14 11710 1
14 21953 1
14 18882 2
14 13255 1
14 17864 1
14 8268 1
14 5581 1
14 9167 1
14 21968 1
14 8146 1
14 18390 1
14 2547 1
14 20468 1
14 12793 1
14 17403 2
14 2047 1
15 11273 1
15 22538 1
15 9227 1
15 11281 1
15 4116 1
15 8214 1
15 3417 1
15 3108 1
15 5158 1
15 1578 1
15 9260 1
15 3633 1
15 6713 1
15 6202 1
15 12350 1
15 5188 1
15 12870 2
15 6234 1
15 8809 1
15 13418 1
15 4720 1
15 6771 1
15 13428 1
15 14969 2
15 14463 1
15 20524 1
15 5780 2
15 5785 1
15 6811 1
15 11422 1
15 2207 1
15 20133 1
15 10408 1
15 9901 1
15 11444 1
15 11449 5
15 8892 3
15 19133 2
15 12480 1
15 3266 2
15 19140 1
15 22217 1
15 14028 1
15 5841 1
15 12498 2
15 3796 1
15 14037 1
15 633 1
15 20703 1
15 7392 1
15 740 1
15 8421 1
15 2278 1
15 8425 3
15 13550 1
15 18174 1
15 12544 1
15 2818 1
15 20230 1
15 8236 4
15 273 1
15 6421 1
15 279 1
15 1836 1
15 5935 1
15 18227 2
15 21305 2
15 15177 1
15 14157 1
15 18258 1
15 22585 1
15 7396 1
15 21851 1
15 15199 1
15 22368 1
15 8547 1
15 17771 4
15 9582 1
15 9583 1
15 22386 2
15 11125 1
15 745 1
15 2196 1
15 19172 1
15 11134 1
15 9600 1
15 18322 1
15 11161 1
15 11672 1
15 11673 2
15 11675 1
15 12187 1
15 15791 1
15 7089 1
15 17737 1
15 13244 1
15 21950 1
15 11714 1
15 7111 1
15 19401 1
15 15819 1
15 5069 1
15 5070 1
15 9167 1
15 3025 1
15 10206 1
15 8161 1
15 19939 2
15 494 1
15 20468 2
16 9729 1
16 19555 1
16 13316 1
16 12805 1
16 6153 1
16 5644 1
16 13844 1
16 9901 1
16 22032 4
16 3075 1
16 1044 1
16 4118 1
16 17943 1
16 13849 1
16 18460 2
16 2589 1
16 4638 1
16 20485 1
16 548 2
16 549 1
16 38 1
16 20519 2
16 1064 1
16 11817 1
16 5150 1
16 2603 1
16 1068 1
16 3633 2
16 19379 1
16 17973 1
16 3258 1
16 20024 1
16 6715 1
16 14399 1
16 1092 1
16 3088 1
16 3143 2
16 16969 1
16 13388 2
16 16226 1
16 4686 1
16 7248 1
16 21586 3
16 15841 1
16 18005 1
16 11449 1
16 9816 1
16 601 1
16 19035 1
16 19642 1
16 7952 1
16 9313 1
16 1635 1
16 8804 1
16 16998 1
16 12390 2
16 19559 1
16 11708 1
16 13418 1
16 8300 2
16 1645 1
16 11887 1
16 20036 1
16 13937 3
16 4115 1
16 1141 1
16 6694 1
16 19577 1
16 1662 1
16 6273 1
16 5252 1
16 15382 1
16 6790 2
16 17428 1
16 17545 1
16 21613 1
16 12434 1
16 5059 1
16 2196 1
16 5743 1
16 9886 2
16 14495 1
16 18592 2
16 3233 1
16 13478 1
16 8817 1
16 5801 1
16 3243 1
16 20141 1
16 3760 1
16 691 2
16 11444 3
16 14005 1
16 1206 1
16 8376 1
16 15545 1
16 8378 1
16 8892 1
16 19133 2
16 5888 1
16 3774 1
16 11969 1
16 18114 1
16 2755 1
16 6345 1
16 13514 1
16 12491 1
16 3278 1
16 4818 1
16 7379 1
16 9432 2
16 5340 1
16 5342 1
16 13493 1
16 19494 1
16 8425 1
16 1775 1
16 18540 1
16 5246 1
16 22262 1
16 18473 1
16 1696 1
16 18175 2
16 12544 1
16 6925 1
16 10510 1
16 2832 1
16 13078 1
16 19736 1
16 20762 2
16 11547 1
16 284 1
16 20442 1
16 7455 1
16 13601 1
16 15652 1
16 1835 1
16 18222 1
16 904 1
16 20787 1
16 2868 1
16 8158 1
16 21305 2
16 13854 1
16 12091 1
16 19772 1
16 3902 1
16 21312 1
16 3647 1
16 4418 1
16 835 1
16 21828 1
16 7841 1
16 17735 1
16 21832 2
16 329 1
16 16804 1
16 20303 1
16 18769 2
16 18258 1
16 2388 1
16 11792 1
16 3927 1
16 3417 1
16 19770 2
16 12747 1
16 7397 1
16 2913 1
16 15714 1
16 15717 1
16 21351 1
16 17771 4
16 19310 1
16 21360 1
16 22386 1
16 3958 1
16 1399 1
16 4472 1
16 4473 1
16 3962 1
16 13887 1
16 12671 1
16 21888 1
16 12680 1
16 5001 1
16 11662 1
16 7055 2
16 14736 1
16 20882 1
16 11672 3
16 7236 1
16 13723 1
16 12188 1
16 4509 1
16 11166 1
16 15266 1
16 22171 1
16 21924 1
16 8262 1
16 16806 1
16 12712 1
16 12189 1
16 17840 1
16 7089 1
16 4018 1
16 9651 1
16 17225 1
16 9146 2
16 18364 4
16 13245 1
16 22464 1
16 6593 1
16 18882 4
16 22467 1
16 11719 1
16 7112 1
16 12746 2
16 19403 1
16 5069 1
16 18424 1
16 16850 1
16 21689 1
16 18901 1
16 2007 1
16 18393 1
16 18876 3
16 16348 1
16 17373 1
16 6622 2
16 10721 1
16 19939 1
16 10834 1
16 22510 1
16 10096 1
16 21489 1
16 7670 1
16 16888 1
16 4602 1
16 3069 1
17 22531 1
17 7 1
17 11273 2
17 13841 1
17 19494 1
17 18473 1
17 1578 2
17 9260 1
17 15918 1
17 7217 2
17 1074 1
17 1076 1
17 11832 1
17 22196 1
17 12350 1
17 13887 1
17 22085 1
17 12870 2
17 1607 1
17 3151 1
17 8273 1
17 3157 1
17 15962 1
17 4704 1
17 1633 1
17 15971 1
17 8300 2
17 14448 2
17 13937 2
17 11394 2
17 3203 1
17 13451 1
17 15500 1
17 1173 1
17 11422 1
17 13986 1
17 4776 3
17 20654 1
17 22301 1
17 11444 4
17 16567 1
17 16569 1
17 8892 7
17 2239 1
17 1733 1
17 13516 1
17 14036 1
17 1243 1
17 13532 1
17 7911 1
17 14060 1
17 13558 1
17 9258 1
17 2818 1
17 20230 1
17 12559 1
17 6421 1
17 6429 1
17 20260 1
17 20774 2
17 12076 1
17 15154 1
17 2867 1
17 9026 1
17 13963 1
17 17737 1
17 3919 1
17 18258 1
17 15190 1
17 10593 1
17 4453 1
17 8550 1
17 5994 1
17 17771 2
17 3963 1
17 19332 1
17 20882 2
17 11673 1
17 13725 1
17 15177 2
17 7110 1
17 12746 1
17 7120 1
17 4049 1
17 9683 1
17 4053 1
17 11737 1
17 10206 1
17 17887 1
17 2544 1
17 7670 2
17 17403 1
18 12288 1
18 3075 1
18 12805 1
18 8 1
18 11273 2
18 7690 1
18 11275 1
18 20494 4
18 22032 2
18 22548 1
18 21017 1
18 21024 1
18 14881 1
18 20519 1
18 1578 1
18 15918 1
18 3130 1
18 3131 1
18 3134 1
18 13887 3
18 9280 1
18 578 1
18 8268 1
18 12878 1
18 592 1
18 21586 1
18 19035 1
18 19553 1
18 18530 1
18 18876 1
18 18544 1
18 8817 1
18 19060 1
18 9846 1
18 14969 1
18 14463 1
18 15499 1
18 11714 1
18 12434 1
18 11422 1
18 1696 1
18 3233 2
18 22182 1
18 5745 1
18 5801 1
18 19116 1
18 17225 1
18 691 1
18 4276 1
18 13428 1
18 8892 1
18 17952 1
18 17608 1
18 8913 1
18 3794 1
18 1747 1
18 8421 1
18 8425 1
18 3980 1
18 17141 2
18 248 1
18 2812 1
18 5885 1
18 15102 1
18 14592 1
18 5891 1
18 18185 3
18 14096 1
18 1818 1
18 11547 4
18 5920 1
18 20774 1
18 4396 1
18 7471 1
18 12602 1
18 19771 1
18 4417 1
18 21832 1
18 10636 1
18 18768 1
18 12625 1
18 21849 1
18 22369 1
18 8507 1
18 21349 1
18 1895 2
18 7016 1
18 15209 1
18 7540 1
18 12151 1
18 11129 1
18 3962 1
18 7038 1
18 21888 1
18 7232 1
18 15244 1
18 11672 1
18 11673 1
18 5534 1
18 20384 1
18 22437 1
18 15791 1
18 7089 1
18 9139 1
18 17737 1
18 15288 1
18 17849 1
18 9146 1
18 12220 1
18 16832 1
18 18882 2
18 22467 4
18 22469 1
18 13255 1
18 13388 1
18 12746 4
18 9167 2
18 21968 1
18 4056 1
18 18393 1
18 15834 1
18 6622 1
18 17388 1
18 494 1
18 18174 1
18 7670 1
18 12792 1
18 7164 2
19 3075 1
19 20494 1
19 22032 1
19 6678 1
19 17943 2
19 16414 1
19 6687 1
19 18464 1
19 6691 1
19 1576 1
19 1578 3
19 9777 1
19 13887 1
19 2625 1
19 7236 2
19 7241 1
19 8268 1
19 7759 1
19 13428 2
19 9308 1
19 4190 1
19 5232 1
19 13937 1
19 21108 1
19 13161 1
19 5248 2
19 18055 1
19 18571 1
19 2196 1
19 20651 1
19 19607 1
19 2203 1
19 12446 1
19 1696 1
19 18600 1
19 17065 1
19 17067 1
19 2220 1
19 1736 1
19 4382 1
19 12471 1
19 15544 1
19 4980 1
19 6331 1
19 8892 1
19 19133 4
19 14017 1
19 20168 1
19 19145 1
19 14545 1
19 11992 2
19 20187 1
19 7905 1
19 8421 1
19 21201 1
19 22252 1
19 6894 1
19 22262 1
19 5888 1
19 10499 1
19 18185 1
19 16650 1
19 9687 1
19 18191 1
19 11547 1
19 17694 1
19 20774 2
19 16691 1
19 21305 4
19 19770 1
19 14145 1
19 18767 1
19 15184 1
19 18258 1
19 8550 1
19 1895 2
19 8553 1
19 17771 1
19 15218 1
19 7540 1
19 14717 1
19 14723 1
19 3974 1
19 8257 1
19 17291 1
19 3980 1
19 20877 1
19 20882 2
19 406 1
19 12183 1
19 11672 1
19 1092 1
19 11675 1
19 12190 1
19 13730 1
19 11684 1
19 18352 1
19 9146 1
19 11708 1
19 16833 1
19 22467 1
19 7110 2
19 13388 1
19 12746 1
19 5069 1
19 9167 1
19 8144 1
19 9170 1
19 5625 1
19 10206 1
19 19939 1
19 13800 1
19 4074 1
19 2541 1
19 20648 1
19 12793 1
19 6651 1
19 6652 1
19 15869 1
19 8702 1
20 12288 1
20 14592 3
20 20114 1
20 3077 1
20 6 1
20 14270 1
20 11273 1
20 3082 1
20 7691 1
20 11791 1
20 22032 1
20 9234 1
20 19478 1
20 5551 1
20 14876 1
20 15903 1
20 21024 1
20 14881 1
20 6696 1
20 1065 2
20 15402 1
20 6919 1
20 6531 1
20 8749 1
20 15918 1
20 560 1
20 8753 1
20 1074 1
20 691 1
20 1588 1
20 12342 1
20 20536 1
20 11444 3
20 13883 1
20 7231 1
20 19520 1
20 12354 1
20 11275 1
20 12357 1
20 3143 1
20 275 1
20 15434 1
20 5815 1
20 9292 1
20 13389 1
20 590 1
20 3663 1
20 22096 1
20 21586 2
20 18005 2
20 15448 1
20 1114 1
20 18529 1
20 3171 1
20 16997 2
20 3072 5
20 15976 1
20 8300 1
20 21613 1
20 9838 1
20 4207 1
20 21104 1
20 5233 1
20 2162 1
20 4723 1
20 464 2
20 1141 2
20 17015 1
20 16508 2
20 638 1
20 22464 1
20 12930 1
20 9867 1
20 19599 1
20 4754 1
20 2196 1
20 281 1
20 15642 1
20 17060 1
20 13478 1
20 9383 2
20 1704 1
20 10303 1
20 11719 1
20 626 1
20 21678 1
20 1711 1
20 21168 1
20 21619 1
20 10932 1
20 13493 1
20 9398 1
20 12471 1
20 8376 1
20 15033 1
20 20155 6
20 19133 3
20 4831 2
20 14016 1
20 15042 2
20 2243 1
20 4385 1
20 9928 1
20 4303 1
20 1744 1
20 14033 1
20 17106 1
20 6149 1
20 11480 1
20 13017 1
20 14543 1
20 21727 1
20 18128 1
20 1253 1
20 1257 2
20 13040 1
20 18472 1
20 22258 1
20 18046 1
20 15096 1
20 8660 1
20 3759 1
20 11008 1
20 13570 1
20 19718 1
20 17671 1
20 6921 1
20 12759 1
20 7437 1
20 6419 1
20 16661 1
20 3350 1
20 22295 1
20 4377 1
20 12570 1
20 7457 1
20 1316 1
20 11654 1
20 19258 1
20 18222 1
20 18483 3
20 15838 5
20 8503 1
20 18745 1
20 18746 2
20 10975 1
20 17740 1
20 21305 2
20 18769 1
20 851 1
20 14677 1
20 854 1
20 2873 1
20 8536 1
20 11100 1
20 12602 1
20 1378 1
20 17763 1
20 1895 4
20 360 1
20 5994 1
20 17771 1
20 364 1
20 9069 3
20 9071 1
20 22385 1
20 19124 4
20 20343 1
20 13887 1
20 1917 1
20 21887 1
20 12673 1
20 10583 1
20 10219 1
20 4486 1
20 1420 1
20 22418 2
20 16275 1
20 918 1
20 22426 1
20 5020 2
20 1440 1
20 4003 1
20 20388 1
20 17318 1
20 15273 1
20 15276 1
20 11183 1
20 7600 1
20 15432 1
20 20916 1
20 1976 1
20 9146 1
20 1467 1
20 18876 2
20 15293 1
20 12734 1
20 4032 2
20 15776 1
20 18882 6
20 8647 1
20 13388 1
20 503 1
20 5069 2
20 11726 1
20 19408 1
20 8145 1
20 13778 1
20 9684 1
20 16855 1
20 16804 1
20 6622 1
20 15328 1
20 6625 2
20 13677 2
20 8012 1
20 12265 5
20 16362 1
20 8683 1
20 16367 1
20 501 1
20 4599 1
20 15864 1
20 17403 1
20 4604 1
20 8702 1
21 14592 1
21 3203 1
21 11654 1
21 11273 2
21 11275 2
21 1420 1
21 18882 2
21 4238 1
21 12434 1
21 17171 1
21 13846 1
21 18075 1
21 11422 1
21 2207 1
21 14448 1
21 14882 1
21 9755 1
21 11398 1
21 3633 1
21 9506 1
21 12716 1
21 15918 2
21 16816 1
21 18865 2
21 1076 1
21 22198 2
21 8585 1
21 10040 1
21 21305 4
21 5818 1
21 18876 3
21 19133 4
21 20695 1
21 3647 1
21 20418 1
21 19254 1
21 17737 1
21 5069 2
21 7437 1
21 5840 1
21 1592 1
21 1619 2
21 3284 1
21 10041 1
21 9432 1
21 1626 2
21 18267 1
21 4005 1
21 15971 1
21 4647 1
21 9069 1
21 6269 1
21 15856 1
21 10482 2
21 17403 2
21 14649 1
22 14592 1
22 18818 1
22 4867 2
22 19460 1
22 13445 1
22 13318 1
22 14017 1
22 139 1
22 1420 1
22 14448 1
22 4238 2
22 9069 1
22 4497 1
22 17170 1
22 9875 2
22 14020 1
22 5251 1
22 2541 1
22 18460 1
22 8989 2
22 11422 1
22 15216 1
22 4003 1
22 7055 1
22 13477 1
22 13863 1
22 15275 1
22 12716 1
22 13682 1
22 15918 1
22 11293 1
22 18481 1
22 16132 1
22 6770 1
22 21305 1
22 12878 1
22 19133 1
22 21953 1
22 11714 1
22 16195 1
22 8260 1
22 8518 1
22 17737 1
22 5069 1
22 11726 1
22 13723 1
22 21586 2
22 12446 1
22 18574 1
22 15190 1
22 20695 1
22 11992 1
22 8153 1
22 1626 2
22 15579 1
22 19804 1
22 19805 1
22 15838 2
22 20064 1
22 13435 1
22 1895 2
22 8425 1
22 13418 1
22 20882 2
22 15856 2
22 10097 1
22 14427 1
22 502 1
22 15593 1
22 8568 1
22 3962 1
22 17403 1
23 15872 1
23 12288 1
23 12805 2
23 6 1
23 13319 2
23 18952 1
23 11273 2
23 11275 1
23 5136 1
23 5464 1
23 4116 2
23 16132 1
23 8732 1
23 1626 1
23 20000 1
23 13863 2
23 22571 1
23 15918 3
23 18481 1
23 1076 1
23 17975 1
23 19124 1
23 12350 3
23 13887 2
23 11329 1
23 18108 1
23 8260 1
23 11334 1
23 18507 1
23 8268 1
23 12878 2
23 18005 1
23 9818 1
23 14427 1
23 11792 1
23 22119 1
23 11708 1
23 15980 1
23 14448 2
23 19058 1
23 9833 1
23 5242 1
23 11388 1
23 5246 2
23 11398 2
23 139 1
23 655 1
23 11422 1
23 13478 1
23 7847 1
23 683 1
23 691 2
23 20148 1
23 8892 6
23 19133 3
23 4799 1
23 18113 1
23 5321 1
23 3021 1
23 19666 1
23 14286 1
23 20695 1
23 16088 2
23 13532 1
23 15581 1
23 11487 1
23 19238 1
23 22246 1
23 8940 1
23 248 3
23 14592 2
23 14082 1
23 2820 1
23 19208 1
23 18185 2
23 4364 1
23 7437 3
23 17171 1
23 22293 4
23 797 1
23 9506 1
23 20774 1
23 22312 1
23 5935 1
23 15666 1
23 2867 1
23 6622 1
23 21305 3
23 12605 1
23 18876 1
23 17735 1
23 17737 1
23 16718 1
23 13648 1
23 854 1
23 8536 1
23 18267 1
23 9055 1
23 13159 1
23 11113 1
23 364 1
23 9074 1
23 11641 1
23 18818 2
23 1415 3
23 20803 1
23 11777 1
23 13723 1
23 13727 1
23 4000 2
23 4003 3
23 4005 1
23 17331 1
23 3001 1
23 6076 2
23 18882 2
23 17864 1
23 12746 1
23 9163 1
23 11724 1
23 5069 3
23 5070 1
23 21976 1
23 8153 1
23 21978 1
23 14301 1
23 15838 1
23 16293 2
23 17388 1
23 494 1
23 15855 1
23 17403 2
23 16893 1
24 6145 1
24 13316 1
24 6149 1
24 16385 1
24 11273 3
24 22032 1
24 13841 2
24 4115 1
24 6686 1
24 3127 1
24 22086 1
24 11847 1
24 12878 2
24 16982 1
24 8797 1
24 18528 1
24 19553 1
24 22119 1
24 18876 1
24 21613 1
24 18030 1
24 21104 1
24 20585 1
24 14969 1
24 14973 1
24 13445 1
24 22209 1
24 1163 1
24 1681 1
24 19056 1
24 14501 1
24 14509 1
24 3758 1
24 13493 1
24 9919 1
24 11969 1
24 17608 2
24 13516 2
24 1743 2
24 10453 1
24 20695 1
24 1766 1
24 7634 1
24 14592 2
24 14082 1
24 4364 1
24 17681 1
24 8988 2
24 2343 1
24 15751 1
24 7471 1
24 2355 1
24 8502 2
24 13113 1
24 10555 2
24 16197 1
24 17225 1
24 4942 1
24 3408 1
24 12625 1
24 14677 6
24 9047 1
24 2394 1
24 18267 4
24 15709 1
24 11008 1
24 2911 1
24 4451 1
24 3943 1
24 15209 1
24 15210 1
24 5996 1
24 9069 6
24 9072 1
24 20343 1
24 12665 1
24 14717 1
24 7039 2
24 7041 1
24 18818 1
24 16775 3
24 15754 1
24 16275 1
24 917 1
24 3992 1
24 17309 1
24 20384 1
24 1459 1
24 10679 1
24 8636 1
24 15808 1
24 18882 1
24 5069 2
24 5070 1
24 13778 1
24 10318 1
24 10206 1
24 14308 1
24 8683 1
24 4601 1
24 4602 1
24 6652 2
24 20309 1
25 12800 1
25 8197 1
25 8449 1
25 1544 1
25 13834 2
25 1547 1
25 17154 2
25 12302 1
25 1454 1
25 22551 2
25 20505 1
25 4123 1
25 11294 1
25 6687 1
25 4130 1
25 3626 2
25 1067 1
25 1069 1
25 1074 1
25 12852 1
25 1591 1
25 12349 1
25 4670 1
25 1092 1
25 15435 1
25 21586 3
25 7764 1
25 13398 1
25 9817 1
25 11870 1
25 7777 1
25 611 1
25 2661 1
25 9831 2
25 5736 2
25 21097 1
25 21612 2
25 14448 1
25 13937 1
25 19060 1
25 1141 2
25 15485 1
25 1152 1
25 4032 1
25 12930 1
25 4227 1
25 13444 1
25 646 1
25 6281 1
25 14475 1
25 17041 1
25 2706 2
25 4755 1
25 5785 1
25 12446 1
25 671 1
25 673 1
25 14500 1
25 4773 1
25 3758 1
25 16054 1
25 1207 1
25 1140 1
25 19133 5
25 7870 1
25 18208 1
25 2761 2
25 16588 1
25 5838 1
25 9425 1
25 20690 1
25 10963 1
25 12503 1
25 11992 1
25 7897 1
25 17629 1
25 1758 1
25 17130 1
25 12018 1
25 1787 2
25 18174 1
25 13440 1
25 7938 1
25 18181 1
25 1798 1
25 17170 1
25 4884 1
25 2840 1
25 7456 1
25 8568 1
25 20260 1
25 11398 1
25 5927 1
25 5928 1
25 5935 1
25 21305 4
25 12602 1
25 16190 1
25 15679 1
25 833 1
25 3398 1
25 21841 1
25 9047 1
25 2905 2
25 3421 1
25 13663 1
25 16224 1
25 18793 1
25 9069 2
25 14704 1
25 4979 1
25 7540 1
25 12151 1
25 19320 1
25 1408 1
25 2433 1
25 901 1
25 16775 1
25 906 1
25 7055 1
25 7570 1
25 3992 1
25 17818 1
25 4000 1
25 15856 1
25 19362 1
25 4003 1
25 18853 2
25 18857 1
25 11181 1
25 18862 1
25 20638 1
25 20923 1
25 18876 1
25 8638 1
25 20927 1
25 9152 1
25 11714 1
25 587 1
25 19396 1
25 3529 1
25 4555 1
25 9167 1
25 4049 1
25 3027 1
25 7637 2
25 10206 1
25 1504 1
25 21473 1
25 2018 2
25 12625 1
25 10219 1
25 4589 1
25 13808 1
25 1532 2
25 16893 1
25 6142 1
26 12800 1
26 20271 1
26 6999 1
26 19469 1
26 4117 1
26 22557 1
26 18483 1
26 3641 1
26 4668 1
26 8253 1
26 3647 1
26 21586 1
26 7764 1
26 13398 1
26 22108 1
26 6331 1
26 13881 1
26 1141 1
26 3195 1
26 4222 1
26 22464 1
26 2179 1
26 18056 1
26 12433 1
26 1693 1
26 20638 1
26 671 1
26 19619 1
26 680 1
26 16041 1
26 22188 1
26 7854 1
26 6834 1
26 12471 1
26 4795 1
26 14017 1
26 10953 1
26 17610 1
26 22223 1
26 18128 1
26 10453 1
26 7897 1
26 11482 1
26 2256 1
26 9953 1
26 123 1
26 8421 1
26 5864 1
26 2293 1
26 4351 1
26 11008 3
26 4867 1
26 19204 1
26 4364 1
26 6413 1
26 18191 1
26 7952 1
26 21267 1
26 13078 1
26 21295 1
26 4384 1
26 12585 1
26 2351 1
26 15666 1
26 2873 2
26 826 1
26 6461 1
26 16702 2
26 20803 1
26 12625 3
26 14677 2
26 14649 1
26 14680 1
26 11724 1
26 1253 1
26 22368 1
26 5996 1
26 5246 1
26 20285 1
26 1906 1
26 15222 1
26 12663 1
26 19323 1
26 16774 1
26 906 1
26 16272 1
26 7570 1
26 16277 1
26 3991 1
26 11672 2
26 20384 1
26 14753 1
26 12713 1
26 22442 1
26 16301 1
26 19886 1
26 9647 1
26 5554 1
26 4019 1
26 18872 1
26 19900 1
26 4032 1
26 13255 1
26 15820 1
26 14285 1
26 1998 1
26 3027 2
26 10206 1
26 19939 1
26 7147 1
26 14321 1
26 11348 1
26 1531 2
26 9726 1
27 11179 1
27 19460 1
27 6 1
27 19464 2
27 5643 1
27 4110 1
27 11181 1
27 1042 1
27 16915 1
27 22551 1
27 19716 1
27 1467 1
27 11806 1
27 15903 1
27 11808 1
27 2596 1
27 15400 1
27 1582 1
27 8753 1
27 17971 1
27 16952 1
27 3130 1
27 18783 1
27 3647 1
27 13889 1
27 3650 1
27 5699 2
27 582 1
27 12360 1
27 21579 1
27 13389 2
27 592 1
27 15441 1
27 22457 1
27 16473 1
27 1627 1
27 3676 1
27 13411 1
27 21608 1
27 21097 1
27 9227 1
27 17000 1
27 10206 1
27 12915 2
27 17013 1
27 17015 1
27 14969 1
27 19581 1
27 14466 1
27 136 2
27 14985 1
27 10721 1
27 19596 1
27 3217 1
27 4754 1
27 772 1
27 9241 1
27 5785 1
27 19098 1
27 18544 1
27 14498 1
27 13832 1
27 13682 1
27 19124 1
27 8892 1
27 14016 2
27 6338 1
27 2245 1
27 7880 1
27 11471 1
27 10449 1
27 9947 1
27 15582 1
27 9951 2
27 1761 1
27 9442 1
27 4326 1
27 3315 1
27 20717 2
27 10479 1
27 12018 1
27 13043 1
27 4867 2
27 2812 1
27 11008 1
27 8449 1
27 20739 1
27 4868 2
27 7553 1
27 19208 1
27 4873 1
27 4364 1
27 1465 1
27 4884 1
27 16661 1
27 18393 1
27 11547 2
27 11549 2
27 7455 1
27 16223 1
27 21723 1
27 7217 1
27 1841 1
27 12510 1
27 11066 1
27 21312 1
27 2882 1
27 4000 1
27 1351 1
27 14664 1
27 17225 2
27 3408 1
27 9556 1
27 15199 1
27 22375 1
27 15209 1
27 7018 1
27 8043 1
27 14700 1
27 9069 3
27 1906 1
27 1907 1
27 1908 1
27 12663 1
27 1917 1
27 1918 1
27 13697 1
27 15339 1
27 9453 1
27 15763 1
27 11156 1
27 3992 1
27 9953 1
27 18335 2
27 7584 1
27 15266 2
27 13723 1
27 22442 1
27 21319 1
27 12716 1
27 18162 1
27 19378 1
27 1459 1
27 11193 1
27 14751 1
27 11710 1
27 20384 1
27 7755 1
27 22467 2
27 22468 1
27 7621 1
27 7623 1
27 12791 1
27 13901 1
27 2000 1
27 465 1
27 11737 1
27 8666 1
27 11739 1
27 12253 1
27 14302 1
27 15841 1
27 8683 1
27 7148 1
27 7662 1
27 13295 1
27 11760 1
27 20468 2
27 5623 1
27 15864 1
27 11604 1
27 6652 1
28 2578 1
28 22551 1
28 4636 1
28 6687 1
28 20519 1
28 1068 1
28 18481 1
28 4146 1
28 18483 1
28 1591 1
28 4668 1
28 9279 1
28 13888 1
28 20547 1
28 15432 1
28 588 1
28 15442 1
28 22108 1
28 22119 1
28 9833 1
28 5742 1
28 1140 1
28 1141 1
28 17015 1
28 5246 1
28 18049 1
28 6790 1
28 14475 1
28 20625 1
28 4249 1
28 13475 1
28 14500 1
28 10408 1
28 3255 2
28 9247 1
28 700 1
28 19133 3
28 18624 1
28 7287 1
28 719 1
28 4819 1
28 20692 1
28 974 1
28 9423 1
28 17629 1
28 13537 1
28 9443 1
28 748 1
28 19183 1
28 3321 2
28 2304 4
28 4867 1
28 15621 1
28 2310 1
28 14096 1
28 21781 1
28 7044 1
28 7457 1
28 2344 1
28 12081 1
28 17716 1
28 21305 2
28 3392 1
28 16705 1
28 17218 1
28 20803 1
28 14049 1
28 8013 1
28 9047 1
28 17763 1
28 13457 1
28 8040 1
28 5993 1
28 3961 1
28 7553 1
28 12676 1
28 16785 1
28 20882 1
28 12695 1
28 3992 1
28 11675 1
28 10145 1
28 9145 1
28 4541 1
28 18887 1
28 15308 1
28 12750 1
28 12759 1
28 6622 1
28 12255 1
28 10208 1
28 17387 1
28 4590 1
28 7153 1
28 16888 1
28 6142 1
29 515 3
29 9644 1
29 1547 1
29 15875 1
29 5551 1
29 16414 1
29 16417 1
29 19494 1
29 20519 2
29 4140 1
29 11821 1
29 7217 1
29 16434 1
29 12342 1
29 8764 2
29 9278 2
29 13890 1
29 3339 1
29 8262 1
29 10313 1
29 15434 2
29 18507 1
29 12878 1
29 9807 2
29 592 1
29 21586 1
29 15448 1
29 21097 1
29 4419 1
29 22124 1
29 21613 1
29 14448 1
29 13937 2
29 1140 4
29 17013 2
29 7287 2
29 7288 1
29 18055 1
29 18569 1
29 1163 1
29 16012 1
29 20418 1
29 13454 1
29 17041 2
29 17046 4
29 22167 1
29 14489 1
29 20131 1
29 13478 1
29 683 2
29 19124 3
29 13493 1
29 19133 7
29 6337 1
29 17015 2
29 13516 2
29 22223 1
29 4819 2
29 20180 1
29 20942 1
29 1751 1
29 1753 2
29 4317 1
29 14047 1
29 13537 2
29 10705 1
29 18156 1
29 22258 1
29 8437 1
29 248 1
29 3321 5
29 3324 1
29 20949 1
29 11008 1
29 9600 1
29 4868 1
29 20230 1
29 775 1
29 19208 1
29 17163 1
29 4364 1
29 20237 1
29 13357 1
29 20752 1
29 19731 1
29 17183 1
29 17184 1
29 5923 2
29 20260 1
29 18222 2
29 21295 2
29 18229 1
29 13961 1
29 21305 3
29 17723 2
29 1852 1
29 21311 1
29 3392 1
29 16194 1
29 4000 1
29 22340 1
29 17225 1
29 4942 1
29 20303 2
29 3408 1
29 21841 1
29 22355 1
29 4956 1
29 15199 1
29 22368 1
29 5988 1
29 15208 1
29 4668 1
29 8043 3
29 9069 5
29 7656 1
29 8050 2
29 19315 1
29 20343 1
29 1918 1
29 5503 1
29 5504 1
29 14144 2
29 5506 1
29 8683 1
29 16774 2
29 16775 1
29 13704 1
29 4490 1
29 4496 1
29 20882 1
29 16195 1
29 8603 1
29 7584 1
29 4001 1
29 15266 1
29 9124 1
29 15273 1
29 4524 1
29 1266 1
29 18862 1
29 7599 1
29 16818 1
29 9033 1
29 19900 1
29 13245 1
29 12734 1
29 16833 2
29 11714 2
29 10827 1
29 4046 3
29 17360 1
29 9169 2
29 13646 1
29 11855 1
29 10206 1
29 19943 1
29 14985 1
29 15338 1
29 17387 2
29 16367 1
29 15856 1
29 16372 1
29 12799 1
30 12288 2
30 1280 1
30 19460 1
30 6149 1
30 4617 1
30 10763 2
30 3088 10
30 12035 1
30 4116 1
30 22551 1
30 7704 1
30 13316 1
30 17946 1
30 9755 2
30 22557 1
30 20000 1
30 13858 1
30 3621 2
30 4647 2
30 3636 1
30 4665 1
30 6715 1
30 18955 1
30 12360 1
30 588 2
30 13389 1
30 592 1
30 22200 1
30 21586 2
30 4691 1
30 7764 1
30 15432 2
30 602 1
30 16080 1
30 22112 1
30 8801 1
30 16998 1
30 21607 1
30 17000 1
30 7785 1
30 14448 1
30 13937 1
30 1140 1
30 14270 1
30 10358 1
30 11388 1
30 13440 1
30 4225 2
30 12501 3
30 4227 1
30 13444 3
30 14469 1
30 136 1
30 15499 1
30 4239 1
30 14993 3
30 21650 1
30 13459 1
30 13979 1
30 14492 1
30 15216 1
30 17576 5
30 17066 1
30 4267 1
30 14509 1
30 11275 1
30 14002 1
30 691 1
30 11444 1
30 12471 1
30 19640 1
30 11449 1
30 19133 3
30 6773 1
30 2243 1
30 13515 1
30 13516 1
30 719 1
30 1744 1
30 4818 1
30 4819 3
30 20181 1
30 13526 1
30 1753 1
30 10973 1
30 1758 1
30 7392 1
30 13537 5
30 13538 1
30 7463 2
30 22252 2
30 19154 1
30 7663 1
30 3321 1
30 7637 2
30 11008 1
30 4867 1
30 1798 1
30 11015 2
30 4364 4
30 6925 2
30 15119 2
30 14096 1
30 17170 1
30 18197 2
30 4891 1
30 8993 1
30 3367 1
30 9514 1
30 15751 1
30 18222 1
30 1844 1
30 1246 1
30 21305 2
30 12602 2
30 9695 1
30 8511 1
30 3392 1
30 15681 1
30 14475 1
30 22341 1
30 19787 3
30 17229 2
30 21841 1
30 5459 1
30 12345 1
30 4440 1
30 7514 1
30 18267 2
30 11066 1
30 1375 1
30 22369 1
30 8034 2
30 1380 1
30 9069 2
30 6511 1
30 9072 3
30 7650 1
30 3064 1
30 20343 1
30 11641 2
30 14714 1
30 16252 1
30 1918 1
30 9600 1
30 17387 3
30 1415 1
30 5514 1
30 10636 1
30 11662 1
30 16273 1
30 3991 1
30 19595 1
30 15343 1
30 1436 1
30 4509 3
30 15774 1
30 4000 5
30 9121 2
30 9122 1
30 16293 1
30 10499 1
30 15273 1
30 10155 1
30 15276 2
30 16301 1
30 18862 1
30 925 1
30 5552 1
30 1457 1
30 17331 1
30 11703 1
30 15801 1
30 10960 1
30 7614 1
30 9663 1
30 1440 1
30 11714 1
30 15376 1
30 15778 1
30 9167 1
30 8184 1
30 4053 2
30 7132 1
30 10205 1
30 9125 1
30 14306 2
30 6630 1
30 17899 1
30 16367 1
30 12785 1
30 4594 1
30 16373 1
30 22008 1
30 15869 1
31 13829 1
31 10 1
31 12787 1
31 13840 1
31 15377 1
31 7704 1
31 22557 1
31 11811 1
31 4647 1
31 3629 2
31 16431 1
31 18483 1
31 1375 1
31 4668 2
31 11902 1
31 3647 1
31 20547 3
31 3652 2
31 8262 1
31 15434 1
31 592 1
31 21586 1
31 18005 2
31 13398 1
31 21945 1
31 600 1
31 1625 1
31 7777 1
31 21605 1
31 16998 1
31 13841 1
31 21613 1
31 1138 1
31 1163 1
31 1141 1
31 17016 1
31 21627 1
31 9340 1
31 13950 1
31 18197 1
31 4032 1
31 5764 1
31 136 1
31 13451 1
31 13452 1
31 7823 1
31 4756 1
31 4249 1
31 22170 2
31 7323 1
31 16030 1
31 9887 1
31 6816 1
31 19105 1
31 14500 1
31 20647 1
31 4267 2
31 20142 1
31 12465 1
31 19124 1
31 9398 1
31 6772 1
31 20155 1
31 18108 1
31 19133 3
31 21696 1
31 2245 1
31 20167 1
31 16586 1
31 13516 1
31 20686 1
31 22223 1
31 20692 3
31 12501 1
31 14040 1
31 12510 1
31 21727 1
31 7155 1
31 21733 1
31 5864 1
31 1257 1
31 12010 1
31 19495 1
31 7918 1
31 10484 1
31 638 1
31 3796 1
31 8954 1
31 11008 1
31 15617 1
31 17637 1
31 4868 1
31 15621 1
31 7433 1
31 20236 1
31 20238 1
31 15119 1
31 11536 1
31 2834 1
31 17171 1
31 4884 1
31 16661 1
31 2839 1
31 11449 1
31 14621 1
31 8992 1
31 7457 1
31 7972 1
31 16774 1
31 16682 1
31 10545 1
31 16435 1
31 21305 3
31 10975 1
31 6976 2
31 20384 2
31 16196 1
31 15177 1
31 8013 1
31 12625 2
31 21330 1
31 4438 3
31 16215 1
31 4441 1
31 15199 1
31 2918 1
31 5993 1
31 9069 3
31 7650 1
31 12663 1
31 8568 1
31 7550 1
31 7553 1
31 4484 1
31 4486 1
31 16273 1
31 7570 1
31 3991 2
31 7064 1
31 925 1
31 3992 1
31 4000 4
31 20387 1
31 9637 1
31 15273 1
31 1459 1
31 7095 1
31 15800 1
31 17849 1
31 11708 2
31 22464 1
31 16833 1
31 11714 1
31 17348 1
31 6646 1
31 13978 1
31 20937 1
31 3530 2
31 11723 3
31 9167 1
31 3536 2
31 7633 2
31 3541 3
31 18905 1
31 988 1
31 10205 1
31 7646 1
31 19424 1
31 1465 1
31 14306 1
31 19939 1
31 6630 1
31 15185 1
31 8683 2
31 492 1
31 13650 1
31 16366 1
31 13809 1
31 3570 1
31 19955 1
31 18934 1
31 18423 1
31 15864 1
31 15866 1
31 6141 1
32 12288 1
32 15874 1
32 19460 1
32 1544 1
32 16907 1
32 15376 1
32 15448 1
32 20227 1
32 11301 1
32 11303 3
32 1579 1
32 3629 1
32 21841 2
32 8751 1
32 9269 1
32 4151 1
32 16952 1
32 3130 1
32 8764 1
32 3134 1
32 3647 1
32 13889 1
32 3650 2
32 9227 1
32 1092 1
32 588 2
32 906 1
32 6223 1
32 5304 1
32 21586 3
32 611 1
32 13398 1
32 13912 1
32 1626 1
32 1627 1
32 22032 1
32 20155 1
32 7780 1
32 15206 1
32 18022 1
32 17000 1
32 11881 1
32 13418 1
32 10859 1
32 11026 1
32 1652 2
32 1141 1
32 17016 1
32 4217 1
32 2834 1
32 6269 1
32 12930 2
32 134 1
32 6791 2
32 6281 1
32 14475 2
32 13452 1
32 6289 1
32 11925 1
32 11926 1
32 21444 1
32 5580 1
32 13986 1
32 12970 1
32 3758 1
32 8376 1
32 8378 1
32 12063 1
32 19133 2
32 19142 1
32 15820 2
32 12498 1
32 10963 1
32 18140 1
32 17629 1
32 10975 1
32 18144 1
32 19689 1
32 9453 1
32 14574 1
32 8062 1
32 8747 1
32 8550 1
32 3338 2
32 3339 2
32 5394 1
32 16661 1
32 7451 1
32 1823 1
32 19238 1
32 5928 1
32 14634 1
32 21305 2
32 12602 1
32 4831 1
32 3900 4
32 3901 1
32 831 1
32 6979 1
32 17227 1
32 12110 1
32 19890 1
32 12625 1
32 18771 1
32 14677 1
32 4438 1
32 1369 1
32 2394 1
32 15199 1
32 22369 1
32 5988 1
32 11622 1
32 17041 1
32 3217 3
32 11121 1
32 12666 1
32 1915 1
32 16252 1
32 12670 2
32 13697 1
32 8683 1
32 15754 1
32 20363 1
32 10128 1
32 4502 1
32 7582 1
32 15266 1
32 5551 1
32 10162 1
32 1459 1
32 17336 1
32 18364 1
32 20927 1
32 17348 1
32 19909 1
32 7111 1
32 12748 1
32 1997 5
32 14798 1
32 3541 2
32 8153 1
32 988 1
32 1504 1
32 1506 2
32 4603 1
32 13796 1
32 4581 1
32 10727 1
32 4604 2
32 15338 1
32 17899 1
32 10834 1
32 14832 1
32 4594 1
32 11765 1
32 505 1
32 15866 1
32 4654 1
32 460 1
33 16902 1
33 1042 1
33 4115 2
33 7700 1
33 15384 1
33 22557 1
33 15903 1
33 20000 1
33 10827 1
33 8744 1
33 3627 1
33 8749 1
33 4654 1
33 8241 1
33 3636 1
33 19124 1
33 3647 1
33 3648 1
33 12354 1
33 11334 1
33 18700 1
33 7755 2
33 588 2
33 13389 1
33 3171 1
33 18005 1
33 1465 1
33 14427 2
33 9403 2
33 10854 1
33 16998 2
33 1639 1
33 21608 2
33 21097 1
33 7527 1
33 18028 1
33 3517 1
33 6256 2
33 16915 1
33 1141 2
33 5750 1
33 13951 1
33 14466 2
33 13445 2
33 646 1
33 136 2
33 137 2
33 140 1
33 1169 1
33 19607 1
33 5785 1
33 13978 1
33 5276 1
33 19619 1
33 22188 1
33 9901 1
33 12465 1
33 11444 2
33 19640 1
33 11449 1
33 20155 1
33 19133 2
33 17013 1
33 1825 1
33 5321 1
33 1745 1
33 21211 1
33 10972 1
33 741 1
33 14033 1
33 745 1
33 15400 1
33 2808 1
33 12541 1
33 1280 1
33 15621 1
33 4364 1
33 20237 1
33 16661 1
33 20271 1
33 18208 1
33 18209 1
33 20260 1
33 15751 1
33 18222 2
33 7471 1
33 15666 1
33 14473 1
33 10552 1
33 21305 2
33 21312 1
33 15682 1
33 13452 1
33 8012 1
33 19938 1
33 6481 1
33 11604 1
33 910 1
33 854 1
33 15199 1
33 7010 1
33 5988 1
33 17041 1
33 9069 2
33 10096 1
33 4982 1
33 9600 2
33 18818 1
33 21381 1
33 1415 1
33 11662 2
33 3984 1
33 22418 1
33 10644 1
33 13208 1
33 17823 1
33 4000 2
33 4002 1
33 22442 1
33 5554 1
33 17225 1
33 15800 1
33 9145 1
33 11708 1
33 1469 1
33 7584 1
33 11714 1
33 16835 1
33 13252 3
33 7623 2
33 17484 1
33 1995 1
33 1997 1
33 4046 1
33 21976 1
33 14300 1
33 14301 1
33 6622 1
33 18911 1
33 1504 1
33 17890 1
33 19939 1
33 21841 1
33 18421 1
33 502 1
33 5623 1
33 5625 1
33 15869 2
33 12799 2
34 12288 1
34 15874 1
34 3171 1
34 11787 1
34 1040 1
34 13400 1
34 13331 1
34 3332 1
34 6687 1
34 6694 1
34 11815 1
34 15400 1
34 15401 1
34 8236 1
34 21841 1
34 16432 1
34 8753 1
34 1590 1
34 22196 1
34 3130 1
34 7741 1
34 20547 2
34 19553 1
34 15432 1
34 9290 1
34 10827 1
34 13388 1
34 17997 1
34 18872 2
34 3992 1
34 1635 1
34 18005 1
34 9145 1
34 12888 1
34 3674 1
34 14427 1
34 18013 2
34 18016 1
34 19041 2
34 2747 1
34 1637 1
34 16998 1
34 9831 2
34 17000 1
34 21692 1
34 15980 1
34 11887 2
34 14448 1
34 13937 2
34 6770 1
34 17013 1
34 22121 1
34 14969 2
34 703 1
34 5246 1
34 18197 1
34 5248 1
34 18561 1
34 14466 1
34 9351 1
34 136 1
34 137 1
34 1163 1
34 13459 1
34 22032 1
34 19993 2
34 8559 1
34 9072 1
34 13478 3
34 10407 2
34 10408 1
34 19113 1
34 11434 1
34 13255 1
34 19124 1
34 12471 2
34 11449 1
34 8378 1
34 9403 1
34 8892 2
34 19133 2
34 9918 1
34 4799 1
34 12481 1
34 2243 1
34 1733 2
34 1745 1
34 2258 1
34 7380 1
34 20181 1
34 7897 1
34 15580 1
34 21726 1
34 21727 1
34 19716 1
34 8913 1
34 1256 1
34 745 1
34 12010 1
34 5867 2
34 12012 1
34 6901 1
34 22262 3
34 4856 1
34 18174 1
34 15616 1
34 4867 2
34 4868 1
34 6017 1
34 17162 1
34 4364 1
34 21976 1
34 277 1
34 14614 3
34 8921 1
34 16665 1
34 248 1
34 11040 1
34 17188 1
34 16166 1
34 21383 1
34 7471 1
34 15666 2
34 6622 2
34 21305 2
34 6459 1
34 20798 1
34 21312 1
34 22344 1
34 17229 1
34 15184 1
34 12625 2
34 4438 1
34 14649 1
34 14680 1
34 2394 1
34 18267 1
34 1887 1
34 7018 1
34 7532 1
34 14703 1
34 15216 1
34 22386 1
34 20343 1
34 13182 1
34 13697 1
34 8067 2
34 1415 1
34 11145 2
34 11662 1
34 11672 1
34 20882 2
34 408 1
34 9113 1
34 364 1
34 8095 1
34 4002 2
34 16807 1
34 22442 2
34 8607 1
34 3512 2
34 1465 1
34 1466 1
34 17823 2
34 18876 1
34 7617 1
34 7755 1
34 13252 4
34 7623 1
34 588 3
34 11726 1
34 9167 1
34 8144 2
34 9169 1
34 10705 1
34 8660 1
34 4056 1
34 4058 1
34 4571 1
34 10206 1
34 19939 1
34 3409 1
34 6122 1
34 17899 1
34 3058 1
34 1525 1
34 7158 1
34 15865 1
34 4090 1
35 6 1
35 16903 1
35 9227 1
35 8720 4
35 21522 1
35 21523 1
35 10772 1
35 8726 3
35 1048 1
35 20505 1
35 9244 1
35 18464 1
35 16417 1
35 1060 1
35 3621 1
35 8745 1
35 3633 1
35 9268 1
35 12349 1
35 10814 2
35 7743 1
35 8257 1
35 12354 1
35 22086 1
35 19016 1
35 18505 1
35 10832 1
35 4694 1
35 5207 2
35 7777 1
35 18530 1
35 22119 1
35 17004 1
35 21617 1
35 17016 1
35 15994 1
35 1147 1
35 20095 1
35 6787 1
35 13445 1
35 6790 2
35 6791 1
35 10690 1
35 11406 1
35 3217 1
35 6812 1
35 20642 1
35 13478 1
35 5069 1
35 683 1
35 1713 1
35 698 1
35 18108 1
35 19133 1
35 11969 1
35 18114 1
35 8387 1
35 11461 1
35 6345 1
35 6858 1
35 8397 1
35 15309 1
35 1232 1
35 8401 1
35 11477 1
35 719 1
35 1758 1
35 10975 2
35 5276 1
35 8950 2
35 5369 1
35 8954 3
35 4867 2
35 4868 2
35 15621 1
35 19208 1
35 18185 1
35 18882 1
35 5251 1
35 16149 1
35 2839 2
35 18200 1
35 7471 1
35 10530 1
35 11555 1
35 18222 1
35 21295 1
35 15666 1
35 7477 1
35 13623 1
35 20282 1
35 15676 3
35 833 1
35 20803 1
35 20804 1
35 15175 1
35 17737 1
35 9547 1
35 8012 1
35 12625 1
35 16782 1
35 4446 1
35 16224 1
35 5988 1
35 12136 1
35 8041 1
35 17771 1
35 9069 1
35 9072 1
35 8568 1
35 12666 1
35 12670 2
35 1412 1
35 16775 1
35 21386 1
35 395 1
35 3980 1
35 5517 1
35 910 2
35 7055 1
35 16785 2
35 10644 1
35 19861 1
35 11670 1
35 6551 1
35 19864 1
35 17823 2
35 16804 1
35 4520 1
35 4521 1
35 10162 1
35 6579 2
35 22601 1
35 1524 1
35 11708 2
35 960 1
35 11714 1
35 13252 1
35 22262 1
35 6306 1
35 5111 1
35 15820 1
35 19106 1
35 11726 1
35 9167 2
35 19921 1
35 7635 1
35 9684 1
35 8669 1
35 10208 1
35 19939 1
35 17062 1
35 8683 1
35 7660 1
35 17901 1
35 10225 1
35 18420 1
35 16374 1
35 5623 2
35 18424 1
35 4602 1
35 13819 1
35 14844 1
36 12288 1
36 11264 1
36 4438 1
36 16385 1
36 3084 1
36 3086 2
36 22032 1
36 3090 1
36 6687 1
36 5157 1
36 6694 1
36 12349 1
36 3134 1
36 20547 1
36 17484 1
36 10832 1
36 21586 1
36 18005 1
36 1114 1
36 8720 1
36 22119 1
36 19048 1
36 8636 1
36 21610 1
36 15980 1
36 21102 1
36 14448 2
36 13425 1
36 13940 1
36 10360 1
36 13945 1
36 13952 1
36 22464 3
36 13961 1
36 4238 1
36 7114 1
36 9873 2
36 9177 1
36 9875 1
36 14493 1
36 17062 1
36 4263 1
36 10410 1
36 8878 1
36 13488 1
36 16049 2
36 19124 1
36 19126 2
36 7867 2
36 19133 4
36 21696 1
36 7379 1
36 3796 1
36 12505 1
36 15579 1
36 1763 1
36 5352 1
36 5867 1
36 3313 1
36 17143 1
36 15615 2
36 4867 2
36 4868 1
36 1798 1
36 17163 1
36 14093 1
36 20242 1
36 12053 1
36 21782 3
36 2839 1
36 2841 1
36 1818 1
36 8988 1
36 17200 1
36 19254 1
36 21305 4
36 15674 1
36 6464 1
36 22344 1
36 15177 1
36 8013 1
36 6483 2
36 22358 1
36 14649 1
36 14682 1
36 18267 1
36 16224 1
36 22369 1
36 1169 1
36 5993 1
36 15723 1
36 9069 6
36 3954 1
36 17788 1
36 1922 1
36 8579 1
36 4486 1
36 16775 2
36 904 1
36 11664 1
36 11665 1
36 20882 1
36 7571 1
36 3992 1
36 14748 1
36 17312 1
36 9122 3
36 18852 1
36 16302 1
36 18876 1
36 4029 1
36 4032 1
36 11714 1
36 1990 1
36 19401 1
36 1482 2
36 9167 2
36 4090 1
36 9174 2
36 11737 1
36 6106 1
36 16890 1
36 10206 1
36 13478 1
36 5116 2
36 10219 1
36 15856 1
36 11770 1
36 6652 1
37 19460 1
37 3078 1
37 8 1
37 11273 1
37 11275 3
37 14875 1
37 15903 1
37 7601 2
37 3629 1
37 1074 1
37 18483 1
37 3636 1
37 10249 1
37 13881 1
37 8764 1
37 3647 1
37 12354 1
37 3652 1
37 11851 1
37 588 1
37 12878 2
37 5199 1
37 21586 1
37 12884 1
37 9815 1
37 15448 3
37 18521 1
37 15971 1
37 9832 1
37 15980 1
37 1141 2
37 17015 1
37 20608 1
37 1153 1
37 12930 1
37 9347 1
37 11398 2
37 136 1
37 137 1
37 4746 1
37 17041 6
37 19098 1
37 21662 1
37 671 1
37 1696 1
37 10401 1
37 10403 1
37 1591 1
37 11436 1
37 685 1
37 691 2
37 11444 1
37 9398 1
37 11449 1
37 20155 1
37 18108 1
37 19133 6
37 15041 1
37 4293 1
37 20168 3
37 20343 1
37 719 1
37 3285 1
37 20695 1
37 1246 1
37 1248 1
37 14574 1
37 19186 1
37 17148 3
37 14082 1
37 20232 1
37 4364 3
37 22573 1
37 20240 1
37 20242 3
37 3347 1
37 3353 1
37 18208 1
37 20774 1
37 9513 3
37 9514 1
37 21292 1
37 21295 1
37 14649 2
37 15754 1
37 2379 1
37 12625 1
37 9044 1
37 4438 1
37 21305 6
37 6457 1
37 18267 2
37 7014 1
37 1895 1
37 19816 1
37 11113 1
37 5994 2
37 9069 3
37 12151 1
37 21880 1
37 13887 4
37 1917 1
37 1918 1
37 1922 1
37 906 1
37 8174 1
37 5529 1
37 5534 1
37 15266 1
37 16293 1
37 15273 1
37 4011 1
37 7600 1
37 18865 2
37 1459 1
37 13749 1
37 20468 1
37 1469 1
37 11714 1
37 4683 1
37 465 1
37 19619 1
37 10206 1
37 10723 1
37 13287 1
37 493 1
37 494 1
37 15855 1
37 14324 1
37 4599 1
37 15864 2
37 4601 1
37 16890 1
37 1019 1
38 22017 1
38 15874 1
38 9737 1
38 11275 3
38 7599 1
38 9244 1
38 12317 1
38 6687 1
38 6694 1
38 12840 1
38 8745 1
38 8747 1
38 16430 1
38 16432 1
38 9777 1
38 12342 1
38 21003 1
38 11335 2
38 11336 1
38 11850 2
38 588 1
38 20559 1
38 21586 1
38 9815 1
38 13404 1
38 9823 1
38 20547 1
38 17508 1
38 16998 1
38 21613 1
38 4219 1
38 11388 1
38 5246 1
38 5760 1
38 13445 1
38 11398 2
38 14820 1
38 1681 1
38 13459 1
38 21305 2
38 3227 1
38 671 1
38 16035 1
38 7847 1
38 6824 1
38 5149 1
38 16054 1
38 15031 1
38 8378 1
38 4524 2
38 19133 2
38 4289 1
38 13516 1
38 4302 1
38 10449 1
38 1742 1
38 20695 1
38 11480 1
38 13022 1
38 20604 1
38 13036 1
38 8744 1
38 9458 1
38 14583 1
38 17148 2
38 8449 2
38 14082 1
38 4867 2
38 3332 1
38 2310 1
38 4364 1
38 5390 1
38 18191 1
38 16088 1
38 8466 1
38 15128 1
38 8988 1
38 17184 1
38 9513 5
38 9514 3
38 17195 1
38 2348 1
38 21295 1
38 6457 1
38 10051 2
38 10573 1
38 20303 1
38 11662 1
38 4438 1
38 14649 1
38 857 1
38 18267 1
38 17759 1
38 18282 1
38 9069 2
38 18287 1
38 5489 1
38 10102 1
38 13183 1
38 12163 1
38 16775 1
38 1415 1
38 16776 1
38 18318 1
38 16275 1
38 3992 1
38 17818 1
38 12191 1
38 20384 1
38 4003 2
38 11684 1
38 3493 1
38 4522 1
38 9644 1
38 16302 1
38 9647 1
38 1459 1
38 8633 1
38 954 1
38 4540 1
38 16831 1
38 22464 1
38 17312 1
38 15751 1
38 4038 1
38 5076 1
38 7637 1
38 9687 1
38 6622 1
38 14306 1
38 2020 1
38 12265 1
38 16366 1
38 15855 1
38 1013 1
38 4601 1
38 15869 1
39 18432 1
39 3073 1
39 15874 2
39 15875 2
39 19460 1
39 13834 1
39 9227 1
39 12823 3
39 12825 1
39 15279 1
39 8741 1
39 20519 1
39 17961 1
39 1579 1
39 3629 1
39 4654 1
39 16431 1
39 13875 1
39 13876 1
39 8250 1
39 11835 1
39 4668 3
39 13888 1
39 9282 2
39 16651 1
39 11334 1
39 11335 1
39 11850 1
39 587 1
39 588 1
39 4686 1
39 21586 2
39 611 1
39 15448 3
39 602 1
39 2661 1
39 17506 1
39 15971 1
39 100 1
39 11365 1
39 18022 1
39 22119 1
39 5232 1
39 13937 2
39 6770 1
39 12478 1
39 12852 1
39 18042 1
39 13435 1
39 125 1
39 7817 4
39 13451 1
39 4238 1
39 2704 1
39 3217 1
39 10900 1
39 14489 1
39 5798 1
39 20649 1
39 4267 1
39 22188 1
39 2239 1
39 8878 1
39 14001 1
39 20147 1
39 19124 1
39 13493 1
39 20151 1
39 700 1
39 19133 2
39 7870 1
39 1141 1
39 14016 1
39 706 1
39 4292 1
39 11461 1
39 20168 1
39 5321 1
39 16586 1
39 7371 1
39 13516 2
39 3277 1
39 3278 1
39 8397 1
39 1912 1
39 20690 2
39 19155 1
39 19157 1
39 20695 2
39 5339 1
39 21727 1
39 20194 1
39 15590 1
39 2279 1
39 1280 1
39 4417 1
39 12018 1
39 6441 1
39 1786 1
39 22223 1
39 11008 1
39 8449 1
39 4867 2
39 4868 1
39 20234 2
39 3339 1
39 4364 1
39 13682 1
39 21264 1
39 5905 1
39 11027 1
39 4884 1
39 11543 1
39 15128 2
39 8988 1
39 13478 1
39 5927 1
39 13608 1
39 9513 1
39 1067 1
39 11827 1
39 1844 1
39 137 1
39 21305 2
39 12602 2
39 19771 1
39 590 1
39 3393 1
39 16706 1
39 13643 1
39 3408 1
39 21841 2
39 4438 1
39 19257 1
39 18267 1
39 19770 2
39 15199 1
39 22368 1
39 20625 1
39 7016 1
39 13161 1
39 9069 4
39 5553 1
39 3954 1
39 7540 1
39 626 1
39 13176 1
39 4986 2
39 9596 1
39 1918 2
39 9600 1
39 16771 1
39 1138 1
39 16774 1
39 15751 1
39 20874 1
39 834 1
39 11152 1
39 13465 1
39 18841 1
39 16367 1
39 5534 1
39 20384 1
39 16804 1
39 20389 1
39 4521 2
39 12288 2
39 12716 1
39 5551 1
39 21936 1
39 18865 1
39 4019 2
39 15434 1
39 20927 1
39 22464 1
39 13776 1
39 7633 1
39 10706 1
39 7637 1
39 4573 1
39 19938 1
39 11183 1
39 12625 3
39 1618 1
39 13295 1
39 19440 1
39 15955 1
39 3060 1
39 1013 1
39 7670 1
39 15869 1
39 12799 1
40 12288 2
40 6146 1
40 19460 2
40 12805 1
40 15878 1
40 13834 1
40 11275 1
40 11281 1
40 19478 2
40 12823 2
40 12825 5
40 4123 1
40 18460 1
40 5158 1
40 16049 1
40 632 1
40 17451 2
40 1069 1
40 16432 1
40 16434 2
40 9270 1
40 1591 1
40 22585 1
40 4666 1
40 4669 1
40 7708 1
40 8257 1
40 12354 1
40 16054 1
40 11850 1
40 587 1
40 5196 1
40 13901 1
40 22100 1
40 22616 1
40 1469 2
40 22108 1
40 7776 1
40 2661 1
40 16998 2
40 12733 1
40 13937 1
40 17016 2
40 123 1
40 14649 1
40 18197 1
40 128 1
40 13445 1
40 11398 1
40 11969 1
40 13960 1
40 137 1
40 19595 1
40 7313 1
40 2706 2
40 3220 1
40 6809 1
40 4250 1
40 6811 1
40 10397 1
40 9887 1
40 4770 1
40 20649 1
40 2225 1
40 19126 1
40 19133 3
40 13504 1
40 12481 2
40 4290 1
40 15556 1
40 20168 1
40 5321 1
40 20686 1
40 22224 1
40 7889 2
40 20690 1
40 6868 1
40 15574 1
40 17112 1
40 13532 1
40 20191 1
40 6372 1
40 2087 1
40 7782 1
40 17148 1
40 18686 1
40 11008 1
40 4867 1
40 772 1
40 4360 1
40 4364 1
40 4365 1
40 17170 1
40 7323 1
40 16661 1
40 1924 1
40 18714 1
40 2336 1
40 20259 1
40 20260 1
40 6790 1
40 19238 2
40 3377 1
40 13961 1
40 21305 3
40 12604 1
40 8511 1
40 16194 1
40 22340 1
40 17225 1
40 20303 1
40 4432 2
40 11604 1
40 4438 3
40 9047 1
40 3419 1
40 19805 1
40 3217 1
40 9069 3
40 9072 2
40 17788 1
40 12673 1
40 12164 1
40 901 1
40 17806 1
40 9453 1
40 20882 2
40 10644 1
40 9111 2
40 11672 1
40 15774 2
40 4000 2
40 17313 1
40 14491 1
40 11183 1
40 435 1
40 671 1
40 8636 2
40 2634 1
40 134 1
40 11714 1
40 15820 1
40 16848 1
40 4003 3
40 10206 1
40 14825 1
40 16041 1
40 5625 1
41 15872 1
41 15874 3
41 516 1
41 14854 1
41 3084 1
41 13838 1
41 16915 1
41 19478 1
41 22557 1
41 603 1
41 18483 1
41 1590 1
41 12345 1
41 5178 1
41 12349 1
41 3134 1
41 3647 1
41 3648 1
41 12640 1
41 15426 1
41 15434 1
41 588 1
41 16982 1
41 1114 2
41 1627 1
41 18528 1
41 15457 1
41 15971 1
41 9831 1
41 19048 1
41 9322 1
41 13425 1
41 17015 1
41 126 1
41 132 1
41 13445 1
41 137 1
41 4235 1
41 1167 1
41 11926 1
41 671 1
41 13477 1
41 16049 1
41 20149 1
41 12471 1
41 10939 1
41 7870 1
41 703 1
41 12481 1
41 15042 1
41 4293 1
41 22223 2
41 10449 1
41 20695 3
41 11471 1
41 13022 1
41 4831 1
41 17638 2
41 1257 1
41 14469 1
41 1272 1
41 2812 1
41 16131 1
41 4868 2
41 4364 1
41 17177 1
41 18204 1
41 8989 1
41 5765 1
41 16166 1
41 18222 1
41 5936 1
41 11058 1
41 1844 1
41 10206 1
41 21825 1
41 1858 1
41 12625 2
41 18771 1
41 9047 1
41 19599 1
41 4956 1
41 3130 1
41 22368 1
41 16226 1
41 1895 1
41 13161 1
41 9069 2
41 13688 1
41 17789 1
41 1918 1
41 16775 1
41 20874 1
41 396 1
41 17807 1
41 3991 2
41 13723 1
41 4004 1
41 11181 1
41 10162 1
41 7823 1
41 3517 1
41 16834 1
41 4550 1
41 1997 1
41 1998 1
41 6904 1
41 6622 1
41 1506 1
41 14827 3
41 8685 1
41 15838 1
42 12288 2
42 6148 1
42 14680 2
42 16915 1
42 17943 1
42 13316 1
42 1564 1
42 17956 1
42 6694 1
42 20519 1
42 20011 1
42 16431 1
42 14387 1
42 16952 1
42 5178 2
42 12349 1
42 1599 1
42 12354 1
42 3652 1
42 15434 1
42 13388 1
42 12878 2
42 21586 1
42 595 1
42 11193 1
42 11865 1
42 2140 1
42 15457 1
42 21607 1
42 4203 1
42 21613 2
42 11887 1
42 14448 1
42 1141 1
42 17017 1
42 638 1
42 5760 1
42 21782 1
42 135 1
42 1163 1
42 4754 1
42 3220 1
42 18071 1
42 22171 1
42 7325 1
42 5829 1
42 16547 1
42 4263 1
42 1705 1
42 4267 1
42 15532 1
42 16049 1
42 12471 1
42 8892 1
42 19133 3
42 22133 1
42 4290 2
42 20165 1
42 9414 1
42 7880 1
42 11979 1
42 7380 1
42 11479 2
42 12512 1
42 13026 1
42 8421 1
42 17638 2
42 6375 2
42 7401 1
42 15314 1
42 4846 1
42 9458 1
42 2294 1
42 14592 3
42 17637 1
42 19204 1
42 21781 1
42 13078 1
42 17688 1
42 12570 2
42 18209 1
42 7460 1
42 2343 1
42 4886 1
42 21305 3
42 15681 1
42 15170 1
42 2374 1
42 17225 1
42 21841 2
42 16725 1
42 9047 1
42 7512 1
42 1371 1
42 21733 1
42 1465 1
42 8041 1
42 2410 1
42 1900 1
42 9069 3
42 9582 1
42 16243 1
42 12663 1
42 4473 1
42 13887 1
42 12670 1
42 12671 1
42 17806 1
42 917 1
42 10646 1
42 15771 2
42 20384 2
42 15273 1
42 11178 1
42 15276 1
42 19886 1
42 15801 1
42 5051 1
42 4030 1
42 501 1
42 11714 1
42 1482 1
42 4555 1
42 14290 2
42 3647 1
42 10205 1
42 18911 1
42 5089 1
42 19938 1
42 22505 1
42 7658 1
42 15851 1
42 492 1
42 496 1
42 1525 1
42 12790 1
42 18857 1
42 4601 1
42 12799 2
43 11008 1
43 21121 1
43 6791 1
43 904 1
43 17290 2
43 9069 1
43 22032 1
43 13912 1
43 16835 1
43 21781 1
43 11673 1
43 17732 1
43 5276 1
43 5149 1
43 7582 1
43 5920 1
43 12577 2
43 4132 1
43 20519 1
43 6824 1
43 18056 1
43 8747 1
43 9644 2
43 18479 1
43 11569 1
43 17476 1
43 128 1
43 7111 1
43 1591 1
43 14489 1
43 2873 1
43 20155 1
43 8892 3
43 19133 1
43 11326 1
43 2239 1
43 3520 1
43 20384 1
43 11714 2
43 17731 2
43 1626 1
43 8950 1
43 2375 1
43 7498 1
43 1355 1
43 588 3
43 7632 1
43 21586 1
43 21305 1
43 22232 1
43 12378 2
43 18267 1
43 20752 1
43 6630 1
43 1895 1
43 11752 1
43 19561 1
43 5864 1
43 625 1
43 18162 1
43 9453 1
43 502 2
43 11771 1
43 638 1
44 515 1
44 16902 1
44 18447 2
44 22032 2
44 22557 1
44 16416 1
44 13863 1
44 8746 1
44 4654 1
44 18483 1
44 121 1
44 11444 1
44 4668 1
44 3647 1
44 3648 1
44 3652 1
44 11335 1
44 15434 1
44 20237 1
44 21586 1
44 1627 2
44 18525 1
44 7778 1
44 103 1
44 13418 1
44 107 1
44 109 1
44 5744 1
44 7287 1
44 6776 1
44 633 2
44 18554 1
44 16508 2
44 3201 1
44 136 1
44 137 1
44 4290 1
44 21613 1
44 9875 1
44 4756 1
44 671 1
44 1092 1
44 21156 1
44 4276 1
44 8378 1
44 19133 2
44 12481 1
44 9410 1
44 11471 1
44 720 1
44 8919 1
44 1758 1
44 464 1
44 13542 1
44 11388 1
44 7402 1
44 8954 1
44 11008 2
44 14551 1
44 14093 1
44 18200 1
44 2841 1
44 13093 2
44 19238 1
44 18224 1
44 13022 1
44 21305 2
44 16196 1
44 8012 1
44 21841 1
44 4956 1
44 7520 1
44 15723 1
44 9069 2
44 10097 1
44 3475 2
44 7582 1
44 7550 1
44 20351 1
44 906 1
44 13200 1
44 16787 1
44 19861 2
44 8260 1
44 15771 1
44 5020 2
44 15774 2
44 8607 1
44 21918 2
44 18876 3
44 3517 1
44 16833 1
44 1997 1
44 3536 1
44 9684 1
44 7637 1
44 470 1
44 1504 1
44 1506 1
44 4599 1
45 12288 1
45 515 1
45 22032 1
45 15534 1
45 17943 1
45 22557 1
45 1566 1
45 20519 1
45 3116 1
45 4653 1
45 4654 1
45 4668 1
45 3647 1
45 3652 2
45 3672 1
45 13914 1
45 1627 1
45 15456 1
45 7780 1
45 103 1
45 9832 1
45 9833 1
45 13418 1
45 10862 1
45 1141 2
45 6263 1
45 633 1
45 16508 2
45 3200 1
45 1155 1
45 134 1
45 7303 1
45 650 1
45 14475 1
45 9875 1
45 22188 2
45 5806 1
45 16049 1
45 16414 1
45 8892 1
45 19133 1
45 7870 1
45 2243 1
45 9924 1
45 7287 1
45 10449 1
45 7380 1
45 12501 1
45 13526 1
45 20183 1
45 11483 1
45 14046 1
45 13023 1
45 17125 1
45 11508 1
45 4868 1
45 14086 1
45 3629 1
45 16661 1
45 7451 1
45 18209 1
45 19238 1
45 2855 1
45 20782 1
45 15666 1
45 21305 1
45 12604 1
45 15180 1
45 12625 1
45 3419 1
45 7011 1
45 18793 1
45 9069 1
45 20847 1
45 15728 1
45 20343 1
45 17788 1
45 8065 1
45 18818 1
45 12164 1
45 15754 1
45 11672 1
45 19861 1
45 19864 1
45 13723 1
45 5020 2
45 14761 1
45 16301 1
45 4046 1
45 10206 1
45 494 1
45 15273 1
45 4601 1
45 1019 1
46 17154 1
46 7512 1
46 17435 1
46 9244 1
46 22557 1
46 9246 1
46 16416 1
46 6691 1
46 6694 1
46 1068 1
46 11309 1
46 4654 1
46 3631 1
46 8750 1
46 1076 2
46 573 1
46 1461 1
46 13408 1
46 3650 1
46 15939 1
46 69 1
46 15432 1
46 9291 1
46 21586 1
46 15448 1
46 1626 1
46 14427 1
46 18528 2
46 20183 1
46 612 1
46 10859 1
46 108 2
46 11887 2
46 14448 1
46 2673 1
46 8153 1
46 8041 1
46 18042 1
46 4219 1
46 18046 1
46 5251 1
46 136 1
46 6281 1
46 2706 1
46 20635 1
46 12178 1
46 673 2
46 17060 1
46 7366 1
46 7847 1
46 4660 1
46 16049 2
46 15539 1
46 8892 1
46 19133 2
46 11462 1
46 11466 1
46 17612 1
46 15727 1
46 5840 1
46 20695 2
46 15577 1
46 11471 3
46 10972 1
46 18554 1
46 14047 1
46 7392 1
46 20195 1
46 2279 1
46 2799 1
46 12018 1
46 20723 2
46 1918 1
46 21750 2
46 12537 1
46 22266 1
46 11008 1
46 21762 1
46 4868 1
46 14086 1
46 16649 1
46 9687 1
46 2834 1
46 2835 1
46 13358 1
46 4886 1
46 2839 1
46 2841 2
46 18209 1
46 5927 1
46 5936 1
46 3893 1
46 21305 2
46 12604 1
46 4414 1
46 3913 1
46 5464 1
46 22369 1
46 13159 1
46 18793 1
46 5994 1
46 9069 1
46 20847 2
46 20848 1
46 4989 1
46 8062 1
46 1410 1
46 16774 1
46 1415 1
46 1420 1
46 20882 2
46 7062 1
46 11760 1
46 18851 1
46 19366 1
46 4520 1
46 22442 1
46 7598 1
46 10162 1
46 9141 1
46 17225 1
46 12733 1
46 9658 1
46 3517 1
46 12734 2
46 13252 2
46 13255 1
46 9167 1
46 7634 1
46 14807 1
46 11737 2
46 1498 1
46 17061 1
46 1504 1
46 12265 1
46 8683 1
46 16367 1
46 3568 1
46 17396 1
46 502 1
46 4604 1
47 11777 1
47 2578 1
47 22551 1
47 10264 1
47 15279 1
47 4638 1
47 15903 1
47 12464 1
47 2310 1
47 11815 1
47 15915 1
47 605 1
47 8752 1
47 3647 1
47 20547 1
47 11334 1
47 8789 1
47 7773 2
47 5734 1
47 15976 1
47 12394 1
47 17004 1
47 19712 1
47 5231 1
47 10867 1
47 1141 3
47 17017 1
47 5246 2
47 129 1
47 6787 1
47 137 1
47 1163 1
47 4754 1
47 17046 1
47 11931 1
47 671 1
47 6306 1
47 19619 1
47 22188 2
47 14509 1
47 15536 1
47 19124 2
47 22200 1
47 11295 1
47 21692 1
47 19133 1
47 14016 2
47 2243 1
47 19147 1
47 14031 1
47 10963 1
47 18133 1
47 21723 1
47 21727 1
47 6368 1
47 19172 1
47 741 1
47 2278 1
47 21750 1
47 14583 1
47 11732 1
47 11008 2
47 4867 3
47 19718 2
47 18185 1
47 4364 1
47 12558 1
47 3880 1
47 2348 1
47 21295 2
47 10545 1
47 10552 1
47 21305 1
47 12602 1
47 10975 2
47 22340 1
47 4942 1
47 15193 1
47 858 1
47 15713 1
47 5988 1
47 13160 1
47 15722 1
47 364 1
47 20882 1
47 2929 1
47 6004 1
47 20343 1
47 8568 1
47 5498 1
47 13887 1
47 17788 1
47 8573 1
47 8579 1
47 2949 1
47 16775 1
47 8076 1
47 9617 1
47 22418 1
47 10644 3
47 3992 4
47 17830 1
47 12713 1
47 15276 1
47 11693 1
47 2990 1
47 8623 1
47 18420 1
47 21946 1
47 7124 1
47 12734 1
47 18882 1
47 4548 1
47 17352 1
47 5623 1
47 8660 1
47 1501 1
47 10206 1
47 12773 1
47 10727 1
47 15850 1
47 16367 1
47 12787 1
47 16372 1
47 4521 1
48 4608 1
48 7595 1
48 7684 1
48 7692 1
48 20494 1
48 22032 3
48 12462 1
48 22551 7
48 22557 1
48 18977 1
48 20010 1
48 16430 1
48 9777 1
48 3643 2
48 7745 1
48 20547 1
48 7236 1
48 22086 1
48 5197 1
48 5198 1
48 3157 2
48 13398 3
48 11449 1
48 15971 1
48 2322 2
48 8238 1
48 17004 1
48 786 1
48 11887 2
48 7528 1
48 10360 1
48 19578 1
48 6335 1
48 12924 1
48 5764 1
48 137 1
48 17943 2
48 9069 2
48 1168 3
48 1169 1
48 9875 1
48 3220 1
48 16543 1
48 21152 1
48 18081 1
48 10403 1
48 10407 1
48 15528 1
48 10286 1
48 15532 2
48 5806 2
48 5149 1
48 19124 1
48 12471 1
48 4793 1
48 15548 2
48 19133 1
48 9919 1
48 20686 1
48 15567 1
48 18128 1
48 12501 1
48 17312 2
48 8425 1
48 8427 1
48 6381 1
48 5364 2
48 15096 1
48 16121 1
48 11007 2
48 11008 1
48 14593 1
48 20234 2
48 14093 1
48 7952 1
48 12049 1
48 2834 1
48 15216 1
48 16661 1
48 3878 2
48 2343 1
48 17706 1
48 21305 1
48 20794 1
48 906 1
48 19595 1
48 10573 1
48 12625 1
48 4438 1
48 2394 1
48 15199 1
48 22369 1
48 19816 1
48 20333 1
48 21613 1
48 9072 1
48 1922 1
48 2947 1
48 15754 2
48 14743 1
48 3991 1
48 3992 1
48 7066 1
48 12188 1
48 7584 1
48 8098 1
48 18852 1
48 1445 1
48 13223 1
48 7592 1
48 15273 4
48 22442 1
48 15275 1
48 4019 1
48 12216 1
48 8636 1
48 20384 1
48 11714 1
48 13763 1
48 4037 1
48 20424 1
48 15317 4
48 12768 1
48 10209 1
48 14306 1
48 10214 1
48 21841 1
48 16363 2
48 494 1
48 16367 1
48 11760 1
48 6650 1
48 6652 1
48 18005 1
49 9600 1
49 2179 1
49 7684 1
49 137 1
49 138 1
49 1167 1
49 1169 5
49 22551 2
49 3844 1
49 3610 2
49 7069 1
49 17312 1
49 10407 1
49 11568 1
49 15432 1
49 13129 2
49 11449 1
49 3133 1
49 9760 1
49 15170 1
49 20384 1
49 8518 1
49 18503 1
49 5448 1
49 5321 1
49 17228 1
49 20686 3
49 21586 1
49 9044 3
49 12760 1
49 14682 1
49 16363 1
49 9069 1
49 5232 2
49 7409 1
49 7411 1
49 2932 3
49 10358 1
49 248 1
49 11771 1
50 12288 3
50 15874 2
50 19461 1
50 13832 1
50 15371 1
50 16911 1
50 22032 1
50 22551 1
50 11524 1
50 11292 1
50 9757 1
50 11294 1
50 9760 2
50 11850 1
50 8232 1
50 16431 2
50 9777 1
50 16434 1
50 12341 1
50 8765 1
50 18503 3
50 15432 4
50 15433 1
50 15434 1
50 13389 1
50 21586 1
50 5210 1
50 15971 1
50 22119 1
50 13937 1
50 10360 1
50 15994 1
50 16511 2
50 129 1
50 16519 2
50 136 4
50 137 3
50 10890 1
50 13677 2
50 13592 2
50 3221 1
50 19094 3
50 1179 1
50 10407 1
50 10408 1
50 11434 1
50 4267 1
50 19741 1
50 2224 4
50 5301 4
50 8376 1
50 8379 1
50 8892 1
50 19133 5
50 13502 3
50 5321 1
50 20686 5
50 4303 1
50 11478 1
50 12503 1
50 10972 4
50 14970 1
50 7397 1
50 6381 1
50 14574 1
50 3313 2
50 14579 1
50 1280 2
50 8962 1
50 2307 1
50 3844 1
50 20230 1
50 16513 3
50 17162 1
50 3344 2
50 17681 1
50 4868 1
50 18200 1
50 8989 1
50 4385 1
50 7463 1
50 7477 1
50 21305 5
50 6459 1
50 10635 1
50 14148 1
50 1351 1
50 16203 1
50 15184 1
50 12625 1
50 9044 12
50 1369 1
50 14682 2
50 18267 1
50 4960 1
50 22369 1
50 2407 1
50 7018 1
50 9069 5
50 13679 5
50 10096 1
50 7537 2
50 8568 1
50 7550 2
50 11925 1
50 897 1
50 13704 6
50 17290 1
50 395 1
50 8593 1
50 20803 1
50 19350 1
50 15266 1
50 16301 1
50 2990 1
50 5551 1
50 5489 1
50 2634 1
50 22464 1
50 13255 1
50 15817 1
50 9169 1
50 4058 2
50 9181 1
50 2025 1
50 4263 1
50 16366 1
50 15855 1
50 11760 1
50 14324 2
50 6652 1
50 5118 2
51 16771 2
51 11524 1
51 16773 1
51 646 2
51 17671 1
51 13832 1
51 10890 1
51 4364 1
51 3981 1
51 4623 1
51 14488 1
51 13459 2
51 19094 2
51 3991 1
51 3992 1
51 19460 1
51 11887 1
51 16417 1
51 17187 1
51 17067 1
51 5551 1
51 17840 1
51 14386 1
51 13129 2
51 10552 1
51 6464 1
51 8898 1
51 22340 1
51 15777 2
51 17481 1
51 11850 1
51 22571 1
51 4050 1
51 4438 1
51 18267 1
51 10205 1
51 10206 1
51 10607 1
51 11007 1
51 15869 1
51 5118 2
51 8797 1
52 12288 1
52 6146 1
52 11273 3
52 11275 2
52 11181 1
52 22032 2
52 13841 1
52 7702 2
52 6489 1
52 14882 1
52 6694 1
52 4647 1
52 17961 1
52 3629 1
52 15918 2
52 16431 1
52 9777 1
52 16434 1
52 13880 1
52 14906 1
52 7741 1
52 578 1
52 20547 2
52 15432 1
52 16301 1
52 11850 1
52 8779 1
52 17996 1
52 13389 2
52 8782 1
52 18005 1
52 5210 1
52 16911 1
52 3258 1
52 12816 1
52 15971 3
52 16998 1
52 4199 1
52 22119 1
52 21103 1
52 14448 1
52 1141 2
52 11887 2
52 5764 1
52 15496 1
52 18569 1
52 13451 1
52 19607 1
52 19901 1
52 11931 1
52 10408 1
52 683 1
52 22188 1
52 19186 2
52 5818 1
52 7867 1
52 19133 5
52 13516 1
52 16588 1
52 22562 2
52 20686 1
52 721 1
52 4818 1
52 10963 1
52 12501 1
52 13526 1
52 15575 2
52 12510 1
52 7397 1
52 743 1
52 1266 2
52 3318 1
52 12026 1
52 8127 2
52 18185 1
52 20234 1
52 4364 3
52 15119 1
52 17168 1
52 21782 1
52 8989 1
52 4382 1
52 9513 2
52 1415 1
52 7471 2
52 7475 1
52 1844 1
52 1246 1
52 16695 1
52 21305 5
52 12602 1
52 3393 1
52 3907 1
52 9543 1
52 17225 1
52 17228 1
52 17890 1
52 15184 1
52 12625 3
52 14677 1
52 5433 1
52 4441 1
52 18267 1
52 10469 1
52 17763 2
52 15717 2
52 10599 1
52 7752 1
52 9069 1
52 573 2
52 14716 1
52 1918 1
52 7040 2
52 1921 1
52 16773 1
52 16775 2
52 1420 1
52 4497 1
52 11157 1
52 3991 1
52 3992 1
52 4000 2
52 22442 1
52 12018 1
52 12360 1
52 1465 1
52 18876 2
52 8778 1
52 4031 1
52 4032 1
52 11714 1
52 8268 1
52 5578 1
52 15820 1
52 5069 3
52 18769 1
52 12878 1
52 8666 1
52 10204 1
52 10205 1
52 10206 1
52 10208 1
52 12770 1
52 7655 1
52 4073 1
52 15855 1
52 497 1
52 6644 1
52 16373 1
52 4087 1
52 3064 1
52 8185 1
52 17403 2
52 6652 1
52 12799 1
53 13318 1
53 11275 1
53 22032 5
53 15448 2
53 15856 3
53 1560 1
53 1467 1
53 3419 1
53 1578 7
53 16431 1
53 11832 1
53 13887 2
53 12353 1
53 8260 1
53 11850 1
53 588 6
53 21586 1
53 18005 2
53 18569 1
53 9817 2
53 18013 1
53 15971 2
53 16488 1
53 20604 2
53 2179 1
53 13445 1
53 137 1
53 12426 1
53 2755 1
53 14493 1
53 16544 1
53 10407 5
53 17067 1
53 16049 1
53 15539 1
53 12471 1
53 19133 1
53 2243 1
53 15567 1
53 22232 1
53 11471 1
53 19679 2
53 5347 2
53 7396 1
53 8421 3
53 12007 1
53 7400 1
53 13681 1
53 14592 1
53 4868 1
53 18185 1
53 20234 1
53 4364 4
53 18818 1
53 17688 2
53 6938 1
53 8989 2
53 7457 1
53 13611 1
53 13449 1
53 21305 1
53 12746 4
53 16706 1
53 16695 4
53 6990 1
53 12624 1
53 12625 2
53 18267 4
53 22368 1
53 15714 1
53 5994 1
53 9069 1
53 2416 1
53 7537 1
53 9791 1
53 1922 1
53 1924 2
53 9606 1
53 20877 1
53 7055 1
53 14743 2
53 14744 1
53 7236 1
53 13723 1
53 1437 1
53 21408 1
53 4001 2
53 418 1
53 4516 1
53 9642 1
53 12716 1
53 10679 1
53 11193 1
53 6075 2
53 1469 1
53 21950 1
53 20384 2
53 4547 1
53 13255 1
53 1482 1
53 15266 1
53 7638 1
53 10205 1
53 15855 1
53 11760 1
53 6136 3
53 7163 1
53 7164 2
53 8797 1
54 12288 1
54 519 1
54 14856 2
54 14 2
54 22551 1
54 1048 1
54 17435 1
54 19484 1
54 21022 1
54 15392 1
54 16936 2
54 12842 1
54 22572 1
54 12333 1
54 15209 1
54 9600 1
54 12852 3
54 12341 1
54 19511 1
54 11832 1
54 13882 1
54 6715 1
54 3647 1
54 7236 2
54 9268 1
54 8262 2
54 12360 1
54 7241 1
54 15434 1
54 588 1
54 15950 1
54 10832 1
54 21586 5
54 18005 1
54 21597 2
54 18023 1
54 20592 1
54 5993 1
54 12927 1
54 126 1
54 16511 1
54 15296 1
54 13442 1
54 13957 2
54 6790 1
54 136 1
54 137 2
54 6423 1
54 1167 1
54 3217 2
54 1170 1
54 15508 3
54 12446 1
54 14495 1
54 19619 4
54 15528 4
54 17067 1
54 15539 3
54 9758 1
54 19126 1
54 11961 3
54 11962 1
54 8892 1
54 19133 3
54 12481 1
54 10434 1
54 2243 1
54 5321 1
54 20686 3
54 22228 1
54 15579 2
54 10972 2
54 10975 1
54 16272 1
54 740 1
54 20494 1
54 11496 1
54 14574 2
54 12018 1
54 5246 1
54 5368 2
54 16123 1
54 1408 1
54 14082 2
54 8236 2
54 2314 1
54 4364 2
54 16120 1
54 20238 1
54 15404 1
54 20242 2
54 4886 6
54 279 1
54 17688 4
54 5935 1
54 8988 1
54 4901 1
54 17706 6
54 21295 1
54 904 1
54 21305 3
54 4831 1
54 1855 1
54 13129 1
54 19938 2
54 18766 1
54 12624 1
54 22358 1
54 3417 1
54 4449 1
54 2407 1
54 8041 2
54 5994 3
54 6375 1
54 9069 9
54 11632 1
54 5352 1
54 5301 2
54 2427 3
54 1918 1
54 17791 1
54 15232 2
54 1415 1
54 13704 1
54 15754 2
54 13200 2
54 13201 1
54 13202 1
54 405 1
54 1439 1
54 4012 2
54 1266 1
54 1460 1
54 11710 1
54 22464 5
54 11714 1
54 11726 1
54 248 1
54 14807 1
54 6622 2
54 2640 1
54 14306 2
54 17490 2
54 16366 1
54 16368 1
54 13819 1
54 13821 1
54 12799 1
55 4944 1
55 12288 1
55 22571 1
55 19460 1
55 19478 1
55 11398 1
55 904 1
55 137 1
55 15754 1
55 4364 2
55 1467 1
55 917 1
55 918 1
55 16592 1
55 12164 1
55 3321 2
55 9244 1
55 4509 1
55 14495 1
55 4000 2
55 1855 1
55 15266 1
55 19619 2
55 3974 1
55 10407 1
55 16936 1
55 11961 1
55 16121 1
55 4012 1
55 8749 1
55 11292 1
55 21295 2
55 19208 1
55 11444 1
55 5301 1
55 19511 1
55 2640 1
55 9145 1
55 18207 1
55 19900 1
55 1469 1
55 7870 1
55 3647 2
55 22209 1
55 10434 2
55 4942 1
55 6630 1
55 18209 1
55 17225 1
55 2634 1
55 20343 1
55 588 2
55 20686 1
55 592 2
55 22200 1
55 21586 1
55 4053 1
55 8441 1
55 15448 1
55 10972 1
55 15582 1
55 14049 1
55 14306 7
55 19939 1
55 4453 1
55 16998 1
55 11496 2
55 8892 1
55 19562 1
55 500 1
55 22252 1
55 9069 4
55 13884 1
55 16367 1
55 15528 2
55 12018 1
55 16372 1
55 10985 1
55 16120 2
55 505 1
55 2427 1
55 18005 2
56 7683 1
56 9227 2
56 7180 1
56 2648 1
56 1042 1
56 13844 4
56 8236 1
56 1074 1
56 1590 1
56 4663 1
56 10300 1
56 5694 1
56 13887 2
56 14664 1
56 3652 1
56 3141 2
56 15432 3
56 21586 3
56 13912 1
56 5209 1
56 18528 1
56 15971 1
56 16998 1
56 18023 1
56 21617 1
56 10360 1
56 15994 1
56 13435 1
56 18561 1
56 8327 2
56 19595 1
56 656 1
56 19607 1
56 11931 1
56 21664 1
56 16035 1
56 4263 1
56 10408 1
56 11949 2
56 7345 2
56 13493 1
56 9400 1
56 8892 1
56 19133 1
56 16586 1
56 13516 1
56 11471 1
56 11479 1
56 11999 1
56 7397 1
56 746 1
56 19693 1
56 4364 1
56 5390 1
56 17681 1
56 1812 1
56 16661 1
56 4886 3
56 19737 1
56 4385 1
56 1844 1
56 1855 1
56 5955 1
56 6984 1
56 13129 1
56 12625 1
56 1376 2
56 2914 5
56 3948 1
56 15731 1
56 5951 1
56 18154 1
56 8067 2
56 14213 1
56 15751 2
56 8585 1
56 22339 1
56 15770 1
56 1947 1
56 12191 1
56 1956 1
56 5029 1
56 19619 1
56 2990 2
56 4015 1
56 4168 1
56 18872 1
56 11708 1
56 22464 1
56 21451 1
56 19405 2
56 9171 1
56 10206 1
56 487 1
56 488 1
56 1514 1
56 15856 1
56 3058 1
56 5623 5
56 12360 1
56 21503 2
56 6652 1
56 15869 1
56 8703 1
57 3073 1
57 3074 3
57 7683 1
57 7684 1
57 12805 2
57 13320 1
57 16905 1
57 7691 2
57 11792 1
57 529 1
57 3075 1
57 6678 1
57 7191 1
57 10264 1
57 22557 2
57 9246 1
57 15903 2
57 14882 1
57 12325 4
57 4647 1
57 19496 1
57 15918 1
57 9777 1
57 1074 1
57 3636 1
57 1591 1
57 13884 3
57 13888 2
57 17068 1
57 2747 2
57 12471 1
57 588 2
57 15438 1
57 15032 1
57 21586 1
57 599 1
57 6234 1
57 5818 1
57 22032 1
57 13411 1
57 7780 2
57 16998 1
57 13841 2
57 6760 1
57 13418 1
57 15532 1
57 21617 1
57 10869 1
57 6687 1
57 15994 1
57 2239 1
57 14973 1
57 5246 1
57 13440 1
57 22464 1
57 5995 1
57 13445 3
57 20103 1
57 13961 1
57 22551 1
57 13452 1
57 7823 1
57 14495 1
57 10407 1
57 4267 1
57 22188 1
57 8878 1
57 17072 1
57 9394 1
57 5815 2
57 8376 2
57 2745 1
57 683 1
57 9247 1
57 8892 3
57 19133 1
57 6773 1
57 16576 1
57 19140 1
57 15222 4
57 20168 2
57 17067 2
57 13516 3
57 5841 1
57 10459 1
57 5754 1
57 10975 1
57 7396 1
57 7867 2
57 742 1
57 743 1
57 8425 3
57 17125 1
57 20212 1
57 16123 1
57 7933 1
57 11904 1
57 4868 1
57 18185 6
57 4364 2
57 1410 1
57 15119 1
57 7952 1
57 8989 1
57 1841 1
57 12588 1
57 7471 4
57 16177 1
57 7477 1
57 14473 1
57 21305 1
57 20284 1
57 8512 1
57 2278 1
57 15170 2
57 13451 1
57 18952 1
57 6984 1
57 20304 1
57 6996 1
57 19172 1
57 2394 1
57 7397 1
57 22368 1
57 1890 1
57 15717 1
57 3943 1
57 15209 1
57 6507 1
57 364 1
57 15218 4
57 7542 1
57 11641 1
57 15227 2
57 15229 1
57 1918 3
57 1408 1
57 4326 1
57 1922 1
57 4486 1
57 1420 1
57 20877 1
57 11662 1
57 22418 1
57 17818 1
57 13727 1
57 17313 1
57 2990 2
57 9145 1
57 11195 1
57 18876 1
57 11710 1
57 4032 2
57 11714 1
57 16838 1
57 13255 1
57 12746 2
57 12279 1
57 5069 1
57 13243 1
57 13776 1
57 12878 3
57 11737 1
57 13276 1
57 18911 1
57 8421 1
57 7657 1
57 15855 1
57 5623 2
57 10263 1
57 17403 1
58 3203 2
58 18948 2
58 18310 2
58 4745 2
58 16778 1
58 9581 2
58 7570 2
58 2196 1
58 21782 2
58 1561 2
58 17950 1
58 1572 4
58 1573 1
58 6694 1
58 10407 1
58 15275 2
58 16432 1
58 8378 1
58 1467 1
58 18364 1
58 14026 2
58 20303 2
58 592 2
58 4818 2
58 18005 1
58 9687 2
58 15268 2
58 3674 2
58 9167 2
58 5051 1
58 20717 2
58 16110 2
58 6255 2
58 7409 2
58 20466 2
58 13428 2
59 11392 1
59 3201 2
59 9090 1
59 18948 2
59 18310 2
59 4745 2
59 18571 1
59 16016 1
59 7570 2
59 691 2
59 21782 2
59 19607 1
59 1561 2
59 19610 1
59 8175 1
59 9047 1
59 15268 2
59 15275 1
59 16435 1
59 21814 1
59 6345 1
59 5051 2
59 18876 1
59 14026 2
59 13887 1
59 17350 1
59 5053 1
59 15818 1
59 9167 2
59 592 2
59 4818 2
59 18005 1
59 9687 2
59 1572 1
59 3674 2
59 20303 1
59 22032 1
59 18917 1
59 4070 1
59 20717 2
59 16110 2
59 6255 2
59 7409 2
59 20466 2
59 13428 1
59 20094 1
60 13316 1
60 20494 3
60 2063 1
60 22551 5
60 7684 1
60 6687 1
60 6695 1
60 15400 1
60 15402 1
60 11821 2
60 8238 2
60 13360 2
60 13884 1
60 16960 1
60 12360 2
60 11850 1
60 17996 1
60 21586 1
60 12888 1
60 602 1
60 18528 1
60 7265 1
60 100 1
60 21605 1
60 626 1
60 5246 1
60 17535 3
60 13440 1
60 13445 1
60 135 1
60 137 5
60 18571 1
60 1167 3
60 6801 2
60 14495 1
60 19619 2
60 10407 1
60 14509 1
60 11449 2
60 14522 1
60 12481 1
60 21189 1
60 5321 1
60 20686 1
60 9945 1
60 3311 1
60 14583 2
60 1578 1
60 3329 1
60 4364 2
60 4366 1
60 18197 1
60 281 1
60 4899 1
60 4901 1
60 18220 2
60 19764 1
60 6459 1
60 15170 1
60 20291 1
60 5447 1
60 14668 1
60 14672 1
60 14673 3
60 8553 1
60 7019 1
60 20882 1
60 14716 1
60 19943 1
60 20873 1
60 22418 1
60 13723 1
60 1947 1
60 6064 1
60 1460 2
60 11708 1
60 17856 1
60 588 2
60 15317 1
60 8153 1
60 8156 1
60 10205 1
60 18911 1
60 21841 1
60 16363 1
60 15864 1
61 12288 1
61 19460 1
61 20494 1
61 1554 1
61 22551 6
61 12825 1
61 15903 2
61 4647 1
61 8749 1
61 8238 1
61 8241 1
61 1074 1
61 13887 1
61 15424 1
61 18016 1
61 22596 1
61 585 7
61 588 3
61 10318 1
61 14937 1
61 20239 1
61 18013 1
61 18528 1
61 18023 1
61 8809 1
61 17004 1
61 626 1
61 10357 1
61 10360 1
61 633 1
61 130 1
61 15494 1
61 136 2
61 137 1
61 15499 1
61 15500 1
61 1167 1
61 1168 1
61 10407 2
61 3758 1
61 5808 1
61 11444 1
61 12471 1
61 11449 1
61 8223 2
61 2239 1
61 12481 1
61 6853 1
61 13516 2
61 632 1
61 17106 2
61 17107 4
61 17109 3
61 6265 1
61 10468 1
61 8421 1
61 10985 1
61 15594 2
61 7409 2
61 14547 1
61 6925 2
61 6927 3
61 8468 4
61 14616 1
61 20269 1
61 13961 1
61 3393 1
61 9538 1
61 13963 1
61 842 1
61 17229 1
61 4942 3
61 4944 1
61 5970 1
61 9047 1
61 19804 1
61 16224 1
61 1895 1
61 8041 1
61 9069 1
61 15216 1
61 9087 1
61 11664 1
61 20882 1
61 16367 1
61 7584 1
61 13723 1
61 11684 3
61 13227 1
61 19900 3
61 967 1
61 17484 1
61 15317 1
61 5092 1
61 16363 1
61 3055 1
61 7154 1
61 1525 2
61 5623 1
62 15874 1
62 10762 1
62 7694 1
62 7699 1
62 22551 5
62 13849 1
62 9244 1
62 5149 1
62 8223 1
62 20519 1
62 22571 1
62 16431 1
62 15499 1
62 4149 1
62 7734 1
62 3643 1
62 5577 1
62 8260 2
62 588 1
62 21586 1
62 595 1
62 22100 1
62 18005 2
62 13398 1
62 1465 1
62 16998 1
62 18023 2
62 6760 1
62 17004 1
62 622 1
62 14448 1
62 15976 1
62 6770 1
62 21619 1
62 6773 1
62 19593 3
62 8468 1
62 5243 1
62 18044 1
62 16661 1
62 13952 1
62 11103 1
62 19764 1
62 12937 1
62 1163 1
62 13388 1
62 3731 1
62 15000 1
62 7877 1
62 1648 1
62 4263 1
62 14509 3
62 22557 1
62 18096 1
62 4277 1
62 22198 1
62 12471 2
62 22200 1
62 11449 1
62 3258 1
62 8892 1
62 19133 6
62 2245 1
62 20168 2
62 15820 1
62 2254 1
62 9423 1
62 7380 1
62 12503 1
62 20698 1
62 5339 1
62 18140 1
62 12510 1
62 10464 2
62 10467 2
62 740 1
62 22245 1
62 10985 2
62 20722 2
62 13937 1
62 15609 1
62 22266 1
62 19707 1
62 18174 1
62 18175 1
62 15616 1
62 4867 1
62 4868 1
62 15621 1
62 4364 2
62 14093 1
62 21267 1
62 19732 1
62 6421 1
62 16663 1
62 8473 1
62 10524 1
62 4894 1
62 8993 1
62 3874 1
62 1829 1
62 16682 3
62 7471 1
62 15666 1
62 1844 2
62 137 1
62 21305 2
62 10976 1
62 13451 1
62 18759 1
62 17719 1
62 17229 1
62 3408 1
62 12625 3
62 14677 2
62 3711 1
62 17125 1
62 6715 1
62 360 1
62 6507 1
62 9069 1
62 13680 1
62 16774 1
62 910 1
62 19608 1
62 9618 1
62 10644 1
62 21617 1
62 13723 1
62 12189 1
62 4000 2
62 18851 1
62 15275 1
62 1266 1
62 20882 1
62 435 1
62 9145 1
62 1979 1
62 7101 1
62 3528 1
62 19401 1
62 13772 1
62 9169 1
62 3544 1
62 19421 1
62 18911 2
62 18917 1
62 21841 1
62 18920 1
62 19145 1
62 3060 1
62 5623 3
62 15864 1
62 11257 1
62 18426 1
62 11771 1
63 8193 1
63 12805 1
63 17943 1
63 13848 1
63 28 1
63 6687 1
63 3621 1
63 38 1
63 39 2
63 22057 1
63 8236 1
63 3633 2
63 13362 1
63 17973 1
63 3134 3
63 13888 1
63 22082 1
63 7777 1
63 588 1
63 13389 1
63 12312 1
63 9816 1
63 13404 1
63 8797 1
63 19553 1
63 6760 1
63 8301 1
63 3183 1
63 2237 1
63 10871 1
63 14969 1
63 18561 1
63 22147 1
63 22551 1
63 140 1
63 14993 2
63 11444 1
63 8892 1
63 19133 1
63 4831 1
63 6340 1
63 19145 1
63 12495 1
63 721 1
63 11482 1
63 10972 1
63 1758 1
63 14047 1
63 6375 1
63 5867 1
63 9965 1
63 3314 1
63 8437 1
63 18473 1
63 4868 2
63 1580 1
63 4364 2
63 8461 1
63 7451 1
63 8988 1
63 7455 1
63 9777 1
63 4647 1
63 15666 1
63 1842 1
63 16180 1
63 10974 1
63 21305 1
63 1759 1
63 7996 1
63 1342 1
63 18485 1
63 17890 1
63 12625 1
63 14677 1
63 1255 1
63 9069 3
63 2416 1
63 1918 1
63 4484 1
63 2949 1
63 13704 1
63 8043 2
63 7570 1
63 1518 1
63 14743 1
63 8604 1
63 17823 1
63 20384 1
63 18853 1
63 1454 1
63 1469 1
63 8574 1
63 16347 1
63 12770 1
63 19939 1
63 13796 1
63 15845 1
63 3564 1
63 22510 1
63 16891 1
64 1408 1
64 14721 1
64 4610 1
64 773 1
64 4868 1
64 12805 1
64 1414 1
64 3335 1
64 19464 1
64 13452 1
64 13834 1
64 15820 1
64 4364 2
64 4366 1
64 4013 1
64 14993 1
64 17170 1
64 4115 1
64 17428 1
64 14743 1
64 3175 1
64 1420 1
64 8988 1
64 16414 1
64 15903 1
64 11760 2
64 2594 1
64 9124 1
64 15864 1
64 4012 2
64 3629 1
64 16430 1
64 2348 1
64 1459 1
64 12852 1
64 15774 1
64 9400 1
64 1465 1
64 2407 1
64 8892 1
64 7690 1
64 1076 1
64 8257 1
64 12739 1
64 8012 1
64 11724 1
64 13389 1
64 10318 1
64 591 1
64 18424 1
64 19596 1
64 12110 1
64 12502 1
64 1844 1
64 15448 1
64 3290 1
64 3919 1
64 988 1
64 3293 1
64 1921 1
64 11632 1
64 6801 1
64 15971 1
64 9884 1
64 1255 1
64 7400 1
64 13244 1
64 3978 1
64 6375 1
64 15532 1
64 14448 1
64 1138 1
64 4438 1
64 1504 1
64 17961 1
64 10360 1
64 11708 1
64 12670 1
64 9727 1
65 588 1
65 6145 1
65 8062 1
65 12625 1
65 4364 1
65 22551 1
65 17004 1
65 9069 1
65 11662 1
65 9167 1
65 14509 1
65 21586 2
65 4276 1
65 18222 1
65 16054 1
65 5815 1
65 5624 1
65 3060 1
65 8988 1
65 797 1
65 12471 1
