1 12288 1
1 11777 1
1 19460 1
1 16901 1
1 9901 1
1 13848 1
1 10500 1
1 18460 2
1 13316 1
1 20255 1
1 21295 1
1 18267 1
1 3621 1
1 11817 1
1 3629 2
1 10286 1
1 12852 1
1 9269 1
1 1590 1
1 19124 1
1 1375 1
1 13885 1
1 8260 1
1 14918 1
1 20095 2
1 7241 1
1 17484 3
1 13398 1
1 9816 1
1 6237 1
1 18528 1
1 4795 1
1 13412 1
1 3260 1
1 21613 1
1 10862 1
1 5232 1
1 6770 1
1 21950 1
1 17016 1
1 14969 2
1 16508 1
1 18197 1
1 1153 1
1 16518 1
1 9351 1
1 14473 1
1 18882 1
1 20114 1
1 6809 1
1 16030 1
1 9887 1
1 14448 2
1 2210 1
1 13478 3
1 4776 1
1 11292 2
1 15730 1
1 17070 1
1 20148 1
1 20151 1
1 22200 2
1 15033 1
1 6331 1
1 18108 1
1 19133 2
1 14016 1
1 21536 1
1 3266 2
1 19142 1
1 20167 1
1 3959 1
1 5838 1
1 4303 1
1 16592 1
1 7892 1
1 9945 1
1 11482 1
1 11995 1
1 15580 1
1 1757 1
1 8415 1
1 14049 1
1 13026 2
1 8421 3
1 1256 1
1 14060 1
1 18159 2
1 17648 2
1 12018 1
1 741 1
1 10879 1
1 18686 1
1 8449 1
1 20774 1
1 4868 2
1 14721 1
1 20234 1
1 18191 1
1 2834 1
1 4884 1
1 13077 1
1 2841 1
1 7471 1
1 8989 1
1 7455 1
1 18208 1
1 18209 1
1 19675 1
1 18214 1
1 5928 1
1 8412 1
1 5935 1
1 13113 2
1 4831 1
1 6982 1
1 13025 1
1 4433 1
1 11604 1
1 22358 1
1 21305 2
1 6489 1
1 3419 1
1 5433 1
1 21855 1
1 10593 1
1 7011 2
1 7012 1
1 15722 1
1 19943 1
1 9069 1
1 12656 1
1 13681 1
1 15218 1
1 9075 1
1 21364 1
1 12151 1
1 3961 1
1 3963 1
1 17788 1
1 5501 1
1 9600 2
1 12673 1
1 1922 1
1 16775 1
1 8079 2
1 10641 1
1 20882 1
1 15763 1
1 19348 1
1 5529 1
1 15817 1
1 12190 1
1 8607 2
1 20384 3
1 15777 1
1 12200 2
1 15273 1
1 12717 1
1 13232 1
1 15432 1
1 15774 1
1 10679 1
1 8892 1
1 8180 1
1 6783 1
1 18876 2
1 3517 1
1 4030 1
1 22464 1
1 7617 1
1 11714 2
1 588 1
1 12746 1
1 11724 1
1 9167 2
1 6528 1
1 7637 1
1 18911 1
1 19939 2
1 12625 3
1 13800 1
1 7658 1
1 3058 1
1 20468 1
1 4602 1
2 14592 1
2 19460 1
2 20997 1
2 16902 1
2 4623 1
2 22032 1
2 13808 1
2 1564 1
2 15903 2
2 1569 1
2 1576 1
2 3629 1
2 7517 1
2 3633 1
2 7219 1
2 1076 1
2 9270 1
2 6715 1
2 1601 1
2 15432 1
2 17484 2
2 12878 1
2 591 1
2 592 1
2 595 1
2 22108 1
2 15460 1
2 18540 1
2 18030 1
2 14448 1
2 20593 1
2 2835 1
2 6778 1
2 6783 1
2 3201 1
2 13445 3
2 646 1
2 15495 1
2 655 1
2 9875 1
2 18070 1
2 2244 1
2 14492 1
2 14493 1
2 16030 2
2 16546 1
2 13478 1
2 18460 1
2 17066 1
2 22188 2
2 17072 1
2 16049 1
2 22200 1
2 11855 1
2 6687 1
2 15548 3
2 19133 1
2 14016 1
2 14020 1
2 19142 1
2 20167 1
2 17608 1
2 13516 2
2 11471 1
2 5331 1
2 14038 1
2 5433 2
2 22232 1
2 7903 1
2 13026 2
2 8421 2
2 8425 1
2 14060 2
2 15096 2
2 11007 1
2 1280 1
2 4868 3
2 19718 1
2 7041 1
2 14088 1
2 10515 2
2 19732 1
2 19733 1
2 21782 2
2 4377 1
2 19589 1
2 18209 1
2 16223 1
2 4899 1
2 10886 1
2 7463 1
2 1835 1
2 1836 1
2 11058 1
2 16695 2
2 21305 1
2 15593 1
2 20285 1
2 17225 2
2 12625 1
2 11604 1
2 4438 2
2 9047 2
2 349 1
2 15199 1
2 22368 1
2 3940 1
2 15209 1
2 15723 1
2 9069 1
2 879 1
2 12663 1
2 3963 1
2 4989 1
2 12673 2
2 1925 1
2 2113 1
2 3977 1
2 10644 1
2 13723 1
2 15856 1
2 19367 1
2 12716 1
2 1456 1
2 13238 1
2 18876 2
2 22463 1
2 19396 2
2 15817 1
2 20429 1
2 9167 1
2 5437 1
2 9691 1
2 6622 2
2 18911 1
2 19938 1
2 20967 1
2 12779 1
2 16367 1
2 11760 1
2 7153 1
2 7670 1
2 15855 1
2 5629 1
2 15871 1
3 22026 1
3 9047 1
3 16915 1
3 1044 1
3 16302 1
3 22551 1
3 2589 1
3 15903 1
3 7203 2
3 3621 1
3 9308 1
3 20526 2
3 15408 1
3 1074 1
3 7219 3
3 1076 2
3 16950 1
3 8761 1
3 9275 1
3 576 1
3 15939 1
3 7241 1
3 19019 1
3 588 1
3 11855 1
3 9809 1
3 5717 1
3 13398 1
3 602 1
3 22108 1
3 7777 1
3 15971 1
3 12390 1
3 7785 1
3 18028 1
3 21613 1
3 6770 1
3 15987 1
3 14969 1
3 13445 2
3 7303 1
3 19592 1
3 17943 2
3 11714 1
3 10900 1
3 22175 1
3 15528 1
3 2220 1
3 9901 1
3 11438 1
3 7345 1
3 21619 1
3 19124 1
3 2745 1
3 15548 1
3 19133 3
3 11461 1
3 14024 1
3 11468 1
3 18467 1
3 6777 1
3 4831 3
3 15584 1
3 7397 1
3 10472 1
3 4988 1
3 2284 1
3 22262 1
3 11511 1
3 764 1
3 7220 1
3 14592 2
3 8449 2
3 4868 1
3 17671 1
3 18185 1
3 3339 1
3 19726 1
3 10515 1
3 18197 1
3 8988 1
3 8989 2
3 13872 1
3 19238 1
3 15495 1
3 16434 1
3 7471 1
3 1160 1
3 7474 1
3 17719 1
3 5433 1
3 10555 1
3 17212 1
3 15754 1
3 8511 1
3 4000 1
3 20804 1
3 4421 1
3 13793 1
3 15177 2
3 8012 1
3 21305 3
3 13453 1
3 3408 1
3 12625 1
3 14677 1
3 17209 1
3 6489 1
3 8539 1
3 741 1
3 18784 1
3 364 1
3 6000 1
3 13174 1
3 12663 1
3 3220 1
3 16252 1
3 1918 1
3 1922 1
3 16260 1
3 15751 1
3 14730 1
3 4496 1
3 2451 1
3 11760 2
3 6554 1
3 13723 1
3 4509 1
3 22341 1
3 20384 1
3 14753 1
3 22437 1
3 12710 2
3 15273 3
3 4011 1
3 1454 1
3 7600 2
3 7089 1
3 18505 1
3 1465 2
3 8636 1
3 11710 1
3 22464 4
3 7584 1
3 16834 1
3 13255 1
3 13388 1
3 4087 1
3 14798 1
3 2001 1
3 9170 1
3 18393 1
3 15496 1
3 15184 1
3 13799 1
3 15856 1
3 680 1
3 13815 1
3 11771 3
3 15869 1
3 7765 1
4 12804 2
4 20999 1
4 528 1
4 9244 1
4 13854 2
4 11809 1
4 1068 2
4 14969 1
4 12341 1
4 20534 1
4 7735 1
4 8764 1
4 10821 1
4 18529 1
4 7240 1
4 587 1
4 17484 1
4 2130 1
4 3671 2
4 9817 1
4 5725 1
4 19553 1
4 21613 1
4 5743 1
4 1650 1
4 4217 1
4 6270 2
4 13440 1
4 18051 1
4 7303 1
4 15499 1
4 8898 1
4 11921 2
4 10915 1
4 22186 1
4 22188 1
4 13490 1
4 16568 1
4 20155 1
4 19133 2
4 18114 1
4 2755 1
4 11471 2
4 3796 1
4 6265 1
4 14552 1
4 4303 1
4 10972 1
4 10974 1
4 7903 1
4 10464 1
4 13027 2
4 8937 1
4 8062 1
4 14592 3
4 4868 2
4 18185 1
4 17163 1
4 1816 1
4 21305 1
4 4831 1
4 3919 1
4 3408 1
4 12625 1
4 21330 1
4 9047 1
4 2394 1
4 18267 1
4 20838 1
4 21364 1
4 12151 1
4 15736 1
4 10975 1
4 4589 1
4 10644 1
4 3991 1
4 16280 1
4 17818 1
4 15773 1
4 20384 1
4 18851 1
4 12712 1
4 15432 1
4 10679 1
4 1524 1
4 6075 1
4 4032 2
4 16835 1
4 4051 1
4 9684 1
4 14811 1
4 17372 1
4 6622 1
4 14306 2
4 7655 1
4 7660 1
4 8685 2
4 16366 1
4 18420 1
4 7670 1
4 4599 1
4 4601 1
5 12288 1
5 12804 1
5 529 1
5 4116 1
5 6678 1
5 22551 1
5 4356 1
5 17435 1
5 20519 1
5 22571 1
5 15404 1
5 3629 2
5 47 1
5 7732 1
5 7733 1
5 7236 1
5 12870 1
5 22601 1
5 14922 1
5 17484 1
5 17485 1
5 12472 2
5 3671 1
5 22108 1
5 7777 1
5 19555 1
5 15889 1
5 1644 1
5 6770 1
5 21619 1
5 632 1
5 635 1
5 16508 1
5 5246 2
5 13440 1
5 14466 1
5 15491 1
5 18571 1
5 7313 1
5 11411 1
5 11414 1
5 4121 1
5 14492 1
5 9892 1
5 15528 1
5 17066 1
5 9901 1
5 17072 1
5 4277 1
5 22200 1
5 5818 1
5 19133 1
5 9918 1
5 11967 1
5 11020 1
5 9945 1
5 15581 1
5 13026 2
5 8933 1
5 21374 1
5 22262 1
5 4868 2
5 8236 1
5 4364 2
5 7952 1
5 13073 1
5 8993 1
5 18210 1
5 19238 1
5 1833 1
5 12589 1
5 11058 1
5 1076 1
5 20284 1
5 15679 1
5 19787 1
5 21305 1
5 846 1
5 12625 2
5 22354 1
5 11603 1
5 5945 1
5 2394 1
5 22369 1
5 15206 1
5 11921 1
5 15209 1
5 5996 1
5 13682 1
5 21875 1
5 12151 3
5 13176 1
5 16252 1
5 1918 1
5 1919 1
5 14725 2
5 3977 1
5 17290 1
5 8079 1
5 22418 1
5 4499 1
5 1092 1
5 20384 1
5 18851 1
5 20388 1
5 15787 1
5 1454 1
5 1458 1
5 10679 1
5 1466 1
5 8778 1
5 16831 1
5 4032 1
5 13252 1
5 8648 2
5 8660 1
5 13781 1
5 17060 1
5 10206 1
5 19938 1
5 18406 1
5 11760 1
5 12789 1
5 7672 1
5 4602 1
6 12288 1
6 4610 1
6 17424 1
6 8449 2
6 22026 1
6 7180 1
6 526 1
6 7341 1
6 22032 1
6 4115 1
6 22551 2
6 22557 1
6 15903 3
6 1627 2
6 12465 1
6 16430 1
6 1076 1
6 4149 1
6 17975 1
6 8765 2
6 8769 2
6 3652 1
6 15432 3
6 15949 1
6 10831 1
6 10837 1
6 12891 6
6 21601 2
6 15971 2
6 22119 1
6 15976 1
6 21613 1
6 14448 1
6 21617 3
6 1141 1
6 7799 1
6 632 1
6 7801 1
6 13435 2
6 5246 1
6 13440 1
6 13445 2
6 9351 1
6 11916 1
6 1168 1
6 15508 1
6 11941 1
6 15528 2
6 9901 1
6 3758 1
6 1712 1
6 16049 1
6 5301 5
6 6516 1
6 2747 1
6 8892 1
6 11969 1
6 2243 1
6 3277 1
6 20686 2
6 6622 1
6 10972 1
6 745 1
6 22252 1
6 14574 3
6 18162 1
6 14584 1
6 7637 1
6 14592 1
6 5760 1
6 14082 1
6 20234 1
6 20237 1
6 12558 1
6 19731 1
6 4884 1
6 18197 1
6 19734 2
6 281 1
6 8988 1
6 13088 1
6 19238 1
6 11054 1
6 17715 2
6 19764 1
6 19765 1
6 19263 1
6 6464 1
6 13131 1
6 16725 1
6 4438 1
6 16728 1
6 4442 1
6 18267 4
6 22368 1
6 22369 1
6 7011 1
6 4966 1
6 13159 1
6 3946 1
6 8556 1
6 2416 1
6 21364 1
6 12151 1
6 831 1
6 1410 1
6 8579 1
6 7055 1
6 7236 1
6 7069 1
6 17312 1
6 14753 1
6 12200 1
6 12717 1
6 16817 1
6 5554 1
6 1460 1
6 6075 1
6 8636 1
6 3519 1
6 20384 1
6 11714 1
6 17313 1
6 3058 1
6 13772 2
6 4558 1
6 9167 1
6 15317 1
6 18393 1
6 12250 2
6 10206 1
6 4603 1
6 16363 1
6 11760 1
6 12712 2
6 10226 4
6 17395 1
6 14324 1
6 4600 1
6 6651 2
6 5119 1
7 12288 1
7 15362 1
7 19460 1
7 3601 1
7 3090 1
7 4115 1
7 10264 2
7 4868 1
7 4635 1
7 15903 5
7 22571 1
7 1068 1
7 16434 1
7 7219 1
7 1591 1
7 8771 1
7 4364 1
7 17485 1
7 15439 1
7 11856 1
7 17494 1
7 1627 1
7 7263 1
7 7265 1
7 3171 1
7 7780 1
7 10854 1
7 15976 1
7 12398 1
7 625 1
7 1138 1
7 14970 1
7 4221 1
7 13951 1
7 13445 3
7 7303 1
7 13963 1
7 14752 1
7 14488 1
7 14495 1
7 9380 1
7 19124 1
7 9398 1
7 2747 1
7 15548 1
7 19133 2
7 14024 1
7 13516 2
7 14545 1
7 10975 1
7 3301 1
7 18159 1
7 12026 1
7 19716 1
7 6760 2
7 10506 1
7 3340 1
7 19725 1
7 10016 1
7 21295 1
7 16181 1
7 20284 1
7 20285 1
7 4414 1
7 1163 2
7 3398 1
7 20809 1
7 13131 1
7 6989 1
7 12625 1
7 20366 1
7 4438 1
7 18267 2
7 22369 1
7 2407 1
7 8043 2
7 1408 1
7 1410 1
7 5510 1
7 15751 1
7 6030 1
7 4496 2
7 4497 1
7 7582 1
7 20384 1
7 15273 1
7 15774 2
7 1469 1
7 22464 2
7 4033 1
7 13255 1
7 13772 2
7 9167 1
7 19938 1
7 17891 1
7 3060 1
7 4599 1
7 11771 1
8 6486 1
8 16902 1
8 22032 3
8 17943 1
8 10265 1
8 21679 1
8 11292 1
8 6686 1
8 15903 2
8 1568 1
8 18267 3
8 3620 1
8 18981 1
8 20519 2
8 15400 2
8 22571 2
8 3629 1
8 20526 1
8 1076 1
8 12341 1
8 20234 1
8 12354 1
8 15432 3
8 1099 1
8 588 1
8 13389 1
8 14144 1
8 12880 1
8 21586 2
8 10837 2
8 13398 2
8 599 1
8 5210 1
8 22108 1
8 605 1
8 15976 1
8 18028 1
8 21613 2
8 6760 1
8 9843 1
8 6773 1
8 14969 1
8 10365 1
8 19588 1
8 13445 2
8 14473 1
8 1163 1
8 15506 1
8 19093 1
8 14488 1
8 5795 1
8 21617 1
8 16901 1
8 17071 1
8 19124 1
8 16057 1
8 6687 1
8 13514 3
8 22209 1
8 6860 1
8 9418 1
8 12151 1
8 22220 1
8 11471 1
8 17108 1
8 10453 1
8 8569 1
8 10975 2
8 8421 2
8 19174 1
8 7400 1
8 745 1
8 18155 1
8 15096 1
8 15609 1
8 14037 1
8 17154 1
8 16132 1
8 18181 1
8 7432 1
8 17162 3
8 4364 1
8 2873 1
8 3342 1
8 7952 1
8 4884 3
8 18197 1
8 4868 1
8 16175 1
8 797 1
8 20255 1
8 20256 1
8 18209 1
8 21295 1
8 18569 1
8 13113 3
8 3392 1
8 15177 1
8 12625 4
8 4438 1
8 5433 1
8 21850 1
8 19803 1
8 1374 1
8 22369 1
8 8422 1
8 15206 1
8 1673 1
8 20331 1
8 12663 2
8 8568 1
8 16276 1
8 16252 1
8 14721 1
8 15751 1
8 21896 1
8 8079 1
8 10644 1
8 14743 1
8 20384 1
8 15777 1
8 15266 1
8 11684 1
8 7077 1
8 16301 1
8 16302 1
8 7752 1
8 9033 1
8 7611 1
8 16828 1
8 13245 1
8 1471 1
8 22464 2
8 21953 1
8 13255 1
8 21973 1
8 2980 1
8 14304 1
8 15722 1
8 19938 1
8 15185 1
8 15342 1
8 5629 1
8 18931 1
8 3060 2
8 502 1
8 6652 1
8 15869 1
9 8706 1
9 5514 1
9 22032 1
9 4884 1
9 917 1
9 11292 1
9 20384 2
9 18337 1
9 13477 1
9 13478 1
9 4011 1
9 1076 1
9 22200 1
9 13245 1
9 4030 1
9 11348 1
9 22209 1
9 2243 1
9 15841 1
9 17225 1
9 13389 1
9 15566 1
9 9167 1
9 12625 4
9 11604 1
9 22232 1
9 3417 1
9 18267 1
9 6876 1
9 10975 1
9 15457 1
9 7010 1
9 10340 1
9 15205 1
9 20200 1
9 10602 1
9 21613 1
9 16366 1
9 10644 1
