1 12288 1
1 897 1
1 7041 1
1 395 1
1 4364 2
1 17041 1
1 19347 1
1 19350 1
1 22551 2
1 10407 1
1 12202 1
1 14509 1
1 21295 2
1 9777 1
1 15666 1
1 19124 2
1 13880 1
1 12734 1
1 8641 3
1 13252 2
1 20427 1
1 14592 1
1 9425 1
1 9047 2
1 15448 1
1 18905 1
1 22368 1
1 16998 1
1 17000 1
1 20329 1
1 2666 1
1 364 1
1 7150 1
1 13673 1
1 8570 1
1 4603 2
1 22442 1
2 11008 1
2 16385 1
2 797 1
2 19718 2
2 897 1
2 19208 1
2 7433 1
2 906 1
2 17291 1
2 15119 1
2 20497 1
2 743 1
2 19349 1
2 21849 1
2 15215 1
2 22557 1
2 2854 1
2 13979 1
2 1798 1
2 19238 1
2 20519 1
2 12712 1
2 22442 1
2 12288 1
2 3629 1
2 7855 1
2 7432 1
2 12852 1
2 10206 1
2 21305 1
2 3258 1
2 8636 1
2 6464 1
2 11969 1
2 20547 1
2 4038 1
2 5207 1
2 20427 1
2 13516 2
2 14592 1
2 9167 1
2 9170 1
2 19555 1
2 13398 1
2 15575 1
2 14680 1
2 15460 1
2 13658 1
2 7646 1
2 16479 1
2 19939 1
2 3869 1
2 7397 1
2 16359 1
2 13673 1
2 9831 1
2 18028 1
2 21613 2
2 879 1
2 2407 1
2 4339 1
2 1525 1
2 4602 1
3 12288 2
3 22272 1
3 6786 1
3 16132 1
3 12805 1
3 22442 1
3 15809 1
3 2348 1
3 17162 1
3 599 1
3 7463 1
3 22032 1
3 9237 1
3 22423 1
3 7963 1
3 8989 1
3 15266 1
3 9895 1
3 19113 1
3 11434 1
3 17323 1
3 8236 1
3 14509 1
3 8797 1
3 15664 2
3 12209 1
3 2994 1
3 1076 1
3 18486 1
3 12343 1
3 14033 1
3 8636 1
3 12350 1
3 21984 1
3 22339 1
3 14677 1
3 17225 1
3 20427 1
3 6732 1
3 6989 1
3 15864 1
3 19093 1
3 15953 1
3 9729 1
3 9038 1
3 9046 1
3 9047 2
3 13404 1
3 20701 1
3 13388 1
3 18528 1
3 22369 1
3 1763 1
3 9169 2
3 19050 1
3 5867 1
3 8556 1
3 9069 2
3 15214 1
3 10365 1
3 496 1
3 10263 1
3 9080 1
3 22551 1
3 16249 1
3 6525 1
3 19582 1
3 12927 1
4 9729 2
4 3331 1
4 3332 2
4 14725 1
4 9351 1
4 267 1
4 19852 1
4 11714 1
4 11281 1
4 20882 2
4 22551 1
4 12441 1
4 4764 1
4 22557 2
4 7456 1
4 7457 1
4 5797 1
4 13532 1
4 22442 1
4 8236 1
4 12845 1
4 6702 1
4 797 1
4 10545 1
4 4019 1
4 9015 1
4 3257 1
4 190 1
4 897 1
4 12354 1
4 14988 1
4 22071 1
4 17359 1
4 11604 1
4 16469 1
4 14680 1
4 2265 1
4 15706 1
4 5340 1
4 14304 1
4 17892 1
4 12390 1
4 15850 1
4 20843 1
4 18305 1
4 13439 1
5 897 1
5 15199 1
5 5867 1
5 13316 1
5 6713 1
5 1526 1
5 10890 1
5 1163 1
5 14096 1
5 797 2
5 21305 2
5 13849 1
5 12571 1
5 9244 1
5 8605 1
5 20856 1
5 15013 1
5 5800 1
5 15273 2
5 22442 2
5 13611 1
5 22557 2
5 7952 1
5 3641 1
5 11835 1
5 19133 2
5 9918 1
5 11007 1
5 3392 1
5 11714 1
5 3395 1
5 22341 1
5 15521 1
5 20168 1
5 10555 1
5 8394 1
5 13516 4
5 4941 1
5 9167 1
5 12625 1
5 14677 1
5 9047 1
5 7483 1
5 18010 1
5 16092 1
5 4218 1
5 10206 1
5 16223 1
5 16224 1
5 11792 1
5 9595 1
5 13412 1
5 21733 1
5 12390 2
5 8156 1
5 3183 1
5 18286 1
5 11709 1
5 21618 1
5 4868 1
5 13174 1
5 15096 1
5 4590 1
5 17530 1
5 21627 2
5 5885 1
5 10975 1
5 13951 1
6 14592 2
6 22551 1
6 20000 3
6 545 1
6 551 1
6 15404 1
6 17464 1
6 6718 1
6 10818 1
6 13388 1
6 13389 1
6 12878 1
6 13398 1
6 6746 1
6 8797 1
6 8636 1
6 21613 1
6 18030 1
6 13937 1
6 6770 1
6 17015 1
6 19064 1
6 18042 1
6 19072 1
6 11394 1
6 14475 1
6 19094 1
6 15512 1
6 12441 1
6 10011 1
6 20155 1
6 11969 1
6 7888 1
6 5841 1
6 18646 1
6 20701 2
6 3315 1
6 5884 1
6 15616 1
6 14081 1
6 15618 1
6 4867 1
6 4868 1
6 19718 1
6 1580 1
6 17162 1
6 14102 1
6 15128 1
6 7451 1
6 19740 1
6 797 1
6 17183 1
6 18736 1
6 10545 1
6 9015 1
6 2873 1
6 18746 1
6 12091 1
6 15170 1
6 3395 1
6 22340 1
6 11600 2
6 14680 1
6 21850 1
6 6507 1
6 9069 1
6 12162 1
6 2443 2
6 15246 1
6 7055 1
6 22418 1
6 19347 2
6 22426 1
6 22442 3
6 4011 1
6 7600 1
6 7095 1
6 13243 1
6 19900 1
6 6732 3
6 13769 1
6 20427 2
6 20429 2
6 9167 1
6 9169 1
6 18393 1
6 8164 1
6 4601 1
7 14592 2
7 8449 1
7 15618 1
7 2307 1
7 13316 2
7 18181 1
7 5638 1
7 7303 1
7 22024 1
7 17569 1
7 10510 1
7 17424 1
7 17041 1
7 19347 2
7 916 1
7 22426 1
7 2460 1
7 17818 1
7 1438 1
7 9247 1
7 545 2
7 5339 1
7 8229 1
7 1576 1
7 7081 1
7 5248 1
7 683 1
7 797 1
7 18736 1
7 9777 1
7 12341 1
7 7095 1
7 11960 1
7 12602 2
7 15903 1
7 15548 1
7 11709 1
7 5567 1
7 8641 1
7 12354 1
7 9543 1
7 7241 1
7 12746 1
7 6732 1
7 13389 1
7 4942 1
7 9293 1
7 9424 1
7 15441 1
7 4691 1
7 13398 1
7 18521 1
7 21850 1
7 9167 1
7 19553 1
7 19743 1
7 8421 1
7 7313 1
7 10857 2
7 7148 1
7 9069 1
7 13937 1
7 15986 1
7 4723 1
7 11969 1
7 18975 1
7 6652 1
7 11946 1
8 1280 1
8 9729 1
8 5378 1
8 13611 1
8 4868 1
8 18182 1
8 6791 1
8 7691 1
8 9069 1
8 6419 1
8 7192 1
8 13316 1
8 11969 1
8 10011 1
8 8988 1
8 22175 1
8 15522 1
8 20900 1
8 13992 1
8 18460 1
8 10154 1
8 4779 1
8 15532 1
8 15534 3
8 7471 1
8 15664 1
8 1074 1
8 20446 1
8 12471 1
8 13514 1
8 8641 1
8 3203 1
8 3958 1
8 12746 1
8 13388 1
8 14592 1
8 11471 1
8 9169 3
8 7635 1
8 19028 1
8 7893 1
8 14680 1
8 4314 1
8 15119 1
8 2525 1
8 18398 1
8 15971 1
8 8449 1
8 2278 1
8 2407 1
8 18921 1
8 20330 1
8 21613 4
8 12656 2
8 13937 1
8 12659 1
8 13174 1
8 11511 1
8 15096 1
8 12202 1
8 3711 1
9 13316 1
9 13398 5
9 14345 1
9 9901 1
9 2064 1
9 22551 1
9 17435 1
9 20519 1
9 3113 1
9 4653 1
9 1074 1
9 12341 1
9 4668 1
9 20038 1
9 6732 1
9 15441 1
9 598 1
9 8425 1
9 22119 1
9 19900 1
9 18030 2
9 14448 1
9 4213 1
9 15994 1
9 22140 1
9 21696 1
9 6791 1
9 14993 1
9 19096 1
9 12441 1
9 18079 1
9 20128 1
9 673 1
9 17066 1
9 22188 1
9 14509 1
9 5806 1
9 4276 1
9 9918 1
9 14016 1
9 13516 1
9 14033 2
9 8922 1
9 21726 1
9 7392 1
9 5347 1
9 14569 1
9 4647 1
9 22253 1
9 22266 1
9 11008 3
9 14595 2
9 2309 1
9 19718 1
9 18185 1
9 12558 1
9 2835 1
9 18200 1
9 10523 1
9 8988 2
9 7457 1
9 18210 1
9 2870 1
9 21305 4
9 19791 1
9 19286 1
9 5433 2
9 18267 1
9 22369 1
9 12659 1
9 12151 1
9 13176 1
9 916 1
9 22426 1
9 8605 1
9 20384 1
9 22442 3
9 20915 1
9 8636 1
9 13249 1
9 16835 1
9 19396 1
9 21473 1
9 5091 1
9 15855 1
9 11760 2
9 18421 1
9 4601 1
9 4602 1
9 2555 1
10 14592 1
10 2179 1
10 13316 3
10 19286 1
10 6790 1
10 6791 1
10 22024 1
10 7433 1
10 4364 1
10 11662 1
10 7055 1
10 14993 1
10 4116 1
10 18197 1
10 14743 1
10 4996 1
10 879 1
10 19740 1
10 22557 1
10 9887 1
10 7920 1
10 19718 1
10 547 1
10 11398 1
10 22442 2
10 22571 1
10 15660 3
10 15534 1
10 8236 1
10 7088 1
10 4019 2
10 16308 1
10 13961 1
10 21305 1
10 19551 1
10 8636 1
10 5565 1
10 8569 2
10 15808 1
10 11714 1
10 8393 1
10 6732 1
10 9167 1
10 7504 1
10 7889 1
10 6741 1
10 13398 2
10 5433 2
10 18267 1
10 16479 2
10 19553 1
10 2914 1
10 12390 1
10 3435 1
10 21613 1
10 18287 1
10 10096 1
10 6770 1
10 12663 1
10 4601 3
10 15994 2
10 22015 1
10 17543 1
10 22421 1
11 7690 1
11 10264 2
11 3332 1
11 10163 2
11 1076 1
11 5687 1
11 6713 1
11 3134 2
11 12354 1
11 20547 3
11 21060 2
11 20038 1
11 11850 1
11 6732 1
11 592 1
11 6741 2
11 13398 1
11 13912 1
11 8797 1
11 16479 1
11 15971 1
11 21605 1
11 18022 1
11 11708 1
11 17015 1
11 21627 1
11 15485 2
11 11392 1
11 15491 1
11 6790 1
11 14473 2
11 1170 1
11 8342 1
11 19096 1
11 6809 1
11 672 1
11 17066 1
11 17070 2
11 1199 1
11 19133 2
11 9918 1
11 12993 1
11 13516 1
11 718 1
11 1744 1
11 14033 2
11 7897 1
11 10972 1
11 7392 1
11 7396 1
11 743 1
11 5867 1
11 11008 3
11 15618 1
11 19204 1
11 8454 1
11 7432 1
11 17162 1
11 4364 1
11 7952 1
11 2834 1
11 10011 1
11 7457 1
11 11555 1
11 7463 1
11 5928 1
11 16682 1
11 15660 2
11 2351 1
11 10545 1
11 12089 1
11 12091 1
11 4944 1
11 21305 2
11 14680 2
11 3812 1
11 22369 1
11 15717 1
11 15723 1
11 5996 1
11 9069 1
11 13681 1
11 12350 1
11 1918 1
11 16775 1
11 3992 1
11 11161 1
11 15262 1
11 22442 7
11 15279 1
11 4019 1
11 13244 1
11 15808 1
11 8641 1
11 11714 1
11 4036 1
11 13255 1
11 10154 1
11 7644 1
11 7646 1
11 17892 1
11 15855 1
11 11249 1
11 16373 1
11 1526 3
11 170 1
11 10410 1
12 9729 1
12 13316 1
12 7690 1
12 547 1
12 1576 1
12 3629 1
12 17466 1
12 6732 1
12 12878 1
12 15441 1
12 21586 1
12 9811 1
12 13398 4
12 5207 1
12 12891 1
12 8749 1
12 7776 1
12 7777 1
12 19555 1
12 19556 1
12 18022 1
12 22119 2
12 12905 1
12 19050 1
12 21613 1
12 14448 1
12 4723 1
12 19900 1
12 6786 1
12 6790 1
12 18069 1
12 12441 1
12 22181 1
12 10408 1
12 11969 4
12 4808 1
12 17621 1
12 1371 1
12 16093 1
12 7903 1
12 8421 1
12 745 1
12 17642 1
12 7920 1
12 4341 1
12 15096 1
12 14592 2
12 14595 1
12 4868 1
12 2309 2
12 15629 1
12 15119 1
12 22297 1
12 18202 1
12 5916 1
12 3369 7
12 2351 2
12 7476 1
12 12625 1
12 14677 1
12 14680 2
12 15706 1
12 18267 1
12 9569 1
12 2405 1
12 2407 2
12 12151 1
12 5501 1
12 22418 1
12 925 1
12 15266 1
12 20900 1
12 22442 6
12 12716 1
12 5038 1
12 5551 1
12 10160 1
12 8636 2
12 5567 5
12 15808 1
12 8641 1
12 4034 2
12 5576 1
12 12746 1
12 20427 1
12 19408 1
12 19942 1
12 7147 1
13 14592 1
13 14081 1
13 4868 2
13 2309 1
13 6790 1
13 7303 2
13 18056 1
13 7179 1
13 10510 1
13 2596 1
13 16273 1
13 9241 1
13 10007 1
13 11672 3
13 13316 2
13 18074 1
13 10011 1
13 22557 2
13 9247 1
13 20384 1
13 545 1
13 13979 5
13 9167 1
13 15777 1
13 12585 1
13 11946 1
13 10411 1
13 22188 1
13 3629 2
13 15534 1
13 9245 1
13 15666 1
13 16051 1
13 9398 1
13 5577 1
13 12089 1
13 8378 1
13 15805 1
13 13901 1
13 8641 1
13 11714 2
13 18081 1
13 9033 1
13 3711 1
13 13388 3
13 20429 2
13 18510 1
13 20813 1
13 19408 1
13 9169 1
13 9729 1
13 14677 1
13 14807 1
13 18521 1
13 18267 1
13 17372 1
13 19549 1
13 2351 1
13 7520 1
13 19553 2
13 740 1
13 12390 1
13 8081 1
13 18408 1
13 3943 1
13 8556 1
13 21613 1
13 2416 1
13 4210 1
13 12787 1
13 13389 1
13 22133 1
13 12663 1
13 12153 1
13 19323 1
13 10410 1
13 5375 1
14 15616 1
14 3329 1
14 7938 1
14 7147 1
14 8989 1
14 8641 1
14 5356 1
14 7463 1
14 11946 1
14 20754 1
14 22163 1
14 15508 1
14 7150 1
14 22422 1
14 12441 1
14 1049 1
14 11969 1
14 9884 2
14 9885 1
14 9886 2
14 15266 1
14 1959 4
14 10408 2
14 10410 1
14 8750 1
14 22557 1
14 12081 1
14 15262 1
14 20662 1
14 21305 1
14 6685 1
14 19133 1
14 22464 1
14 3009 1
14 11714 1
14 3395 1
14 13978 1
14 1639 1
14 6605 1
14 20427 1
14 14800 1
14 9171 1
14 14677 1
14 15609 1
14 863 1
14 21984 1
14 16481 1
14 18403 1
14 6758 1
14 2407 2
14 6507 1
14 22252 1
14 22418 2
14 494 1
14 12659 1
14 1141 1
14 12948 1
14 10365 1
15 15616 2
15 8961 1
15 15618 1
15 8579 1
15 4868 1
15 10006 1
15 9047 1
15 9245 1
15 7938 1
15 20494 2
15 14509 2
15 5182 1
15 4884 1
15 19094 1
15 22551 2
15 9241 2
15 22426 1
15 8476 1
15 22557 4
15 18975 1
15 15266 1
15 20389 2
15 19238 1
15 10407 1
15 10408 1
15 10409 1
15 10410 1
15 9901 1
15 7982 1
15 1757 1
15 15666 1
15 14135 1
15 12091 1
15 16190 1
15 5567 1
15 22464 2
15 8641 1
15 15170 2
15 2443 1
15 13255 2
15 15432 1
15 249 1
15 20427 2
15 13389 2
15 4725 1
15 7504 1
15 1959 1
15 22422 1
15 12503 1
15 14682 1
15 18267 1
15 13532 1
15 8797 2
15 20303 1
15 13440 1
15 17892 1
15 1049 1
15 7655 1
15 743 1
15 7660 1
15 7150 1
15 751 1
15 12656 1
15 13937 1
15 9247 1
15 16373 1
15 4601 1
15 16260 1
15 4603 1
15 10365 1
15 22271 1
16 3244 1
16 7690 1
16 11787 1
16 17424 1
16 9237 1
16 15903 1
16 545 1
16 547 4
16 551 1
16 3113 5
16 3629 1
16 8753 1
16 7219 1
16 12341 2
16 5687 1
16 6732 1
16 13389 1
16 6741 2
16 2649 1
16 13404 1
16 8797 2
16 6758 1
16 8810 3
16 21613 1
16 19056 2
16 14462 1
16 13957 1
16 1163 2
16 13452 1
16 11632 2
16 10407 1
16 10410 1
16 4267 2
16 22188 1
16 14509 1
16 8375 1
16 11807 1
16 11969 1
16 9247 1
16 4304 1
16 7897 2
16 9167 1
16 10972 1
16 6372 1
16 5863 1
16 7410 1
16 15620 1
16 8454 1
16 17162 1
16 15117 2
16 2834 1
16 18200 1
16 17184 1
16 15666 1
16 2351 1
16 21298 1
16 15170 1
16 4941 1
16 9550 1
16 11600 1
16 21330 7
16 14677 1
16 16223 1
16 9069 1
16 18287 1
16 15216 1
16 22385 1
16 9595 1
16 9606 3
16 1932 1
16 910 2
16 22418 2
16 22428 1
16 14751 1
16 6052 1
16 2475 1
16 2990 1
16 2994 1
16 2996 1
16 1976 1
16 19900 2
16 15808 1
16 15809 1
16 4429 1
16 10709 1
16 18911 1
16 22500 1
16 2025 1
16 18975 1
16 13819 1
16 4092 1
17 13316 3
17 4115 1
17 9237 1
17 9244 1
17 22557 1
17 9247 2
17 4647 1
17 16430 1
17 7219 2
17 7220 2
17 3134 1
17 588 1
17 13389 1
17 592 1
17 6741 2
17 5207 1
17 2136 2
17 10329 1
17 8797 1
17 9831 1
17 19900 1
17 3691 1
17 19055 1
17 10857 1
17 13445 1
17 3217 1
17 16536 1
17 20639 1
17 10407 2
17 10409 1
17 3758 1
17 11960 1
17 13516 3
17 1743 1
17 10453 3
17 9947 1
17 13532 1
17 7911 1
17 5867 1
17 22252 1
17 22262 1
17 12026 1
17 18173 1
17 18686 1
17 15616 1
17 4868 1
17 4364 2
17 18197 2
17 1318 1
17 3369 1
17 3883 2
17 1076 3
17 12170 1
17 20292 1
17 6472 1
17 12625 1
17 13142 1
17 14649 1
17 13147 1
17 4960 1
17 6508 1
17 15214 1
17 11632 2
17 8766 1
17 7039 1
17 7040 1
17 4486 1
17 2442 1
17 10636 1
17 19348 1
17 19350 1
17 920 1
17 11161 1
17 13723 2
17 15772 1
17 14751 1
17 15273 1
17 2990 2
17 2991 1
17 2994 1
17 1976 1
17 8636 2
17 5567 1
17 8641 1
17 6732 2
17 15818 1
17 9167 1
17 4601 1
17 15855 1
17 12784 1
17 5106 1
17 4084 1
17 4089 1
17 11771 1
18 1280 1
18 598 1
18 646 1
18 16775 2
18 13961 1
18 10263 1
18 4364 1
18 910 1
18 9901 1
18 7960 1
18 16302 1
18 13078 1
18 15660 2
18 10392 1
18 10011 1
18 8988 1
18 18461 1
18 9247 1
18 11632 3
18 7963 1
18 19238 1
18 3883 1
18 22557 1
18 8749 1
18 16430 1
18 15279 1
18 18197 1
18 9526 1
18 18185 1
18 20794 1
18 5567 1
18 15809 1
18 11714 1
18 16963 1
18 15941 1
18 7752 1
18 11850 1
18 1099 1
18 15820 1
18 8144 1
18 19155 2
18 16982 1
18 15575 1
18 2136 1
18 7897 1
18 10205 1
18 18911 1
18 7392 1
18 2914 1
18 15971 1
18 7780 1
18 7400 1
18 21097 1
18 8043 1
18 9068 1
18 11760 1
18 13937 1
18 9458 1
18 6773 1
18 6761 1
18 19056 1
18 4602 1
18 12471 1
18 12670 1
18 7039 1
19 15616 2
19 12288 1
19 1922 1
19 3203 1
19 13316 1
19 9606 1
19 15752 1
19 19721 1
19 19723 1
19 4364 1
19 909 1
19 15119 2
19 12816 1
19 7960 3
19 15508 1
19 15512 1
19 4868 1
19 1947 1
19 4509 1
19 9247 1
19 20384 1
19 496 1
19 13723 1
19 18852 1
19 4901 1
19 13937 1
19 10410 1
19 2348 1
19 8749 1
19 16430 1
19 22557 1
19 4016 1
19 433 1
19 5325 1
19 19765 1
19 12342 1
19 11913 1
19 1976 1
19 12602 1
19 21727 1
19 19900 2
19 12350 1
19 9791 2
19 8992 1
19 11714 1
19 17675 1
19 1092 1
19 4534 1
19 7878 1
19 10206 1
19 5232 1
19 15666 1
19 13389 1
19 14927 1
19 9170 1
19 9047 1
19 15704 1
19 7897 1
19 12815 1
19 21341 1
19 18398 1
19 16223 1
19 22368 1
19 4602 1
19 15971 1
19 13182 1
19 9167 1
19 5352 1
19 15664 1
19 9895 1
19 9069 1
19 15855 1
19 15856 1
19 21617 1
19 16301 1
19 18174 1
19 14584 1
19 1044 1
19 18682 1
19 13819 1
19 10365 2
19 12414 1
20 1280 1
20 13316 2
20 5129 1
20 9233 1
20 12821 2
20 22551 1
20 16926 3
20 15903 1
20 545 1
20 4647 3
20 12842 2
20 16430 2
20 17162 2
20 11850 1
20 588 1
20 22100 1
20 12891 1
20 13404 1
20 8797 1
20 611 1
20 22119 1
20 21617 1
20 4727 1
20 6776 1
20 10365 3
20 9237 2
20 15491 2
20 13445 2
20 5264 1
20 5785 1
20 673 1
20 9895 4
20 21692 1
20 189 1
20 1728 1
20 11969 1
20 2243 1
20 15049 1
20 13516 1
20 7380 1
20 9443 1
20 5867 1
20 22272 1
20 7937 3
20 15618 1
20 4868 2
20 20234 1
20 4364 1
20 8468 1
20 16662 1
20 15322 1
20 4486 1
20 19238 2
20 15660 1
20 831 1
20 20803 1
20 13636 1
20 18759 1
20 6489 1
20 21850 1
20 2911 1
20 7014 1
20 2407 1
20 9069 1
20 18297 1
20 1924 1
20 14725 1
20 9606 1
20 15241 1
20 11662 1
20 917 1
20 11161 1
20 15266 1
20 16810 1
20 4423 1
20 9136 1
20 22450 1
20 12212 2
20 4534 1
20 11708 1
20 3009 1
20 6732 1
20 9167 1
20 18394 2
20 7650 1
20 10407 1
20 1526 2
20 4602 1
21 15616 1
21 9984 1
21 8043 1
21 13316 1
21 17159 2
21 22024 1
21 7691 1
21 13452 1
21 15117 1
21 18197 1
21 7400 2
21 20638 1
21 17823 1
21 15266 4
21 683 2
21 16682 2
21 22571 1
21 22188 1
21 2351 3
21 15664 1
21 19016 1
21 1074 1
21 1076 1
21 12471 1
21 20794 1
21 15903 2
21 11708 1
21 17214 1
21 15681 1
21 3919 2
21 1163 1
21 17990 1
21 15688 1
21 11850 1
21 21687 2
21 13516 1
21 9167 1
21 7122 1
21 13017 1
21 8015 1
21 10206 1
21 1765 1
21 19048 1
21 5867 1
21 14495 1
21 16367 1
21 7153 1
21 21108 1
21 10359 1
21 4601 1
21 11770 1
21 11259 1
21 1919 1
22 12288 1
22 9729 1
22 8195 1
22 7684 1
22 7695 1
22 4115 1
22 17943 1
22 13316 1
22 20519 1
22 8236 4
22 8749 1
22 12344 1
22 3641 1
22 13389 1
22 592 1
22 17490 1
22 22100 1
22 13404 3
22 13412 1
22 12390 1
22 22121 1
22 13937 1
22 12914 1
22 21619 1
22 18042 1
22 21629 1
22 21696 1
22 14473 1
22 14994 1
22 19093 1
22 7318 1
22 20643 1
22 10408 1
22 10410 2
22 17890 3
22 1728 1
22 11969 1
22 17093 1
22 13516 2
22 19204 1
22 8569 1
22 2274 1
22 740 1
22 745 1
22 5867 2
22 15614 1
22 15618 1
22 14595 1
22 4868 2
22 17162 2
22 1803 2
22 4364 1
22 15117 1
22 7952 1
22 7451 1
22 19740 1
22 17184 1
22 12166 1
22 15666 1
22 22340 1
22 4423 1
22 4941 1
22 11600 1
22 20305 1
22 11603 1
22 15199 1
22 9069 3
22 15214 1
22 22393 1
22 12670 1
22 4486 1
22 7055 1
22 4509 1
22 15266 1
22 941 1
22 7095 2
22 11710 1
22 17398 1
22 3528 3
22 20427 1
22 8144 1
22 14808 1
22 19938 1
22 12625 1
22 20470 1
22 12280 1
22 19114 1
23 1280 1
23 22272 1
23 16260 1
23 12288 1
23 647 1
23 10889 3
23 4364 2
23 15432 1
23 3629 2
23 14509 1
23 13452 2
23 4115 1
23 19348 2
23 18197 1
23 22551 1
23 15903 1
23 10265 1
23 22339 1
23 10269 1
23 16799 1
23 4900 2
23 6695 1
23 21161 3
23 10410 1
23 12716 2
23 12333 1
23 2351 2
23 18736 1
23 12081 1
23 19379 1
23 1076 2
23 9526 1
23 13961 1
23 18746 1
23 10555 1
23 19900 4
23 4081 1
23 10054 1
23 9543 2
23 6549 1
23 6732 3
23 11850 1
23 5323 1
23 13388 1
23 19405 1
23 15548 1
23 592 1
23 14673 1
23 19796 1
23 6741 1
23 855 2
23 13912 2
23 1369 1
23 15820 1
23 15709 1
23 7776 1
23 13459 1
23 21605 1
23 9831 1
23 5864 1
23 13244 1
23 15850 1
23 10407 1
23 364 1
23 9069 1
23 18030 2
23 15855 1
23 11760 1
23 6760 1
23 17395 1
23 8236 1
23 6525 1
23 20177 2
23 6652 1
23 2173 1
23 5246 1
23 14677 1
24 12288 2
24 13316 2
24 11273 1
24 9047 2
24 22551 1
24 17435 2
24 15903 1
24 16416 1
24 551 1
24 3627 1
24 17968 1
24 15624 1
24 1076 1
24 12341 1
24 22585 1
24 20026 1
24 12354 1
24 12357 1
24 4364 3
24 6732 2
24 21586 1
24 1111 1
24 7776 2
24 3171 1
24 21605 1
24 6760 1
24 6761 1
24 21613 1
24 18030 1
24 7471 2
24 10857 1
24 17016 1
24 14969 1
24 11898 1
24 1147 1
24 15210 1
24 3711 1
24 646 1
24 10889 1
24 9867 1
24 16012 1
24 17872 1
24 14488 1
24 13978 1
24 13979 2
24 13980 1
24 18080 1
24 6824 1
24 10410 1
24 9388 1
24 14509 1
24 12471 1
24 19128 1
24 188 1
24 19133 1
24 11969 1
24 17608 1
24 1744 1
24 19156 1
24 15574 1
24 2273 1
24 22188 1
24 7396 1
24 743 1
24 4868 1
24 2309 1
24 19208 1
24 4876 1
24 18191 1
24 10011 1
24 6790 1
24 6438 1
24 9777 1
24 9513 1
24 2351 2
24 16177 1
24 15160 1
24 3636 1
24 831 1
24 9543 2
24 9033 2
24 8012 1
24 19938 1
24 3919 1
24 14677 5
24 855 1
24 7010 1
24 8144 1
24 7014 1
24 3943 1
24 8041 1
24 7018 1
24 8043 2
24 8556 1
24 9069 1
24 10096 1
24 10098 1
24 12151 1
24 12153 1
24 5498 1
24 12670 1
24 5005 1
24 19348 1
24 13723 1
24 12700 3
24 20384 1
24 9121 1
24 13736 1
24 15772 4
24 16814 1
24 9647 1
24 7600 1
24 19900 2
24 5567 2
24 8641 1
24 21957 1
24 967 1
24 3528 1
24 15817 1
24 16848 1
24 9169 3
24 17881 1
24 18394 1
24 18395 1
24 7646 1
24 6375 1
24 17890 1
24 16367 1
24 499 1
24 15855 1
24 15864 1
24 6652 2
25 6144 1
25 12673 1
25 20010 1
25 13444 1
25 13445 2
25 17312 1
25 8449 1
25 15660 2
25 4823 1
25 4364 3
25 15117 1
25 7180 1
25 15119 1
25 22032 1
25 2834 1
25 19347 1
25 7684 4
25 7897 1
25 3176 1
25 10011 1
25 13316 1
25 9247 1
25 8238 1
25 2851 1
25 18596 1
25 22385 1
25 10043 1
25 17066 1
25 17067 1
25 22188 1
25 14509 1
25 17070 1
25 20384 1
25 16435 1
25 22071 1
25 16372 1
25 12716 3
25 11708 1
25 5565 1
25 9791 1
25 21824 1
25 11850 1
25 12354 1
25 8771 1
25 7876 1
25 15717 1
25 6472 1
25 19519 1
25 12746 1
25 13389 1
25 14592 1
25 6464 2
25 16547 1
25 7637 1
25 14807 1
25 15432 1
25 20900 1
25 2394 1
25 18267 1
25 22418 1
25 10975 1
25 7776 1
25 14689 1
25 7650 1
25 4219 1
25 21605 1
25 11709 1
25 359 1
25 8040 1
25 7018 1
25 21227 1
25 9069 3
25 6254 1
25 18287 1
25 11760 1
25 625 1
25 13459 1
25 17012 1
25 15864 1
25 16890 1
25 5567 1
25 22442 1
25 4441 2
25 6741 1
26 9600 2
26 11008 2
26 20010 1
26 7684 2
26 17312 2
26 7655 2
26 10120 1
26 18569 2
26 4364 2
26 12354 1
26 7823 1
26 13073 1
26 13459 2
26 8238 2
26 10262 1
26 10264 1
26 13316 1
26 4996 1
26 22557 1
26 9247 3
26 15776 2
26 16432 2
26 16543 1
26 19243 1
26 12842 1
26 1835 1
26 22188 2
26 17069 2
26 14894 1
26 14127 1
26 15664 2
26 10568 1
26 9269 1
26 11913 2
26 12216 2
26 17465 1
26 12716 2
26 8380 1
26 9069 1
26 18622 1
26 20256 1
26 22464 1
26 11040 1
26 11714 1
26 20384 1
26 5232 1
26 2990 1
26 15432 1
26 17225 1
26 3395 1
26 22572 1
26 6732 2
26 13389 2
26 14592 1
26 6989 1
26 4818 1
26 2899 2
26 14677 2
26 599 1
26 18267 1
26 13532 1
26 19460 1
26 15199 1
26 7392 3
26 4451 2
26 18406 1
26 2407 1
26 19900 1
26 15804 1
26 8043 2
26 1167 1
26 5357 1
26 16238 1
26 10365 1
26 15241 1
26 20639 2
26 19347 1
26 18420 1
26 18921 1
26 6687 1
26 633 1
26 19519 1
26 8490 1
27 9729 1
27 3332 1
27 4950 1
27 9351 1
27 22188 1
27 267 1
27 15119 1
27 2064 1
27 22418 2
27 4884 1
27 917 1
27 13316 1
27 22369 1
27 21552 1
27 15266 1
27 21619 1
27 7078 1
27 551 1
27 8250 1
27 12585 2
27 12202 1
27 4267 1
27 2220 1
27 14509 1
27 8238 1
27 15664 1
27 15432 1
27 12081 1
27 16435 1
27 22453 1
27 7540 1
27 13242 1
27 16061 1
27 17470 1
27 5951 1
27 15808 1
27 11969 3
27 4037 1
27 12897 1
27 22344 1
27 844 1
27 12746 2
27 1099 1
27 17996 1
27 13389 1
27 9038 1
27 9167 1
27 12625 2
27 2899 1
27 18181 1
27 14677 1
27 13398 1
27 9047 1
27 12252 1
27 18042 1
27 17680 1
27 19938 1
27 15971 1
27 7396 1
27 22119 1
27 10407 1
27 8556 1
27 8978 1
27 18030 1
27 21617 1
27 2407 1
27 12659 1
27 5876 1
27 3321 1
27 15994 1
27 18046 2
27 14713 1
28 1280 1
28 9729 1
28 12162 2
28 18051 1
28 4868 1
28 1669 1
28 7943 1
28 9353 1
28 7306 1
28 395 1
28 493 1
28 21613 4
28 5264 1
28 18200 1
28 22418 1
28 19347 1
28 5268 1
28 1454 1
28 12441 1
28 15128 1
28 3332 1
28 11969 1
28 13978 1
28 18975 1
28 18080 1
28 15266 1
28 547 2
28 7972 1
28 1063 1
28 12076 1
28 4397 1
28 15534 1
28 22557 1
28 1069 1
28 9777 1
28 8574 1
28 22457 1
28 17211 1
28 5888 1
28 20256 1
28 6977 1
28 12354 2
28 20205 1
28 13255 1
28 9928 1
28 9033 1
28 9930 1
28 9035 1
28 13388 1
28 18510 1
28 9167 3
28 12625 1
28 17490 1
28 20798 1
28 12878 1
28 12502 1
28 9047 1
28 267 1
28 9292 1
28 9435 1
28 14970 1
28 7952 1
28 2274 1
28 3943 2
28 2025 1
28 2407 1
28 5394 1
28 879 1
28 13937 1
28 11471 1
28 13941 1
28 12663 1
28 916 1
28 4602 1
28 13771 1
