1 16260 1
1 2309 1
1 4364 2
1 5869 1
1 16272 1
1 17681 1
1 19347 1
1 1428 1
1 18197 1
1 15556 1
1 5925 1
1 10918 1
1 12585 1
1 22442 1
1 20781 1
1 305 2
1 12471 1
1 12746 1
1 12734 2
1 13252 2
1 13388 1
1 20298 1
1 13516 1
1 14800 1
1 12625 1
1 9684 1
1 15448 1
1 18905 1
1 5210 2
1 7776 1
1 11600 1
1 2275 1
1 9189 1
1 9809 1
1 21613 2
1 4339 1
1 1140 1
1 16373 1
1 1147 1
2 12673 1
2 16260 1
2 2309 2
2 11479 1
2 4781 1
2 17424 1
2 8988 1
2 15773 2
2 20256 1
2 14122 1
2 14509 1
2 19124 1
2 6718 1
2 9024 1
2 15432 1
2 4303 1
2 592 1
2 14677 1
2 15575 1
2 8797 1
2 15971 1
2 22500 2
2 18794 1
2 18030 1
2 1141 1
2 12799 1
3 6787 1
3 13445 1
3 12183 1
3 9261 1
3 7952 1
3 17681 1
3 20882 1
3 19347 4
3 22551 1
3 1818 1
3 2166 1
3 22341 1
3 20002 1
3 7204 1
3 2856 1
3 8236 1
3 12333 1
3 21934 1
3 5425 1
3 12341 1
3 7608 1
3 3130 1
3 5437 1
3 17818 1
3 7237 1
3 5831 1
3 15432 1
3 16969 1
3 14154 1
3 588 1
3 15266 1
3 9167 1
3 21330 1
3 4691 2
3 14677 1
3 5846 1
3 15652 1
3 18267 2
3 12602 1
3 4831 1
3 22032 1
3 12390 1
3 15723 1
3 21613 1
3 13937 1
3 1141 1
3 4342 1
3 10360 1
3 5884 1
3 17661 1
3 12799 1
4 14592 2
4 5867 1
4 13316 2
4 11662 1
4 22418 1
4 19347 2
4 5764 1
4 13466 1
4 9755 1
4 10012 1
4 4511 1
4 20000 1
4 15397 1
4 22442 1
4 15534 1
4 10040 1
4 22464 1
4 12354 1
4 2243 1
4 6732 1
4 20169 1
4 13514 1
4 17996 1
4 5986 1
4 12878 2
4 20565 1
4 855 1
4 8797 1
4 4831 1
4 8929 1
4 2914 1
4 13030 1
4 6760 1
4 12779 1
4 4208 1
4 13681 1
4 16260 1
4 1526 1
4 8570 1
4 20547 1
5 1280 1
5 14595 1
5 17681 1
5 2243 1
5 5013 1
5 7400 1
5 925 2
5 15266 1
5 10545 1
5 7644 1
5 22442 2
5 10411 1
5 18993 1
5 18866 1
5 18867 1
5 19126 1
5 10163 1
5 4035 1
5 2273 1
5 20297 3
5 744 1
5 12878 1
5 18521 1
5 8668 1
5 16733 1
5 10081 1
5 7652 1
5 9831 1
5 5352 1
5 20329 1
5 22119 1
5 17892 1
5 13937 1
5 15913 1
5 18808 1
5 18174 1
6 14592 1
6 9729 1
6 1281 1
6 18185 1
6 20494 3
6 22032 2
6 3858 2
6 18867 1
6 10012 1
6 16672 1
6 15266 1
6 22442 1
6 7471 1
6 18866 1
6 21299 1
6 9918 1
6 20547 1
6 12357 1
6 20297 1
6 6732 1
6 17890 1
6 12878 1
6 599 1
6 18393 1
6 21980 1
6 3423 1
6 21984 1
6 15457 1
6 7650 2
6 21987 1
6 1639 1
6 6760 1
6 5867 1
6 22252 1
6 9460 1
6 22138 1
6 10363 1
7 14592 1
7 18183 1
7 2220 1
7 1163 1
7 2835 1
7 9241 1
7 1818 1
7 20000 1
7 15266 2
7 8998 1
7 4267 1
7 8236 1
7 7471 1
7 4818 1
7 10041 1
7 3258 1
7 15678 1
7 1727 1
7 1728 1
7 12360 1
7 13389 1
7 12878 2
7 14800 1
7 21586 1
7 12089 1
7 2914 1
7 21613 1
7 18030 2
7 881 1
7 12663 1
7 11898 1
7 2814 1
8 14592 2
8 8449 1
8 20100 1
8 18181 1
8 18183 1
8 20232 1
8 8684 1
8 18316 1
8 2063 1
8 20882 2
8 19347 3
8 916 3
8 14019 1
8 12183 1
8 14488 1
8 6809 1
8 13466 1
8 4123 1
8 13316 1
8 4511 1
8 6177 1
8 18341 1
8 2289 1
8 16775 1
8 8236 1
8 5039 1
8 1457 1
8 12852 1
8 13493 1
8 3258 2
8 9759 1
8 22464 2
8 12354 1
8 2243 1
8 21063 1
8 9033 1
8 14538 1
8 20427 1
8 17996 1
8 13389 1
8 12878 1
8 593 1
8 15575 1
8 14808 1
8 10206 1
8 15199 2
8 14725 2
8 13033 1
8 14188 1
8 22418 1
8 11246 1
8 13937 1
8 20343 1
8 15103 1
9 15199 1
9 19332 1
9 10646 1
9 19334 1
9 9227 1
9 15246 1
9 9069 1
9 22032 2
9 5650 1
9 19347 1
9 18964 1
9 4868 1
9 17943 1
9 7451 1
9 7321 1
9 1818 1
9 4123 1
9 1820 1
9 14161 1
9 15266 2
9 931 2
9 15268 1
9 18341 2
9 22442 3
9 1580 1
9 7471 1
9 19378 1
9 19766 1
9 12343 1
9 15800 1
9 11613 1
9 11963 1
9 5437 2
9 21310 1
9 4159 1
9 22464 2
9 18528 1
9 2443 1
9 2628 1
9 14677 1
9 19655 1
9 15432 1
9 20427 3
9 21327 1
9 1571 1
9 21586 1
9 16547 1
9 18002 1
9 11605 1
9 5846 1
9 12503 1
9 932 1
9 1757 1
9 13022 1
9 1253 1
9 17248 1
9 19350 1
9 17250 1
9 21733 1
9 22119 1
9 493 1
9 10097 1
9 13428 1
9 1141 1
9 3958 1
9 2171 1
9 19588 1
9 21887 1
10 13316 1
10 19469 1
10 12816 1
10 3099 1
10 2077 4
10 547 1
10 1074 1
10 14399 1
10 12354 2
10 2628 1
10 15432 1
10 12878 1
10 4691 1
10 8797 1
10 18528 1
10 5729 1
10 14448 1
10 13937 1
10 6770 1
10 11381 1
10 2166 2
10 22140 1
10 6787 1
10 13445 1
10 6790 2
10 14017 1
10 14473 1
10 13453 1
10 14992 1
10 13969 1
10 16020 1
10 7321 1
10 4208 1
10 10920 1
10 10411 1
10 22188 1
10 3758 1
10 7870 1
10 11457 1
10 15567 1
10 10962 1
10 5846 2
10 12504 1
10 2265 1
10 13019 3
10 13020 4
10 741 1
10 7400 1
10 5867 2
10 7408 1
10 2289 1
10 15602 1
10 10996 1
10 15616 1
10 15111 1
10 13078 1
10 16159 2
10 7471 1
10 15666 2
10 20275 1
10 7480 1
10 13113 1
10 5437 1
10 16190 1
10 19814 1
10 14993 1
10 360 1
10 8556 1
10 4413 1
10 12151 2
10 19348 1
10 18810 1
10 7044 1
10 14725 1
10 916 1
10 16796 1
10 20384 1
10 15266 2
10 18867 1
10 13243 1
10 19900 1
10 17856 1
10 455 1
10 10206 1
10 19424 1
10 15667 1
10 1526 1
11 4868 1
11 15111 1
11 2443 1
11 18962 1
11 19347 2
11 18964 1
11 22551 1
11 21912 1
11 1540 1
11 2077 2
11 13316 1
11 16159 1
11 20384 1
11 20260 1
11 549 1
11 19238 1
11 4209 1
11 13020 2
11 1068 1
11 15664 1
11 15666 2
11 18867 1
11 9145 1
11 6459 2
11 20284 1
11 16190 3
11 20415 1
11 11457 1
11 16194 1
11 13451 1
11 197 1
11 16966 1
11 20427 2
11 592 1
11 16851 1
11 15574 1
11 12888 1
11 7204 1
11 18908 1
11 20456 1
11 2025 1
11 5867 1
11 13937 2
11 18420 1
11 12151 2
11 20275 1
11 16260 1
11 2812 1
12 1411 1
12 4868 2
12 17291 1
12 8685 1
12 4624 1
12 21592 1
12 14595 1
12 17303 1
12 17688 1
12 2970 1
12 10011 2
12 19347 2
12 19613 1
12 7198 1
12 21151 1
12 20258 2
12 18852 1
12 5062 1
12 19238 1
12 10408 1
12 19113 1
12 22442 3
12 1068 1
12 12717 1
12 21295 1
12 18866 1
12 4915 1
12 21940 1
12 10935 1
12 1076 1
12 8636 1
12 5694 1
12 19775 1
12 4019 1
12 11672 1
12 19396 1
12 4038 1
12 13514 2
12 18636 1
12 14543 1
12 3153 1
12 9170 1
12 4691 1
12 13398 2
12 11992 1
12 13403 1
12 9951 1
12 22368 1
12 22032 1
12 1235 1
12 1340 1
12 18540 1
12 21613 2
12 18030 1
12 10095 1
12 14448 1
12 13937 1
12 16915 1
12 16373 1
12 2166 1
12 4867 1
12 22266 1
12 9919 1
12 12156 1
12 11946 1
13 3842 1
13 1031 1
13 22024 1
13 907 1
13 13452 1
13 22032 2
13 19347 3
13 22303 1
13 18978 1
13 11555 1
13 5929 1
13 1074 1
13 1590 1
13 5831 1
13 6732 1
13 12878 2
13 20690 1
13 18772 1
13 13398 1
13 8797 1
13 11749 1
13 3303 1
13 873 1
13 21613 2
13 18030 1
13 15216 1
13 13937 1
13 19956 1
13 19957 1
13 15096 1
14 6592 1
14 4867 1
14 20100 1
14 13526 1
14 6790 2
14 14473 1
14 16650 1
14 20297 1
14 16399 1
14 15384 1
14 19347 1
14 19348 1
14 12567 1
14 8728 1
14 7812 1
14 15770 1
14 5158 1
14 1744 1
14 20384 2
14 4208 1
14 5414 1
14 16678 1
14 22442 1
14 1836 1
14 15128 1
14 13232 1
14 10164 1
14 13877 1
14 10166 1
14 12471 1
14 12750 1
14 8636 2
14 11709 1
14 14656 1
14 16416 1
14 4035 2
14 22464 1
14 21064 1
14 17225 1
14 6732 4
14 6477 1
14 12878 3
14 7888 2
14 9169 1
14 14677 1
14 13398 1
14 5207 1
14 16664 1
14 4831 1
14 1760 1
14 15329 1
14 7650 1
14 8421 1
14 2278 1
14 12625 1
14 8380 1
14 5866 1
14 21613 1
14 9582 1
14 11887 1
14 6000 1
14 13681 1
14 2166 1
14 20343 1
14 8185 1
14 13592 1
15 9729 1
15 9232 1
15 16915 1
15 22551 2
15 13849 1
15 15898 1
15 22557 1
15 9247 3
15 20000 1
15 8236 1
15 18866 1
15 6702 1
15 13877 1
15 18492 1
15 12354 1
15 1099 1
15 13388 1
15 12878 1
15 592 1
15 21586 1
15 6741 3
15 12891 1
15 7777 1
15 618 1
15 21613 2
15 18030 1
15 14448 2
15 1141 1
15 11898 1
15 13247 1
15 2173 1
15 704 1
15 7303 1
15 4235 1
15 22125 1
15 19102 1
15 21276 1
15 10922 1
15 11435 1
15 8378 1
15 21179 1
15 1728 1
15 8387 1
15 4303 1
15 7890 1
15 10453 2
15 16607 1
15 9445 1
15 13030 1
15 8425 1
15 5355 1
15 19938 1
15 15609 1
15 18174 1
15 1280 2
15 15620 1
15 17160 1
15 8749 1
15 21777 1
15 1304 2
15 7964 1
15 11042 1
15 11555 1
15 16175 1
15 14135 2
15 6989 1
15 17231 1
15 19282 1
15 14677 1
15 15709 1
15 10078 1
15 18784 2
15 22369 1
15 8043 1
15 8556 1
15 9069 1
15 7543 1
15 8569 1
15 17786 1
15 16252 1
15 13182 1
15 4486 1
15 10119 2
15 15246 1
15 22423 1
15 20896 1
15 15266 1
15 22442 1
15 2990 1
15 432 1
15 2994 1
15 1459 1
15 8636 2
15 16831 1
15 6732 3
15 15809 1
15 13255 1
15 8137 1
15 19405 1
15 974 1
15 8144 1
15 9170 1
15 11737 1
15 7650 2
15 11750 1
15 16373 1
16 15616 1
16 9729 1
16 598 1
16 9606 1
16 6791 1
16 2312 1
16 2220 1
16 7178 1
16 16267 1
16 15246 2
16 19087 1
16 7952 1
16 4858 1
16 13331 1
16 3220 1
16 917 1
16 19854 1
16 13592 1
16 3396 1
16 19740 1
16 16159 1
16 20000 1
16 20002 1
16 21617 1
16 10012 1
16 22442 1
16 8449 2
16 11309 1
16 15534 1
16 20701 1
16 12081 1
16 18866 1
16 20297 1
16 5433 1
16 20027 1
16 17162 2
16 1342 1
16 12354 1
16 20547 1
16 21586 1
16 17093 1
16 13255 1
16 6732 3
16 1099 1
16 13388 1
16 7117 1
16 12878 2
16 5993 1
16 4306 1
16 4948 1
16 4053 1
16 15574 2
16 15119 1
16 8797 1
16 11999 1
16 17890 1
16 8709 1
16 21733 1
16 22119 1
16 6760 1
16 8425 1
16 14592 1
16 11815 1
16 4844 1
16 21613 1
16 18030 1
16 2834 1
16 13937 1
16 13516 1
16 1140 1
16 11894 1
16 12151 1
16 916 1
16 4218 1
16 18302 1
17 14592 2
17 5760 1
17 11307 2
17 17162 1
17 6801 1
17 20882 1
17 5267 1
17 12053 1
17 17071 1
17 20002 1
17 11555 1
17 8360 1
17 14122 1
17 683 1
17 15660 1
17 21295 1
17 2224 1
17 19124 1
17 12471 1
17 3252 1
17 12604 1
17 15808 1
17 4033 1
17 20427 2
17 592 2
17 21586 2
17 20692 1
17 17110 1
17 18907 1
17 8668 1
17 10206 1
17 18911 1
17 15971 1
17 18154 1
17 12779 1
17 21613 1
17 18030 2
17 6000 1
17 10358 1
17 14969 1
17 5755 1
17 10154 1
17 12799 1
18 6786 1
18 7864 1
18 13452 1
18 13837 1
18 22032 1
18 13078 1
18 7584 1
18 20389 1
18 551 1
18 16936 1
18 22442 1
18 8236 1
18 18222 1
18 12343 1
18 10040 1
18 5433 2
18 8763 1
18 16194 1
18 4364 1
18 13388 1
18 12878 2
18 12624 1
18 14033 1
18 14034 1
18 18528 1
18 592 1
18 15971 1
18 1765 1
18 7400 2
18 9709 1
18 18030 1
19 897 1
19 3332 1
19 20998 1
19 9351 1
19 18185 3
19 6283 1
19 20109 1
19 18191 3
19 2835 1
19 2414 1
19 7471 1
19 5150 1
19 15903 1
19 10246 1
19 5928 1
19 10972 1
19 941 1
19 13389 1
19 5935 1
19 1842 2
19 14558 1
19 13961 1
19 11192 1
19 5433 1
19 8250 1
19 5479 1
19 11462 1
19 17228 1
19 587 1
19 13516 3
19 4941 1
19 4943 1
19 17360 1
19 14161 1
19 21586 1
19 7637 1
19 15574 1
19 2745 1
19 18569 1
19 20047 1
19 16860 1
19 3677 1
19 10206 1
19 5200 1
19 10833 1
19 5867 1
19 21228 1
19 749 2
19 4590 1
19 19060 1
19 5874 1
19 20596 1
19 502 1
19 4344 1
19 15610 1
19 22140 1
20 18818 1
20 9451 1
20 14469 1
20 18185 2
20 3339 1
20 4364 1
20 13837 1
20 22030 1
20 4239 1
20 14492 1
20 6787 1
20 15514 1
20 8988 1
20 7069 1
20 20254 1
20 13445 1
20 7584 1
20 16432 1
20 4130 1
20 11555 1
20 15723 1
20 6441 1
20 11434 1
20 1835 1
20 18991 1
20 5936 1
20 1459 1
20 19740 1
20 21305 1
20 19133 1
20 7870 1
20 22209 1
20 17479 1
20 15432 1
20 22601 1
20 13514 1
20 20427 1
20 13516 1
20 592 1
20 14033 1
20 16850 1
20 18772 1
20 15574 1
20 3417 1
20 19290 1
20 18267 2
20 18911 1
20 19424 1
20 15713 1
20 19938 1
20 15847 1
20 8425 1
20 18154 1
20 13031 1
20 21613 2
20 13937 1
20 1140 1
20 12734 1
20 16374 1
20 8183 1
20 11898 1
20 1019 1
20 22140 1
20 2173 1
20 1564 1
20 12799 1
21 15616 1
21 6786 1
21 5867 2
21 16260 1
21 9606 1
21 22252 1
21 20234 1
21 17163 1
21 21263 1
21 14992 1
21 22418 1
21 19332 1
21 1307 1
21 13316 3
21 545 1
21 10914 1
21 13937 2
21 15528 1
21 17066 1
21 12333 1
21 1757 1
21 8040 1
21 19124 1
21 8502 1
21 14985 1
21 5816 1
21 5433 4
21 20155 1
21 5437 1
21 12350 1
21 21311 1
21 13833 1
21 17162 1
21 13771 1
21 13388 1
21 19405 1
21 12878 2
21 14033 2
21 13523 1
21 2914 1
21 598 1
21 9047 1
21 14473 1
21 6489 1
21 8749 1
21 12026 1
21 10206 1
21 22369 2
21 19938 1
21 15971 1
21 8676 1
21 1765 1
21 2407 1
21 7400 2
21 4732 2
21 4647 1
21 5996 1
21 18030 1
21 16936 1
21 1140 1
21 20471 1
21 12666 1
21 22140 1
21 21617 1
22 1280 1
22 12779 1
22 13316 2
22 6790 1
22 13452 1
22 4493 1
22 18191 1
22 1303 1
22 16260 1
22 19483 1
22 16414 1
22 4208 1
22 19746 1
22 13723 1
22 4647 2
22 17068 1
22 10545 1
22 1074 1
22 3638 1
22 5433 2
22 15688 1
22 4941 1
22 12878 2
22 20047 1
22 14033 3
22 5332 1
22 18005 1
22 4822 1
22 13019 1
22 13532 1
22 4346 1
22 4063 2
22 22368 1
22 1763 1
22 17892 1
22 741 1
22 6630 1
22 5867 1
22 18540 1
22 21104 1
22 13937 1
22 3702 1
22 5623 1
22 17786 1
22 7548 1
22 1918 1
23 14469 1
23 6790 2
23 19719 1
23 18185 1
23 6283 1
23 10510 1
23 7055 1
23 7982 1
23 800 1
23 11305 1
23 17070 1
23 7471 1
23 3638 1
23 5433 3
23 12350 1
23 10944 1
23 452 1
23 1526 1
23 455 1
23 17996 1
23 20045 1
23 12878 1
23 592 1
23 14033 1
23 740 1
23 5340 1
23 14304 1
23 17892 1
23 7400 1
23 5996 1
23 4723 1
23 3702 1
23 21495 1
23 8184 1
23 3321 1
24 13316 2
24 14725 1
24 6790 1
24 10263 1
24 3217 1
24 7319 1
24 10264 1
24 19097 1
24 1818 1
24 19740 1
24 16159 1
24 10407 1
24 10408 1
24 22057 2
24 10411 1
24 1454 1
24 19378 1
24 7867 1
24 2245 1
24 15817 1
24 12663 1
24 10834 1
24 13020 1
24 10206 1
24 7392 1
24 16229 1
24 3943 1
24 6248 1
24 8425 1
24 21617 1
24 16243 1
24 2164 1
24 4981 1
24 12151 1
24 15102 1
25 13316 3
25 13445 1
25 19206 1
25 1163 1
25 13452 1
25 19469 1
25 13710 1
25 5264 1
25 13061 1
25 7319 1
25 8214 1
25 10263 1
25 13060 1
25 20892 1
25 22557 1
25 16159 1
25 15266 2
25 932 1
25 15664 2
25 10265 1
25 17973 1
25 20255 1
25 18364 1
25 12341 3
25 8641 1
25 19907 1
25 452 1
25 12663 3
25 4329 1
25 12110 1
25 19923 1
25 19470 1
25 5846 1
25 11992 1
25 13019 3
25 1303 1
25 17250 1
25 5051 1
25 741 1
25 8425 1
25 6773 1
25 12151 1
25 22140 1
26 13316 2
26 389 1
26 16265 1
26 13078 1
26 1304 1
26 10265 1
26 21275 1
26 1564 1
26 18593 1
26 15266 1
26 12453 1
26 10409 1
26 17066 1
26 7854 1
26 10927 1
26 12341 1
26 17093 1
26 20038 1
26 545 1
26 20297 1
26 12878 1
26 21847 1
26 10328 1
26 8797 1
26 1765 1
26 8425 2
26 5867 1
26 8556 1
26 7533 1
26 14574 1
26 11511 1
26 12164 1
26 22140 1
27 4867 1
27 13316 1
27 6790 1
27 6791 1
27 2348 1
27 16272 1
27 10264 1
27 13331 3
27 19348 1
27 917 3
27 19094 1
27 1048 1
27 6736 1
27 3869 1
27 10910 1
27 9887 1
27 20260 1
27 19718 1
27 2243 1
27 22442 1
27 15660 1
27 8236 1
27 15664 1
27 10163 1
27 4404 1
27 10166 1
27 7049 1
27 15672 1
27 5433 2
27 5435 1
27 8636 1
27 5054 1
27 22464 1
27 8641 1
27 4035 3
27 7236 1
27 9543 1
27 2504 1
27 15504 1
27 1483 1
27 6732 1
27 19405 1
27 12878 2
27 1744 1
27 14677 1
27 13398 1
27 5207 1
27 20304 1
27 10555 1
27 15460 1
27 19174 1
27 7911 1
27 6760 1
27 12091 1
27 21613 1
27 18030 1
27 14448 1
27 16372 1
27 2935 1
27 4601 1
27 8570 1
27 19349 1
28 14592 1
28 12288 1
28 4867 1
28 16260 1
28 9606 1
28 9607 1
28 1800 1
28 8338 1
28 13331 1
28 917 1
28 13334 1
28 15642 1
28 22426 1
28 4511 1
28 20260 1
28 6790 1
28 2351 1
28 20547 1
28 15688 1
28 6732 1
28 17996 1
28 20429 1
28 4943 1
28 13273 1
28 4303 1
28 7644 1
28 16223 1
28 21097 1
28 3946 1
28 21613 1
28 6773 1
28 15096 1
28 2834 1
29 1537 1
29 17067 1
29 15621 1
29 16835 1
29 917 2
29 3249 1
29 7960 1
29 15772 1
29 19358 1
29 13808 1
29 18852 1
29 10407 1
29 18345 1
29 17706 1
29 8903 1
29 15660 2
29 14509 1
29 16177 1
29 19764 1
29 2105 1
29 15548 1
29 8765 1
29 16958 1
29 8771 2
29 12100 1
29 12103 1
29 13769 1
29 12791 1
29 6732 2
29 16205 1
29 9167 1
29 9169 1
29 2003 1
29 10204 1
29 8797 1
29 8988 1
29 5867 1
29 9069 1
29 7741 1
29 15216 1
29 21617 2
29 3134 1
29 13937 1
29 7039 1
30 14592 1
30 12354 1
30 16260 1
30 13445 1
30 7880 1
30 8683 1
30 6732 1
30 21613 1
30 18030 1
30 6416 1
30 9169 1
30 1170 1
30 2003 1
30 14574 1
30 13398 1
30 11161 1
30 11898 1
30 8988 1
30 19226 1
30 7870 1
30 917 1
31 14592 1
31 13316 1
31 8585 1
31 907 1
31 13331 1
31 22551 1
31 13474 1
31 2852 1
31 3113 1
31 22442 1
31 15664 1
31 831 1
31 20547 2
31 8260 1
31 588 1
31 13389 1
31 10972 2
31 18655 1
31 7392 1
31 7780 1
31 18410 1
31 18030 1
31 13937 1
31 1918 1
32 14592 1
32 11777 1
32 8579 1
32 19716 1
32 14725 1
32 9351 1
32 19723 1
32 18061 1
32 910 2
32 14509 1
32 141 1
32 9233 1
32 15809 1
32 11283 1
32 19351 1
32 22423 1
32 17688 1
32 5764 1
32 13978 1
32 13979 1
32 17823 1
32 18080 1
32 15216 1
32 7463 1
32 10409 1
32 22442 6
32 22443 1
32 12716 1
32 12589 1
32 2990 1
32 5551 1
32 5554 1
32 7219 1
32 15239 1
32 18486 1
32 15448 1
32 5760 1
32 10555 1
32 8636 2
32 1727 1
32 897 1
32 16800 1
32 20547 2
32 22341 1
32 19397 1
32 12360 1
32 20554 1
32 20427 1
32 13388 1
32 6989 1
32 9167 1
32 9170 1
32 12153 1
32 9614 2
32 13398 1
32 16215 1
32 12888 1
32 18267 1
32 8797 1
32 7646 1
32 15584 1
32 12645 1
32 5863 1
32 15804 1
32 8684 2
32 9453 1
32 18030 1
32 15855 1
32 11632 1
32 13937 1
32 12151 1
32 1140 1
32 1141 3
32 15863 2
32 19348 1
32 7572 1
32 10410 1
32 21617 1
33 4867 2
33 13445 1
33 6790 1
33 1032 2
33 15575 1
33 4364 1
33 4531 1
33 18797 1
33 2832 1
33 10644 1
33 7829 1
33 5150 1
33 20000 1
33 545 1
33 9382 1
33 3113 1
33 12360 1
33 1074 1
33 1459 1
33 831 1
33 20038 1
33 22088 1
33 13129 1
33 11850 1
33 7180 1
33 9687 1
33 8153 1
33 9435 1
33 10205 1
33 1631 1
33 22369 1
33 7010 1
33 17892 3
33 7014 1
33 17895 1
33 12905 1
33 2154 1
33 8683 3
33 8684 1
33 21613 1
33 19950 1
33 14448 1
33 18800 1
33 4723 2
33 6773 1
33 18295 1
33 916 1
33 19952 1
33 7550 1
34 4867 1
34 14725 1
34 6150 1
34 15724 1
34 17162 1
34 1163 1
34 11662 1
34 2064 1
34 9233 1
34 8579 1
34 19246 1
34 10262 1
34 22551 1
34 11161 1
34 13978 1
34 1947 1
34 10269 1
34 11555 1
34 10407 1
34 22186 1
34 15660 1
34 8370 1
34 16430 1
34 1074 1
34 1076 1
34 7477 1
34 8378 1
34 6459 1
34 11196 1
34 21311 1
34 2443 1
34 8260 1
34 17093 2
34 9543 1
34 11850 1
34 15863 1
34 13516 1
34 11195 1
34 13389 2
34 19634 1
34 18574 1
34 598 2
34 19419 1
34 2394 1
34 13403 1
34 10975 1
34 17890 2
34 15971 1
34 16017 1
34 6760 4
34 20028 1
34 1525 1
34 8684 1
34 18030 1
34 15216 1
34 4722 1
34 4723 1
34 1141 1
34 18911 1
34 5623 1
34 10263 1
34 8569 1
34 5755 1
34 15530 1
34 7039 1
35 2048 1
35 14721 1
35 13445 1
35 7686 1
35 1671 1
35 17931 1
35 19419 1
35 15119 1
35 2648 1
35 22418 1
35 16535 1
35 21146 1
35 19355 1
35 11808 1
35 9072 1
35 17881 1
35 1947 1
35 6790 1
35 4647 1
35 10555 1
35 10409 1
35 14895 1
35 3889 1
35 5554 1
35 1844 1
35 12343 1
35 7608 1
35 19124 1
35 20026 1
35 2747 1
35 1980 1
35 19519 1
35 8771 2
35 9796 1
35 17093 3
35 17463 1
35 13389 1
35 12110 3
35 8144 1
35 15971 1
35 9435 1
35 19032 1
35 592 1
35 14426 1
35 1167 1
35 10206 1
35 20389 1
35 12624 1
35 17890 1
35 17891 1
35 6760 1
35 6761 1
35 8043 1
35 6509 1
35 14448 3
35 15548 2
35 14324 1
35 11381 1
35 14035 1
35 12663 1
35 10360 1
35 8569 1
35 8570 1
35 1147 1
35 2173 1
36 3075 1
36 7812 2
36 6790 2
36 2443 1
36 13452 2
36 11151 1
36 17424 1
36 18962 1
36 916 1
36 8238 1
36 22551 1
36 13316 1
36 15855 1
36 22557 1
36 11555 1
36 16676 1
36 10918 1
36 10097 1
36 18218 1
36 7684 1
36 15541 1
36 3638 1
36 5433 1
36 11195 1
36 8636 1
36 3134 1
36 198 1
36 19212 1
36 12746 1
36 4941 1
36 17810 1
36 1412 1
36 12878 1
36 1465 1
36 20189 1
36 14573 1
36 18030 1
36 6511 1
36 22385 1
36 19703 1
36 10362 1
36 14973 1
37 20608 1
37 1189 1
37 6786 1
37 7683 1
37 7684 2
37 2309 2
37 6790 1
37 14081 1
37 5128 1
37 1803 1
37 4364 1
37 13710 1
37 2063 1
37 5264 1
37 21652 1
37 18030 2
37 6867 1
37 17241 1
37 19133 1
37 16260 1
37 11887 1
37 17566 1
37 197 1
37 17313 2
37 16546 1
37 12453 1
37 625 1
37 10408 1
37 10409 2
37 17066 1
37 18981 1
37 15664 2
37 3638 1
37 7095 1
37 12878 1
37 18364 1
37 8765 1
37 13445 1
37 2443 1
37 17093 1
37 199 2
37 12360 1
37 10828 1
37 15434 1
37 1099 1
37 13516 2
37 20045 1
37 646 1
37 2899 2
37 20494 1
37 4054 1
37 10329 1
37 15236 1
37 13020 1
37 10407 1
37 18911 1
37 7392 1
37 17890 1
37 15971 2
37 8166 1
37 3175 2
37 6760 1
37 6122 1
37 5867 1
37 7660 2
37 14574 1
37 19389 1
37 15216 1
37 4593 1
37 7410 1
37 4723 1
37 545 1
37 4087 1
37 8185 1
37 13819 1
37 12394 1
37 16661 1
38 12800 1
38 14592 1
38 16771 1
38 4364 1
38 16194 1
38 5270 1
38 17313 1
38 22437 1
38 20010 1
38 21295 1
38 18866 1
38 5301 1
38 21305 2
38 12604 1
38 19133 2
38 11714 1
38 15521 1
38 13389 1
38 11726 1
38 592 1
38 7380 1
38 14677 2
38 3287 1
38 14680 1
38 3058 1
38 638 1
38 12799 1
39 14592 3
39 21312 1
39 13316 1
39 19208 1
39 22025 1
39 14530 1
39 22032 1
39 916 1
39 17818 1
39 4764 1
39 18975 1
39 1189 1
39 20519 2
39 8232 1
39 19113 1
39 22442 2
39 5808 1
39 22024 1
39 11960 1
39 11963 1
39 7870 1
39 22464 1
39 11714 1
39 11719 1
39 15432 1
39 1099 1
39 9170 1
39 14677 2
39 19286 1
39 15575 1
39 11992 1
39 15068 1
39 19553 1
39 9831 1
39 18793 1
39 13937 1
39 20851 1
39 9208 1
39 22140 1
40 14592 3
40 8193 1
40 5764 1
40 20817 1
40 22416 1
40 4246 1
40 20634 1
40 8988 1
40 11555 1
40 22437 2
40 17066 1
40 17070 1
40 12852 1
40 21312 1
40 12354 1
40 7521 1
40 13516 1
40 592 1
40 12625 1
40 15574 1
40 2273 1
40 22119 1
40 5996 1
41 19968 1
41 1280 1
41 2179 1
41 8342 1
41 6791 1
41 11180 1
41 22295 1
41 13196 1
41 21613 1
41 22418 2
41 3075 1
41 6702 1
41 593 1
41 22551 1
41 12441 1
41 22368 1
41 11806 1
41 5125 1
41 6896 1
41 15266 1
41 11555 1
41 7333 1
41 13478 1
41 19113 1
41 22186 1
41 15532 2
41 7854 1
41 15279 1
41 7089 1
41 18866 1
41 4723 1
41 9924 1
41 15157 1
41 6153 1
41 8479 1
41 20285 1
41 9918 1
41 4032 1
41 8641 1
41 22082 1
41 6155 1
41 8260 1
41 15688 1
41 4019 1
41 12364 1
41 18867 2
41 14592 1
41 9167 1
41 11600 1
41 9169 1
41 2770 1
41 3097 1
41 14677 3
41 13398 1
41 855 1
41 13912 1
41 10436 1
41 9558 1
41 15717 1
41 7520 1
41 22464 1
41 21605 1
41 2407 1
41 21097 1
41 2154 1
41 9069 1
41 4719 1
41 15856 1
41 21361 1
41 2547 1
41 11392 1
41 16373 1
41 17910 1
41 20856 1
41 3077 1
41 2557 1
41 7550 1
42 14592 3
42 8961 1
42 7476 1
42 1803 1
42 1804 1
42 16269 1
42 14488 1
42 15771 1
42 22557 1
42 17823 1
42 1947 1
42 17229 1
42 22442 1
42 15660 2
42 8749 1
42 12360 1
42 12852 1
42 7095 1
42 21305 1
42 2239 1
42 10818 1
42 17093 1
42 8774 1
42 15688 1
42 9033 1
42 20429 1
42 9293 1
42 14677 1
42 13398 1
42 858 1
42 11008 1
42 4831 1
42 19553 1
42 17890 2
42 17895 1
42 1899 1
42 15855 1
42 15216 1
42 13937 1
42 4725 1
42 12663 1
42 14969 1
43 14592 1
43 13477 1
43 1067 1
43 16260 1
43 13398 2
43 2310 1
43 11969 1
43 1032 1
43 6153 1
43 855 1
43 16269 1
43 1710 1
43 15577 1
43 18200 1
43 20633 1
43 19738 1
43 11292 1
43 6045 2
43 21957 1
43 13476 1
43 22437 1
43 19238 1
43 20519 1
43 6568 1
43 10411 1
43 8236 1
43 6702 1
43 18867 1
43 14985 2
43 13611 1
43 8892 1
43 1469 1
43 9918 1
43 6593 1
43 11714 2
43 14277 1
43 15276 1
43 17225 2
43 21305 2
43 13453 1
43 19204 1
43 9047 1
43 13912 1
43 7897 1
43 10206 1
43 4831 3
43 9954 1
43 12007 1
43 2410 1
43 1895 1
43 18530 1
43 4723 1
43 16758 1
43 12151 1
43 19093 1
44 22145 1
44 6146 1
44 2179 1
44 13316 4
44 20230 1
44 1032 1
44 906 3
44 1163 1
44 19814 1
44 19093 1
44 21912 1
44 16260 1
44 1562 1
44 15771 2
44 10012 1
44 6045 4
44 16798 1
44 18463 1
44 20384 2
44 9761 1
44 20130 1
44 16547 1
44 7204 1
44 19238 1
44 3113 1
44 22442 2
44 5932 1
44 16302 1
44 17968 1
44 18484 1
44 1076 1
44 831 1
44 4128 1
44 12891 1
44 13475 1
44 20129 1
44 5577 1
44 13514 1
44 4941 1
44 4303 2
44 593 1
44 9555 1
44 4692 1
44 14677 1
44 15704 2
44 15579 1
44 9755 1
44 8929 1
44 19942 1
44 8988 1
44 5863 1
44 8039 1
44 15216 1
44 13937 1
44 10915 1
44 12663 1
44 4222 1
44 12927 1
45 14592 2
45 7812 1
45 4238 1
45 2834 1
45 6788 1
45 17818 1
45 13316 1
45 20000 1
45 6702 1
45 7092 1
45 1340 1
45 12867 1
45 8773 1
45 9033 1
45 1099 1
45 14680 1
45 8929 1
45 744 1
45 22121 1
45 21613 1
45 18030 1
45 13437 1
46 12288 1
46 8043 3
46 13316 2
46 14469 1
46 6790 1
46 6868 1
46 17424 2
46 20882 1
46 7868 1
46 20504 1
46 7451 1
46 4254 2
46 20255 1
46 13984 1
46 9121 1
46 5553 1
46 10972 1
46 10922 1
46 16543 1
46 3758 1
46 5551 1
46 9777 1
46 16308 1
46 13113 1
46 20155 1
46 8892 2
46 1141 1
46 21365 1
46 19401 1
46 9420 1
46 12110 1
46 593 1
46 9684 1
46 14677 1
46 9047 1
46 13532 2
46 15971 1
46 7655 1
46 21097 1
46 3943 1
46 18962 1
46 5489 1
46 6773 1
46 13937 2
46 14969 2
46 17659 4
46 15101 1
46 5246 2
47 15723 1
47 2309 1
47 19718 1
47 4364 2
47 2445 1
47 15246 1
47 18960 1
47 19347 1
47 917 1
47 22339 1
47 20634 1
47 22341 1
47 6256 1
47 11555 1
47 5158 1
47 22442 2
47 8749 1
47 5341 1
47 15664 1
47 8636 1
47 21949 1
47 6773 1
47 22209 1
47 12354 1
47 20547 1
47 12357 1
47 5831 1
47 15432 1
47 588 1
47 6732 1
47 12878 1
47 18128 1
47 593 2
47 5552 1
47 9302 1
47 5207 2
47 12891 1
47 18042 1
47 13388 1
47 10975 1
47 15207 1
47 14448 1
47 21995 1
47 8684 1
47 9069 2
47 19568 1
47 13459 1
47 11760 2
47 17015 1
47 633 1
47 11898 1
47 1147 1
48 14592 1
48 8327 1
48 4364 1
48 4366 1
48 2328 1
48 12441 1
48 17181 1
48 20384 2
48 16676 1
48 7463 1
48 22442 1
48 12207 1
48 8753 1
48 19124 1
48 1141 1
48 12354 1
48 9038 1
48 4304 1
48 20177 1
48 16468 1
48 14677 3
48 9816 1
48 8797 1
48 8030 1
48 14301 1
48 1380 1
48 17000 1
48 21937 1
48 4213 1
48 18042 1
48 3711 1
48 637 1
48 1791 1
