1 7690 1
1 22030 1
1 10780 1
1 9247 1
1 21295 2
1 3629 1
1 4145 1
1 1074 1
1 12852 1
1 7224 1
1 7520 1
1 5186 1
1 15432 1
1 2634 1
1 13388 1
1 595 1
1 13400 1
1 18016 1
1 6331 1
1 8804 1
1 21613 1
1 13937 1
1 6770 1
1 17016 1
1 20112 1
1 3731 1
1 7831 1
1 14488 1
1 16030 1
1 9887 1
1 13985 1
1 1309 1
1 3258 1
1 15903 1
1 18108 1
1 19133 1
1 20168 1
1 7888 1
1 9425 1
1 10963 1
1 18134 1
1 12505 1
1 15581 1
1 21733 2
1 10471 1
1 5355 1
1 22252 1
1 12013 1
1 15609 1
1 5885 1
1 11007 1
1 8449 1
1 19716 1
1 20232 1
1 16175 1
1 797 1
1 802 1
1 6947 1
1 5927 1
1 7471 2
1 10555 1
1 6462 1
1 6464 2
1 15170 2
1 8515 1
1 22340 1
1 15184 2
1 12625 1
1 22368 1
1 22369 1
1 17762 1
1 20329 1
1 9069 1
1 2416 1
1 4472 1
1 12162 1
1 16706 1
1 8079 1
1 16274 1
1 19347 1
1 8086 1
1 18339 1
1 3495 1
1 9145 1
1 19900 1
1 15808 1
1 7618 1
1 19907 1
1 17057 1
1 9167 1
1 7650 1
1 21841 1
1 18932 1
1 4603 1
2 12288 2
2 20994 1
2 683 1
2 13316 1
2 6149 1
2 16390 1
2 14081 2
2 19464 1
2 11787 1
2 13331 1
2 18975 1
2 3106 1
2 3620 1
2 3621 1
2 1063 1
2 8753 1
2 12852 3
2 20148 1
2 12865 1
2 15426 1
2 1092 1
2 15432 1
2 1099 1
2 13389 1
2 5716 1
2 603 1
2 8797 1
2 19553 1
2 10851 1
2 9831 1
2 15976 2
2 21613 1
2 13425 1
2 13428 1
2 14969 1
2 13957 1
2 646 2
2 14475 1
2 7313 1
2 8338 1
2 4267 1
2 11932 1
2 671 1
2 13477 1
2 4779 1
2 15534 1
2 12465 1
2 3762 1
2 19124 2
2 3260 2
2 9425 1
2 21720 1
2 10974 1
2 10975 1
2 6372 1
2 12007 1
2 744 1
2 11132 1
2 764 1
2 8449 2
2 14082 1
2 3339 1
2 7952 1
2 17170 1
2 17171 1
2 1304 1
2 7471 2
2 18207 1
2 15651 1
2 17188 1
2 6790 1
2 19238 1
2 561 1
2 5928 2
2 10205 1
2 21295 1
2 15666 1
2 2873 1
2 12616 1
2 8013 1
2 9038 1
2 17231 1
2 3408 1
2 21841 1
2 14677 1
2 8539 1
2 19804 1
2 1887 1
2 487 1
2 9069 2
2 14703 1
2 9072 2
2 5489 1
2 20343 1
2 17788 1
2 17789 1
2 1922 1
2 14743 1
2 16775 3
2 8401 1
2 4491 1
2 12354 1
2 910 1
2 7571 1
2 3991 2
2 6212 1
2 6554 1
2 17312 1
2 15266 3
2 17315 1
2 3492 1
2 15269 1
2 15273 2
2 15275 1
2 18865 1
2 9139 1
2 9145 1
2 1466 1
2 19900 1
2 19901 1
2 16831 1
2 13763 2
2 16837 1
2 14283 1
2 20429 1
2 9167 1
2 7637 2
2 9687 1
2 2525 1
2 6622 1
2 9637 1
2 21473 1
2 12625 1
2 8683 2
2 11760 1
2 20465 1
2 10226 1
2 16890 1
2 4603 1
3 19464 1
3 14475 3
3 3758 1
3 22551 1
3 13849 1
3 22557 1
3 19493 1
3 13863 1
3 22571 1
3 8236 1
3 18995 1
3 1588 1
3 22071 1
3 11832 1
3 4668 4
3 61 1
3 3647 1
3 4161 1
3 12354 1
3 3652 1
3 15432 2
3 4364 1
3 21586 1
3 1626 1
3 18528 3
3 9832 1
3 13425 1
3 4217 1
3 5246 1
3 13952 1
3 13957 1
3 16833 1
3 14473 1
3 4235 2
3 16835 1
3 13979 1
3 13477 1
3 13937 1
3 20142 1
3 12471 1
3 11449 1
3 10939 2
3 19133 1
3 16919 1
3 10441 1
3 3277 1
3 10449 1
3 20695 1
3 10972 1
3 10974 1
3 10975 1
3 5347 1
3 8421 2
3 5351 1
3 1257 1
3 746 1
3 6924 1
3 273 1
3 18197 1
3 17688 1
3 7455 2
3 19238 1
3 11569 1
3 5928 1
3 299 1
3 7471 1
3 1841 1
3 19254 1
3 21305 1
3 18571 1
3 8013 1
3 12625 1
3 21330 1
3 854 1
3 5464 1
3 13161 1
3 8568 1
3 7055 1
3 20882 1
3 3991 2
3 8607 2
3 20384 1
3 4011 1
3 4019 1
3 7584 1
3 11714 1
3 13763 1
3 11723 1
3 4558 1
3 7637 1
3 470 1
3 21473 1
3 6630 1
3 494 1
3 4601 1
3 15869 1
4 12288 2
4 16385 1
4 16390 1
4 9047 1
4 22551 1
4 22557 1
4 7203 1
4 19493 1
4 6694 1
4 13863 1
4 22571 1
4 1589 2
4 54 1
4 57 1
4 4668 2
4 20547 1
4 3652 1
4 11851 1
4 602 1
4 16998 1
4 9832 2
4 14448 1
4 15464 1
4 14969 1
4 18045 1
4 1152 1
4 5764 1
4 20103 1
4 14475 1
4 12429 1
4 2706 3
4 671 1
4 673 1
4 13477 1
4 15532 1
4 7341 1
4 20142 1
4 22198 1
4 12471 1
4 3258 1
4 19133 2
4 1626 2
4 20167 1
4 11471 1
4 8401 2
4 10963 1
4 18645 1
4 20695 3
4 5337 2
4 22223 1
4 4317 1
4 11999 1
4 7396 1
4 8421 1
4 745 1
4 10482 2
4 18174 1
4 14082 1
4 16132 1
4 8967 1
4 7432 1
4 267 1
4 13069 1
4 17170 1
4 4884 1
4 18197 1
4 2839 2
4 2841 3
4 18208 1
4 292 1
4 293 1
4 299 1
4 904 1
4 15666 1
4 5433 1
4 3907 3
4 17223 1
4 17225 1
4 21305 2
4 12625 1
4 6484 1
4 6713 1
4 7397 1
4 9069 2
4 9072 1
4 12151 1
4 7544 1
4 17788 1
4 17789 1
4 1415 1
4 6024 1
4 3991 2
4 3992 1
4 15771 1
4 10145 1
4 4003 2
4 1454 1
4 448 1
4 11714 1
4 16374 1
4 5232 1
4 9167 2
4 7638 1
4 11737 1
4 10205 1
4 18924 2
4 16367 1
4 15856 1
4 502 1
4 4602 1
4 16891 1
5 12288 1
5 19460 1
5 4438 1
5 19464 1
5 7177 1
5 17424 3
5 5464 1
5 13331 1
5 4117 1
5 19478 1
5 20505 1
5 17435 1
5 10780 1
5 12317 1
5 6687 1
5 4128 1
5 20519 1
5 22571 2
5 3629 1
5 17968 3
5 13873 2
5 16434 1
5 13875 1
5 12852 1
5 1590 2
5 9 1
5 4668 2
5 63 1
5 12865 1
5 20547 3
5 7236 1
5 7237 1
5 12360 1
5 588 1
5 20237 1
5 13398 1
5 10938 1
5 7776 1
5 22032 2
5 18022 1
5 9832 1
5 8636 1
5 2322 1
5 21102 1
5 6770 2
5 4723 1
5 10357 1
5 14953 1
5 17016 2
5 14969 1
5 4799 1
5 7804 1
5 5760 1
5 4225 1
5 19588 1
5 19734 3
5 11398 1
5 15041 1
5 14985 1
5 4235 2
5 4238 1
5 5742 1
5 14489 1
5 9887 2
5 16544 1
5 13477 2
5 15532 2
5 9901 2
5 16049 2
5 3258 1
5 19061 1
5 12481 1
5 13507 1
5 18628 1
5 13516 1
5 718 1
5 20695 1
5 13435 1
5 18148 1
5 5414 1
5 11815 1
5 22252 1
5 15096 1
5 15609 1
5 17148 1
5 18174 1
5 14592 1
5 13867 1
5 16132 1
5 773 1
5 2310 1
5 6777 1
5 20232 1
5 3339 1
5 4364 2
5 13069 1
5 9924 1
5 17170 2
5 19731 1
5 1813 1
5 21782 2
5 2841 2
5 8479 1
5 15465 1
5 19238 1
5 5927 1
5 6446 1
5 16691 1
5 1336 1
5 1076 1
5 10043 1
5 20285 2
5 4418 1
5 14475 3
5 1545 1
5 12625 2
5 9558 1
5 18483 1
5 19802 1
5 19803 1
5 20329 1
5 9069 4
5 9072 2
5 12147 1
5 12663 1
5 4986 1
5 8571 1
5 1922 1
5 1412 1
5 16773 1
5 15751 1
5 20882 1
5 16195 1
5 11760 1
5 15773 1
5 20384 1
5 14753 1
5 15266 1
5 15273 1
5 22442 1
5 16456 1
5 11192 1
5 18364 1
5 22464 4
5 16834 1
5 13763 3
5 13764 1
5 13766 1
5 13768 1
5 15820 1
5 4056 1
5 6630 1
5 1650 1
5 8684 1
5 7664 1
5 13809 1
5 8184 1
5 16891 1
6 19460 1
6 16390 2
6 11787 1
6 13331 1
6 15893 2
6 22 1
6 18460 1
6 6687 1
6 2596 1
6 14854 1
6 18473 1
6 3626 1
6 8236 2
6 18483 1
6 17973 1
6 20534 1
6 4668 1
6 22198 1
6 588 1
6 21586 2
6 10851 1
6 13398 1
6 13913 1
6 602 1
6 15971 1
6 19048 1
6 18108 1
6 14448 1
6 15041 1
6 14970 1
6 5246 1
6 12930 1
6 2179 1
6 7300 1
6 7303 1
6 4235 1
6 4238 1
6 656 1
6 12446 1
6 13475 1
6 13476 1
6 13477 1
6 13478 1
6 625 1
6 15532 1
6 15534 2
6 285 1
6 4277 1
6 16054 1
6 8892 1
6 19133 3
6 13504 1
6 12481 1
6 15042 1
6 9415 1
6 16588 1
6 13516 1
6 719 1
6 8401 1
6 20690 1
6 10452 1
6 20695 3
6 14046 1
6 19408 1
6 7394 1
6 7396 1
6 17637 2
6 5352 1
6 17790 1
6 3796 1
6 11007 1
6 14592 1
6 8449 1
6 7433 1
6 4364 2
6 15119 1
6 17170 1
6 797 1
6 4382 1
6 18209 1
6 292 1
6 293 1
6 15751 1
6 7471 1
6 6965 1
6 8503 1
6 21305 3
6 17290 1
6 16706 1
6 835 1
6 54 1
6 10069 1
6 13658 1
6 8041 1
6 9069 1
6 14703 1
6 9072 1
6 10097 3
6 17782 1
6 8571 2
6 19837 1
6 1918 1
6 14725 1
6 16774 1
6 16775 1
6 906 1
6 11662 1
6 4589 1
6 4497 1
6 16195 1
6 3991 3
6 3992 2
6 8607 1
6 4000 2
6 15266 1
6 11181 1
6 7600 1
6 10162 1
6 8636 2
6 14269 1
6 7584 1
6 11714 1
6 12746 1
6 14283 1
6 17360 1
6 10206 2
6 1482 1
6 6626 1
6 5864 1
6 14831 1
6 20468 1
6 7160 1
7 6149 1
7 19464 1
7 1545 1
7 13334 1
7 2905 2
7 12825 1
7 22557 2
7 16414 1
7 16417 1
7 14387 1
7 12342 1
7 1080 1
7 5182 1
7 13889 1
7 5186 1
7 21586 1
7 18528 2
7 14448 1
7 6770 1
7 1141 2
7 14970 1
7 1152 1
7 12930 1
7 14469 1
7 15494 1
7 4746 1
7 11714 2
7 7823 1
7 17041 2
7 17046 1
7 13252 1
7 673 1
7 13477 2
7 10410 1
7 7341 1
7 18108 2
7 19133 4
7 17525 1
7 15042 1
7 5315 1
7 2761 3
7 9418 1
7 13516 2
7 719 1
7 16834 1
7 10452 1
7 10453 3
7 20695 3
7 11992 1
7 9167 1
7 14047 1
7 7397 1
7 15590 1
7 17129 2
7 746 1
7 22262 1
7 3796 1
7 15610 1
7 17148 1
7 18175 1
7 4868 1
7 10503 1
7 7432 1
7 4364 1
7 17167 1
7 12051 1
7 18197 1
7 21784 1
7 16667 1
7 796 1
7 12933 2
7 801 1
7 16166 1
7 2344 1
7 6443 1
7 11569 1
7 11570 1
7 1844 1
7 9527 1
7 21305 2
7 3900 2
7 8511 1
7 3905 1
7 3395 1
7 3919 1
7 3408 1
7 15192 4
7 3417 1
7 860 1
7 22368 1
7 22369 1
7 20838 1
7 15209 1
7 9069 3
7 9072 2
7 9278 1
7 12151 1
7 3974 1
7 16775 4
7 17290 1
7 11662 1
7 20882 1
7 10644 2
7 11670 1
7 3991 1
7 3992 1
7 20384 1
7 18339 1
7 18853 2
7 15273 2
7 9644 1
7 16301 1
7 18862 1
7 10162 1
7 18876 2
7 4030 1
7 22464 1
7 20418 1
7 4548 1
7 12743 1
7 3529 1
7 17359 1
7 15525 1
7 2018 2
7 7655 1
7 8683 2
7 7660 1
7 2130 1
7 16367 4
7 13809 1
7 3060 1
7 4521 1
7 5627 1
7 13821 1
8 12288 2
8 6149 1
8 19464 1
8 7691 1
8 22032 2
8 19476 1
8 13849 1
8 17435 3
8 6694 1
8 22571 1
8 4656 1
8 12852 1
8 22071 4
8 3647 1
8 8262 1
8 15441 1
8 19555 1
8 602 1
8 18876 1
8 8797 1
8 18528 1
8 15971 1
8 9831 1
8 15465 2
8 17170 1
8 7785 1
8 15481 1
8 3197 1
8 5764 1
8 14473 1
8 14475 3
8 6290 1
8 14489 1
8 12446 1
8 9072 2
8 13851 1
8 13477 1
8 15534 2
8 19124 2
8 3260 1
8 13507 3
8 6809 1
8 13514 1
8 15566 1
8 10452 1
8 12501 1
8 20695 1
8 21720 1
8 15580 1
8 4831 1
8 17637 1
8 7400 1
8 2291 1
8 7432 1
8 15119 1
8 11992 1
8 2322 2
8 2839 1
8 18200 1
8 18052 1
8 7471 1
8 18208 1
8 1833 1
8 13611 1
8 5935 1
8 1844 1
8 2873 1
8 21727 1
8 8511 1
8 21841 1
8 21842 1
8 18783 1
8 7520 1
8 22369 1
8 19816 1
8 9069 1
8 15216 1
8 15735 1
8 17788 1
8 1405 1
8 12162 1
8 16773 1
8 16775 1
8 5000 1
8 16778 1
8 13204 1
8 3991 1
8 12189 1
8 8607 2
8 6561 1
8 15266 2
8 22086 1
8 497 1
8 15273 1
8 11193 1
8 11196 1
8 14784 1
8 13763 1
8 11723 2
8 15778 1
8 9167 3
8 21473 1
8 12625 1
8 2025 1
8 8683 2
8 16367 1
8 10225 1
8 14324 1
8 16890 1
9 16902 2
9 2063 1
9 22032 2
9 17943 2
9 18460 1
9 15903 1
9 16423 1
9 11817 1
9 22571 1
9 8236 1
9 3629 1
9 9777 1
9 13367 1
9 1089 1
9 12354 1
9 11334 1
9 21601 1
9 7241 1
9 1099 1
9 9817 1
9 12891 2
9 15457 1
9 9832 1
9 21613 1
9 3182 1
9 13937 1
9 13438 1
9 4230 1
9 14475 2
9 16834 1
9 1169 1
9 18068 2
9 16539 1
9 19619 1
9 15528 1
9 4267 1
9 22188 1
9 5301 1
9 3258 2
9 20686 3
9 11471 1
9 10449 3
9 20695 1
9 7897 1
9 10972 1
9 7903 1
9 18144 1
9 4321 1
9 6695 1
9 7409 1
9 17140 1
9 5246 1
9 22262 1
9 20232 1
9 7952 1
9 21782 2
9 11737 1
9 18208 1
9 19238 1
9 5928 1
9 13532 1
9 11999 1
9 12103 1
9 15177 1
9 22071 1
9 16721 1
9 9047 1
9 7527 1
9 9069 1
9 14703 1
9 9072 1
9 7540 1
9 22551 3
9 8571 1
9 19837 1
9 16775 1
9 10636 1
9 3650 1
9 7055 1
9 7570 1
9 18837 1
9 7579 1
9 15268 1
9 433 1
9 6066 1
9 18876 2
9 6078 1
9 22464 1
9 11714 1
9 9767 1
9 6099 1
9 5593 1
9 10723 1
9 16363 1
9 7660 2
9 16367 1
9 499 1
9 16890 1
9 5119 2
10 16512 1
10 64 1
10 1922 2
10 4611 1
10 19588 1
10 19619 1
10 518 1
10 8332 2
10 578 1
10 1167 1
10 22032 1
10 273 1
10 17810 1
10 275 1
10 4884 1
10 22551 3
10 3652 1
10 1179 1
10 12188 1
10 15903 3
10 17312 1
10 16944 1
10 7203 1
10 11684 1
10 15528 1
10 4495 1
10 17706 1
10 12716 3
10 3629 1
10 743 1
10 2224 1
10 20168 1
10 6066 1
10 18995 1
10 1460 1
10 5301 2
10 1590 1
10 2105 1
10 6331 1
10 6076 1
10 19133 1
10 11710 1
10 14389 1
10 14016 1
10 11714 1
10 12100 2
10 2245 1
10 8262 1
10 14024 1
10 17228 1
10 10449 1
10 11723 1
10 588 4
10 21305 1
10 20686 1
10 9167 2
10 2000 1
10 12625 2
10 13475 1
10 9684 1
10 20695 1
10 12891 3
10 10972 3
10 4831 1
10 18548 1
10 12007 1
10 19816 1
10 16363 1
10 22363 1
10 15723 1
10 748 1
10 8765 1
10 7408 1
10 7409 1
10 1266 1
10 14583 1
10 14324 1
10 1269 1
10 12151 1
10 10360 1
10 17172 1
10 8511 1
10 15869 1
10 5246 1
11 7684 1
11 7686 1
11 7687 1
11 22032 2
11 13848 1
11 11293 1
11 15903 7
11 11815 1
11 8236 1
11 1069 1
11 8753 1
11 11832 1
11 2105 2
11 3134 1
11 13887 1
11 20545 1
11 578 1
11 11334 1
11 15948 1
11 1617 1
11 12891 4
11 18528 1
11 9831 1
11 11708 2
11 18030 1
11 14448 1
11 13428 1
11 10358 1
11 7801 1
11 10362 1
11 13445 1
11 7303 1
11 4235 1
11 8332 1
11 20418 1
11 1167 4
11 14488 1
11 11946 1
11 22188 1
11 22557 1
11 7345 1
11 19634 1
11 4275 1
11 5301 4
11 12471 1
11 6331 1
11 19133 1
11 21187 1
11 20168 1
11 3277 1
11 3796 1
11 13532 1
11 7901 1
11 10464 1
11 16423 1
11 22252 3
11 7408 1
11 7409 1
11 1266 1
11 7411 1
11 1269 1
11 20230 1
11 14088 1
11 1410 1
11 275 1
11 4884 1
11 16663 1
11 7455 1
11 19238 1
11 3633 1
11 5929 1
11 20103 1
11 21295 1
11 21305 1
11 19263 3
11 12100 1
11 14673 1
11 15184 1
11 4433 1
11 5970 1
11 16727 1
11 4441 1
11 8539 1
11 1887 1
11 2915 1
11 9069 3
11 7224 1
11 11130 1
11 8571 1
11 1405 1
11 9600 1
11 1922 1
11 1412 1
11 14725 1
11 4495 1
11 4509 1
11 17312 2
11 8107 1
11 6076 1
11 11714 1
11 588 1
11 11723 2
11 13772 3
11 18769 1
11 17360 1
11 12625 7
11 16363 1
11 22186 1
11 5119 1
12 12288 1
12 512 1
12 13316 1
12 16902 1
12 10264 1
12 15903 5
12 16423 1
12 1578 2
12 3629 1
12 16434 1
12 56 1
12 13887 1
12 11334 2
12 15432 1
12 15434 1
12 12878 2
12 17165 1
12 21586 1
12 18528 1
12 10854 1
12 14448 1
12 16512 1
12 6786 1
12 646 1
12 10433 1
12 1168 1
12 18067 1
12 8341 1
12 13979 1
12 16543 1
12 16544 1
12 4263 1
12 10928 1
12 19634 1
12 19124 3
12 5301 2
12 2747 1
12 22209 1
12 2243 1
12 1733 1
12 14033 1
12 11555 1
12 11478 1
12 11992 1
12 10972 1
12 21727 1
12 7394 1
12 7400 1
12 248 2
12 2309 1
12 17162 1
12 4364 2
12 20237 1
12 12625 2
12 7952 1
12 18197 1
12 18208 1
12 1827 1
12 11053 1
12 7471 2
12 16699 1
12 16190 1
12 17223 1
12 17225 1
12 8013 2
12 15184 1
12 21841 1
12 2394 1
12 4960 1
12 22369 1
12 22373 1
12 9069 1
12 5489 1
12 14707 1
12 14714 1
12 13697 1
12 1410 2
12 16772 1
12 14725 1
12 8079 1
12 12188 1
12 20384 1
12 2977 1
12 16301 1
12 432 1
12 6066 1
12 13129 1
12 9145 1
12 1466 1
12 11708 1
12 74 1
12 446 1
12 6080 1
12 11714 2
12 13255 1
12 12746 1
12 13772 2
12 9167 1
12 9684 2
12 9691 1
12 4061 1
12 6622 1
12 17890 1
12 8187 1
12 15185 1
12 10219 1
12 4598 1
12 6651 1
13 12288 1
13 8705 2
13 15874 1
13 19460 1
13 7686 1
13 7690 1
13 11276 1
13 16301 1
13 22032 2
13 4115 1
13 19478 1
13 1560 1
13 10265 1
13 4122 1
13 18267 1
13 8753 2
13 16946 1
13 13887 1
13 1633 3
13 12878 1
13 10832 1
13 13905 1
13 18005 1
13 13912 1
13 602 1
13 15454 1
13 7777 1
13 16998 1
13 6249 1
13 10861 2
13 18030 1
13 13425 1
13 6770 2
13 7785 1
13 633 1
13 14973 1
13 3201 2
13 646 1
13 14985 1
13 10264 1
13 10397 1
13 12446 1
13 1733 1
13 2212 1
13 4263 1
13 4776 3
13 1706 1
13 9901 1
13 7343 1
13 7348 1
13 5816 1
13 2745 1
13 10939 1
13 14016 1
13 6853 1
13 7888 1
13 21202 1
13 5332 1
13 12501 1
13 11992 1
13 21727 1
13 16848 1
13 13026 1
13 7400 1
13 15082 1
13 22252 1
13 15096 1
13 19668 1
13 19716 1
13 2309 1
13 18185 1
13 4364 2
13 13069 1
13 9432 1
13 4884 1
13 18197 1
13 8988 2
13 7455 1
13 18222 1
13 15666 1
13 5431 1
13 5433 1
13 7120 1
13 16695 1
13 5969 1
13 11603 1
13 4438 1
13 8538 1
13 8539 1
13 20329 1
13 3948 1
13 14704 1
13 15237 1
13 11664 1
13 15764 1
13 917 1
13 14743 1
13 4509 1
13 7582 1
13 18339 1
13 9645 1
13 1465 1
13 1466 1
13 4030 1
13 6080 1
13 11714 1
13 13763 2
13 9167 1
13 17872 1
13 4049 2
13 7637 1
13 10206 1
13 17890 1
13 6651 2
13 8180 1
13 502 1
13 505 1
13 13819 1
13 17066 1
14 12288 2
14 15378 1
14 19460 1
14 22032 2
14 3090 2
14 4116 1
14 10264 1
14 10265 1
14 6687 1
14 12325 1
14 15976 2
14 8749 1
14 21841 3
14 8753 1
14 1074 1
14 12852 1
14 17975 2
14 572 1
14 13373 1
14 13887 3
14 17984 1
14 1099 1
14 588 3
14 13389 2
14 12878 3
14 13905 2
14 596 1
14 17494 2
14 15448 1
14 2142 1
14 4453 1
14 18528 1
14 10851 2
14 7783 1
14 3176 1
14 2407 1
14 2578 1
14 14448 2
14 625 1
14 6770 2
14 21619 1
14 19476 1
14 2690 1
14 3203 1
14 13445 2
14 14985 1
14 13452 1
14 12944 1
14 14993 1
14 13763 2
14 2207 2
14 10401 1
14 4776 6
14 20649 1
14 17066 1
14 22188 2
14 7348 1
14 12471 1
14 11960 1
14 2745 1
14 3258 2
14 7455 1
14 8892 1
14 19133 2
14 6339 1
14 6345 2
14 13516 1
14 9421 1
14 7888 1
14 1746 1
14 3796 1
14 9432 1
14 9167 3
14 13532 2
14 4831 2
14 12007 1
14 745 1
14 6951 1
14 14060 1
14 21230 1
14 7409 1
14 7410 1
14 15096 1
14 14592 1
14 14081 1
14 4868 1
14 2309 1
14 18185 1
14 4364 2
14 13069 1
14 5390 1
14 18191 2
14 281 1
14 21295 2
14 15646 1
14 5765 1
14 8993 1
14 11555 1
14 3633 1
14 7471 2
14 15666 1
14 20277 1
14 16183 1
14 5944 2
14 3636 2
14 1076 1
14 831 1
14 6982 3
14 19784 2
14 16012 1
14 7735 1
14 6989 1
14 15184 1
14 12625 1
14 11603 2
14 21845 1
14 4438 1
14 9047 1
14 6489 1
14 7517 1
14 19813 1
14 14694 1
14 7313 1
14 9069 1
14 2416 1
14 20343 1
14 5496 1
14 1924 1
14 3973 1
14 16774 1
14 16772 1
14 11664 1
14 20882 1
14 15251 2
14 10644 1
14 917 2
14 3992 1
14 7579 1
14 7582 2
14 19782 4
14 15784 1
14 18857 1
14 17840 1
14 15273 1
14 9145 1
14 22464 2
14 11714 1
14 3011 1
14 7110 1
14 18887 2
14 16840 1
14 1482 1
14 4555 1
14 13772 2
14 7118 1
14 17485 1
14 7120 4
14 2003 1
14 11737 1
14 9691 1
14 10205 2
14 10206 2
14 22437 1
14 15328 1
14 17890 1
14 19939 1
14 10725 1
14 4433 1
14 18924 1
14 494 1
14 19952 1
14 17576 3
14 7158 1
14 17577 2
14 1016 1
14 5716 1
14 20475 2
15 12288 3
15 15874 1
15 4116 1
15 22551 2
15 10264 1
15 6687 1
15 15401 1
15 3629 2
15 1074 1
15 17975 2
15 3641 2
15 3643 1
15 12360 1
15 588 1
15 12878 1
15 21587 3
15 7777 1
15 19555 1
15 1639 2
15 10859 1
15 18030 1
15 625 1
15 6771 1
15 3197 1
15 5760 1
15 14473 2
15 14475 1
15 20109 1
15 14786 1
15 9873 1
15 9876 1
15 19607 1
15 16030 1
15 13478 1
15 4263 1
15 22188 1
15 12471 1
15 6329 1
15 2747 1
15 8892 1
15 9919 1
15 14016 1
15 11969 2
15 14024 1
15 12663 1
15 16592 1
15 8401 1
15 20690 1
15 15065 1
15 13532 1
15 11999 1
15 10464 1
15 13026 2
15 10467 2
15 7396 1
15 741 1
15 19174 1
15 7377 1
15 17129 1
15 12013 1
15 14973 1
15 20722 7
15 18686 1
15 14592 1
15 14081 1
15 2314 1
15 3339 1
15 4364 1
15 15119 1
15 7952 1
15 2834 1
15 18197 1
15 12067 1
15 19238 1
15 1415 1
15 12588 1
15 1837 1
15 18222 2
15 15666 1
15 2873 1
15 7487 1
15 3393 1
15 1163 1
15 17225 1
15 22071 1
15 6989 1
15 13027 1
15 7397 1
15 22368 1
15 743 1
15 9069 1
15 6269 1
15 5489 2
15 7540 1
15 745 1
15 17788 1
15 12673 2
15 491 1
15 14725 1
15 16775 3
15 910 1
15 493 1
15 11665 2
15 835 1
15 14751 1
15 4003 1
15 1465 3
15 11714 2
15 13763 1
15 4548 1
15 17868 1
15 14286 1
15 9167 4
15 17881 1
15 19939 2
15 8683 1
15 8685 1
15 13296 1
15 4603 1
16 5248 1
16 1921 1
16 3203 1
16 1924 1
16 13445 1
16 1415 1
16 7432 1
16 2745 1
16 3991 1
16 4364 1
16 9901 1
16 22032 1
16 17169 1
16 3090 1
16 10644 1
16 22551 1
16 17690 1
16 15774 1
16 4003 1
16 1444 1
16 13478 1
16 12712 1
16 15273 1
16 22571 1
16 15532 1
16 8749 1
16 4417 1
16 7471 1
16 18352 1
16 12852 1
16 12342 1
16 14649 1
16 20285 1
16 833 1
16 11714 1
16 7777 1
16 15404 1
16 17225 1
16 16586 1
16 19787 1
16 588 1
16 719 1
16 20690 1
16 11604 1
16 18005 2
16 17494 1
16 1465 1
16 984 1
16 12018 1
16 13658 1
16 19035 1
16 15820 1
16 1886 1
16 8421 1
16 10337 1
16 10467 1
16 16775 1
16 16038 1
16 16998 2
16 14993 1
16 17943 1
16 7785 1
16 11392 1
16 4972 1
16 7634 1
16 21613 1
16 7664 1
16 6770 1
16 13428 1
16 7410 1
16 3190 1
16 5623 1
16 21234 1
16 6652 1
17 12288 2
17 19460 1
17 4438 1
17 4107 1
17 19478 1
17 22551 1
17 12825 1
17 13316 1
17 5673 1
17 20526 1
17 2096 1
17 17973 1
17 6718 1
17 15937 1
17 12354 1
17 7752 1
17 13901 1
17 14928 1
17 15442 1
17 15444 1
17 9305 1
17 21782 1
17 17505 3
17 14949 1
17 14950 2
17 7785 2
17 21102 1
17 18034 1
17 15465 1
17 6264 1
17 14973 2
17 3201 1
17 13445 1
17 6790 1
17 7303 1
17 14786 1
17 15504 1
17 15982 1
17 20118 1
17 15512 1
17 13978 1
17 16030 1
17 6512 1
17 10920 1
17 22188 1
17 13488 2
17 19124 2
17 3257 1
17 3258 1
17 22232 1
17 11999 1
17 17632 1
17 7394 1
17 8421 2
17 7911 1
17 3197 1
17 17155 1
17 2309 1
17 20232 1
17 4364 1
17 17166 1
17 7952 1
17 1809 1
17 1810 1
17 19731 2
17 19732 1
17 19734 1
17 17185 1
17 19238 1
17 7471 1
17 1841 1
17 16691 1
17 19766 1
17 5969 1
17 20285 1
17 833 1
17 15170 1
17 1886 1
17 6982 1
17 1866 1
17 8013 1
17 12110 2
17 19792 1
17 11601 1
17 8532 1
17 854 1
17 9047 1
17 3934 1
17 15723 1
17 9072 1
17 9074 1
17 4981 1
17 8054 1
17 20343 1
17 4986 1
17 1917 1
17 12670 1
17 18070 1
17 18528 1
17 16194 1
17 16785 1
17 3991 1
17 11672 2
17 21403 1
17 15266 1
17 4011 1
17 16301 1
17 15279 2
17 10677 1
17 22464 2
17 11714 1
17 13763 1
17 13255 2
17 15820 1
17 5069 1
17 9167 1
17 12243 2
17 9684 1
17 3408 1
17 12770 1
17 19939 2
17 21841 1
17 13295 1
17 497 1
17 11604 1
18 21632 1
18 12288 1
18 19734 1
18 2310 2
18 14081 1
18 11273 1
18 17290 1
18 3991 1
18 13836 1
18 18067 1
18 21781 1
18 21782 1
18 10265 1
18 14020 1
18 7303 1
18 7663 1
18 7582 1
18 13957 1
18 17719 1
18 6982 1
18 19238 1
18 11815 1
18 10408 1
18 17066 1
18 13611 2
18 22188 2
18 9901 1
18 20274 1
18 12852 1
18 1844 1
18 17975 1
18 20537 1
18 18364 1
18 19133 1
18 11714 1
18 20547 3
18 18628 2
18 7110 1
18 9543 1
18 15432 1
18 19596 1
18 4555 1
18 15820 1
18 846 1
18 8272 1
18 3796 2
18 7638 1
18 21305 1
18 4440 1
18 19035 3
18 18140 1
18 10206 1
18 10975 1
18 1889 1
18 14306 1
18 8421 1
18 2407 1
18 17943 2
18 7785 1
18 12343 1
18 20285 1
18 6770 1
18 13255 2
18 20343 1
18 8568 1
18 11604 1
18 20218 1
18 11771 1
18 12471 1
18 14974 1
19 12288 1
19 7684 1
19 22032 1
19 22551 3
19 10264 1
19 15903 1
19 12325 1
19 12852 2
19 13880 1
19 4665 1
19 13884 1
19 1092 1
19 15432 3
19 3340 1
19 8778 1
19 587 1
19 18005 1
19 16998 2
19 13418 1
19 2407 1
19 13428 1
19 5749 1
19 13445 2
19 17943 1
19 6809 1
19 17690 1
19 20642 1
19 10408 1
19 20649 1
19 683 1
19 10928 1
19 19124 2
19 5815 1
19 5816 1
19 8892 2
19 19133 1
19 8898 1
19 16586 1
19 22220 1
19 14033 1
19 12501 1
19 1763 1
19 8421 1
19 1766 1
19 7400 1
19 5356 1
19 4335 1
19 17148 1
19 1798 1
19 4364 1
19 17169 2
19 4884 1
19 18197 1
19 12570 1
19 8989 1
19 1837 1
19 21295 1
19 21305 1
19 15177 1
19 4433 1
19 1887 1
19 22368 1
19 7527 1
19 9069 1
19 15218 2
19 12151 1
19 11657 1
19 5516 1
19 21902 2
19 10644 2
19 8607 1
19 17312 1
19 13223 1
19 11178 1
19 9645 1
19 18352 2
19 4030 1
19 22464 1
19 11714 1
19 4683 1
19 13255 1
19 16363 1
19 16366 1
19 16367 1
19 5623 2
19 11771 1
19 5119 1
20 12288 1
20 19460 1
20 12805 1
20 10247 1
20 16905 1
20 22032 1
20 20503 1
20 15903 1
20 3620 1
20 3621 1
20 16425 1
20 22573 1
20 6193 3
20 3636 1
20 22581 1
20 15431 1
20 22587 1
20 18528 1
20 3652 1
20 1607 1
20 15432 1
20 7241 1
20 12878 1
20 15956 1
20 5717 1
20 5210 1
20 13404 2
20 8797 1
20 19550 1
20 7776 1
20 19553 1
20 21613 1
20 14448 1
20 13937 1
20 14450 1
20 15869 1
20 1141 1
20 5750 1
20 1163 2
20 12429 1
20 20114 1
20 12446 1
20 12625 1
20 7451 1
20 7110 1
20 22186 1
20 1706 1
20 9901 1
20 15534 1
20 13488 1
20 19124 1
20 12471 1
20 4793 1
20 3258 2
20 18975 1
20 4799 1
20 6345 1
20 13514 1
20 13516 1
20 7888 1
20 8913 1
20 18132 1
20 18134 1
20 15579 1
20 2780 1
20 10974 1
20 22053 1
20 18144 2
20 17360 2
20 18148 1
20 8427 1
20 22252 2
20 2514 1
20 2291 1
20 15096 1
20 10452 1
20 5372 1
20 17661 2
20 4868 1
20 2310 1
20 10510 2
20 18191 2
20 5394 1
20 14800 1
20 16663 1
20 14618 1
20 7471 5
20 8989 1
20 798 1
20 802 1
20 803 1
20 15653 1
20 6951 1
20 10972 1
20 13611 2
20 21295 2
20 1842 1
20 1844 1
20 11062 1
20 2873 1
20 4831 2
20 21312 1
20 15170 1
20 8012 1
20 19938 1
20 15184 1
20 21841 1
20 19794 1
20 9555 1
20 14677 1
20 855 2
20 18267 1
20 10592 1
20 22374 1
20 1895 1
20 20329 1
20 12140 1
20 18289 1
20 8566 1
20 8571 1
20 8064 1
20 16774 1
20 7559 2
20 16778 1
20 21908 1
20 8086 2
20 16367 1
20 12189 1
20 15266 1
20 13223 2
20 11179 1
20 11180 1
20 12717 1
20 4019 1
20 2674 1
20 9146 1
20 17851 1
20 12734 1
20 22463 1
20 11714 1
20 4038 1
20 13255 1
20 9167 2
20 19408 3
20 20434 1
20 9684 1
20 9686 1
20 2525 1
20 10206 2
20 3408 1
20 9186 1
20 4579 1
20 487 1
20 14831 1
20 18932 1
20 11946 1
21 13832 1
21 9227 1
21 4117 1
21 547 1
21 555 1
21 12342 1
21 22071 2
21 3643 2
21 11787 1
21 7240 1
21 18505 1
21 1099 1
21 16981 1
21 18528 1
21 19553 1
21 15460 1
21 9831 1
21 18876 2
21 17170 1
21 6770 1
21 18042 1
21 15485 1
21 5246 1
21 14475 1
21 15580 1
21 14489 1
21 3339 1
21 4263 1
21 11946 1
21 13488 1
21 13490 2
21 694 1
21 3258 1
21 3260 1
21 19133 3
21 9924 1
21 20168 1
21 13516 2
21 10452 2
21 10972 1
21 14046 1
21 18148 1
21 21733 1
21 12007 1
21 22252 1
21 6382 1
21 15609 1
21 11007 1
21 14592 1
21 8449 1
21 22571 1
21 7432 1
21 17163 1
21 5394 1
21 6951 1
21 5340 1
21 12076 1
21 20281 1
21 22319 1
21 1844 1
21 7481 1
21 8512 1
21 8513 1
21 15170 1
21 1163 1
21 17225 1
21 8012 1
21 15184 1
21 12625 3
21 19939 1
21 21305 2
21 4441 1
21 22368 1
21 9569 1
21 1378 1
21 20847 1
21 9072 3
21 5489 1
21 1399 1
21 20856 1
21 3966 1
21 8063 1
21 9600 1
21 7559 1
21 16778 1
21 16891 1
21 9617 1
21 8086 1
21 15266 1
21 15273 1
21 22442 2
21 17840 1
21 9652 1
21 7608 1
21 9145 1
21 11708 1
21 7633 1
21 9684 1
21 9174 3
21 4570 1
21 2523 1
21 4579 1
21 15185 1
21 499 1
21 4603 1
22 6829 1
22 17424 1
22 17435 1
22 13854 1
22 8229 1
22 11817 1
22 555 1
22 22071 1
22 5186 1
22 18505 1
22 15441 1
22 4691 1
22 2063 1
22 3173 1
22 10337 1
22 10850 1
22 10853 1
22 21613 1
22 13937 1
22 6770 2
22 17015 1
22 4217 1
22 7303 1
22 12426 1
22 15981 1
22 19606 1
22 11431 1
22 11434 2
22 4267 1
22 9901 1
22 13490 1
22 2745 1
22 3260 2
22 19133 2
22 13516 1
22 9424 1
22 10452 1
22 7897 1
22 10972 2
22 21727 1
22 10977 1
22 5352 1
22 18155 1
22 15609 1
22 1798 1
22 7432 1
22 7433 1
22 2314 1
22 20239 1
22 5394 1
22 4884 1
22 22233 1
22 798 1
22 18214 1
22 7471 3
22 21813 1
22 21305 1
22 22344 1
22 12625 2
22 11604 1
22 14677 1
22 9047 1
22 2394 1
22 15709 1
22 7520 1
22 9069 1
22 9072 3
22 20851 1
22 1405 1
22 16775 1
22 12187 1
22 17823 1
22 15119 1
22 15266 2
22 15273 1
22 22442 1
22 14783 1
22 7380 1
22 9167 1
22 10206 1
22 19938 1
22 7658 1
22 8683 1
22 7150 1
22 1522 1
22 4087 1
23 12288 2
23 13316 1
23 16901 1
23 7686 1
23 8449 1
23 1544 1
23 22032 2
23 1054 1
23 3621 1
23 12852 2
23 567 1
23 1375 1
23 573 1
23 15432 1
23 13388 1
23 12585 1
23 18528 1
23 10337 1
23 2747 1
23 18022 1
23 7785 1
23 21613 2
23 622 1
23 13937 1
23 15465 1
23 6776 1
23 4221 1
23 5246 1
23 2325 1
23 18051 1
23 18569 1
23 14475 1
23 7313 1
23 6809 1
23 14493 1
23 11431 2
23 10408 1
23 17066 1
23 11438 1
23 17071 1
23 14024 1
23 13490 1
23 19124 1
23 16054 1
23 2745 1
23 6331 1
23 19133 8
23 703 2
23 10436 1
23 6853 1
23 20167 1
23 20168 1
23 1738 1
23 13516 1
23 14033 2
23 10963 1
23 7380 1
23 4310 1
23 5339 1
23 11999 1
23 10976 1
23 10978 1
23 6372 1
23 21733 2
23 7400 1
23 745 1
23 12013 1
23 7408 1
23 20724 1
23 20265 1
23 15610 1
23 14081 1
23 17154 1
23 5334 1
23 7433 1
23 3339 1
23 4364 1
23 10514 1
23 4884 1
23 16661 1
23 4886 4
23 19737 3
23 7471 1
23 4894 1
23 801 1
23 10530 1
23 5929 1
23 21295 3
23 1844 1
23 14473 1
23 21305 3
23 14047 1
23 8511 2
23 7904 1
23 15170 1
23 20803 1
23 1591 1
23 20303 1
23 15184 1
23 12625 2
23 21845 1
23 4441 1
23 1887 2
23 22369 2
23 1378 1
23 11196 1
23 364 1
23 10605 2
23 9072 1
23 1405 1
23 10975 1
23 7147 1
23 11662 1
23 4496 1
23 21912 1
23 13723 1
23 7582 1
23 13222 1
23 15273 2
23 18872 1
23 9145 1
23 6075 2
23 19900 1
23 4030 1
23 22464 4
23 11714 1
23 9167 3
23 9684 2
23 11737 1
23 10205 2
23 11600 1
23 7650 1
23 21841 1
23 8683 1
23 10225 2
23 12787 1
23 3060 1
23 7593 1
23 6651 4
23 6652 1
23 10238 1
24 13316 1
24 7686 1
24 7690 1
24 5643 1
24 11181 1
24 22032 1
24 19478 1
24 17943 1
24 12825 1
24 11969 1
24 17435 2
24 18460 1
24 13854 1
24 555 1
24 1069 1
24 16434 1
24 8243 1
24 12852 4
24 3641 1
24 3643 2
24 7471 2
24 1076 1
24 10592 1
24 12354 1
24 20547 2
24 15432 2
24 4776 1
24 13388 1
24 12878 2
24 14423 1
24 9816 1
24 20239 1
24 19549 1
24 19555 1
24 7780 1
24 7782 1
24 1639 1
24 18364 1
24 10861 1
24 18030 1
24 11887 1
24 17521 2
24 6770 2
24 7797 1
24 5760 1
24 3201 1
24 13444 1
24 14469 1
24 646 1
24 22209 1
24 18569 1
24 15499 1
24 3636 1
24 20112 1
24 10386 1
24 13763 1
24 11927 1
24 21657 1
24 16030 1
24 10401 1
24 19619 1
24 4263 1
24 10408 1
24 10410 1
24 10985 1
24 22188 1
24 15218 3
24 19124 1
24 22198 1
24 22200 2
24 2745 1
24 19133 4
24 17089 1
24 2243 1
24 9924 2
24 20167 2
24 20168 3
24 15820 1
24 13514 1
24 9424 1
24 10963 1
24 7380 1
24 22232 1
24 11995 1
24 10972 1
24 11999 2
24 15584 1
24 17121 1
24 7394 1
24 21733 1
24 7399 1
24 7400 2
24 6377 1
24 12013 5
24 20722 5
24 5876 1
24 15096 2
24 3796 3
24 18174 1
24 17154 1
24 10499 1
24 4364 2
24 6414 1
24 7732 1
24 17681 1
24 4228 1
24 7451 1
24 9093 1
24 18210 1
24 12067 1
24 1829 1
24 5935 1
24 1841 1
24 1844 1
24 8502 1
24 16695 1
24 5945 1
24 10975 1
24 20285 3
24 831 1
24 15170 1
24 21319 1
24 17225 1
24 6989 1
24 3919 2
24 3408 1
24 12625 1
24 21330 1
24 4438 1
24 21305 1
24 13658 1
24 15710 1
24 1887 1
24 22368 4
24 7010 1
24 13885 1
24 9072 1
24 5490 1
24 17129 2
24 380 1
24 1921 1
24 12164 1
24 3973 1
24 906 1
24 19607 1
24 494 1
24 3991 1
24 7582 1
24 7584 1
24 6561 1
24 10533 1
24 15784 1
24 13229 2
24 13238 2
24 1465 1
24 19900 1
24 22464 5
24 7397 1
24 13766 1
24 13255 1
24 17484 2
24 12748 1
24 17357 1
24 7120 1
24 17881 1
24 6622 1
24 3041 1
24 14306 2
24 8421 1
24 21841 1
24 14985 2
24 4587 1
24 4589 1
24 22510 1
24 8687 1
24 6512 1
24 12791 1
24 18424 2
24 16890 1
25 12288 1
25 9729 1
25 7684 1
25 17424 1
25 7687 1
25 7690 1
25 22030 1
25 3088 1
25 17943 1
25 10264 1
25 10265 1
25 4122 1
25 17435 1
25 13316 1
25 15903 2
25 1580 1
25 3629 2
25 3633 1
25 7219 1
25 1076 2
25 10555 1
25 6715 1
25 22086 1
25 15434 1
25 15439 1
25 15441 1
25 5207 1
25 15963 1
25 9232 1
25 7778 1
25 7779 1
25 13412 1
25 15976 1
25 15465 1
25 21613 1
25 14448 1
25 6770 1
25 10857 1
25 3197 1
25 4032 1
25 5764 1
25 646 1
25 18569 1
25 12426 1
25 19596 1
25 5775 1
25 21652 1
25 14488 1
25 6809 1
25 3741 1
25 9072 1
25 9380 1
25 5489 1
25 17066 2
25 4779 1
25 2745 1
25 10428 1
25 19133 1
25 6337 1
25 14020 1
25 20168 1
25 9422 1
25 9425 1
25 1234 1
25 21727 2
25 10680 1
25 21733 1
25 14081 1
25 14088 1
25 17162 1
25 3339 1
25 6414 1
25 15119 1
25 2325 1
25 7300 1
25 7457 1
25 19238 1
25 7463 1
25 17706 1
25 7471 3
25 11568 1
25 15666 1
25 7475 1
25 1844 1
25 10206 1
25 8502 1
25 17719 1
25 21305 1
25 18746 1
25 10975 2
25 20285 1
25 11590 1
25 328 1
25 9033 1
25 9015 1
25 15184 1
25 21841 1
25 6483 1
25 14677 2
25 16223 1
25 22368 1
25 3643 1
25 2915 2
25 15205 1
25 9069 1
25 6512 1
25 2416 1
25 15225 1
25 20349 1
25 17793 1
25 21891 1
25 7571 1
25 12192 1
25 13222 1
25 7592 1
25 22442 2
25 11181 1
25 7608 1
25 22464 2
25 15809 1
25 13763 2
25 15817 1
25 20429 1
25 9167 2
25 11729 1
25 9687 1
25 2523 1
25 2525 1
25 6622 1
25 7150 1
25 15858 1
25 7160 1
25 5629 1
26 12288 1
26 8705 2
26 20994 1
26 13316 1
26 10241 1
26 22032 2
26 4115 1
26 15534 2
26 10265 1
26 18267 1
26 3621 1
26 15404 2
26 8749 1
26 20526 1
26 1074 1
26 1076 1
26 6718 1
26 12354 1
26 17163 1
26 7863 1
26 592 1
26 21586 1
26 5207 2
26 7785 1
26 21613 2
26 15982 2
26 14448 1
26 6770 1
26 13428 1
26 6787 1
26 18055 1
26 14473 1
26 5775 1
26 1689 1
26 16030 1
26 22188 1
26 5806 1
26 13490 1
26 10423 1
26 3258 1
26 3260 1
26 708 1
26 3363 1
26 12501 2
26 10974 1
26 7904 2
26 19172 1
26 8421 1
26 10985 1
26 22252 1
26 14574 1
26 10963 1
26 15096 1
26 11007 1
26 8449 1
26 10499 1
26 20234 1
26 3339 1
26 3342 1
26 15119 3
26 15491 1
26 16661 2
26 1818 1
26 21295 1
26 8988 2
26 7455 1
26 18208 1
26 7457 1
26 11555 1
26 7303 1
26 7471 4
26 1844 1
26 5945 1
26 1852 1
26 10573 1
26 12625 2
26 21848 1
26 8539 1
26 15710 1
26 1890 1
26 5996 1
26 9069 1
26 14713 1
26 18818 1
26 16772 1
26 4496 1
26 3991 1
26 14751 1
26 22437 1
26 18857 1
26 15275 2
26 12716 2
26 7600 1
26 4032 1
26 11723 1
26 15820 1
26 9167 3
26 467 1
26 9691 1
26 14928 1
26 4142 1
26 3060 1
26 15273 2
26 16890 1
26 6651 1
27 12288 2
27 20994 1
27 16388 1
27 13848 1
27 10269 1
27 18975 2
27 21295 1
27 18267 1
27 16422 1
27 4647 1
27 16424 1
27 8746 1
27 3629 1
27 8115 1
27 4276 1
27 2525 1
27 22589 1
27 15426 1
27 15432 1
27 13389 2
27 10833 1
27 15442 1
27 5716 1
27 9820 1
27 6687 1
27 18528 1
27 10851 1
27 14448 1
27 15986 1
27 17016 1
27 7764 1
27 11898 2
27 13760 1
27 7303 1
27 4234 1
27 3217 1
27 4263 1
27 22186 1
27 22188 1
27 19124 2
27 12471 1
27 15903 1
27 8892 1
27 17610 1
27 4303 1
27 7888 1
27 8913 2
27 18132 1
27 10972 1
27 21727 1
27 9425 1
27 745 1
27 9453 1
27 11511 1
27 17657 1
27 14081 1
27 19718 1
27 18185 1
27 19758 1
27 19737 1
27 5935 1
27 11555 1
27 17195 1
27 10540 1
27 11054 1
27 7471 1
27 18224 1
27 1847 1
27 21315 1
27 20809 1
27 12110 1
27 5456 1
27 12625 1
27 9555 1
27 14677 2
27 9558 1
27 9047 1
27 1371 1
27 15710 1
27 22368 1
27 22369 1
27 22374 1
27 15723 1
27 9072 2
27 8064 1
27 12673 1
27 16772 1
27 3974 1
27 6026 1
27 12354 1
27 12013 1
27 8086 1
27 3495 1
27 15273 1
27 14764 1
27 21933 1
27 4019 1
27 9141 1
27 9146 1
27 13244 1
27 15805 1
27 15295 1
27 4032 1
27 15809 1
27 11714 1
27 13763 1
27 8079 1
27 13772 1
27 9167 3
27 9687 1
27 18393 1
27 10205 2
27 16367 1
27 3065 1
27 4602 1
27 6652 1
27 21845 1
