1 13952 1
1 6149 1
1 19464 1
1 13963 1
1 4364 2
1 12354 1
1 1167 1
1 3985 1
1 659 1
1 10644 1
1 18197 2
1 4886 1
1 1303 1
1 19737 1
1 13723 1
1 20638 1
1 7584 1
1 11760 1
1 5339 1
1 9765 1
1 13937 1
1 7614 1
1 8236 2
1 11053 1
1 18222 1
1 14088 1
1 1844 1
1 11870 1
1 16695 2
1 2873 1
1 4030 1
1 10357 1
1 18114 1
1 20803 1
1 13389 1
1 11855 1
1 4005 1
1 18267 1
1 10206 1
1 18911 1
1 16302 1
1 17004 1
1 9069 1
1 14448 1
1 10225 1
1 3061 1
1 20474 1
1 3580 1
1 12799 2
2 4610 1
2 12815 1
2 16302 1
2 8236 1
2 1074 1
2 6709 1
2 12345 1
2 11837 1
2 3134 1
2 19519 1
2 12354 1
2 20547 2
2 7236 1
2 12360 1
2 11850 1
2 588 2
2 592 1
2 15441 1
2 3667 1
2 19028 1
2 13398 2
2 7768 1
2 18013 1
2 19041 1
2 18022 1
2 22119 1
2 14448 1
2 21619 1
2 1163 1
2 1141 1
2 633 1
2 129 1
2 6786 1
2 7300 1
2 13961 1
2 15499 1
2 13452 1
2 5267 1
2 19094 1
2 19612 1
2 7326 1
2 9383 1
2 6323 1
2 19595 1
2 12986 1
2 19133 3
2 703 1
2 17608 2
2 19155 2
2 5337 1
2 5339 6
2 7397 1
2 5353 2
2 19703 1
2 5371 1
2 8449 2
2 14082 1
2 18181 1
2 774 1
2 4886 2
2 1303 1
2 19737 1
2 12063 1
2 1833 1
2 2348 1
2 18222 2
2 7471 2
2 15666 1
2 8502 2
2 2873 1
2 17211 1
2 10044 2
2 3392 1
2 22339 1
2 20809 1
2 12625 1
2 5458 1
2 21305 1
2 13144 3
2 18267 1
2 3934 1
2 3936 1
2 22369 1
2 20343 1
2 7544 1
2 4475 1
2 1916 1
2 4477 1
2 12779 1
2 16260 1
2 1413 1
2 15751 1
2 15754 1
2 20803 4
2 3991 2
2 12188 1
2 4509 1
2 4519 1
2 22442 1
2 2990 2
2 8778 1
2 8641 1
2 11714 1
2 4038 1
2 20424 1
2 17996 1
2 14798 2
2 15314 1
2 10206 1
2 7143 1
2 17899 1
2 13907 1
2 5620 1
2 8184 1
2 9300 1
2 4090 1
3 12288 1
3 4610 1
3 4617 2
3 4618 1
3 4107 2
3 21532 1
3 6687 1
3 19493 1
3 4650 1
3 11187 1
3 13833 1
3 3935 1
3 20547 5
3 19524 1
3 10832 1
3 10833 1
3 13907 1
3 16468 1
3 603 1
3 10338 2
3 15971 1
3 22119 1
3 14448 1
3 6770 2
3 10357 1
3 14978 1
3 13445 1
3 13961 1
3 3217 1
3 3220 6
3 7829 1
3 19094 1
3 15512 1
3 4257 2
3 20649 1
3 11434 1
3 9901 1
3 20155 1
3 6339 1
3 17608 1
3 719 1
3 20177 1
3 19155 10
3 5332 2
3 18646 1
3 22232 1
3 20189 1
3 14049 1
3 21730 1
3 7399 1
3 6888 1
3 22252 1
3 16120 1
3 10492 2
3 1408 1
3 14088 1
3 20234 1
3 3339 1
3 5391 1
3 4886 5
3 17688 3
3 8989 1
3 12063 1
3 19234 1
3 11049 2
3 7471 1
3 5433 1
3 17211 3
3 17212 1
3 16190 1
3 16193 1
3 5458 1
3 2873 1
3 16651 1
3 13147 1
3 3934 1
3 11103 1
3 22368 2
3 22369 1
3 5994 1
3 7538 1
3 20343 1
3 7544 1
3 9600 1
3 12779 1
3 906 2
3 22416 1
3 20882 1
3 5013 1
3 4509 3
3 4516 1
3 16302 6
3 4019 7
3 3060 1
3 22464 3
3 10690 1
3 20424 1
3 464 1
3 4049 1
3 5594 1
3 7143 1
3 17899 1
3 11760 7
3 18420 1
3 4090 1
4 12288 1
4 4610 2
4 13316 2
4 4617 2
4 16302 1
4 21532 1
4 15903 1
4 4647 1
4 12333 1
4 1076 1
4 21053 1
4 20547 3
4 5716 1
4 5208 1
4 10338 1
4 15971 2
4 18023 1
4 9832 1
4 21102 1
4 21617 1
4 6770 1
4 6775 1
4 3711 1
4 13445 1
4 14475 1
4 7106 1
4 19598 1
4 3217 1
4 13459 1
4 3220 2
4 15512 2
4 13681 1
4 22188 1
4 12471 1
4 20155 1
4 14016 1
4 9247 1
4 13514 2
4 5840 1
4 20177 1
4 19155 4
4 18646 1
4 22232 1
4 5337 1
4 5339 1
4 1758 1
4 4831 1
4 7396 1
4 8421 1
4 12010 1
4 12018 1
4 22262 2
4 14081 1
4 20226 1
4 20227 1
4 3340 1
4 13073 1
4 4886 5
4 19737 1
4 4894 2
4 19231 1
4 17188 1
4 7463 1
4 1834 1
4 12852 1
4 20794 1
4 17211 3
4 7498 1
4 17740 1
4 5456 1
4 13141 1
4 21334 1
4 18267 1
4 12602 1
4 3935 2
4 22368 1
4 7527 1
4 21873 1
4 20343 1
4 4474 2
4 1918 1
4 1410 1
4 20882 2
4 11436 1
4 17818 1
4 6561 1
4 15266 2
4 4011 1
4 22258 1
4 2990 1
4 16303 1
4 21936 1
4 4019 2
4 7102 1
4 22464 1
4 11714 1
4 7110 1
4 9167 1
4 11729 1
4 7642 1
4 493 1
4 11760 2
4 11762 2
4 6136 3
4 4090 1
5 14862 1
5 20653 1
5 3603 1
5 2990 1
5 22557 2
5 19504 1
5 13875 2
5 12342 1
5 11321 2
5 12360 1
5 588 1
5 4688 1
5 4690 1
5 13907 1
5 20118 1
5 11361 2
5 15976 1
5 21102 1
5 13937 1
5 6770 1
5 19731 1
5 14452 1
5 6773 1
5 20604 1
5 18052 1
5 1163 1
5 3217 2
5 19094 1
5 19098 1
5 7326 1
5 9380 1
5 4774 4
5 11431 1
5 11434 1
5 4780 1
5 9901 1
5 6323 2
5 12471 1
5 19133 1
5 7361 1
5 11459 2
5 2244 1
5 15563 1
5 13516 2
5 4304 1
5 3960 1
5 19155 1
5 19157 1
5 16602 1
5 12508 1
5 18143 3
5 6372 1
5 22252 1
5 18674 1
5 22262 1
5 5929 1
5 15609 1
5 15621 1
5 17165 1
5 10510 1
5 2834 1
5 10515 1
5 16662 1
5 19737 1
5 1818 1
5 4894 1
5 12779 1
5 19238 1
5 18215 2
5 11049 1
5 20269 2
5 17202 1
5 5427 1
5 10552 1
5 2873 1
5 18746 1
5 10044 1
5 7485 1
5 19263 2
5 5445 1
5 11591 1
5 20809 1
5 20303 1
5 6483 1
5 14649 1
5 13147 2
5 3934 2
5 3935 1
5 3940 1
5 2407 1
5 7016 1
5 16188 1
5 5994 1
5 9583 1
5 21875 1
5 8568 1
5 4989 1
5 4479 1
5 9600 2
5 8579 1
5 5509 1
5 907 1
5 20877 1
5 11662 1
5 8086 1
5 408 1
5 1947 1
5 19269 1
5 15266 1
5 13723 1
5 6771 1
5 1965 1
5 4014 1
5 7601 1
5 15795 1
5 16826 1
5 11714 1
5 12746 1
5 9167 1
5 16848 1
5 4053 2
5 19421 1
5 16865 1
5 6118 1
5 7144 2
5 10218 1
5 10219 1
5 21586 1
5 11760 2
6 12288 2
6 3594 1
6 3595 1
6 3596 2
6 4115 1
6 12827 1
6 9759 2
6 4130 1
6 13147 1
6 4647 1
6 12333 1
6 11313 1
6 1076 2
6 6770 1
6 572 1
6 3134 14
6 15434 1
6 15971 1
6 6414 2
6 13912 3
6 18704 1
6 19555 1
6 15976 1
6 18540 1
6 13937 5
6 21618 1
6 1141 3
6 6779 1
6 6790 1
6 14985 1
6 14475 1
6 3217 3
6 16533 1
6 19094 2
6 15512 1
6 4773 2
6 18087 1
6 5800 1
6 12461 4
6 8368 1
6 12466 1
6 11959 2
6 11978 1
6 13516 4
6 719 1
6 8568 1
6 19155 1
6 14037 1
6 16088 1
6 7396 1
6 22252 1
6 13558 1
6 5368 2
6 1280 2
6 4868 1
6 15621 1
6 10510 1
6 7952 1
6 4886 2
6 2841 2
6 19231 1
6 20260 1
6 18727 1
6 18728 1
6 17706 2
6 5934 1
6 17202 1
6 5427 1
6 18569 1
6 21305 1
6 8512 1
6 20803 3
6 20303 1
6 6483 1
6 6489 1
6 4495 1
6 3934 1
6 3935 1
6 19301 1
6 21874 1
6 16246 1
6 16248 1
6 6372 1
6 8583 1
6 395 2
6 20877 1
6 7055 1
6 15000 1
6 20882 2
6 12180 1
6 15187 1
6 13723 1
6 13725 1
6 20397 1
6 2990 1
6 20399 1
6 3507 1
6 11193 1
6 3519 1
6 22464 1
6 7110 2
6 20424 11
6 4049 4
6 4053 12
6 14301 1
6 17381 1
6 17388 1
6 13907 2
6 4090 2
6 19606 2
7 12288 1
7 15369 3
7 9234 1
7 12827 1
7 22557 1
7 4647 2
7 1590 1
7 573 1
7 13887 1
7 13888 1
7 577 1
7 12354 1
7 15432 1
7 10510 1
7 13912 2
7 11868 1
7 7778 1
7 22119 2
7 13937 1
7 6772 1
7 1141 2
7 12927 1
7 13445 1
7 15494 1
7 1163 1
7 3217 1
7 1170 1
7 18579 1
7 19606 2
7 9755 2
7 18087 1
7 2751 1
7 11978 1
7 13516 2
7 14033 1
7 19155 1
7 5332 1
7 10453 1
7 21727 1
7 6368 2
7 6369 1
7 5352 1
7 3313 8
7 13558 2
7 20265 1
7 5368 1
7 18686 1
7 14081 1
7 4868 1
7 15621 1
7 6414 1
7 18704 1
7 6421 1
7 8989 1
7 4897 1
7 16164 1
7 5929 2
7 11568 1
7 5426 1
7 5427 3
7 14047 1
7 10044 1
7 17215 1
7 3392 1
7 14475 2
7 19269 1
7 13129 1
7 16203 1
7 21324 1
7 20303 1
7 3408 1
7 17234 1
7 15187 1
7 15701 1
7 14682 8
7 3419 1
7 861 1
7 3934 2
7 15216 1
7 7537 2
7 21874 1
7 6003 1
7 20343 2
7 13716 1
7 14714 1
7 19263 6
7 4476 1
7 14725 1
7 8583 1
7 20877 2
7 4494 1
7 20882 1
7 20803 1
7 12180 1
7 15266 1
7 14762 1
7 2990 2
7 7601 1
7 4019 5
7 3009 2
7 20424 5
7 21962 1
7 4049 10
7 14291 1
7 4053 7
7 5591 1
7 12624 1
7 19939 1
7 17381 1
7 7144 5
7 17388 1
7 6483 1
7 4090 2
8 12288 1
8 8198 2
8 526 1
8 12816 1
8 13147 1
8 4650 1
8 13873 1
8 13874 1
8 7220 1
8 11832 1
8 3134 7
8 15939 1
8 595 1
8 10254 1
8 8797 1
8 15971 5
8 18022 1
8 15976 1
8 21617 1
8 6414 1
8 21619 1
8 6773 1
8 15994 1
8 13440 1
8 15491 2
8 7303 1
8 13961 1
8 7306 1
8 1167 1
8 14994 3
8 15512 1
8 7326 1
8 16544 1
8 4773 1
8 20649 1
8 10928 1
8 4818 1
8 19155 4
8 10453 2
8 15581 1
8 4320 1
8 4322 1
8 6372 1
8 7399 1
8 13040 1
8 5368 1
8 18686 1
8 15616 1
8 20232 1
8 3339 1
8 10510 1
8 6421 1
8 1303 1
8 18209 2
8 19234 1
8 8484 1
8 5415 1
8 17706 1
8 4573 1
8 17203 1
8 21310 1
8 20803 3
8 21318 1
8 20809 1
8 17229 1
8 19286 1
8 9050 1
8 18267 2
8 3934 1
8 5994 1
8 877 1
8 21874 1
8 15754 1
8 8594 1
8 15856 1
8 2990 2
8 11708 3
8 22464 2
8 13766 1
8 20424 1
8 16848 1
8 4049 3
8 10717 1
8 7141 1
8 18921 1
8 494 1
8 11760 1
8 4090 2
9 9729 1
9 2947 1
9 13316 1
9 13445 1
9 14088 1
9 6551 1
9 4364 1
9 13709 1
9 5571 1
9 6773 2
9 7952 1
9 6219 1
9 3603 1
9 4886 1
9 1303 1
9 17688 1
9 17818 1
9 19102 1
9 19555 1
9 11428 1
9 5800 1
9 11434 1
9 4267 1
9 1839 1
9 7217 1
9 14645 1
9 20024 1
9 21305 1
9 5576 1
9 10429 1
9 1471 1
9 13760 1
9 20033 1
9 7106 1
9 20803 2
9 8518 1
9 1351 1
9 20424 1
9 16460 1
9 12151 1
9 13516 1
9 17229 1
9 16462 1
9 4941 1
9 14033 1
9 19155 4
9 14677 1
9 2648 1
9 9380 1
9 18267 1
9 16220 1
9 3934 1
9 1163 1
9 22369 1
9 16226 1
9 15971 1
9 8421 1
9 7633 1
9 5352 1
9 7785 1
9 8043 1
9 495 1
9 11760 1
9 6770 1
9 500 1
9 1141 1
9 6775 1
9 5368 3
9 19133 1
9 21757 1
10 12288 1
10 19460 1
10 11436 1
10 11787 1
10 10254 1
10 13316 2
10 4647 2
10 16937 1
10 5815 1
10 6191 1
10 6192 1
10 4163 1
10 15432 2
10 8375 1
10 592 1
10 15953 1
10 21586 1
10 599 2
10 13912 1
10 4194 1
10 21094 1
10 18022 1
10 13415 1
10 18540 1
10 12397 2
10 13937 1
10 4723 2
10 2166 1
10 19068 1
10 14461 1
10 4223 1
10 14978 1
10 13444 1
10 18569 1
10 10890 1
10 8847 1
10 10691 1
10 13979 1
10 15523 1
10 9380 1
10 19624 1
10 22188 1
10 12471 1
10 7359 1
10 15563 1
10 12505 1
10 5207 1
10 1758 2
10 4831 1
10 22262 2
10 5929 2
10 5368 3
10 1280 1
10 1835 1
10 7438 1
10 4886 1
10 18200 2
10 8989 1
10 1833 2
10 17707 1
10 12076 1
10 10717 1
10 15582 1
10 16188 1
10 10559 1
10 3392 2
10 20803 3
10 20292 1
10 19269 2
10 17225 1
10 10573 1
10 10574 1
10 3408 1
10 21841 1
10 8532 1
10 18773 1
10 4438 1
10 861 1
10 3934 1
10 16226 1
10 10096 1
10 6003 1
10 19263 2
10 8512 1
10 6030 1
10 5013 1
10 22426 1
10 13723 1
10 20384 1
10 13730 1
10 4019 2
10 20809 1
10 11708 1
10 21949 1
10 13246 1
10 22464 2
10 13763 1
10 4599 1
10 14800 1
10 4049 5
10 14291 3
10 4564 1
10 4053 1
10 18904 1
10 18393 1
10 4090 1
10 10718 1
10 7144 1
10 12778 1
10 10743 1
10 4602 1
11 15616 1
11 9729 1
11 9218 1
11 12164 1
11 12805 1
11 18055 1
11 18056 1
11 13650 1
11 1303 2
11 5929 1
11 6381 1
11 12816 1
11 20882 1
11 3603 1
11 15216 1
11 21310 1
11 4886 1
11 11671 1
11 17688 1
11 9247 1
11 15264 1
11 6192 1
11 16035 1
11 13476 1
11 10225 1
11 16936 1
11 18857 1
11 3134 1
11 7980 1
11 15666 1
11 2990 2
11 12464 1
11 6834 1
11 11827 1
11 6327 1
11 8892 1
11 17202 1
11 15808 1
11 16961 2
11 12354 1
11 20803 3
11 6323 1
11 5064 1
11 18505 1
11 12471 1
11 588 1
11 5808 1
11 11471 1
11 1833 1
11 4090 1
11 4818 1
11 16547 1
11 13912 1
11 1753 1
11 5339 1
11 13818 1
11 3934 1
11 3935 2
11 7392 1
11 22369 1
11 15971 1
11 16937 1
11 4602 1
11 13244 1
11 7018 1
11 4075 1
11 5997 1
11 10990 1
11 22255 1
11 11760 2
11 497 1
11 6770 1
11 21619 1
11 500 1
11 6773 1
11 5623 1
11 5368 2
11 2834 1
11 5371 1
11 18686 1
12 12288 3
12 4944 1
12 4104 1
12 4110 1
12 12816 1
12 4632 1
12 22557 1
12 19494 2
12 4647 2
12 12345 1
12 3134 2
12 12357 1
12 22369 2
12 7010 2
12 4689 2
12 1106 1
12 6741 1
12 602 1
12 603 1
12 18526 1
12 12897 1
12 15971 4
12 5732 1
12 18022 2
12 21617 1
12 6770 1
12 3702 1
12 3711 1
12 21632 1
12 13444 1
12 13445 1
12 4234 2
12 19598 1
12 3217 2
12 14994 2
12 18579 2
12 15000 1
12 16546 1
12 16547 1
12 4774 1
12 10098 1
12 8892 1
12 6090 1
12 14016 1
12 9417 1
12 14033 1
12 4818 2
12 19155 7
12 6868 1
12 17621 1
12 5339 1
12 14047 1
12 8416 1
12 9442 1
12 7396 2
12 7399 1
12 6866 1
12 14037 1
12 15616 2
12 1281 1
12 9995 1
12 19726 1
12 19731 2
12 19733 1
12 4886 2
12 19737 1
12 20254 1
12 19589 1
12 19234 1
12 1833 1
12 21295 1
12 20285 1
12 21310 1
12 1855 1
12 1866 1
12 4941 1
12 11600 1
12 12625 3
12 21330 1
12 5459 1
12 5461 1
12 13147 4
12 3934 5
12 3935 1
12 14469 1
12 3937 1
12 3938 1
12 877 1
12 21871 1
12 13681 1
12 21874 3
12 20343 2
12 20858 1
12 11645 1
12 12779 1
12 2438 2
12 15246 1
12 15512 3
12 20882 2
12 7069 1
12 20384 1
12 13222 1
12 2990 2
12 1976 1
12 12746 3
12 11726 2
12 4259 1
12 7137 1
12 19938 1
12 7141 1
12 12778 2
12 19435 1
12 11760 1
12 12785 1
12 10740 1
12 16373 1
12 4090 6
13 5248 1
13 11781 1
13 6150 1
13 14985 1
13 19596 1
13 6338 1
13 19476 1
13 4886 1
13 1303 1
13 17688 1
13 19737 1
13 7582 1
13 4511 1
13 7106 1
13 7495 1
13 1138 1
13 2990 1
13 10928 1
13 9012 1
13 8375 1
13 2873 1
13 12746 1
13 8895 1
13 16961 2
13 14530 1
13 20803 1
13 13255 1
13 17608 1
13 11850 2
13 13516 1
13 16846 1
13 13453 1
13 2512 1
13 12625 1
13 19155 2
13 13881 1
13 8026 1
13 15610 1
13 592 1
13 15971 1
13 12773 1
13 9809 1
13 493 1
13 11760 1
13 13681 1
13 12018 1
13 5459 1
13 16373 1
13 3702 2
13 19703 1
13 4602 1
14 22464 1
14 10404 1
14 19588 1
14 18400 1
14 4617 1
14 21399 1
14 4364 1
14 6381 1
14 12816 2
14 17688 1
14 7570 1
14 19731 1
14 15508 1
14 11566 1
14 150 1
14 1303 1
14 11334 1
14 7236 1
14 5146 1
14 1837 1
14 8988 1
14 4475 1
14 13316 1
14 18181 1
14 20000 1
14 13730 1
14 13147 1
14 9380 2
14 4038 1
14 1833 1
14 17067 1
14 1979 1
14 2990 3
14 12464 1
14 15793 1
14 16434 1
14 6323 1
14 5815 1
14 12987 1
14 6592 1
14 5600 1
14 20803 1
14 10436 1
14 13766 1
14 5729 1
14 12360 1
14 20809 1
14 21195 1
14 21324 1
14 19234 1
14 15567 1
14 21091 1
14 5332 1
14 10837 1
14 13874 1
14 1753 1
14 18267 1
14 4090 2
14 18911 1
14 5728 1
14 5601 1
14 7010 1
14 15971 3
14 18540 1
14 7018 1
14 8043 1
14 748 1
14 9069 1
14 11760 2
14 13937 1
14 19155 1
14 6772 1
14 528 1
14 12799 1
14 15096 1
14 18042 2
14 2043 1
14 15100 1
14 4989 1
14 21758 1
14 4095 1
15 0 3
15 13316 1
15 6149 1
15 9747 1
15 16302 1
15 19480 1
15 19460 1
15 858 1
15 9759 2
15 4128 2
15 3621 1
15 4647 2
15 20012 1
15 13881 1
15 13883 1
15 3134 1
15 577 1
15 12354 1
15 17163 1
15 15432 1
15 20553 1
15 588 1
15 13389 1
15 21586 1
15 15955 1
15 9300 1
15 5207 1
15 12891 1
15 18022 1
15 7785 1
15 18028 1
15 13937 2
15 21619 1
15 6773 1
15 14973 1
15 19582 1
15 3711 1
15 7531 1
15 13444 1
15 1163 1
15 20109 1
15 9360 1
15 8346 1
15 4774 4
15 15528 1
15 12461 1
15 5806 1
15 16049 1
15 19124 1
15 12471 2
15 21364 1
15 3258 1
15 19133 4
15 7870 1
15 14016 1
15 8898 1
15 20343 1
15 4303 1
15 14033 1
15 19155 2
15 14037 1
15 1751 1
15 22232 1
15 12510 1
15 6693 1
15 12009 1
15 9451 1
15 6380 1
15 6381 1
15 19694 1
15 1918 1
15 22262 1
15 5929 1
15 15609 1
15 12026 1
15 3435 1
15 8449 3
15 15621 1
15 11479 1
15 4364 1
15 7952 1
15 2834 1
15 1303 2
15 805 1
15 11049 2
15 17706 1
15 21803 1
15 10545 1
15 15674 1
15 19263 1
15 20803 2
15 3396 1
15 19269 1
15 8007 1
15 22344 1
15 20809 2
15 12110 1
15 3408 1
15 12625 1
15 13141 1
15 4438 1
15 6489 2
15 9050 1
15 18267 1
15 3934 1
15 3935 2
15 22368 1
15 22369 1
15 8043 5
15 3948 1
15 9069 1
15 15216 3
15 7537 1
15 19316 1
15 12663 1
15 18808 1
15 11134 1
15 15751 1
15 22416 1
15 11156 1
15 3991 1
15 8602 1
15 18852 1
15 2990 8
15 6984 1
15 15794 1
15 16308 1
15 1976 1
15 10740 1
15 1467 1
15 1980 1
15 15808 2
15 4038 1
15 15820 1
15 9167 2
15 4053 2
15 6615 1
15 9124 1
15 21980 1
15 18911 1
15 18086 1
15 4945 2
15 11760 2
15 3060 1
15 1899 1
15 8188 1
15 12799 1
16 12288 1
16 1537 1
16 15874 1
16 7690 1
16 7180 1
16 16911 1
16 8508 1
16 7714 1
16 4138 1
16 16431 1
16 13881 1
16 7471 2
16 12354 1
16 20547 4
16 588 1
16 13389 3
16 11858 2
16 15955 1
16 13398 1
16 603 1
16 18528 1
16 13937 1
16 3702 1
16 11113 1
16 3201 2
16 12426 1
16 1163 1
16 13462 1
16 15216 1
16 4773 1
16 4774 3
16 22188 1
16 17069 1
16 6323 1
16 8892 1
16 19133 4
16 6774 1
16 19155 2
16 11992 1
16 4317 1
16 7392 1
16 741 1
16 4328 1
16 14035 2
16 11049 1
16 19707 1
16 8449 4
16 17163 1
16 1303 2
16 7451 1
16 5929 2
16 5934 1
16 21295 1
16 1329 1
16 21305 1
16 17211 2
16 15676 1
16 16705 1
16 20803 2
16 17227 1
16 4945 1
16 18267 1
16 3935 1
16 2914 1
16 20329 1
16 7018 1
16 9069 1
16 12656 1
16 4474 1
16 3991 2
16 3992 1
16 13723 1
16 20384 1
16 11760 3
16 2990 2
16 11708 1
16 21949 1
16 7103 1
16 7104 1
16 7109 1
16 13768 1
16 5590 1
16 12625 1
16 18921 1
16 15855 1
16 5616 1
16 10225 1
16 595 1
16 15864 1
16 11771 1
17 12288 1
17 6533 1
17 10761 2
17 13453 1
17 15981 1
17 3603 1
17 7700 1
17 917 2
17 7702 1
17 19607 1
17 14488 1
17 4894 2
17 13445 1
17 4000 1
17 4773 1
17 4774 3
17 16936 3
17 15402 1
17 685 2
17 6191 1
17 20424 1
17 11186 1
17 6323 2
17 6324 1
17 8606 1
17 918 1
17 8892 1
17 5368 1
17 1855 1
17 12354 1
17 20803 2
17 15432 1
17 20809 1
17 21841 1
17 11858 1
17 6995 1
17 7380 1
17 1369 1
17 9171 1
17 8043 1
17 9069 1
17 15856 1
17 5843 1
17 15774 1
17 12279 1
17 2949 2
17 5371 1
17 4886 1
18 19460 1
18 19476 1
18 4526 1
18 13316 1
18 17436 1
18 5951 1
18 19493 1
18 15911 2
18 1074 1
18 12852 3
18 13880 2
18 3764 1
18 3134 1
18 11850 1
18 12471 1
18 2640 1
18 4177 1
18 11858 1
18 15971 1
18 3676 1
18 8797 1
18 18016 1
18 16481 1
18 19555 1
18 12394 1
18 12397 1
18 21102 1
18 20593 1
18 6773 1
18 10360 2
18 5246 1
18 15491 1
18 12426 1
18 14993 1
18 18030 1
18 1174 1
18 13979 2
18 10404 3
18 4774 2
18 11292 1
18 22188 2
18 6323 1
18 4276 1
18 9398 1
18 5815 1
18 20155 1
18 6342 1
18 17612 1
18 16592 1
18 14033 1
18 19155 1
18 15577 2
18 4831 1
18 4647 1
18 19694 1
18 19696 1
18 20723 1
18 19716 1
18 1303 1
18 18200 1
18 4894 1
18 6533 1
18 11049 1
18 1076 1
18 8508 1
18 7485 1
18 19263 1
18 16705 1
18 20803 1
18 22340 1
18 20809 1
18 8532 1
18 3417 1
18 3935 1
18 22368 1
18 10044 1
18 8043 4
18 6511 1
18 11632 1
18 21875 1
18 20343 1
18 8511 1
18 16260 1
18 2949 3
18 919 2
18 11152 1
18 3991 2
18 15774 1
18 4511 1
18 7584 2
18 14754 1
18 20389 1
18 7592 1
18 15276 1
18 2990 1
18 7600 1
18 15794 1
18 15795 1
18 22464 3
18 4000 4
18 15266 2
18 9167 1
18 14290 1
18 4053 1
18 4772 1
18 8666 1
18 10206 1
18 10406 1
18 11760 5
18 11249 1
18 5623 1
18 6652 1
18 5118 1
19 15874 1
19 8043 2
19 13889 1
19 4104 1
19 13961 1
19 7690 1
19 13453 1
19 17424 1
19 19476 1
19 19694 1
19 1839 1
19 9122 1
19 10404 2
19 11815 1
19 2348 1
19 16430 1
19 2991 1
19 21554 1
19 1336 1
19 11708 1
19 21949 2
19 22464 1
19 1857 1
19 7150 1
19 11850 1
19 11511 1
19 15820 1
19 9167 1
19 7888 1
19 21586 1
19 7892 1
19 5717 1
19 11478 1
19 4087 1
19 18267 1
19 3935 1
19 22368 1
19 17936 1
19 19938 1
19 3175 1
19 745 1
19 3435 2
19 3438 1
19 19703 1
19 11760 1
19 20593 1
19 1654 1
19 20343 1
19 12026 1
19 15911 1
19 12414 1
20 15488 1
20 1410 1
20 8641 1
20 13316 2
20 6790 1
20 18055 1
20 15903 1
20 7306 1
20 19607 1
20 19596 1
20 13453 1
20 11662 1
20 10511 1
20 7768 1
20 20519 1
20 4886 1
20 1303 3
20 15512 1
20 19737 1
20 13979 2
20 4881 1
20 4511 1
20 7219 1
20 10404 1
20 4647 1
20 9247 1
20 10453 1
20 10667 1
20 21036 1
20 2990 3
20 12207 1
20 10545 1
20 18738 1
20 4019 1
20 7220 1
20 2101 1
20 7862 1
20 19124 1
20 16543 1
20 19900 1
20 12341 1
20 7103 1
20 22464 1
20 16705 1
20 6338 1
20 20803 3
20 10510 1
20 21446 1
20 17608 1
20 17225 1
20 11850 1
20 12151 1
20 588 2
20 5838 1
20 9167 1
20 592 1
20 15441 1
20 11858 1
20 19155 1
20 15444 1
20 21646 1
20 19204 1
20 11992 1
20 4516 1
20 10205 1
20 4304 1
20 19043 1
20 20455 1
20 17163 1
20 8043 1
20 21330 1
20 10555 1
20 11760 1
20 13937 1
20 12018 1
20 20343 1
20 10920 1
20 4601 1
20 8797 1
20 14677 2
21 15616 1
21 9227 1
21 7694 1
21 7854 1
21 9241 1
21 22557 3
21 15903 1
21 5252 1
21 548 1
21 20519 3
21 5170 1
21 7219 1
21 10555 1
21 3935 1
21 12349 1
21 16961 1
21 12354 1
21 14404 1
21 12360 1
21 5815 1
21 588 1
21 21586 1
21 13907 1
21 2645 1
21 12892 1
21 15971 1
21 12390 1
21 22119 2
21 9832 1
21 22121 1
21 18540 1
21 18029 1
21 13937 1
21 6770 1
21 13435 1
21 15487 1
21 6784 1
21 15808 1
21 18052 1
21 6790 1
21 8641 1
21 18056 1
21 17041 1
21 19091 1
21 19094 1
21 15512 1
21 6809 1
21 16547 1
21 9380 1
21 5800 1
21 4267 1
21 20142 1
21 15023 1
21 1716 1
21 9398 1
21 12471 2
21 20155 1
21 8892 3
21 2239 1
21 19137 1
21 13516 1
21 4818 1
21 19155 3
21 1758 1
21 4831 1
21 10980 1
21 8421 1
21 17642 1
21 4647 2
21 22252 1
21 19694 1
21 18674 1
21 5368 4
21 16121 1
21 1280 2
21 14081 1
21 4868 1
21 775 1
21 10510 1
21 17688 2
21 5764 1
21 7451 1
21 4894 1
21 1925 1
21 5920 1
21 11049 1
21 2348 1
21 12091 1
21 20284 1
21 11590 1
21 328 1
21 9546 2
21 20817 1
21 9554 1
21 13141 1
21 19286 1
21 9047 1
21 6489 1
21 13663 1
21 7483 2
21 5994 1
21 9583 1
21 21877 1
21 12663 1
21 9093 1
21 14743 1
21 10636 1
21 20877 2
21 3992 1
21 22418 1
21 17814 1
21 6551 1
21 408 1
21 20384 1
21 15266 2
21 15268 1
21 11762 1
21 2990 1
21 7601 1
21 7092 1
21 13244 1
21 1469 1
21 7104 1
21 4000 1
21 13763 1
21 10692 1
21 20424 1
21 8144 1
21 11760 1
21 10225 1
21 3058 1
21 10228 1
21 5111 1
21 18975 1
21 4090 1
22 22272 1
22 1029 1
22 22032 1
22 19478 1
22 22551 1
22 16414 1
22 6694 1
22 18473 1
22 18483 1
22 1076 1
22 11335 1
22 15432 1
22 19019 1
22 592 1
22 21586 1
22 7765 1
22 7776 1
22 7780 1
22 9831 1
22 18108 1
22 22119 1
22 14448 3
22 21632 1
22 5251 1
22 6283 1
22 12433 1
22 12441 1
22 14495 1
22 13475 2
22 13478 1
22 14509 1
22 20155 1
22 8892 1
22 19133 3
22 13516 2
22 20687 1
22 20690 5
22 10963 1
22 719 1
22 12514 1
22 7395 1
22 740 1
22 14568 1
22 11008 1
22 770 1
22 4867 1
22 15119 2
22 2179 1
22 2839 3
22 17181 1
22 13088 1
22 18209 1
22 2854 1
22 2351 1
22 10040 1
22 21305 3
22 4414 1
22 16194 1
22 16195 1
22 8013 1
22 11604 1
22 14677 1
22 9047 2
22 15717 1
22 13161 1
22 5996 1
22 9069 1
22 9072 1
22 12151 1
22 8683 1
22 16775 1
22 20874 1
22 8607 2
22 15273 1
22 5551 1
22 13244 1
22 11714 1
22 1990 1
22 15305 1
22 9167 3
22 13778 1
22 8660 1
22 10206 3
22 1504 5
22 17899 1
22 16366 1
22 7667 1
22 4602 1
23 12288 1
23 13440 1
23 5867 1
23 16775 2
23 8685 1
23 17041 1
23 20882 2
23 9347 1
23 2840 1
23 5309 1
23 21660 1
23 8989 1
23 18208 1
23 18209 1
23 17387 1
23 8995 1
23 8449 1
23 4654 1
23 925 1
23 16049 1
23 11444 1
23 1077 2
23 4150 1
23 21305 1
23 12602 1
23 3900 1
23 12349 2
23 3647 2
23 13888 1
23 3649 1
23 11714 1
23 12357 1
23 14369 1
23 3784 2
23 3529 3
23 1997 1
23 5838 1
23 9423 1
23 16592 1
23 6865 1
23 4819 1
23 4217 1
23 5337 1
23 5085 1
23 1505 1
23 16998 1
23 22119 1
23 15723 1
23 8940 1
23 9069 2
23 19133 1
23 15216 2
23 7471 1
23 14324 1
23 1141 1
23 8184 1
23 6265 1
23 21372 1
23 18174 1
23 1151 1
24 3073 1
24 15874 1
24 19460 1
24 12805 1
24 16902 1
24 14969 1
24 12716 1
24 9047 1
24 1538 1
24 19473 1
24 14475 2
24 19478 1
24 19479 1
24 9244 1
24 22557 1
24 18975 1
24 14369 2
24 4132 1
24 19494 2
24 4654 2
24 7216 1
24 1588 1
24 20148 1
24 3130 1
24 13888 1
24 22082 1
24 1092 1
24 11334 1
24 586 1
24 13388 1
24 21074 1
24 15448 1
24 9818 1
24 19550 1
24 18528 2
24 5232 1
24 13161 1
24 8724 1
24 17018 1
24 15487 1
24 1152 1
24 18049 1
24 9347 2
24 4230 1
24 6791 1
24 6280 1
24 6281 3
24 6283 1
24 19598 1
24 143 1
24 17041 3
24 2706 5
24 9875 1
24 150 1
24 19098 1
24 14448 1
24 17062 1
24 11434 1
24 15532 1
24 16049 2
24 19124 2
24 12471 1
24 7865 1
24 20155 3
24 19133 3
24 14016 1
24 11969 1
24 4290 2
24 13516 1
24 11471 1
24 9425 1
24 4819 2
24 10452 1
24 10453 1
24 20695 1
24 5337 2
24 15579 1
24 2273 1
24 7889 1
24 12026 1
24 22267 1
24 18174 1
24 14592 1
24 4867 1
24 11024 1
24 11027 1
24 7451 1
24 1498 1
24 2846 1
24 18209 2
24 2343 1
24 5929 1
24 8502 1
24 21305 3
24 12602 1
24 3900 2
24 906 1
24 4415 1
24 4235 1
24 7498 1
24 6481 2
24 6995 1
24 10069 1
24 14649 1
24 861 1
24 11008 1
24 1378 1
24 5988 1
24 18793 1
24 18796 1
24 9069 2
24 9072 2
24 12151 2
24 17789 1
24 1408 1
24 897 1
24 8683 2
24 1415 1
24 6026 1
24 20882 2
24 8607 1
24 4000 1
24 4003 1
24 15276 1
24 9647 1
24 16799 1
24 3517 1
24 588 1
24 503 1
24 12748 1
24 1997 1
24 4570 1
24 762 1
24 15838 1
24 1504 3
24 14306 1
24 13478 1
24 18406 1
24 17387 2
24 7660 1
24 21586 4
24 502 1
24 5623 2
25 15216 1
25 6791 1
25 2706 1
25 8086 1
25 12825 1
25 6687 1
25 14448 1
25 6694 1
25 3377 2
25 15276 1
25 16049 1
25 673 1
25 11732 1
25 10205 1
25 1504 2
25 15849 1
25 21228 1
25 9072 1
25 1140 1
25 17790 1
25 21750 1
25 3966 1
25 383 1
26 17069 1
26 15448 1
26 22551 1
26 12825 5
26 1564 1
26 11293 1
26 16414 1
26 1069 1
26 12852 2
26 7736 1
26 13887 1
26 13889 1
26 1092 1
26 20038 1
26 18005 1
26 9816 1
26 3162 1
26 603 1
26 6237 1
26 15456 1
26 2661 1
26 18022 1
26 5905 1
26 17000 1
26 11708 2
26 13937 1
26 1141 3
26 5764 1
26 9864 1
26 18569 1
26 10721 1
26 13451 1
26 5997 1
26 17041 1
26 4754 1
26 10900 1
26 13849 1
26 1689 1
26 4263 2
26 5801 1
26 4267 1
26 14509 1
26 19124 1
26 8892 1
26 19133 4
26 12481 1
26 13508 2
26 17612 1
26 15566 1
26 8913 1
26 10452 1
26 3290 1
26 9948 1
26 10975 1
26 4326 1
26 1255 1
26 22252 1
26 7634 1
26 21592 1
26 3313 1
26 21750 1
26 6904 1
26 19156 1
26 18686 1
26 11008 1
26 4868 1
26 17672 1
26 14094 1
26 2321 1
26 16661 1
26 15128 1
26 22301 1
26 7455 1
26 7457 1
26 293 1
26 18140 1
26 15751 1
26 5934 1
26 17127 1
26 1844 1
26 21305 4
26 15166 1
26 5959 1
26 4942 1
26 5005 1
26 14677 1
26 9047 1
26 21848 1
26 14682 1
26 8027 1
26 11060 1
26 3217 1
26 7530 1
26 8043 1
26 9069 3
26 15735 1
26 12673 1
26 1114 1
26 16775 1
26 15752 1
26 5517 1
26 405 1
26 11162 1
26 20384 1
26 18857 1
26 19886 1
26 7600 1
26 19889 1
26 1459 1
26 21940 1
26 9145 1
26 11196 1
26 7104 1
26 11714 1
26 13252 1
26 13255 1
26 6090 1
26 14800 1
26 13778 1
26 7637 1
26 18911 1
26 13793 1
26 19943 1
26 8685 1
26 16367 1
26 11760 1
26 3060 1
26 16373 1
26 16375 1
26 18424 1
26 11771 1
27 12288 2
27 16902 1
27 12 1
27 9901 1
27 22032 2
27 13846 1
27 12823 4
27 12825 4
27 9755 1
27 11293 1
27 9051 1
27 19493 1
27 20519 1
27 1578 2
27 8749 2
27 7216 1
27 3633 1
27 1074 1
27 12852 1
27 18485 1
27 13887 1
27 1092 1
27 17846 1
27 22369 2
27 15432 1
27 587 1
27 17484 1
27 12878 1
27 21586 1
27 15971 1
27 7764 1
27 18005 4
27 5207 1
27 15448 1
27 19035 2
27 8378 1
27 15456 1
27 18529 1
27 1467 1
27 2661 2
27 9831 1
27 13244 2
27 10861 1
27 10862 1
27 19058 1
27 6771 1
27 13428 2
27 6773 1
27 17015 1
27 14969 1
27 13435 1
27 638 1
27 12419 2
27 19588 1
27 18055 1
27 4290 1
27 2706 1
27 21652 1
27 10901 1
27 14020 1
27 10907 1
27 2205 1
27 21687 1
27 1705 1
27 6770 2
27 20654 1
27 10900 1
27 19571 1
27 9398 1
27 4217 1
27 3258 1
27 8892 1
27 1141 4
27 14016 1
27 12481 1
27 1218 1
27 10436 1
27 21619 1
27 3621 1
27 20177 1
27 14550 1
27 12665 1
27 22232 1
27 2777 1
27 6876 1
27 20191 1
27 1761 1
27 20194 1
27 1147 1
27 1764 1
27 20773 1
27 1766 1
27 6375 1
27 745 1
27 5356 1
27 21230 1
27 11902 1
27 18686 1
27 18175 1
27 2818 2
27 19715 1
27 11013 1
27 13062 2
27 4364 1
27 4366 2
27 1069 1
27 5905 1
27 15491 2
27 4884 1
27 6421 2
27 4374 1
27 1823 1
27 5921 1
27 16677 1
27 20774 5
27 3266 1
27 9148 1
27 1331 1
27 12089 3
27 5841 1
27 20285 1
27 4414 1
27 22340 1
27 8825 2
27 17225 1
27 3915 1
27 20301 1
27 9550 1
27 20303 1
27 11600 1
27 12625 1
27 11059 1
27 18267 1
27 15199 1
27 10593 1
27 5993 1
27 15723 2
27 15724 1
27 9069 4
27 6511 1
27 15216 1
27 13174 1
27 20343 1
27 3961 1
27 1918 1
27 15754 4
27 9611 1
27 17806 2
27 19347 1
27 12182 1
27 7578 1
27 13723 1
27 4508 1
27 20384 1
27 22433 1
27 1446 1
27 18857 1
27 9859 1
27 18759 2
27 19373 1
27 7600 1
27 10162 1
27 13238 1
27 17737 2
27 5051 1
27 18364 1
27 3517 2
27 11710 1
27 22464 1
27 15817 3
27 4554 1
27 20429 1
27 9167 3
27 2003 1
27 7637 2
27 8666 1
27 19943 1
27 489 1
27 3055 1
27 8692 1
27 7672 1
27 6652 1
27 7765 1
28 7686 1
28 22024 1
28 12716 1
28 22032 1
28 22551 1
28 12824 1
28 12825 1
28 3674 1
28 22369 2
28 7201 1
28 3619 1
28 774 1
28 1578 2
28 8236 2
28 12341 1
28 17467 1
28 6718 1
28 13887 1
28 12354 1
28 15431 1
28 15432 2
28 17996 1
28 18005 1
28 1114 1
28 20571 1
28 18530 1
28 2661 1
28 18022 1
28 9831 2
28 15464 1
28 20585 1
28 3175 1
28 21102 1
28 21617 1
28 21619 1
28 14969 1
28 15994 1
28 13435 1
28 11902 1
28 16661 1
28 3203 1
28 14985 1
28 13451 1
28 3213 1
28 13849 1
28 6809 1
28 10907 1
28 19124 2
28 15030 1
28 8889 1
28 7361 1
28 18114 1
28 3958 1
28 14023 1
28 15567 1
28 7380 1
28 633 1
28 2264 1
28 13530 1
28 13532 1
28 4831 1
28 20194 4
28 22252 1
28 15600 1
28 5890 1
28 14595 1
28 13062 1
28 781 1
28 12419 2
28 6421 1
28 17688 1
28 8988 2
28 22301 1
28 20254 1
28 20255 1
28 4385 1
28 11555 1
28 20774 4
28 20780 1
28 3888 1
28 12081 1
28 1844 2
28 3894 1
28 6969 1
28 2271 1
28 12604 1
28 4418 1
28 15491 1
28 3400 1
28 17225 1
28 20303 2
28 3408 1
28 12625 1
28 14677 1
28 8033 1
28 13161 2
28 13799 1
28 364 1
28 9069 1
28 6516 1
28 16246 1
28 18808 1
28 12665 1
28 18818 1
28 15237 1
28 17291 1
28 22082 1
28 16273 1
28 20384 2
28 19882 1
28 18860 1
28 16301 1
28 22344 2
28 22345 1
28 17626 1
28 1466 1
28 13244 1
28 8043 1
28 22464 1
28 2505 1
28 5069 1
28 18769 1
28 9167 1
28 976 1
28 14307 1
28 8676 1
28 7655 1
28 3058 1
28 4601 2
29 1281 1
29 21652 1
29 3075 1
29 13445 2
29 13062 1
29 15495 1
29 6153 1
29 7690 1
29 9047 1
29 19725 1
29 12816 1
29 22418 1
29 19091 1
29 10900 1
29 13078 1
29 12823 1
29 6760 1
29 8989 1
29 17184 1
29 20260 1
29 20774 2
29 21617 2
29 1578 1
29 18055 1
29 20782 1
29 5935 1
29 16049 1
29 21619 1
29 1844 1
29 12471 1
29 1976 1
29 3258 1
29 14016 1
29 14018 1
29 17227 1
29 15491 1
29 7110 1
29 13255 1
29 22344 1
29 1099 1
29 18530 1
29 16851 1
29 9167 1
29 15096 1
29 14547 1
29 5207 1
29 3203 1
29 6052 1
29 1114 1
29 719 1
29 7516 1
29 9171 1
29 15097 1
29 3171 1
29 5264 1
29 9442 1
29 19939 1
29 1764 1
29 2661 1
29 9831 1
29 2664 1
29 8425 1
29 10727 1
29 15275 1
29 14448 1
29 13937 1
29 3058 1
29 4211 1
29 13428 1
29 12663 1
29 8184 1
29 6036 1
29 15994 1
29 16252 1
29 7294 1
30 12288 2
30 8705 1
30 19460 1
30 10246 1
30 9231 1
30 13843 1
30 1046 1
30 12823 3
30 12825 1
30 1114 2
30 15903 1
30 7200 1
30 12566 1
30 1069 1
30 19403 1
30 9265 1
30 1074 1
30 12852 1
30 11832 1
30 19124 1
30 19004 1
30 15431 2
30 12360 1
30 9293 1
30 12878 3
30 10833 1
30 21586 1
30 595 1
30 16468 1
30 13397 3
30 5207 1
30 15448 2
30 6234 1
30 395 1
30 12897 1
30 2661 2
30 11708 2
30 6770 2
30 1141 4
30 11902 1
30 13445 1
30 646 1
30 18569 1
30 4746 1
30 2704 1
30 10897 1
30 10900 1
30 13849 1
30 10410 1
30 4267 1
30 13486 1
30 4276 1
30 8889 1
30 1823 1
30 1482 1
30 7870 1
30 6773 1
30 14016 1
30 17184 1
30 8899 1
30 20168 1
30 9425 1
30 20692 1
30 4314 1
30 4318 1
30 4831 1
30 20194 1
30 8421 1
30 4305 1
30 8425 1
30 6382 1
30 6270 1
30 15610 1
30 16641 1
30 12673 1
30 17674 1
30 4364 1
30 3629 1
30 17681 1
30 4884 1
30 16662 1
30 17688 1
30 22301 1
30 5765 1
30 20256 1
30 7460 1
30 7461 1
30 20774 3
30 18222 1
30 7471 1
30 16695 1
30 12089 3
30 3210 1
30 5951 1
30 22339 1
30 22340 1
30 18759 1
30 3400 1
30 17225 1
30 17227 1
30 21841 1
30 9047 1
30 3419 1
30 19943 1
30 2931 1
30 3958 1
30 20343 1
30 1917 1
30 13697 1
30 15754 4
30 17291 1
30 13113 1
30 4497 1
30 17818 1
30 13723 1
30 20384 2
30 7587 1
30 1446 1
30 18865 1
30 20914 1
30 14264 1
30 151 1
30 22464 2
30 4033 1
30 7110 1
30 7112 1
30 9162 1
30 5623 1
30 15820 1
30 15310 1
30 9171 1
30 4570 1
30 6622 1
30 12625 3
30 15849 1
30 15850 1
30 8683 1
30 16367 1
30 11762 1
30 16375 1
30 4602 1
30 4604 1
30 17066 1
31 12288 4
31 8193 1
31 12290 2
31 13316 4
31 9558 1
31 3055 1
31 14969 2
31 13834 1
31 10727 1
31 13485 1
31 12305 1
31 1554 2
31 8214 2
31 12823 10
31 12825 4
31 13850 1
31 17435 3
31 18460 3
31 13853 1
31 15903 1
31 16417 1
31 8228 1
31 20230 1
31 6694 1
31 13863 1
31 22057 2
31 20524 1
31 3629 1
31 14493 1
31 7217 1
31 12852 2
31 11358 1
31 6713 1
31 16223 1
31 13884 1
31 8458 1
31 1076 1
31 8260 1
31 2145 1
31 15431 2
31 7752 1
31 15434 1
31 587 2
31 13388 1
31 12878 1
31 592 4
31 16978 1
31 18005 1
31 5207 3
31 15448 5
31 6234 2
31 17137 1
31 20062 2
31 2661 5
31 18529 1
31 611 1
31 15460 1
31 9317 1
31 22119 1
31 21608 2
31 11708 1
31 13418 1
31 16402 1
31 10862 1
31 21617 2
31 18546 1
31 16507 1
31 1141 6
31 3702 1
31 15723 1
31 14018 1
31 6265 1
31 15994 1
31 1147 4
31 5246 1
31 20095 1
31 8682 1
31 18051 1
31 13444 1
31 1669 1
31 7873 1
31 18569 3
31 14475 1
31 8549 1
31 13453 1
31 17241 1
31 13677 1
31 10896 1
31 3217 1
31 17046 1
31 10903 1
31 21097 1
31 14489 1
31 15215 1
31 10397 1
31 15518 1
31 11423 1
31 18080 1
31 21665 1
31 3234 1
31 13849 1
31 13937 1
31 19731 1
31 11292 1
31 11434 1
31 4267 2
31 6828 1
31 882 1
31 7854 1
31 797 1
31 13488 1
31 22369 1
31 3762 1
31 19315 1
31 19124 1
31 12471 1
31 12984 1
31 8378 2
31 22047 1
31 8892 2
31 19133 1
31 6824 1
31 17013 1
31 14016 1
31 21697 1
31 4290 1
31 2166 1
31 11969 1
31 11059 2
31 18122 2
31 12663 1
31 20329 2
31 5251 1
31 13663 1
31 4218 1
31 13014 1
31 11479 1
31 2596 1
31 18140 2
31 18653 1
31 17631 1
31 11628 1
31 19879 1
31 13435 2
31 19238 1
31 16103 2
31 5352 1
31 8425 1
31 21227 1
31 22252 1
31 7634 1
31 3929 1
31 11645 1
31 20818 1
31 12018 2
31 17140 1
31 17141 1
31 22262 1
31 11511 1
31 10490 1
31 11090 1
31 15102 1
31 11008 1
31 19734 1
31 19204 2
31 13062 1
31 17672 1
31 20348 1
31 22282 1
31 20585 1
31 15119 1
31 20240 1
31 5905 1
31 2834 1
31 15491 2
31 4884 1
31 16661 3
31 4868 1
31 17041 2
31 5764 1
31 14618 1
31 7451 1
31 11549 1
31 16159 1
31 7457 1
31 8995 1
31 10972 1
31 20774 4
31 16679 1
31 1833 2
31 7471 1
31 17202 1
31 7475 1
31 13223 1
31 21814 1
31 1336 1
31 12089 2
31 12602 1
31 12091 1
31 1852 1
31 15754 2
31 1342 2
31 18485 1
31 13445 1
31 4418 1
31 20291 1
31 12104 1
31 17225 1
31 17227 1
31 21305 1
31 12110 1
31 3408 1
31 12625 1
31 21330 1
31 19939 1
31 14677 5
31 19286 2
31 14649 1
31 6489 2
31 17674 1
31 15199 1
31 22368 1
31 5264 1
31 17211 2
31 15717 1
31 10129 1
31 5993 3
31 10602 1
31 8043 1
31 21878 1
31 9069 6
31 8047 1
31 15216 1
31 9074 2
31 9587 1
31 15166 1
31 6518 10
31 20343 2
31 8421 2
31 12665 1
31 18810 1
31 19519 1
31 10620 1
31 1917 2
31 11134 2
31 11135 1
31 9600 1
31 12673 1
31 16260 1
31 15751 1
31 13704 1
31 13193 1
31 906 1
31 151 3
31 8685 2
31 7056 1
31 913 1
31 20882 1
31 17818 1
31 1947 1
31 5020 2
31 20384 2
31 15266 1
31 8611 1
31 19364 1
31 16806 1
31 18855 1
31 14748 1
31 20234 1
31 15275 1
31 5551 1
31 7601 1
31 12212 1
31 9141 1
31 6651 1
31 1976 4
31 16997 1
31 3517 1
31 22467 1
31 22468 1
31 3233 1
31 15817 1
31 1482 2
31 1019 1
31 7629 1
31 9169 1
31 9170 1
31 8898 1
31 9380 1
31 2931 2
31 15837 1
31 6622 2
31 8161 4
31 19938 1
31 4579 1
31 19943 1
31 15850 1
31 21995 1
31 21586 4
31 16367 2
31 3568 1
31 10225 2
31 499 1
31 10740 1
31 13244 1
31 11766 1
31 3064 1
31 8507 1
31 2555 1
31 15871 1
32 14081 1
32 12290 1
32 9859 1
32 513 1
32 17228 1
32 20234 1
32 17163 1
32 4493 1
32 15119 1
32 5905 1
32 10900 2
32 917 1
32 18071 1
32 12825 2
32 13723 1
32 21150 1
32 10481 1
32 20690 1
32 1706 1
32 683 1
32 15794 1
32 15774 1
32 16414 1
32 18505 1
32 2380 1
32 8889 1
32 19133 1
32 13887 1
32 13508 1
32 13537 1
32 7110 1
32 18759 1
32 15432 1
32 15052 1
32 12746 1
32 17227 1
32 13516 1
32 21305 1
32 719 1
32 10320 1
32 21586 1
32 15971 1
32 16468 1
32 14807 1
32 15448 1
32 3419 1
32 19939 1
32 15582 1
32 2271 1
32 18528 1
32 2273 1
32 20194 1
32 4451 1
32 17380 1
32 11771 1
32 5994 1
32 9069 3
32 21592 1
32 21873 1
32 10480 1
32 15985 1
32 1140 1
32 11125 1
32 3702 1
32 3321 1
32 8568 1
32 11156 2
32 9807 1
32 4475 1
32 1918 1
33 12288 1
33 15365 1
33 13832 1
33 13834 1
33 13485 1
33 19472 1
33 4115 1
33 14475 1
33 5149 1
33 15903 1
33 14369 2
33 6695 1
33 3627 1
33 3629 1
33 16430 1
33 7216 2
33 1074 1
33 1076 1
33 12345 1
33 2107 1
33 4668 2
33 17162 1
33 4670 2
33 2111 1
33 12354 2
33 3652 1
33 19553 1
33 15432 1
33 6732 2
33 13389 2
33 9807 2
33 592 1
33 21586 1
33 7768 1
33 603 1
33 11359 1
33 3088 1
33 15971 1
33 9831 1
33 18108 1
33 18028 1
33 13331 1
33 1140 1
33 1141 6
33 4217 1
33 4218 1
33 14649 1
33 20095 2
33 21632 1
33 13445 2
33 18569 1
33 12427 1
33 17041 3
33 17046 3
33 6809 1
33 12446 1
33 20129 1
33 7332 1
33 13478 1
33 5800 1
33 14509 1
33 14621 1
33 21107 1
33 14367 1
33 8892 2
33 19133 1
33 7870 1
33 14016 1
33 16588 1
33 7065 1
33 16760 1
33 20690 1
33 5332 1
33 6622 1
33 10972 1
33 10975 2
33 8929 1
33 21733 1
33 5867 2
33 21305 1
33 3321 2
33 11007 1
33 14592 2
33 770 1
33 4867 1
33 4868 2
33 778 1
33 18191 1
33 5398 1
33 15128 2
33 16669 1
33 17184 1
33 4385 1
33 8995 1
33 19238 1
33 2348 1
33 3885 1
33 21295 1
33 15666 1
33 10206 1
33 13961 1
33 10041 1
33 1852 1
33 4414 1
33 16195 1
33 12100 2
33 13537 4
33 1866 1
33 10571 1
33 8013 1
33 4942 2
33 9047 1
33 4442 1
33 4444 1
33 22369 1
33 9069 2
33 9583 1
33 15216 1
33 8564 1
33 8568 1
33 7550 1
33 797 1
33 16775 2
33 6969 1
33 4497 1
33 20882 2
33 18837 1
33 3991 1
33 16196 1
33 4000 1
33 16806 1
33 19879 1
33 17223 1
33 12852 1
33 20914 1
33 1459 1
33 4539 1
33 4540 1
33 15808 1
33 7109 1
33 11719 2
33 19401 1
33 17359 1
33 13778 1
33 10205 1
33 22418 1
33 19939 2
33 8683 1
33 493 1
33 17395 1
33 8180 1
33 501 1
33 4602 1
33 8188 2
34 11008 1
34 2949 1
34 11398 1
34 3991 1
34 7952 1
34 22418 1
34 13331 1
34 17046 2
34 22551 1
34 14367 1
34 4640 1
34 15276 1
34 14509 1
34 21295 1
34 3762 1
34 563 1
34 12342 1
34 21305 1
34 19133 1
34 21621 1
34 8513 1
34 12103 1
34 14033 1
34 10963 1
34 11604 1
34 3541 1
34 13398 1
34 6713 1
34 858 1
34 2407 1
34 15849 1
34 5867 1
34 7154 1
34 1141 4
34 4603 1
34 18557 1
35 12288 1
35 7680 1
35 4610 1
35 15365 1
35 685 1
35 9234 1
35 4723 1
35 9237 3
35 22551 1
35 15384 1
35 6687 1
35 19493 1
35 19494 1
35 20519 1
35 8238 1
35 7219 1
35 12343 1
35 4161 1
35 8771 3
35 11335 1
35 12360 1
35 8782 1
35 10321 1
35 21586 1
35 10915 1
35 13397 2
35 13398 1
35 11865 1
35 11868 1
35 18528 1
35 2747 1
35 7781 1
35 18022 1
35 700 1
35 20242 1
35 13937 2
35 21107 1
35 4725 1
35 4218 1
35 14462 1
35 14466 1
35 3203 1
35 5764 1
35 7303 2
35 7306 1
35 1163 1
35 4238 1
35 9069 6
35 149 1
35 150 1
35 2713 1
35 13978 1
35 13979 1
35 21606 1
35 19619 1
35 9380 1
35 13478 3
35 10410 1
35 17067 1
35 15532 1
35 14509 1
35 21619 1
35 20148 1
35 7862 1
35 9914 2
35 20155 2
35 15036 1
35 19133 2
35 1141 7
35 15556 2
35 22223 2
35 1744 1
35 20690 1
35 17110 1
35 12503 1
35 9944 1
35 2265 1
35 9167 2
35 10972 1
35 10975 1
35 14049 1
35 16616 4
35 745 1
35 9962 1
35 5867 2
35 5869 1
35 15600 1
35 16625 1
35 1266 1
35 9171 1
35 8950 2
35 12026 2
35 16124 2
35 11008 2
35 8449 1
35 14082 1
35 15621 1
35 19719 1
35 2348 1
35 17162 1
35 3339 1
35 1752 1
35 17170 1
35 4884 1
35 2839 1
35 2841 2
35 12588 1
35 12589 3
35 16175 1
35 10545 1
35 21305 2
35 12405 1
35 6976 2
35 20802 1
35 12100 5
35 12103 2
35 20303 1
35 15184 1
35 4433 1
35 18772 1
35 1167 1
35 15709 1
35 16223 1
35 16224 1
35 3937 1
35 4452 1
35 2918 1
35 999 1
35 876 1
35 22418 1
35 9072 2
35 10098 2
35 16775 1
35 906 2
35 20882 2
35 20547 1
35 19348 1
35 18837 1
35 1942 1
35 15770 1
35 4509 4
35 15774 2
35 19879 1
35 15273 1
35 15276 1
35 4538 1
35 11708 1
35 11714 1
35 4555 1
35 7119 1
35 3536 6
35 16851 1
35 8660 2
35 3541 6
35 12759 1
35 10205 1
35 10206 3
35 11601 1
35 493 1
35 15863 1
35 15866 1
35 8188 2
35 5118 4
35 12799 1
36 13398 1
36 7690 1
36 18263 1
36 17932 1
36 22032 1
36 4635 1
36 20519 1
36 16434 1
36 3636 1
36 6713 1
36 17674 1
36 15432 1
36 11339 1
36 6732 1
36 13397 1
36 598 1
36 15448 1
36 11868 1
36 10338 1
36 9831 1
36 21097 1
36 21102 1
36 4725 1
36 22121 1
36 13588 1
36 4218 1
36 21629 1
36 6791 1
36 7306 1
36 1163 2
36 151 1
36 13478 1
36 22186 1
36 685 1
36 1206 1
36 12471 1
36 8892 1
36 1141 1
36 14016 1
36 7873 1
36 13507 2
36 16592 1
36 7380 1
36 14040 1
36 10973 1
36 10975 1
36 4304 1
36 2278 1
36 16616 1
36 5867 1
36 6269 1
36 18162 1
36 22266 1
36 11008 1
36 778 4
36 15119 2
36 7952 1
36 17172 1
36 13079 1
36 4385 1
36 12852 1
36 1852 1
36 6976 2
36 6982 1
36 13128 1
36 21841 1
36 9047 1
36 14677 1
36 2105 1
36 2394 1
36 4451 1
36 9069 3
36 9072 1
36 15218 1
36 8563 1
36 6530 1
36 4484 1
36 15751 1
36 904 1
36 10638 1
36 10129 1
36 21909 1
36 408 1
36 15774 1
36 19364 1
36 15273 1
36 19886 2
36 15688 1
36 20556 1
36 1995 1
36 3536 2
36 3541 3
36 4570 1
36 10206 1
36 13800 1
36 8685 1
36 4599 1
36 6649 1
36 8188 2
36 8190 1
37 9729 1
37 15874 1
37 17424 1
37 19993 1
37 9755 1
37 5149 1
37 6694 1
37 8236 1
37 7216 1
37 18483 1
37 22581 1
37 4276 1
37 13887 1
37 7236 1
37 20039 1
37 11336 3
37 21586 1
37 7765 1
37 18525 1
37 18528 1
37 21097 1
37 13425 1
37 6773 1
37 10360 1
37 1147 1
37 9341 1
37 2179 1
37 5764 1
37 133 1
37 13961 1
37 4235 1
37 4754 1
37 148 1
37 151 1
37 152 1
37 22181 1
37 13478 3
37 9901 1
37 691 1
37 11444 1
37 16054 2
37 8892 1
37 19133 3
37 16062 1
37 1141 1
37 11969 1
37 20168 1
37 13516 5
37 16592 1
37 20690 1
37 20695 7
37 7402 1
37 4867 1
37 11027 1
37 8989 1
37 18209 1
37 21305 3
37 4415 1
37 17216 1
37 17228 1
37 20329 1
37 9069 2
37 9072 1
37 11637 2
37 3958 1
37 10103 2
37 17788 1
37 17790 1
37 12673 1
37 16260 1
37 21905 1
37 20882 1
37 20148 2
37 3991 1
37 13723 1
37 20384 1
37 19364 1
37 15273 2
37 11335 3
37 11193 1
37 5050 1
37 17339 1
37 22464 1
37 12746 1
37 464 1
37 3541 1
37 3542 1
37 9691 1
37 10206 1
37 13477 1
37 21998 1
37 16374 1
37 4599 1
38 12930 1
38 4867 1
38 3336 1
38 21902 1
38 18447 2
38 20882 1
38 515 1
38 13516 1
38 13979 1
38 9244 1
38 673 1
38 4770 1
38 22181 1
38 18863 1
38 11569 1
38 691 1
38 1076 1
38 16054 1
38 21305 2
38 3130 1
38 18911 1
38 19133 2
38 1141 1
38 3392 1
38 833 1
38 11335 1
38 5576 1
38 9289 1
38 13388 1
38 20430 1
38 9423 1
38 7637 1
38 11612 1
38 1246 1
38 2100 1
38 8683 1
38 4844 1
38 6771 1
38 17012 1
38 16373 1
38 17790 1
38 8063 1
39 21250 1
39 4867 1
39 13189 1
39 14086 1
39 7432 2
39 18569 1
39 20874 1
39 800 1
39 13452 1
39 19373 1
39 22032 3
39 2072 1
39 13844 1
39 16662 1
39 19607 1
39 15128 3
39 13508 1
39 20847 1
39 11292 1
39 20468 1
39 17672 1
39 14725 1
39 21152 1
39 15247 1
39 20389 1
39 11303 2
39 4267 1
39 5993 2
39 14509 1
39 7638 1
39 16049 1
39 14800 1
39 3629 1
39 1335 1
39 6713 2
39 3258 2
39 15593 1
39 19133 1
39 6976 1
39 20384 2
39 21444 1
39 14789 1
39 22369 1
39 969 1
39 12151 1
39 21305 1
39 13445 1
39 9423 1
39 19408 1
39 4433 1
39 14035 1
39 9174 1
39 4217 2
39 9167 1
39 10972 1
39 7952 2
39 10975 1
39 16224 1
39 6288 1
39 5986 1
39 19939 1
39 1380 1
39 4326 1
39 13159 1
39 13161 1
39 9069 1
39 11887 1
39 20343 1
39 19060 1
39 1141 1
39 8086 1
39 17849 1
39 13834 1
39 12153 1
39 13435 2
39 7433 1
39 19208 1
39 11007 1
40 13952 1
40 8961 1
40 4867 2
40 10923 1
40 20502 1
40 20998 1
40 16775 1
40 7432 1
40 3339 1
40 11662 1
40 655 1
40 21905 1
40 20882 1
40 13891 1
40 13334 1
40 3991 3
40 3992 2
40 14489 2
40 19098 1
40 2640 1
40 21660 1
40 7741 1
40 11569 1
40 4016 1
40 9169 1
40 18981 1
40 12465 1
40 2344 1
40 16682 1
40 4267 1
40 12461 1
40 1280 1
40 1839 1
40 12464 2
40 3633 1
40 3762 2
40 7397 1
40 12510 1
40 10953 1
40 7224 1
40 21305 3
40 6715 1
40 11708 4
40 19133 3
40 7870 1
40 16373 1
40 11787 1
40 7747 1
40 21902 1
40 13516 4
40 6732 1
40 4770 1
40 14800 1
40 21841 1
40 14035 1
40 7380 1
40 15701 2
40 13398 1
40 6713 3
40 12504 1
40 9050 1
40 10972 3
40 5854 1
40 12773 3
40 19424 1
40 2273 1
40 8804 1
40 10469 1
40 3943 1
40 9832 1
40 21097 1
40 8940 1
40 8685 1
40 15214 1
40 20847 4
40 10472 1
40 4722 1
40 1140 1
40 1141 4
40 16374 1
40 3321 1
40 8570 1
40 13435 3
40 3626 1
40 7550 1
41 12288 1
41 15874 1
41 7686 1
41 13834 1
41 19476 1
41 19478 1
41 22551 1
41 22557 1
41 6687 1
41 15400 1
41 7217 2
41 1074 2
41 1591 1
41 12349 2
41 3652 5
41 15432 1
41 15434 1
41 2640 1
41 21586 2
41 13398 1
41 1465 1
41 9816 1
41 1626 1
41 7777 1
41 15971 2
41 18108 2
41 15980 1
41 14448 1
41 17016 1
41 633 1
41 5246 1
41 13440 1
41 6790 1
41 14473 1
41 139 1
41 2840 1
41 4754 1
41 150 1
41 6809 1
41 19098 1
41 21660 1
41 671 1
41 15216 1
41 4770 1
41 22181 1
41 13478 1
41 22188 1
41 16054 2
41 12471 1
41 11449 1
41 10939 1
41 8892 1
41 19133 1
41 14016 2
41 4385 1
41 9423 1
41 16592 1
41 5841 1
41 20690 1
41 20695 1
41 18140 1
41 15582 1
41 741 1
41 8940 1
41 245 1
41 6904 1
41 3060 1
41 4867 1
41 4868 1
41 12503 1
41 4364 2
41 269 1
41 18197 1
41 2839 4
41 4888 1
41 14622 1
41 18207 1
41 18208 1
41 18209 2
41 4899 1
41 5928 2
41 11569 1
41 1844 1
41 21305 1
41 6970 1
41 13451 1
41 14148 1
41 17225 1
41 12625 1
41 10428 1
41 14677 1
41 4448 1
41 1895 1
41 1900 1
41 9069 1
41 9072 2
41 12147 1
41 12151 1
41 18818 1
41 904 2
41 906 4
41 19479 1
41 20882 4
41 13723 2
41 21104 1
41 1467 2
41 17854 4
41 11714 1
41 19396 1
41 5232 1
41 1482 1
41 20429 1
41 9167 4
41 7637 1
41 10205 1
41 18911 4
41 1504 5
41 21473 2
41 8685 1
41 16367 1
41 500 1
41 16373 1
42 12288 2
42 19133 1
42 4610 1
42 11398 1
42 16414 1
42 4364 1
42 22082 1
42 13388 1
42 17937 1
42 19218 2
42 150 1
42 7582 1
42 4001 1
42 4012 1
42 11949 1
42 7343 1
42 2864 1
42 7217 1
42 19124 1
42 6965 2
42 11320 1
42 11449 1
42 8635 1
42 1469 1
42 21954 2
42 15433 3
42 970 1
42 588 1
42 21305 1
42 19151 3
42 18005 1
42 8889 1
42 9167 1
42 13022 1
42 18911 1
42 16993 2
42 15971 1
42 15979 1
42 9069 1
42 12349 1
42 18162 1
42 8950 2
42 17016 1
42 8954 1
42 11714 1
42 8976 1
42 14677 1
43 640 1
43 8449 1
43 12930 1
43 19588 1
43 2309 1
43 12288 1
43 22061 1
43 15279 1
43 18028 1
43 4364 2
43 18818 1
43 12625 2
43 3629 1
43 364 1
43 4868 1
43 17435 1
43 797 1
43 16414 1
43 9831 1
43 13088 1
43 1441 1
43 18267 1
43 15490 1
43 10097 1
43 7655 1
43 8749 1
43 4509 1
43 15666 1
43 19124 1
43 6965 1
43 21305 1
43 19133 1
43 4032 1
43 10976 1
43 16706 1
43 4291 2
43 3396 1
43 16374 1
43 71 1
43 15432 1
43 13452 1
43 4599 1
43 4686 1
43 592 1
43 21841 1
43 11476 1
43 14677 1
43 20695 4
43 7768 1
43 1114 1
43 4111 1
43 19460 1
43 20064 1
43 12354 1
43 16891 1
43 17637 5
43 17638 1
43 2279 1
43 21097 1
43 22119 1
43 5996 1
43 9069 1
43 11942 1
43 20209 1
43 21874 1
43 1141 1
43 8950 2
43 5623 1
43 8568 1
43 16377 1
43 3706 1
43 18175 1
43 3580 1
43 18173 1
43 7637 1
44 13445 1
44 4490 1
44 4235 1
44 17041 3
44 17042 1
44 8989 1
44 16414 2
44 4000 1
44 13478 1
44 6824 1
44 4267 1
44 15276 1
44 1710 1
44 19124 1
44 1589 1
44 8502 1
44 8504 1
44 11449 1
44 16699 1
44 19133 1
44 13889 1
44 11714 1
44 3339 1
44 12100 1
44 21957 1
44 13516 1
44 6732 1
44 13389 1
44 7633 1
44 851 1
44 14677 1
44 21305 1
44 15193 2
44 20954 1
44 11942 1
44 15590 1
44 8401 1
44 9832 1
44 1129 1
44 18028 1
44 9069 2
44 21104 1
44 1141 1
44 5623 1
44 8568 1
44 14969 1
44 8188 1
44 5246 1
45 11008 1
45 673 1
45 4267 1
45 3652 1
45 18982 2
45 13478 1
45 13670 1
45 4328 1
45 1513 1
45 2410 1
45 11275 2
45 3629 1
45 4291 1
45 19464 1
45 15666 1
45 19238 1
45 7637 1
45 11684 1
45 4670 1
45 1141 1
46 11008 4
46 13504 1
46 6921 1
46 14475 1
46 4497 1
46 149 1
46 4886 5
46 5660 1
46 15774 1
46 9072 1
46 5339 1
46 15273 1
46 18481 1
46 18483 1
46 4894 1
46 21305 1
46 19258 1
46 4668 5
46 19133 1
46 22464 1
46 1089 1
46 11714 1
46 16196 1
46 16197 1
46 13766 1
46 1991 1
46 15560 4
46 17612 1
46 13389 1
46 20429 1
46 592 1
46 12625 1
46 12659 1
46 12760 1
46 15577 1
46 1626 1
46 1371 1
46 15838 1
46 14047 1
46 22368 1
46 5347 1
46 16417 1
46 7400 2
46 8041 1
46 9069 2
46 16367 1
46 14448 1
46 1266 1
46 12147 1
46 11760 1
46 15863 1
46 15864 1
46 19705 1
46 16890 1
46 9339 3
46 12799 1
47 16385 1
47 19464 1
47 20494 1
47 9232 1
47 17943 1
47 22557 1
47 13854 2
47 17951 4
47 17956 2
47 17957 1
47 4654 1
47 7217 1
47 1076 2
47 4668 3
47 8260 1
47 11335 1
47 8776 5
47 11850 1
47 8781 1
47 15439 1
47 21586 2
47 15444 1
47 13398 1
47 12387 1
47 2663 1
47 15976 1
47 18028 1
47 2166 1
47 3197 1
47 8831 1
47 13440 1
47 4225 1
47 18052 1
47 13445 1
47 1673 1
47 4238 1
47 671 1
47 5806 1
47 16049 1
47 11444 1
47 18975 1
47 8892 1
47 19133 3
47 21696 1
47 11461 1
47 20695 1
47 17637 1
47 2791 1
47 745 1
47 12670 1
47 22262 1
47 18174 1
47 1280 1
47 14635 1
47 2309 1
47 2839 1
47 18209 1
47 299 1
47 7471 1
47 17206 1
47 21305 3
47 831 1
47 8512 1
47 4423 1
47 17225 1
47 10069 1
47 13658 3
47 11008 1
47 22368 1
47 8034 1
47 18793 1
47 17789 1
47 17790 1
47 20877 1
47 3991 1
47 14744 1
47 14753 1
47 18851 1
47 15273 1
47 22442 1
47 16301 1
47 11714 2
47 7109 1
47 15820 1
47 9167 2
47 9635 2
47 10205 3
47 14306 3
47 8676 1
47 11760 1
48 11008 1
48 770 1
48 11444 1
48 15754 2
48 13451 1
48 4364 2
48 4290 1
48 273 1
48 151 2
48 3759 1
48 602 1
48 18481 1
48 8746 1
48 8878 1
48 21295 2
48 10545 2
48 1844 1
48 4661 1
48 21305 1
48 8379 1
48 18108 1
48 19133 1
48 4414 1
48 11714 1
48 11850 1
48 15820 2
48 20303 1
48 12625 1
48 13778 1
48 7380 1
48 11449 1
48 22082 1
48 1758 1
48 15971 1
48 4668 1
48 14448 1
48 3060 1
48 1918 1
48 11641 1
48 5246 1
49 11008 1
49 17024 1
49 130 2
49 16773 1
49 12296 2
49 15754 1
49 140 2
49 20239 1
49 16661 1
49 13090 1
49 16687 1
49 10545 1
49 18483 4
49 1590 4
49 5321 2
49 17338 1
49 4668 2
49 12481 1
49 2882 2
49 20547 1
49 15820 1
49 1482 2
49 588 2
49 16981 2
49 14427 1
49 12768 1
49 12514 1
49 10472 1
49 15616 1
49 7920 1
49 633 2
49 122 1
50 11008 2
50 12288 1
50 15491 1
50 4868 1
50 149 2
50 7 1
50 3339 1
50 4364 1
50 13454 1
50 12461 1
50 3992 1
50 13971 6
50 16661 1
50 19478 1
50 151 1
50 4248 1
50 20519 1
50 4000 3
50 16432 1
50 20642 1
50 17442 1
50 16838 1
50 4647 1
50 7336 1
50 11049 1
50 11178 1
50 6791 1
50 8236 1
50 15666 1
50 18480 1
50 689 1
50 9600 1
50 19124 1
50 17225 1
50 21305 3
50 7483 1
50 18108 1
50 19133 3
50 11334 1
50 14753 1
50 12360 1
50 5321 1
50 11850 2
50 17229 1
50 12750 1
50 8041 1
50 20560 1
50 6609 1
50 3873 1
50 4649 1
50 18005 1
50 16086 1
50 11157 1
50 10973 1
50 18911 1
50 3536 1
50 16049 1
50 16434 1
50 8449 1
50 16998 1
50 18279 1
50 16616 1
50 4668 1
50 15723 1
50 9069 1
50 9072 1
50 21617 1
50 1266 1
50 4723 1
50 18421 1
50 1257 1
50 11662 1
50 17706 1
50 10975 1
50 12799 2
51 1031 1
51 14867 1
51 18975 1
51 4647 1
51 22571 1
51 8236 1
51 8749 1
51 1074 1
51 13371 1
51 4670 1
51 1092 1
51 3340 1
51 11850 1
51 588 2
51 20560 2
51 13398 2
51 18528 1
51 15971 1
51 18022 1
51 21606 1
51 9326 1
51 4723 1
51 17016 1
51 4218 1
51 9339 2
51 18565 1
51 18055 1
51 1674 1
51 5264 1
51 13971 4
51 4756 1
51 14493 2
51 4768 1
51 1706 1
51 15539 1
51 3772 1
51 19133 2
51 7870 1
51 4290 4
51 719 1
51 8995 1
51 10973 1
51 7392 2
51 8421 1
51 1256 1
51 1235 1
51 11049 1
51 13050 1
51 17149 1
51 11008 3
51 8449 1
51 3339 1
51 4364 2
51 15119 1
51 2834 1
51 1303 1
51 17177 1
51 13091 1
51 5929 1
51 1844 1
51 21305 1
51 7485 2
51 8515 1
51 11086 1
51 21841 1
51 2905 1
51 13159 1
51 8043 1
51 364 1
51 9069 2
51 10096 1
51 19091 1
51 20343 1
51 12670 1
51 12673 1
51 20877 1
51 7568 1
51 15771 1
51 15774 1
51 20384 1
51 933 1
51 15273 3
51 17331 1
51 4000 1
51 20429 1
51 6609 2
51 12760 1
51 10206 1
51 18911 1
51 592 2
51 19938 1
51 19939 1
51 13287 1
51 11760 1
51 499 1
51 3060 1
51 4600 1
51 11771 2
51 12799 1
52 11008 2
52 17024 1
52 770 1
52 8579 1
52 775 1
52 8585 1
52 4749 1
52 17041 1
52 19731 1
52 22551 1
52 3652 1
52 3610 1
52 5661 1
52 14622 1
52 14367 1
52 9072 1
52 15908 2
52 933 1
52 15273 1
52 17069 1
52 22557 1
52 18480 1
52 7217 1
52 18483 1
52 1590 2
52 9 1
52 21305 2
52 16373 1
52 18108 1
52 19133 2
52 4414 1
52 14527 1
52 16705 1
52 4290 1
52 20548 1
52 16197 1
52 15432 1
52 18505 1
52 1482 1
52 592 1
52 13176 1
52 2905 1
52 4670 2
52 13788 2
52 10206 1
52 1504 1
52 19939 1
52 743 1
52 16196 1
52 13673 1
52 9069 1
52 494 1
52 14448 1
52 13937 1
52 500 1
52 1141 1
52 15864 1
52 1532 1
53 6144 2
53 685 1
53 4115 1
53 22551 1
53 19993 7
53 547 1
53 3629 1
53 9268 1
53 20547 1
53 1092 1
53 11851 1
53 10833 3
53 1380 1
53 18013 2
53 22119 1
53 1895 1
53 14448 1
53 1138 1
53 1141 5
53 12927 1
53 15495 1
53 13961 1
53 7306 1
53 1167 1
53 3220 1
53 149 2
53 5270 1
53 6809 1
53 21146 2
53 1179 1
53 12446 1
53 13478 1
53 22188 1
53 14509 1
53 19124 2
53 19126 1
53 8892 1
53 19133 3
53 11461 1
53 12663 1
53 13516 2
53 18128 1
53 20692 5
53 11477 1
53 10975 2
53 16592 1
53 21730 1
53 15594 1
53 21228 1
53 1266 1
53 9095 1
53 759 1
53 18173 1
53 14592 1
53 8449 5
53 4867 3
53 2310 1
53 8039 2
53 4385 1
53 5930 1
53 13611 1
53 18222 1
53 16691 1
53 21305 3
53 8512 1
53 10567 1
53 17229 1
53 22368 1
53 4452 1
53 3943 1
53 6506 1
53 9072 2
53 5489 1
53 5490 1
53 12799 1
53 7544 1
53 1408 1
53 12673 1
53 16775 1
53 395 2
53 18837 1
53 3991 4
53 3992 1
53 17818 1
53 20384 1
53 12717 1
53 16831 1
53 11714 1
53 15817 1
53 1500 1
53 1501 1
53 10209 1
53 16891 1
53 10725 2
53 15850 1
53 15855 1
53 11760 4
53 5623 2
53 4602 1
53 13819 1
53 8188 1
53 16893 1
53 6142 1
53 6143 1
54 5760 1
54 14016 1
54 18051 1
54 15621 1
54 8449 2
54 11449 1
54 151 1
54 6924 1
54 1167 1
54 3217 1
54 4867 2
54 12053 2
54 22551 2
54 19993 1
54 7066 1
54 20384 1
54 13680 1
54 15666 1
54 16302 1
54 21888 1
54 12852 1
54 18485 1
54 21305 2
54 8636 2
54 19133 2
54 21694 1
54 1141 2
54 22464 1
54 12512 1
54 20547 2
54 7749 2
54 5867 1
54 15432 1
54 9167 1
54 12624 1
54 16468 2
54 15317 1
54 4310 1
54 9687 2
54 1627 1
54 7546 1
54 22368 1
54 10209 1
54 8803 1
54 8238 1
54 9072 1
54 15989 1
54 18426 1
54 18421 1
55 22272 1
55 8449 4
55 4867 1
55 4868 1
55 11308 1
55 11398 1
55 14473 1
55 7306 1
55 22551 2
55 1588 1
55 21902 1
55 12815 1
55 2244 1
55 4291 3
55 7700 1
55 405 1
55 16662 1
55 3991 6
55 3992 3
55 16665 1
55 10411 1
55 8988 2
55 7326 1
55 1440 1
55 13477 1
55 15911 1
55 15528 1
55 4521 2
55 22186 1
55 4267 1
55 15276 1
55 2990 1
55 10545 2
55 19124 3
55 1589 1
55 13881 1
55 7867 2
55 14016 1
55 19133 3
55 12341 1
55 13887 3
55 21696 2
55 22082 1
55 20547 6
55 1604 1
55 11817 2
55 19519 1
55 8779 1
55 3702 1
55 9167 1
55 592 1
55 12625 1
55 8787 1
55 20692 1
55 7765 1
55 21305 3
55 15707 1
55 14035 1
55 861 2
55 10206 1
55 10975 1
55 7392 1
55 15714 1
55 10555 1
55 19993 1
55 10469 1
55 8341 1
55 2279 1
55 7660 1
55 9071 1
55 11632 4
55 19938 1
55 8306 1
55 11603 1
55 1141 1
55 3318 1
55 5623 6
55 8568 1
55 13819 1
55 19588 1
55 917 1
56 8449 2
56 15199 1
56 3203 1
56 13316 1
56 13445 1
56 8013 1
56 18952 1
56 11658 1
56 2289 1
56 13452 2
56 2108 1
56 4867 1
56 917 1
56 3991 1
56 3992 1
56 13854 1
56 4364 1
56 646 1
56 13832 1
56 19505 1
56 20649 1
56 22188 1
56 9777 1
56 19634 1
56 14324 1
56 12602 1
56 7867 1
56 18364 1
56 19133 1
56 22464 1
56 22340 1
56 15432 1
56 5065 1
56 12746 1
56 6732 1
56 9442 1
56 9167 2
56 4691 1
56 13398 1
56 21305 1
56 9050 1
56 12495 4
56 21733 1
56 22369 1
56 12770 4
56 18363 1
56 7780 1
56 1765 1
56 2918 1
56 745 1
56 14574 1
56 9583 1
56 14448 1
56 16753 1
56 2674 1
56 17107 1
56 13428 1
56 1141 4
56 19702 1
56 11514 1
56 1277 1
57 14870 1
57 15903 1
57 20519 1
57 15915 1
57 4146 1
57 12852 2
57 8250 1
57 2113 1
57 20547 1
57 13892 1
57 11850 2
57 13389 1
57 15955 1
57 596 1
57 19553 1
57 7780 1
57 18022 1
57 12393 1
57 17004 1
57 13937 2
57 626 1
57 4723 1
57 1141 2
57 17016 1
57 18042 1
57 4732 1
57 22464 3
57 6786 1
57 3203 1
57 20502 2
57 6790 1
57 19596 1
57 13459 1
57 3220 1
57 13978 1
57 20640 1
57 11632 2
57 6307 1
57 9901 1
57 3762 1
57 21619 1
57 19124 2
57 7862 1
57 3258 1
57 21696 1
57 7876 1
57 1744 1
57 14033 4
57 7891 1
57 1754 4
57 10972 1
57 10975 3
57 16508 1
57 11511 1
57 3321 1
57 19708 1
57 18686 1
57 1280 1
57 8449 5
57 4867 1
57 4868 1
57 2309 1
57 3339 1
57 4364 2
57 8988 1
57 797 1
57 2846 1
57 5929 1
57 3376 2
57 16691 1
57 16695 1
57 12602 1
57 13632 1
57 12734 1
57 7497 1
57 13889 1
57 9047 1
57 6489 1
57 858 1
57 7482 1
57 7520 1
57 15714 1
57 20329 1
57 364 1
57 20882 2
57 6000 1
57 11645 1
57 1918 1
57 21376 1
57 15425 1
57 3984 1
57 11672 1
57 22418 2
57 13891 2
57 10644 2
57 3991 6
57 3992 2
57 13723 2
57 5020 1
57 19098 1
57 4521 1
57 4012 2
57 4013 1
57 2990 1
57 1459 1
57 11710 1
57 15808 1
57 9167 2
57 17059 1
57 4055 1
57 7138 1
57 17899 1
57 5623 4
58 13316 1
58 7690 1
58 17069 1
58 16302 1
58 10263 1
58 10264 2
58 22557 1
58 9247 1
58 6694 1
58 16936 1
58 17016 1
58 11820 1
58 1074 1
58 7219 1
58 3636 1
58 12342 1
58 11832 1
58 22585 1
58 13887 1
58 20547 3
58 7236 1
58 12357 1
58 22603 1
58 21586 2
58 4691 1
58 599 1
58 10328 1
58 12897 1
58 19555 1
58 7780 1
58 3173 1
58 9831 1
58 6770 1
58 14456 1
58 4218 1
58 18046 1
58 17070 1
58 6786 1
58 6791 1
58 14986 1
58 21652 1
58 19096 1
58 9071 1
58 18077 1
58 10920 1
58 20137 1
58 14509 1
58 15534 2
58 4276 1
58 2747 2
58 8892 1
58 12746 5
58 7878 1
58 13514 1
58 17612 2
58 7888 2
58 14033 1
58 7379 1
58 10532 1
58 14970 1
58 10975 3
58 742 1
58 8913 1
58 7400 1
58 7401 1
58 2284 1
58 15727 1
58 22271 1
58 11008 1
58 8449 8
58 4868 2
58 15864 1
58 18182 1
58 3991 1
58 18185 11
58 7952 2
58 2834 1
58 16661 1
58 1824 1
58 17188 1
58 17703 1
58 16775 1
58 16175 1
58 4831 1
58 16702 1
58 1857 1
58 16706 3
58 22339 1
58 3408 2
58 5460 1
58 9047 1
58 857 1
58 18267 1
58 15714 1
58 5988 2
58 15205 1
58 360 3
58 15994 1
58 7018 1
58 9069 2
58 6511 1
58 5489 1
58 8564 1
58 12663 1
58 13182 1
58 8063 1
58 1408 1
58 389 1
58 1415 1
58 395 1
58 1420 1
58 14744 1
58 14741 1
58 918 1
58 14743 1
58 3992 1
58 17823 1
58 7584 1
58 9169 2
58 18075 1
58 20389 1
58 1959 1
58 4521 2
58 2990 1
58 7095 1
58 22464 1
58 15818 1
58 7633 1
58 7634 1
58 9684 4
58 7637 3
58 9686 1
58 10205 1
58 5864 1
58 11760 2
58 16373 1
58 12790 1
58 4599 1
58 5624 1
58 8532 1
59 12288 1
59 19460 1
59 4524 1
59 17 1
59 10264 1
59 22557 1
59 605 1
59 3636 1
59 11334 1
59 15432 1
59 11850 1
59 588 1
59 592 1
59 21586 1
59 18004 1
59 18013 1
59 16998 1
59 9832 1
59 7785 1
59 14448 1
59 17016 2
59 122 1
59 6786 1
59 6275 1
59 5764 1
59 146 1
59 149 1
59 151 1
59 10436 1
59 18075 1
59 18077 1
59 9887 3
59 15534 1
59 11449 1
59 18108 1
59 19133 2
59 21696 1
59 14020 1
59 5321 1
59 19149 1
59 19156 1
59 10975 1
59 22245 1
59 11008 1
59 8449 4
59 6917 1
59 18185 6
59 20234 1
59 4364 2
59 7952 1
59 15128 1
59 797 1
59 1844 1
59 21305 1
59 2442 1
59 13632 1
59 8013 2
59 21841 1
59 4438 2
59 10041 1
59 7515 1
59 15715 1
59 5988 2
59 7018 1
59 1410 1
59 1413 1
59 13704 1
59 3978 1
59 14744 1
59 3992 1
59 1947 1
59 7584 1
59 11760 1
59 19368 1
59 4521 1
59 4012 1
59 14767 1
59 12210 1
59 17337 1
59 19900 3
59 21438 1
59 22464 2
59 9170 1
59 16347 1
59 10206 1
59 408 1
59 13807 1
59 3568 1
59 12787 2
59 18420 1
59 16373 1
60 12288 1
60 683 1
60 8196 1
60 16901 1
60 10924 1
60 529 1
60 2578 4
60 19993 5
60 8236 1
60 16430 1
60 18013 1
60 9777 2
60 12354 1
60 8260 1
60 11850 1
60 588 3
60 605 1
60 16998 1
60 3688 1
60 7785 1
60 4719 1
60 17854 1
60 12927 1
60 22464 1
60 2179 1
60 646 2
60 7308 1
60 18577 1
60 659 1
60 149 2
60 151 1
60 14489 1
60 14495 1
60 4267 1
60 15532 1
60 19124 1
60 19126 2
60 20155 1
60 9025 1
60 21696 1
60 14024 1
60 5321 2
60 7889 1
60 4818 1
60 5843 1
60 18645 1
60 4823 1
60 11487 1
60 1266 1
60 19155 1
60 15616 2
60 2310 1
60 3339 1
60 4364 4
60 18197 1
60 15128 1
60 5927 1
60 5928 1
60 10545 1
60 906 1
60 16193 1
60 4942 1
60 20303 2
60 12624 1
60 21841 1
60 16224 1
60 1895 1
60 7018 1
60 16239 1
60 1415 1
60 2442 1
60 395 2
60 7054 1
60 11153 1
60 11157 1
60 14743 2
60 20384 2
60 21923 1
60 7591 1
60 1465 1
60 17339 1
60 12734 2
60 17856 1
60 11714 1
60 9167 1
60 15825 1
60 7637 2
60 9887 1
60 4944 1
60 15856 1
60 500 1
60 5623 1
60 6651 1
60 12799 1
61 11777 1
61 8196 2
61 20999 1
61 9227 1
61 2578 5
61 19476 1
61 22551 1
61 19993 4
61 15903 1
61 8745 1
61 16430 1
61 12852 1
61 12354 2
61 8260 1
61 11850 2
61 588 2
61 21586 1
61 9487 1
61 18528 1
61 16998 3
61 15976 1
61 13937 1
61 17854 4
61 2166 1
61 631 1
61 20095 1
61 3201 1
61 2179 1
61 646 1
61 151 2
61 14489 1
61 16544 1
61 16547 1
61 9380 1
61 11434 1
61 17068 1
61 12464 1
61 12465 1
61 5816 1
61 15035 1
61 8892 1
61 12481 1
61 7880 1
61 5321 2
61 16588 1
61 5840 1
61 19157 1
61 4823 1
61 22232 1
61 7897 2
61 15579 1
61 11487 3
61 15612 1
61 19718 1
61 20234 1
61 4364 1
61 15119 2
61 7952 1
61 16661 1
61 17688 1
61 21797 2
61 10630 1
61 810 1
61 10975 1
61 16778 1
61 16193 3
61 21841 1
61 11603 1
61 4438 1
61 22368 1
61 10555 1
61 15206 1
61 1895 1
61 7016 1
61 5994 1
61 7485 1
61 16774 1
61 1415 1
61 22408 3
61 2442 2
61 395 1
61 20882 1
61 10644 1
61 405 1
61 14743 1
61 15774 1
61 20384 1
61 15266 1
61 9645 1
61 16302 1
61 5552 1
61 4534 1
61 17337 1
61 17339 1
61 12734 1
61 22464 2
61 9167 1
61 15825 1
61 7637 1
61 20953 1
61 18911 1
61 15849 1
61 492 1
61 499 1
61 4602 1
61 6651 1
61 12799 1
62 18432 2
62 8198 1
62 8449 1
62 12815 2
62 6675 1
62 2394 1
62 11815 1
62 8236 2
62 12852 1
62 14395 1
62 12354 2
62 19525 1
62 15432 2
62 17996 1
62 10832 1
62 3674 1
62 20155 1
62 613 2
62 16998 1
62 3692 1
62 6253 1
62 14448 1
62 21617 1
62 21618 1
62 11892 1
62 1141 1
62 21111 1
62 13435 1
62 13950 1
62 14979 1
62 13959 2
62 1167 1
62 16017 1
62 13459 2
62 15508 1
62 15509 1
62 20119 1
62 15512 2
62 22175 1
62 15528 1
62 10409 2
62 685 1
62 12463 1
62 12466 1
62 21690 2
62 1723 2
62 21692 1
62 13515 1
62 9945 3
62 4831 1
62 740 1
62 5355 1
62 3313 2
62 5364 1
62 5365 1
62 15611 2
62 3329 2
62 20232 1
62 4884 1
62 12505 1
62 4090 1
62 16159 1
62 12585 1
62 12076 1
62 5935 1
62 16190 2
62 15679 2
62 6464 1
62 10210 6
62 16215 1
62 14682 4
62 14176 1
62 3217 1
62 2923 1
62 10605 1
62 9583 1
62 1904 1
62 20343 1
62 3455 1
62 2945 1
62 9090 1
62 22408 10
62 22411 6
62 7564 2
62 15257 4
62 15258 5
62 1947 1
62 17312 1
62 18851 1
62 16804 1
62 1959 1
62 12209 1
62 4533 2
62 22464 4
62 20384 2
62 13766 1
62 15820 1
62 9166 2
62 9167 1
62 19093 1
62 21457 1
62 9684 1
62 15317 1
62 17914 2
62 10208 1
62 19938 1
62 12771 1
62 18921 1
62 17909 2
62 18426 1
62 6652 8
62 18429 2
62 6143 1
63 15616 2
63 13830 1
63 12815 3
63 2578 1
63 4868 1
63 7686 1
63 13359 1
63 20016 1
63 8250 1
63 12354 1
63 20547 1
63 15432 2
63 22091 1
63 603 1
63 605 1
63 16998 2
63 8892 1
63 17004 1
63 11887 1
63 21616 1
63 13937 1
63 6770 1
63 1141 2
63 21626 1
63 2179 1
63 6142 1
63 7308 1
63 1167 1
63 16017 1
63 20119 1
63 671 2
63 16544 1
63 3747 1
63 10407 1
63 680 1
63 2220 1
63 9901 1
63 3250 1
63 19124 1
63 5815 1
63 1721 1
63 1722 1
63 20155 2
63 1724 1
63 4818 4
63 12505 1
63 21725 1
63 21726 1
63 4831 1
63 22252 1
63 1280 1
63 3329 1
63 19716 1
63 20232 1
63 16664 1
63 3692 1
63 11555 1
63 5928 1
63 5929 3
63 16682 1
63 1835 1
63 5935 1
63 5936 1
63 7483 1
63 16190 4
63 15679 2
63 16193 1
63 11916 1
63 22369 1
63 8035 1
63 3049 1
63 8568 1
63 18810 1
63 12670 1
63 16260 1
63 15751 1
63 22408 11
63 22411 3
63 7565 1
63 15763 1
63 15257 1
63 1947 1
63 20892 1
63 1959 1
63 12717 1
63 15279 1
63 12209 1
63 11193 1
63 8198 1
63 19900 1
63 3517 2
63 22464 3
63 18378 1
63 9166 2
63 9167 2
63 9171 1
63 9684 1
63 9686 2
63 505 1
63 4571 3
63 6622 1
63 10210 1
63 10214 1
63 19943 1
63 18921 1
63 14324 1
63 17909 4
63 12360 1
63 4089 1
63 18426 2
63 6651 2
63 6652 6
63 18430 1
64 15616 1
64 3329 2
64 22408 2
64 11709 1
64 395 1
64 11916 1
64 13453 1
64 1167 1
64 22545 3
64 15257 1
64 4800 1
64 9050 2
64 22175 1
64 4081 1
64 17621 1
64 19364 1
64 5927 1
64 12713 2
64 8668 1
64 12461 1
64 12463 1
64 12209 1
64 12212 1
64 12471 1
64 3768 1
64 20794 1
64 3773 1
64 16190 1
64 15679 1
64 21696 2
64 16193 2
64 21699 1
64 13255 1
64 13730 1
64 22456 1
64 4818 2
64 9171 1
64 9684 1
64 7637 1
64 9686 1
64 16215 1
64 14682 3
64 12602 1
64 3676 2
64 14074 1
64 6622 2
64 7138 1
64 6652 3
64 4078 1
64 9583 1
64 14448 1
64 3313 3
64 4083 1
64 7540 1
64 7870 1
64 12585 1
64 7546 2
64 6651 1
64 20476 2
64 9086 3
64 3455 2
65 8196 3
65 7852 4
65 22540 1
65 20494 1
65 9389 1
65 22544 3
65 2578 1
65 4117 1
65 19993 1
65 9050 2
65 4647 1
65 8749 2
65 12354 1
65 1092 1
65 13894 1
65 15432 1
65 603 1
65 1722 1
65 18528 1
65 11792 1
65 613 1
65 11887 1
65 20098 1
65 6787 1
65 1668 1
65 1167 3
65 15508 2
65 15512 3
65 5785 1
65 18810 1
65 16544 1
65 7330 1
65 9380 1
65 10407 1
65 22186 1
65 15532 1
65 9901 1
65 12463 1
65 16049 1
65 12466 1
65 3768 2
65 21690 1
65 8892 1
65 7870 1
65 21696 3
65 6864 1
65 20856 2
65 4818 4
65 17621 1
65 11992 1
65 12505 1
65 19675 1
65 4474 1
65 15076 1
65 7397 1
65 745 1
65 3313 2
65 15096 1
65 7124 1
65 15616 1
65 8449 4
65 16132 1
65 13582 1
65 15119 1
65 4868 4
65 18200 1
65 7451 1
65 10014 1
65 9947 1
65 5927 1
65 13611 1
65 12589 1
65 8502 2
65 20794 1
65 10555 2
65 15678 1
65 15679 1
65 6464 5
65 16193 1
65 20292 1
65 17734 1
65 10210 2
65 18766 1
65 14677 1
65 14682 2
65 13147 1
65 6506 2
65 15215 1
65 11632 1
65 1342 1
65 8568 1
65 7546 1
65 22408 1
65 22409 1
65 395 2
65 7565 1
65 20384 2
65 15278 1
65 12360 1
65 17842 1
65 22456 1
65 14324 1
65 11196 1
65 22464 1
65 13255 2
65 12279 1
65 9167 1
65 15825 1
65 9684 1
65 9686 2
65 21984 1
65 7138 1
65 18420 3
65 18423 1
65 504 1
65 4089 1
65 4090 1
65 6651 4
65 6652 3
66 12288 1
66 13316 1
66 8198 1
66 10761 1
66 7180 1
66 20494 1
66 9901 1
66 528 1
66 8209 1
66 2578 2
66 4115 1
66 1048 1
66 19993 3
66 22557 1
66 18975 1
66 4130 1
66 2596 1
66 4647 1
66 16430 1
66 9777 1
66 16435 1
66 4674 1
66 20547 1
66 12360 2
66 15434 1
66 11851 1
66 6732 1
66 592 1
66 15955 1
66 4694 1
66 8283 1
66 11357 1
66 613 3
66 12897 1
66 21605 1
66 16998 2
66 3176 1
66 17004 1
66 5232 1
66 13937 1
66 17854 2
66 6774 1
66 14016 1
66 646 1
66 18540 1
66 14475 1
66 7308 2
66 14477 1
66 11918 1
66 7323 1
66 16547 1
66 10407 1
66 7852 2
66 12461 1
66 15536 1
66 12465 1
66 12466 1
66 21690 3
66 3773 1
66 21696 2
66 7880 1
66 20687 1
66 20689 1
66 4818 2
66 4823 1
66 7901 1
66 19460 1
66 7397 1
66 5867 1
66 8062 1
66 11511 1
66 21757 1
66 18688 1
66 20234 2
66 17163 1
66 15128 1
66 19740 1
66 5927 2
66 5934 1
66 19421 1
66 20282 1
66 10555 2
66 22410 1
66 16190 4
66 15679 1
66 22339 1
66 7498 1
66 12625 2
66 11603 1
66 12815 1
66 4441 1
66 9050 4
66 15717 1
66 8040 1
66 13164 1
66 11632 2
66 7539 1
66 3395 1
66 8568 1
66 8196 1
66 7463 1
66 1410 1
66 3460 2
66 2949 1
66 9095 1
66 22408 1
66 22409 1
66 16778 1
66 395 1
66 7055 1
66 16272 1
66 10129 1
66 22418 1
66 15763 1
66 10644 1
66 14743 1
66 17818 1
66 17823 1
66 22442 2
66 19378 1
66 22456 1
66 17339 2
66 11196 1
66 7614 1
66 22464 2
66 7110 1
66 12746 1
66 15820 1
66 9684 1
66 20953 1
66 9691 1
66 10205 1
66 10206 2
66 19939 1
66 18921 1
66 4077 1
66 3568 1
66 4083 1
66 16373 1
66 16890 1
66 6651 2
66 6652 1
66 5119 1
67 15616 1
67 8196 2
67 646 1
67 16778 1
67 7308 1
67 15119 1
67 2578 2
67 1174 1
67 15512 1
67 19993 1
67 15773 1
67 5927 1
67 15532 1
67 16301 1
67 16430 1
67 8758 2
67 8376 1
67 17339 2
67 7870 2
67 16193 3
67 15432 3
67 11979 1
67 6732 1
67 5841 2
67 11603 1
67 4823 2
67 15580 1
67 7901 2
67 11487 1
67 16998 1
67 12625 2
67 12779 1
67 11309 1
67 5231 1
67 14448 2
67 15825 1
67 499 2
67 18420 1
67 17854 1
67 6652 2
67 6527 1
68 12288 1
68 7687 1
68 18185 1
68 151 2
68 7567 2
68 1168 4
68 8238 1
68 22551 1
68 13849 1
68 22557 1
68 9887 2
68 17312 1
68 17313 2
68 14119 1
68 4263 1
68 8236 1
68 11821 1
68 3758 1
68 6066 3
68 19764 3
68 5301 1
68 11832 1
68 11449 1
68 15903 1
68 8892 2
68 8765 2
68 3134 1
68 20384 1
68 11714 1
68 14369 1
68 14024 1
68 5321 1
68 17016 1
68 10360 1
68 10972 1
68 14584 1
68 3088 1
68 22245 1
68 18108 1
68 16363 3
68 9069 1
68 15222 6
68 18424 1
68 8188 1
68 17790 1
68 5119 1
69 16513 1
69 7684 2
69 150 2
69 18185 2
69 22551 5
69 20494 3
69 1167 2
69 1168 3
69 1169 1
69 7570 6
69 21305 1
69 151 4
69 152 3
69 22553 1
69 14575 2
69 7069 4
69 14369 4
69 2224 3
69 6066 4
69 5301 4
69 2105 1
69 1466 1
69 19133 1
69 17313 4
69 12360 1
69 13389 1
69 3278 1
69 11449 5
69 153 2
69 603 2
69 10972 4
69 9181 1
69 13625 1
69 3088 4
69 8593 1
69 16363 2
69 13679 1
69 7409 3
69 7410 5
69 5364 3
69 15222 8
69 10360 1
69 5118 1
70 12288 1
70 5995 1
70 7684 1
70 19718 1
70 7303 1
70 18185 1
70 20234 1
70 1547 1
70 7564 1
70 14682 1
70 5142 1
70 22551 6
70 7323 1
70 22557 1
70 8764 1
70 18080 1
70 17313 1
70 16546 1
70 19619 1
70 9167 1
70 16805 1
70 14118 1
70 10407 5
70 20494 1
70 15751 1
70 9644 1
70 7410 1
70 2990 1
70 7537 1
70 7600 1
70 6066 1
70 3049 1
70 19764 1
70 11815 1
70 19131 1
70 8892 2
70 19133 1
70 19817 1
70 15170 1
70 21586 1
70 3313 1
70 7687 2
70 5450 1
70 11511 1
70 20686 1
70 15567 1
70 13650 2
70 5843 1
70 6741 2
70 21305 1
70 11992 1
70 7897 1
70 13723 1
70 603 1
70 13532 1
70 4061 1
70 19550 1
70 4960 1
70 7650 2
70 3171 1
70 7780 1
70 1766 1
70 7527 1
70 3048 1
70 13884 4
70 16363 2
70 9069 2
70 9071 1
70 20593 1
70 15218 4
70 14324 1
70 10357 1
70 15222 1
70 5623 5
70 18426 1
70 15227 1
70 17621 1
71 12288 2
71 20494 1
71 3088 1
71 22551 3
71 3610 1
71 14369 1
71 2105 1
71 13884 1
71 22082 1
71 15201 7
71 12360 2
71 2640 3
71 21586 1
71 6741 2
71 603 1
71 18528 1
71 7777 1
71 3171 1
71 20592 1
71 14973 1
71 20609 1
71 6786 3
71 2179 1
71 7303 1
71 9069 3
71 18577 1
71 149 1
71 150 1
71 5278 1
71 16547 1
71 10408 1
71 8892 1
71 13502 1
71 21696 1
71 12481 1
71 15556 2
71 15393 1
71 20686 4
71 6865 2
71 6868 3
71 19157 2
71 9945 1
71 10972 1
71 19172 1
71 21629 1
71 17136 1
71 3313 2
71 22262 1
71 11524 1
71 18185 1
71 20234 1
71 12505 1
71 8988 1
71 798 1
71 18215 1
71 17706 2
71 1338 1
71 16190 1
71 13650 1
71 6489 1
71 14682 2
71 4960 2
71 22369 1
71 2407 1
71 13677 1
71 3954 1
71 12665 1
71 12671 1
71 16273 1
71 22418 2
71 13723 1
71 20384 1
71 20882 1
71 15432 1
71 6075 1
71 19900 1
71 22464 1
71 11714 1
71 6599 1
71 8144 1
71 14290 1
71 14807 1
71 19939 1
71 5623 4
71 18424 1
71 15869 1
72 6146 1
72 12805 1
72 9223 1
72 10248 1
72 12716 1
72 5643 1
72 16414 2
72 6687 1
72 14379 2
72 8236 1
72 12333 1
72 16430 1
72 15410 1
72 1589 1
72 4663 1
72 10299 1
72 2108 2
72 12354 1
72 22086 1
72 6924 1
72 8778 2
72 11851 1
72 13388 1
72 13389 1
72 592 5
72 7764 1
72 15456 1
72 1467 2
72 21605 1
72 16998 6
72 21608 1
72 11708 1
72 5231 1
72 9840 1
72 19572 1
72 16506 1
72 13950 1
72 16064 1
72 13954 1
72 13445 1
72 7303 1
72 18569 1
72 7823 1
72 13969 1
72 147 1
72 21142 1
72 19098 1
72 5232 1
72 17067 1
72 16049 1
72 17012 1
72 5818 1
72 3259 1
72 7870 1
72 14016 1
72 7880 1
72 12151 2
72 5332 1
72 12503 1
72 11995 1
72 15580 1
72 6365 1
72 4831 1
72 5861 1
72 16616 3
72 4342 1
72 1579 1
72 4868 2
72 20234 1
72 15575 1
72 4364 6
72 15630 1
72 18197 1
72 7451 1
72 8988 1
72 17185 1
72 19238 1
72 14985 1
72 20282 1
72 20284 1
72 3978 1
72 15166 1
72 12610 1
72 13128 5
72 15330 1
72 4433 1
72 14677 2
72 4438 1
72 4441 1
72 15706 2
72 12602 1
72 11104 1
72 7010 1
72 15717 3
72 3943 1
72 8040 1
72 18793 1
72 13678 1
72 10097 1
72 10098 1
72 12663 1
72 17788 1
72 1415 2
72 14730 2
72 14402 1
72 22418 2
72 22426 2
72 16367 1
72 15774 1
72 14751 1
72 4000 8
72 16804 2
72 13244 1
72 15276 1
72 2990 1
72 5551 1
72 10160 1
72 13727 1
72 19900 2
72 11709 1
72 12734 1
72 22464 1
72 20384 3
72 13255 1
72 11726 2
72 9167 2
72 10205 2
72 19938 1
72 19939 1
72 15855 1
72 8188 1
72 5118 2
73 6146 1
73 13316 1
73 16902 1
73 21003 1
73 4117 1
73 8026 1
73 16417 1
73 4647 1
73 8747 1
73 12333 2
73 12336 1
73 1076 1
73 12343 1
73 2105 4
73 2107 1
73 2108 2
73 2113 4
73 15432 1
73 11850 1
73 588 1
73 13389 2
73 21586 1
73 18521 1
73 10130 1
73 12391 1
73 3176 1
73 12394 2
73 14448 1
73 8040 1
73 17013 2
73 14970 1
73 13950 1
73 5760 1
73 21121 1
73 18055 1
73 14985 2
73 7306 1
73 21133 1
73 20112 2
73 19096 1
73 13979 2
73 4464 1
73 13937 1
73 8989 1
73 17072 1
73 16049 2
73 4276 1
73 11821 1
73 7870 1
73 13516 1
73 3789 1
73 15567 1
73 6865 1
73 17107 1
73 10452 1
73 14037 1
73 1753 3
73 6875 1
73 2394 1
73 7901 1
73 13388 1
73 4831 2
73 1765 1
73 8401 1
73 7492 1
73 7463 1
73 748 1
73 19694 1
73 17142 1
73 3321 3
73 4868 1
73 3340 1
73 15119 1
73 10513 1
73 20519 1
73 15133 1
73 14111 1
73 7460 1
73 19238 1
73 5415 2
73 20783 1
73 8502 1
73 1338 1
73 20803 2
73 20804 1
73 13129 1
73 7223 1
73 8012 1
73 7504 1
73 12625 1
73 4441 1
73 858 1
73 18267 2
73 11100 1
73 11101 1
73 11104 1
73 1380 1
73 8549 1
73 2407 1
73 15208 1
73 7530 1
73 5863 1
73 9069 3
73 14703 1
73 12144 1
73 19124 1
73 12671 1
73 13702 1
73 15752 1
73 10638 1
73 7055 1
73 22418 1
73 22340 1
73 15774 1
73 14753 1
73 15266 1
73 10666 1
73 16302 1
73 20914 1
73 19900 7
73 3519 1
73 22464 3
73 15817 1
73 15849 1
73 10225 1
74 13632 2
74 4267 1
74 7044 1
74 13445 1
74 1415 1
74 3629 1
74 4364 2
74 3982 1
74 1167 1
74 22032 1
74 4884 1
74 18200 1
74 14489 2
74 16367 1
74 19740 1
74 17951 1
74 21536 1
74 15216 1
74 13723 1
74 20285 1
74 18545 1
74 6696 1
74 11292 1
74 4779 1
74 22188 1
74 22258 1
74 15279 1
74 13128 2
74 1076 1
74 21557 1
74 16049 2
74 3386 1
74 18975 1
74 15804 1
74 16616 2
74 7529 1
74 22464 1
74 4000 1
74 2243 1
74 21586 1
74 1989 1
74 16838 1
74 15432 1
74 13388 1
74 1099 1
74 13516 1
74 8013 1
74 9167 1
74 12625 1
74 16850 1
74 11603 1
74 14677 2
74 4438 2
74 18904 1
74 8079 1
74 8797 1
74 10975 1
74 22369 1
74 18530 1
74 8062 1
74 9831 1
74 8040 1
74 15849 1
74 21227 1
74 21613 1
74 5623 1
74 15215 1
74 11760 2
74 7016 1
74 1138 1
74 10357 1
74 12151 1
74 14479 1
74 1918 1
75 12288 1
75 13316 1
75 7686 1
75 22557 3
75 20516 1
75 1578 4
75 8236 1
75 1069 1
75 16434 1
75 1076 1
75 19514 1
75 13884 2
75 13885 1
75 10816 1
75 8260 1
75 16969 1
75 588 1
75 6741 2
75 4695 1
75 15971 1
75 7780 1
75 19559 1
75 3517 2
75 19058 7
75 6786 3
75 14985 2
75 141 1
75 18075 1
75 13981 2
75 16034 1
75 677 1
75 10407 3
75 15528 1
75 15534 1
75 13493 1
75 5815 1
75 8892 5
75 2770 1
75 7392 1
75 7397 1
75 7400 2
75 14574 1
75 5364 1
75 12026 1
75 2309 1
75 18185 2
75 4364 1
75 8988 1
75 20260 1
75 12585 1
75 11053 1
75 20281 1
75 10976 1
75 17225 3
75 17228 1
75 20303 1
75 4945 1
75 4438 1
75 8040 1
75 8041 1
75 4464 3
75 8579 2
75 14725 2
75 8585 1
75 2442 2
75 20882 1
75 14742 1
75 15774 1
75 11760 1
75 5961 1
75 19900 1
75 12733 2
75 16831 1
75 22464 2
75 4550 1
75 17996 1
75 9167 1
75 9169 1
75 7637 1
75 15339 1
75 15856 1
75 4776 7
75 499 1
75 5623 1
75 5625 2
75 6652 1
75 7166 1
76 12288 1
76 19460 1
76 7180 2
76 20494 2
76 1560 1
76 22557 5
76 6687 1
76 2596 1
76 1578 3
76 12333 1
76 1074 1
76 13887 8
76 8260 1
76 12360 1
76 7163 1
76 595 1
76 5207 1
76 20570 1
76 3676 1
76 15971 1
76 2407 1
76 7164 1
76 19058 2
76 15994 1
76 19588 1
76 14985 1
76 18571 1
76 16834 1
76 16543 1
76 18593 1
76 16547 1
76 10407 2
76 4776 1
76 22186 1
76 14509 1
76 20142 1
76 5811 1
76 5815 1
76 8892 1
76 16573 1
76 14016 1
76 2243 1
76 16592 1
76 17107 2
76 4310 1
76 13021 3
76 20195 3
76 13030 2
76 18668 2
76 12018 3
76 14583 1
76 18686 1
76 1280 1
76 14081 1
76 2309 2
76 18185 1
76 3339 2
76 4364 1
76 6701 1
76 18197 1
76 1824 1
76 13602 1
76 16166 1
76 16168 1
76 11053 1
76 20303 4
76 4944 1
76 855 1
76 18267 1
76 16220 1
76 22369 1
76 15714 2
76 17251 1
76 8039 1
76 20331 1
76 9069 1
76 4465 1
76 3958 1
76 14713 2
76 16252 1
76 3966 1
76 9090 1
76 15752 1
76 2442 2
76 13719 1
76 7055 1
76 20882 1
76 16787 1
76 14743 1
76 13723 5
76 414 1
76 11760 2
76 4081 1
76 15278 1
76 7600 1
76 15774 1
76 8630 1
76 11708 1
76 11709 1
76 12734 1
76 22464 4
76 11714 1
76 12746 3
76 11511 1
76 9684 1
76 14807 1
76 4056 1
76 16434 1
76 2025 1
76 10219 1
76 15855 1
76 15856 1
76 10408 1
76 3058 1
76 15863 1
76 6651 1
76 6652 1
76 15869 1
76 7166 1
77 12544 1
77 3074 1
77 1074 1
77 4868 1
77 13062 1
77 9687 1
77 6155 1
77 3980 1
77 11714 1
77 16911 1
77 22032 1
77 14993 1
77 8771 1
77 1172 2
77 6421 1
77 1559 2
77 12825 1
77 6938 1
77 4506 1
77 12700 1
77 21661 1
77 20894 1
77 4263 1
77 4776 1
77 1578 3
77 17067 1
77 12716 1
77 1069 1
77 16431 1
77 11186 1
77 1459 1
77 21305 1
77 19133 1
77 16373 1
77 6080 1
77 8641 1
77 16706 1
77 12739 2
77 12667 1
77 14024 1
77 4364 1
77 12746 1
77 16592 1
77 21586 1
77 17763 1
77 20692 1
77 18005 1
77 9047 1
77 2264 1
77 19555 1
77 2661 1
77 16998 1
77 364 1
77 6382 1
77 1469 1
77 20468 1
77 18421 1
77 6775 1
77 22551 1
77 14969 1
77 18426 1
77 8127 1
78 12288 1
78 7180 1
78 12815 1
78 3088 8
78 22616 5
78 4116 2
78 22551 1
78 4122 1
78 7707 1
78 13853 1
78 6687 1
78 14369 2
78 4647 1
78 4649 1
78 1069 1
78 3636 1
78 12341 2
78 12342 1
78 12343 1
78 19003 2
78 12354 1
78 8261 1
78 3340 1
78 11850 2
78 588 2
78 12414 1
78 592 1
78 5717 1
78 15448 3
78 7771 1
78 18528 1
78 15971 1
78 8209 1
78 12394 1
78 14448 1
78 1138 1
78 18042 1
78 13435 1
78 5246 1
78 5248 1
78 13444 1
78 13445 1
78 13960 1
78 5996 1
78 153 1
78 9755 1
78 22557 1
78 11444 1
78 20155 1
78 8892 1
78 7870 2
78 20168 1
78 3960 1
78 19157 2
78 15994 1
78 14047 1
78 12008 1
78 17790 1
78 248 1
78 8961 1
78 770 1
78 2309 1
78 5505 1
78 14088 1
78 4364 1
78 12333 1
78 19729 1
78 8989 2
78 11555 1
78 7471 1
78 15666 1
78 1855 1
78 16705 1
78 8523 1
78 12625 2
78 21330 1
78 15705 1
78 18267 1
78 2911 1
78 22369 1
78 7016 1
78 13161 1
78 9067 1
78 364 1
78 9069 7
78 21224 1
78 20343 1
78 18808 1
78 1918 5
78 897 1
78 405 1
78 14743 1
78 7579 1
78 4509 2
78 20384 2
78 10155 1
78 16301 2
78 3517 1
78 7584 1
78 11714 1
78 7120 1
78 10194 2
78 10206 1
78 4945 1
78 18921 1
78 11760 1
78 4601 1
78 4602 2
78 11771 1
79 14592 1
79 12288 1
79 15874 2
79 9067 1
79 13316 1
79 11969 1
79 14088 1
79 16951 1
79 15754 1
79 3991 1
79 4364 1
79 18818 1
79 1837 1
79 3088 1
79 17041 1
79 22418 2
79 20547 1
79 4116 1
79 2990 1
79 13401 1
79 4247 1
79 19480 1
79 19588 1
79 4509 1
79 15903 1
79 4385 1
79 11428 1
79 1956 1
79 20519 1
79 12072 1
79 11946 1
79 11436 1
79 12333 1
79 20526 1
79 7471 1
79 8753 1
79 14020 1
79 8782 1
79 17123 1
79 15448 1
79 12345 1
79 9695 1
79 12878 2
79 12081 1
79 8766 1
79 1473 1
79 15170 2
79 20427 1
79 12354 1
79 12870 2
79 19715 1
79 5623 1
79 11293 1
79 12110 1
79 9167 2
79 11472 1
79 17105 1
79 15971 1
79 4056 1
79 18005 1
79 15574 1
79 12393 1
79 22616 3
79 18521 1
79 11771 1
79 22368 1
79 22032 2
79 19555 1
79 9265 1
79 5737 1
79 12394 1
79 4647 1
79 9069 4
79 15869 1
79 2416 1
79 13937 1
79 12151 1
79 4601 1
79 22266 1
79 20882 1
79 5994 1
80 14081 1
80 6146 1
80 19715 1
80 13316 3
80 22038 1
80 15751 1
80 22368 1
80 13449 1
80 17163 1
80 4364 2
80 3342 1
80 16911 1
80 3088 4
80 15448 1
80 7698 1
80 18051 1
80 21782 2
80 1945 1
80 15512 1
80 6809 1
80 16431 1
80 8989 1
80 15903 1
80 20000 1
80 15266 3
80 14500 1
80 5669 1
80 16806 1
80 13937 1
80 22442 1
80 7154 1
80 16302 1
80 7471 1
80 8264 1
80 16308 1
80 16951 1
80 7867 2
80 18364 1
80 20285 1
80 6489 1
80 1141 1
80 14016 1
80 6432 1
80 11714 1
80 12013 1
80 22340 2
80 20452 3
80 1606 1
80 22344 1
80 588 1
80 6711 1
80 3788 1
80 20429 1
80 8782 1
80 3408 1
80 12625 1
80 13907 1
80 4238 1
80 7638 1
80 6615 1
80 22232 1
80 6436 1
80 18267 1
80 16989 1
80 11870 1
80 1760 1
80 18363 1
80 7396 1
80 18022 1
80 11708 1
80 13418 2
80 9069 3
80 21617 1
80 1266 1
80 5502 1
80 7674 1
80 21629 1
80 6142 1
80 12799 1
81 12288 1
81 7683 1
81 13316 1
81 15532 1
81 11275 2
81 7694 1
81 3088 7
81 7536 1
81 10265 1
81 4263 1
81 15903 1
81 14369 1
81 14882 1
81 16431 1
81 19510 1
81 19511 1
81 6713 1
81 20547 5
81 12357 2
81 19553 1
81 3340 1
81 588 1
81 21586 1
81 18005 1
81 15448 1
81 13405 1
81 17424 1
81 18022 2
81 15976 1
81 21609 1
81 14448 1
81 13937 1
81 21619 1
81 21621 1
81 3702 1
81 20601 1
81 14973 1
81 11392 1
81 19588 1
81 7303 1
81 11478 1
81 1167 2
81 11632 1
81 5267 1
81 22032 1
81 7329 1
81 19619 1
81 21617 2
81 10408 1
81 2220 1
81 17070 1
81 10928 1
81 3762 1
81 12716 1
81 5301 1
81 22198 1
81 12471 1
81 8892 1
81 19133 1
81 10434 2
81 14881 2
81 16075 1
81 4304 1
81 4818 1
81 3796 1
81 15574 1
81 19577 1
81 11992 1
81 9434 1
81 3804 2
81 1758 1
81 4831 1
81 22188 1
81 7397 1
81 5867 1
81 14574 1
81 22258 1
81 14583 1
81 16121 1
81 2944 1
81 2309 1
81 1798 1
81 14088 2
81 17162 1
81 17163 1
81 4364 1
81 7952 1
81 5393 1
81 2834 1
81 15216 1
81 21782 1
81 18200 1
81 20256 1
81 10972 1
81 15495 1
81 2348 1
81 1841 1
81 7474 1
81 21305 1
81 20452 9
81 22340 1
81 13129 1
81 12770 1
81 4943 1
81 12624 1
81 12625 2
81 10428 1
81 3417 1
81 2394 1
81 22369 1
81 2914 1
81 4451 1
81 633 1
81 2918 1
81 145 1
81 8041 1
81 22418 1
81 9069 3
81 7684 1
81 9072 2
81 6516 1
81 9600 1
81 12011 1
81 9093 1
81 20882 1
81 4509 1
81 15266 1
81 22437 1
81 16806 1
81 22442 1
81 15276 1
81 15279 2
81 12209 1
81 20915 1
81 16308 1
81 18505 1
81 18363 1
81 18364 1
81 3517 1
81 22464 1
81 6089 1
81 20429 1
81 9167 1
81 18391 1
81 12760 1
81 4058 1
81 16862 1
81 14306 1
81 16868 1
81 10219 1
81 4090 2
81 8187 1
81 6142 1
82 19460 2
82 11275 2
82 22032 1
82 9755 1
82 11293 1
82 15903 1
82 14881 2
82 13147 1
82 15403 1
82 8236 1
82 3629 1
82 16431 1
82 1076 1
82 13881 1
82 8765 1
82 20545 2
82 8262 1
82 15432 2
82 585 1
82 15948 1
82 11855 1
82 2640 1
82 21586 1
82 18005 2
82 5207 1
82 13405 1
82 21613 1
82 13937 2
82 18548 1
82 6264 1
82 6265 2
82 6269 2
82 11392 1
82 15723 2
82 4235 1
82 20108 1
82 13969 1
82 14492 1
82 8892 2
82 14016 1
82 22209 1
82 2243 1
82 20689 1
82 19156 1
82 11995 1
82 10972 1
82 12008 1
82 12013 1
82 18686 1
82 14081 1
82 4364 2
82 5907 1
82 18197 1
82 21280 1
82 17188 1
82 7474 1
82 14649 1
82 1855 2
82 18766 1
82 4944 1
82 995 1
82 18267 2
82 7010 2
82 5993 1
82 5994 1
82 2923 1
82 6511 1
82 13681 1
82 7546 1
82 1922 1
82 15751 1
82 11896 1
82 17290 1
82 20882 1
82 11156 2
82 11672 1
82 4509 1
82 11684 9
82 12716 1
82 4013 1
82 15279 1
82 11714 1
82 13255 1
82 14291 1
82 4516 1
82 8675 3
82 7655 1
82 8173 1
82 15855 1
82 11760 1
82 16882 1
82 13816 1
82 15866 1
83 7680 3
83 12288 1
83 4610 1
83 4116 1
83 22551 2
83 10264 7
83 10265 1
83 4122 1
83 22557 1
83 15903 1
83 11815 1
83 16430 1
83 16432 1
83 3633 3
83 16434 1
83 3134 1
83 15432 1
83 18505 1
83 17484 6
83 17485 1
83 6734 1
83 13905 1
83 21586 1
83 6741 1
83 9305 1
83 2138 1
83 605 1
83 22112 1
83 21605 1
83 18022 1
83 22119 1
83 19048 2
83 21609 1
83 13937 1
83 21629 1
83 14469 1
83 18055 1
83 12426 1
83 1167 2
83 10407 1
83 10408 1
83 20649 1
83 2747 1
83 14016 3
83 22220 1
83 4303 1
83 4818 1
83 7379 1
83 7380 1
83 14037 1
83 9432 1
83 9434 1
83 719 3
83 10972 1
83 7903 1
83 13026 1
83 13027 2
83 11496 3
83 19184 1
83 7410 1
83 1269 3
83 14088 1
83 17163 1
83 4364 4
83 801 1
83 1844 1
83 8507 1
83 3392 1
83 16193 1
83 3397 1
83 22344 1
83 13129 2
83 20303 1
83 12625 1
83 9047 1
83 6489 2
83 16223 2
83 2918 1
83 3954 1
83 1408 1
83 8067 1
83 15681 1
83 11665 1
83 22418 1
83 14743 1
83 17818 1
83 4509 1
83 12199 2
83 20914 1
83 1460 1
83 7241 1
83 1465 1
83 11708 1
83 3517 1
83 22464 1
83 7120 2
83 9169 1
83 4053 1
83 18420 1
84 12288 2
84 7683 1
84 7684 1
84 2578 2
84 10264 1
84 12825 1
84 12835 1
84 16933 1
84 16430 1
84 8751 1
84 16434 1
84 8257 1
84 12870 1
84 13388 2
84 13389 1
84 21586 3
84 22100 1
84 9305 1
84 22112 6
84 7785 2
84 18028 1
84 13421 2
84 4719 1
84 13937 1
84 17018 1
84 3201 1
84 14985 1
84 3723 1
84 21644 3
84 13474 1
84 20142 1
84 16049 1
84 19124 5
84 19133 1
84 7870 1
84 1727 1
84 11471 1
84 20692 1
84 4822 1
84 13026 1
84 6375 1
84 5867 1
84 12026 1
84 19707 1
84 20218 1
84 14082 1
84 18185 1
84 17688 1
84 4377 1
84 4894 1
84 7972 1
84 2348 1
84 1074 1
84 5934 1
84 21807 1
84 21305 1
84 15681 1
84 10051 9
84 12625 1
84 6995 1
84 14677 1
84 858 1
84 12128 2
84 17763 1
84 8043 1
84 9069 1
84 8062 1
84 1922 1
84 901 1
84 15752 2
84 4493 1
84 11664 1
84 22418 2
84 4507 1
84 4509 1
84 19359 1
84 4000 1
84 15266 1
84 12212 2
84 13238 3
84 3512 1
84 17484 5
84 7120 2
84 16888 1
84 10205 1
84 18911 2
84 21841 2
84 494 1
84 5623 1
84 15864 1
84 4602 1
85 512 2
85 8196 2
85 19461 1
85 4104 1
85 17424 1
85 15377 1
85 9241 1
85 14682 1
85 6182 1
85 16430 1
85 7217 1
85 18994 2
85 19551 1
85 12354 1
85 3652 1
85 12357 1
85 2119 1
85 4364 1
85 5710 1
85 15448 1
85 16479 1
85 18528 1
85 16998 1
85 18022 1
85 3179 1
85 18028 1
85 14448 3
85 1138 1
85 6773 1
85 3722 7
85 3723 3
85 13452 1
85 1167 1
85 145 1
85 5267 1
85 3220 3
85 21147 1
85 11428 5
85 20137 2
85 11434 1
85 11435 2
85 3758 1
85 4276 1
85 12471 1
85 3258 1
85 8892 1
85 7870 1
85 14016 1
85 11969 2
85 20343 1
85 22223 1
85 4305 1
85 7903 1
85 10976 1
85 1768 1
85 14574 1
85 3313 1
85 14583 1
85 21241 1
85 14088 1
85 17163 1
85 3340 1
85 4886 2
85 8989 1
85 4894 2
85 16434 1
85 5936 1
85 12602 2
85 1855 1
85 4433 1
85 9555 1
85 9047 2
85 7514 1
85 18267 1
85 3421 1
85 7518 1
85 14175 1
85 8043 2
85 9069 2
85 12151 1
85 8568 1
85 1921 1
85 8066 2
85 1414 1
85 16775 1
85 16776 1
85 15266 1
85 19368 1
85 2475 1
85 15276 1
85 16301 1
85 15794 1
85 1465 1
85 16827 1
85 12734 1
85 8641 1
85 11714 1
85 6089 1
85 2000 3
85 8660 2
85 18426 1
85 8158 1
85 11233 1
85 3047 1
85 13821 1
85 11760 1
85 14324 1
85 5623 1
85 16888 2
85 16890 2
85 15869 1
85 12799 1
86 12288 1
86 15874 1
86 19460 3
86 1547 1
86 13837 1
86 4867 1
86 22551 1
86 16414 1
86 4127 1
86 4130 1
86 8236 1
86 3643 1
86 17470 1
86 15432 1
86 4364 3
86 11850 1
86 21586 1
86 15448 1
86 5210 1
86 16998 2
86 9832 1
86 21613 1
86 5231 1
86 21617 1
86 2674 1
86 14969 1
86 15994 1
86 15491 1
86 16662 1
86 14985 1
86 19595 1
86 11926 4
86 7323 1
86 13470 1
86 8869 1
86 15532 1
86 6836 1
86 9759 1
86 22223 1
86 4818 1
86 15583 1
86 21733 1
86 12008 1
86 8425 1
86 19180 1
86 18179 1
86 3339 1
86 20236 1
86 4884 2
86 13078 1
86 15641 1
86 12570 1
86 12073 1
86 10552 1
86 10555 2
86 831 1
86 16704 1
86 8006 1
86 6983 1
86 6984 1
86 17225 1
86 6986 3
86 6989 2
86 5459 1
86 9557 1
86 4442 1
86 7010 1
86 360 1
86 364 1
86 21364 1
86 18809 1
86 5498 1
86 12673 1
86 1922 1
86 1415 1
86 1420 1
86 11153 1
86 22418 1
86 15763 1
86 11157 1
86 22426 1
86 12188 2
86 4000 4
86 22433 3
86 15266 1
86 16804 1
86 21318 1
86 22088 1
86 329 1
86 10682 1
86 19900 1
86 11714 1
86 7109 1
86 9167 1
86 14800 1
86 475 1
86 10721 2
86 10723 2
86 7660 2
86 4079 1
86 11248 1
86 4081 3
86 500 1
86 11760 1
86 12279 1
86 15869 2
87 1537 1
87 4107 1
87 17424 3
87 19473 1
87 17435 1
87 11294 1
87 19493 1
87 1074 1
87 1076 1
87 19519 1
87 3650 1
87 7236 1
87 2119 1
87 15432 1
87 15434 1
87 21586 1
87 18518 1
87 8797 1
87 9831 1
87 1133 1
87 13937 2
87 1141 1
87 13435 1
87 1668 1
87 15496 1
87 14475 1
87 3220 1
87 151 1
87 14492 1
87 7326 1
87 14495 2
87 11434 1
87 11436 1
87 15026 1
87 16054 1
87 3258 1
87 18108 1
87 19133 1
87 7870 1
87 14016 1
87 7361 2
87 7362 1
87 2243 1
87 11461 1
87 17612 1
87 13516 1
87 11469 1
87 11471 1
87 4818 1
87 19155 1
87 17110 1
87 20695 1
87 22232 1
87 15577 2
87 10972 1
87 3812 1
87 16616 1
87 20717 1
87 1280 1
87 19204 1
87 19208 1
87 4364 1
87 4886 5
87 5337 2
87 18200 1
87 19737 2
87 4894 1
87 800 1
87 8995 1
87 12073 1
87 16434 1
87 18222 1
87 10040 1
87 21305 1
87 8012 1
87 3406 1
87 12625 1
87 21330 1
87 7514 1
87 7516 1
87 15714 1
87 1380 1
87 8041 1
87 8043 1
87 5996 1
87 21364 1
87 6005 1
87 12151 1
87 5498 1
87 12673 1
87 2442 2
87 2446 1
87 4496 1
87 17818 1
87 14751 1
87 9122 1
87 1753 2
87 17323 1
87 1976 1
87 17339 1
87 13244 1
87 20418 2
87 20954 1
87 22491 1
87 9887 1
87 19939 1
87 10726 1
87 7655 1
87 11760 3
87 7669 1
87 7158 1
87 15863 1
88 18056 1
88 18185 2
88 20882 2
88 17811 1
88 149 1
88 22557 2
88 5534 1
88 22369 1
88 4902 1
88 1959 1
88 10408 1
88 17577 1
88 3626 1
88 683 1
88 626 1
88 1266 1
88 6984 1
88 19764 1
88 5129 1
88 18872 1
88 7867 1
88 13884 1
88 1598 1
88 11711 1
88 13888 1
88 15222 4
88 12870 1
88 13255 1
88 15432 1
88 5450 1
88 13516 2
88 12625 1
88 16468 1
88 17630 1
88 8421 1
88 2273 1
88 7397 2
88 19900 1
88 7785 1
88 10407 1
88 494 1
88 17704 1
88 15218 2
88 7870 1
88 20854 1
88 19519 1
88 2812 1
88 3198 1
89 14016 1
89 6786 1
89 11524 1
89 19619 1
89 2113 1
89 13961 3
89 22551 1
89 6368 1
89 18185 1
89 4495 1
89 7696 1
89 1169 1
89 17811 1
89 2990 1
89 151 1
89 18076 1
89 8989 1
89 5664 2
89 5667 1
89 20260 1
89 10408 1
89 8236 2
89 6770 1
89 15278 1
89 5661 1
89 15818 1
89 16177 1
89 11444 1
89 8585 1
89 7695 1
89 21305 1
89 19900 3
89 19133 2
89 13888 5
89 16224 1
89 1163 1
89 5750 2
89 11334 1
89 20167 1
89 13129 1
89 16202 2
89 17719 1
89 17996 1
89 21454 1
89 20303 1
89 2640 1
89 8035 1
89 20494 1
89 4438 1
89 15449 1
89 3674 1
89 7055 2
89 3676 1
89 22366 1
89 14304 1
89 7777 2
89 19555 1
89 7780 1
89 7397 1
89 13159 1
89 13161 2
89 20683 1
89 11760 1
89 15218 3
89 20398 1
89 17790 1
89 15222 1
89 5623 1
89 5753 1
89 15229 2
89 9086 1
90 512 1
90 7552 1
90 4867 1
90 11524 1
90 11444 1
90 12076 1
90 20494 1
90 12815 1
90 3344 2
90 13400 1
90 4675 1
90 151 1
90 13849 1
90 13723 1
90 14492 1
90 11293 1
90 5663 1
90 5665 2
90 5667 4
90 11302 1
90 3313 2
90 21696 1
90 10972 1
90 683 1
90 8236 1
90 3954 1
90 11449 1
90 15279 1
90 2224 1
90 7218 1
90 4276 1
90 7477 1
90 8502 2
90 16684 1
90 21305 1
90 11292 1
90 19900 1
90 11709 1
90 16190 1
90 11829 1
90 13888 1
90 1475 1
90 14148 1
90 14682 2
90 17227 1
90 719 1
90 2640 2
90 13393 1
90 7124 1
90 10837 1
90 505 1
90 2648 1
90 4058 1
90 3343 1
90 13532 1
90 15354 1
90 7952 1
90 9167 1
90 4880 1
90 13884 1
90 1167 1
90 19133 1
90 21617 1
90 15218 1
90 20343 1
90 10357 1
90 5623 1
90 3321 1
90 11514 1
90 1147 1
90 5660 1
90 6741 1
91 1280 1
91 7686 1
91 7687 2
91 15276 1
91 10763 1
91 22551 1
91 15384 2
91 10783 1
91 7203 1
91 12325 1
91 11305 1
91 15403 1
91 8749 1
91 8238 1
91 3633 1
91 1076 1
91 2313 1
91 12345 1
91 13884 2
91 4161 1
91 5474 1
91 14414 8
91 14415 1
91 3674 1
91 7776 1
91 8803 1
91 22119 1
91 9832 1
91 4219 1
91 19588 1
91 1671 1
91 13961 2
91 13452 1
91 13453 1
91 21650 1
91 18075 1
91 22175 1
91 17576 2
91 20649 1
91 22188 1
91 8892 2
91 6853 1
91 4818 1
91 17630 4
91 6882 1
91 6883 1
91 7399 2
91 7400 3
91 12010 1
91 19181 1
91 7410 1
91 14579 1
91 16123 1
91 11008 1
91 14081 1
91 19208 1
91 18185 4
91 4364 1
91 1069 1
91 2834 1
91 4899 2
91 2348 1
91 19764 1
91 20277 1
91 12625 1
91 5459 1
91 14677 1
91 7010 1
91 7529 1
91 12007 1
91 10096 1
91 10097 1
91 15218 9
91 15222 1
91 10644 1
91 1921 1
91 11156 1
91 15258 1
91 5534 2
91 17312 1
91 12716 1
91 1465 1
91 1466 1
91 19900 2
91 20384 1
91 13763 1
91 4555 1
91 10701 1
91 12760 1
91 19939 1
91 18917 1
91 8180 1
91 5623 2
91 15864 1
91 17577 5
92 6786 1
92 4868 1
92 20485 1
92 14088 1
92 19470 1
92 3339 1
92 11714 1
92 19598 1
92 15405 1
92 2834 1
92 21782 3
92 279 1
92 1839 1
92 2205 2
92 20256 2
92 13986 1
92 16547 1
92 1573 1
92 10407 1
92 5800 1
92 1706 1
92 5803 1
92 2348 1
92 15218 1
92 2990 2
92 2589 1
92 13704 1
92 17332 1
92 22581 1
92 12878 1
92 12091 1
92 8892 1
92 3392 1
92 12354 1
92 5051 2
92 12360 1
92 1994 1
92 19403 1
92 13516 1
92 14414 1
92 9167 1
92 4818 1
92 9171 1
92 9684 1
92 10837 1
92 14806 1
92 9432 1
92 3676 1
92 3954 1
92 15845 1
92 8161 1
92 19299 1
92 4453 1
92 8300 2
92 14448 1
92 20465 1
92 6770 1
92 13428 1
92 17814 1
92 5623 1
92 20466 1
92 1147 1
93 18688 1
93 8449 1
93 770 1
93 8579 1
93 8209 1
93 20485 1
93 12288 1
93 15751 1
93 14088 1
93 13420 1
93 16417 1
93 3340 1
93 15119 1
93 3088 1
93 3217 1
93 20882 3
93 18579 1
93 7700 1
93 1420 1
93 21782 2
93 22551 3
93 920 3
93 2841 1
93 6938 1
93 13723 2
93 2204 1
93 2205 3
93 14369 1
93 1947 1
93 1561 1
93 679 1
93 16936 1
93 5803 1
93 22188 1
93 5934 1
93 8236 1
93 16177 1
93 3892 2
93 14985 1
93 5576 1
93 5051 2
93 11708 1
93 16431 1
93 22464 1
93 11714 1
93 2245 1
93 13255 1
93 11336 1
93 5449 1
93 4556 1
93 17107 1
93 18005 1
93 16911 1
93 10206 1
93 797 1
93 22369 1
93 2914 1
93 4837 1
93 2918 1
93 8039 1
93 13674 1
93 8300 1
93 12018 2
93 19155 1
93 13428 2
93 21621 1
93 8950 1
93 4601 1
93 4602 1
94 12288 2
94 13316 1
94 1544 1
94 10264 1
94 16417 1
94 4647 1
94 1578 1
94 22572 1
94 22585 1
94 13887 1
94 13888 1
94 15939 1
94 15431 1
94 15432 1
94 18505 1
94 8268 1
94 3512 1
94 21586 1
94 595 1
94 20571 1
94 13418 2
94 13420 1
94 13428 2
94 1141 1
94 15485 1
94 13952 1
94 20103 1
94 8300 2
94 1163 1
94 10894 1
94 18579 1
94 22167 1
94 19140 1
94 13979 1
94 2204 1
94 10920 1
94 691 8
94 692 3
94 16054 1
94 14016 1
94 7968 1
94 14020 1
94 5829 1
94 13516 2
94 718 1
94 8421 1
94 10985 1
94 8449 1
94 4868 1
94 14088 1
94 7433 1
94 3339 1
94 2839 1
94 11737 1
94 8992 1
94 8995 1
94 16166 1
94 1841 1
94 1844 1
94 21814 2
94 10043 1
94 20284 1
94 20303 1
94 3408 1
94 4945 1
94 4438 1
94 13658 1
94 15201 1
94 19301 1
94 2407 1
94 13677 1
94 22389 1
94 3958 2
94 3960 1
94 9090 1
94 8579 1
94 20882 1
94 6559 1
94 16293 6
94 1959 1
94 11180 1
94 431 1
94 6584 1
94 1979 1
94 19900 2
94 6080 1
94 12746 3
94 9167 2
94 17872 1
94 15313 2
94 9171 1
94 9684 1
94 18389 1
94 9686 1
94 18393 1
94 20389 1
94 18421 1
94 7164 1
94 13821 1
95 8579 1
95 7687 1
95 18185 1
95 13451 1
95 4364 1
95 13453 1
95 22032 1
95 19347 1
95 21782 1
95 13723 1
95 4509 1
95 5150 1
95 16544 1
95 15856 1
95 1947 1
95 10407 2
95 683 1
95 8989 1
95 1844 1
95 13428 2
95 11195 1
95 16202 1
95 20291 1
95 13255 1
95 12746 2
95 20686 1
95 21586 1
95 6741 1
95 11992 1
95 21605 1
95 12390 1
95 10096 1
95 7537 1
95 7410 2
95 21364 1
95 5623 3
95 7164 2
95 5246 1
96 18688 1
96 11524 1
96 13445 1
96 11398 1
96 15751 2
96 1266 1
96 3339 1
96 780 1
96 22542 4
96 9069 1
96 21912 1
96 2578 2
96 4115 1
96 15434 1
96 21782 2
96 22551 1
96 152 1
96 19460 3
96 6687 1
96 4000 1
96 18267 1
96 20389 1
96 1448 1
96 17961 1
96 1578 1
96 17067 1
96 9394 1
96 16432 1
96 16049 1
96 16434 1
96 13428 7
96 12746 1
96 14016 1
96 4161 1
96 12354 1
96 4547 1
96 8778 1
96 1351 1
96 15432 1
96 4364 1
96 1482 1
96 13388 1
96 6741 2
96 9167 1
96 16592 1
96 13451 1
96 1827 1
96 3796 1
96 4181 1
96 20571 1
96 10206 1
96 10975 1
96 18406 1
96 16998 2
96 3175 1
96 18154 1
96 22418 1
96 7684 1
96 3954 1
96 4211 1
96 21364 1
96 377 2
96 18426 1
96 12799 1
96 13418 1
96 12670 1
96 18005 2
97 19718 1
97 20232 1
97 21270 1
97 22045 1
97 15774 1
97 18975 2
97 4514 1
97 11815 1
97 4776 3
97 19243 1
97 8236 1
97 12018 2
97 15278 1
97 4509 1
97 13887 4
97 19392 1
97 12354 1
97 6345 1
97 14026 1
97 7119 1
97 1105 1
97 18005 1
97 854 1
97 11992 1
97 6489 1
97 21727 1
97 18913 2
97 19938 1
97 18918 1
97 7785 1
97 13418 2
97 14574 1
97 15216 1
97 13937 1
97 19058 1
97 13428 4
97 12663 1
98 12673 1
98 16773 1
98 13447 1
98 13833 1
98 2442 1
98 4364 3
98 5390 1
98 15119 1
98 3217 1
98 22418 1
98 18197 1
98 14492 1
98 15774 1
98 13445 1
98 4514 1
98 7110 1
98 4776 1
98 16430 1
98 18352 1
98 1076 1
98 22327 1
98 15448 1
98 5433 3
98 8892 1
98 13887 1
98 11714 1
98 20038 1
98 15432 2
98 11850 1
98 13389 3
98 1103 1
98 1104 1
98 21586 1
98 3928 1
98 18267 1
98 5840 1
98 4834 4
98 15971 1
98 7396 1
98 21605 1
98 8209 1
98 9832 1
98 13418 1
98 7399 1
98 18540 1
98 14574 1
98 7664 1
98 12018 2
98 7540 1
98 15614 1
98 5759 1
99 15752 1
99 13449 1
99 17162 1
99 3991 2
99 4364 1
99 909 1
99 910 1
99 17935 1
99 7536 1
99 19476 1
99 10263 1
99 3674 1
99 364 1
99 11632 2
99 9765 1
99 1578 1
99 967 1
99 17069 1
99 15664 1
99 16049 2
99 22198 1
99 14649 1
99 12602 1
99 12604 1
99 16190 1
99 17004 1
99 16194 1
99 1547 1
99 4423 1
99 17996 1
99 16586 1
99 5623 3
99 13388 1
99 12878 1
99 21841 1
99 18004 1
99 4438 1
99 4729 1
99 6265 1
99 18267 2
99 12325 1
99 12625 1
99 13884 1
99 13418 1
99 22252 1
99 15856 1
99 15218 1
99 16243 1
99 13428 1
99 12279 1
99 5625 3
99 3580 1
99 18154 1
100 6786 2
100 364 1
100 20234 1
100 4364 1
100 19473 1
100 22418 1
100 19476 1
100 282 1
100 4000 3
100 4643 1
100 9765 1
100 17066 1
100 1709 1
100 3636 1
100 19900 1
100 5321 1
100 14668 1
100 6741 2
100 18267 1
100 16998 1
100 17004 1
100 17262 1
100 11760 1
101 5635 1
101 16902 1
101 7690 1
101 525 1
101 4433 1
101 16911 1
101 5142 1
101 15384 1
101 18460 1
101 5149 1
101 4639 1
101 4640 1
101 4643 2
101 16431 2
101 1074 1
101 3636 1
101 13884 1
101 13887 1
101 13888 2
101 21586 1
101 6741 1
101 15448 1
101 12815 1
101 3676 1
101 3679 1
101 18528 1
101 15976 1
101 11887 1
101 5391 1
101 625 1
101 10360 1
101 15486 1
101 12927 1
101 6786 2
101 15491 1
101 14981 1
101 12426 1
101 13451 2
101 15128 4
101 10392 1
101 14489 1
101 13981 1
101 16543 2
101 15217 1
101 681 1
101 9901 1
101 18108 1
101 14016 1
101 18113 2
101 4304 1
101 721 1
101 4818 3
101 6868 1
101 11478 1
101 14552 2
101 4315 1
101 14556 1
101 16608 1
101 2273 1
101 9442 1
101 6371 1
101 1266 1
101 2003 1
101 22262 1
101 12535 1
101 11007 1
101 14081 1
101 4868 1
101 18185 3
101 17163 1
101 18191 1
101 4369 2
101 786 1
101 16661 1
101 18200 1
101 19228 1
101 15133 1
101 20256 1
101 4899 1
101 4901 1
101 14118 1
101 16434 1
101 3886 2
101 7471 1
101 17436 1
101 3392 1
101 16706 2
101 22344 1
101 14668 1
101 12110 2
101 21841 2
101 9043 1
101 15709 1
101 8039 1
101 20329 1
101 7655 1
101 9069 5
101 17262 1
101 9071 1
101 9072 1
101 13681 1
101 10103 1
101 15229 1
101 2944 1
101 12352 1
101 8579 1
101 1417 1
101 21617 1
101 20384 1
101 15266 1
101 4003 1
101 13222 1
101 16807 1
101 18077 1
101 6984 1
101 500 1
101 11195 1
101 19900 5
101 22463 1
101 22464 3
101 17312 1
101 11714 1
101 13255 2
101 5065 1
101 10701 1
101 9171 2
101 19938 1
101 19939 1
101 14673 1
101 13223 1
101 11760 1
101 10225 1
101 14324 1
101 20137 1
101 4602 1
101 16891 1
101 12799 1
