1 12288 1
1 22464 1
1 683 1
1 8989 1
1 16773 1
1 7558 1
1 1089 1
1 14828 2
1 1844 1
1 11180 1
1 4364 3
1 685 1
1 17936 1
1 11632 1
1 22418 1
1 8238 1
1 19478 1
1 22551 1
1 795 1
1 19100 1
1 797 1
1 9887 1
1 7584 1
1 6000 1
1 20642 1
1 6790 1
1 17067 1
1 1068 1
1 9645 1
1 18222 1
1 7471 3
1 16049 1
1 4402 1
1 4276 1
1 1455 1
1 18185 1
1 3636 1
1 15903 3
1 8892 1
1 12733 1
1 1855 1
1 9536 1
1 4161 1
1 11714 1
1 801 1
1 8778 1
1 20686 1
1 9167 1
1 7888 1
1 21841 1
1 21586 1
1 5332 1
1 18005 1
1 9686 1
1 2745 1
1 4440 1
1 4441 1
1 10972 1
1 4831 2
1 19938 1
1 2309 1
1 21733 1
1 18108 1
1 17004 4
1 11760 1
1 1440 1
1 18420 1
1 745 1
1 17016 1
1 5625 1
1 6652 1
1 10975 1
1 11007 1
2 12288 1
2 16385 1
2 19460 1
2 19464 1
2 1545 1
2 11275 1
2 12 1
2 3086 1
2 12815 1
2 16915 1
2 3246 1
2 22551 2
2 19993 1
2 4122 1
2 6685 1
2 17951 3
2 21536 1
2 17954 1
2 17956 1
2 17957 2
2 4654 1
2 18483 1
2 1591 2
2 4668 1
2 12349 2
2 20547 2
2 19126 1
2 8776 1
2 21586 3
2 7768 1
2 18013 1
2 20155 1
2 9832 1
2 17004 1
2 5232 1
2 6773 1
2 21110 1
2 13673 1
2 14649 2
2 131 1
2 18052 1
2 13445 1
2 364 1
2 650 1
2 4235 2
2 4238 1
2 17041 1
2 4249 1
2 673 1
2 13478 3
2 18599 1
2 3758 1
2 3759 1
2 19124 1
2 22198 1
2 11449 1
2 4795 1
2 19133 1
2 21696 1
2 4293 1
2 18209 1
2 2761 1
2 11992 1
2 9167 2
2 10463 1
2 741 2
2 12007 1
2 17943 3
2 1266 1
2 4053 1
2 11008 1
2 4867 1
2 4364 1
2 5391 1
2 2179 1
2 6283 1
2 2839 1
2 7451 1
2 11549 1
2 5806 1
2 17185 1
2 8995 1
2 2344 1
2 14635 1
2 8243 1
2 21305 1
2 4831 1
2 15676 1
2 1163 1
2 22340 1
2 2374 3
2 17975 1
2 8013 1
2 6479 1
2 3408 1
2 21841 2
2 19939 1
2 5972 1
2 3413 1
2 15673 1
2 5464 1
2 15199 1
2 16224 2
2 5988 1
2 8041 1
2 15210 1
2 17772 1
2 9069 7
2 6511 1
2 1256 1
2 3954 1
2 12151 1
2 5501 1
2 17790 1
2 17181 1
2 14725 1
2 904 1
2 906 4
2 22418 1
2 7065 1
2 19353 1
2 13723 1
2 15773 1
2 15774 1
2 21410 1
2 9635 1
2 15273 1
2 12716 1
2 7600 1
2 1457 1
2 18876 1
2 7101 1
2 22464 1
2 11714 3
2 17227 1
2 13255 2
2 11723 1
2 462 1
2 17229 1
2 9171 1
2 7637 1
2 9691 1
2 10206 1
2 1504 3
2 1507 1
2 12625 1
2 16367 1
2 11760 1
2 5623 1
2 12799 1
2 5973 1
3 12288 1
3 8705 2
3 4438 1
3 9227 1
3 3084 1
3 4115 1
3 19478 1
3 20505 1
3 17435 1
3 4647 1
3 22571 1
3 13358 1
3 6711 1
3 10812 1
3 7741 1
3 10814 2
3 16224 1
3 20547 1
3 1607 1
3 22601 1
3 9291 1
3 17485 1
3 10832 1
3 21586 1
3 7764 1
3 18005 1
3 15448 1
3 5210 1
3 21605 1
3 2661 1
3 21606 1
3 8636 1
3 10922 1
3 4720 1
3 1649 1
3 1141 2
3 6774 1
3 4217 1
3 14970 1
3 6269 1
3 13951 1
3 1152 1
3 4227 1
3 12933 1
3 11398 1
3 6791 1
3 6281 1
3 6282 1
3 14475 1
3 15500 1
3 3217 1
3 2706 3
3 7323 1
3 10410 1
3 17067 1
3 685 1
3 10928 1
3 19124 2
3 22200 1
3 364 1
3 4795 1
3 3772 1
3 19133 4
3 14016 1
3 18116 1
3 20167 1
3 7880 1
3 20343 1
3 5838 1
3 7380 1
3 22229 1
3 12505 1
3 21217 1
3 1256 1
3 11303 1
3 12164 1
3 12018 1
3 21750 1
3 8954 2
3 15615 1
3 8449 2
3 4868 1
3 15621 2
3 7945 1
3 4364 2
3 7952 1
3 17170 1
3 2839 1
3 2841 1
3 8989 1
3 1825 1
3 18210 1
3 8995 1
3 17188 1
3 1670 1
3 14124 1
3 7471 1
3 21305 3
3 19594 1
3 10208 1
3 17218 1
3 21318 1
3 15175 1
3 17225 1
3 7498 1
3 8013 1
3 18772 1
3 15190 1
3 12121 1
3 15199 1
3 1376 1
3 5996 1
3 9069 2
3 16242 1
3 12151 1
3 19320 1
3 16260 1
3 12675 1
3 12676 2
3 7049 1
3 906 1
3 395 1
3 7564 1
3 910 1
3 1906 1
3 8607 1
3 20384 1
3 15856 1
3 15266 1
3 14763 1
3 5555 1
3 9145 1
3 19900 1
3 11714 1
3 646 1
3 9167 2
3 464 1
3 16888 3
3 4601 1
3 5593 1
3 1504 1
3 20969 1
3 8683 1
3 11760 1
3 497 1
3 5623 1
3 15864 1
3 22100 1
3 4602 1
3 15869 1
3 9726 1
3 6143 2
4 12288 1
4 11008 2
4 13316 1
4 6149 1
4 16367 1
4 19464 1
4 11436 1
4 5643 1
4 18055 1
4 1282 2
4 11791 1
4 11792 1
4 8792 1
4 8451 2
4 17612 1
4 17435 2
4 9244 2
4 1053 1
4 18975 1
4 10469 1
4 11301 4
4 11303 2
4 3627 1
4 3629 1
4 861 1
4 3633 1
4 13875 1
4 13876 1
4 13880 1
4 12345 1
4 13885 1
4 3134 1
4 13887 2
4 12354 3
4 15939 2
4 3652 1
4 19126 1
4 15432 1
4 15434 1
4 21586 1
4 15971 1
4 7764 1
4 3672 1
4 13402 1
4 10337 2
4 13411 1
4 10340 1
4 3260 1
4 21613 1
4 21618 1
4 10857 1
4 17017 1
4 14461 2
4 20095 2
4 12930 2
4 12481 1
4 14475 1
4 4238 1
4 12653 1
4 17041 1
4 3220 3
4 6296 1
4 6809 1
4 18128 1
4 12446 1
4 795 1
4 602 1
4 11434 1
4 22188 2
4 9901 2
4 19124 2
4 16054 3
4 8375 1
4 4795 2
4 8892 1
4 19133 3
4 8385 1
4 15042 1
4 9924 1
4 6853 1
4 1825 1
4 2761 2
4 18634 1
4 13516 1
4 7888 1
4 10449 1
4 20695 2
4 1240 1
4 14046 1
4 3621 1
4 1761 1
4 7397 1
4 4843 1
4 14060 1
4 6382 1
4 22262 1
4 21251 1
4 13049 1
4 10490 1
4 7237 1
4 14592 1
4 7937 1
4 770 1
4 13059 3
4 2309 1
4 15113 1
4 4364 2
4 19726 1
4 22232 1
4 13077 1
4 16662 1
4 15128 2
4 19737 1
4 3419 1
4 11547 1
4 5840 1
4 4894 2
4 801 1
4 8753 1
4 15448 1
4 16775 1
4 8449 1
4 18222 1
4 11055 1
4 16691 1
4 1844 1
4 8502 1
4 1336 1
4 12089 1
4 4831 1
4 7491 1
4 16694 1
4 1866 1
4 4941 1
4 5455 1
4 3408 1
4 12625 1
4 19939 1
4 14677 1
4 4438 1
4 21305 3
4 6489 1
4 19599 1
4 15709 1
4 18783 2
4 22369 1
4 7010 1
4 16577 1
4 17253 1
4 15206 1
4 5994 1
4 8043 3
4 9069 5
4 6512 1
4 5489 1
4 11156 1
4 4986 2
4 15935 1
4 17790 1
4 7559 1
4 7560 1
4 4497 2
4 10644 2
4 405 1
4 13295 1
4 6469 2
4 15266 3
4 15273 1
4 5551 1
4 11193 1
4 8636 1
4 22463 1
4 22464 2
4 11714 1
4 12746 2
4 15820 1
4 9167 1
4 13776 1
4 11729 1
4 13778 1
4 472 1
4 3834 1
4 4579 1
4 12261 1
4 21841 1
4 13800 1
4 9194 1
4 8683 3
4 6127 1
4 11760 2
4 16373 1
4 16374 1
4 4087 1
4 3065 1
4 2555 1
4 6652 1
4 21845 1
5 12288 1
5 3158 1
5 18952 1
5 13834 1
5 7180 1
5 5645 1
5 4110 1
5 4111 1
5 22032 4
5 2578 4
5 5141 1
5 17943 1
5 6682 1
5 17435 1
5 1564 2
5 11807 1
5 16416 1
5 16417 2
5 2082 1
5 11300 1
5 3621 1
5 4647 1
5 11304 5
5 13163 1
5 8236 1
5 10799 2
5 3633 1
5 3636 3
5 12341 1
5 11832 1
5 19124 1
5 13885 2
5 13887 2
5 13888 1
5 15456 1
5 9759 1
5 1604 2
5 11334 1
5 15432 1
5 10313 1
5 15434 1
5 1099 1
5 10829 1
5 22096 1
5 21586 2
5 18005 1
5 13398 1
5 15448 3
5 602 1
5 8378 1
5 10130 1
5 7776 1
5 21093 1
5 9832 1
5 19561 1
5 13418 4
5 8300 1
5 2834 1
5 15982 1
5 14448 1
5 13937 2
5 1138 1
5 3702 1
5 15209 1
5 17016 2
5 6265 1
5 15994 3
5 13435 2
5 6269 1
5 638 1
5 22464 2
5 12930 3
5 5251 1
5 5764 1
5 7813 1
5 1163 1
5 12431 1
5 10896 1
5 10897 1
5 20114 1
5 18068 1
5 10862 2
5 10392 1
5 14489 3
5 1576 1
5 12445 1
5 4255 1
5 18080 1
5 673 1
5 13832 1
5 21617 1
5 20648 1
5 19740 1
5 11434 2
5 4779 2
5 9901 1
5 17225 1
5 3421 1
5 691 1
5 4276 2
5 12471 1
5 3258 1
5 21691 1
5 5820 1
5 19133 8
5 11455 1
5 14016 1
5 7875 1
5 13508 2
5 6774 1
5 16075 1
5 19155 1
5 3796 1
5 1751 1
5 13528 1
5 2265 1
5 10972 2
5 14046 1
5 4831 2
5 15584 1
5 14800 1
5 7397 4
5 5351 1
5 8425 2
5 8427 1
5 5356 1
5 3026 1
5 12529 1
5 15096 1
5 20692 1
5 10492 1
5 14592 1
5 8449 1
5 14595 1
5 19718 1
5 7433 1
5 17163 1
5 4366 3
5 15119 2
5 2322 2
5 3203 1
5 21781 3
5 4886 4
5 5337 1
5 17041 1
5 17690 1
5 8988 1
5 8989 1
5 7455 1
5 20255 1
5 17696 1
5 5921 4
5 8490 1
5 15666 1
5 16691 1
5 7477 1
5 3895 1
5 14648 1
5 21305 8
5 12602 2
5 2875 1
5 5951 1
5 16224 1
5 13451 1
5 21829 1
5 9924 1
5 22344 1
5 17737 3
5 17227 1
5 3408 1
5 18769 1
5 12625 1
5 1877 1
5 13889 2
5 9047 3
5 15704 1
5 6489 2
5 1372 1
5 13626 1
5 1374 1
5 16223 1
5 22368 1
5 355 1
5 5988 1
5 8550 1
5 1895 1
5 17476 1
5 20329 1
5 5994 1
5 15723 1
5 9069 15
5 13800 2
5 21874 2
5 745 1
5 3960 1
5 3963 1
5 1918 1
5 17791 1
5 21376 1
5 10975 1
5 18818 2
5 21227 1
5 19408 2
5 901 1
5 16775 5
5 18528 1
5 17291 1
5 10636 1
5 20717 1
5 10128 1
5 14020 1
5 6036 1
5 408 1
5 11673 2
5 19354 1
5 10651 1
5 4509 1
5 12190 1
5 10655 1
5 20384 1
5 16293 1
5 18857 1
5 12852 1
5 15177 3
5 17771 1
5 17339 1
5 4032 2
5 11714 2
5 11203 1
5 14677 1
5 7111 1
5 3529 5
5 17355 1
5 21968 1
5 22482 1
5 22484 1
5 8666 1
5 10205 1
5 10206 1
5 6375 2
5 3040 1
5 11600 1
5 4579 1
5 19942 1
5 19943 1
5 7144 1
5 13293 2
5 3055 1
5 11760 1
5 20468 1
5 14837 1
5 16374 2
5 4602 2
5 11771 3
5 2556 1
5 15871 3
6 12288 1
6 9729 1
6 16641 1
6 14 1
6 17424 1
6 14865 1
6 2578 1
6 13849 1
6 1564 1
6 2082 2
6 2084 2
6 3621 1
6 8742 1
6 13863 1
6 10280 1
6 11817 1
6 3629 1
6 3633 2
6 13885 1
6 13887 3
6 1600 1
6 11843 1
6 11844 1
6 12385 1
6 15434 1
6 4433 1
6 591 1
6 592 1
6 21586 2
6 20565 1
6 18525 1
6 18528 1
6 7777 1
6 4795 1
6 16998 1
6 19049 1
6 13418 2
6 14448 2
6 13937 4
6 21618 1
6 1141 3
6 6265 1
6 22140 1
6 15487 1
6 13440 1
6 12930 2
6 15723 1
6 12933 1
6 18571 1
6 6801 1
6 6802 1
6 21142 1
6 19607 1
6 19609 1
6 12446 1
6 1696 2
6 1697 1
6 795 1
6 4263 1
6 4267 1
6 22188 2
6 6770 1
6 8989 1
6 2229 1
6 4278 1
6 12471 2
6 19186 1
6 21691 3
6 17084 1
6 19133 2
6 7870 1
6 2239 1
6 5920 1
6 14019 1
6 9924 1
6 2763 1
6 5332 2
6 9432 2
6 11482 1
6 4835 1
6 17125 1
6 21228 1
6 21305 1
6 21234 1
6 22262 1
6 17961 1
6 20692 1
6 1786 4
6 3711 1
6 7933 1
6 18174 1
6 18175 1
6 14592 1
6 8449 3
6 18390 1
6 2310 1
6 15113 1
6 15831 1
6 7952 1
6 21782 2
6 22295 1
6 15128 1
6 11547 1
6 3869 1
6 4382 1
6 7455 1
6 17696 3
6 3876 1
6 19238 1
6 18215 1
6 2856 1
6 5929 1
6 20269 1
6 18222 3
6 7988 1
6 2873 1
6 19770 1
6 14141 1
6 2883 1
6 17225 1
6 17229 1
6 12111 1
6 21841 1
6 14677 1
6 12089 2
6 1699 1
6 3417 1
6 1372 1
6 15543 1
6 15199 1
6 22369 1
6 15717 1
6 12135 1
6 5993 1
6 17771 2
6 9069 4
6 20343 1
6 11156 1
6 3963 1
6 4989 1
6 12673 1
6 14722 1
6 7558 1
6 7560 1
6 17801 1
6 16785 1
6 20882 1
6 10644 1
6 7063 1
6 15817 1
6 3321 1
6 21405 1
6 20384 1
6 13723 1
6 18853 1
6 15273 1
6 5618 1
6 5045 1
6 14262 1
6 9145 1
6 6076 1
6 22467 1
6 22469 1
6 8647 1
6 3529 1
6 12746 3
6 15315 1
6 5590 1
6 14807 1
6 14081 1
6 10490 1
6 20962 1
6 19939 1
6 13799 1
6 14593 1
6 10740 1
6 16367 1
6 3058 2
6 20468 1
6 502 1
6 18426 2
7 12288 1
7 16911 1
7 4116 1
7 19478 2
7 11806 1
7 6687 1
7 7714 1
7 22571 1
7 8749 1
7 16431 1
7 12852 1
7 13877 1
7 16952 1
7 1076 1
7 3650 1
7 67 1
7 7236 1
7 11334 1
7 11850 1
7 588 1
7 592 1
7 18005 1
7 1626 1
7 7952 1
7 13669 1
7 10337 1
7 21691 1
7 16997 1
7 18023 1
7 17000 1
7 5233 1
7 5246 1
7 22143 1
7 10881 1
7 13445 2
7 646 1
7 19596 1
7 20109 1
7 16015 2
7 13457 1
7 9876 1
7 4795 1
7 17062 1
7 797 1
7 17608 1
7 4277 2
7 19131 1
7 19133 2
7 7880 3
7 721 1
7 4306 1
7 20695 1
7 1240 1
7 4829 1
7 14046 1
7 19837 1
7 8449 1
7 775 2
7 17163 1
7 4364 2
7 10510 1
7 21264 1
7 2834 1
7 4886 1
7 795 2
7 17181 2
7 17696 1
7 129 1
7 11055 1
7 1844 3
7 16694 1
7 21305 2
7 12602 1
7 6623 1
7 12746 1
7 17225 2
7 12625 1
7 11919 1
7 21853 1
7 1376 1
7 7010 1
7 15717 1
7 3217 1
7 15209 1
7 364 1
7 13677 1
7 11156 3
7 5498 1
7 4989 1
7 17790 1
7 21377 1
7 18818 1
7 20459 1
7 1412 1
7 9069 11
7 66 1
7 22418 1
7 6036 1
7 16806 1
7 18363 1
7 4030 1
7 22464 1
7 1990 1
7 3529 2
7 3530 3
7 20429 1
7 14800 1
7 7633 1
7 18911 2
7 7655 1
7 489 1
7 7659 1
7 7660 1
7 20465 1
7 3060 2
7 15871 1
7 2556 1
7 13821 1
7 12799 2
8 9227 1
8 21519 1
8 13059 1
8 19993 1
8 15903 1
8 8236 1
8 3629 2
8 10798 1
8 18479 1
8 11832 2
8 19124 2
8 20547 1
8 15942 1
8 11850 2
8 588 1
8 20560 1
8 21586 1
8 602 2
8 7777 1
8 8892 1
8 22464 1
8 13933 1
8 11887 1
8 14448 1
8 16831 1
8 17015 1
8 4217 1
8 703 1
8 14460 1
8 20928 1
8 130 1
8 131 1
8 19734 1
8 6790 1
8 18055 1
8 4235 1
8 11918 1
8 659 1
8 10900 1
8 14488 1
8 18077 1
8 5279 1
8 5232 1
8 13255 1
8 11444 1
8 3258 1
8 18108 1
8 19133 2
8 18111 1
8 14016 1
8 2243 1
8 18628 2
8 12151 1
8 10453 1
8 12930 1
8 1758 1
8 21727 1
8 8421 1
8 10470 1
8 16616 1
8 10985 1
8 5356 1
8 21234 1
8 15096 1
8 7637 2
8 14594 1
8 8451 2
8 4868 1
8 14093 2
8 5394 1
8 16662 1
8 21276 1
8 17188 1
8 13093 1
8 8502 1
8 14649 1
8 6976 1
8 16196 1
8 18763 1
8 846 1
8 21841 1
8 21305 2
8 11610 2
8 15199 1
8 11104 1
8 22369 1
8 8041 1
8 7018 1
8 9069 5
8 11637 1
8 21878 1
8 7401 1
8 7550 2
8 21376 1
8 12673 1
8 1410 1
8 4502 1
8 906 1
8 10644 1
8 8086 1
8 21918 1
8 17312 1
8 15266 1
8 8262 1
8 9644 1
8 15278 1
8 11710 1
8 20927 1
8 2496 1
8 20384 1
8 13252 1
8 13767 1
8 15817 1
8 11723 1
8 13730 1
8 14798 1
8 3536 2
8 15825 1
8 3541 5
8 592 1
8 11771 1
8 10214 1
8 16366 1
8 3568 1
8 16373 1
8 4599 1
8 6651 1
9 12296 1
9 1545 1
9 11275 2
9 22551 1
9 20505 1
9 17435 2
9 16414 1
9 9759 1
9 8236 1
9 3629 2
9 8 1
9 12345 1
9 12349 1
9 3647 1
9 12360 1
9 7755 3
9 15948 1
9 21586 1
9 7764 1
9 13398 1
9 7777 1
9 1635 1
9 22119 1
9 18023 1
9 14448 2
9 13937 1
9 1140 1
9 1141 2
9 3191 1
9 13950 1
9 20095 1
9 5760 1
9 3201 1
9 131 1
9 12933 1
9 4754 1
9 14509 1
9 22442 1
9 16049 1
9 15539 1
9 7863 1
9 698 1
9 15035 1
9 15036 1
9 19133 1
9 18209 1
9 5321 1
9 7892 1
9 3289 1
9 4315 1
9 9948 1
9 7903 1
9 1255 1
9 18162 1
9 14462 1
9 3339 1
9 3971 1
9 16661 1
9 282 1
9 8988 1
9 4385 1
9 7471 1
9 10552 1
9 21305 1
9 10939 1
9 17227 1
9 3920 2
9 14677 1
9 22368 1
9 15714 1
9 17127 1
9 9069 3
9 11637 1
9 12151 1
9 8579 1
9 15751 1
9 15773 1
9 11178 2
9 16301 1
9 1457 1
9 1459 1
9 3512 1
9 18876 5
9 22464 1
9 7617 2
9 19401 1
9 9167 1
9 3541 3
9 15831 1
9 18911 1
9 4432 1
9 19938 1
9 10727 1
9 10728 1
9 8683 1
9 6125 1
9 7663 1
9 11760 1
9 3060 1
9 4601 1
9 15869 1
10 12288 1
10 12805 1
10 1544 1
10 13834 1
10 9815 1
10 13837 1
10 12823 1
10 12825 2
10 10269 1
10 2596 1
10 8744 1
10 92 1
10 17451 1
10 1069 1
10 13358 1
10 7219 1
10 1081 1
10 12870 1
10 17484 1
10 17485 1
10 4687 1
10 17490 1
10 6742 1
10 87 1
10 13404 1
10 9821 1
10 5729 1
10 19561 1
10 13418 2
10 17004 1
10 14448 2
10 10360 1
10 14969 1
10 20183 1
10 123 2
10 13440 1
10 18049 1
10 3203 1
10 13445 1
10 14475 1
10 13453 1
10 2706 3
10 10899 1
10 17046 1
10 19607 1
10 7322 1
10 5276 1
10 13475 1
10 16041 1
10 15534 1
10 16049 1
10 3762 1
10 7862 1
10 12473 1
10 3260 1
10 19133 3
10 12481 1
10 19140 1
10 11461 1
10 5321 1
10 20690 1
10 3796 1
10 20695 5
10 9432 1
10 21727 1
10 7120 1
10 11490 1
10 10962 1
10 12018 1
10 16123 1
10 15102 1
10 11008 1
10 128 2
10 4867 1
10 12036 1
10 17163 1
10 20237 1
10 14607 1
10 4884 1
10 21781 1
10 4384 1
10 9513 1
10 5934 1
10 5935 1
10 11569 2
10 15666 2
10 21305 3
10 3900 1
10 833 1
10 15682 1
10 4235 1
10 19783 1
10 19784 1
10 19787 2
10 14306 1
10 20303 1
10 15185 1
10 15709 1
10 7010 1
10 8041 1
10 16430 1
10 5996 1
10 9069 2
10 9072 1
10 17790 1
10 16257 1
10 16775 1
10 13704 1
10 4495 1
10 3992 1
10 7570 1
10 3395 1
10 9111 1
10 11672 1
10 15774 1
10 4000 2
10 18857 1
10 16301 1
10 20882 3
10 1976 1
10 1465 1
10 3915 1
10 13255 1
10 19401 1
10 8144 1
10 3025 1
10 13778 1
10 12001 1
10 6622 1
10 19938 1
10 12625 1
10 19469 1
10 8685 1
10 15856 1
10 13809 1
10 18420 1
10 15714 1
10 15869 1
11 12288 1
11 9472 1
11 8195 1
11 14343 1
11 13834 1
11 9227 1
11 527 1
11 12816 1
11 18686 1
11 4868 1
11 22557 1
11 8781 1
11 18975 1
11 6696 1
11 11817 2
11 1280 1
11 18479 1
11 7216 1
11 8753 2
11 5683 1
11 3636 1
11 2104 1
11 5178 1
11 9791 2
11 12354 1
11 15434 1
11 12471 1
11 13901 1
11 9584 2
11 21586 1
11 7764 1
11 7765 1
11 3172 1
11 3674 1
11 18011 1
11 18529 1
11 7780 2
11 21613 1
11 11887 1
11 13937 1
11 10867 1
11 1141 1
11 17014 1
11 4217 1
11 4218 1
11 20604 1
11 5764 1
11 20109 1
11 19598 1
11 1174 1
11 11632 1
11 22385 1
11 11434 1
11 4267 1
11 22188 1
11 3759 1
11 16049 1
11 22194 1
11 19571 1
11 13493 1
11 10423 1
11 19133 2
11 14016 1
11 11969 1
11 4290 2
11 9924 1
11 20431 1
11 13514 1
11 12151 1
11 7888 1
11 7892 1
11 4309 1
11 20695 1
11 22232 1
11 12505 1
11 11995 1
11 16092 2
11 1757 1
11 1763 1
11 17637 3
11 8422 1
11 12007 1
11 21227 1
11 7409 1
11 7550 2
11 5368 2
11 10492 1
11 18174 1
11 18175 1
11 11008 1
11 4867 1
11 11524 1
11 3339 1
11 4881 1
11 788 1
11 5934 1
11 8988 1
11 798 1
11 20255 1
11 8193 1
11 1324 1
11 18222 1
11 2269 1
11 18227 1
11 21305 2
11 20794 1
11 1076 1
11 6976 1
11 17218 1
11 16196 1
11 328 1
11 17225 1
11 8522 1
11 4429 1
11 12110 1
11 12625 1
11 11604 1
11 21845 1
11 4438 1
11 9047 1
11 19514 1
11 350 1
11 22368 3
11 13412 1
11 5993 1
11 9069 3
11 9072 1
11 9585 1
11 10103 1
11 8568 1
11 12670 1
11 12673 1
11 14725 1
11 17806 1
11 10639 1
11 18837 1
11 4502 1
11 15770 1
11 13723 1
11 15774 1
11 13727 1
11 20384 2
11 15856 1
11 13994 1
11 16301 2
11 16200 1
11 7092 1
11 11704 1
11 11708 1
11 11709 1
11 7103 1
11 1099 1
11 17348 1
11 13255 1
11 12746 1
11 9167 1
11 10709 1
11 10206 1
11 1504 1
11 13282 1
11 19939 1
11 6989 1
11 8683 1
11 8685 1
11 16878 1
11 10224 1
11 19384 1
11 11760 1
11 11771 1
11 10410 1
11 9726 1
11 14677 2
12 12288 1
12 18689 1
12 15275 1
12 7684 1
12 13445 1
12 1798 1
12 1537 1
12 18952 1
12 18393 2
12 5390 1
12 9069 1
12 3088 4
12 3992 1
12 22418 4
12 18197 1
12 21782 1
12 22551 1
12 17688 1
12 7236 1
12 4507 1
12 13252 1
12 4509 2
12 4382 1
12 9247 1
12 4384 1
12 8993 1
12 13858 1
12 15402 1
12 14919 1
12 20882 1
12 22557 1
12 8658 1
12 15666 2
12 17973 1
12 4818 2
12 21305 3
12 12602 1
12 18108 1
12 20541 1
12 18005 1
12 18111 1
12 4032 1
12 13428 1
12 11714 1
12 22464 2
12 14677 1
12 13255 1
12 10206 1
12 17225 1
12 10205 1
12 17810 2
12 9167 1
12 21586 2
12 22100 1
12 18389 1
12 4822 1
12 9687 1
12 9432 1
12 6489 1
12 2778 1
12 22108 1
12 954 1
12 19460 2
12 22368 1
12 13537 1
12 14306 1
12 8803 1
12 16998 2
12 12007 1
12 5993 1
12 13418 2
12 14188 1
12 21613 1
12 14574 1
12 19133 3
12 21617 1
12 1266 1
12 15190 1
12 16120 1
12 4217 1
12 18426 2
12 13183 1
12 4053 1
12 18173 1
12 12501 1
13 7680 1
13 3073 1
13 15874 1
13 7684 1
13 7686 1
13 7687 1
13 11273 6
13 4107 1
13 4610 2
13 12816 2
13 9234 1
13 20739 1
13 13844 1
13 7704 1
13 4122 3
13 17435 1
13 19485 1
13 15903 1
13 16417 1
13 6690 1
13 5667 1
13 2084 1
13 4647 1
13 14889 2
13 9259 1
13 8236 1
13 20914 1
13 16430 2
13 861 1
13 4042 1
13 8753 1
13 17973 1
13 9268 4
13 14389 1
13 9270 1
13 4617 1
13 11832 1
13 13881 1
13 17467 1
13 13885 3
13 13887 1
13 1600 1
13 3650 1
13 11275 1
13 8262 1
13 2634 2
13 6733 1
13 10318 1
13 6223 1
13 2640 4
13 19694 2
13 11858 1
13 20717 1
13 15448 1
13 603 1
13 18013 1
13 18014 1
13 14290 1
13 3088 3
13 18530 1
13 8379 1
13 15462 1
13 18022 2
13 9831 1
13 3176 1
13 1129 1
13 13418 2
13 13419 3
13 18028 1
13 18029 1
13 18030 1
13 7101 1
13 17000 1
13 2578 2
13 17012 1
13 1141 2
13 20598 1
13 6776 1
13 14969 2
13 11902 1
13 21632 1
13 15808 1
13 15491 1
13 5764 1
13 13445 1
13 13446 1
13 18055 1
13 13960 1
13 1163 3
13 13453 1
13 1167 1
13 13457 1
13 1170 1
13 14489 1
13 9583 2
13 5276 1
13 13850 1
13 14495 1
13 7516 1
13 1392 1
13 11428 1
13 4263 3
13 11549 1
13 2224 1
13 19124 1
13 13493 1
13 22198 1
13 13969 1
13 3259 1
13 5820 2
13 19133 7
13 7870 1
13 9919 1
13 8898 1
13 11461 1
13 16075 1
13 20686 1
13 15567 1
13 16592 2
13 13009 1
13 4818 1
13 19155 1
13 19156 1
13 12507 1
13 10972 4
13 4831 1
13 10464 1
13 11632 1
13 12007 1
13 7400 1
13 1482 1
13 12013 1
13 14574 2
13 13040 1
13 3313 1
13 18162 1
13 20723 2
13 14974 1
13 20692 4
13 12026 1
13 11714 1
13 3060 1
13 8976 1
13 18175 1
13 128 1
13 14082 1
13 7220 1
13 4868 1
13 18185 1
13 8749 1
13 6416 1
13 21781 2
13 4886 3
13 22295 1
13 13876 1
13 8989 1
13 20255 4
13 20256 1
13 8993 1
13 18140 1
13 17706 1
13 2638 1
13 7471 2
13 1844 2
13 7479 1
13 21305 6
13 6458 2
13 18143 1
13 19263 4
13 15681 1
13 6283 1
13 6080 1
13 12342 1
13 17121 1
13 6984 2
13 13129 1
13 17228 1
13 18766 1
13 20303 1
13 12625 1
13 18772 1
13 14677 1
13 4438 1
13 14682 1
13 18267 2
13 21852 1
13 3421 1
13 15710 1
13 22368 2
13 22369 3
13 15714 1
13 2918 1
13 3943 1
13 3217 1
13 5993 1
13 9069 6
13 6511 1
13 15216 1
13 2416 1
13 11636 2
13 11637 6
13 12663 1
13 8568 1
13 12665 1
13 16252 1
13 12390 1
13 21426 1
13 2944 1
13 2945 1
13 4484 1
13 16774 1
13 22508 2
13 4492 1
13 20878 1
13 10639 1
13 13200 1
13 22418 4
13 917 1
13 13012 1
13 3991 1
13 11164 1
13 20384 2
13 6561 1
13 4002 1
13 16539 2
13 1094 1
13 12188 2
13 22442 1
13 4011 1
13 1378 1
13 2990 1
13 669 1
13 15794 2
13 4019 1
13 5044 1
13 3697 1
13 11192 1
13 17337 1
13 1466 1
13 18363 1
13 11850 1
13 3953 1
13 22464 3
13 20418 1
13 4550 1
13 3916 1
13 12746 3
13 17355 2
13 15820 2
13 15266 1
13 9167 1
13 14288 1
13 18424 1
13 7634 1
13 467 2
13 9684 1
13 4053 6
13 9686 1
13 10575 1
13 4688 1
13 14324 1
13 6112 1
13 20560 1
13 12770 1
13 20452 1
13 489 1
13 22506 1
13 7660 1
13 21586 8
13 15855 1
13 20468 1
13 18174 1
13 2040 1
13 8188 1
14 16385 1
14 19460 1
14 19464 1
14 22551 1
14 19993 1
14 11817 1
14 20010 1
14 3629 2
14 7218 1
14 4668 1
14 2109 1
14 19520 1
14 11850 3
14 588 1
14 2640 1
14 21586 3
14 1627 1
14 8803 1
14 18023 1
14 11708 1
14 13937 1
14 10360 2
14 14974 1
14 130 1
14 2179 1
14 646 1
14 12481 1
14 19593 1
14 13963 1
14 4748 2
14 15512 3
14 13475 1
14 9380 1
14 4267 1
14 8376 1
14 8892 1
14 19133 1
14 11969 1
14 20686 4
14 9424 1
14 12505 1
14 10972 1
14 741 1
14 7911 1
14 4328 1
14 3313 1
14 8954 1
14 11008 1
14 2306 1
14 4867 1
14 4868 2
14 15621 1
14 16646 1
14 4364 1
14 2834 1
14 13443 1
14 12053 1
14 2839 1
14 7960 1
14 2841 1
14 798 1
14 801 1
14 16519 1
14 2348 1
14 2351 1
14 19764 1
14 12091 1
14 17225 1
14 17229 1
14 14677 2
14 14682 1
14 22368 1
14 1889 1
14 5993 2
14 15210 1
14 3948 1
14 7684 1
14 11632 1
14 7542 1
14 19864 1
14 12188 1
14 8607 1
14 17312 1
14 17313 1
14 14754 1
14 6055 1
14 12716 1
14 16301 1
14 1466 1
14 8636 1
14 11709 1
14 11710 1
14 22464 6
14 11714 2
14 13255 1
14 15818 1
14 9167 1
14 4569 1
14 9691 1
14 18911 1
14 7138 2
14 10214 1
14 489 1
14 16363 1
14 500 1
14 15350 1
14 5623 1
14 11771 1
14 1534 1
15 9729 3
15 6149 1
15 10760 1
15 7178 1
15 20494 1
15 22551 9
15 19993 4
15 22557 1
15 21537 1
15 12891 1
15 13863 1
15 8236 2
15 8749 1
15 8238 1
15 7216 2
15 7218 1
15 7749 1
15 583 1
15 11850 2
15 588 1
15 21586 1
15 120 1
15 13912 1
15 1627 1
15 14682 2
15 11870 1
15 15971 1
15 9833 1
15 873 1
15 21617 1
15 6770 1
15 13161 6
15 6776 1
15 703 2
15 14649 1
15 5246 1
15 129 3
15 130 4
15 20103 1
15 19594 1
15 15499 1
15 1167 1
15 1168 2
15 13973 1
15 15512 1
15 13937 3
15 15539 1
15 19124 1
15 8892 1
15 19133 1
15 7870 1
15 4799 2
15 21696 7
15 13516 1
15 19149 1
15 20686 1
15 16592 2
15 20177 1
15 9945 1
15 10974 1
15 15583 1
15 5863 1
15 4903 1
15 3313 2
15 18162 5
15 5364 1
15 2812 1
15 15615 1
15 8449 1
15 4868 2
15 2309 1
15 4364 1
15 12565 1
15 7962 1
15 8636 6
15 1308 1
15 20255 1
15 20256 1
15 8998 1
15 7463 1
15 16181 1
15 21305 1
15 12091 1
15 18571 1
15 8013 1
15 11600 1
15 14677 1
15 19769 1
15 7514 1
15 3937 1
15 14690 3
15 7483 1
15 7528 1
15 20329 1
15 7531 1
15 9069 1
15 11632 1
15 8568 1
15 12670 1
15 17793 1
15 14725 1
15 20874 4
15 15755 1
15 10128 1
15 16273 1
15 6036 1
15 3991 2
15 7069 4
15 20384 2
15 1959 3
15 1266 2
15 2990 1
15 4019 1
15 11708 3
15 11710 1
15 11711 2
15 22464 1
15 10210 1
15 11714 2
15 15948 1
15 17229 1
15 15317 3
15 8156 1
15 12768 6
15 19938 1
15 10214 9
15 10407 2
15 8684 1
15 15350 1
15 6650 1
15 6652 3
16 9729 2
16 13995 1
16 22551 3
16 19993 4
16 22557 2
16 3627 1
16 8749 1
16 20547 2
16 7749 6
16 15432 1
16 11850 4
16 13388 1
16 21586 2
16 3674 1
16 19050 1
16 1141 1
16 15757 1
16 13440 1
16 15808 2
16 130 1
16 2179 1
16 15499 1
16 1167 1
16 4240 1
16 4263 4
16 4267 1
16 12462 1
16 2226 1
16 15539 1
16 19124 1
16 8892 1
16 19133 1
16 4799 2
16 21696 4
16 13516 1
16 19149 1
16 14543 1
16 16592 1
16 9945 1
16 16762 1
16 7392 1
16 16103 1
16 5867 1
16 13681 2
16 18162 1
16 7637 1
16 8449 1
16 15621 2
16 3340 2
16 12505 1
16 8988 1
16 20256 1
16 7463 1
16 18222 2
16 7471 1
16 7479 1
16 10552 1
16 21305 1
16 6464 1
16 12768 4
16 19595 1
16 17225 1
16 6989 1
16 4942 1
16 909 1
16 12625 2
16 14677 2
16 22368 1
16 14180 1
16 2407 1
16 17256 1
16 13161 3
16 7531 1
16 9069 1
16 11632 1
16 5489 2
16 20851 1
16 18810 1
16 893 1
16 9606 1
16 20874 3
16 20877 1
16 3395 1
16 3992 1
16 22426 1
16 7069 1
16 10142 1
16 17312 1
16 20389 1
16 1959 1
16 1266 1
16 2990 1
16 9141 1
16 22455 1
16 8636 1
16 11710 1
16 22464 2
16 12746 1
16 9167 1
16 15317 1
16 20291 1
16 5591 1
16 20303 1
16 4576 1
16 21841 1
16 10407 4
16 18175 1
16 8188 1
16 1534 1
16 22385 1
17 129 1
17 130 2
17 131 1
17 7684 3
17 14725 1
17 260 1
17 3329 1
17 13704 1
17 14089 1
17 14090 1
17 1922 1
17 20494 1
17 15508 3
17 22551 6
17 132 1
17 11444 1
17 8988 1
17 7069 3
17 18852 1
17 1959 1
17 21696 1
17 11821 1
17 8238 5
17 11293 1
17 19764 1
17 12216 2
17 11449 3
17 6458 1
17 22464 1
17 16224 1
17 18503 4
17 1482 1
17 588 1
17 15949 1
17 20686 3
17 4818 1
17 18005 2
17 9687 1
17 12505 1
17 14682 1
17 603 1
17 14324 1
17 18528 1
17 16998 1
17 1895 1
17 16363 3
17 9069 1
17 13679 1
17 11760 1
17 7409 2
17 2932 3
17 18426 1
17 7550 1
18 19712 1
18 4267 2
18 13316 1
18 4613 1
18 8449 1
18 9047 1
18 22551 4
18 1049 1
18 9755 1
18 5661 1
18 22557 2
18 15621 1
18 14379 1
18 8236 2
18 8749 2
18 8238 1
18 16431 1
18 9777 1
18 14386 2
18 22581 1
18 5687 1
18 21258 1
18 12354 1
18 20547 2
18 7749 4
18 18503 13
18 15432 1
18 11850 4
18 1099 1
18 13389 1
18 15952 1
18 15953 1
18 21586 4
18 15801 1
18 11866 1
18 395 1
18 14429 1
18 21945 1
18 8647 1
18 13415 1
18 9833 1
18 1639 1
18 18030 1
18 11887 1
18 21617 2
18 21618 2
18 19571 1
18 15808 1
18 3702 1
18 17016 1
18 14969 1
18 15997 1
18 20095 1
18 128 1
18 129 1
18 2179 1
18 1668 1
18 20103 1
18 7306 1
18 15499 1
18 13453 1
18 365 1
18 1168 1
18 13969 1
18 15809 1
18 15508 2
18 19993 1
18 15512 1
18 19619 1
18 4263 1
18 10408 2
18 19740 1
18 17067 1
18 22188 1
18 626 1
18 11293 2
18 21692 1
18 8376 1
18 11636 1
18 7355 1
18 3260 1
18 19133 2
18 13502 1
18 21696 2
18 8992 1
18 21699 1
18 20431 1
18 7880 1
18 13514 1
18 13516 2
18 20686 2
18 4304 1
18 3844 1
18 12502 1
18 12505 1
18 13255 1
18 10972 1
18 6365 1
18 19460 1
18 10463 1
18 7392 1
18 1763 1
18 2309 1
18 16103 1
18 1280 1
18 20717 2
18 14574 1
18 3313 1
18 1269 1
18 13558 1
18 13937 1
18 9044 4
18 15609 2
18 15612 1
18 22271 1
18 15616 1
18 3329 1
18 4868 3
18 3845 4
18 14089 2
18 14090 3
18 4364 1
18 3854 1
18 15119 1
18 3856 1
18 2834 1
18 787 1
18 7964 1
18 8989 1
18 798 2
18 20256 2
18 19238 1
18 2344 1
18 16519 1
18 1325 1
18 7471 2
18 7474 1
18 18227 1
18 8500 1
18 12510 1
18 19256 1
18 2873 1
18 6458 5
18 10975 2
18 12341 2
18 6464 2
18 3395 1
18 17225 1
18 9831 2
18 17229 1
18 8014 1
18 22355 1
18 11604 1
18 14677 2
18 21305 2
18 6489 1
18 14682 4
18 18267 1
18 15709 1
18 19088 1
18 6459 1
18 19814 1
18 13159 1
18 7528 1
18 13161 2
18 364 1
18 9069 3
18 13679 2
18 12656 1
18 12147 1
18 2932 5
18 11637 1
18 20343 1
18 4484 1
18 904 1
18 15755 1
18 10636 2
18 8077 2
18 10126 1
18 8086 1
18 3992 2
18 7637 3
18 1947 1
18 20384 2
18 15266 2
18 5019 1
18 20302 1
18 6053 1
18 6055 1
18 1960 1
18 15273 1
18 2990 4
18 13129 1
18 22457 2
18 4831 1
18 8636 3
18 22464 6
18 3009 1
18 11714 3
18 4547 1
18 19396 1
18 18887 1
18 15817 1
18 12746 1
18 14583 1
18 8013 1
18 15317 1
18 9687 1
18 4058 1
18 21474 1
18 10214 1
18 3050 1
18 8684 1
18 11760 1
18 16373 1
18 15350 2
18 5623 1
18 8185 1
18 11771 1
18 5118 2
19 12288 3
19 1537 2
19 15363 1
19 19460 1
19 22358 1
19 14969 1
19 12808 1
19 525 1
19 3758 2
19 3607 1
19 19993 1
19 3610 2
19 9244 1
19 22557 2
19 5662 1
19 15903 1
19 6694 1
19 1068 1
19 8749 2
19 8238 1
19 15119 1
19 18952 1
19 22581 1
19 11444 1
19 12352 1
19 13889 1
19 7236 1
19 7749 1
19 8262 1
19 18503 11
19 15432 1
19 7241 1
19 19019 1
19 13389 1
19 5765 2
19 21586 2
19 15955 1
19 13398 1
19 16475 1
19 18528 1
19 8803 1
19 15460 1
19 18023 1
19 19900 1
19 12906 1
19 3175 1
19 18029 2
19 873 1
19 5232 1
19 13937 1
19 21618 1
19 4723 1
19 12916 1
19 10857 1
19 6777 1
19 18042 1
19 15997 1
19 13440 1
19 16513 1
19 2179 1
19 5764 1
19 13445 2
19 20299 1
19 1671 1
19 22551 1
19 1167 1
19 7313 1
19 3221 1
19 18075 1
19 7329 1
19 16547 1
19 21617 7
19 10408 1
19 19740 1
19 9901 1
19 17070 1
19 5661 1
19 2224 2
19 16049 1
19 19124 1
19 12471 1
19 9093 1
19 19133 1
19 13502 1
19 12481 1
19 4290 1
19 19050 1
19 5321 1
19 22119 1
19 13516 1
19 20686 1
19 4306 1
19 17109 1
19 11479 1
19 12505 1
19 10972 5
19 3417 1
19 18144 3
19 17312 1
19 19172 1
19 6381 1
19 1266 1
19 6901 1
19 11511 1
19 15612 1
19 18174 1
19 15615 1
19 11008 1
19 128 1
19 3844 1
19 2309 1
19 2310 1
19 7432 5
19 7433 1
19 14381 1
19 2834 1
19 4868 1
19 2265 1
19 18200 1
19 14106 1
19 8988 1
19 7455 1
19 8993 1
19 8490 1
19 16519 2
19 11054 1
19 1840 1
19 15666 1
19 11059 1
19 7988 1
19 7477 1
19 22327 1
19 21202 1
19 19764 3
19 20794 1
19 20285 2
19 13128 2
19 15177 1
19 9034 1
19 16203 1
19 8012 1
19 11600 1
19 22355 1
19 9044 9
19 14677 1
19 4438 1
19 21305 1
19 857 1
19 19290 1
19 18267 1
19 15713 1
19 8041 1
19 874 1
19 9069 1
19 22369 2
19 8568 1
19 11708 3
19 8878 1
19 21376 1
19 897 1
19 18818 1
19 1413 1
19 2113 2
19 904 1
19 17290 1
19 7055 1
19 2448 1
19 5009 1
19 20882 1
19 19347 1
19 7063 1
19 14233 1
19 5019 1
19 12188 3
19 12190 1
19 15776 1
19 16804 1
19 16806 1
19 22442 1
19 15431 1
19 2990 2
19 17842 1
19 13129 2
19 15800 1
19 9145 1
19 13244 2
19 11709 1
19 11710 2
19 22464 1
19 3009 1
19 11714 2
19 17227 1
19 13255 2
19 17228 1
19 9167 1
19 12760 1
19 8666 1
19 8669 1
19 14815 1
19 2640 1
19 8779 1
19 13796 1
19 8684 1
19 5623 1
19 13140 1
19 4602 1
19 8188 1
19 5118 1
20 9729 1
20 22032 1
20 22551 1
20 10264 1
20 3610 2
20 9758 2
20 1578 2
20 13358 1
20 13880 1
20 3133 2
20 18503 1
20 15433 1
20 11850 1
20 14690 2
20 2640 3
20 18005 4
20 7776 1
20 10337 1
20 19555 1
20 16998 2
20 21692 1
20 5739 1
20 5740 1
20 5232 1
20 13937 2
20 5246 1
20 16513 1
20 130 1
20 17578 1
20 16519 1
20 1167 1
20 16543 1
20 10407 1
20 10408 1
20 10922 1
20 683 2
20 6791 1
20 14001 1
20 19124 1
20 3260 1
20 18111 1
20 21192 1
20 5321 1
20 20686 1
20 7380 1
20 9167 1
20 10972 1
20 15598 1
20 18159 1
20 3313 3
20 13255 1
20 248 1
20 16646 1
20 21773 1
20 15119 1
20 16662 1
20 19740 1
20 797 1
20 3876 1
20 9351 1
20 16691 1
20 15671 1
20 2873 1
20 17225 2
20 17228 1
20 17229 1
20 17810 1
20 4433 1
20 9047 1
20 3417 1
20 14682 5
20 15710 1
20 16224 1
20 7010 1
20 9069 1
20 13175 1
20 1420 1
20 22418 1
20 20384 1
20 18851 1
20 16625 1
20 16301 1
20 2990 1
20 2992 1
20 12212 1
20 13129 2
20 11708 1
20 11714 2
20 7623 1
20 12746 1
20 3023 1
20 464 1
20 12778 1
20 494 1
20 5623 3
20 7164 1
20 16893 1
21 12288 2
21 19460 1
21 1544 1
21 17418 1
21 17424 1
21 4115 1
21 4116 1
21 4117 1
21 8214 1
21 22551 1
21 15384 1
21 1578 1
21 16431 1
21 9169 1
21 572 1
21 13887 1
21 12878 1
21 592 1
21 21586 3
21 18005 2
21 20571 1
21 9308 1
21 22111 1
21 6075 1
21 9316 2
21 9831 1
21 7868 1
21 13418 1
21 22119 1
21 18028 1
21 21617 2
21 13428 1
21 3175 1
21 10876 1
21 22464 1
21 18562 1
21 2179 1
21 21782 1
21 646 1
21 7303 1
21 18571 1
21 2190 1
21 14993 1
21 2194 1
21 7318 1
21 7319 1
21 15514 1
21 3697 1
21 19113 1
21 12461 1
21 3260 1
21 14016 1
21 22209 1
21 6850 1
21 719 1
21 721 1
21 14037 1
21 14038 1
21 9432 1
21 9434 1
21 4303 1
21 20189 1
21 15584 1
21 10467 1
21 6372 1
21 14033 2
21 22248 1
21 18154 1
21 22256 1
21 19938 1
21 6898 1
21 9171 1
21 17163 1
21 3340 1
21 2873 1
21 18703 1
21 13078 1
21 1309 1
21 16159 1
21 18215 2
21 13611 1
21 16176 1
21 15666 1
21 5433 1
21 5435 1
21 15681 1
21 17229 1
21 20303 1
21 12625 1
21 9047 1
21 2394 1
21 18267 1
21 15710 1
21 10593 1
21 13161 1
21 5351 1
21 9069 1
21 14703 1
21 16242 1
21 12151 1
21 15237 1
21 12153 1
21 5498 1
21 5499 3
21 8063 1
21 18818 1
21 8683 1
21 389 1
21 15751 1
21 4247 1
21 10636 1
21 13198 1
21 16273 1
21 22418 2
21 4509 1
21 15264 1
21 15266 1
21 20722 1
21 6584 1
21 1466 1
21 1467 1
21 12220 1
21 6080 2
21 12746 2
21 9167 1
21 4049 2
21 18387 1
21 9684 1
21 18390 2
21 9687 1
21 19424 1
21 15330 1
21 18769 1
21 7164 1
21 20971 1
21 16367 1
21 15856 1
21 7154 1
21 18420 1
21 6652 1
21 7165 1
22 8198 1
22 10254 1
22 17424 3
22 3603 1
22 22551 2
22 6687 1
22 16902 1
22 8238 1
22 16431 1
22 9268 1
22 11832 1
22 12350 1
22 3652 2
22 7241 1
22 11850 1
22 588 1
22 16468 1
22 9817 1
22 22032 1
22 22119 1
22 15548 1
22 18540 1
22 17021 1
22 13440 1
22 130 1
22 18051 1
22 3723 1
22 3217 1
22 3220 4
22 4247 1
22 11431 1
22 4776 1
22 11946 1
22 3759 1
22 16049 1
22 8892 1
22 12481 1
22 21698 1
22 13516 1
22 14037 1
22 7396 1
22 12010 2
22 5867 1
22 21230 1
22 3313 1
22 22262 1
22 759 1
22 17671 1
22 4364 1
22 6421 1
22 4886 4
22 19737 1
22 8988 1
22 18212 1
22 20284 1
22 1855 1
22 15499 1
22 14668 2
22 21330 1
22 6489 1
22 14682 1
22 1374 1
22 22369 1
22 15209 1
22 15216 1
22 12151 1
22 1415 1
22 4497 1
22 22418 2
22 8085 1
22 11672 2
22 13723 1
22 12700 1
22 930 1
22 16804 1
22 2289 1
22 16301 1
22 17331 2
22 11193 1
22 11196 1
22 22464 2
22 11714 2
22 20420 1
22 4037 1
22 9167 1
22 14800 1
22 12759 1
22 11684 1
22 21473 1
22 19943 1
22 15856 1
22 10408 1
22 5623 1
23 12288 3
23 10753 1
23 13316 1
23 8705 1
23 3084 6
23 3086 1
23 1044 1
23 15856 1
23 22551 1
23 12825 1
23 5670 1
23 20010 2
23 1069 1
23 16430 2
23 7217 1
23 7218 3
23 12345 1
23 9274 1
23 15199 1
23 6718 1
23 13887 1
23 13891 1
23 11850 1
23 588 1
23 16574 1
23 595 1
23 5718 1
23 2661 1
23 7777 1
23 16486 1
23 10854 1
23 22119 1
23 21608 1
23 12394 1
23 17511 1
23 21617 1
23 21618 1
23 20343 1
23 16848 1
23 6773 1
23 6775 1
23 18046 1
23 127 1
23 18561 1
23 3073 2
23 13445 1
23 18055 1
23 13452 1
23 2706 1
23 3220 1
23 14493 1
23 7451 1
23 10404 1
23 17066 1
23 14509 1
23 11444 1
23 20662 1
23 12471 1
23 19133 4
23 7870 1
23 11637 1
23 22219 1
23 18116 1
23 10951 1
23 10103 1
23 20686 2
23 11471 2
23 5332 1
23 14037 1
23 13532 1
23 4831 2
23 3536 2
23 6375 2
23 16616 1
23 745 1
23 22256 1
23 5246 1
23 14583 1
23 5371 1
23 15102 1
23 4868 2
23 6407 1
23 16650 1
23 2873 1
23 7438 1
23 21782 2
23 2841 1
23 8986 2
23 3887 1
23 4894 1
23 18222 1
23 7471 2
23 5424 1
23 7477 1
23 9527 2
23 21305 4
23 6458 1
23 15675 1
23 17212 1
23 17225 1
23 21325 1
23 3919 2
23 4433 2
23 6483 2
23 15190 3
23 12089 1
23 1369 1
23 16223 1
23 22369 1
23 9069 1
23 3954 1
23 14709 1
23 3958 1
23 12663 1
23 8568 1
23 17790 1
23 13697 1
23 17290 1
23 17291 2
23 10638 1
23 17807 1
23 7568 1
23 14231 1
23 11672 1
23 13723 1
23 4509 3
23 17312 1
23 10224 1
23 7579 1
23 4516 1
23 16301 1
23 2990 1
23 1465 3
23 7104 1
23 16833 1
23 16075 1
23 12746 1
23 17872 2
23 3537 2
23 3538 1
23 3541 2
23 14807 1
23 14500 1
23 8156 1
23 13789 1
23 21841 1
23 2025 1
23 11760 4
23 5623 4
23 11771 2
24 12800 1
24 19460 1
24 10262 1
24 22551 2
24 7684 1
24 1076 1
24 10299 1
24 10300 1
24 13887 2
24 12354 1
24 15432 1
24 4364 2
24 11850 1
24 588 1
24 21586 1
24 602 1
24 7778 1
24 16998 2
24 11887 1
24 6775 1
24 131 1
24 5764 1
24 19764 1
24 21642 1
24 15499 1
24 19596 1
24 13459 1
24 10407 1
24 10922 1
24 19124 1
24 12471 1
24 8892 3
24 19133 2
24 14016 1
24 11461 1
24 11468 1
24 10452 1
24 10972 1
24 18420 1
24 3812 1
24 6375 3
24 3452 1
24 20716 1
24 19694 1
24 7408 1
24 15610 1
24 18185 2
24 20236 1
24 4886 1
24 132 1
24 7451 1
24 11549 1
24 4894 3
24 8992 1
24 5422 1
24 4402 1
24 1844 2
24 7477 1
24 19766 1
24 21305 2
24 12602 1
24 1855 2
24 13451 1
24 5448 1
24 17229 2
24 3919 2
24 3413 1
24 6489 1
24 22375 1
24 13673 1
24 2411 1
24 5996 1
24 21873 1
24 15222 1
24 12151 2
24 15227 1
24 4988 1
24 16773 1
24 14215 1
24 4496 1
24 22418 1
24 8083 1
24 8085 1
24 11760 2
24 4003 1
24 4011 1
24 16301 1
24 433 1
24 19382 1
24 9145 1
24 6075 1
24 19900 1
24 7618 1
24 17313 1
24 4556 1
24 3834 1
24 6651 1
24 16363 1
24 14828 1
24 15856 1
24 3058 1
24 3060 1
24 5623 2
24 18426 1
24 11771 1
25 768 1
25 4611 1
25 19460 1
25 6149 1
25 8449 1
25 11293 2
25 11275 1
25 7699 2
25 13844 1
25 2582 1
25 22551 1
25 12825 1
25 14682 1
25 13854 4
25 10928 1
25 12325 8
25 3626 2
25 22571 1
25 20524 1
25 20526 2
25 16431 1
25 3633 1
25 1074 1
25 16436 1
25 13881 1
25 10300 1
25 13888 3
25 5935 1
25 19522 1
25 20547 1
25 22198 1
25 12870 1
25 11335 1
25 12360 1
25 18364 2
25 588 1
25 13901 1
25 21586 4
25 8787 1
25 7765 1
25 15432 2
25 3161 1
25 7258 1
25 20064 1
25 7777 2
25 15971 1
25 7780 1
25 18022 1
25 3175 2
25 9832 2
25 19900 5
25 15979 1
25 13937 2
25 1140 1
25 21621 1
25 10360 1
25 14969 1
25 14973 1
25 12053 1
25 5760 1
25 14466 1
25 3203 1
25 9351 1
25 18114 1
25 19599 1
25 6801 1
25 9366 1
25 4247 1
25 9886 1
25 16544 1
25 15216 1
25 2723 1
25 21617 1
25 10408 1
25 17067 1
25 14509 1
25 13487 1
25 13488 1
25 19634 1
25 16926 1
25 19126 1
25 12471 1
25 7867 2
25 8892 3
25 19133 1
25 1141 1
25 12481 1
25 7362 1
25 4291 1
25 14020 1
25 22119 1
25 13516 4
25 7380 1
25 9167 3
25 14556 1
25 17630 1
25 6372 3
25 7397 3
25 7399 1
25 10985 1
25 22252 1
25 7122 1
25 14574 1
25 19184 1
25 3313 1
25 10482 1
25 19187 1
25 8236 1
25 2430 1
25 8950 1
25 16121 1
25 8954 1
25 18686 1
25 18688 1
25 14081 1
25 3674 1
25 14721 1
25 18185 5
25 4364 2
25 2873 1
25 12625 1
25 4884 1
25 8750 1
25 2839 1
25 22258 1
25 7963 1
25 8988 1
25 8989 1
25 4385 1
25 13090 1
25 22307 1
25 14118 1
25 10972 1
25 2351 1
25 5936 1
25 7478 1
25 20281 1
25 12094 1
25 15170 1
25 20291 1
25 15172 1
25 130 1
25 15177 1
25 17229 1
25 21841 1
25 21845 1
25 4438 1
25 21305 1
25 13658 1
25 6494 1
25 17125 1
25 14177 1
25 14690 1
25 15206 1
25 13884 1
25 20882 1
25 13679 1
25 1904 1
25 15218 3
25 20851 1
25 15222 4
25 12151 1
25 8568 1
25 15227 2
25 17790 1
25 2433 1
25 7318 1
25 8583 1
25 18023 1
25 22262 1
25 17810 1
25 5844 1
25 5534 5
25 20384 1
25 18853 1
25 12018 1
25 18352 1
25 18353 1
25 20638 1
25 13129 2
25 1465 1
25 8636 2
25 22463 1
25 22464 3
25 11714 1
25 4037 4
25 13255 1
25 10829 1
25 3536 1
25 10705 1
25 14290 1
25 15317 1
25 8666 1
25 12026 7
25 19424 1
25 14306 1
25 4433 1
25 21993 1
25 4074 1
25 7660 1
25 4589 2
25 16367 1
25 11760 1
25 16371 1
25 16372 1
25 4090 1
25 7164 1
25 12799 1
26 12288 2
26 7683 1
26 18948 1
26 21618 1
26 8013 1
26 4095 1
26 10248 1
26 4617 1
26 7690 1
26 7180 1
26 6741 1
26 22542 1
26 22032 1
26 15266 2
26 4116 1
26 22551 6
26 19460 1
26 4122 1
26 2394 2
26 13854 2
26 12831 1
26 7600 1
26 18267 1
26 1572 1
26 12325 1
26 16423 1
26 14595 2
26 9308 1
26 22571 1
26 3629 1
26 8238 1
26 16432 1
26 1074 1
26 17973 1
26 22074 1
26 13887 2
26 3138 1
26 20547 1
26 22601 1
26 11850 2
26 8268 1
26 2914 1
26 10833 1
26 21586 2
26 18005 2
26 1465 1
26 13912 2
26 22082 1
26 3676 1
26 8797 2
26 16479 1
26 18808 1
26 20189 1
26 9316 1
26 16998 1
26 18022 1
26 8568 1
26 15976 1
26 18364 2
26 13418 5
26 21102 1
26 5232 1
26 21617 1
26 626 1
26 10867 1
26 13428 6
26 1141 2
26 632 1
26 122 1
26 13440 1
26 3203 1
26 132 1
26 13445 2
26 646 1
26 7617 1
26 8556 1
26 10263 1
26 13453 1
26 13388 1
26 13459 1
26 4244 1
26 17177 1
26 11931 1
26 15004 1
26 14493 1
26 8781 1
26 6256 1
26 3748 1
26 12967 1
26 10920 1
26 17066 2
26 12461 2
26 4277 2
26 7121 2
26 11449 1
26 20155 1
26 8892 2
26 19133 2
26 21183 1
26 1824 1
26 10436 1
26 2761 1
26 13516 2
26 13517 1
26 4303 1
26 15567 2
26 9145 1
26 14037 1
26 1763 2
26 7897 1
26 9167 2
26 13532 1
26 10407 1
26 10975 1
26 5344 1
26 2273 1
26 2427 1
26 7397 1
26 21201 1
26 17943 1
26 7409 1
26 19186 1
26 17790 1
26 19190 2
26 17143 1
26 12026 2
26 1275 1
26 767 1
26 8449 2
26 1067 1
26 4868 1
26 2310 2
26 13078 2
26 18185 3
26 4364 1
26 15630 1
26 15119 2
26 8579 1
26 21782 5
26 22258 1
26 15615 1
26 19740 1
26 8989 1
26 20766 1
26 20256 1
26 8993 1
26 1827 2
26 14118 1
26 4121 1
26 4402 1
26 8494 1
26 2351 1
26 7699 1
26 15666 1
26 21305 2
26 18389 3
26 2363 1
26 20285 1
26 5951 1
26 7392 1
26 1562 1
26 20384 1
26 7120 1
26 7410 2
26 17229 1
26 20303 1
26 12625 1
26 9043 1
26 12390 1
26 14677 1
26 4438 1
26 9047 1
26 4441 1
26 14682 1
26 9644 1
26 22369 1
26 7010 2
26 10555 1
26 7527 1
26 873 1
26 15723 1
26 364 1
26 18287 1
26 11708 2
26 15220 2
26 22389 1
26 12816 1
26 12151 1
26 20856 1
26 15227 2
26 16252 1
26 17789 1
26 2430 1
26 22400 1
26 10731 1
26 3460 1
26 3978 1
26 10636 1
26 20877 1
26 9617 1
26 22418 2
26 7778 1
26 3991 3
26 1798 1
26 4506 1
26 20891 1
26 15772 1
26 7069 1
26 15774 1
26 4000 1
26 4514 1
26 15003 2
26 15782 1
26 22442 3
26 12716 1
26 16301 2
26 15278 1
26 4509 4
26 18352 1
26 18354 1
26 3060 1
26 18363 2
26 19900 2
26 11709 1
26 22464 1
26 18369 1
26 9666 1
26 17348 1
26 5577 1
26 15820 1
26 7117 1
26 12495 1
26 7119 1
26 464 1
26 10705 1
26 11218 1
26 18387 1
26 4053 1
26 9686 1
26 18391 1
26 9691 1
26 10206 2
26 19424 1
26 14306 1
26 6115 1
26 2025 1
26 4263 1
26 11760 2
26 20466 1
26 15548 2
26 16372 1
26 5623 1
26 18426 1
26 15355 1
26 7765 1
27 12288 2
27 15874 1
27 13316 1
27 4617 1
27 7690 1
27 16998 2
27 17424 1
27 1041 1
27 22034 1
27 19480 1
27 4123 1
27 22557 1
27 2594 1
27 20010 1
27 3627 2
27 20012 1
27 15209 1
27 1074 1
27 1591 1
27 4276 1
27 19514 1
27 8765 1
27 10817 1
27 12354 1
27 8771 1
27 8260 1
27 12360 1
27 22601 1
27 21586 4
27 4180 1
27 18005 1
27 5718 1
27 10337 1
27 18022 1
27 12390 1
27 6759 1
27 3176 1
27 6761 1
27 21104 1
27 6760 3
27 21619 1
27 9065 1
27 14969 1
27 15994 1
27 18051 1
27 13445 1
27 646 1
27 14492 1
27 7329 1
27 16547 1
27 13478 2
27 16049 1
27 13490 1
27 19124 3
27 4277 1
27 7867 1
27 8892 4
27 19133 1
27 20256 1
27 2243 1
27 2244 1
27 20167 1
27 20168 2
27 13514 2
27 13516 1
27 3281 1
27 17106 2
27 14037 1
27 6875 1
27 15581 1
27 735 1
27 10464 12
27 10467 1
27 22245 2
27 6375 1
27 10985 1
27 14574 1
27 20720 2
27 20722 1
27 14291 1
27 1270 1
27 13053 1
27 14088 1
27 3340 1
27 10510 1
27 2835 1
27 7960 1
27 797 2
27 14725 1
27 7968 1
27 2343 1
27 5934 1
27 15666 1
27 7475 1
27 12089 1
27 6367 1
27 20285 1
27 15584 1
27 17225 1
27 17229 1
27 12110 2
27 16209 1
27 17209 1
27 12120 1
27 2394 1
27 3419 1
27 861 1
27 7010 1
27 2915 1
27 18793 1
27 745 1
27 9069 5
27 11632 2
27 13685 1
27 12663 1
27 8568 1
27 12665 1
27 12670 1
27 2944 1
27 14721 1
27 9092 1
27 2949 1
27 16774 1
27 16775 1
27 15754 1
27 2955 1
27 20877 1
27 22418 3
27 11672 1
27 414 1
27 13730 1
27 4003 1
27 10857 1
27 7594 1
27 16301 1
27 16814 1
27 15432 1
27 11192 1
27 9145 1
27 11708 1
27 22464 3
27 19907 1
27 4037 1
27 13255 1
27 3528 5
27 15817 1
27 15818 1
27 4002 1
27 9167 2
27 17872 5
27 2003 1
27 17881 3
27 4602 1
27 993 1
27 15856 1
27 5623 1
27 18426 1
27 11771 1
27 15869 1
28 7680 1
28 12288 1
28 12803 1
28 19460 1
28 19463 1
28 4111 1
28 22032 1
28 13847 1
28 13849 1
28 22044 1
28 11815 1
28 22571 1
28 3629 1
28 15709 1
28 7217 1
28 22070 1
28 3643 1
28 3647 1
28 22368 1
28 8260 2
28 12870 1
28 7241 1
28 13389 1
28 11855 1
28 21586 1
28 13411 1
28 10340 1
28 17000 1
28 3260 1
28 2666 1
28 17013 1
28 6263 1
28 18553 2
28 14970 1
28 13435 1
28 15486 1
28 3520 1
28 130 1
28 12481 1
28 1163 2
28 9874 1
28 16547 1
28 5800 1
28 9244 1
28 17067 1
28 19117 1
28 20168 1
28 8892 2
28 19133 3
28 10431 1
28 11969 1
28 7880 1
28 5321 1
28 15567 1
28 17105 1
28 20690 1
28 7380 1
28 10453 1
28 10464 5
28 13027 1
28 22245 1
28 742 1
28 8425 1
28 20722 2
28 14974 1
28 1278 1
28 2309 1
28 4364 1
28 14093 1
28 2835 1
28 6421 1
28 8988 1
28 8989 1
28 18212 2
28 8753 1
28 16775 1
28 1842 1
28 7988 1
28 20277 1
28 21305 2
28 12602 2
28 20285 1
28 4418 1
28 22464 1
28 17227 1
28 16209 1
28 10467 2
28 14677 1
28 3047 1
28 2394 1
28 20794 1
28 4960 1
28 7010 1
28 3943 1
28 7018 1
28 20843 1
28 9069 2
28 15216 1
28 7537 1
28 3954 1
28 10985 1
28 14713 1
28 3963 1
28 5501 1
28 16774 1
28 7559 1
28 2442 1
28 16787 1
28 12188 1
28 12704 1
28 15266 1
28 11684 1
28 16301 1
28 7088 1
28 1465 3
28 3515 1
28 1469 1
28 960 1
28 11714 1
28 4547 1
28 15300 1
28 7112 1
28 12746 1
28 15820 1
28 9687 1
28 12760 1
28 18911 1
28 3552 1
28 21841 1
28 11603 1
28 5623 3
28 11771 1
28 12799 1
29 12288 1
29 19460 1
29 6149 1
29 16301 1
29 1041 3
29 4116 1
29 13846 1
29 22551 1
29 13316 1
29 18975 1
29 15403 1
29 16430 1
29 3631 1
29 21995 1
29 9792 1
29 9794 1
29 3652 1
29 19553 1
29 15432 1
29 585 2
29 19019 1
29 15436 1
29 21586 4
29 13910 1
29 12897 1
29 10340 1
29 22119 1
29 21609 1
29 18540 1
29 5746 1
29 17013 1
29 10875 1
29 6269 1
29 13950 2
29 13951 1
29 5760 1
29 18055 1
29 19595 1
29 11714 1
29 1167 1
29 5264 1
29 1169 1
29 13979 1
29 16546 1
29 22188 1
29 16049 1
29 6687 1
29 19133 2
29 4289 1
29 20168 1
29 9423 1
29 14032 1
29 17105 1
29 17106 1
29 9167 2
29 4831 1
29 10464 1
29 10467 3
29 5864 1
29 22252 1
29 18162 1
29 5246 1
29 18686 1
29 8961 1
29 3340 1
29 3353 1
29 7451 2
29 20256 1
29 18209 1
29 18212 3
29 8327 1
29 18225 1
29 16691 1
29 19764 2
29 8502 1
29 21305 2
29 17632 1
29 16194 1
29 3395 3
29 5448 1
29 12106 1
29 10573 1
29 13453 1
29 5456 1
29 12625 1
29 14677 1
29 9047 1
29 18267 1
29 16224 1
29 7011 1
29 3943 1
29 15723 1
29 364 1
29 21878 1
29 12151 1
29 8063 1
29 18819 1
29 16774 1
29 1415 1
29 7560 1
29 906 1
29 21902 1
29 10136 1
29 22418 1
29 11672 1
29 14751 1
29 4000 1
29 18851 1
29 11684 5
29 20722 2
29 15791 1
29 12360 1
29 3508 1
29 7095 1
29 11192 1
29 1465 2
29 8636 1
29 11710 1
29 22464 2
29 20384 2
29 16834 1
29 11726 1
29 463 1
29 1496 1
29 18911 1
29 19938 1
29 19939 1
29 489 1
29 8683 1
29 11760 1
29 9201 1
29 4364 1
30 12288 1
30 9329 1
30 16915 1
30 4116 1
30 8726 1
30 15903 1
30 3621 1
30 20519 1
30 3631 1
30 9777 1
30 1076 1
30 1591 1
30 13880 1
30 19514 1
30 20542 1
30 9791 1
30 13890 1
30 4675 1
30 22086 1
30 583 1
30 585 2
30 21586 1
30 13910 1
30 18528 1
30 18022 2
30 9831 1
30 9832 1
30 11708 1
30 18023 1
30 18030 1
30 21617 1
30 626 1
30 22133 1
30 633 1
30 13951 1
30 128 1
30 5765 1
30 646 1
30 15508 1
30 4881 1
30 13478 1
30 10407 1
30 19626 1
30 4267 1
30 14509 1
30 21692 1
30 12481 1
30 22223 1
30 17106 1
30 7897 1
30 11471 1
30 15580 1
30 10464 2
30 10467 1
30 18155 1
30 7408 2
30 20722 1
30 13937 1
30 22264 1
30 12026 1
30 7937 1
30 775 1
30 4364 1
30 7952 1
30 11537 1
30 3353 1
30 7968 1
30 18209 1
30 19238 1
30 2343 1
30 5934 2
30 15666 1
30 10555 1
30 6461 1
30 16197 1
30 17225 2
30 9546 1
30 3408 1
30 12625 3
30 1763 1
30 9047 1
30 4441 1
30 14682 1
30 2410 1
30 364 1
30 3949 1
30 8568 1
30 3647 1
30 8062 1
30 1922 1
30 907 1
30 10638 1
30 22418 1
30 16787 1
30 4000 2
30 11684 2
30 3497 2
30 3498 1
30 19384 1
30 9145 1
30 8636 2
30 20418 1
30 19519 1
30 464 1
30 14291 1
30 20464 1
30 5623 1
30 11771 1
30 11434 1
30 18208 1
31 12288 1
31 7680 1
31 7766 1
31 20494 1
31 12816 1
31 1044 1
31 22551 6
31 1048 2
31 9246 1
31 6687 1
31 9760 2
31 11821 1
31 8238 5
31 8753 1
31 13884 1
31 1597 1
31 13376 1
31 20545 1
31 3652 2
31 15432 2
31 15434 1
31 21586 2
31 18005 1
31 7254 1
31 1465 1
31 3674 1
31 18013 1
31 3176 1
31 15548 1
31 17004 1
31 5746 1
31 14526 1
31 17526 1
31 17532 1
31 5246 1
31 129 2
31 130 2
31 6790 1
31 19764 1
31 21132 1
31 1167 1
31 13969 1
31 3220 2
31 662 1
31 7325 1
31 16544 1
31 683 3
31 10928 1
31 14513 1
31 12471 1
31 11449 2
31 11295 1
31 8892 1
31 7870 1
31 12481 1
31 21189 1
31 16588 1
31 8908 1
31 17626 1
31 13532 1
31 15581 1
31 7904 1
31 8421 1
31 2278 1
31 7399 1
31 10985 1
31 7409 1
31 14583 1
31 22266 1
31 18686 1
31 7938 1
31 19719 1
31 3344 1
31 2834 1
31 4886 1
31 281 1
31 5936 2
31 16177 1
31 1844 1
31 2873 1
31 16190 1
31 20384 1
31 5958 1
31 19783 1
31 14668 1
31 14672 1
31 14673 1
31 3413 1
31 14682 2
31 22369 1
31 13159 1
31 364 1
31 2949 1
31 3649 1
31 19340 1
31 909 1
31 11662 1
31 7055 2
31 22418 3
31 13516 1
31 11672 2
31 13723 3
31 13725 1
31 20382 1
31 13727 1
31 12192 1
31 4002 2
31 11684 1
31 3313 1
31 7069 1
31 3060 1
31 19388 1
31 11709 1
31 16833 1
31 11714 1
31 20420 1
31 19398 1
31 15818 1
31 9167 1
31 12026 1
31 18911 1
31 9704 1
31 2025 1
31 11760 4
31 8180 1
31 502 1
31 15869 1
32 12288 2
32 7684 1
32 16902 1
32 12616 1
32 20494 1
32 22032 2
32 22551 3
32 1048 2
32 19460 1
32 22557 2
32 2596 1
32 8236 6
32 20914 1
32 8238 1
32 8752 1
32 3636 1
32 19509 1
32 3647 1
32 3652 2
32 11850 2
32 588 1
32 8781 1
32 21586 2
32 18005 1
32 9145 1
32 13912 1
32 3171 1
32 16998 2
32 3175 1
32 5232 1
32 5233 1
32 873 1
32 129 3
32 130 1
32 132 1
32 13445 1
32 646 1
32 14985 1
32 13969 1
32 5267 2
32 3220 3
32 13980 1
32 16544 1
32 14448 1
32 16547 1
32 13478 1
32 10409 1
32 22188 1
32 11293 1
32 4276 1
32 5301 4
32 12471 2
32 11449 4
32 19131 1
32 8892 2
32 19133 1
32 7870 1
32 21696 1
32 5321 1
32 16075 1
32 719 1
32 4304 1
32 4818 1
32 18645 1
32 13030 1
32 10985 1
32 13548 1
32 7408 1
32 3313 1
32 1266 1
32 14583 3
32 14584 5
32 16121 2
32 21841 1
32 18686 1
32 18185 1
32 20234 1
32 4364 1
32 15119 1
32 3344 1
32 5934 1
32 19588 1
32 2343 1
32 16430 1
32 3881 1
32 7982 1
32 16176 1
32 14649 1
32 1076 1
32 5448 1
32 1420 1
32 14668 1
32 18769 1
32 5970 1
32 5971 1
32 7508 2
32 15991 1
32 21305 1
32 14682 1
32 13161 3
32 19943 1
32 19519 1
32 7514 1
32 6014 1
32 13697 1
32 8579 3
32 901 1
32 13704 1
32 16779 1
32 7564 1
32 16272 1
32 22418 1
32 11157 1
32 7069 2
32 20384 1
32 4002 4
32 1959 3
32 7410 2
32 1457 1
32 6066 1
32 8628 1
32 1465 1
32 11708 4
32 11709 1
32 4000 1
32 11714 1
32 12746 1
32 9167 2
32 14807 1
32 19939 1
32 14673 3
32 8171 1
32 11760 3
32 10225 1
32 3058 1
32 9043 1
32 16373 1
32 505 1
32 18426 2
32 15869 2
33 5635 1
33 19460 2
33 1542 1
33 7178 2
33 12816 1
33 3090 1
33 4116 1
33 15278 1
33 15384 1
33 22553 1
33 4122 1
33 10268 1
33 22557 1
33 6687 1
33 6372 1
33 15907 1
33 4647 2
33 8749 2
33 8752 1
33 16437 1
33 11850 2
33 8779 1
33 8270 1
33 11856 1
33 21586 4
33 22100 6
33 18005 1
33 9124 1
33 8797 1
33 7778 1
33 20155 1
33 18022 1
33 16998 1
33 18023 1
33 19900 1
33 3175 1
33 1554 1
33 15982 1
33 11887 1
33 14448 1
33 13937 1
33 10515 2
33 21946 1
33 18562 2
33 13445 1
33 7303 1
33 21642 1
33 20108 1
33 5267 1
33 4267 2
33 12825 1
33 6809 1
33 13467 1
33 11632 1
33 4774 3
33 4263 1
33 10922 1
33 13255 1
33 19124 1
33 12471 1
33 8376 1
33 9247 1
33 15548 1
33 19133 4
33 6847 1
33 21696 2
33 11969 1
33 20167 4
33 19148 1
33 19147 1
33 13516 1
33 718 1
33 9424 1
33 4818 1
33 10452 1
33 22232 1
33 7897 1
33 15579 1
33 10972 1
33 10407 3
33 10974 1
33 10975 1
33 740 1
33 22252 1
33 3311 1
33 19716 3
33 15621 1
33 4364 2
33 7952 1
33 17112 1
33 2835 1
33 9761 1
33 13078 1
33 17113 1
33 7960 1
33 8989 1
33 798 1
33 18212 1
33 12585 1
33 7390 1
33 21305 1
33 12602 1
33 7483 1
33 10890 1
33 13632 1
33 22340 1
33 19782 1
33 12110 1
33 5969 1
33 14677 2
33 6489 1
33 22369 3
33 7010 1
33 2923 1
33 9069 1
33 10096 1
33 18289 1
33 13683 1
33 12151 1
33 12153 1
33 5501 1
33 16704 1
33 1922 1
33 3563 1
33 2949 1
33 15751 2
33 18852 2
33 7052 1
33 19344 1
33 22418 3
33 15903 1
33 20292 1
33 21914 1
33 20384 2
33 9121 1
33 11684 2
33 8006 1
33 19367 1
33 4011 1
33 16302 1
33 11193 1
33 1466 1
33 1467 1
33 11708 1
33 11709 1
33 8609 1
33 22464 1
33 7617 1
33 20418 1
33 21446 1
33 7623 1
33 15820 1
33 9167 2
33 4049 1
33 14291 1
33 20388 1
33 5089 1
33 17892 1
33 13289 1
33 10218 1
33 15339 1
33 14525 1
33 1526 1
33 11255 1
33 11258 1
34 12288 1
34 19460 4
34 10246 1
34 6155 1
34 7694 1
34 12815 1
34 3758 1
34 22557 1
34 4647 1
34 20524 1
34 16430 1
34 9777 1
34 1074 1
34 3636 1
34 12341 1
34 12344 1
34 14016 1
34 7230 1
34 12354 1
34 15432 1
34 11850 1
34 588 2
34 18510 1
34 3674 1
34 15717 1
34 22119 1
34 10642 1
34 14448 1
34 6773 1
34 15993 1
34 6778 1
34 22463 1
34 17024 1
34 21633 1
34 9860 1
34 4238 1
34 13969 1
34 18584 1
34 6306 1
34 17062 1
34 7335 1
34 4776 1
34 7964 1
34 21166 1
34 16049 1
34 19124 3
34 5301 1
34 19133 1
34 5824 1
34 20165 1
34 14033 2
34 14035 1
34 22232 1
34 4831 1
34 7397 1
34 13030 1
34 1233 1
34 7400 1
34 22252 1
34 17141 2
34 6401 1
34 4868 1
34 16133 1
34 4225 1
34 4364 3
34 19598 1
34 20014 1
34 16662 1
34 8988 1
34 1827 1
34 17229 1
34 15149 2
34 19246 1
34 7471 2
34 1844 1
34 7477 1
34 8502 1
34 2873 1
34 19771 1
34 12604 2
34 16701 2
34 831 1
34 6464 1
34 16194 1
34 4941 1
34 12110 1
34 909 1
34 11918 1
34 4438 1
34 7013 1
34 2407 1
34 1340 1
34 5995 1
34 9069 1
34 19263 1
34 17790 1
34 13186 1
34 15751 1
34 10636 1
34 4493 1
34 910 1
34 7570 1
34 2451 1
34 10644 2
34 11157 1
34 21399 1
34 409 1
34 5019 1
34 15266 4
34 5551 1
34 7600 1
34 12788 1
34 8636 1
34 7101 1
34 4542 1
34 13759 1
34 22464 2
34 11714 1
34 967 1
34 15820 1
34 4046 1
34 9167 2
34 9684 1
34 4942 1
34 17218 1
34 16891 1
34 17892 1
34 13287 1
34 20969 1
34 12778 1
34 10219 1
34 11251 1
34 8180 1
34 5623 2
34 11771 2
34 15869 1
34 14677 3
35 16385 1
35 19460 1
35 5127 1
35 7178 1
35 14860 1
35 21012 1
35 22551 3
35 22557 1
35 16133 1
35 22571 1
35 5684 1
35 12342 1
35 1591 1
35 10814 1
35 20547 2
35 10311 1
35 13389 1
35 21586 3
35 18005 2
35 19553 2
35 18022 1
35 7785 1
35 21613 1
35 22133 1
35 6776 1
35 15486 1
35 13951 1
35 15808 1
35 2179 1
35 6791 1
35 14473 1
35 19595 1
35 15512 3
35 10408 1
35 10928 1
35 3255 1
35 2745 1
35 15903 1
35 8892 1
35 19133 2
35 21696 1
35 20256 1
35 8387 1
35 13516 1
35 2766 1
35 16592 1
35 632 1
35 12505 2
35 12507 1
35 12510 2
35 8145 1
35 12010 1
35 3313 1
35 7410 1
35 1269 1
35 18175 1
35 12544 1
35 8449 1
35 15621 6
35 4359 1
35 7432 2
35 7433 1
35 2835 1
35 7960 2
35 7963 2
35 15648 1
35 1827 1
35 20103 1
35 7471 1
35 1841 1
35 19764 2
35 21305 2
35 10555 1
35 19263 1
35 17218 4
35 15175 2
35 17228 2
35 9729 1
35 9047 1
35 14682 1
35 22369 1
35 19810 1
35 8549 1
35 3943 1
35 19816 1
35 5994 1
35 9072 1
35 20343 1
35 17788 1
35 12671 1
35 12676 4
35 9606 1
35 395 1
35 9100 2
35 909 1
35 910 1
35 8086 1
35 5017 2
35 5019 1
35 12190 1
35 20384 1
35 18851 1
35 16804 1
35 7409 1
35 5551 2
35 12212 1
35 18357 1
35 22457 1
35 11708 1
35 11710 1
35 11711 1
35 22464 1
35 11714 3
35 13255 1
35 4558 1
35 9169 1
35 18393 1
35 15837 1
35 10208 1
35 14314 1
35 7154 1
35 14324 1
35 5623 1
35 16888 2
35 8187 1
35 5118 1
35 5717 1
36 12288 1
36 13833 1
36 12816 1
36 22551 2
36 14876 1
36 16430 1
36 14898 1
36 3636 2
36 20026 1
36 10814 2
36 3650 1
36 21586 3
36 16468 2
36 16470 1
36 3679 2
36 7777 1
36 16998 1
36 3175 1
36 6761 1
36 10357 1
36 17016 1
36 14974 2
36 10370 1
36 2179 3
36 646 1
36 3723 1
36 13973 1
36 6809 2
36 4255 1
36 10408 1
36 11434 1
36 683 1
36 22188 1
36 2745 1
36 18113 1
36 4304 1
36 19672 1
36 7897 1
36 7899 1
36 13532 1
36 10973 1
36 10464 1
36 464 1
36 7901 1
36 7396 1
36 16616 1
36 13950 1
36 11524 1
36 2309 1
36 18185 6
36 20236 1
36 6786 1
36 8238 1
36 20783 1
36 19243 1
36 18222 1
36 7471 1
36 1844 1
36 12600 1
36 12602 1
36 9536 1
36 16201 1
36 8012 1
36 21841 1
36 7514 1
36 22368 1
36 15715 2
36 2407 2
36 5994 1
36 14703 1
36 8062 1
36 3392 1
36 16771 1
36 5004 1
36 1421 1
36 10129 1
36 22418 3
36 7579 1
36 4000 3
36 15269 1
36 11182 1
36 1465 1
36 19900 2
36 11709 1
36 7584 1
36 15311 1
36 14800 1
36 4055 1
36 8684 1
36 16366 1
36 11760 1
36 12787 1
36 5625 2
37 12288 1
37 13316 1
37 13912 1
37 20494 1
37 12815 6
37 12816 2
37 15448 4
37 18962 1
37 16915 1
37 22551 4
37 19460 1
37 6831 1
37 22557 2
37 17438 1
37 6687 1
37 12835 2
37 20519 1
37 17961 1
37 1578 1
37 22571 1
37 8749 1
37 13358 1
37 2099 1
37 3636 1
37 22585 1
37 10812 1
37 71 2
37 15432 1
37 11850 3
37 11855 2
37 21586 3
37 17494 1
37 5208 1
37 22032 2
37 15971 2
37 18022 1
37 21609 1
37 18540 1
37 1469 1
37 21617 1
37 21618 2
37 11604 1
37 3190 1
37 10857 1
37 4249 1
37 6421 1
37 13440 3
37 129 1
37 3392 1
37 3206 2
37 7306 1
37 13451 1
37 13457 1
37 2243 1
37 7319 1
37 14489 1
37 5276 1
37 16543 1
37 7451 2
37 6310 1
37 13937 2
37 6826 1
37 17067 1
37 22188 1
37 10636 2
37 17071 1
37 6833 6
37 2394 1
37 15539 1
37 19124 7
37 2742 1
37 2743 2
37 11449 1
37 8892 3
37 19133 8
37 14709 1
37 18112 1
37 8898 1
37 2755 1
37 20165 1
37 15487 1
37 13516 1
37 718 1
37 719 1
37 721 1
37 19156 1
37 22232 1
37 10972 2
37 21727 1
37 2273 1
37 19172 1
37 2279 1
37 6377 3
37 21227 1
37 19180 1
37 4333 1
37 489 1
37 3313 1
37 9458 1
37 1269 1
37 1321 1
37 16120 4
37 20177 1
37 17659 1
37 17660 1
37 8957 2
37 14081 1
37 12331 1
37 2309 1
37 14088 1
37 4364 1
37 4877 2
37 4366 3
37 4879 1
37 21264 1
37 17681 1
37 2834 1
37 21267 1
37 4884 1
37 21781 1
37 6423 1
37 11547 2
37 8988 1
37 8989 1
37 20256 1
37 11555 1
37 6790 1
37 19238 1
37 11049 1
37 2860 1
37 20269 1
37 7471 3
37 1425 1
37 1844 1
37 22196 1
37 21814 1
37 12089 2
37 16190 1
37 21312 1
37 3393 1
37 1858 1
37 1163 2
37 2873 1
37 3553 2
37 6984 3
37 1420 1
37 20300 1
37 4942 1
37 3408 1
37 12625 1
37 18772 1
37 17806 2
37 9047 1
37 4440 1
37 6489 1
37 14682 1
37 18267 1
37 8028 1
37 15168 1
37 22369 2
37 4451 1
37 18577 1
37 8556 1
37 9069 1
37 13681 1
37 15166 2
37 745 1
37 1403 2
37 11645 1
37 20353 2
37 18818 1
37 1138 1
37 1415 1
37 22252 1
37 906 1
37 7575 1
37 1932 1
37 5929 1
37 20878 1
37 4497 1
37 20882 2
37 3991 2
37 11672 1
37 7296 1
37 13723 2
37 7069 1
37 3568 1
37 931 1
37 18853 1
37 16301 1
37 15279 3
37 5044 1
37 5760 1
37 1467 2
37 13244 1
37 11709 1
37 18367 1
37 22464 2
37 16833 1
37 11714 1
37 21957 3
37 7110 2
37 21960 2
37 12746 1
37 15820 1
37 8655 1
37 9171 1
37 10206 1
37 10721 1
37 16891 1
37 4073 1
37 3562 1
37 3564 1
37 15442 1
37 11760 1
37 3060 1
37 16373 1
37 16374 1
37 15863 1
37 19595 1
37 4602 2
37 5627 1
38 12288 1
38 6145 1
38 8194 1
38 13316 1
38 12816 5
38 6173 1
38 2596 1
38 16049 1
38 9262 1
38 1074 1
38 3650 1
38 11835 1
38 13887 1
38 12352 1
38 15425 1
38 12354 1
38 12360 1
38 11851 3
38 11855 5
38 11856 2
38 15448 2
38 18016 1
38 17424 2
38 15971 1
38 4708 1
38 18022 1
38 15976 1
38 10857 1
38 18540 2
38 13937 5
38 21618 1
38 10867 1
38 15476 1
38 6773 1
38 17016 1
38 13438 1
38 20098 1
38 15491 1
38 7303 2
38 19592 1
38 7306 1
38 16011 1
38 12940 1
38 14477 1
38 17042 2
38 3220 1
38 18077 1
38 12446 1
38 6823 1
38 19113 1
38 6826 2
38 4779 1
38 1138 1
38 11438 1
38 6833 6
38 11442 1
38 5811 1
38 19124 7
38 13493 1
38 8379 1
38 19133 2
38 21696 2
38 18113 1
38 17608 1
38 718 1
38 5843 2
38 22232 1
38 6876 1
38 7392 1
38 7397 1
38 6375 2
38 12008 1
38 6377 4
38 4331 1
38 7418 1
38 8957 2
38 8958 1
38 10495 1
38 1280 1
38 18689 1
38 19718 1
38 775 1
38 4873 2
38 3339 1
38 4364 1
38 20237 1
38 4366 3
38 21267 1
38 16430 1
38 21783 1
38 15128 1
38 8989 4
38 13605 1
38 21814 1
38 21305 1
38 12602 1
38 7483 1
38 16704 1
38 16705 1
38 15170 1
38 8502 1
38 17225 1
38 20303 2
38 12625 1
38 7308 1
38 14677 1
38 18267 2
38 13883 1
38 4497 1
38 8040 1
38 5993 1
38 5996 1
38 9069 3
38 6000 1
38 20343 1
38 8568 1
38 1408 1
38 1413 1
38 1414 1
38 1420 1
38 4493 1
38 4496 2
38 1425 1
38 13723 1
38 7584 1
38 3568 1
38 15266 4
38 15426 1
38 9129 1
38 15275 1
38 7601 1
38 14262 1
38 10636 1
38 3005 1
38 12734 1
38 22464 1
38 21957 1
38 21446 1
38 21960 3
38 9167 1
38 10195 1
38 7638 1
38 14807 1
38 3553 8
38 3562 2
38 494 1
38 11760 2
38 10225 1
38 16372 1
38 16374 1
38 15863 1
38 15864 1
38 5625 1
38 11946 1
39 7680 1
39 13316 1
39 12815 3
39 17424 1
39 22551 1
39 1054 1
39 15903 2
39 4647 1
39 9268 1
39 6770 1
39 13887 2
39 12352 1
39 12354 1
39 8261 1
39 12360 1
39 13389 2
39 591 1
39 15441 1
39 21586 4
39 15955 1
39 5207 2
39 15448 3
39 15449 1
39 17506 1
39 17083 1
39 18532 1
39 13937 2
39 1650 1
39 17013 1
39 17016 2
39 18042 1
39 18051 1
39 7303 2
39 14475 1
39 10381 1
39 5264 1
39 657 1
39 1174 1
39 14489 2
39 18076 1
39 18077 2
39 9887 2
39 13985 1
39 15522 1
39 5285 1
39 6826 1
39 13255 1
39 6828 1
39 1138 1
39 6833 5
39 16054 1
39 10938 1
39 11963 1
39 8892 2
39 19133 2
39 18113 1
39 21194 1
39 3277 2
39 22224 1
39 5841 1
39 6867 1
39 22232 1
39 7897 1
39 7901 1
39 4831 1
39 5840 1
39 8421 1
39 5351 2
39 16616 2
39 6377 1
39 18156 1
39 20177 1
39 10999 1
39 20730 1
39 22267 1
39 8957 3
39 10495 1
39 14592 1
39 19204 1
39 12673 1
39 17163 1
39 4364 2
39 4366 1
39 17680 1
39 17170 1
39 19734 2
39 15128 1
39 22297 1
39 17184 1
39 801 1
39 6778 1
39 4289 1
39 19591 3
39 7471 1
39 8502 1
39 14649 1
39 4414 1
39 16194 1
39 11075 1
39 5601 1
39 17225 1
39 20300 1
39 12110 1
39 20818 1
39 3411 1
39 14677 2
39 22368 1
39 22369 2
39 6791 1
39 7057 1
39 15994 1
39 6000 1
39 5996 1
39 9069 1
39 15216 1
39 13681 1
39 15166 1
39 8568 1
39 12351 1
39 20353 2
39 1410 1
39 16260 1
39 901 1
39 16774 1
39 14743 1
39 10636 1
39 4497 1
39 6809 1
39 409 1
39 17818 2
39 3568 1
39 15266 1
39 22343 1
39 12716 1
39 12852 1
39 15281 1
39 8626 1
39 435 1
39 7092 1
39 14262 1
39 3060 1
39 13755 1
39 8636 2
39 3517 1
39 12734 3
39 3519 1
39 22464 1
39 9666 1
39 13766 1
39 8647 1
39 16846 1
39 11855 2
39 10206 1
39 3553 6
39 19938 1
39 4579 1
39 15855 2
39 11760 2
39 10225 1
39 14836 1
39 18175 1
40 12288 1
40 13316 2
40 17424 1
40 2220 1
40 10762 1
40 12815 1
40 12816 1
40 17428 1
40 6830 1
40 19460 1
40 2078 1
40 3106 1
40 18267 2
40 2596 1
40 4647 1
40 22571 1
40 4146 1
40 12852 1
40 7223 1
40 11835 1
40 13887 2
40 17484 1
40 13389 1
40 13445 1
40 21586 5
40 4366 3
40 15449 1
40 22032 1
40 12390 1
40 18022 2
40 9831 1
40 8636 2
40 22119 2
40 18028 2
40 11471 1
40 15476 1
40 10359 1
40 4217 2
40 13435 1
40 22464 3
40 14469 1
40 19591 3
40 19592 1
40 14985 1
40 7306 1
40 20109 1
40 21357 1
40 19993 1
40 3227 1
40 18077 1
40 13986 1
40 6826 3
40 8647 1
40 6828 3
40 685 1
40 4782 2
40 16049 2
40 19124 1
40 11294 1
40 16054 1
40 8892 4
40 19133 2
40 21696 1
40 9924 1
40 5319 1
40 14537 1
40 17099 1
40 14543 2
40 19157 1
40 22232 1
40 7897 1
40 1371 1
40 12495 1
40 10972 1
40 6375 2
40 12009 1
40 22252 1
40 17140 1
40 4526 1
40 13049 1
40 12026 1
40 14592 1
40 555 1
40 2309 1
40 4364 1
40 15117 2
40 19726 1
40 10265 1
40 9432 1
40 2834 1
40 4886 1
40 21784 1
40 19737 1
40 8988 3
40 4382 1
40 645 1
40 1825 1
40 15579 1
40 1833 1
40 17194 1
40 7471 2
40 17200 1
40 21305 1
40 12602 1
40 12604 1
40 7485 3
40 9268 1
40 13632 1
40 3395 1
40 22340 1
40 17229 2
40 12110 1
40 11600 1
40 12625 1
40 1874 1
40 14677 1
40 4438 2
40 9047 1
40 2394 1
40 3419 1
40 4496 1
40 10129 1
40 8040 1
40 11196 1
40 9069 4
40 15216 2
40 20854 2
40 8568 1
40 18809 1
40 18495 1
40 12673 1
40 16771 1
40 11927 1
40 4492 1
40 10128 1
40 4497 2
40 1426 1
40 16276 1
40 14751 1
40 4000 3
40 15777 1
40 15273 1
40 4011 1
40 1454 1
40 5551 2
40 7600 1
40 8626 1
40 5047 1
40 15800 1
40 19900 1
40 12735 1
40 9152 2
40 11714 1
40 15376 1
40 13767 1
40 21960 1
40 12746 1
40 4601 1
40 20952 1
40 10206 1
40 3553 2
40 12770 1
40 3067 1
40 21841 1
40 11760 2
40 3065 1
40 11771 1
40 6652 1
40 16893 1
41 13316 2
41 1110 1
41 7303 2
41 8236 1
41 13887 1
41 4364 1
41 21262 1
41 12307 1
41 15508 1
41 16661 1
41 21910 1
41 7907 1
41 19736 1
41 13956 1
41 797 1
41 2078 1
41 18975 1
41 20384 1
41 5541 1
41 7463 1
41 10408 1
41 4647 1
41 22442 1
41 4011 1
41 11180 1
41 3629 1
41 1844 1
41 9141 1
41 16054 1
41 7223 1
41 3636 1
41 15903 2
41 8636 2
41 9022 1
41 22133 1
41 9152 1
41 4868 1
41 15170 1
41 20803 1
41 17350 1
41 3553 1
41 2359 1
41 10636 2
41 4554 1
41 12471 1
41 13389 1
41 3278 1
41 14543 1
41 19408 1
41 21586 2
41 9171 1
41 14677 4
41 4438 1
41 5433 1
41 7479 1
41 1019 1
41 13116 1
41 4263 1
41 21613 2
41 13682 1
41 19347 1
41 17013 1
41 13174 1
41 16763 1
41 11771 1
41 2812 1
41 9469 1
41 22271 1
