1 22017 1
1 18180 1
1 5 1
1 8198 1
1 7937 1
1 18185 1
1 4364 1
1 8079 1
1 20882 1
1 22167 1
1 18116 1
1 8988 1
1 10269 1
1 12190 1
1 15903 1
1 20384 1
1 13985 1
1 7430 1
1 4007 1
1 20209 1
1 12202 1
1 12805 1
1 14509 1
1 3375 1
1 21814 1
1 5394 1
1 12089 2
1 18463 1
1 20284 1
1 3146 1
1 12734 1
1 20256 1
1 11714 1
1 13252 2
1 950 1
1 6345 1
1 9290 1
1 13388 1
1 14546 1
1 14677 1
1 15448 1
1 18905 1
1 3289 1
1 9887 1
1 2271 1
1 18528 1
1 21476 1
1 8684 1
1 2642 1
1 20463 1
1 18289 1
1 1140 1
1 12799 1
1 17016 1
1 17785 1
1 1147 1
1 18815 1
2 14336 1
2 9729 1
2 8961 1
2 6155 1
2 11791 1
2 8208 1
2 12888 1
2 22557 5
2 11817 1
2 3627 1
2 3629 1
2 9777 1
2 4146 1
2 11832 1
2 22585 1
2 17466 1
2 2911 3
2 8260 1
2 587 1
2 1100 1
2 16468 1
2 2645 1
2 2134 1
2 15448 1
2 15971 1
2 16998 1
2 11793 1
2 11392 1
2 21613 1
2 1140 8
2 1141 1
2 11385 1
2 11898 1
2 10366 1
2 17535 1
2 5248 1
2 11913 1
2 13388 1
2 4759 1
2 3524 1
2 13979 1
2 9380 2
2 21161 1
2 22186 1
2 17583 1
2 19124 2
2 13516 2
2 9435 2
2 8927 1
2 2278 1
2 14592 1
2 7937 1
2 3332 2
2 17671 1
2 5896 1
2 11529 1
2 267 1
2 268 1
2 7471 5
2 8988 1
2 17184 1
2 7472 1
2 17188 1
2 7463 3
2 21295 2
2 3888 1
2 12081 1
2 3386 1
2 9033 1
2 14677 2
2 9047 2
2 16223 2
2 22368 1
2 9069 1
2 18808 1
2 19348 1
2 4986 1
2 9595 1
2 10625 1
2 11652 1
2 9816 1
2 22418 3
2 916 1
2 920 1
2 19359 1
2 20384 2
2 20389 1
2 22442 2
2 19887 1
2 12216 3
2 8193 1
2 15808 1
2 19396 2
2 4037 1
2 4038 1
2 6599 1
2 3528 1
2 21449 1
2 20429 1
2 14291 1
2 9684 1
2 9687 1
2 17881 1
2 22499 1
2 17895 1
2 2025 1
2 15863 1
2 5112 1
2 6652 1
2 14334 1
3 18688 1
3 9729 1
3 8067 1
3 12805 1
3 19718 1
3 20203 1
3 19209 1
3 9227 1
3 4364 1
3 11791 1
3 13388 1
3 3601 1
3 3395 1
3 10644 2
3 5397 1
3 10006 1
3 11800 1
3 17818 2
3 13979 1
3 10012 1
3 22557 2
3 20384 1
3 2337 1
3 11555 1
3 20260 1
3 8869 1
3 18344 1
3 3369 1
3 22442 1
3 8493 1
3 8568 1
3 7471 1
3 7089 1
3 12082 1
3 8307 1
3 9013 1
3 21814 1
3 12471 1
3 5285 1
3 12089 1
3 21295 1
3 13243 2
3 20798 1
3 16181 1
3 3392 1
3 8641 1
3 12354 1
3 16067 1
3 8260 1
3 19397 1
3 13255 1
3 13452 1
3 15671 1
3 13516 3
3 15096 1
3 1281 1
3 6741 1
3 855 2
3 15448 1
3 18393 1
3 8079 1
3 8992 1
3 2914 1
3 14509 1
3 8421 1
3 22119 1
3 22121 1
3 18283 1
3 18689 1
3 9069 7
3 14703 1
3 13937 1
3 12659 1
3 1140 1
3 1141 1
3 20470 1
3 3241 1
3 20856 1
3 16916 1
3 1147 3
3 22270 1
3 14677 1
4 6080 1
4 3332 1
4 15621 1
4 16193 1
4 19336 1
4 2443 2
4 17548 1
4 13516 3
4 22423 1
4 11162 1
4 13979 1
4 20468 1
4 5150 1
4 9247 1
4 17184 1
4 7451 1
4 18596 1
4 20519 1
4 20649 1
4 15403 1
4 8236 1
4 8238 1
4 3375 1
4 12212 1
4 12089 1
4 18746 1
4 13883 1
4 13884 1
4 15808 1
4 13249 1
4 15682 2
4 19397 1
4 4038 1
4 268 1
4 5450 2
4 587 1
4 13388 2
4 20047 1
4 19028 1
4 6741 2
4 9686 1
4 10972 1
4 9530 2
4 12510 1
4 17890 1
4 19172 1
4 6760 1
4 15982 1
4 243 1
4 1140 1
4 1141 2
4 22551 1
4 1147 1
4 14677 1
5 8579 1
5 18571 1
5 4364 1
5 2063 1
5 2064 1
5 19476 1
5 8238 1
5 22551 1
5 9755 1
5 22557 2
5 15451 1
5 22054 1
5 8236 1
5 7982 1
5 11708 1
5 5309 1
5 17854 1
5 6080 1
5 10379 1
5 5450 1
5 5451 1
5 13388 1
5 5197 1
5 22607 1
5 22608 1
5 12625 1
5 2899 2
5 18521 1
5 15194 1
5 20303 1
5 3943 2
5 1256 1
5 8043 1
5 20463 1
5 244 1
5 916 1
6 7938 1
6 13316 1
6 906 1
6 2903 1
6 4364 2
6 21516 1
6 2064 2
6 20882 1
6 12948 1
6 19990 1
6 17943 1
6 15609 1
6 2460 1
6 22557 1
6 5150 1
6 14495 1
6 7842 1
6 5155 2
6 16935 1
6 20010 3
6 2480 1
6 11827 1
6 20895 1
6 12341 1
6 9033 1
6 12216 1
6 4882 1
6 17467 1
6 20798 1
6 21557 1
6 16193 1
6 11714 1
6 21957 1
6 21900 1
6 5450 2
6 20429 1
6 593 1
6 2899 1
6 14677 1
6 9047 1
6 13528 1
6 3674 1
6 9435 1
6 7952 1
6 14689 1
6 15845 1
6 7016 1
6 2025 1
6 10730 1
6 22418 1
6 238 1
6 22551 1
6 18962 1
6 1141 1
6 17150 1
6 20856 1
6 16276 1
6 18042 1
6 16508 1
6 12842 1
6 9726 1
6 15615 1
7 7937 1
7 1669 1
7 14985 1
7 2063 2
7 18962 1
7 13459 1
7 18580 1
7 494 1
7 19990 1
7 22551 2
7 11162 1
7 11292 1
7 22426 1
7 5155 2
7 20010 2
7 12716 1
7 22557 1
7 15540 1
7 8375 1
7 19764 2
7 1468 1
7 12093 1
7 15682 2
7 3524 1
7 5450 1
7 631 1
7 13516 2
7 5965 1
7 20177 1
7 2899 2
7 22232 1
7 13532 2
7 605 1
7 22369 1
7 3171 1
7 6760 1
7 7278 1
7 10097 1
7 10359 1
8 1281 1
8 8579 1
8 3332 1
8 13445 1
8 12673 1
8 268 1
8 17806 1
8 13452 1
8 19348 1
8 17818 2
8 15773 1
8 4007 1
8 19114 1
8 8236 2
8 7471 1
8 18736 4
8 19764 2
8 19900 2
8 12354 1
8 14665 1
8 20429 1
8 18510 1
8 22098 1
8 17107 1
8 22414 1
8 22232 2
8 16220 1
8 14689 1
8 19939 1
8 21613 3
8 18030 4
8 20463 2
8 14579 1
8 11898 4
8 1147 1
9 13316 1
9 6149 1
9 22024 1
9 9047 1
9 11790 1
9 22551 2
9 3332 1
9 9755 1
9 11294 1
9 545 1
9 8236 1
9 1076 1
9 268 1
9 11850 1
9 18510 1
9 22098 1
9 6741 1
9 12891 1
9 9821 1
9 19042 1
9 21606 1
9 9831 1
9 6760 3
9 21613 3
9 18030 2
9 13937 2
9 1141 1
9 11898 1
9 1147 1
9 14462 1
9 12927 1
9 11392 1
9 14985 1
9 14475 1
9 13979 1
9 9887 1
9 19113 2
9 15541 1
9 4278 1
9 7869 1
9 4290 1
9 11973 1
9 5321 1
9 8906 1
9 18133 1
9 19204 1
9 15579 1
9 22245 1
9 15092 1
9 15096 1
9 7937 1
9 16131 1
9 4868 1
9 8454 1
9 4364 1
9 17688 1
9 15133 1
9 16679 1
9 7471 1
9 18736 2
9 4919 1
9 4660 1
9 20794 1
9 12093 2
9 831 1
9 13632 1
9 8515 1
9 14677 1
9 19286 1
9 855 2
9 6494 1
9 20329 1
9 8555 1
9 364 1
9 4413 1
9 9606 1
9 11662 1
9 10644 1
9 22423 1
9 16280 1
9 17818 1
9 15855 1
9 2460 1
9 11679 1
9 2464 1
9 20389 1
9 11181 1
9 8556 1
9 13242 1
9 19900 1
9 15808 1
9 11714 1
9 19396 1
9 19411 1
9 17876 1
9 9687 1
9 21980 1
9 17376 1
9 19938 1
9 20463 1
9 11768 1
9 4601 1
9 9726 1
10 7937 2
10 7688 1
10 22551 5
10 22557 1
10 15903 1
10 11808 1
10 20010 2
10 8236 1
10 1074 1
10 6709 1
10 16957 1
10 12354 1
10 587 1
10 12888 1
10 20571 1
10 13916 1
10 18528 1
10 3684 1
10 9831 1
10 6760 2
10 22119 1
10 11887 1
10 5746 1
10 1140 2
10 11381 1
10 15994 1
10 13952 1
10 14489 1
10 14495 1
10 19113 1
10 11453 1
10 6846 1
10 1141 1
10 18116 1
10 11973 1
10 18119 1
10 8906 1
10 13516 2
10 17869 1
10 19664 1
10 4818 1
10 10972 1
10 12026 1
10 8961 2
10 4868 1
10 5381 1
10 4364 1
10 17177 1
10 19740 1
10 4381 1
10 12064 1
10 4899 1
10 7644 1
10 14636 1
10 7471 1
10 3888 3
10 7646 1
10 9527 1
10 20292 1
10 12103 1
10 14677 1
10 20831 1
10 4960 2
10 3435 1
10 16238 1
10 16251 1
10 9094 1
10 20882 1
10 17811 1
10 10644 1
10 22426 1
10 15774 1
10 9121 1
10 4014 1
10 8636 1
10 11714 1
10 4038 1
10 3528 1
10 11213 1
10 17870 1
10 17872 2
10 17881 2
10 19419 1
10 19420 2
10 10206 1
10 3553 1
10 15845 1
10 11750 1
11 8961 1
11 7938 2
11 5252 1
11 13445 1
11 16135 3
11 364 1
11 4875 1
11 268 1
11 12354 2
11 2446 1
11 7055 1
11 7854 1
11 17881 1
11 19096 1
11 3332 1
11 17818 1
11 8988 3
11 12058 1
11 13316 1
11 20255 1
11 17188 1
11 22442 2
11 22188 1
11 22446 1
11 7471 1
11 3888 6
11 15160 1
11 22585 1
11 15903 1
11 19900 1
11 8684 1
11 6846 1
11 831 1
11 21312 1
11 11969 1
11 18114 1
11 3524 1
11 3528 3
11 9033 4
11 20427 1
11 844 1
11 17997 1
11 11600 3
11 593 1
11 19411 1
11 9684 1
11 9686 1
11 3257 1
11 6489 1
11 2394 2
11 3676 1
11 8797 1
11 6496 1
11 17872 1
11 2407 1
11 6760 1
11 7659 1
11 20076 3
11 21613 1
11 20463 1
11 3392 1
11 22386 1
11 18803 1
11 1140 1
11 11381 1
11 18808 1
11 11385 1
11 22266 1
11 507 1
11 13951 1
12 18818 1
12 3674 3
12 6790 1
12 11528 1
12 8585 1
12 12055 1
12 4364 1
12 9090 2
12 17424 1
12 18579 2
12 6804 1
12 22551 1
12 19096 1
12 12573 1
12 364 1
12 16543 2
12 20384 1
12 20260 1
12 9606 1
12 7463 1
12 19420 1
12 8236 3
12 1074 1
12 7471 1
12 12594 1
12 19124 1
12 9716 1
12 20026 4
12 6687 1
12 21949 1
12 1140 1
12 11714 1
12 20291 1
12 4086 1
12 3528 1
12 17996 1
12 587 1
12 13516 1
12 13389 3
12 11600 1
12 593 1
12 2899 1
12 11605 1
12 14422 1
12 9047 1
12 22232 1
12 9945 1
12 14426 1
12 3676 1
12 20189 1
12 2064 1
12 20177 1
12 15773 1
12 1959 1
12 14495 1
12 20463 1
12 20209 1
12 16244 1
12 18686 1
12 2166 1
12 605 1
12 9086 2
12 2175 1
13 18688 1
13 12288 1
13 13316 1
13 9606 2
13 9480 1
13 7055 1
13 17424 1
13 22418 1
13 3246 1
13 22551 1
13 13080 1
13 5337 1
13 5551 1
13 4509 1
13 5150 1
13 20384 1
13 12571 1
13 19420 1
13 20010 1
13 17070 1
13 15773 1
13 18736 2
13 12594 1
13 1076 2
13 3512 2
13 20026 1
13 20028 1
13 11714 1
13 3524 2
13 4037 1
13 11974 1
13 3528 1
13 3685 1
13 17872 2
13 9169 1
13 8021 1
13 19626 1
13 17881 2
13 19290 1
13 3676 1
13 15709 1
13 2911 1
13 9755 1
13 15714 2
13 9061 1
13 2025 1
13 21739 1
13 2289 1
13 1140 1
13 12414 1
13 507 1
13 19114 1
13 9086 2
14 8961 1
14 6018 1
14 3332 1
14 1669 1
14 19718 1
14 6791 1
14 11787 1
14 4364 1
14 18574 1
14 17070 1
14 13316 1
14 17818 1
14 13979 1
14 19740 1
14 15773 1
14 11806 1
14 7216 1
14 9606 1
14 9777 1
14 8988 1
14 22442 1
14 19116 1
14 9033 1
14 3888 1
14 3889 1
14 1076 1
14 9013 2
14 8375 1
14 3512 1
14 12354 1
14 21316 1
14 4037 1
14 3528 2
14 13452 1
14 9292 1
14 268 1
14 11600 1
14 6741 2
14 19286 1
14 12510 1
14 16223 1
14 15713 1
14 9831 1
14 18282 1
14 364 1
14 21613 1
14 18046 1
14 20470 1
14 11898 1
14 7163 1
14 18428 1
14 9086 1
15 12288 2
15 22024 1
15 9244 1
15 22557 1
15 9247 1
15 3113 1
15 1580 1
15 8753 1
15 11827 1
15 4161 1
15 20547 5
15 8260 1
15 7749 1
15 20554 1
15 17996 1
15 16468 1
15 22119 2
15 3176 1
15 2154 1
15 21614 1
15 7279 2
15 14448 1
15 13937 1
15 1140 2
15 3702 1
15 11385 1
15 18046 1
15 13952 1
15 17548 1
15 19088 1
15 14484 1
15 19096 2
15 13979 1
15 19056 1
15 13986 2
15 19113 1
15 2224 1
15 22209 1
15 18114 1
15 21195 1
15 13516 1
15 12505 1
15 5339 1
15 12510 1
15 2309 1
15 745 1
15 11511 2
15 8449 1
15 4867 1
15 15621 1
15 8236 1
15 17679 1
15 12056 1
15 7451 1
15 8988 1
15 20256 2
15 20260 1
15 12183 1
15 11600 2
15 9043 1
15 21845 1
15 740 2
15 859 1
15 16220 1
15 8033 1
15 11632 1
15 907 2
15 10636 1
15 20882 1
15 22422 1
15 22423 1
15 22442 2
15 2990 1
15 434 1
15 12212 1
15 11714 1
15 14677 1
15 6732 1
15 20427 1
15 9167 1
15 2003 1
15 9684 1
15 15845 1
15 2031 1
15 505 1
15 16890 1
15 12799 1
15 8021 1
16 11392 1
16 19970 1
16 13316 1
16 1669 2
16 9606 4
16 22209 1
16 14088 1
16 18540 1
16 8970 1
16 22423 3
16 4364 2
16 8770 2
16 12625 1
16 12183 1
16 20753 1
16 22418 1
16 20547 1
16 8798 1
16 22551 1
16 20427 1
16 2460 1
16 9121 1
16 18596 1
16 13681 1
16 16301 1
16 15279 1
16 15664 1
16 3763 2
16 1076 1
16 9013 1
16 439 1
16 11832 1
16 13242 1
16 2442 1
16 16062 2
16 12481 1
16 18114 1
16 11075 1
16 3524 1
16 4037 1
16 7879 1
16 9686 1
16 2828 1
16 11850 1
16 6199 1
16 13516 2
16 12878 1
16 20047 1
16 11600 1
16 13880 1
16 2899 1
16 4601 1
16 18510 1
16 13398 1
16 719 1
16 20571 2
16 12509 1
16 8158 1
16 18911 1
16 18528 1
16 9831 1
16 6507 1
16 4460 1
16 21613 1
16 238 1
16 11632 2
16 2289 1
16 2164 1
16 10366 1
16 13937 1
16 22119 2
16 11385 2
16 1147 1
16 20094 1
16 14677 1
17 1664 1
17 18174 1
17 2435 1
17 13445 1
17 19718 1
17 11992 1
17 7432 1
17 11612 1
17 907 1
17 2873 1
17 16911 1
17 15448 1
17 20882 1
17 14486 1
17 22551 1
17 16280 1
17 20427 1
17 2351 1
17 14492 1
17 13213 1
17 798 1
17 9755 1
17 13476 1
17 18853 1
17 8486 1
17 2460 1
17 22442 1
17 7476 1
17 7982 1
17 7471 2
17 5000 1
17 7218 1
17 1076 1
17 1345 1
17 6736 2
17 20537 1
17 15575 1
17 5309 1
17 14910 1
17 16373 1
17 3392 1
17 11969 1
17 12891 1
17 20547 2
17 6732 1
17 588 1
17 1099 1
17 13516 6
17 9678 1
17 847 1
17 11600 2
17 20817 1
17 16850 1
17 5331 1
17 11732 1
17 4942 1
17 10967 1
17 22232 2
17 10961 1
17 9947 1
17 16220 1
17 12510 1
17 4944 1
17 15202 1
17 17062 1
17 22119 1
17 2025 1
17 20202 1
17 21739 2
17 13161 1
17 2416 1
17 9043 1
17 1140 1
17 6718 1
17 22121 1
17 10523 1
17 11385 2
17 8188 1
17 13950 1
17 1918 1
18 4096 1
18 14081 1
18 4867 1
18 3460 1
18 8323 1
18 15508 1
18 12183 1
18 5146 1
18 20509 1
18 12191 1
18 18086 1
18 8236 1
18 1076 1
18 5182 1
18 21696 1
18 12357 1
18 6598 1
18 13255 1
18 9033 1
18 17996 1
18 14677 1
18 11992 1
18 12505 1
18 9050 3
18 16220 1
18 1147 1
18 364 1
18 22386 1
18 18547 1
18 4084 1
18 3006 1
18 4218 1
18 16379 1
18 5117 1
19 1664 1
19 18174 1
19 19332 1
19 9606 1
19 10119 2
19 22024 1
19 4364 1
19 17679 1
19 17424 2
19 14484 1
19 13462 1
19 22295 1
19 18841 1
19 20254 2
19 4007 1
19 22442 2
19 3058 1
19 13128 1
19 2620 1
19 8765 1
19 16835 1
19 19396 1
19 12360 1
19 6732 1
19 13388 1
19 6736 1
19 8184 1
19 6741 1
19 13398 1
19 16911 1
19 16474 1
19 15119 1
19 11008 1
19 22119 1
19 16616 2
19 19050 1
19 18030 1
19 21103 1
19 15216 1
19 20850 1
19 1140 2
19 1141 1
19 3702 1
19 11511 1
19 10360 1
19 18686 1
20 21696 1
20 8579 1
20 13316 1
20 12805 1
20 17548 1
20 7952 2
20 3473 1
20 22418 1
20 916 1
20 20373 1
20 22551 3
20 17818 1
20 7066 1
20 20256 1
20 249 1
20 22186 5
20 8236 1
20 8749 1
20 22557 1
20 15408 1
20 1076 1
20 10039 1
20 18746 1
20 4831 1
20 19900 1
20 5309 1
20 17854 1
20 3776 1
20 17184 2
20 11714 1
20 19396 1
20 22342 1
20 17223 1
20 8204 1
20 9034 1
20 15031 1
20 13388 2
20 20429 1
20 12625 1
20 20818 1
20 12265 1
20 7892 1
20 14677 1
20 18391 1
20 13912 1
20 16986 1
20 3370 1
20 16220 2
20 15709 1
20 16223 1
20 15845 1
20 16998 1
20 12888 1
20 17513 1
20 5355 1
20 20882 2
20 13242 1
20 14577 1
20 20339 1
20 17012 1
20 19305 1
20 16468 1
20 1147 1
20 15100 1
20 14205 1
20 17535 1
21 16384 1
21 11392 1
21 7938 1
21 16260 1
21 11656 1
21 9610 1
21 7180 1
21 10510 1
21 17807 1
21 4881 1
21 22418 1
21 9108 1
21 19093 1
21 20463 1
21 22557 1
21 6814 3
21 19619 1
21 548 1
21 16220 1
21 22186 3
21 8236 1
21 13486 1
21 9651 1
21 15030 1
21 13129 1
21 11576 2
21 13242 1
21 587 1
21 21702 1
21 14793 1
21 20427 1
21 17359 1
21 9425 1
21 4053 1
21 9047 1
21 11992 2
21 602 1
21 12891 1
21 6236 1
21 4831 1
21 10465 1
21 10466 1
21 15845 1
21 9831 1
21 9033 1
21 1140 1
21 12471 1
22 12288 1
22 17424 4
22 22024 2
22 8208 1
22 10262 1
22 22551 3
22 17435 1
22 22557 1
22 9261 1
22 14088 1
22 1076 1
22 11841 1
22 12354 2
22 19553 1
22 587 1
22 16470 1
22 12888 2
22 14426 1
22 7777 1
22 3171 6
22 21605 1
22 9831 1
22 12393 1
22 21613 1
22 11381 1
22 11385 2
22 1147 1
22 11392 1
22 5253 1
22 17544 1
22 10889 2
22 13452 2
22 18577 1
22 14485 1
22 22186 2
22 3762 1
22 14003 1
22 22220 1
22 4305 1
22 22229 1
22 9945 1
22 5339 1
22 13532 1
22 6438 1
22 16616 1
22 20203 1
22 11511 2
22 7937 2
22 19718 2
22 19208 1
22 4364 3
22 3629 1
22 6938 1
22 17183 1
22 9435 2
22 6437 1
22 19238 1
22 3369 1
22 3882 1
22 3374 1
22 2351 1
22 17206 1
22 10410 1
22 2442 1
22 3393 1
22 9543 2
22 13129 1
22 11600 1
22 16223 1
22 14993 2
22 20882 1
22 15216 1
22 10102 1
22 897 1
22 3461 1
22 9607 1
22 9610 1
22 17806 1
22 8079 1
22 22418 1
22 22426 2
22 1947 1
22 12700 4
22 17821 1
22 12191 1
22 12716 1
22 4533 1
22 950 1
22 13242 1
22 11714 1
22 3524 2
22 3528 2
22 4049 1
22 4053 1
22 22492 1
22 10206 1
22 19938 1
22 3562 1
22 11760 1
22 15864 1
22 6652 1
22 509 1
22 9726 1
23 14592 1
23 2460 1
23 13316 1
23 1669 1
23 9606 1
23 10889 1
23 13707 1
23 4364 2
23 11662 1
23 18704 1
23 16017 1
23 22418 1
23 2990 1
23 10262 1
23 12183 1
23 22426 1
23 15511 1
23 12190 1
23 3077 1
23 9435 1
23 4900 1
23 9158 1
23 625 1
23 13532 1
23 7854 1
23 7471 1
23 8479 1
23 19016 1
23 12702 1
23 20297 1
23 11832 1
23 6458 1
23 15903 1
23 19900 1
23 11850 1
23 3006 1
23 3392 1
23 4161 1
23 11973 1
23 19014 1
23 9543 3
23 3528 1
23 15817 2
23 5450 1
23 20556 1
23 5965 1
23 4049 1
23 12508 1
23 20053 1
23 13271 1
23 14426 1
23 12891 1
23 16220 1
23 863 1
23 12897 1
23 3171 3
23 14492 1
23 7964 1
23 22119 1
23 12393 1
23 17259 1
23 17260 1
23 15855 1
23 5745 1
23 22386 1
23 20851 1
23 20424 2
23 1141 1
23 3369 1
23 11898 2
23 1147 2
23 7293 1
24 16131 1
24 4484 1
24 3595 1
24 4364 2
24 17807 1
24 18704 2
24 2834 1
24 15508 1
24 22423 1
24 7451 1
24 22557 1
24 5919 1
24 7463 1
24 19113 1
24 7854 1
24 7471 1
24 3528 2
24 14645 1
24 12089 1
24 10555 1
24 20291 1
24 20424 1
24 17225 1
24 13516 1
24 19408 1
24 13778 2
24 16851 1
24 20053 1
24 9047 2
24 11992 1
24 14426 2
24 2063 1
24 12508 1
24 9437 1
24 10206 1
24 19942 1
24 14311 1
24 20456 1
24 22418 1
24 13532 1
24 6687 1
24 11898 3
24 11515 1
24 5246 1
24 6741 1
25 8705 1
25 13316 1
25 12805 1
25 12888 3
25 7702 1
25 22551 1
25 6687 1
25 11808 1
25 18472 1
25 11817 1
25 20010 2
25 8236 3
25 9777 1
25 20026 1
25 18528 1
25 12354 2
25 587 1
25 588 1
25 15448 1
25 14426 1
25 19549 1
25 7776 1
25 3171 7
25 13937 1
25 1140 2
25 18042 1
25 10365 1
25 1669 1
25 14985 1
25 9871 1
25 16017 1
25 4765 1
25 9887 1
25 7854 1
25 4290 1
25 15557 1
25 3784 1
25 13516 1
25 13532 1
25 22245 1
25 745 1
25 21739 4
25 14574 1
25 7937 2
25 7938 1
25 16131 1
25 4868 1
25 8454 1
25 17679 1
25 16661 1
25 15128 1
25 8988 1
25 4899 1
25 6437 1
25 16679 1
25 810 1
25 6968 1
25 832 1
25 6984 1
25 9033 1
25 9555 1
25 14677 2
25 4960 1
25 22369 1
25 7010 1
25 9061 3
25 4967 1
25 9606 1
25 11656 1
25 2442 1
25 3473 1
25 22418 1
25 238 1
25 22423 2
25 22426 1
25 12700 1
25 12191 1
25 20384 1
25 2991 1
25 11710 1
25 11714 1
25 3524 7
25 3528 2
25 17870 1
25 19938 1
25 19939 1
25 2029 1
25 15855 1
25 11760 2
25 12799 1
26 8961 1
26 7938 2
26 8579 1
26 19718 1
26 7937 1
26 14985 1
26 7690 1
26 13452 1
26 22274 1
26 2435 1
26 17872 1
26 13979 1
26 11292 1
26 9117 1
26 364 2
26 20256 1
26 7463 1
26 14492 1
26 20010 1
26 16049 1
26 9033 1
26 22585 1
26 11381 1
26 22464 1
26 13216 1
26 12227 1
26 3524 2
26 14665 1
26 13514 1
26 12471 1
26 1281 2
26 13901 1
26 20813 1
26 14800 1
26 2003 1
26 9684 1
26 4823 1
26 16276 1
26 11600 3
26 19938 1
26 3171 2
26 3943 1
26 6760 1
26 2025 1
26 3562 1
26 8043 1
26 18540 2
26 14574 1
26 12202 1
26 22388 1
26 1141 1
26 12663 1
26 12153 1
26 9338 1
26 10365 2
27 8834 1
27 4011 1
27 13316 1
27 18693 1
27 19718 1
27 17671 3
27 19336 1
27 15113 2
27 2442 1
27 17548 1
27 3009 1
27 11969 1
27 8208 1
27 2961 1
27 19346 3
27 6547 1
27 9237 1
27 14486 1
27 22426 1
27 20463 1
27 14492 1
27 20509 1
27 9886 1
27 1669 2
27 17184 1
27 9736 1
27 20780 1
27 8988 1
27 3627 1
27 22557 1
27 17583 1
27 9033 1
27 13487 1
27 15664 1
27 15496 1
27 4915 1
27 15797 1
27 17590 1
27 12471 1
27 18746 1
27 13887 1
27 7104 1
27 1696 1
27 11600 1
27 15939 1
27 8260 1
27 8236 1
27 2119 1
27 3528 1
27 13452 1
27 587 1
27 12110 1
27 20256 1
27 17872 1
27 15569 1
27 17490 1
27 851 1
27 17881 1
27 14088 1
27 7644 1
27 11485 2
27 11486 1
27 1141 1
27 8161 1
27 17506 1
27 9316 2
27 16998 1
27 6609 1
27 11511 1
27 13549 1
27 15982 1
27 15855 1
27 11760 1
27 7471 1
27 1140 1
27 11381 1
27 4364 1
27 15863 1
27 21880 2
27 14969 2
27 4986 4
27 15997 1
28 11392 1
28 9729 1
28 5355 1
28 1669 2
28 6790 1
28 18823 1
28 15496 1
28 15113 1
28 9227 1
28 4364 1
28 11791 1
28 5648 1
28 16017 1
28 22418 2
28 4886 1
28 1303 1
28 1947 1
28 21662 2
28 13727 1
28 4894 1
28 14500 1
28 9606 1
28 3113 1
28 11436 1
28 8043 1
28 3758 1
28 861 1
28 15664 1
28 6450 1
28 9587 1
28 15797 1
28 11913 1
28 7352 1
28 21305 2
28 8892 1
28 3517 1
28 11711 1
28 20291 1
28 21957 1
28 16012 1
28 10442 1
28 20427 1
28 13516 2
28 6606 2
28 11471 2
28 6609 1
28 2899 1
28 2772 1
28 20046 1
28 9047 1
28 18521 1
28 9691 1
28 12637 1
28 6494 1
28 15023 1
28 22369 1
28 2661 1
28 18108 1
28 19900 1
28 2666 1
28 20203 2
28 22509 1
28 13591 1
28 19133 2
28 21617 1
28 14547 1
28 9716 1
28 16831 1
28 9684 1
28 11708 1
29 11008 2
29 13316 3
29 1032 1
29 7938 1
29 11282 1
29 11524 1
29 22557 1
29 22568 2
29 1580 1
29 9264 1
29 9777 1
29 5180 1
29 12354 2
29 268 2
29 13391 1
29 20561 1
29 17490 1
29 13398 1
29 770 1
29 13403 2
29 18022 1
29 18030 1
29 1140 2
29 22140 1
29 5248 1
29 1669 2
29 17041 1
29 4035 1
29 7829 1
29 8342 1
29 7332 1
29 5806 1
29 9398 1
29 18108 2
29 20427 1
29 20172 1
29 17612 1
29 13524 1
29 9953 1
29 13030 1
29 7911 1
29 11900 1
29 14592 1
29 11392 1
29 15106 1
29 4867 1
29 3332 3
29 15109 1
29 7432 1
29 21260 1
29 12558 1
29 17688 1
29 7450 1
29 10012 1
29 17184 1
29 3373 1
29 4414 1
29 8513 1
29 20302 1
29 20303 1
29 14677 1
29 3927 1
29 1374 1
29 2911 1
29 22368 1
29 15214 1
29 15336 1
29 8056 1
29 19093 1
29 4992 1
29 9610 1
29 10644 1
29 17818 1
29 15266 1
29 22442 1
29 12716 1
29 7600 1
29 8636 1
29 5565 1
29 12734 1
29 4034 1
29 4547 1
29 15819 1
29 6606 1
29 467 1
29 20047 1
29 22492 1
29 20456 1
29 13516 4
29 6652 1
30 14592 2
30 897 1
30 5506 1
30 22571 1
30 3332 1
30 1669 1
30 19718 2
30 1031 1
30 7432 1
30 8585 1
30 17547 1
30 268 1
30 4366 1
30 19346 1
30 18323 1
30 14484 1
30 8597 1
30 17814 1
30 17688 2
30 22426 1
30 2460 1
30 22557 1
30 16030 1
30 20256 1
30 8481 1
30 18722 1
30 9606 1
30 20774 2
30 7081 1
30 15019 1
30 20910 1
30 605 1
30 3760 1
30 21832 1
30 15666 1
30 20663 1
30 6457 2
30 12734 1
30 18111 2
30 4672 1
30 20384 1
30 8387 1
30 13253 1
30 19399 1
30 3528 1
30 4364 1
30 13516 2
30 8398 1
30 8144 1
30 9681 1
30 19238 1
30 18389 1
30 11449 1
30 11992 1
30 3033 1
30 2394 1
30 13403 2
30 13532 1
30 8229 1
30 13022 2
30 1765 1
30 19938 1
30 17637 1
30 19943 1
30 3580 1
30 1002 1
30 9703 1
30 20882 1
30 8175 1
30 13459 1
30 17780 1
30 1141 1
30 22006 1
30 21353 1
30 10360 1
30 4601 1
30 916 1
30 8831 1
30 2684 2
30 11252 1
30 5119 1
31 13316 1
31 5208 1
31 10262 1
31 22551 2
31 12833 1
31 2085 1
31 1578 2
31 1580 1
31 11827 1
31 2911 1
31 4161 1
31 12354 1
31 5867 1
31 4364 1
31 1099 1
31 15448 1
31 20570 1
31 1120 1
31 19133 1
31 15985 1
31 17012 1
31 22140 3
31 11392 1
31 11394 1
31 15491 1
31 18565 1
31 18056 1
31 13452 1
31 16017 1
31 6807 1
31 7833 1
31 16543 1
31 13937 2
31 22188 2
31 5806 1
31 5309 1
31 11969 1
31 2755 1
31 19140 1
31 13516 1
31 20177 1
31 20188 1
31 13022 2
31 4831 1
31 20774 1
31 2684 3
31 16106 1
31 20203 1
31 5362 1
31 11511 1
31 18172 2
31 18174 1
31 13059 1
31 3332 1
31 8236 2
31 268 1
31 12558 1
31 21264 1
31 13592 1
31 1669 1
31 21792 1
31 9606 1
31 5414 1
31 5934 1
31 3888 1
31 21303 1
31 7996 1
31 22344 1
31 20297 1
31 3915 1
31 21839 1
31 18769 1
31 19290 1
31 859 1
31 16220 2
31 16223 1
31 22368 1
31 10593 1
31 22385 1
31 16252 1
31 8579 1
31 20870 1
31 11656 1
31 13710 3
31 20463 1
31 7069 1
31 15774 1
31 22442 1
31 21933 1
31 7089 1
31 5565 1
31 11714 1
31 13255 1
31 12746 1
31 20441 1
31 20445 1
31 15845 2
31 19943 1
31 15855 1
32 4992 1
32 3520 1
32 8579 1
32 13316 1
32 1669 1
32 11398 1
32 18049 1
32 11403 1
32 13710 1
32 13388 1
32 17667 1
32 18964 1
32 22293 1
32 22551 1
32 3864 1
32 3484 2
32 572 1
32 15265 1
32 14114 1
32 7075 1
32 5032 1
32 691 1
32 1076 1
32 9526 1
32 15031 1
32 5306 1
32 18108 1
32 19133 1
32 8512 1
32 22140 2
32 8899 1
32 9980 1
32 13255 1
32 20172 1
32 11211 1
32 13516 1
32 20429 1
32 14037 1
32 20695 1
32 18266 1
32 13020 1
32 5527 1
32 2407 1
32 1256 1
32 1468 1
32 5866 1
32 14448 1
32 3368 1
32 19058 1
32 4339 1
32 2455 2
32 22133 1
32 15864 1
32 5241 1
32 11388 1
32 14677 1
33 14592 1
33 14338 1
33 8195 1
33 13316 2
33 1032 1
33 6153 1
33 22030 1
33 22032 2
33 17612 1
33 22551 1
33 4121 1
33 22557 1
33 3113 1
33 12842 1
33 3629 1
33 6713 1
33 3130 1
33 4668 2
33 10814 1
33 10817 1
33 7236 1
33 588 1
33 1616 1
33 13398 1
33 13912 1
33 9305 1
33 22122 1
33 15981 1
33 18030 1
33 21617 2
33 6770 1
33 1140 2
33 11381 1
33 22138 1
33 22140 4
33 1664 1
33 15491 1
33 5570 1
33 17044 1
33 19093 2
33 8857 1
33 5801 1
33 5804 1
33 21618 1
33 5806 1
33 18108 1
33 5822 1
33 5831 1
33 20169 1
33 13516 2
33 5841 1
33 13022 1
33 10463 1
33 9980 2
33 2303 1
33 11008 1
33 15105 1
33 17667 2
33 7432 1
33 12558 1
33 3375 1
33 7474 1
33 21305 1
33 20798 1
33 16197 1
33 846 1
33 11600 1
33 18769 1
33 19286 1
33 9047 1
33 6489 1
33 11612 1
33 5479 1
33 13161 1
33 14484 1
33 19336 1
33 3466 1
33 916 1
33 2455 1
33 17818 2
33 3484 1
33 18853 1
33 22442 1
33 19348 1
33 19900 1
33 7104 1
33 11714 1
33 16838 1
33 15817 1
33 11210 1
33 3536 1
33 18904 1
33 5618 1
33 4601 1
34 2947 1
34 22024 1
34 11787 1
34 7183 1
34 4884 1
34 11414 1
34 14743 1
34 18200 2
34 22426 1
34 14703 1
34 17818 1
34 20384 1
34 545 1
34 7332 1
34 20519 1
34 10410 1
34 14509 1
34 21295 1
34 1032 1
34 4019 1
34 1076 1
34 5301 1
34 21305 1
34 12091 1
34 8641 1
34 12354 2
34 4038 1
34 9035 2
34 13516 1
34 20429 1
34 10452 1
34 10965 1
34 13398 3
34 9047 2
34 605 1
34 7520 1
34 9061 1
34 21739 1
34 22124 1
34 18287 2
34 14448 1
34 13937 1
34 1140 2
34 12151 1
34 8184 1
34 18042 2
34 2684 1
34 8573 1
34 3711 1
35 769 1
35 3075 3
35 8068 2
35 1669 1
35 9606 1
35 16135 1
35 7688 1
35 8236 1
35 4823 1
35 6790 1
35 12013 1
35 7313 1
35 18962 1
35 20803 1
35 19348 2
35 22551 2
35 16260 1
35 15855 1
35 2460 1
35 4818 2
35 15774 1
35 15903 1
35 4000 1
35 4033 1
35 8739 1
35 293 1
35 17062 1
35 11815 1
35 1576 1
35 14492 1
35 6828 1
35 16301 1
35 20075 1
35 9777 1
35 7474 1
35 947 1
35 1076 1
35 10206 1
35 7736 1
35 22098 1
35 8507 1
35 18108 1
35 8765 1
35 18750 1
35 8373 1
35 12481 1
35 11714 1
35 2243 1
35 9217 1
35 21957 3
35 4038 1
35 13799 1
35 13129 1
35 16544 1
35 588 1
35 13389 1
35 16080 1
35 19154 1
35 9684 1
35 11605 1
35 8185 2
35 18113 1
35 16092 1
35 605 1
35 12638 2
35 21613 1
35 20384 1
35 12689 1
35 16616 3
35 8636 1
35 3102 1
35 8043 1
35 9069 1
35 5565 2
35 10867 1
35 2848 1
35 14325 1
35 3702 1
35 12151 1
35 4601 1
35 11898 1
35 21948 1
35 637 1
35 1877 1
36 21888 1
36 19840 1
36 11268 2
36 1669 1
36 8236 1
36 2442 1
36 13963 1
36 13452 1
36 11791 1
36 784 1
36 15448 1
36 14492 1
36 10263 1
36 13316 1
36 17818 1
36 11695 1
36 2460 2
36 5150 1
36 14277 1
36 16544 1
36 16804 1
36 14887 1
36 20780 1
36 17016 1
36 14378 1
36 3627 1
36 10740 1
36 2990 1
36 7471 2
36 15664 1
36 20018 2
36 20019 1
36 437 1
36 21814 1
36 8375 2
36 14137 1
36 9887 2
36 18108 3
36 12093 1
36 9886 1
36 20256 1
36 14016 1
36 16705 1
36 11714 1
36 3395 1
36 19397 1
36 12487 1
36 9831 1
36 13516 1
36 14495 1
36 6865 1
36 11992 1
36 18808 1
36 858 1
36 9947 1
36 9056 1
36 8208 1
36 785 1
36 14312 1
36 12265 1
36 8043 1
36 17004 1
36 9069 1
36 20463 1
36 9048 1
36 16625 1
36 14322 1
36 22423 1
36 5246 1
36 22551 1
36 12026 1
36 14587 1
36 13950 1
37 7937 1
37 18562 1
37 13316 1
37 9606 2
37 22551 1
37 4364 1
37 12354 1
37 21902 1
37 11791 1
37 20753 1
37 2834 1
37 22421 1
37 10329 1
37 3992 1
37 19396 1
37 13723 1
37 8988 2
37 22557 1
37 5155 1
37 15141 1
37 21617 1
37 20010 1
37 14509 1
37 2990 1
37 13487 1
37 3633 3
37 7219 1
37 1076 1
37 21814 1
37 15160 3
37 12089 1
37 13242 1
37 15548 1
37 12081 1
37 3134 1
37 9791 1
37 21696 1
37 2113 1
37 11714 1
37 8260 1
37 4037 1
37 4038 2
37 12103 1
37 15773 1
37 16911 1
37 18891 1
37 13388 1
37 9895 1
37 3919 1
37 592 1
37 12209 1
37 19028 1
37 6997 1
37 15448 1
37 22617 1
37 11151 1
37 11898 1
37 17630 1
37 9167 1
37 6375 1
37 5867 2
37 21613 1
37 10737 1
37 20468 1
37 3701 1
37 1526 2
37 4509 1
37 4602 1
37 10365 1
37 17150 1
38 4651 1
38 3332 1
38 17424 1
38 14985 1
38 3863 1
38 268 1
38 18701 1
38 11664 1
38 17681 1
38 22418 1
38 6675 1
38 12821 1
38 22551 1
38 18820 1
38 5210 1
38 20510 1
38 4037 1
38 8864 1
38 931 1
38 19238 1
38 7463 1
38 22569 1
38 3626 2
38 6571 1
38 6702 1
38 7471 2
38 9905 1
38 21810 1
38 17713 1
38 2782 1
38 4534 1
38 10683 1
38 6588 1
38 20298 1
38 11714 1
38 8387 1
38 19396 1
38 1526 1
38 4038 1
38 3528 2
38 15817 2
38 7645 1
38 13516 2
38 9550 1
38 9167 1
38 11600 1
38 9043 1
38 22100 1
38 11992 1
38 19930 1
38 16220 1
38 8797 1
38 10206 1
38 22563 1
38 17890 1
38 13243 1
38 3943 1
38 15994 1
38 4589 1
38 20529 1
38 21629 1
38 14448 1
38 6770 1
38 20468 1
38 1141 1
38 10102 1
38 11511 1
38 14969 1
38 11898 1
38 7466 1
39 11392 1
39 12352 1
39 6786 1
39 3332 1
39 1669 1
39 6790 1
39 4014 1
39 5000 1
39 906 1
39 4235 1
39 7952 1
39 11665 1
39 3731 2
39 14229 1
39 9110 1
39 8857 1
39 6297 1
39 7279 1
39 16543 2
39 22050 1
39 8859 1
39 8869 1
39 3369 1
39 22442 1
39 22443 2
39 14509 1
39 17070 1
39 11827 1
39 9013 1
39 7095 1
39 1140 1
39 17467 1
39 12093 1
39 21173 1
39 3392 1
39 3528 2
39 5321 1
39 13516 2
39 17485 1
39 20046 1
39 592 1
39 22100 1
39 10709 1
39 15574 1
39 13388 1
39 12505 1
39 22108 1
39 9182 2
39 16223 1
39 16226 1
39 21733 1
39 11750 1
39 17895 1
39 8425 1
39 3692 2
39 20463 2
39 13532 1
39 6953 1
39 15096 1
39 15994 1
39 6954 1
39 9726 1
39 3797 1
40 9729 1
40 16912 1
40 9241 1
40 8737 1
40 22050 1
40 5155 1
40 3113 1
40 20010 1
40 8753 1
40 6709 2
40 9791 1
40 12354 1
40 1099 2
40 13388 2
40 13901 1
40 590 1
40 6741 3
40 9820 1
40 17424 2
40 22119 1
40 3692 1
40 21613 1
40 7278 3
40 3695 1
40 13937 2
40 1140 1
40 1141 1
40 5246 1
40 6787 2
40 3206 1
40 7303 1
40 21699 1
40 17093 1
40 17568 1
40 19398 1
40 22188 1
40 13514 1
40 21696 1
40 2243 1
40 2244 1
40 2245 1
40 8906 3
40 21739 1
40 9969 1
40 6400 1
40 1281 1
40 2309 2
40 10007 2
40 19740 1
40 9509 1
40 5928 2
40 7471 1
40 12082 1
40 9013 1
40 12602 1
40 12091 1
40 12093 1
40 20798 1
40 9539 1
40 4942 1
40 12625 1
40 5458 1
40 9555 1
40 16220 2
40 2911 1
40 20329 1
40 3946 1
40 18289 1
40 12663 1
40 8568 1
40 7039 1
40 5867 1
40 2443 1
40 15773 1
40 20384 2
40 15266 1
40 22442 1
40 4019 1
40 7095 2
40 22464 1
40 4038 1
40 588 1
40 20427 1
40 20442 1
40 22500 1
40 8184 1
40 10745 1
40 14843 1
40 6655 1
41 7938 1
41 21995 1
41 13316 2
41 1669 1
41 9606 2
41 7303 1
41 22024 1
41 7055 2
41 18577 1
41 20291 1
41 9241 1
41 13978 1
41 13979 2
41 17184 1
41 2032 1
41 16419 1
41 3492 1
41 12581 1
41 19238 1
41 22442 1
41 3629 1
41 11471 1
41 4019 1
41 7903 1
41 20924 1
41 7101 1
41 8641 1
41 12354 1
41 4000 1
41 8079 1
41 2245 1
41 16416 1
41 3528 1
41 588 1
41 13389 1
41 8838 1
41 6989 1
41 10709 1
41 21851 1
41 16092 1
41 11898 1
41 10975 1
41 14176 1
41 11749 1
41 10044 1
41 21739 1
41 21613 3
41 2271 1
41 19952 1
41 13937 1
41 12018 1
41 1140 1
41 1141 2
41 21993 1
41 2808 1
41 11514 1
41 11771 1
41 6142 1
42 13316 2
42 18181 1
42 12081 1
42 9610 1
42 13452 1
42 8079 1
42 19346 1
42 16661 1
42 1947 1
42 19740 1
42 11806 1
42 16416 1
42 7219 1
42 10019 1
42 8486 1
42 20519 1
42 16220 1
42 4011 1
42 3629 1
42 13487 1
42 3888 1
42 9777 1
42 15666 2
42 4019 2
42 1076 2
42 3375 1
42 13242 1
42 11963 1
42 12093 1
42 12354 3
42 3524 1
42 13388 1
42 20429 4
42 9170 1
42 22098 1
42 14677 1
42 14426 1
42 16092 1
42 3258 1
42 22418 1
42 2911 2
42 6496 1
42 22369 1
42 2914 1
42 3171 1
42 7471 1
42 4604 1
42 8556 1
42 9069 1
42 2030 1
42 20463 1
42 13937 4
42 9372 1
42 1140 2
42 1141 1
42 3369 1
42 10360 1
42 11385 1
42 4986 1
42 1147 3
42 17404 1
42 637 1
42 13950 1
43 6400 1
43 13316 1
43 8198 1
43 13331 1
43 22551 1
43 22557 1
43 15903 1
43 3627 1
43 12878 1
43 9809 1
43 12883 3
43 9816 1
43 8797 1
43 1639 1
43 3943 1
43 20076 1
43 21613 2
43 13937 1
43 1140 2
43 11898 2
43 1147 1
43 14973 1
43 18042 1
43 4033 1
43 9923 1
43 14485 1
43 13978 1
43 14493 1
43 9887 1
43 7844 1
43 4776 1
43 14509 1
43 12471 1
43 18975 1
43 15548 1
43 19133 1
43 21696 1
43 21699 1
43 11974 1
43 9420 1
43 20684 1
43 22229 1
43 12502 1
43 7897 1
43 16093 1
43 740 1
43 22245 1
43 1149 1
43 18686 1
43 14592 1
43 8961 1
43 3332 1
43 18185 1
43 17163 1
43 268 1
43 3289 1
43 15660 1
43 7471 3
43 21304 1
43 21305 1
43 3386 1
43 20291 1
43 4949 1
43 12089 1
43 15709 1
43 10080 1
43 19303 1
43 9703 1
43 18289 2
43 12660 1
43 17810 1
43 13516 1
43 7062 1
43 15776 1
43 9647 1
43 8641 1
43 4038 2
43 15817 1
43 20427 1
43 20429 1
43 9167 1
43 5092 2
43 11749 1
43 15441 1
43 2030 1
43 10745 1
43 9726 1
43 14677 2
44 9729 1
44 13316 3
44 6153 1
44 10763 1
44 22032 1
44 22551 1
44 3097 3
44 22557 2
44 2085 1
44 14887 1
44 18183 1
44 1580 1
44 1074 2
44 13880 1
44 5177 1
44 8765 1
44 8770 1
44 6155 1
44 8260 1
44 13389 3
44 17490 1
44 12883 1
44 14433 1
44 10850 1
44 10852 1
44 22119 1
44 18540 1
44 14448 1
44 2673 1
44 1141 1
44 18042 2
44 5246 1
44 5248 1
44 3201 1
44 15491 1
44 1669 1
44 15496 1
44 6508 1
44 5259 1
44 11973 1
44 10407 1
44 22188 1
44 3757 1
44 12472 1
44 5306 1
44 8891 3
44 3260 1
44 3261 1
44 9918 3
44 10016 1
44 14531 1
44 9924 1
44 17093 1
44 8906 1
44 8915 1
44 8917 1
44 19321 1
44 2779 1
44 20189 1
44 224 1
44 2275 1
44 243 1
44 13558 2
44 2297 1
44 7424 1
44 3332 2
44 22277 1
44 19718 1
44 9345 1
44 5896 1
44 268 1
44 270 1
44 8976 1
44 20256 1
44 7471 1
44 12081 1
44 15666 1
44 22323 1
44 10206 1
44 12093 1
44 9543 1
44 12625 1
44 11603 1
44 12119 1
44 19295 1
44 22368 1
44 20329 1
44 364 1
44 4413 1
44 8569 1
44 18818 1
44 7236 1
44 15773 1
44 13216 1
44 16199 1
44 10055 1
44 16814 1
44 13043 1
44 11711 1
44 11714 1
44 3524 1
44 4037 1
44 8136 1
44 8138 1
44 17359 1
44 8184 1
44 10709 1
44 3547 1
44 8158 1
44 17890 2
44 17892 3
44 17895 2
44 6121 2
44 20463 1
44 20468 1
44 3064 1
44 4601 1
44 6138 1
45 12288 1
45 18946 1
45 13316 2
45 1669 1
45 9606 1
45 22152 1
45 8236 1
45 18954 1
45 13452 2
45 15246 1
45 7952 1
45 8964 1
45 13957 1
45 3992 1
45 11545 1
45 2991 1
45 8988 1
45 20254 1
45 20255 1
45 20256 1
45 19745 1
45 19718 1
45 11555 1
45 11014 3
45 19238 1
45 13937 1
45 9384 2
45 12585 1
45 22442 2
45 3755 1
45 11948 1
45 21295 1
45 11568 1
45 7985 1
45 14899 1
45 7732 1
45 9013 1
45 19740 1
45 19124 1
45 1076 1
45 13502 2
45 12064 1
45 20384 1
45 12354 1
45 20291 1
45 10311 1
45 3528 1
45 15817 3
45 8906 2
45 20427 1
45 2914 1
45 11600 1
45 4364 1
45 14677 2
45 19204 1
45 17881 1
45 14426 1
45 12891 2
45 13532 2
45 20389 1
45 16225 1
45 7010 1
45 1147 1
45 7471 1
45 21618 1
45 20470 1
45 7722 1
45 22266 1
45 9791 1
45 5162 1
45 5246 1
46 11008 1
46 9729 1
46 8706 1
46 4867 1
46 9040 1
46 17290 1
46 17943 1
46 14988 1
46 21006 1
46 14931 1
46 14102 1
46 22551 1
46 18200 1
46 8260 1
46 17690 1
46 7451 1
46 9884 1
46 13341 1
46 21793 1
46 11555 1
46 10737 1
46 22442 1
46 9005 1
46 6702 1
46 9777 1
46 9650 1
46 243 1
46 7732 1
46 18872 4
46 20794 1
46 9918 1
46 3393 1
46 19140 1
46 7649 1
46 13863 1
46 12746 1
46 13516 2
46 8400 1
46 12883 1
46 15246 1
46 21334 1
46 3927 1
46 7120 1
46 16220 1
46 605 1
46 2911 1
46 2273 1
46 21733 1
46 17895 1
46 20329 1
46 9579 2
46 12012 1
46 13937 2
46 3058 1
46 9043 1
46 1141 1
46 8311 1
46 14969 1
46 13025 1
46 11388 1
46 13950 1
46 22385 1
47 17924 1
47 3601 1
47 13316 1
47 17435 1
47 22557 1
47 20007 1
47 1069 1
47 1076 1
47 17463 1
47 2115 1
47 1099 2
47 8268 2
47 13389 1
47 13912 1
47 8797 1
47 5219 1
47 7273 1
47 9839 1
47 6256 1
47 13937 1
47 5395 1
47 1140 7
47 18042 1
47 1147 1
47 11388 1
47 13440 1
47 3201 2
47 1669 1
47 2196 1
47 13979 1
47 19107 1
47 19112 1
47 14509 1
47 2239 1
47 20684 2
47 8908 1
47 10452 1
47 12512 1
47 5347 1
47 22268 1
47 3332 1
47 19718 1
47 11528 1
47 2826 1
47 268 1
47 5389 1
47 18702 1
47 21264 1
47 1299 1
47 21295 1
47 2846 1
47 4385 1
47 19238 1
47 3369 1
47 9004 1
47 7471 2
47 17202 1
47 8502 1
47 9023 1
47 15681 1
47 22339 1
47 14677 1
47 855 1
47 10074 1
47 863 1
47 4496 1
47 3943 1
47 15214 1
47 14703 1
47 12659 1
47 8568 1
47 897 1
47 2442 1
47 17806 1
47 22416 3
47 19347 1
47 8610 1
47 22437 1
47 19385 1
47 13243 1
47 18879 1
47 8641 1
47 13388 1
47 20427 1
47 20429 1
47 9167 1
47 9169 1
47 8146 1
47 18393 1
47 2025 1
47 17908 1
47 22006 1
47 4602 1
47 4604 1
47 20990 1
48 3332 1
48 268 1
48 9038 2
48 19133 1
48 8976 1
48 21305 1
48 11898 1
48 2522 2
