1 13961 1
1 4491 1
1 3650 1
1 8079 1
1 4496 1
1 7571 1
1 18197 1
1 21784 1
1 797 1
1 7582 1
1 9887 1
1 7584 1
1 15273 2
1 22186 1
1 3629 1
1 15666 1
1 1844 1
1 6622 1
1 21432 1
1 3258 1
1 18108 1
1 8511 1
1 7776 1
1 11714 1
1 17225 1
1 13772 1
1 9167 2
1 9424 1
1 12625 1
1 9047 1
1 18771 1
1 14677 1
1 4438 1
1 5719 1
1 11482 1
1 17016 2
1 18528 1
1 15713 1
1 15971 1
1 7660 1
1 9069 1
1 17791 1
1 6770 1
1 14324 1
1 7160 1
1 11771 3
1 4221 1
1 11007 1
2 14592 1
2 8449 1
2 20285 1
2 4011 1
2 19460 1
2 16773 1
2 14784 1
2 12673 1
2 1160 1
2 5513 1
2 12426 1
2 4364 1
2 12625 3
2 15119 1
2 13969 1
2 7062 1
2 20505 1
2 3992 1
2 14489 1
2 17435 1
2 364 1
2 18463 1
2 8993 1
2 18339 1
2 19364 1
2 19719 1
2 5927 1
2 15273 1
2 22186 1
2 4267 1
2 4780 1
2 15128 1
2 7471 1
2 5424 1
2 13875 1
2 19124 1
2 10206 1
2 1844 1
2 3258 1
2 15903 1
2 12604 1
2 7690 1
2 4032 1
2 6337 1
2 7362 1
2 2243 1
2 22369 1
2 7241 1
2 11979 1
2 13516 1
2 16845 1
2 13445 1
2 719 1
2 9425 1
2 7634 1
2 10963 1
2 7380 1
2 9380 1
2 18267 1
2 14469 1
2 6622 1
2 7392 1
2 13793 1
2 13411 1
2 21841 1
2 3946 1
2 17899 1
2 22252 1
2 15442 1
2 15982 1
2 14717 1
2 1266 1
2 3702 1
2 12791 1
2 14969 1
2 14970 1
2 6652 1
2 4221 1
2 638 1
3 12288 1
3 17067 1
3 15617 5
3 9227 1
3 17424 1
3 4441 1
3 1048 1
3 18460 1
3 8236 1
3 12852 1
3 54 1
3 7433 2
3 13881 1
3 16961 1
3 16963 2
3 7749 2
3 13388 4
3 13398 2
3 602 1
3 1627 3
3 13412 1
3 15465 2
3 18540 1
3 14448 1
3 13425 1
3 6770 1
3 7785 2
3 14969 1
3 14974 1
3 2179 1
3 18052 1
3 2326 1
3 7306 1
3 13451 1
3 4267 2
3 6809 1
3 11931 1
3 4263 1
3 20649 2
3 20651 1
3 18092 1
3 17071 1
3 12465 6
3 12471 1
3 17593 1
3 700 1
3 19133 9
3 703 1
3 12481 1
3 8898 1
3 7380 1
3 6265 1
3 11992 1
3 7897 1
3 11999 1
3 745 1
3 5876 1
3 8449 6
3 4867 2
3 4868 2
3 1068 1
3 3339 1
3 2873 1
3 17166 1
3 7952 1
3 2834 1
3 21781 1
3 21782 8
3 7451 3
3 285 1
3 5765 1
3 12589 1
3 18222 1
3 7471 4
3 21305 9
3 15674 1
3 4831 2
3 20285 2
3 8511 1
3 3907 1
3 1590 1
3 8012 2
3 10210 3
3 21841 1
3 12625 1
3 6484 1
3 15190 3
3 15673 1
3 17241 2
3 4448 1
3 2923 1
3 1405 1
3 17791 1
3 6017 1
3 1411 1
3 15751 1
3 17290 2
3 12459 1
3 3991 2
3 15774 1
3 7584 1
3 15777 3
3 15266 2
3 15273 2
3 5551 1
3 14489 1
3 22464 4
3 13255 1
3 588 2
3 9122 1
3 462 1
3 9167 2
3 9686 1
3 15329 1
3 19938 2
3 19939 1
3 13796 1
3 10214 1
3 487 1
3 2025 1
3 10219 1
3 20465 1
3 6651 2
3 6141 1
4 17067 1
4 4438 1
4 16390 1
4 15617 1
4 22030 1
4 16301 1
4 17424 1
4 19715 3
4 15534 1
4 22551 1
4 4868 3
4 5551 1
4 18460 2
4 18975 1
4 14088 1
4 54 1
4 3647 1
4 20547 2
4 7749 1
4 15432 1
4 588 2
4 10832 1
4 3651 1
4 5717 1
4 14422 1
4 1626 1
4 1627 3
4 7777 2
4 19900 1
4 21613 2
4 4799 1
4 3197 1
4 14462 1
4 2841 1
4 2179 1
4 14469 1
4 18055 1
4 4235 1
4 12431 1
4 7313 1
4 3220 1
4 1049 1
4 14489 3
4 22175 1
4 20649 2
4 4267 1
4 22188 1
4 9901 1
4 8878 1
4 1711 1
4 12466 1
4 22198 1
4 12471 1
4 19133 2
4 703 4
4 705 1
4 13514 1
4 15735 1
4 10449 1
4 10963 1
4 7380 1
4 20695 1
4 11999 1
4 7397 1
4 745 1
4 8515 1
4 22252 1
4 4335 1
4 10482 1
4 14583 1
4 17659 1
4 18174 1
4 14081 1
4 4867 1
4 19716 3
4 7432 1
4 7433 2
4 16661 1
4 21782 3
4 2839 1
4 15641 1
4 6938 1
4 19238 1
4 7303 1
4 20270 1
4 21305 2
4 20794 1
4 4831 1
4 15676 1
4 833 1
4 834 1
4 3907 6
4 10566 1
4 328 1
4 8012 1
4 3408 1
4 11604 1
4 15190 2
4 4440 1
4 5092 1
4 19804 1
4 2399 1
4 4449 1
4 487 1
4 9069 1
4 11632 1
4 7537 1
4 15763 1
4 20343 1
4 8568 1
4 1405 1
4 6017 1
4 4417 1
4 17290 1
4 7570 1
4 7571 1
4 3991 1
4 12188 1
4 19364 1
4 15273 1
4 21419 1
4 11181 1
4 1967 1
4 14495 1
4 11708 1
4 22464 2
4 19396 1
4 13255 1
4 9167 4
4 9169 2
4 7637 1
4 7638 1
4 9687 1
4 11737 1
4 10205 1
4 3044 1
4 486 1
4 7655 1
4 7660 2
4 4589 1
4 20465 1
4 6484 2
5 6149 1
5 13832 1
5 15376 1
5 10259 1
5 7704 1
5 13849 1
5 22557 1
5 6687 1
5 42 1
5 3629 1
5 1076 2
5 7224 1
5 13881 1
5 59 1
5 3647 1
5 1092 1
5 7241 2
5 1099 1
5 13388 2
5 10832 1
5 1626 4
5 4862 1
5 18364 1
5 11887 1
5 14448 2
5 13425 1
5 15465 1
5 4217 1
5 14970 1
5 14649 1
5 22464 2
5 4238 1
5 7823 1
5 1048 2
5 19093 1
5 18071 1
5 14489 1
5 7329 1
5 13477 2
5 4267 4
5 10928 1
5 12465 1
5 19254 1
5 19124 1
5 3258 1
5 19133 4
5 4831 1
5 703 1
5 19766 1
5 6809 1
5 719 1
5 16592 1
5 8401 2
5 3285 2
5 20695 2
5 9167 2
5 11999 1
5 14579 1
5 15102 1
5 1280 1
5 15617 1
5 4867 1
5 854 1
5 6406 1
5 17169 2
5 1049 1
5 21782 3
5 8988 1
5 8479 1
5 5928 1
5 299 1
5 16691 1
5 16694 1
5 2873 1
5 21727 1
5 20285 1
5 4417 1
5 16706 1
5 17219 1
5 310 2
5 8012 2
5 1357 1
5 8015 2
5 21845 1
5 15190 4
5 21305 4
5 8536 1
5 19804 1
5 1375 2
5 22369 1
5 5993 1
5 9069 2
5 21874 1
5 12151 1
5 8569 1
5 12670 1
5 7041 1
5 7559 1
5 20874 1
5 20882 1
5 3991 1
5 4509 3
5 8607 6
5 17312 1
5 9122 2
5 12200 1
5 15273 1
5 16302 1
5 5552 1
5 15800 1
5 18876 1
5 448 1
5 20384 1
5 13255 1
5 15266 3
5 8013 1
5 464 1
5 15317 1
5 9686 1
5 12768 1
5 6651 1
5 487 2
5 20168 1
5 15856 1
5 20465 1
5 14324 1
5 18174 1
5 11771 1
5 6652 1
6 12288 2
6 4104 1
6 4110 1
6 17424 2
6 5142 2
6 14359 1
6 1048 3
6 13849 1
6 17435 1
6 18460 1
6 3620 1
6 20524 1
6 3629 1
6 7217 2
6 13875 1
6 12852 2
6 8250 1
6 15935 1
6 20547 1
6 8262 1
6 13388 3
6 13398 1
6 1626 1
6 22108 1
6 7777 1
6 15971 2
6 19048 2
6 19900 2
6 21613 1
6 15982 1
6 19901 1
6 7785 1
6 14970 1
6 21781 1
6 4227 1
6 13445 1
6 14985 1
6 8332 2
6 3217 2
6 2706 1
6 18071 1
6 14489 2
6 9887 2
6 7329 1
6 18086 1
6 4263 1
6 4267 1
6 10928 1
6 4276 1
6 3258 2
6 19133 3
6 22209 1
6 2763 1
6 8401 2
6 11992 1
6 7897 1
6 18140 1
6 15581 1
6 4831 1
6 10469 1
6 748 3
6 12018 1
6 14579 1
6 7550 1
6 5929 1
6 15617 1
6 12550 2
6 20234 1
6 3339 1
6 2834 1
6 2325 1
6 21782 1
6 8992 1
6 18209 1
6 20258 1
6 13873 1
6 3881 1
6 12076 1
6 14807 1
6 7471 3
6 16695 1
6 21305 3
6 19258 1
6 16701 1
6 8511 1
6 3393 1
6 15177 3
6 1357 1
6 8015 1
6 3408 1
6 11604 1
6 4438 1
6 6489 2
6 9050 2
6 16220 1
6 15199 1
6 22369 3
6 7313 1
6 5993 1
6 9069 1
6 21870 1
6 21874 2
6 11134 1
6 9600 1
6 3975 1
6 22252 2
6 17290 1
6 3468 1
6 15939 1
6 3992 1
6 11673 1
6 8607 2
6 17312 4
6 11760 1
6 15266 4
6 4516 1
6 1094 1
6 15273 2
6 17840 1
6 10679 1
6 18360 1
6 8636 2
6 7101 1
6 22464 4
6 18882 1
6 17484 2
6 5591 1
6 10206 1
6 6651 1
6 7147 2
6 15856 2
6 11763 1
6 20468 1
6 502 1
6 16888 1
6 11771 3
7 12288 1
7 6660 1
7 19464 1
7 9227 1
7 10766 1
7 4623 1
7 5142 1
7 13849 1
7 13851 1
7 22557 2
7 3621 1
7 19496 1
7 1067 1
7 4143 1
7 1076 1
7 2105 1
7 18528 2
7 12550 1
7 6217 1
7 17484 1
7 3151 1
7 10832 1
7 10851 1
7 4110 1
7 13398 1
7 5207 1
7 602 1
7 5391 1
7 7776 1
7 15971 1
7 19048 1
7 5741 1
7 21102 1
7 11887 1
7 14448 1
7 6770 1
7 14973 1
7 15491 1
7 4231 1
7 13452 1
7 3278 1
7 3220 3
7 8855 2
7 14489 1
7 9887 1
7 4263 1
7 11946 1
7 12975 1
7 16049 1
7 4276 1
7 12471 1
7 8892 1
7 19133 4
7 2239 1
7 14016 2
7 11461 1
7 20168 1
7 16588 1
7 2763 2
7 17612 1
7 718 1
7 3285 3
7 4310 1
7 20695 2
7 6878 1
7 4831 4
7 10467 1
7 7397 1
7 752 1
7 753 1
7 20722 1
7 12670 1
7 18174 1
7 1280 1
7 4867 1
7 2310 1
7 20234 3
7 16651 1
7 3340 1
7 15119 1
7 21781 1
7 17688 1
7 8988 1
7 8989 2
7 18208 1
7 17185 1
7 11555 1
7 5929 1
7 1834 1
7 3885 1
7 7471 2
7 1844 1
7 21305 4
7 8511 1
7 15170 1
7 16195 1
7 16197 1
7 8332 1
7 10573 1
7 12625 1
7 9067 1
7 9069 2
7 16787 1
7 18068 1
7 14716 1
7 1405 1
7 1918 2
7 1408 3
7 18818 1
7 20882 1
7 7571 1
7 11929 1
7 4509 1
7 8607 1
7 17312 3
7 15266 1
7 19364 1
7 4011 1
7 15279 1
7 7600 1
7 10680 1
7 18876 4
7 22464 1
7 449 1
7 18882 1
7 15820 1
7 5069 1
7 9167 1
7 21473 1
7 8683 2
7 11760 3
7 16882 1
7 499 2
7 12791 1
7 15866 2
7 11771 2
8 12288 2
8 16385 1
8 19460 1
8 16390 1
8 19464 1
8 9227 1
8 15893 2
8 1046 1
8 19493 1
8 8236 1
8 8753 1
8 1074 1
8 54 2
8 12354 1
8 1609 1
8 15434 1
8 588 1
8 11192 1
8 21586 1
8 13398 1
8 19544 1
8 13913 1
8 1627 1
8 18528 1
8 14448 1
8 6770 1
8 14969 1
8 18045 1
8 13951 1
8 21633 1
8 2179 2
8 19478 1
8 22209 2
8 7306 1
8 653 1
8 7313 1
8 9366 2
8 17063 1
8 15534 1
8 19741 1
8 12465 2
8 5815 1
8 19133 3
8 703 1
8 13504 2
8 12481 2
8 15556 1
8 14021 1
8 5331 1
8 633 1
8 22232 1
8 4831 1
8 2793 1
8 11601 1
8 3197 1
8 22258 1
8 14583 1
8 15609 1
8 15617 1
8 4867 1
8 19718 1
8 14088 2
8 19721 1
8 17163 1
8 4364 3
8 4227 1
8 16661 1
8 21782 4
8 2327 1
8 285 2
8 13445 1
8 17188 1
8 15751 1
8 11569 1
8 11571 1
8 21305 3
8 3392 2
8 4418 1
8 22339 2
8 21318 1
8 329 1
8 12625 3
8 19939 1
8 6484 1
8 15190 3
8 4441 1
8 1375 1
8 22368 1
8 13669 2
8 13670 1
8 9069 1
8 17774 1
8 20343 1
8 8568 1
8 8570 1
8 8571 1
8 19837 2
8 11651 1
8 20118 1
8 16775 2
8 16706 1
8 3992 2
8 9122 1
8 15273 1
8 21419 1
8 16302 1
8 16308 1
8 18360 1
8 19900 1
8 12223 1
8 15808 1
8 19396 1
8 15266 1
8 9686 1
8 10210 1
8 11771 1
8 21841 1
8 17899 1
8 11760 1
8 14324 1
8 6651 1
8 15869 1
9 15874 1
9 4438 1
9 14854 1
9 18004 1
9 19473 1
9 19478 1
9 4632 1
9 6687 1
9 3620 1
9 7601 1
9 22571 1
9 8236 1
9 8753 1
9 3636 1
9 17463 1
9 6713 2
9 58 1
9 12349 2
9 13887 2
9 3254 1
9 588 1
9 12878 1
9 3151 1
9 21586 1
9 7764 1
9 18005 1
9 13412 1
9 1626 2
9 18528 1
9 10340 1
9 10386 1
9 19048 3
9 15465 1
9 13930 1
9 17004 1
9 13933 1
9 14448 1
9 13937 2
9 6770 1
9 15209 1
9 17016 1
9 4219 1
9 3197 1
9 5246 1
9 6421 1
9 4032 1
9 12930 1
9 3203 1
9 11398 1
9 14017 1
9 8332 3
9 15298 1
9 1897 2
9 14482 1
9 6809 1
9 20642 1
9 15530 1
9 11436 1
9 20142 1
9 285 1
9 16049 1
9 19124 1
9 22198 2
9 6329 1
9 8892 1
9 19133 3
9 14016 2
9 12481 1
9 20168 1
9 19145 1
9 7380 1
9 20695 5
9 5337 2
9 17121 1
9 17123 1
9 17637 1
9 14973 1
9 3878 1
9 8967 1
9 18185 1
9 270 1
9 17170 1
9 18222 1
9 4886 1
9 2839 1
9 21784 1
9 8989 2
9 16773 1
9 292 1
9 6790 1
9 20774 1
9 5415 1
9 6446 2
9 7471 2
9 5936 1
9 1841 1
9 6965 1
9 19257 1
9 8511 1
9 15170 1
9 17225 1
9 14667 2
9 3408 1
9 12625 1
9 22358 1
9 21305 3
9 3419 1
9 860 1
9 8421 1
9 8041 1
9 5994 1
9 364 1
9 9069 3
9 9072 1
9 9074 3
9 14714 1
9 901 1
9 1415 3
9 18924 1
9 15754 1
9 20882 2
9 5527 1
9 5529 2
9 13723 1
9 4509 1
9 7582 2
9 4003 1
9 9637 1
9 15273 1
9 18862 1
9 18865 1
9 10162 1
9 10679 1
9 18876 1
9 4030 1
9 22464 1
9 11714 1
9 6090 1
9 5069 1
9 646 1
9 9167 1
9 9170 1
9 7637 2
9 10205 1
9 18911 1
9 6630 1
9 7660 2
9 15442 1
9 1518 1
9 16367 1
9 11760 1
9 502 1
9 14327 1
9 15865 1
9 15866 4
9 13819 1
10 12288 1
10 19460 1
10 7686 1
10 4115 1
10 1046 1
10 4635 1
10 9759 1
10 4128 1
10 1579 1
10 3629 1
10 3131 2
10 13885 1
10 13887 3
10 12354 1
10 20547 1
10 3652 1
10 17484 1
10 590 1
10 4691 1
10 7777 1
10 18022 1
10 19048 2
10 15465 1
10 622 1
10 8815 1
10 14448 3
10 13937 4
10 6770 2
10 15987 1
10 21620 1
10 21110 1
10 4217 1
10 19580 1
10 21632 1
10 3203 1
10 13957 1
10 18056 1
10 13961 1
10 10890 1
10 14475 1
10 8332 1
10 2706 1
10 20629 1
10 19140 1
10 4540 1
10 11428 3
10 15528 1
10 20142 1
10 22200 1
10 2745 2
10 3258 1
10 7455 1
10 19133 1
10 10431 1
10 18628 1
10 20168 2
10 22223 1
10 18128 2
10 7380 1
10 14037 1
10 14543 1
10 11999 2
10 17121 2
10 6375 3
10 6377 2
10 22252 2
10 12529 1
10 11134 1
10 5885 1
10 1280 1
10 4868 1
10 2309 1
10 12550 1
10 4364 1
10 6414 1
10 18191 1
10 6982 1
10 18197 1
10 22295 1
10 8988 1
10 8989 1
10 13445 1
10 20256 1
10 20260 1
10 3881 1
10 13611 1
10 21295 1
10 1844 1
10 6622 3
10 3894 1
10 21305 1
10 4831 1
10 20285 1
10 1855 2
10 3392 1
10 8515 1
10 1350 2
10 14667 1
10 20303 1
10 22354 1
10 4438 1
10 9047 1
10 5433 1
10 22373 1
10 15206 1
10 1897 1
10 14698 1
10 16103 1
10 9069 3
10 9074 1
10 14714 1
10 21102 2
10 1918 1
10 16773 2
10 1414 1
10 1415 4
10 1420 1
10 18477 1
10 409 1
10 5700 1
10 7578 1
10 13723 1
10 12189 1
10 7582 1
10 17312 2
10 9122 1
10 4005 2
10 15273 2
10 11178 1
10 7600 1
10 1457 1
10 9142 1
10 1976 1
10 16825 1
10 19900 2
10 22464 4
10 7584 1
10 15751 1
10 13255 3
10 15820 1
10 15266 1
10 464 1
10 9684 1
10 7637 1
10 18393 1
10 10206 2
10 12255 1
10 6651 1
10 13799 1
10 18924 1
10 11760 2
10 14324 1
10 14327 1
10 15866 2
10 11771 2
10 6652 1
11 12288 2
11 1074 1
11 19460 1
11 7 1
11 16396 1
11 16913 1
11 2578 2
11 4867 1
11 15193 2
11 13849 1
11 6687 2
11 4128 1
11 3621 1
11 22571 2
11 3629 1
11 7217 1
11 16434 1
11 1076 1
11 12349 2
11 3652 1
11 1606 1
11 1607 1
11 12360 1
11 20236 1
11 12471 1
11 5719 1
11 1380 1
11 1626 2
11 18528 1
11 18876 2
11 6770 1
11 12051 1
11 5246 1
11 5760 1
11 3203 1
11 13451 1
11 12446 1
11 683 1
11 22188 2
11 15534 1
11 13488 1
11 3254 1
11 20151 1
11 15903 1
11 7868 1
11 19133 3
11 4799 1
11 12481 1
11 10436 1
11 20168 1
11 10963 2
11 14037 2
11 20695 3
11 11992 1
11 14046 1
11 7903 1
11 7904 1
11 13025 1
11 7394 1
11 7399 1
11 745 1
11 14583 1
11 11007 1
11 17451 1
11 18185 1
11 20234 1
11 4364 2
11 5251 1
11 18197 1
11 285 1
11 7455 1
11 11040 1
11 290 1
11 5929 2
11 12588 1
11 11570 1
11 7471 1
11 5936 1
11 15666 1
11 6622 1
11 21305 3
11 13120 1
11 833 1
11 19785 1
11 17741 1
11 20303 1
11 3408 1
11 16721 1
11 6484 2
11 4438 1
11 1369 1
11 11098 1
11 5988 1
11 9069 2
11 8571 1
11 15036 1
11 16891 1
11 3392 1
11 18818 3
11 1415 1
11 7660 1
11 1421 1
11 20882 1
11 3992 1
11 11332 1
11 7581 1
11 7582 1
11 11760 1
11 4002 1
11 4003 1
11 18852 1
11 15275 1
11 18505 1
11 19900 1
11 11714 2
11 17359 1
11 464 1
11 17231 1
11 10717 1
11 10206 2
11 800 1
11 11771 1
11 18924 1
11 15856 1
11 6651 1
11 15869 1
12 8193 1
12 15874 1
12 4611 1
12 12309 1
12 22551 4
12 11293 1
12 15903 1
12 15393 1
12 603 1
12 6695 1
12 8749 1
12 8238 1
12 3636 1
12 11334 1
12 19553 2
12 15432 1
12 74 1
12 588 2
12 9294 1
12 21586 1
12 12891 1
12 7777 1
12 9832 1
12 15465 1
12 21102 1
12 6770 1
12 1140 1
12 15486 1
12 18197 1
12 16512 1
12 3201 1
12 2179 1
12 13445 1
12 7303 1
12 12426 1
12 13963 1
12 7313 1
12 11931 1
12 16543 1
12 19619 1
12 6309 1
12 10407 1
12 4267 1
12 2224 1
12 14001 1
12 20147 1
12 5301 1
12 4278 1
12 5443 1
12 19133 1
12 14016 1
12 20167 1
12 13516 1
12 10452 2
12 7397 1
12 10972 1
12 10975 1
12 13026 1
12 4836 1
12 8421 1
12 9458 1
12 248 1
12 7612 1
12 3330 1
12 16132 1
12 16513 1
12 20234 2
12 4364 1
12 4142 1
12 6791 1
12 1841 1
12 21305 1
12 3900 1
12 16190 1
12 19263 4
12 3907 2
12 12100 1
12 17225 1
12 2018 1
12 12625 1
12 4434 1
12 2905 1
12 14682 2
12 15709 1
12 1375 1
12 1889 1
12 2407 1
12 9069 5
12 4837 1
12 12151 1
12 8568 1
12 17790 1
12 1924 1
12 19347 1
12 20384 1
12 18853 1
12 1959 1
12 12200 1
12 18876 3
12 22464 2
12 11714 1
12 13763 1
12 9167 1
12 19408 1
12 9169 1
12 18393 1
12 6622 1
12 14306 1
12 1275 1
12 8683 1
12 10225 1
12 7160 1
12 15866 1
12 4654 1
13 12288 1
13 8449 1
13 19460 1
13 14725 3
13 13889 1
13 11293 1
13 18023 1
13 19551 1
13 3991 1
13 4364 1
13 12354 1
13 2063 1
13 1168 2
13 10264 1
13 18197 2
13 22551 6
13 1650 1
13 281 3
13 12891 1
13 1305 1
13 22557 2
13 16030 2
13 15903 1
13 17312 2
13 290 1
13 19619 2
13 13849 1
13 10407 1
13 10408 1
13 3975 1
13 8236 4
13 11821 1
13 3758 1
13 5295 1
13 5554 1
13 19124 1
13 12342 1
13 15671 1
13 15672 1
13 58 1
13 59 1
13 4799 1
13 8512 1
13 20384 1
13 11714 9
13 11334 2
13 15432 1
13 17225 1
13 15434 1
13 5687 1
13 9901 1
13 17229 1
13 20686 7
13 20303 1
13 15096 2
13 21586 1
13 16035 3
13 5973 1
13 11694 1
13 12760 2
13 11737 1
13 22234 1
13 1167 2
13 13532 2
13 18222 1
13 16224 2
13 9232 1
13 16272 1
13 2309 1
13 7527 1
13 7528 1
13 873 1
13 16363 2
13 17004 1
13 20151 1
13 11887 1
13 7409 1
13 18162 3
13 14584 1
13 6651 1
13 5246 3
13 7829 1
14 12288 1
14 7684 2
14 22542 1
14 22551 1
14 10264 1
14 16132 2
14 4122 1
14 22557 2
14 15903 4
14 8539 1
14 3621 1
14 9777 1
14 1076 1
14 3130 1
14 8765 1
14 64 1
14 15432 2
14 1099 1
14 12878 1
14 21586 1
14 5717 1
14 1627 1
14 19553 1
14 7782 1
14 1639 1
14 15465 1
14 14448 1
14 11889 2
14 13428 1
14 7785 2
14 10360 1
14 3197 1
14 3201 1
14 646 1
14 12426 1
14 20109 1
14 1167 3
14 15508 2
14 18593 1
14 10407 2
14 9901 1
14 12465 3
14 12466 1
14 5301 1
14 2745 1
14 6331 1
14 2243 1
14 10441 1
14 15567 1
14 21202 2
14 7380 1
14 7897 1
14 13532 1
14 7901 1
14 19493 1
14 21733 1
14 14583 1
14 15096 1
14 14592 1
14 8449 1
14 4868 2
14 2310 1
14 16135 1
14 18191 1
14 7952 1
14 13073 1
14 7451 1
14 8989 2
14 12677 1
14 6432 1
14 11555 1
14 19238 1
14 12589 1
14 7471 3
14 10555 1
14 6464 3
14 15170 1
14 14673 1
14 4433 1
14 5970 1
14 5972 1
14 14677 1
14 16215 1
14 18267 1
14 1886 1
14 1887 1
14 22368 1
14 7527 1
14 15208 1
14 7529 1
14 3047 1
14 11632 1
14 7041 1
14 1922 1
14 14725 1
14 10636 1
14 15763 1
14 15774 1
14 17823 1
14 17312 3
14 18851 1
14 22437 1
14 12716 1
14 5551 4
14 5554 1
14 11708 1
14 4541 1
14 15820 1
14 9169 1
14 7637 1
14 2523 1
14 10208 1
14 11771 1
14 12625 3
14 1000 1
14 11760 1
14 4601 1
14 4090 1
14 6651 2
14 13821 1
15 5632 1
15 5635 1
15 19460 1
15 13833 1
15 4115 1
15 13848 1
15 16132 1
15 15387 1
15 13316 1
15 15903 2
15 9777 1
15 6711 1
15 11832 1
15 8765 1
15 8771 1
15 22369 2
15 7752 1
15 15434 1
15 13389 1
15 6464 3
15 5716 1
15 5717 1
15 15432 2
15 5210 1
15 1627 1
15 15971 1
15 15976 2
15 21613 1
15 11887 1
15 19056 1
15 13937 1
15 6770 1
15 13428 1
15 10360 1
15 633 1
15 5760 1
15 14978 1
15 18052 1
15 13445 1
15 646 2
15 13451 2
15 19596 1
15 11927 1
15 14488 1
15 6809 1
15 12446 1
15 10407 1
15 10408 1
15 22188 1
15 9901 1
15 12465 3
15 17593 1
15 13772 1
15 20343 1
15 721 1
15 22232 1
15 10975 1
15 15584 1
15 7633 1
15 18174 1
15 11007 1
15 19712 1
15 8449 2
15 17154 1
15 19716 1
15 2310 1
15 17162 2
15 3339 1
15 9485 1
15 13073 1
15 4884 1
15 18197 1
15 21295 3
15 2348 1
15 12589 1
15 18222 1
15 7471 1
15 9522 1
15 5433 1
15 20285 1
15 8512 1
15 328 1
15 17225 1
15 10573 1
15 11600 1
15 12625 2
15 14677 1
15 8539 1
15 1887 2
15 1889 1
15 1378 1
15 6512 1
15 13681 1
15 6514 1
15 12663 1
15 12673 1
15 21891 1
15 8075 1
15 19347 1
15 15764 1
15 917 1
15 3991 1
15 4509 1
15 17312 3
15 15856 1
15 18852 2
15 15273 1
15 5551 1
15 5448 3
15 9145 1
15 22464 2
15 11714 1
15 13766 1
15 15820 1
15 4558 1
15 9167 1
15 9169 1
15 7637 2
15 10206 1
15 16366 1
15 3392 1
15 15528 1
15 7160 1
15 6651 3
15 6652 1
16 12288 2
16 8705 1
16 22358 1
16 11273 1
16 7690 1
16 14509 1
16 22032 1
16 2578 1
16 4116 2
16 22551 2
16 2394 2
16 13854 1
16 19035 3
16 8747 1
16 5682 1
16 1076 1
16 12342 1
16 7224 1
16 863 1
16 573 1
16 12354 1
16 21586 1
16 8261 1
16 22369 1
16 15432 3
16 18364 1
16 588 1
16 10832 1
16 13905 2
16 15442 1
16 3171 1
16 6741 1
16 603 1
16 15971 1
16 16998 1
16 19048 1
16 7785 2
16 13418 1
16 21102 1
16 14448 1
16 6770 1
16 13428 1
16 5750 1
16 5240 1
16 5311 1
16 18197 1
16 646 1
16 12944 1
16 12945 1
16 9875 1
16 1686 1
16 19607 1
16 14488 1
16 9887 1
16 16544 1
16 10408 1
16 17067 1
16 9901 1
16 7343 1
16 10928 2
16 19634 1
16 4799 1
16 14016 1
16 6342 1
16 20168 1
16 17016 1
16 3796 1
16 12501 2
16 11999 1
16 13026 2
16 8421 2
16 22225 1
16 10985 1
16 22252 2
16 17648 1
16 17148 1
16 18686 1
16 14592 1
16 16427 1
16 18185 2
16 4364 1
16 1922 1
16 17169 1
16 17172 1
16 16661 1
16 21782 2
16 21295 1
16 8989 1
16 13611 1
16 7471 1
16 15666 3
16 8502 2
16 5433 1
16 4417 1
16 19782 1
16 17225 1
16 21841 1
16 21845 1
16 15190 1
16 7514 2
16 8539 3
16 19804 1
16 7517 1
16 15199 2
16 15201 1
16 1887 1
16 59 1
16 10096 1
16 7540 1
16 6517 1
16 12663 1
16 5498 1
16 18818 2
16 9092 1
16 3991 1
16 22418 2
16 10644 1
16 5014 1
16 14743 1
16 4509 3
16 17823 1
16 4003 1
16 15784 1
16 12201 1
16 9644 1
16 1460 1
16 13238 1
16 1466 1
16 19900 1
16 11710 1
16 22464 1
16 11714 2
16 13763 2
16 15817 1
16 11724 2
16 7120 1
16 9170 1
16 7637 1
16 16342 1
16 6622 1
16 19939 2
16 2130 1
16 11749 1
16 4070 1
16 12625 1
16 13803 1
16 10733 1
16 11760 1
16 12712 1
16 502 1
16 15273 2
16 15864 1
16 2915 1
17 10244 1
17 17943 1
17 12825 1
17 18975 1
17 7200 1
17 1063 1
17 1069 1
17 13873 1
17 8243 1
17 1076 1
17 12341 1
17 2525 1
17 20547 3
17 7237 2
17 12897 1
17 8268 1
17 8272 1
17 3160 1
17 9305 1
17 15119 1
17 19550 1
17 19553 1
17 14949 1
17 7782 1
17 13418 1
17 15981 1
17 6770 1
17 3203 1
17 13445 1
17 6790 1
17 6791 1
17 12433 1
17 18068 1
17 5804 1
17 13488 1
17 12471 1
17 3258 1
17 19133 1
17 4831 1
17 22219 1
17 18628 1
17 2245 1
17 13515 1
17 718 1
17 15736 1
17 3796 2
17 11992 1
17 15579 1
17 5340 1
17 10975 1
17 8421 1
17 753 1
17 1798 1
17 17163 1
17 3629 2
17 19731 2
17 19732 2
17 21782 2
17 5400 1
17 8989 1
17 16159 1
17 9777 1
17 18222 1
17 7471 1
17 1841 1
17 14387 2
17 6622 1
17 2873 1
17 11999 1
17 17973 1
17 4418 1
17 6982 1
17 17740 1
17 846 1
17 4433 1
17 21305 1
17 4441 2
17 21850 1
17 22369 1
17 8550 1
17 12663 1
17 8568 1
17 12153 1
17 10630 1
17 3468 1
17 15939 1
17 21397 1
17 3991 2
17 6561 1
17 1442 1
17 18851 1
17 20388 1
17 15273 2
17 4011 1
17 15279 1
17 9139 1
17 22455 1
17 5051 1
17 5052 1
17 5053 1
17 22464 1
17 13763 1
17 7110 2
17 15820 1
17 15266 1
17 9167 1
17 7633 1
17 9684 1
17 561 1
17 11737 1
17 10205 1
17 10206 1
17 14306 1
17 12625 1
17 7147 1
17 11245 1
17 16366 1
17 4601 1
17 11771 1
