1 20225 1
1 4867 1
1 3332 1
1 12558 1
1 4491 1
1 4364 1
1 16654 1
1 8079 1
1 4240 1
1 17041 1
1 16835 1
1 12441 1
1 18863 1
1 13316 1
1 7455 1
1 18080 1
1 16417 1
1 9639 1
1 3629 1
1 1501 1
1 689 1
1 9069 1
1 4019 1
1 12341 1
1 3127 1
1 9887 1
1 18108 1
1 19133 1
1 4496 1
1 8587 1
1 17608 1
1 1099 1
1 20429 1
1 20303 1
1 7635 1
1 14677 2
1 15574 1
1 9047 1
1 22232 1
1 12717 1
1 8015 1
1 8669 1
1 10974 1
1 8421 1
1 19553 1
1 19938 1
1 4837 1
1 12390 1
1 3943 1
1 19900 1
1 8636 1
1 19460 1
1 9067 1
1 18797 1
1 2673 1
1 1266 1
1 17016 2
1 12153 1
1 13435 1
1 1918 1
1 10453 1
2 9558 1
2 2990 1
2 22551 1
2 9755 1
2 15903 1
2 554 1
2 1068 1
2 6702 1
2 3636 1
2 9270 1
2 15432 1
2 15434 1
2 11851 1
2 22094 1
2 21586 1
2 13398 1
2 12891 1
2 18528 1
2 19555 1
2 21613 1
2 11887 2
2 13937 1
2 15987 1
2 20604 1
2 12428 1
2 8387 1
2 4263 2
2 14509 1
2 19122 1
2 19124 1
2 15032 1
2 2747 2
2 2243 1
2 9425 1
2 7899 1
2 12010 1
2 12019 1
2 1269 1
2 22262 1
2 22272 1
2 4867 1
2 4868 4
2 4364 1
2 17170 1
2 6419 1
2 5398 1
2 2328 1
2 21295 1
2 797 1
2 6943 1
2 17185 1
2 7471 1
2 10545 1
2 15666 1
2 19769 1
2 21312 1
2 1858 1
2 22340 1
2 8015 3
2 6483 1
2 14677 3
2 4950 1
2 10592 1
2 7011 1
2 2407 1
2 5994 1
2 9069 2
2 11632 1
2 20343 1
2 15736 1
2 14713 1
2 8571 1
2 1918 1
2 14725 1
2 4486 1
2 4488 1
2 14730 1
2 7584 1
2 13730 1
2 17315 1
2 5028 1
2 11692 1
2 16814 1
2 432 1
2 9145 1
2 4029 1
2 15808 1
2 8641 2
2 13255 1
2 15820 1
2 9167 1
2 19408 1
2 8782 1
2 18391 1
2 2523 1
2 17372 1
2 999 1
2 7147 1
2 16367 1
2 1019 1
2 6652 2
3 1152 1
3 14592 1
3 4868 1
3 3974 1
3 4359 1
3 4364 2
3 5390 1
3 15119 2
3 22032 1
3 659 1
3 15982 1
3 2712 1
3 12825 3
3 12191 1
3 3493 1
3 19238 1
3 7463 1
3 15273 1
3 4110 1
3 16775 1
3 8749 1
3 6702 1
3 9777 1
3 15857 1
3 18197 1
3 16181 1
3 21305 1
3 3258 1
3 3260 1
3 19133 1
3 3392 1
3 11714 2
3 4547 1
3 7109 1
3 5321 1
3 7755 1
3 16753 1
3 3408 1
3 12625 1
3 10963 1
3 3975 1
3 14677 1
3 13398 1
3 9047 1
3 7 1
3 5085 1
3 18528 1
3 19939 1
3 19172 1
3 8422 1
3 7915 1
3 9069 1
3 7150 1
3 7537 1
3 1266 1
3 9875 1
3 21364 1
3 18174 1
3 14969 1
3 4603 2
3 85 1
3 12799 2
4 9 1
4 13834 1
4 22027 1
4 4110 1
4 22032 6
4 12823 1
4 12825 9
4 17435 2
4 22557 2
4 11808 1
4 2596 1
4 15793 1
4 22572 1
4 3629 3
4 5764 1
4 12852 1
4 19124 2
4 21961 1
4 18955 1
4 16968 1
4 4452 1
4 13388 1
4 13389 2
4 19555 1
4 85 1
4 9816 2
4 9817 1
4 602 1
4 21861 1
4 19131 1
4 9831 2
4 18108 1
4 19563 1
4 21613 1
4 14448 1
4 19060 1
4 7870 1
4 3702 1
4 17016 1
4 15482 1
4 19580 1
4 18046 1
4 1152 1
4 448 1
4 12930 1
4 19588 1
4 15794 1
4 12429 1
4 17041 2
4 6290 1
4 9875 1
4 7829 1
4 1174 1
4 22297 1
4 16539 1
4 14495 1
4 18080 1
4 673 1
4 18759 1
4 13477 1
4 11122 1
4 20147 1
4 1716 1
4 20151 1
4 3258 1
4 20155 2
4 3260 1
4 19133 3
4 4831 2
4 2239 1
4 886 1
4 20168 1
4 20343 1
4 11471 1
4 10449 1
4 20690 1
4 11477 1
4 18140 1
4 17629 1
4 7903 1
4 464 1
4 20194 1
4 8419 1
4 8421 1
4 7633 1
4 5352 2
4 5354 1
4 4843 1
4 22252 1
4 22258 1
4 18173 1
4 14592 3
4 588 4
4 4867 2
4 17156 1
4 8236 1
4 16651 2
4 4364 3
4 10884 1
4 7451 1
4 10972 1
4 7471 1
4 15666 1
4 19256 1
4 21305 3
4 10975 1
4 20284 2
4 19378 1
4 21319 1
4 3408 1
4 1336 1
4 9554 1
4 18773 1
4 5433 1
4 21849 1
4 868 1
4 2552 1
4 15723 1
4 9069 2
4 21874 1
4 11125 1
4 16758 1
4 12151 1
4 14716 1
4 1922 1
4 13462 1
4 3974 2
4 8583 1
4 18312 1
4 15754 1
4 4493 1
4 4496 1
4 20882 3
4 6036 1
4 17818 1
4 15773 1
4 4276 1
4 22442 1
4 4011 1
4 15790 1
4 15432 1
4 5554 1
4 1976 1
4 11193 1
4 9887 1
4 4030 1
4 22464 1
4 16972 1
4 14798 1
4 9167 1
4 16848 1
4 2040 1
4 7635 1
4 7638 1
4 20952 1
4 10721 1
4 14306 1
4 11771 1
4 12360 1
4 12625 1
4 489 1
4 4074 1
4 22508 1
4 8184 1
4 4602 1
4 13819 1
4 6652 2
4 15869 1
4 2559 1
5 9729 1
5 13316 1
5 12805 1
5 16902 1
5 7937 1
5 14423 1
5 22032 2
5 5464 1
5 21761 1
5 7854 1
5 12823 3
5 12825 2
5 547 1
5 2596 1
5 18182 1
5 1576 2
5 18473 1
5 1578 4
5 22571 1
5 8749 2
5 7216 2
5 8753 1
5 12852 2
5 3633 1
5 15431 1
5 13887 2
5 12354 1
5 7777 1
5 6924 1
5 13388 2
5 13901 1
5 15438 1
5 269 1
5 21586 2
5 3171 1
5 18005 1
5 86 1
5 5207 1
5 9816 1
5 9817 2
5 6234 1
5 9821 1
5 18528 1
5 19553 1
5 19554 2
5 5219 1
5 16997 1
5 22118 1
5 7785 1
5 8815 1
5 8817 1
5 6078 1
5 8041 1
5 2686 1
5 18049 1
5 12930 1
5 5251 1
5 5252 1
5 13445 1
5 10646 1
5 4234 2
5 7618 1
5 9535 2
5 659 1
5 15514 1
5 13979 1
5 18077 1
5 11422 1
5 7840 1
5 13478 2
5 13937 1
5 10408 1
5 5063 1
5 8364 1
5 3758 1
5 2222 1
5 19124 2
5 694 1
5 12471 2
5 19133 2
5 2755 2
5 9924 1
5 20168 1
5 13516 1
5 22220 2
5 14542 1
5 14543 1
5 3229 1
5 9145 1
5 1234 1
5 22229 1
5 20695 2
5 11482 1
5 19675 1
5 19460 1
5 10975 1
5 21733 1
5 19174 1
5 21735 1
5 8425 1
5 7915 1
5 21714 1
5 2292 1
5 5246 1
5 14270 1
5 10488 1
5 17151 1
5 1280 2
5 8449 2
5 13570 1
5 4868 2
5 13573 1
5 4870 1
5 16649 1
5 2314 1
5 18592 1
5 4364 2
5 5389 2
5 2832 1
5 4881 2
5 18197 2
5 11737 1
5 5764 1
5 10522 1
5 7471 2
5 20764 1
5 797 1
5 21552 1
5 15579 1
5 4901 1
5 5415 1
5 4392 1
5 1415 1
5 16175 1
5 5428 1
5 7992 1
5 5433 1
5 20284 1
5 20285 1
5 9022 1
5 831 1
5 21312 1
5 21828 1
5 21832 1
5 17737 1
5 11088 1
5 18769 1
5 19794 1
5 11604 1
5 9558 1
5 21305 2
5 2904 1
5 8540 1
5 18490 1
5 2399 1
5 22368 1
5 15201 1
5 16700 2
5 5994 1
5 7911 1
5 9069 4
5 7485 1
5 15218 1
5 13389 1
5 12151 1
5 15736 1
5 12153 1
5 14399 1
5 7036 1
5 3966 1
5 14725 2
5 15751 1
5 1420 1
5 11152 1
5 15762 1
5 19347 1
5 21910 1
5 409 1
5 11672 1
5 14233 1
5 12188 1
5 1437 1
5 13727 1
5 20384 1
5 4002 1
5 6054 1
5 15273 2
5 12203 1
5 15791 1
5 20912 1
5 7089 3
5 13234 1
5 9139 1
5 12725 1
5 9142 1
5 7095 1
5 15288 1
5 4537 1
5 10173 1
5 14782 1
5 6080 2
5 21953 2
5 11714 2
5 19396 1
5 13255 1
5 8268 1
5 12746 1
5 14592 4
5 9167 1
5 16851 1
5 9684 1
5 12878 1
5 21975 1
5 18393 1
5 15841 1
5 18406 1
5 16367 2
5 10920 1
5 3060 1
5 6652 1
6 12288 2
6 14592 2
6 12805 1
6 21761 1
6 8 1
6 22032 4
6 12823 4
6 12825 5
6 4634 1
6 1455 1
6 547 1
6 4647 1
6 1576 1
6 18473 1
6 1578 7
6 3591 1
6 8236 1
6 15917 1
6 7216 2
6 1076 1
6 11325 1
6 3134 3
6 22082 1
6 1607 1
6 12878 2
6 592 1
6 593 1
6 21586 1
6 595 1
6 18005 6
6 86 2
6 6234 4
6 3171 1
6 22119 1
6 15266 1
6 2667 2
6 10862 3
6 14448 1
6 14270 1
6 6269 1
6 5248 1
6 12930 3
6 10859 2
6 5764 1
6 13963 3
6 12429 1
6 9875 1
6 15982 1
6 22167 1
6 2203 1
6 12446 1
6 6816 1
6 20642 3
6 13477 1
6 13478 2
6 13255 1
6 797 3
6 16048 1
6 8803 1
6 19124 3
6 12471 1
6 11449 1
6 3258 1
6 8892 5
6 19133 1
6 7870 1
6 12481 1
6 14020 1
6 9419 1
6 20695 2
6 5340 1
6 4831 2
6 10976 1
6 8425 2
6 17141 2
6 10793 1
6 11003 1
6 1280 1
6 8449 3
6 15403 1
6 2309 1
6 3337 1
6 20237 1
6 2832 1
6 7451 1
6 8988 2
6 8989 1
6 7455 1
6 7457 1
6 299 1
6 18229 1
6 21305 1
6 5435 1
6 9535 2
6 8514 1
6 4235 1
6 21828 2
6 16197 2
6 8518 1
6 21832 1
6 9033 1
6 17227 1
6 3408 1
6 12625 1
6 11604 1
6 854 1
6 19803 1
6 9054 1
6 16223 1
6 22368 1
6 16226 1
6 5988 1
6 15206 1
6 5994 2
6 9069 5
6 13885 1
6 13682 2
6 3958 4
6 20343 1
6 3961 1
6 7036 1
6 15850 1
6 1918 1
6 1922 1
6 905 1
6 16782 1
6 19348 1
6 5527 1
6 20384 1
6 4002 4
6 5034 1
6 15431 1
6 16301 1
6 12852 1
6 7089 2
6 15794 1
6 7092 1
6 20638 1
6 4030 1
6 7617 1
6 13763 1
6 5063 1
6 20429 1
6 8669 1
6 19939 1
6 4581 1
6 21841 1
6 16362 1
6 16366 1
6 16367 1
6 4593 1
6 16372 2
6 7765 1
7 1280 1
7 13316 1
7 7687 2
7 19464 1
7 20490 1
7 22032 5
7 12825 5
7 9755 1
7 1571 1
7 1578 1
7 555 1
7 15404 1
7 3629 4
7 1074 1
7 8761 1
7 12354 1
7 3652 2
7 12360 1
7 602 1
7 15971 1
7 14448 2
7 13937 1
7 14969 1
7 15996 1
7 20094 1
7 13952 1
7 15491 1
7 4234 1
7 15500 1
7 9875 1
7 11925 1
7 1174 1
7 6809 1
7 13478 1
7 17067 2
7 22188 1
7 2224 1
7 20147 1
7 19124 1
7 5302 1
7 20155 1
7 8892 1
7 19133 5
7 4291 1
7 20168 3
7 12151 1
7 10449 6
7 20690 1
7 7892 1
7 20695 6
7 6875 1
7 14574 1
7 14592 4
7 16650 1
7 16653 1
7 5391 1
7 2323 1
7 3353 3
7 8479 1
7 7218 1
7 21305 5
7 19258 1
7 15681 1
7 5443 1
7 328 1
7 13129 1
7 17740 1
7 15184 1
7 21841 1
7 21330 1
7 5459 1
7 11604 1
7 16725 1
7 19803 1
7 22369 2
7 7010 1
7 9069 2
7 9072 1
7 13681 1
7 884 1
7 16757 1
7 3958 1
7 12663 3
7 17788 1
7 1918 1
7 1415 1
7 398 1
7 7055 1
7 20882 1
7 15856 1
7 4002 2
7 4003 1
7 16806 1
7 4011 1
7 12716 1
7 5554 3
7 17225 1
7 6078 1
7 22464 4
7 13763 1
7 460 1
7 15266 1
7 16848 1
7 7637 2
7 21980 1
7 16366 1
7 15855 1
7 7664 1
7 20468 2
7 15864 1
7 13819 1
7 6652 1
8 12288 5
8 12800 1
8 7683 1
8 19460 1
8 16902 1
8 13832 1
8 12716 1
8 22032 4
8 12823 1
8 13848 1
8 12825 8
8 15903 1
8 2596 1
8 1578 1
8 22571 1
8 3629 2
8 16431 1
8 560 1
8 19238 1
8 18483 1
8 12852 2
8 573 1
8 578 1
8 1092 1
8 12360 1
8 18505 2
8 588 2
8 13389 1
8 12878 1
8 12880 1
8 21586 1
8 7764 1
8 10837 1
8 15448 2
8 8797 1
8 15717 1
8 15971 1
8 20155 1
8 21097 1
8 13418 1
8 14448 6
8 21617 1
8 21618 1
8 21107 1
8 633 2
8 20095 1
8 646 1
8 1671 1
8 12426 1
8 8333 1
8 4238 2
8 1167 2
8 2705 2
8 9875 1
8 11925 1
8 1305 2
8 12446 1
8 14495 1
8 5488 1
8 19619 2
8 10928 1
8 19126 1
8 16835 1
8 698 1
8 7455 1
8 19133 4
8 7870 2
8 21696 1
8 10434 1
8 20165 2
8 6342 1
8 20168 6
8 20686 1
8 16592 1
8 10449 6
8 10963 1
8 7892 1
8 3285 1
8 20695 11
8 11992 1
8 1757 1
8 4831 3
8 18214 1
8 5352 1
8 8425 1
8 12013 2
8 14574 1
8 7409 1
8 14583 2
8 42 1
8 14592 2
8 4867 2
8 4868 1
8 16135 1
8 3339 1
8 4364 5
8 20237 1
8 18191 1
8 18197 2
8 3351 1
8 17688 1
8 3353 4
8 18207 1
8 10532 1
8 20774 1
8 5928 1
8 6441 2
8 18222 1
8 17200 1
8 1841 1
8 21305 4
8 19258 1
8 4234 2
8 4414 1
8 6979 1
8 16197 1
8 21318 1
8 17225 1
8 45 1
8 3408 1
8 12625 1
8 3412 1
8 4438 2
8 9047 1
8 18267 1
8 861 1
8 22369 1
8 7010 2
8 15205 1
8 17041 1
8 9069 1
8 1410 1
8 9583 1
8 9072 1
8 11121 1
8 21875 1
8 21364 1
8 12663 1
8 12664 1
8 1405 1
8 17790 1
8 13695 1
8 1408 1
8 1922 3
8 15751 1
8 12354 1
8 5554 1
8 20882 3
8 16787 1
8 21230 1
8 6039 1
8 7236 1
8 7584 1
8 12200 1
8 9644 1
8 15790 1
8 15794 1
8 1460 2
8 329 1
8 1464 1
8 1465 2
8 1466 2
8 7823 1
8 4030 1
8 22464 4
8 21953 1
8 11714 2
8 13763 3
8 7109 1
8 4555 2
8 460 1
8 17741 1
8 9169 1
8 7637 1
8 20952 1
8 16195 1
8 22500 1
8 6630 1
8 10218 1
8 8685 1
8 13821 3
8 4593 1
8 3058 1
8 15869 1
8 85 1
8 11263 1
9 9600 1
9 1922 2
9 17451 2
9 19461 1
9 17424 1
9 7687 1
9 12426 1
9 22295 1
9 4493 1
9 5391 1
9 22032 1
9 13841 1
9 2706 3
9 9875 1
9 9111 2
9 12825 6
9 11931 1
9 11932 1
9 21405 1
9 15774 1
9 901 1
9 4002 3
9 20059 1
9 3621 1
9 11046 1
9 3057 1
9 1576 1
9 18857 1
9 3626 1
9 3975 1
9 22572 1
9 4397 1
9 20526 1
9 12852 1
9 17200 1
9 1841 1
9 10803 1
9 20916 1
9 19253 1
9 4234 1
9 12471 1
9 21305 5
9 20155 1
9 13658 1
9 19133 5
9 4392 1
9 3652 1
9 21319 1
9 7248 1
9 587 1
9 13516 3
9 11298 1
9 12878 1
9 3408 2
9 21586 1
9 21587 1
9 11733 1
9 13398 1
9 20695 2
9 9305 1
9 4442 1
9 1167 1
9 3353 2
9 15266 1
9 19553 1
9 19938 1
9 15556 1
9 22119 1
9 7400 1
9 745 1
9 18975 1
9 3055 1
9 5489 1
9 15528 1
9 8054 1
9 10360 1
9 6265 1
9 15866 2
9 13819 1
9 22485 1
10 13316 1
10 4438 2
10 22032 2
10 13841 1
10 12823 4
10 12825 7
10 13658 1
10 4640 1
10 17451 1
10 3629 2
10 12852 1
10 4663 1
10 13881 1
10 573 1
10 10303 1
10 6210 1
10 3652 1
10 12878 2
10 21586 1
10 21587 1
10 13398 1
10 17424 1
10 11771 1
10 14448 2
10 13937 1
10 10358 1
10 633 1
10 11916 1
10 11918 1
10 17041 1
10 2706 1
10 19993 1
10 14489 1
10 7329 1
10 13475 1
10 17067 2
10 19124 1
10 20155 2
10 19133 7
10 703 1
10 21696 1
10 20168 3
10 13514 1
10 13516 1
10 15566 1
10 15794 1
10 10449 1
10 21714 1
10 3284 1
10 10453 1
10 20695 1
10 7897 1
10 4831 2
10 1248 1
10 20194 1
10 12013 1
10 7409 1
10 22258 1
10 14583 2
10 2310 1
10 4364 1
10 5391 1
10 3353 2
10 14622 2
10 10531 1
10 3877 1
10 20774 1
10 21295 1
10 19253 1
10 21305 6
10 10975 1
10 19772 1
10 21829 1
10 12625 1
10 11604 1
10 15190 1
10 9050 1
10 22368 1
10 19816 1
10 13887 1
10 1922 1
10 12354 1
10 13713 1
10 9111 1
10 15774 4
10 4002 2
10 4003 2
10 21419 1
10 16302 1
10 5552 1
10 5554 1
10 20916 1
10 500 1
10 22464 1
10 4547 1
10 464 1
10 9169 1
10 14290 1
10 11733 1
10 12255 2
10 10210 1
10 10723 1
10 3055 1
10 3057 1
10 14324 1
10 15866 1
10 6651 1
10 15869 1
11 12288 1
11 5635 1
11 13316 1
11 7688 1
11 13841 1
11 4867 1
11 12823 1
11 12825 2
11 9755 1
11 22557 1
11 13854 1
11 8236 1
11 1069 1
11 9600 1
11 12852 1
11 12341 1
11 12342 1
11 12343 1
11 6713 1
11 572 1
11 3134 1
11 3647 1
11 12870 1
11 15432 2
11 10679 1
11 15948 1
11 21587 2
11 13398 1
11 15448 1
11 603 1
11 18528 1
11 7782 1
11 12910 1
11 22205 1
11 14448 2
11 13428 1
11 1141 1
11 15210 1
11 1984 1
11 6790 1
11 12426 1
11 3217 1
11 14994 1
11 2707 1
11 6809 2
11 2207 1
11 10400 1
11 4263 1
11 10922 1
11 15532 2
11 14509 1
11 12466 1
11 19124 1
11 6329 1
11 19133 4
11 17737 1
11 2243 2
11 20167 1
11 14028 1
11 13516 2
11 15567 1
11 10449 1
11 7380 1
11 10453 2
11 9434 1
11 4831 1
11 1248 1
11 3536 1
11 7396 1
11 7397 1
11 9446 1
11 5864 1
11 18154 1
11 1266 1
11 17143 1
11 3796 1
11 12541 1
11 8449 5
11 14082 1
11 8451 1
11 4868 1
11 7433 1
11 17162 1
11 2873 1
11 3913 3
11 13583 1
11 17684 1
11 21782 1
11 15642 1
11 7451 1
11 13085 1
11 18208 1
11 1833 1
11 1834 1
11 12076 1
11 5934 1
11 1844 1
11 21305 4
11 13658 2
11 4414 1
11 7221 1
11 15866 3
11 15170 1
11 6982 1
11 11604 1
11 329 1
11 22071 1
11 14306 1
11 15184 1
11 12625 1
11 6483 1
11 6484 1
11 13113 1
11 17242 2
11 18267 3
11 13148 1
11 15205 2
11 9065 2
11 5994 1
11 9069 6
11 6511 1
11 8054 2
11 12151 3
11 63 1
11 11134 1
11 16256 1
11 831 1
11 18818 3
11 14725 1
11 4492 1
11 909 1
11 18324 1
11 3991 1
11 3992 2
11 20384 1
11 14753 1
11 15266 4
11 8611 1
11 15268 2
11 16816 1
11 4396 1
11 11193 1
11 18364 1
11 16831 1
11 22464 10
11 7110 1
11 13730 1
11 17360 1
11 7635 1
11 4601 1
11 18393 2
11 10205 1
11 12255 1
11 12770 1
11 13800 1
11 4587 1
11 4589 1
11 3055 2
11 3056 1
11 3057 1
11 8184 1
11 15865 1
11 16890 1
11 11771 1
11 12799 1
12 8705 1
12 22019 1
12 13316 1
12 5456 1
12 12823 2
12 12824 1
12 12825 9
12 9755 1
12 22044 1
12 17451 1
12 3629 1
12 2096 1
12 5682 1
12 12852 1
12 6713 1
12 3652 1
12 13388 1
12 21586 3
12 3155 1
12 17504 1
12 13411 1
12 18023 1
12 2666 1
12 14448 2
12 14969 1
12 6778 1
12 14462 1
12 15491 1
12 5764 1
12 1163 1
12 2706 1
12 673 1
12 15530 1
12 16049 1
12 19124 1
12 13493 1
12 12471 1
12 22200 1
12 698 1
12 19133 6
12 21696 1
12 20165 1
12 20168 2
12 13514 1
12 13516 4
12 4831 1
12 20194 1
12 22252 1
12 12013 1
12 20722 1
12 1280 1
12 7937 1
12 2307 1
12 3339 1
12 6924 1
12 3353 1
12 7451 1
12 4382 1
12 18210 1
12 10531 1
12 19238 1
12 21295 1
12 17202 1
12 17207 1
12 13113 1
12 14139 1
12 15184 1
12 4433 1
12 6484 2
12 4438 1
12 21305 4
12 13663 2
12 9067 1
12 9069 2
12 8054 1
12 12151 1
12 9600 1
12 748 1
12 17804 1
12 16787 1
12 9111 1
12 3992 1
12 8089 1
12 13730 1
12 22442 1
12 4014 2
12 10679 1
12 8684 1
12 22464 3
12 16835 1
12 3528 1
12 15818 1
12 15820 1
12 15266 1
12 8146 1
12 15865 2
12 2524 1
12 10206 1
12 12255 1
12 12112 1
12 4073 1
12 7148 1
12 3154 1
12 13301 1
12 4601 1
12 11771 1
13 12288 2
13 11792 1
13 16915 1
13 13844 1
13 12823 3
13 12825 4
13 13863 1
13 1578 2
13 3633 3
13 572 1
13 12354 1
13 15431 1
13 21586 2
13 6234 1
13 8815 1
13 6770 1
13 13435 1
13 14973 1
13 20607 1
13 5248 1
13 10386 1
13 9875 1
13 8863 1
13 1696 1
13 20642 1
13 13478 2
13 19124 1
13 20155 1
13 13516 1
13 5841 1
13 21202 1
13 19675 1
13 4831 1
13 4326 1
13 21735 1
13 8425 1
13 14592 2
13 15618 1
13 4868 1
13 2314 1
13 6925 1
13 5390 1
13 20255 1
13 10531 1
13 21284 1
13 293 1
13 20774 1
13 16679 1
13 18222 1
13 18227 1
13 17225 1
13 15184 1
13 12625 1
13 11604 1
13 14677 1
13 9047 1
13 4440 1
13 18267 2
13 8540 1
13 22368 1
13 9069 1
13 10097 1
13 16758 1
13 16252 1
13 1921 1
13 15751 1
13 7055 1
13 10644 1
13 10646 1
13 13723 1
13 15772 1
13 15774 1
13 15776 1
13 4002 1
13 20389 1
13 14270 1
13 3519 1
13 22464 1
13 6593 1
13 11714 1
13 19401 1
13 7637 1
13 16347 2
13 15866 1
13 4432 1
13 16366 1
13 16367 1
13 3057 1
13 4602 1
14 12288 2
14 7684 1
14 19461 2
14 7687 1
14 1544 1
14 15369 1
14 22032 6
14 13841 3
14 13846 1
14 12825 8
14 9755 3
14 13316 1
14 16901 1
14 4640 1
14 20519 1
14 1576 1
14 3626 1
14 3629 1
14 20526 1
14 1074 1
14 3636 1
14 7223 1
14 13880 1
14 3134 1
14 18528 1
14 12354 1
14 20585 1
14 4364 3
14 10679 1
14 13389 1
14 12878 5
14 3975 1
14 9816 1
14 5391 1
14 8797 2
14 6687 3
14 15456 1
14 7777 1
14 18022 1
14 8636 1
14 13418 2
14 11887 1
14 14448 1
14 13161 1
14 10360 1
14 6265 1
14 13963 1
14 21133 1
14 11918 1
14 3278 1
14 13969 1
14 4247 1
14 14488 1
14 7323 1
14 12446 1
14 20165 2
14 673 1
14 13478 1
14 10408 1
14 17066 1
14 17070 1
14 16054 1
14 12471 2
14 20155 3
14 10428 1
14 19133 4
14 14017 1
14 11461 2
14 20168 1
14 15820 1
14 13514 1
14 13516 1
14 718 1
14 14543 1
14 5840 1
14 7889 2
14 14703 1
14 10446 1
14 20695 2
14 22234 1
14 10972 1
14 19460 2
14 4831 1
14 7397 2
14 7911 1
14 7400 1
14 8425 2
14 5356 1
14 12013 1
14 17141 1
14 10449 2
14 14592 6
14 15216 1
14 4868 2
14 1918 1
14 14088 1
14 20234 1
14 16652 1
14 13069 1
14 15119 2
14 7952 1
14 16430 1
14 22295 1
14 17185 1
14 19238 1
14 4391 1
14 15751 1
14 4397 1
14 7476 1
14 21305 4
14 10975 1
14 15754 1
14 3393 1
14 1163 1
14 21829 1
14 8013 1
14 9072 2
14 15184 2
14 12625 4
14 14677 1
14 4438 2
14 9047 2
14 4441 1
14 17242 1
14 18267 1
14 15709 1
14 14686 1
14 22368 1
14 5473 1
14 19771 1
14 15209 2
14 8556 1
14 9069 2
14 6511 1
14 19056 1
14 12665 1
14 3962 1
14 17790 1
14 17791 1
14 12673 1
14 1922 1
14 18311 1
14 4490 1
14 10636 1
14 18818 1
14 8079 1
14 14744 2
14 15903 1
14 1947 1
14 15774 1
14 15777 1
14 15266 1
14 11931 2
14 9637 3
14 15275 1
14 11180 1
14 16301 1
14 15791 2
14 7089 2
14 15794 1
14 7095 1
14 1464 1
14 10681 1
14 11708 2
14 14782 1
14 22464 2
14 449 1
14 11714 1
14 1482 1
14 460 1
14 464 1
14 14807 1
14 15322 1
14 10206 3
14 1445 1
14 15842 1
14 19939 1
14 16775 1
14 21841 1
14 21993 1
14 1008 1
14 3057 1
14 13811 1
14 15190 1
14 2552 1
14 15866 3
14 11771 1
14 13821 1
15 12288 3
15 1280 1
15 15362 1
15 20995 1
15 13316 2
15 7686 1
15 20999 1
15 15884 1
15 4623 1
15 22032 12
15 11281 1
15 17271 2
15 15790 1
15 12823 2
15 12824 1
15 12825 5
15 9755 6
15 18460 3
15 2394 1
15 5150 1
15 4640 2
15 19556 1
15 1576 1
15 1578 7
15 7687 1
15 1069 1
15 11714 1
15 5682 1
15 3636 1
15 7223 1
15 10296 1
15 19124 1
15 5321 1
15 3134 1
15 13887 2
15 12354 5
15 9283 1
15 1094 2
15 7752 1
15 5815 1
15 588 1
15 13389 1
15 12878 2
15 16653 1
15 21586 4
15 15971 1
15 13727 1
15 7095 1
15 11862 1
15 5207 1
15 9816 1
15 18521 2
15 9818 1
15 8425 2
15 5970 1
15 8797 1
15 7778 1
15 4195 1
15 15460 2
15 2661 1
15 22119 2
15 19900 1
15 13418 1
15 15981 3
15 18030 1
15 8815 1
15 14448 2
15 13937 4
15 19571 1
15 5750 1
15 5993 1
15 16831 1
15 6269 1
15 22464 19
15 9067 1
15 19588 1
15 13445 2
15 646 1
15 2835 1
15 11916 1
15 20109 1
15 11918 1
15 5485 1
15 2706 1
15 22041 2
15 14488 2
15 6809 1
15 6511 1
15 18076 1
15 17054 1
15 4293 1
15 16544 1
15 4208 1
15 1819 1
15 4263 1
15 10408 1
15 1705 1
15 17066 2
15 17067 1
15 22188 1
15 3758 1
15 21169 1
15 21948 1
15 20147 1
15 4276 1
15 6331 1
15 16566 1
15 15817 1
15 16569 1
15 20155 1
15 8892 1
15 10432 1
15 2243 1
15 2757 2
15 19142 2
15 20681 1
15 10442 1
15 12663 2
15 13516 1
15 15567 2
15 9428 2
15 14277 1
15 3803 1
15 10972 1
15 1757 1
15 4831 2
15 15215 1
15 7396 1
15 8421 2
15 4209 1
15 10985 3
15 748 2
15 3821 1
15 1265 1
15 12018 13
15 7412 1
15 17141 1
15 15096 1
15 14036 1
15 1076 1
15 18686 1
15 14592 1
15 4868 5
15 7476 1
15 3339 2
15 4364 1
15 5389 1
15 9817 1
15 15119 2
15 7952 2
15 15491 1
15 4884 1
15 329 1
15 1818 4
15 16175 1
15 797 1
15 20256 1
15 4391 1
15 4394 1
15 21383 1
15 4396 1
15 4397 3
15 19565 1
15 5425 3
15 15666 1
15 1844 1
15 15985 2
15 12852 1
15 1852 1
15 5437 2
15 8518 1
15 21829 1
15 6982 1
15 19596 1
15 20299 1
15 8012 1
15 3408 2
15 12625 8
15 22354 2
15 2387 1
15 6592 1
15 21845 1
15 9558 2
15 5352 1
15 8026 1
15 22369 1
15 21864 1
15 15209 2
15 17259 2
15 9069 1
15 21613 1
15 11120 1
15 13681 1
15 15218 3
15 12151 1
15 20343 1
15 3962 1
15 1918 1
15 7039 1
15 9600 1
15 4484 1
15 15237 3
15 4486 1
15 15751 2
15 17801 1
15 8855 1
15 14753 1
15 14743 1
15 21912 1
15 15172 1
15 13295 1
15 5020 2
15 12190 1
15 14751 1
15 20384 1
15 6561 1
15 15266 1
15 20388 1
15 8262 1
15 4006 1
15 3057 1
15 22442 1
15 1266 1
15 1454 1
15 1074 2
15 7089 10
15 15794 1
15 10679 1
15 1979 1
15 11708 2
15 17055 1
15 14783 1
15 448 1
15 1696 2
15 7618 1
15 1988 1
15 8062 1
15 13255 1
15 13388 1
15 8144 1
15 14811 1
15 21981 1
15 9637 1
15 15840 1
15 11524 1
15 2025 1
15 12778 1
15 16807 1
15 7660 1
15 8018 1
15 15869 1
15 11760 1
15 4081 1
15 8180 1
15 2552 1
15 4601 3
15 15866 2
15 11771 1
15 5629 1
15 12799 1
16 13316 1
16 9733 1
16 7687 1
16 4623 1
16 22032 4
16 12825 4
16 9755 1
16 16416 1
16 8236 1
16 3629 1
16 12341 1
16 12354 1
16 15432 1
16 1099 1
16 13388 2
16 13389 1
16 13394 1
16 13398 1
16 9816 1
16 9817 2
16 8797 1
16 18022 2
16 8636 1
16 21613 1
16 622 1
16 15791 1
16 19578 1
16 3197 1
16 18046 2
16 5764 1
16 5765 1
16 1160 1
16 1163 1
16 17041 2
16 18030 1
16 1174 1
16 16539 1
16 4263 1
16 11434 1
16 22188 1
16 14509 1
16 13486 1
16 4276 1
16 20155 1
16 19133 1
16 10436 1
16 13514 1
16 15567 1
16 10449 3
16 10452 1
16 10453 2
16 4831 1
16 1250 1
16 18154 1
16 14592 5
16 4868 1
16 20232 1
16 16651 1
16 15119 2
16 2834 1
16 14622 1
16 7463 1
16 4396 2
16 21305 1
16 20794 1
16 21841 2
16 9047 2
16 6489 1
16 21851 1
16 21864 1
16 9069 1
16 3974 1
16 5554 2
16 14743 2
16 5551 1
16 7089 1
16 15794 1
16 14262 1
16 11708 1
16 22464 1
16 15809 1
16 13763 1
16 7109 1
16 13255 1
16 4555 1
16 7635 1
16 21981 1
16 10721 1
16 13819 2
16 487 1
16 4074 1
16 22508 1
16 4603 1
16 13821 1
17 1280 1
17 8064 1
17 8195 1
17 19460 1
17 19463 1
17 1545 1
17 20482 1
17 22032 3
17 10775 2
17 12825 5
17 7087 1
17 15903 1
17 1568 1
17 1576 1
17 11817 1
17 1068 1
17 8753 1
17 12852 1
17 12345 1
17 1599 1
17 13889 1
17 17476 1
17 4678 1
17 12360 1
17 1099 1
17 588 1
17 12878 3
17 6464 1
17 21586 1
17 84 1
17 14421 1
17 13398 1
17 4695 1
17 15448 1
17 9817 1
17 13921 1
17 19554 1
17 18022 2
17 19559 2
17 13159 1
17 21613 2
17 6254 1
17 13937 2
17 14270 1
17 14969 1
17 14970 1
17 15808 1
17 15491 1
17 13445 1
17 21638 2
17 21639 1
17 4746 1
17 22295 1
17 12430 1
17 17042 2
17 9875 1
17 21142 1
17 4263 2
17 683 1
17 22188 1
17 9398 1
17 2745 1
17 3258 3
17 4795 1
17 8892 1
17 19133 2
17 7870 1
17 7871 3
17 7873 2
17 2243 2
17 2245 1
17 17609 1
17 20343 1
17 8397 1
17 718 1
17 15567 1
17 7888 1
17 10449 1
17 6355 2
17 5844 1
17 6265 2
17 22234 1
17 17359 1
17 10972 1
17 4317 1
17 11771 1
17 7904 1
17 9424 1
17 18148 1
17 741 1
17 8422 1
17 7400 1
17 10452 1
17 14592 10
17 14593 1
17 7938 1
17 19204 1
17 7041 1
17 13069 1
17 6414 1
17 4868 1
17 12055 1
17 18200 1
17 16260 1
17 7451 1
17 8988 1
17 7455 1
17 1829 1
17 15751 1
17 7471 1
17 17200 1
17 7992 1
17 21305 2
17 20794 1
17 4234 2
17 21824 1
17 3395 1
17 22340 1
17 21832 2
17 17225 1
17 12625 5
17 14677 1
17 1764 1
17 15713 1
17 1895 1
17 364 1
17 9069 5
17 6511 1
17 9072 1
17 12151 1
17 3963 1
17 14717 1
17 17790 1
17 9600 1
17 12673 1
17 4484 1
17 3975 1
17 16778 1
17 15494 1
17 15266 3
17 1445 2
17 11897 1
17 9645 1
17 5551 1
17 15432 1
17 7582 1
17 10679 1
17 9656 1
17 8636 1
17 4030 1
17 22464 3
17 11714 1
17 8647 1
17 15820 1
17 9167 2
17 8144 1
17 465 1
17 17366 1
17 18904 1
17 4570 1
17 2524 1
17 3553 1
17 6651 1
17 8684 1
17 7150 1
17 13808 1
17 20468 1
17 8899 1
17 16888 1
17 4602 1
17 7675 1
17 13822 1
18 12288 1
18 13316 2
18 4104 1
18 22032 1
18 13846 1
18 12823 1
18 12825 4
18 13854 2
18 7200 1
18 1576 1
18 18473 1
18 1578 1
18 22572 1
18 8749 1
18 3636 1
18 5691 1
18 4678 1
18 587 1
18 588 1
18 5207 1
18 9816 1
18 9817 1
18 11870 1
18 18529 1
18 19559 1
18 7785 1
18 15979 1
18 10351 1
18 15986 1
18 1141 1
18 13435 1
18 19582 1
18 15808 1
18 9067 1
18 6791 1
18 9873 1
18 3227 1
18 669 1
18 6309 1
18 13485 1
18 1199 1
18 15539 1
18 19124 1
18 4277 1
18 9398 1
18 20155 1
18 19133 1
18 2243 1
18 10436 1
18 13514 1
18 20343 1
18 13516 2
18 7888 1
18 10449 1
18 4825 1
18 10972 1
18 4831 1
18 7397 1
18 22252 1
18 17140 1
18 22142 1
18 11817 1
18 14592 3
18 8449 2
18 14082 1
18 14595 1
18 4868 1
18 7433 1
18 15119 1
18 17681 2
18 16661 1
18 5399 1
18 15129 1
18 16669 1
18 20255 1
18 20774 2
18 7463 1
18 5928 1
18 7992 1
18 12852 1
18 4414 1
18 13120 1
18 834 1
18 13125 1
18 21305 1
18 22354 1
18 2387 1
18 14677 1
18 22358 1
18 13113 1
18 13658 1
18 18267 2
18 22369 1
18 2705 1
18 999 1
18 12663 1
18 12670 1
18 7041 1
18 3974 1
18 16775 1
18 15754 1
18 10638 1
18 3994 1
18 20384 1
18 21425 1
18 5554 1
18 20915 1
18 10484 1
18 7611 1
18 7101 1
18 22464 3
18 14786 1
18 15820 3
18 8146 1
18 7637 1
18 17366 2
18 14807 1
18 15525 1
18 19943 1
18 4074 1
18 22508 1
18 4589 1
18 10225 1
18 4601 1
19 12288 1
19 15874 1
19 19460 1
19 3589 2
19 10247 3
19 16812 2
19 17932 1
19 22032 9
19 14595 1
19 19476 1
19 12823 7
19 13316 2
19 17435 2
19 86 1
19 11293 1
19 5150 1
19 18975 3
19 2596 2
19 1576 3
19 1578 2
19 7 1
19 15794 2
19 20573 1
19 2096 1
19 10803 1
19 12852 1
19 20021 1
19 21046 1
19 9873 1
19 19124 1
19 3643 1
19 17494 1
19 12350 2
19 1076 1
19 10608 1
19 12865 1
19 12354 1
19 9283 1
19 9285 1
19 1094 1
19 8779 1
19 13388 1
19 590 2
19 21586 4
19 4692 1
19 12558 1
19 4694 1
19 1623 1
19 5391 1
19 8797 1
19 17502 1
19 17505 1
19 8803 1
19 15460 1
19 5735 1
19 13727 1
19 12905 1
19 15979 1
19 21613 2
19 10862 1
19 14448 4
19 13937 1
19 6770 2
19 3260 1
19 6687 1
19 9919 1
19 5757 1
19 1152 1
19 15491 1
19 4228 1
19 5765 1
19 4230 1
19 5767 1
19 4234 1
19 14475 2
19 13969 1
19 9875 1
19 19943 1
19 12825 2
19 15512 1
19 11931 2
19 11932 2
19 12446 2
19 673 1
19 15534 1
19 4276 1
19 4277 2
19 12984 1
19 11449 1
19 20155 1
19 15548 1
19 19133 2
19 2239 2
19 22209 1
19 8898 1
19 10436 1
19 20165 1
19 19715 2
19 17611 1
19 22220 1
19 12333 1
19 719 1
19 721 1
19 9427 1
19 20692 1
19 7897 1
19 8412 3
19 10973 1
19 7907 1
19 1764 2
19 11703 1
19 10449 1
19 15593 2
19 18155 1
19 3588 1
19 7920 4
19 13042 1
19 15609 1
19 18686 1
19 14082 1
19 4867 1
19 11295 1
19 17163 2
19 19726 2
19 15119 1
19 7952 2
19 7889 1
19 6421 1
19 1369 1
19 18769 1
19 8989 1
19 8892 2
19 20774 1
19 5928 1
19 5929 1
19 1834 1
19 15751 1
19 4396 1
19 7471 1
19 21305 2
19 15170 4
19 328 1
19 19938 1
19 21841 2
19 14677 3
19 6489 1
19 22369 1
19 13159 1
19 13161 1
19 5994 2
19 3047 1
19 10604 1
19 9069 2
19 21871 2
19 5488 1
19 11708 1
19 3962 1
19 7547 1
19 8062 1
19 12673 1
19 18818 1
19 3974 1
19 3975 1
19 904 1
19 17801 1
19 15754 3
19 7055 1
19 20882 1
19 1948 1
19 15774 1
19 14751 1
19 474 1
19 6561 1
19 15266 1
19 13979 1
19 22041 1
19 20468 1
19 4006 1
19 15784 1
19 9644 1
19 7089 1
19 7090 1
19 20915 1
19 5044 1
19 10679 1
19 14264 1
19 14324 1
19 1439 1
19 13398 1
19 3629 1
19 22464 3
19 13255 1
19 7114 1
19 13772 1
19 14798 1
19 8144 1
19 7637 1
19 14807 1
19 10510 1
19 21981 2
19 15842 1
19 12625 6
19 13800 1
19 13296 1
19 17908 1
19 502 1
19 16890 2
19 85 1
19 18005 1
20 12288 1
20 9733 1
20 22030 1
20 22032 2
20 12824 1
20 19716 3
20 86 2
20 11293 1
20 6687 1
20 4640 3
20 1627 2
20 3621 2
20 13863 1
20 1578 6
20 564 1
20 20021 3
20 11832 1
20 3643 1
20 13885 1
20 12350 2
20 17163 1
20 12360 1
20 18505 2
20 21586 1
20 10323 1
20 85 2
20 13398 1
20 15119 1
20 8797 1
20 16995 2
20 15460 1
20 22119 1
20 7785 1
20 10862 4
20 21616 1
20 6561 2
20 13444 1
20 13963 1
20 11916 1
20 11932 1
20 12446 1
20 17066 1
20 19121 1
20 4278 1
20 8892 5
20 17602 1
20 1733 2
20 718 1
20 8412 1
20 4831 1
20 8422 2
20 5352 1
20 8425 1
20 14574 2
20 18162 1
20 14579 1
20 8062 1
20 8961 1
20 19715 3
20 4868 3
20 19718 2
20 267 1
20 269 1
20 5391 1
20 275 1
20 745 1
20 284 1
20 8989 2
20 20774 1
20 1076 1
20 19775 1
20 3392 1
20 13129 1
20 15184 1
20 12625 3
20 2394 1
20 16223 1
20 22369 1
20 7523 1
20 13157 1
20 19814 1
20 5995 1
20 11325 1
20 16243 1
20 20343 1
20 3963 1
20 12670 1
20 17791 1
20 15751 1
20 6554 1
20 7582 1
20 1439 1
20 7089 3
20 15274 1
20 22258 1
20 433 1
20 16308 2
20 10679 1
20 22464 1
20 7106 1
20 13255 1
20 1482 1
20 18424 1
20 13800 1
20 7660 1
20 10225 1
20 17908 2
20 502 1
20 503 1
20 6136 2
20 4602 2
20 18005 1
21 13316 1
21 16901 1
21 7687 2
21 22032 6
21 13841 1
21 12823 3
21 12825 6
21 4635 1
21 11293 1
21 4639 1
21 4640 4
21 13863 1
21 1578 5
21 3629 1
21 7216 1
21 12852 1
21 20021 1
21 4663 1
21 20648 1
21 5693 1
21 13887 2
21 15425 1
21 15426 1
21 20547 1
21 1094 1
21 12360 1
21 8778 1
21 12878 5
21 21586 5
21 3171 1
21 18005 3
21 86 1
21 5207 1
21 12888 1
21 8425 1
21 6237 2
21 17424 1
21 20155 2
21 13073 1
21 7785 1
21 13418 2
21 17004 1
21 21617 2
21 6770 1
21 13428 4
21 7529 1
21 22136 1
21 638 1
21 13951 1
21 13445 1
21 15494 1
21 7915 1
21 16968 1
21 13963 1
21 15500 1
21 11918 2
21 8557 1
21 21142 1
21 18071 1
21 6809 1
21 19619 1
21 15528 1
21 4267 2
21 2220 1
21 17071 1
21 3259 1
21 8892 2
21 14016 4
21 12481 1
21 16586 1
21 718 1
21 4306 1
21 3796 1
21 20686 2
21 18140 1
21 293 1
21 8422 1
21 10985 1
21 20519 2
21 18162 1
21 21747 1
21 13950 1
21 13255 1
21 14583 1
21 248 1
21 11514 1
21 10408 1
21 8449 1
21 19715 1
21 16132 1
21 19718 1
21 19721 1
21 18818 1
21 19726 1
21 15119 1
21 7952 1
21 17681 1
21 21782 1
21 282 1
21 4741 1
21 17696 1
21 4033 1
21 3877 1
21 3878 2
21 4394 1
21 9351 1
21 4396 1
21 5936 2
21 1844 1
21 8502 1
21 6459 1
21 8513 1
21 9558 1
21 11916 2
21 7499 1
21 15184 1
21 12625 2
21 21330 1
21 19939 1
21 15190 4
21 1167 3
21 16224 1
21 7010 1
21 5475 1
21 1380 1
21 15209 1
21 5994 2
21 5995 1
21 9069 1
21 13958 1
21 4868 1
21 12663 1
21 3962 1
21 12670 1
21 16891 1
21 1408 1
21 21889 1
21 1410 1
21 2947 1
21 1412 1
21 7660 1
21 7564 1
21 3991 2
21 15903 1
21 14751 1
21 20384 1
21 14753 1
21 7593 1
21 15275 1
21 7089 2
21 4530 1
21 4532 1
21 10679 1
21 17908 1
21 13398 1
21 11710 1
21 22464 2
21 17312 2
21 11714 1
21 13763 1
21 17313 1
21 9167 1
21 8144 1
21 14290 1
21 10204 1
21 10205 1
21 14324 2
21 12768 3
21 10210 2
21 6651 2
21 18769 1
21 4073 1
21 492 1
21 2541 1
21 2542 1
21 13809 1
21 3060 1
21 11771 2
21 10238 1
21 5717 1
22 12288 1
22 19460 1
22 9 1
22 22032 4
22 13841 1
22 12823 1
22 12825 2
22 17438 1
22 6687 1
22 4640 1
22 7601 1
22 1578 2
22 4530 1
22 22062 1
22 16051 1
22 15434 1
22 588 4
22 12878 2
22 21586 4
22 85 1
22 13398 1
22 18191 2
22 16998 1
22 5391 1
22 21617 1
22 6770 1
22 13428 1
22 3702 1
22 633 2
22 15997 1
22 22464 1
22 4238 1
22 11919 1
22 659 1
22 18068 1
22 20645 1
22 10408 1
22 17066 1
22 17067 1
22 22188 1
22 7794 1
22 20142 1
22 4787 1
22 4289 1
22 14020 1
22 17611 1
22 20686 1
22 719 1
22 718 1
22 20695 1
22 18005 1
22 10975 1
22 8144 2
22 8421 1
22 9169 1
22 8425 2
22 14973 1
22 1918 1
22 15096 1
22 18175 1
22 14592 2
22 16131 1
22 18181 2
22 18185 1
22 4364 3
22 15119 2
22 18197 2
22 1305 1
22 8989 1
22 7457 1
22 10531 1
22 20774 1
22 7471 1
22 1844 1
22 8502 1
22 16695 1
22 11007 1
22 16195 1
22 12625 3
22 14677 1
22 22369 1
22 4452 1
22 13161 1
22 9583 1
22 16242 1
22 6517 1
22 3962 1
22 8062 1
22 12673 1
22 1922 2
22 2947 1
22 14725 1
22 15751 1
22 20874 1
22 6541 1
22 7055 1
22 19347 1
22 13723 2
22 4509 2
22 20384 1
22 17313 1
22 15266 1
22 16807 1
22 15275 1
22 11180 1
22 7089 1
22 15794 1
22 1460 1
22 7610 1
22 6076 2
22 21950 2
22 7103 1
22 448 1
22 11714 1
22 12746 1
22 464 2
22 465 1
22 7637 1
22 10206 1
22 3060 1
22 16374 1
22 503 2
22 11771 1
22 11434 2
22 21845 1
23 9733 1
23 18952 1
23 4110 1
23 22032 1
23 13841 1
23 13848 1
23 12825 1
23 7089 1
23 15404 1
23 3629 1
23 16430 1
23 1076 1
23 12341 1
23 12349 1
23 3652 2
23 1607 1
23 12360 1
23 12878 1
23 15971 1
23 13398 2
23 9817 1
23 15119 1
23 3171 1
23 21606 1
23 9832 1
23 7785 1
23 10859 1
23 14448 2
23 13937 1
23 1140 1
23 1141 1
23 7287 1
23 633 1
23 14970 1
23 1152 1
23 12930 1
23 5764 1
23 6790 1
23 6791 1
23 7823 1
23 21652 2
23 11931 1
23 669 1
23 12446 2
23 671 2
23 17066 1
23 22188 1
23 15793 1
23 12471 1
23 13611 1
23 3258 1
23 19133 1
23 15042 1
23 13507 1
23 15558 1
23 2761 1
23 2762 1
23 9422 1
23 11471 1
23 10453 1
23 22234 1
23 14583 1
23 4867 1
23 2309 1
23 14088 1
23 18185 1
23 12044 1
23 18191 1
23 6937 1
23 14618 1
23 8989 2
23 11039 2
23 18209 1
23 15494 1
23 5928 1
23 16775 3
23 10541 1
23 7471 2
23 5936 1
23 1841 1
23 21305 1
23 11066 1
23 20803 1
23 20299 1
23 17229 1
23 12625 1
23 15190 1
23 20794 1
23 15199 1
23 3943 1
23 9069 1
23 9072 1
23 13681 1
23 12151 1
23 12665 1
23 5499 1
23 1918 1
23 15339 1
23 4484 1
23 1415 1
23 20882 2
23 10644 1
23 3991 1
23 13723 1
23 20384 3
23 9121 1
23 9122 1
23 19364 1
23 18853 1
23 15273 1
23 16301 1
23 5552 1
23 7601 1
23 10162 1
23 1976 1
23 21953 1
23 16834 1
23 460 1
23 462 1
23 5085 1
23 19939 1
23 18406 1
23 8683 1
23 8685 1
23 16367 1
23 11760 1
23 3058 1
23 8184 1
24 12288 2
24 4611 1
24 19460 2
24 15190 1
24 7686 1
24 19464 2
24 4617 2
24 4107 1
24 19468 1
24 7570 1
24 4116 1
24 3649 1
24 17435 1
24 6687 2
24 17442 1
24 16902 1
24 13863 1
24 10283 2
24 1068 3
24 3629 8
24 4992 1
24 7217 1
24 1074 2
24 3636 2
24 8761 1
24 4668 2
24 13887 1
24 15937 1
24 15939 3
24 3652 1
24 11846 1
24 5473 1
24 15432 1
24 7241 1
24 11850 1
24 588 1
24 8270 1
24 10831 1
24 592 1
24 21586 2
24 85 2
24 16474 1
24 22108 1
24 16998 1
24 21608 1
24 21692 1
24 13930 1
24 15979 1
24 13937 1
24 1141 6
24 12852 2
24 14970 1
24 13950 1
24 13952 1
24 22464 1
24 19478 1
24 13451 1
24 13969 1
24 3220 1
24 665 1
24 10398 1
24 539 1
24 4263 1
24 19624 1
24 17066 1
24 22188 1
24 19634 1
24 17075 1
24 19124 1
24 16054 1
24 8375 1
24 5304 2
24 3258 1
24 15903 1
24 8892 1
24 19133 6
24 22209 1
24 10436 1
24 11461 3
24 7370 1
24 20686 1
24 11471 1
24 10449 1
24 20690 1
24 5332 1
24 20695 3
24 22232 1
24 22234 2
24 10972 1
24 10974 1
24 7903 1
24 12003 1
24 7396 1
24 7397 1
24 6380 1
24 20717 1
24 1917 1
24 7408 1
24 20724 2
24 12670 1
24 14583 1
24 8449 2
24 20739 1
24 4868 2
24 3201 1
24 8236 1
24 4364 4
24 20238 2
24 17171 1
24 20756 1
24 16661 2
24 21782 1
24 7988 1
24 15128 1
24 2841 2
24 282 1
24 7457 1
24 11042 1
24 19238 1
24 14385 1
24 16775 2
24 15666 1
24 1844 1
24 310 1
24 21305 4
24 4831 1
24 20284 1
24 1076 1
24 1855 1
24 6976 1
24 4418 1
24 16196 1
24 17227 1
24 15180 1
24 15184 1
24 12625 4
24 22358 1
24 9047 1
24 18267 1
24 22369 1
24 5988 1
24 20838 1
24 1895 2
24 4156 1
24 9069 6
24 10096 1
24 7664 1
24 21874 1
24 12663 1
24 4986 3
24 15935 1
24 4988 3
24 4989 1
24 10975 1
24 7552 1
24 3627 2
24 8683 1
24 13190 1
24 15751 1
24 15754 1
24 10641 1
24 20882 1
24 3991 2
24 3992 1
24 8260 1
24 7582 2
24 4000 1
24 15856 1
24 15266 1
24 1443 1
24 15273 1
24 4011 3
24 11180 1
24 5551 1
24 7600 1
24 11196 1
24 7101 1
24 7103 1
24 7104 1
24 11714 1
24 7499 1
24 13303 1
24 3536 6
24 9169 2
24 13778 1
24 3541 4
24 14807 1
24 9691 1
24 6622 2
24 12255 1
24 12770 1
24 20817 1
24 14827 1
24 11760 1
24 5800 1
24 14324 2
24 502 1
24 4087 1
24 18005 1
25 12288 2
25 11264 1
25 86 1
25 8449 1
25 15379 1
25 19478 1
25 22551 1
25 4128 1
25 33 1
25 6694 1
25 13863 1
25 11821 1
25 16430 2
25 2611 1
25 1076 1
25 7223 1
25 12345 1
25 9278 1
25 3647 1
25 3649 1
25 7749 1
25 15434 1
25 21586 1
25 4691 1
25 18005 1
25 6742 1
25 1627 1
25 15971 1
25 21606 1
25 16998 1
25 11887 1
25 21617 1
25 13445 1
25 1158 1
25 12426 1
25 1163 1
25 11714 1
25 1167 1
25 3217 1
25 10386 1
25 17046 1
25 12446 1
25 4263 1
25 17070 1
25 5816 1
25 11449 1
25 19131 1
25 19133 2
25 21696 2
25 20686 1
25 10453 1
25 20695 2
25 10975 1
25 7904 1
25 13025 1
25 6372 1
25 1266 1
25 7745 1
25 15617 1
25 4867 1
25 4868 1
25 267 1
25 4364 1
25 15119 1
25 8238 1
25 14104 1
25 281 1
25 796 1
25 10531 1
25 17703 1
25 21305 1
25 6464 2
25 12625 1
25 9047 1
25 18267 1
25 3421 1
25 4449 1
25 9069 1
25 5182 1
25 12151 1
25 13182 1
25 14725 1
25 16775 1
25 20882 1
25 7069 1
25 18851 1
25 7410 1
25 5552 1
25 1465 2
25 1466 1
25 18876 1
25 16831 1
25 18882 1
25 13778 1
25 6106 1
25 9691 1
25 10205 1
25 6622 1
25 5088 1
25 21473 1
25 4603 1
25 10214 1
25 15849 1
25 8683 1
25 4589 1
25 14324 1
25 8187 1
26 16513 1
26 7684 2
26 14725 1
26 13961 2
26 13963 1
26 6925 1
26 1167 3
26 1168 1
26 7570 1
26 22551 8
26 19993 6
26 13679 1
26 5149 4
26 15903 3
26 17312 3
26 11684 1
26 18215 2
26 15528 1
26 17707 1
26 8236 2
26 12973 1
26 8238 2
26 7069 3
26 5301 2
26 11449 1
26 13502 2
26 8769 1
26 11714 4
26 8260 2
26 10360 1
26 5321 2
26 588 6
26 20686 2
26 81 4
26 5717 1
26 86 1
26 18852 1
26 10972 1
26 10407 1
26 10338 1
26 8421 1
26 13161 4
26 16363 1
26 16367 3
26 14583 2
26 248 2
26 505 1
26 281 1
26 85 5
27 12288 2
27 7684 1
27 6 1
27 22030 1
27 2063 2
27 22551 1
27 12825 1
27 5661 1
27 11293 1
27 15903 6
27 15393 1
27 15394 1
27 1578 1
27 15915 1
27 8238 1
27 1074 1
27 14389 3
27 13881 1
27 12354 1
27 8260 1
27 11334 1
27 15432 1
27 588 1
27 84 1
27 18005 1
27 86 2
27 87 1
27 12891 3
27 605 1
27 18528 1
27 10338 1
27 7982 1
27 13937 1
27 632 1
27 13445 1
27 4235 1
27 16834 1
27 1167 3
27 6802 1
27 6804 1
27 19619 2
27 15528 1
27 17067 1
27 5149 1
27 19634 1
27 11444 2
27 5301 4
27 11449 1
27 10428 1
27 12481 1
27 20686 10
27 10360 4
27 10972 1
27 6880 1
27 21730 1
27 7409 3
27 14584 1
27 767 1
27 14592 1
27 277 1
27 281 1
27 290 1
27 17706 1
27 17707 1
27 18222 1
27 320 1
27 12100 1
27 4421 1
27 12103 1
27 20303 1
27 14682 2
27 18267 2
27 18780 1
27 4966 1
27 13159 1
27 8041 1
27 9069 1
27 13679 3
27 2429 1
27 2430 1
27 7552 1
27 1922 2
27 14725 1
27 20877 1
27 7069 1
27 15774 1
27 20384 1
27 11684 1
27 3313 2
27 11714 2
27 1482 1
27 20429 1
27 1998 2
27 248 3
27 9687 2
27 18852 1
27 6622 1
27 18919 3
27 16363 1
27 11760 1
27 10408 1
27 14324 2
27 505 1
27 5717 1
28 12288 2
28 15874 1
28 7684 2
28 2745 1
28 4623 1
28 22032 1
28 22551 8
28 12825 5
28 5149 1
28 15903 3
28 4640 5
28 17243 1
28 1067 1
28 8238 6
28 8753 1
28 16434 2
28 20023 3
28 19124 1
28 16963 1
28 11334 1
28 15432 6
28 588 3
28 12878 4
28 592 1
28 81 1
28 21586 1
28 85 1
28 86 2
28 87 1
28 88 2
28 18528 1
28 20155 1
28 9832 1
28 21182 1
28 6776 2
28 5246 1
28 18197 3
28 15488 1
28 15808 1
28 7531 1
28 19588 2
28 13445 1
28 1670 1
28 13961 2
28 13451 1
28 13453 1
28 1167 5
28 7455 1
28 3217 1
28 15508 3
28 1305 1
28 16544 6
28 13474 1
28 19619 2
28 17067 2
28 9901 2
28 11444 1
28 11449 2
28 6687 1
28 7870 1
28 22209 1
28 14024 1
28 5321 3
28 20686 1
28 13532 2
28 19460 1
28 19683 1
28 19238 1
28 7409 1
28 3829 3
28 248 2
28 4364 3
28 3342 1
28 277 1
28 281 3
28 1669 1
28 3878 4
28 2344 1
28 7471 1
28 19764 1
28 12100 9
28 12625 6
28 21850 1
28 18267 2
28 1887 1
28 7529 1
28 5994 1
28 3047 1
28 9069 1
28 1918 1
28 12673 1
28 1922 2
28 14725 1
28 9095 2
28 21896 1
28 9098 1
28 17807 1
28 16273 1
28 917 1
28 918 1
28 7069 3
28 15774 2
28 20384 2
28 17313 1
28 18851 1
28 11684 3
28 12716 1
28 12717 1
28 2990 1
28 9142 1
28 4030 1
28 16832 3
28 17312 1
28 11714 1
28 16546 1
28 9167 1
28 15317 1
28 8421 1
28 10214 1
28 4433 1
28 7658 1
28 10219 3
28 7660 1
28 16367 1
28 4602 1
28 6651 1
28 6652 3
28 5717 1
29 8195 1
29 3601 1
29 22551 2
29 1627 1
29 20013 1
29 8797 1
29 16961 1
29 20547 1
29 7749 1
29 19527 1
29 588 1
29 81 1
29 5717 1
29 603 1
29 605 1
29 11870 1
29 7778 1
29 20384 1
29 13423 1
29 13424 1
29 14969 1
29 7303 1
29 11916 1
29 14998 1
29 13467 1
29 10407 2
29 10408 1
29 10410 1
29 22188 1
29 14509 2
29 6331 1
29 19133 1
29 21696 1
29 13516 1
29 12495 1
29 10972 1
29 12510 2
29 10975 3
29 741 1
29 15825 1
29 22267 1
29 11008 1
29 8449 2
29 4868 1
29 15621 2
29 15119 3
29 21782 2
29 15642 1
29 7964 1
29 15648 1
29 19238 1
29 6951 1
29 2348 1
29 16177 1
29 15671 1
29 21305 1
29 15679 1
29 6464 1
29 16193 1
29 17219 1
29 16203 1
29 10210 1
29 18766 1
29 15710 1
29 1889 2
29 2918 1
29 7553 1
29 2947 1
29 14725 1
29 395 1
29 910 1
29 3991 1
29 3992 2
29 4507 1
29 17312 2
29 11931 1
29 16807 1
29 22442 1
29 16302 1
29 11708 1
29 11710 1
29 15809 1
29 13255 1
29 13388 1
29 9167 4
29 9169 2
29 15317 1
29 13723 2
29 10206 1
29 12770 1
29 10214 1
29 10219 1
29 20465 1
29 502 1
29 6651 1
30 16896 1
30 9729 1
30 19460 1
30 521 1
30 7691 1
30 4623 1
30 22032 1
30 4868 2
30 15903 1
30 22574 1
30 7219 1
30 1076 1
30 3134 2
30 5186 1
30 21003 1
30 588 2
30 8781 1
30 21586 1
30 19555 2
30 5716 1
30 85 2
30 12891 1
30 10339 1
30 19556 1
30 9832 1
30 13425 2
30 19571 1
30 1141 1
30 6776 1
30 13947 1
30 13443 1
30 646 1
30 13961 2
30 15499 1
30 1167 1
30 18592 1
30 4263 1
30 10410 1
30 12459 1
30 12465 3
30 2745 1
30 2747 1
30 8892 1
30 11969 1
30 8898 1
30 8387 1
30 17605 1
30 13516 1
30 9644 1
30 22232 1
30 7897 2
30 22234 1
30 10972 1
30 7901 1
30 10975 2
30 7392 1
30 17312 3
30 19172 1
30 7397 2
30 19174 1
30 748 1
30 6383 1
30 22262 1
30 16125 1
30 8449 1
30 19716 1
30 17162 1
30 15119 2
30 16662 1
30 15648 2
30 19238 1
30 13611 1
30 7471 1
30 16177 1
30 15666 1
30 7479 1
30 16436 1
30 10555 2
30 6464 1
30 834 1
30 395 1
30 6982 2
30 17225 1
30 6989 1
30 12625 2
30 5971 1
30 4438 1
30 18267 1
30 1889 1
30 17253 1
30 364 1
30 11632 2
30 3953 1
30 15736 1
30 18809 1
30 14725 1
30 14743 2
30 3469 1
30 910 2
30 11152 2
30 3395 1
30 3991 2
30 13723 1
30 11168 1
30 1443 1
30 12716 1
30 10226 1
30 434 1
30 9145 3
30 19900 4
30 16831 1
30 15808 2
30 15809 1
30 13388 1
30 9167 1
30 20433 1
30 9686 1
30 8666 1
30 9691 1
30 800 1
30 21984 2
30 10726 1
30 13799 1
30 5489 1
30 7154 1
30 16372 1
30 4090 1
30 6651 2
31 14592 1
31 15874 1
31 13611 2
31 4868 1
31 13445 2
31 2310 1
31 15752 1
31 17162 1
31 1163 1
31 4364 1
31 6925 1
31 12625 1
31 11919 1
31 22032 3
31 13073 1
31 17070 1
31 8086 1
31 1945 1
31 19460 1
31 1947 1
31 15903 3
31 17312 4
31 12825 1
31 13474 1
31 18851 1
31 13092 1
31 16902 1
31 7409 1
31 8232 1
31 7593 1
31 10410 1
31 13995 1
31 12716 1
31 16430 1
31 15119 1
31 5940 1
31 20023 2
31 9069 1
31 1269 1
31 22464 5
31 16193 2
31 8898 1
31 4107 1
31 3396 1
31 7110 1
31 7112 1
31 16544 1
31 588 1
31 8013 1
31 4303 1
31 13453 1
31 3281 1
31 5970 1
31 13821 1
31 85 1
31 4438 1
31 1627 4
31 4831 1
31 4960 1
31 22369 1
31 10210 1
31 15971 1
31 7397 1
31 5838 1
31 7633 1
31 360 1
31 7785 1
31 3460 1
31 10219 2
31 1167 2
31 14677 1
31 7663 1
31 21617 1
31 12053 1
31 3829 2
31 15567 1
31 15723 1
31 12100 2
31 633 1
31 6650 1
31 6651 1
31 6652 3
31 20010 1
31 5717 2
32 12288 1
32 15874 1
32 4611 3
32 16901 1
32 16902 1
32 3471 1
32 7690 2
32 22032 6
32 16131 1
32 22039 1
32 10264 1
32 19993 1
32 11293 1
32 15903 8
32 8238 1
32 6065 2
32 18005 1
32 16434 3
32 20023 1
32 8765 1
32 13887 1
32 8769 1
32 20547 1
32 1092 1
32 7237 1
32 11334 1
32 18503 1
32 15948 1
32 21586 4
32 5717 1
32 12888 2
32 7778 1
32 15971 1
32 16998 1
32 19900 4
32 2407 1
32 13934 1
32 6770 1
32 18548 1
32 6773 1
32 7798 1
32 7799 1
32 632 1
32 633 1
32 14970 1
32 13435 1
32 10365 1
32 20609 1
32 3203 1
32 13445 2
32 9351 1
32 13961 2
32 22551 1
32 11916 1
32 13453 1
32 4238 1
32 1167 2
32 1170 1
32 15508 2
32 15512 1
32 10397 1
32 16543 1
32 16544 1
32 19619 1
32 10407 1
32 15528 1
32 17067 1
32 858 1
32 18094 1
32 12465 1
32 22196 1
32 5301 5
32 6687 2
32 19133 1
32 4293 1
32 12151 2
32 13516 1
32 20686 7
32 5840 1
32 14033 1
32 19238 1
32 22232 1
32 12505 1
32 22234 1
32 10972 1
32 9044 1
32 7396 1
32 741 1
32 8422 1
32 12010 2
32 14574 1
32 7409 1
32 1266 2
32 3829 1
32 14583 1
32 4867 2
32 5881 1
32 11514 1
32 15102 2
32 8449 1
32 10499 1
32 4868 2
32 17671 1
32 20234 1
32 4364 3
32 1410 1
32 17678 1
32 18197 1
32 3874 1
32 293 1
32 3878 2
32 2344 2
32 3881 2
32 17707 1
32 14386 1
32 19764 1
32 8502 1
32 21305 1
32 6459 1
32 16706 1
32 22342 1
32 12103 1
32 19596 1
32 13131 1
32 17740 1
32 17741 1
32 4942 1
32 1872 1
32 21841 1
32 5972 1
32 20110 1
32 854 1
32 19800 1
32 9050 1
32 18267 5
32 861 1
32 7397 2
32 22369 1
32 1890 1
32 1895 1
32 5993 1
32 10727 1
32 9069 3
32 3958 1
32 12663 1
32 12153 1
32 11708 2
32 15850 2
32 1918 1
32 12673 1
32 18818 1
32 14725 1
32 9094 1
32 2113 1
32 4492 1
32 7055 1
32 4497 1
32 11156 1
32 3991 2
32 1944 1
32 16367 1
32 12188 1
32 15774 1
32 14751 1
32 17312 2
32 14753 1
32 18851 1
32 11684 1
32 15273 1
32 15275 1
32 15276 1
32 15790 1
32 6064 1
32 12209 1
32 20915 1
32 12670 1
32 12216 1
32 6076 1
32 1269 1
32 22464 2
32 8352 1
32 11714 1
32 588 4
32 13772 1
32 17229 1
32 248 1
32 6104 1
32 10206 1
32 6623 1
32 11771 1
32 11524 1
32 12625 1
32 10218 1
32 16366 1
32 15855 2
32 7153 1
32 3060 1
32 6646 1
32 4599 1
32 6137 1
32 6651 4
32 5118 1
32 85 2
33 12288 1
33 15874 1
33 18157 1
33 13316 1
33 4438 1
33 7178 1
33 15890 1
33 22551 1
33 3844 1
33 3610 3
33 5660 1
33 11293 1
33 11294 2
33 15903 4
33 19803 1
33 16421 1
33 8238 2
33 6706 1
33 2105 3
33 2113 5
33 18503 2
33 1099 1
33 18005 1
33 5391 1
33 5818 1
33 19555 1
33 16998 1
33 11708 1
33 6770 2
33 1139 2
33 7785 1
33 14970 1
33 15486 1
33 13440 1
33 2179 1
33 6277 1
33 15495 1
33 1266 1
33 650 1
33 13963 2
33 12942 1
33 1167 3
33 17207 1
33 11927 1
33 21146 1
33 4263 1
33 17066 1
33 15534 1
33 17071 1
33 19124 1
33 4277 1
33 9398 1
33 9758 1
33 6687 1
33 8892 1
33 19133 1
33 14016 1
33 13516 1
33 20686 3
33 7380 1
33 17621 1
33 7392 1
33 7397 1
33 21737 2
33 22252 1
33 12013 1
33 22258 1
33 11511 1
33 14584 1
33 4868 2
33 20232 1
33 20234 1
33 4364 1
33 5421 1
33 7952 1
33 16430 1
33 18200 1
33 13088 1
33 4385 1
33 6951 1
33 16519 1
33 14386 4
33 5424 1
33 9522 1
33 17719 1
33 16696 1
33 21305 1
33 8512 2
33 1163 1
33 13131 1
33 8013 1
33 9044 2
33 14677 2
33 9046 2
33 17242 1
33 22363 1
33 22368 1
33 4966 1
33 11196 1
33 20332 1
33 9069 3
33 3438 1
33 13679 1
33 20343 1
33 7548 1
33 16434 1
33 10625 1
33 14725 1
33 7566 1
33 3471 1
33 4497 1
33 15763 1
33 21912 1
33 17312 1
33 20389 1
33 12716 1
33 16301 1
33 2990 1
33 3060 1
33 19900 4
33 11710 1
33 22464 1
33 11714 2
33 14583 1
33 9167 1
33 7633 1
33 10206 1
33 6623 3
33 10210 2
33 13819 1
33 18919 5
33 4074 1
33 16363 1
33 6128 1
33 14324 3
33 3064 1
33 8532 1
33 6651 1
33 8188 2
33 15869 1
33 5118 3
34 8449 6
34 4867 1
34 3844 8
34 3845 1
34 7686 1
34 7690 1
34 3607 1
34 16966 1
34 12942 4
34 1167 2
34 3856 1
34 4547 1
34 18503 1
34 22551 1
34 3610 1
34 16421 1
34 13255 1
34 14509 1
34 16431 1
34 3633 2
34 22581 2
34 12670 1
34 15177 1
34 2745 2
34 2747 1
34 19133 1
34 11710 1
34 11711 1
34 22464 1
34 11714 1
34 1163 2
34 4678 1
34 22369 1
34 4681 2
34 13516 2
34 7778 1
34 5941 1
34 20653 1
34 15971 1
34 7380 1
34 14677 2
34 21305 1
34 10206 1
34 4831 1
34 4449 1
34 10210 1
34 17467 1
34 7397 1
34 7783 1
34 7528 1
34 15850 1
34 18919 1
34 16367 2
34 7400 1
34 1266 1
34 6771 1
34 1141 2
34 9044 2
34 5498 1
34 3519 1
34 5118 1
34 12799 1
35 22464 2
35 13445 1
35 16902 3
35 8705 1
35 14730 1
35 18955 1
35 15170 2
35 1167 1
35 11792 1
35 21482 1
35 1170 1
35 16020 1
35 22551 2
35 12100 1
35 13979 1
35 7937 1
35 11293 1
35 15903 5
35 20384 1
35 19619 1
35 11684 5
35 9094 1
35 10407 1
35 632 1
35 17706 6
35 20167 1
35 8449 1
35 14509 1
35 16308 1
35 7221 1
35 22200 1
35 13881 3
35 9247 1
35 8892 1
35 19133 1
35 15808 1
35 16833 1
35 11714 2
35 13763 1
35 20292 1
35 8645 1
35 11334 1
35 19783 2
35 585 2
35 15434 1
35 12151 1
35 1872 1
35 11960 1
35 18851 1
35 5716 1
35 87 1
35 4440 1
35 12505 2
35 6687 1
35 22366 1
35 17253 1
35 18528 1
35 22032 1
35 5691 1
35 15751 2
35 741 1
35 15590 2
35 5969 1
35 11708 1
35 15594 1
35 4263 1
35 18028 1
35 16543 1
35 11887 1
35 15216 1
35 7409 1
35 1266 1
35 7635 1
35 12790 1
35 20343 1
35 248 1
35 15508 1
35 16252 1
35 11434 1
35 12799 1
36 12288 1
36 8193 1
36 8064 1
36 10243 1
36 19460 3
36 22024 1
36 14423 1
36 14082 1
36 11181 1
36 22032 1
36 18191 1
36 10262 1
36 13316 2
36 17435 3
36 22557 2
36 15903 3
36 6691 1
36 11817 1
36 3629 4
36 16430 1
36 11714 2
36 16434 1
36 21043 1
36 1076 1
36 11832 1
36 13881 1
36 11835 1
36 10300 1
36 9791 1
36 15426 1
36 7777 1
36 15432 1
36 585 1
36 11850 1
36 15951 1
36 21586 3
36 5207 2
36 7258 1
36 12891 1
36 14941 1
36 17424 2
36 3171 1
36 6757 1
36 18022 1
36 18023 1
36 2666 1
36 1136 1
36 7799 1
36 22136 1
36 633 1
36 18197 1
36 18051 1
36 13444 1
36 13957 1
36 19591 1
36 1163 2
36 20418 1
36 1167 1
36 2705 1
36 16019 1
36 15508 3
36 10265 2
36 5273 1
36 9884 1
36 16544 1
36 19619 1
36 10407 1
36 22188 1
36 7241 1
36 16049 1
36 6331 1
36 12471 1
36 22200 1
36 6943 1
36 15548 1
36 19133 3
36 21696 1
36 10434 1
36 20165 2
36 15558 2
36 20167 1
36 20168 1
36 10441 1
36 12151 1
36 14028 2
36 18210 1
36 14543 1
36 720 1
36 14037 1
36 17017 1
36 12505 1
36 9435 1
36 9439 1
36 10464 1
36 7397 1
36 12007 1
36 7036 1
36 16679 1
36 12013 2
36 9146 1
36 22258 1
36 17790 1
36 16699 1
36 20095 1
36 18686 1
36 15317 1
36 8449 1
36 17154 1
36 4868 3
36 1918 1
36 20232 1
36 17162 1
36 6924 2
36 1837 1
36 5909 1
36 5398 1
36 3674 2
36 6937 1
36 18207 1
36 18208 1
36 13090 1
36 19238 1
36 7463 2
36 17706 1
36 17707 1
36 20269 1
36 18222 1
36 1844 1
36 16694 1
36 2873 1
36 10975 1
36 16193 1
36 22339 1
36 12354 1
36 12103 1
36 12625 3
36 21330 1
36 2387 1
36 5460 1
36 854 1
36 21305 2
36 2394 1
36 18267 2
36 15185 1
36 14687 1
36 22368 1
36 22369 1
36 7011 1
36 15205 1
36 15210 1
36 7399 1
36 9069 6
36 15216 1
36 5502 1
36 3958 1
36 20343 2
36 8568 2
36 12153 2
36 16252 1
36 15850 1
36 12670 1
36 9600 1
36 7147 1
36 16260 1
36 14725 2
36 15754 1
36 20877 1
36 4496 1
36 14743 1
36 11672 2
36 1945 1
36 13723 1
36 15119 1
36 12187 1
36 11684 2
36 20389 1
36 19783 1
36 9644 1
36 16301 2
36 5552 1
36 7089 1
36 10677 1
36 10679 1
36 12216 2
36 15802 1
36 11708 2
36 21950 1
36 16831 1
36 22464 1
36 3220 2
36 16835 1
36 8644 1
36 7110 1
36 3528 1
36 15817 1
36 15820 1
36 14798 1
36 8144 1
36 4364 2
36 7637 2
36 7638 1
36 11855 1
36 10205 1
36 12255 1
36 18769 1
36 21482 1
36 4263 2
36 7148 1
36 7150 1
36 13451 1
36 12790 1
36 4090 1
36 11771 4
36 4604 1
36 15359 2
37 12288 1
37 13888 2
37 1922 1
37 15229 1
37 15500 1
37 11714 1
37 11792 1
37 18197 1
37 22551 1
37 15869 1
37 22557 1
37 13727 2
37 17312 1
37 6945 1
37 14028 1
37 19493 1
37 10408 1
37 17577 1
37 17066 1
37 1415 1
37 11436 1
37 3629 1
37 15432 1
37 10679 1
37 8376 1
37 21305 1
37 15903 1
37 11708 1
37 15218 3
37 16704 1
37 22368 2
37 8898 1
37 20547 1
37 5700 1
37 20168 3
37 4364 1
37 503 1
37 15820 1
37 12625 1
37 10963 1
37 12329 1
37 20649 1
37 3803 1
37 13532 1
37 10975 1
37 10464 1
37 7777 1
37 14306 1
37 7397 2
37 7400 1
37 19900 1
37 1774 1
37 19133 1
37 6512 1
37 20722 1
37 9171 1
37 5929 1
37 632 1
37 11771 3
37 14973 1
37 15102 1
38 12288 1
38 16901 1
38 22032 1
38 10263 1
38 15903 3
38 21537 1
38 3629 2
38 16430 2
38 1076 1
38 13884 1
38 9791 1
38 15426 1
38 15439 1
38 5816 1
38 21586 3
38 18005 1
38 5210 1
38 11870 1
38 19553 1
38 2747 1
38 20155 1
38 16998 1
38 18023 1
38 17521 1
38 13938 1
38 14969 1
38 646 1
38 13963 1
38 16019 1
38 21652 1
38 11414 1
38 11931 1
38 14509 1
38 22198 1
38 22200 1
38 6687 1
38 8892 1
38 19133 1
38 15555 1
38 17185 1
38 20168 1
38 16586 1
38 14028 1
38 12505 1
38 21727 1
38 10464 2
38 17121 1
38 7397 1
38 9446 1
38 17129 1
38 12010 1
38 12013 1
38 20722 1
38 756 1
38 5883 1
38 14592 1
38 7937 1
38 21765 1
38 18185 1
38 8989 1
38 4382 1
38 18207 1
38 6944 1
38 6945 1
38 2873 1
38 1163 1
38 19783 1
38 19785 1
38 12625 1
38 21305 1
38 3417 1
38 861 1
38 22368 1
38 358 1
38 360 1
38 22551 1
38 11632 1
38 12151 1
38 8568 1
38 7036 1
38 1918 1
38 14725 2
38 15751 1
38 1420 1
38 13723 1
38 11684 2
38 9125 1
38 13229 1
38 6076 1
38 20435 1
38 9637 1
38 492 1
38 11760 1
38 5623 2
38 505 1
38 6651 1
39 12288 2
39 7937 1
39 1547 1
39 20653 1
39 1042 1
39 4116 1
39 22551 3
39 1048 1
39 12825 1
39 13851 1
39 22557 1
39 2596 2
39 19718 1
39 1578 1
39 19501 1
39 4654 1
39 20573 1
39 2096 2
39 9777 1
39 5682 2
39 4019 1
39 12852 1
39 1591 1
39 7224 1
39 6713 1
39 19514 1
39 3643 1
39 6651 1
39 1600 1
39 3652 3
39 16054 1
39 15431 1
39 15432 1
39 74 1
39 12471 1
39 588 2
39 12878 1
39 13069 3
39 21586 3
39 85 3
39 9145 1
39 8797 1
39 18528 1
39 15971 1
39 2661 1
39 6760 1
39 15979 1
39 2578 2
39 22127 1
39 9331 1
39 5749 1
39 6264 1
39 11887 1
39 15491 1
39 19588 1
39 12481 1
39 12426 1
39 1163 2
39 15500 1
39 12429 1
39 13763 1
39 3220 2
39 1174 1
39 13979 1
39 669 1
39 10408 1
39 17067 1
39 22188 1
39 14509 2
39 3759 1
39 13488 1
39 13490 1
39 3443 1
39 11444 1
39 22198 1
39 8375 1
39 22200 1
39 11449 1
39 8892 1
39 19133 2
39 14017 1
39 2243 1
39 4293 1
39 14538 1
39 13516 1
39 11471 2
39 14037 1
39 20695 5
39 7897 1
39 10972 1
39 10973 2
39 21727 2
39 10464 1
39 13026 1
39 13027 1
39 8421 1
39 743 1
39 7400 1
39 12010 1
39 2795 1
39 20721 2
39 20722 6
39 1918 1
39 1270 1
39 14583 2
39 15609 1
39 4441 1
39 7637 1
39 14081 1
39 19715 1
39 4868 1
39 2310 1
39 12352 1
39 14807 2
39 6925 1
39 19726 1
39 8749 1
39 2834 1
39 18197 1
39 2327 1
39 7451 1
39 284 1
39 8989 1
39 18207 1
39 18209 1
39 3641 1
39 16679 1
39 1415 1
39 18222 1
39 16175 1
39 19764 1
39 21305 3
39 5434 1
39 14139 1
39 19775 1
39 9536 1
39 833 1
39 17225 1
39 20109 1
39 15184 1
39 12625 1
39 16020 1
39 10467 3
39 910 2
39 2873 1
39 8024 1
39 6489 2
39 7514 1
39 4495 1
39 14686 1
39 1375 1
39 13667 1
39 15717 1
39 13159 1
39 17770 1
39 8556 1
39 9069 1
39 6511 1
39 11632 1
39 3953 1
39 19124 1
39 12663 1
39 11641 1
39 17788 1
39 17790 1
39 12673 1
39 9093 1
39 16775 2
39 8585 1
39 11662 1
39 8685 1
39 10128 1
39 11156 1
39 14743 1
39 6554 1
39 7579 1
39 4003 2
39 14758 1
39 3498 1
39 4011 2
39 15307 1
39 15280 1
39 12360 1
39 8626 1
39 9139 1
39 14324 1
39 15495 1
39 8126 1
39 3520 2
39 11714 2
39 21684 1
39 19396 1
39 7110 1
39 17484 1
39 11723 1
39 9167 2
39 13723 1
39 7633 1
39 18510 1
39 6137 1
39 4056 1
39 17881 1
39 4572 1
39 6622 1
39 5456 1
39 14306 1
39 19939 1
39 8387 1
39 17490 1
39 10222 1
39 16367 1
39 11760 1
39 8180 1
39 15614 1
39 16374 1
39 4601 1
39 16891 1
39 10837 1
40 9600 1
40 588 1
40 1922 1
40 635 1
40 4868 1
40 3158 1
40 12481 1
40 18185 1
40 13963 1
40 9684 1
40 86 1
40 17166 1
40 18191 2
40 22032 3
40 17681 1
40 8579 1
40 4884 1
40 2542 1
40 3980 1
40 3991 1
40 11672 2
40 12825 2
40 284 1
40 5742 1
40 16030 1
40 6687 1
40 15119 1
40 14448 1
40 4263 1
40 10408 1
40 15273 1
40 22188 1
40 14509 1
40 7471 1
40 13727 1
40 17973 1
40 9015 1
40 631 1
40 9145 1
40 3259 1
40 8817 1
40 13887 2
40 18505 1
40 12354 1
40 22340 1
40 8268 1
40 12746 2
40 12471 1
40 15820 1
40 15438 1
40 591 1
40 13420 1
40 22100 1
40 18005 1
40 15190 1
40 599 1
40 9305 1
40 6345 2
40 3803 1
40 19036 1
40 4509 1
40 19553 1
40 14306 1
40 6331 1
40 16998 1
40 21692 1
40 13418 2
40 492 1
40 15982 1
40 8815 1
40 19184 2
40 6257 1
40 4723 1
40 13428 4
40 19061 1
40 16374 1
40 8425 1
40 22551 1
40 505 1
40 11708 1
40 14716 2
40 17790 1
40 12501 1
41 12288 3
41 8193 1
41 15874 1
41 19460 1
41 16901 1
41 7686 1
41 4616 2
41 4617 4
41 22032 4
41 2578 1
41 17943 1
41 20505 1
41 15903 2
41 14369 1
41 11298 1
41 12325 4
41 11815 1
41 12329 1
41 8236 1
41 7217 1
41 1074 1
41 22581 2
41 18185 2
41 13884 1
41 13887 2
41 15426 1
41 8260 3
41 4678 1
41 4680 1
41 587 1
41 588 1
41 13389 1
41 21586 3
41 18005 2
41 3674 1
41 17424 2
41 5732 1
41 13418 4
41 15979 2
41 21617 3
41 626 1
41 13428 4
41 1141 1
41 632 2
41 22464 1
41 6786 1
41 6802 1
41 1174 1
41 14488 1
41 7321 1
41 12446 2
41 10096 1
41 625 1
41 20649 3
41 22188 1
41 20653 1
41 17071 1
41 6331 1
41 8892 1
41 19133 3
41 15556 1
41 13516 3
41 10442 1
41 12663 1
41 14028 1
41 3362 2
41 19668 1
41 11992 2
41 22234 1
41 3804 1
41 19180 1
41 21727 1
41 8421 1
41 13425 1
41 745 1
41 4647 1
41 14060 1
41 19184 11
41 1266 1
41 19187 2
41 17108 2
41 7933 1
41 8449 2
41 4867 2
41 4868 1
41 20233 1
41 17162 1
41 4364 1
41 13682 1
41 15119 1
41 17688 1
41 6938 1
41 4381 1
41 9506 3
41 19238 1
41 16175 1
41 12087 1
41 21305 3
41 6979 1
41 6982 4
41 9015 1
41 8014 1
41 20303 1
41 12625 2
41 11604 1
41 13113 1
41 860 1
41 7397 1
41 3428 1
41 2918 2
41 5996 1
41 15216 1
41 15218 1
41 15221 1
41 20343 1
41 15227 1
41 16252 1
41 1918 1
41 1922 4
41 8579 1
41 3462 1
41 15751 1
41 22252 1
41 15754 1
41 395 1
41 17805 1
41 7570 1
41 19347 1
41 3991 1
41 4507 1
41 4509 1
41 4513 1
41 13723 2
41 20389 1
41 7600 1
41 12360 3
41 18364 1
41 4032 1
41 1099 1
41 15949 1
41 9169 1
41 14290 1
41 9171 1
41 17372 1
41 19938 2
41 19939 1
41 19943 1
41 10407 1
41 16367 1
41 4081 3
41 7154 1
41 14324 2
41 5623 2
41 7160 1
41 11771 1
42 12288 1
42 8193 1
42 15874 1
42 7687 1
42 4617 1
42 4116 2
42 22551 2
42 12325 3
42 8236 1
42 7217 1
42 1076 1
42 588 2
42 13389 1
42 21586 2
42 84 1
42 15971 1
42 5732 1
42 16998 1
42 11887 1
42 1141 1
42 15994 1
42 18051 1
42 19588 1
42 13963 1
42 15514 1
42 16547 1
42 4263 1
42 20649 1
42 17067 1
42 14509 1
42 5816 1
42 11449 1
42 8892 1
42 12481 1
42 16586 1
42 20686 1
42 10975 1
42 2793 1
42 19183 1
42 19184 1
42 12018 1
42 10996 1
42 248 1
42 4868 1
42 18185 2
42 18818 1
42 15119 1
42 4884 1
42 21782 2
42 284 1
42 9506 1
42 20260 1
42 16193 1
42 8012 1
42 15190 1
42 22368 1
42 5473 1
42 1890 1
42 3428 1
42 2918 1
42 15220 1
42 15227 1
42 17790 1
42 13697 1
42 1922 2
42 3460 1
42 14725 1
42 917 1
42 3992 1
42 13723 1
42 4509 1
42 13727 1
42 17312 1
42 22442 1
42 9145 1
42 22464 1
42 11714 1
42 9167 1
42 21968 1
42 9169 1
42 18393 1
42 10407 1
42 492 1
42 16367 1
42 5623 1
42 505 1
43 12288 2
43 16385 2
43 4779 1
43 19460 4
43 16390 1
43 18952 1
43 13316 2
43 18267 1
43 12325 2
43 12326 1
43 12329 1
43 8236 2
43 8749 1
43 10798 2
43 19208 1
43 1590 1
43 1591 3
43 19124 1
43 13884 3
43 1604 1
43 10311 1
43 12360 1
43 18505 1
43 21586 1
43 12897 1
43 15971 1
43 16998 1
43 22119 1
43 18540 1
43 13937 1
43 6770 1
43 1141 4
43 633 1
43 15994 2
43 5994 1
43 7957 1
43 11904 6
43 4032 1
43 2690 1
43 5764 1
43 13445 1
43 7303 1
43 15500 1
43 4237 1
43 2704 1
43 3217 1
43 14488 1
43 672 1
43 13478 1
43 20649 1
43 20651 2
43 20653 1
43 21168 1
43 22196 1
43 3765 1
43 11449 1
43 19131 1
43 8892 3
43 19133 3
43 14016 2
43 4289 1
43 2243 1
43 4293 2
43 711 1
43 7880 1
43 16586 1
43 719 2
43 7888 1
43 8401 1
43 22232 1
43 7897 1
43 17626 1
43 2793 2
43 14574 1
43 637 1
43 19184 10
43 12018 1
43 17790 1
43 4867 2
43 4868 1
43 4870 1
43 7432 1
43 12930 1
43 2835 1
43 16430 1
43 21782 1
43 2839 3
43 2841 10
43 6938 1
43 8988 1
43 3881 1
43 5936 1
43 1844 1
43 12087 1
43 21305 3
43 12602 3
43 16190 1
43 20803 1
43 10566 1
43 12625 2
43 15190 1
43 2873 2
43 10072 1
43 13147 1
43 7010 1
43 13159 1
43 6506 1
43 9069 1
43 7537 1
43 15218 3
43 12147 1
43 15220 4
43 15221 1
43 15222 2
43 15227 3
43 1917 1
43 12670 2
43 7055 1
43 22416 1
43 20882 1
43 22339 1
43 8607 1
43 7106 1
43 14753 1
43 15266 1
43 1443 1
43 21318 1
43 18854 1
43 15273 3
43 12716 1
43 2990 1
43 7605 1
43 1609 1
43 20468 1
43 1984 1
43 4033 1
43 11714 1
43 13763 1
43 7110 2
43 15819 1
43 9167 3
43 7637 2
43 19939 1
43 21841 1
43 7313 1
43 15339 1
43 3058 1
43 14324 1
43 4601 1
43 11771 2
43 6141 1
43 6142 1
44 8713 1
44 14350 1
44 540 1
44 4870 2
44 22055 1
44 8236 1
44 11340 1
44 13389 1
44 15439 1
44 22098 1
44 4691 1
44 15444 1
44 5207 1
44 7471 1
44 9332 1
44 4217 1
44 5245 1
44 14475 1
44 15128 1
44 4754 1
44 14488 2
44 22200 1
44 21696 1
44 22209 1
44 22219 1
44 9424 1
44 10975 1
44 5757 1
44 8935 1
44 5352 1
44 637 1
44 7408 1
44 18182 1
44 1833 1
44 10489 1
44 18174 1
44 12031 1
44 2307 1
44 4868 2
44 1798 1
44 8457 1
44 10510 1
44 17681 1
44 5394 1
44 1816 1
44 7451 1
44 7455 1
44 20256 1
44 17188 1
44 5927 1
44 5929 1
44 3883 1
44 21295 3
44 1335 1
44 13113 1
44 21727 1
44 19595 1
44 329 1
44 12110 1
44 15184 1
44 12625 2
44 18773 1
44 3415 1
44 2394 1
44 13663 1
44 19810 1
44 10098 1
44 10611 1
44 12151 1
44 10111 1
44 16260 1
44 7558 1
44 15752 1
44 20366 1
44 7062 1
44 3492 1
44 18857 1
44 12203 1
44 9458 1
44 7098 1
44 15808 1
44 13255 1
44 12746 2
44 20429 1
44 9170 1
44 17657 1
44 18904 1
44 10205 1
44 990 1
44 6111 1
44 21586 1
44 6143 1
44 21845 1
45 20109 2
45 12673 1
45 3332 1
45 7087 1
45 9351 1
45 12938 1
45 14475 1
45 17932 1
45 15170 1
45 4494 1
45 15119 1
45 13969 1
45 15903 1
45 4868 1
45 4719 1
45 4570 1
45 9247 1
45 11329 1
45 1063 1
45 5928 1
45 22186 1
45 5934 1
45 21295 1
45 4019 1
45 11189 1
45 16054 1
45 11703 1
45 1976 1
45 15033 1
45 21279 1
45 19133 1
45 4286 1
45 22133 1
45 21696 1
45 10433 1
45 22082 1
45 21315 1
45 13255 1
45 712 1
45 17610 1
45 13388 1
45 20813 1
45 9167 1
45 9425 1
45 21586 3
45 12625 3
45 6413 1
45 15709 1
45 9687 1
45 9816 1
45 4058 1
45 15439 1
45 2524 1
45 12026 1
45 5514 1
45 11487 1
45 7057 1
45 18529 1
45 8421 1
45 7911 1
45 6354 1
45 6652 1
45 18155 1
45 22124 1
45 21613 3
45 11887 1
45 7408 1
45 10098 1
45 8935 1
45 9022 1
45 20474 1
45 892 1
45 15135 1
45 22223 1
