1 14592 1
1 19072 1
1 13316 1
1 4364 1
1 22032 2
1 8989 1
1 22442 1
1 21295 1
1 9777 1
1 1074 1
1 7475 2
1 19124 1
1 10935 1
1 14794 1
1 21828 1
1 12746 1
1 8375 1
1 9170 1
1 21588 1
1 13514 1
1 4442 1
1 21981 2
1 7952 1
1 8161 1
1 13411 1
1 12905 1
1 21613 1
1 22386 1
1 1141 1
1 8490 1
2 2306 1
2 18056 1
2 5158 1
2 20494 1
2 1032 1
2 22551 2
2 18201 1
2 7066 1
2 7451 1
2 12189 1
2 8100 1
2 13832 1
2 20519 1
2 1576 1
2 20914 2
2 16049 2
2 15666 1
2 13769 1
2 20284 1
2 19519 1
2 21832 3
2 9033 1
2 1818 1
2 20429 1
2 4818 1
2 12503 1
2 12248 1
2 12018 1
2 8161 1
2 11749 1
2 22252 1
2 9583 1
2 4850 1
2 3315 1
2 8953 1
3 5248 1
3 12288 1
3 18948 1
3 20357 1
3 6790 1
3 1031 1
3 2184 1
3 17801 1
3 12354 1
3 17709 1
3 11281 1
3 20882 1
3 4115 2
3 8852 1
3 6807 1
3 19737 1
3 1818 1
3 8953 1
3 12189 1
3 13316 1
3 8607 1
3 1568 1
3 11714 1
3 17148 1
3 13937 1
3 10410 1
3 4267 1
3 1836 1
3 1069 1
3 5934 1
3 7855 1
3 7088 1
3 689 1
3 15666 1
3 13877 1
3 13432 1
3 19771 1
3 8892 1
3 11709 1
3 16318 1
3 2229 1
3 18528 1
3 17090 1
3 8566 1
3 13514 1
3 12746 1
3 13771 1
3 4303 1
3 4433 1
3 7890 1
3 22355 1
3 9684 1
3 3065 1
3 10456 1
3 16475 1
3 16224 1
3 19553 1
3 22188 1
3 19172 1
3 13030 1
3 8422 1
3 12625 1
3 19816 1
3 21225 1
3 4647 1
3 22252 1
3 20717 1
3 15216 1
3 8817 1
3 12018 1
3 14725 1
3 18668 1
3 8950 3
3 2770 1
3 3961 1
3 12026 1
3 13819 1
3 3580 1
3 1760 1
3 5780 1
4 1280 1
4 6592 2
4 15108 1
4 6790 1
4 18049 1
4 7432 1
4 22155 1
4 22156 1
4 22032 2
4 11992 1
4 1032 2
4 2841 1
4 7471 1
4 12848 1
4 17620 3
4 22057 1
4 1834 1
4 1835 1
4 12076 1
4 22319 1
4 10928 1
4 7089 2
4 22200 1
4 20155 1
4 22464 1
4 8144 1
4 17619 1
4 7764 1
4 5208 1
4 603 2
4 860 1
4 3962 1
4 7903 1
4 7483 1
4 17639 1
4 22123 1
4 11887 1
4 17649 1
4 1141 1
4 4598 1
4 2167 1
4 6776 1
4 8953 1
4 15738 1
4 18174 1
5 12288 1
5 13316 2
5 7432 1
5 19347 1
5 4117 1
5 6423 1
5 6424 1
5 5785 1
5 1818 2
5 16795 1
5 18202 1
5 14384 1
5 5415 1
5 5800 2
5 7471 1
5 3760 1
5 2226 1
5 20547 1
5 12746 1
5 5838 1
5 17620 1
5 17230 1
5 12502 1
5 18267 2
5 7516 1
5 15738 1
5 8161 1
5 13799 1
5 13937 1
5 6258 1
5 17140 2
5 4601 1
5 8954 2
5 20095 1
6 19715 1
6 6790 2
6 19336 1
6 11692 1
6 11787 1
6 20494 1
6 22032 2
6 2563 1
6 5652 1
6 1032 1
6 5527 1
6 21912 1
6 2203 3
6 22557 2
6 1822 1
6 20384 1
6 17331 1
6 9755 1
6 7460 1
6 20519 1
6 8236 1
6 7088 1
6 7089 1
6 1459 1
6 12471 2
6 4831 2
6 21828 3
6 21832 1
6 12746 2
6 9294 1
6 20303 1
6 592 1
6 12878 1
6 5340 1
6 20701 1
6 21727 1
6 7392 1
6 15201 1
6 8425 1
6 5994 1
6 21613 2
6 9969 1
6 22386 2
6 4211 1
6 8180 1
6 20213 1
6 8566 2
6 2025 1
6 15994 1
6 2173 1
6 15102 1
7 14978 1
7 15491 1
7 12164 1
7 14102 1
7 19334 1
7 19719 1
7 1032 1
7 17162 1
7 9227 2
7 22032 1
7 3217 1
7 19716 1
7 12280 1
7 12566 1
7 17943 2
7 15384 1
7 6809 1
7 4122 1
7 7451 1
7 20000 1
7 15266 2
7 931 2
7 6982 1
7 5414 1
7 7463 1
7 5800 1
7 15273 1
7 17066 1
7 11335 1
7 12589 1
7 22319 1
7 7088 2
7 7089 2
7 14131 1
7 4278 1
7 9783 1
7 3641 1
7 5435 1
7 1988 1
7 5437 1
7 22464 1
7 20384 1
7 13963 2
7 21828 1
7 14277 2
7 19398 1
7 15201 1
7 11336 2
7 12746 1
7 20299 1
7 8855 1
7 12878 1
7 593 1
7 22483 1
7 10709 1
7 14969 1
7 22616 1
7 19675 1
7 5340 1
7 12026 1
7 10206 1
7 4831 2
7 2273 1
7 7396 1
7 19375 1
7 7782 1
7 11281 1
7 5993 1
7 8556 1
7 6000 1
7 881 1
7 18022 1
7 3060 1
7 8425 2
7 13432 1
7 21881 1
7 4090 1
7 5755 1
7 5500 1
8 12288 1
8 1538 1
8 2923 1
8 13445 1
8 7433 1
8 20234 1
8 9227 3
8 15246 1
8 16271 1
8 17424 1
8 20882 1
8 21653 1
8 12566 1
8 2839 2
8 1049 1
8 1819 1
8 2166 2
8 4677 1
8 15266 1
8 931 2
8 17188 1
8 12453 1
8 20774 1
8 16177 1
8 7976 1
8 22442 1
8 22188 1
8 4397 1
8 8236 1
8 7088 1
8 12872 1
8 1074 1
8 1076 1
8 5414 1
8 20168 1
8 16062 2
8 6847 1
8 364 2
8 2271 1
8 5437 1
8 12350 1
8 1525 1
8 22464 2
8 4392 1
8 13963 1
8 15994 1
8 7878 1
8 11335 1
8 11336 1
8 17162 1
8 1099 1
8 6477 1
8 846 1
8 9167 1
8 8144 1
8 5944 1
8 15955 1
8 14677 2
8 5337 2
8 13658 1
8 8954 3
8 8158 1
8 4831 2
8 22032 2
8 17637 1
8 21606 1
8 18408 1
8 8425 1
8 20330 1
8 11303 1
8 1947 1
8 21613 1
8 22382 1
8 4208 2
8 12712 1
8 20212 1
8 16757 1
8 8950 1
8 13432 1
8 13177 1
8 13434 1
8 2171 1
8 1578 1
8 5246 1
9 9600 1
9 4867 1
9 4486 1
9 7432 1
9 12335 1
9 13207 1
9 20882 1
9 1667 1
9 13844 1
9 2839 2
9 5785 1
9 10522 1
9 6811 1
9 1562 1
9 1823 1
9 20384 1
9 17638 1
9 180 1
9 8100 1
9 19078 1
9 18215 1
9 3113 2
9 8490 3
9 1068 1
9 21295 1
9 1032 1
9 18866 1
9 1076 1
9 181 1
9 182 1
9 13879 1
9 184 1
9 9652 2
9 10555 1
9 11708 1
9 13245 1
9 13877 1
9 22557 1
9 2625 1
9 8514 1
9 4548 1
9 1526 1
9 14677 1
9 11336 1
9 7114 1
9 183 1
9 2129 1
9 7089 1
9 595 1
9 9428 1
9 1568 1
9 5433 1
9 8425 1
9 20701 2
9 21733 1
9 19938 1
9 7011 1
9 11878 1
9 2918 1
9 19817 1
9 957 1
9 12018 1
9 12151 1
9 17141 1
9 8950 1
9 5801 1
9 8953 1
9 931 1
9 3541 1
10 14592 1
10 22592 1
10 2306 1
10 13316 2
10 15109 1
10 6790 1
10 1031 1
10 11275 2
10 4364 1
10 5005 1
10 22032 2
10 22418 1
10 14868 1
10 14488 1
10 18460 1
10 11807 1
10 14882 1
10 547 1
10 11941 1
10 9256 1
10 8490 1
10 18220 1
10 12719 1
10 931 1
10 13877 1
10 12855 1
10 184 1
10 19770 1
10 8607 1
10 5181 1
10 13504 1
10 12481 1
10 21828 1
10 11894 1
10 9953 1
10 11336 1
10 17225 1
10 13514 1
10 2274 1
10 12878 1
10 9167 1
10 17616 1
10 17699 1
10 9174 1
10 8797 1
10 16224 1
10 3937 1
10 14306 1
10 13669 1
10 19174 1
10 2920 1
10 8425 1
10 8684 1
10 21613 1
10 8566 1
10 13562 1
10 8954 1
10 11134 1
11 19712 1
11 10241 1
11 2306 1
11 11524 1
11 3397 2
11 1031 3
11 7432 1
11 13961 2
11 13963 1
11 11790 1
11 22032 1
11 4881 1
11 20882 1
11 1171 2
11 4884 1
11 8376 1
11 22551 1
11 11675 1
11 16260 1
11 14703 2
11 5020 2
11 2166 1
11 7582 1
11 8607 2
11 1568 1
11 18857 1
11 547 1
11 2213 1
11 20774 1
11 11303 1
11 17961 1
11 22442 1
11 1067 1
11 1076 1
11 14985 1
11 184 1
11 11449 1
11 14992 1
11 13658 1
11 1141 1
11 14240 1
11 11714 1
11 17989 1
11 21829 1
11 8161 1
11 21832 1
11 2763 1
11 17996 1
11 20429 3
11 12878 1
11 9167 1
11 18769 2
11 9170 2
11 2839 1
11 9729 1
11 846 1
11 13398 1
11 12248 1
11 7634 1
11 8158 1
11 19553 1
11 12770 1
11 19555 1
11 1140 1
11 1895 1
11 17384 1
11 8425 2
11 19306 1
11 8660 1
11 22418 1
11 17696 1
11 360 1
11 9458 2
11 4723 2
11 10100 1
11 1662 1
11 8950 1
11 20727 2
11 12948 1
11 15994 1
11 13418 1
11 11134 2
11 19839 1
12 12288 1
12 19715 1
12 11524 1
12 1798 1
12 13963 1
12 19340 1
12 19470 1
12 22416 1
12 20882 2
12 2196 1
12 2839 1
12 11673 1
12 8346 1
12 8607 1
12 931 1
12 1076 1
12 12341 1
12 12471 1
12 10168 1
12 12089 1
12 18494 1
12 22464 2
12 20292 1
12 22369 1
12 12746 1
12 9167 2
12 8425 2
12 19174 1
12 9947 1
12 11357 1
12 4831 2
12 19553 3
12 21733 1
12 2918 1
12 360 1
12 3177 1
12 22252 1
12 15216 1
12 22385 1
12 21108 1
12 8950 1
12 20727 1
12 11134 1
12 11135 1
13 19332 1
13 3077 1
13 1798 1
13 1031 1
13 7432 2
13 21228 1
13 599 1
13 3086 1
13 22032 2
13 2196 1
13 2841 1
13 21914 1
13 2588 1
13 10269 1
13 15903 1
13 14240 1
13 4486 1
13 10408 1
13 20905 1
13 4780 1
13 9901 1
13 20701 1
13 5554 1
13 12979 1
13 4276 1
13 13790 1
13 22200 1
13 21087 1
13 18933 1
13 13963 1
13 20429 1
13 974 1
13 12625 1
13 19470 1
13 21847 1
13 11992 1
13 19549 1
13 10206 2
13 11301 1
13 12897 1
13 14969 1
13 13420 1
13 17901 1
13 11887 1
13 4981 1
13 16374 1
13 13433 1
13 7419 1
13 8702 1
13 14677 1
14 22147 1
14 4484 1
14 13445 1
14 1031 1
14 19336 1
14 8236 1
14 22551 1
14 13452 1
14 1346 1
14 20494 1
14 4881 1
14 17539 1
14 6804 1
14 13846 1
14 6423 1
14 19716 1
14 3226 1
14 13980 1
14 21687 1
14 926 1
14 18983 1
14 5414 1
14 11303 3
14 20648 1
14 14216 1
14 1578 4
14 4267 1
14 22188 2
14 14509 1
14 5934 1
14 7088 1
14 7432 1
14 21682 1
14 13877 1
14 15096 1
14 21303 1
14 21305 1
14 7303 1
14 20157 1
14 21310 1
14 19519 1
14 8153 1
14 2755 1
14 1092 1
14 4607 1
14 13769 1
14 2762 1
14 759 1
14 2841 1
14 2044 1
14 1032 1
14 15184 1
14 18769 1
14 9170 1
14 2556 1
14 13398 1
14 16983 1
14 7321 1
14 4441 1
14 13658 1
14 6876 1
14 16733 1
14 8161 1
14 15460 1
14 20774 1
14 360 1
14 8425 2
14 15991 1
14 15085 1
14 14448 1
14 13937 1
14 12018 1
14 19347 1
14 14324 1
14 8950 2
14 11511 1
14 10360 2
14 8953 2
14 2214 1
14 9595 1
14 4604 1
14 20727 1
15 5248 1
15 9729 1
15 1031 1
15 7432 1
15 12076 1
15 19987 1
15 13078 1
15 22551 2
15 22041 1
15 12190 1
15 11301 1
15 20774 1
15 11303 1
15 4396 1
15 14509 1
15 7471 1
15 7089 1
15 7986 1
15 13877 2
15 4277 1
15 897 1
15 13249 1
15 12870 1
15 1354 1
15 587 1
15 18767 1
15 16850 1
15 14677 1
15 3321 1
15 13912 1
15 10205 1
15 8161 1
15 14306 2
15 15460 1
15 13159 1
15 2025 1
15 6593 1
15 1141 1
15 4601 1
15 8702 2
16 897 2
16 11275 2
16 22551 2
16 13727 1
16 14881 1
16 14882 1
16 19238 1
16 7463 1
16 8232 1
16 10410 1
16 1067 1
16 19372 1
16 15408 1
16 8892 1
16 2622 1
16 19648 1
16 12870 1
16 11335 1
16 15432 1
16 13516 1
16 587 1
16 17996 1
16 8546 1
16 9167 1
16 9301 1
16 4601 1
16 20440 1
16 2509 1
16 15199 1
16 8161 1
16 14306 1
16 7397 1
16 11625 1
16 12269 1
16 12492 1
16 3321 1
16 2171 1
16 11134 1
17 5248 1
17 7463 1
17 13704 1
17 13961 1
17 3927 1
17 9581 1
17 7952 1
17 9254 1
17 20882 2
17 1171 1
17 916 1
17 7111 1
17 17943 3
17 11675 1
17 11676 1
17 22557 1
17 5150 2
17 7109 1
17 14881 1
17 14882 2
17 603 1
17 11941 1
17 20774 1
17 13863 1
17 1067 1
17 8236 2
17 4397 1
17 7112 1
17 6578 1
17 4277 1
17 182 1
17 184 1
17 6713 1
17 17468 1
17 11709 1
17 12350 2
17 11711 1
17 2880 1
17 11714 1
17 364 2
17 11335 2
17 11336 5
17 5321 1
17 19403 1
17 15266 1
17 9167 1
17 15184 1
17 4822 1
17 11449 1
17 16276 1
17 9435 1
17 20303 1
17 1580 1
17 18528 1
17 8161 2
17 14306 1
17 21310 1
17 19238 1
17 3943 1
17 8425 1
17 13418 1
17 16112 1
17 8300 3
17 13549 1
17 12656 1
17 10482 1
17 11923 1
17 13428 2
17 9214 1
17 20343 1
17 2196 2
17 13182 1
17 2559 1
18 17921 1
18 12165 1
18 18817 1
18 8300 1
18 11275 1
18 21613 1
18 17424 2
18 4881 1
18 12179 1
18 2196 2
18 17943 3
18 13979 1
18 8988 1
18 8709 1
18 22562 1
18 1564 1
18 11335 1
18 1076 1
18 11832 1
18 6593 1
18 13255 1
18 11336 2
18 17225 1
18 12746 1
18 13388 1
18 9294 1
18 3536 1
18 14677 1
18 11791 1
18 8158 1
18 8161 1
18 14306 1
18 15845 2
18 360 1
18 8425 1
18 8556 1
18 18157 1
18 2289 1
18 13428 2
18 1141 1
19 9729 2
19 2563 1
19 14985 1
19 13963 1
19 9359 3
19 22032 1
19 6675 2
19 15216 1
19 691 3
19 22551 1
19 1818 2
19 16367 1
19 8988 1
19 18592 1
19 14881 1
19 15266 1
19 931 1
19 3058 1
19 1454 1
19 12852 1
19 11275 2
19 3016 1
19 11827 1
19 11923 1
19 6713 1
19 8892 1
19 1076 1
19 19061 1
19 20032 1
19 20000 2
19 11714 2
19 20384 1
19 8900 1
19 11336 2
19 17000 1
19 19403 1
19 9901 1
19 14882 2
19 3021 2
19 3536 1
19 12625 1
19 8035 1
19 4235 1
19 13658 1
19 22108 1
19 7520 1
19 6000 1
19 14306 1
19 5219 1
19 19943 1
19 17943 2
19 8425 2
19 13418 1
19 17004 1
19 12269 1
19 9583 1
19 1378 1
19 13937 1
19 18162 1
19 4723 1
19 1141 1
19 5993 1
19 11898 1
20 7680 1
20 3392 4
20 6150 1
20 14985 1
20 13963 1
20 9484 1
20 22082 1
20 17807 1
20 7952 1
20 14993 2
20 20242 1
20 11923 1
20 10646 1
20 6423 1
20 8180 1
20 1818 1
20 1947 1
20 20468 1
20 9886 1
20 14882 1
20 2289 1
20 11398 1
20 10097 1
20 5929 1
20 1578 1
20 15404 1
20 12089 1
20 18222 1
20 8989 1
20 691 1
20 4277 1
20 18872 1
20 10996 1
20 6330 1
20 1467 1
20 8892 2
20 12350 1
20 17855 1
20 3520 1
20 13428 1
20 12354 1
20 11275 1
20 22464 1
20 13511 1
20 21832 1
20 13771 1
20 9167 1
20 10704 1
20 3157 1
20 13881 1
20 11941 1
20 22368 1
20 11193 1
20 19938 1
20 8425 1
20 13863 1
20 12269 2
20 494 1
20 13937 1
20 19058 1
20 13556 1
20 20213 1
20 20343 1
20 14969 1
20 12026 1
20 20882 1
20 5246 3
21 9600 1
21 897 1
21 3203 1
21 13316 1
21 10886 1
21 16903 1
21 19336 1
21 7178 1
21 22551 1
21 7463 1
21 4433 1
21 7055 1
21 8425 1
21 18834 1
21 19715 1
21 917 3
21 5529 3
21 5785 2
21 13467 1
21 12188 1
21 1823 1
21 20000 1
21 7089 1
21 3490 1
21 931 5
21 8356 1
21 20389 1
21 20465 3
21 10408 1
21 11690 1
21 1067 1
21 5935 1
21 8584 2
21 12471 1
21 184 3
21 18363 1
21 8892 1
21 21621 1
21 3075 1
21 13255 1
21 15432 1
21 2841 1
21 20429 1
21 20303 1
21 3536 6
21 5841 1
21 17490 1
21 9171 1
21 14605 1
21 3541 2
21 11336 3
21 932 1
21 9167 1
21 21980 1
21 10205 1
21 10206 2
21 881 1
21 7011 1
21 8804 1
21 8421 2
21 19716 1
21 22119 1
21 17943 1
21 17769 1
21 13159 1
21 494 1
21 8303 1
21 15216 1
21 20648 3
21 12018 2
21 6483 1
21 6773 1
21 3958 1
21 10359 1
21 5972 1
21 2171 2
21 2965 2
22 5888 1
22 3200 1
22 13316 1
22 3077 1
22 18182 1
22 13963 1
22 7952 2
22 2196 1
22 2965 1
22 17943 1
22 11672 1
22 1564 1
22 20510 1
22 22175 1
22 8353 1
22 931 1
22 4870 1
22 1959 1
22 18414 1
22 10412 1
22 13229 1
22 8797 1
22 5552 1
22 14574 1
22 9139 1
22 11193 1
22 6331 1
22 11452 1
22 6718 1
22 13887 1
22 13255 1
22 12746 1
22 8908 1
22 5838 1
22 9043 1
22 9684 1
22 22585 1
22 9816 1
22 9435 1
22 1141 1
22 8543 1
22 8161 1
22 9443 1
22 8425 1
22 5742 1
22 8180 1
22 11381 2
22 7542 1
22 20727 1
22 1147 1
22 14716 1
23 15616 1
23 12288 2
23 19715 2
23 16132 1
23 19718 1
23 21601 1
23 3339 1
23 14605 1
23 22030 1
23 21392 1
23 13459 1
23 1092 1
23 7451 1
23 5151 1
23 14448 1
23 5531 2
23 10407 1
23 1578 1
23 11307 1
23 8749 1
23 10798 1
23 14689 1
23 11444 1
23 5321 1
23 184 1
23 21828 1
23 13255 1
23 7241 1
23 9035 1
23 17231 1
23 11600 1
23 21586 1
23 595 1
23 18267 1
23 8797 1
23 6622 1
23 18528 1
23 22032 1
23 20706 1
23 8166 1
23 13167 1
23 15216 1
23 5623 1
23 15610 1
23 17788 1
23 183 1
23 18686 1
24 15616 2
24 1280 1
24 22571 1
24 13704 1
24 18185 1
24 15499 1
24 3197 1
24 22032 3
24 6801 1
24 7683 1
24 14870 1
24 18200 1
24 14235 1
24 1564 2
24 20739 1
24 13502 1
24 20384 1
24 10096 1
24 1827 1
24 13863 2
24 10408 3
24 12713 1
24 1578 5
24 17067 1
24 22188 1
24 17069 2
24 7432 2
24 5554 1
24 8803 1
24 1161 1
24 184 2
24 185 1
24 18363 1
24 12746 1
24 1342 1
24 633 1
24 18528 1
24 11714 1
24 17068 1
24 18116 1
24 1633 1
24 9034 1
24 11726 1
24 595 1
24 3927 1
24 16131 1
24 603 1
24 5340 1
24 17819 1
24 1482 1
24 14689 2
24 13736 4
24 19172 1
24 13159 3
24 21608 1
24 8425 3
24 16490 1
24 10407 1
24 13293 1
24 9583 1
24 7408 1
24 13937 2
24 19347 1
24 5246 2
24 13161 1
24 4601 1
24 13226 1
24 7678 1
25 13316 1
25 9863 1
25 22024 1
25 18185 1
25 9866 1
25 9867 1
25 13453 1
25 20494 1
25 4112 1
25 22467 1
25 21146 1
25 13723 1
25 2394 1
25 15216 1
25 14235 1
25 13733 1
25 22385 1
25 10408 1
25 13737 1
25 1578 4
25 1068 1
25 17070 1
25 14280 1
25 16434 1
25 1076 1
25 6622 1
25 21305 1
25 19133 1
25 7870 1
25 21951 1
25 12746 1
25 20291 1
25 15432 1
25 14281 1
25 2250 2
25 3171 1
25 7637 1
25 18394 2
25 18140 1
25 16606 1
25 10469 1
25 22369 1
25 21310 1
25 8421 1
25 7463 1
25 8815 1
25 14448 1
25 13736 6
25 7410 1
25 19315 1
25 13428 1
25 16373 1
25 12663 1
25 633 1
25 13821 1
25 20565 2
25 10837 1
26 12288 1
26 8961 1
26 4868 1
26 646 1
26 6791 1
26 18185 1
26 13452 2
26 13453 1
26 22032 1
26 21605 1
26 13459 1
26 19093 1
26 18455 1
26 19096 1
26 13316 1
26 1947 1
26 1564 2
26 8989 1
26 14096 1
26 18079 1
26 4000 1
26 13723 1
26 12453 1
26 13736 7
26 12700 1
26 1578 1
26 17067 1
26 16684 1
26 5781 1
26 15282 1
26 10291 1
26 3638 1
26 20447 1
26 12214 1
26 21952 1
26 15170 1
26 22467 1
26 1988 1
26 12342 1
26 11604 1
26 12746 1
26 588 1
26 18769 1
26 3171 1
26 20692 1
26 2755 1
26 4823 1
26 18394 1
26 2394 1
26 7892 1
26 6622 1
26 4831 1
26 18528 1
26 22369 1
26 17890 1
26 15459 1
26 10981 1
26 13737 1
26 8425 2
26 16490 1
26 15855 2
26 1136 1
26 7409 1
26 3113 1
26 633 1
26 15610 1
26 10538 1
26 18175 1
27 15616 1
27 18817 1
27 1067 1
27 4484 1
27 19973 1
27 4486 1
27 11969 1
27 13961 1
27 12119 1
27 13452 2
27 17806 1
27 1069 1
27 22032 2
27 22418 1
27 916 2
27 7319 1
27 18200 1
27 19972 1
27 20892 1
27 13316 1
27 8197 1
27 7088 1
27 15268 1
27 3796 1
27 22569 1
27 1578 2
27 22571 1
27 12089 1
27 7982 1
27 7471 3
27 13232 1
27 7089 1
27 15666 1
27 19676 1
27 12341 1
27 12471 1
27 185 1
27 8607 1
27 5182 1
27 831 1
27 14016 2
27 13249 1
27 20292 1
27 20038 1
27 20427 1
27 13516 6
27 8660 1
27 6841 1
27 19675 1
27 9308 1
27 8158 1
27 11511 2
27 7520 1
27 16100 1
27 13159 1
27 20456 1
27 4604 1
27 5867 2
27 22057 1
27 14574 1
27 21743 1
27 5864 1
27 2036 1
27 1141 1
27 3113 1
27 2552 1
27 8953 1
27 15994 2
27 22140 3
27 5246 2
28 15616 4
28 8961 2
28 13316 2
28 19973 1
28 12288 1
28 11777 1
28 13612 1
28 16073 1
28 5005 1
28 22032 3
28 22418 2
28 13459 3
28 16788 1
28 9494 1
28 22423 1
28 21912 1
28 17819 1
28 20410 1
28 4826 1
28 5150 1
28 9375 1
28 20384 1
28 7451 1
28 12453 1
28 2289 1
28 10408 2
28 11817 1
28 1578 1
28 12716 1
28 17069 1
28 1280 1
28 7471 1
28 15664 2
28 9583 1
28 16308 1
28 10206 1
28 3639 1
28 1161 1
28 20794 1
28 11381 3
28 3392 1
28 11969 1
28 7110 2
28 2631 1
28 15432 1
28 9033 1
28 12746 1
28 12471 1
28 13516 1
28 6621 1
28 16079 1
28 20792 1
28 11385 3
28 13912 1
28 19162 1
28 18395 1
28 17466 1
28 13388 1
28 7392 4
28 1633 1
28 2020 1
28 22119 1
28 2025 1
28 12178 1
28 14574 1
28 11887 1
28 18817 1
28 22385 1
28 1141 2
28 14583 1
28 2552 1
28 633 1
28 22140 1
28 18302 1
28 18175 1
29 15616 4
29 8964 1
29 1161 1
29 17290 1
29 3339 1
29 13452 2
29 5005 1
29 22032 1
29 22418 1
29 8342 1
29 22423 1
29 14488 1
29 13316 1
29 20892 1
29 9375 1
29 1824 1
29 932 1
29 12453 1
29 10408 1
29 1564 2
29 1067 1
29 15660 1
29 12717 1
29 5934 2
29 15664 1
29 16946 2
29 11315 1
29 1076 2
29 15157 1
29 5641 1
29 9912 1
29 22585 2
29 5050 1
29 10555 1
29 18364 2
29 15498 1
29 2625 1
29 12354 1
29 5443 1
29 14407 1
29 12746 3
29 9035 1
29 5198 1
29 13453 1
29 15672 1
29 185 1
29 16984 2
29 18395 2
29 3679 1
29 8161 2
29 19938 1
29 1763 1
29 19174 1
29 8425 2
29 17515 1
29 8300 1
29 14973 1
29 11632 1
29 12018 1
29 13428 1
29 5499 1
29 14204 1
29 5501 1
29 3198 1
30 15616 2
30 6787 1
30 13062 1
30 18185 1
30 17162 1
30 12683 1
30 4364 2
30 20494 1
30 17069 1
30 22032 5
30 10898 1
30 22551 1
30 22041 1
30 15794 1
30 6686 1
30 11555 1
30 4486 1
30 2475 1
30 8749 1
30 16431 1
30 7088 1
30 7089 1
30 16434 1
30 13113 1
30 7690 1
30 9918 1
30 5567 1
30 11714 1
30 2244 1
30 13255 1
30 13516 1
30 11723 1
30 588 1
30 13389 1
30 718 1
30 719 1
30 21586 1
30 4942 1
30 4438 1
30 3762 1
30 6489 1
30 7055 1
30 15459 1
30 5527 1
30 21605 1
30 7014 1
30 22119 1
30 13452 1
30 3943 1
30 15216 1
30 19816 1
30 3058 1
30 8180 1
30 7870 1
30 18424 1
30 22140 1
30 12670 1
30 2559 1
31 1538 1
31 6790 1
31 18185 1
31 20494 1
31 17424 3
31 22423 1
31 19737 1
31 11887 1
31 13727 1
31 8993 1
31 20389 1
31 8236 1
31 2173 1
31 22464 2
31 7241 1
31 12746 1
31 17996 1
31 13389 1
31 20303 1
31 8161 1
31 1765 1
31 15855 1
31 11760 1
31 13681 1
31 15735 1
31 14973 1
32 14592 1
32 1281 1
32 13445 1
32 8961 1
32 9352 1
32 18185 2
32 7690 1
32 3339 1
32 22032 2
32 13459 1
32 2839 1
32 409 1
32 18955 1
32 13475 1
32 20260 1
32 12453 1
32 15273 1
32 17067 1
32 12717 1
32 21172 1
32 13449 1
32 16180 1
32 7870 1
32 22464 3
32 12354 1
32 2243 1
32 11336 1
32 11850 1
32 13389 2
32 12878 1
32 9167 1
32 592 1
32 12625 1
32 4180 1
32 13398 1
32 15199 1
32 1765 1
32 10470 1
32 10833 1
32 7785 1
32 21613 1
32 9839 1
32 15216 1
32 21617 1
32 21618 1
32 8180 1
32 13433 1
32 15994 1
33 15616 1
33 12673 1
33 12746 1
33 13316 1
33 13445 2
33 6790 1
33 13961 1
33 5005 1
33 11662 1
33 22032 2
33 916 1
33 22423 1
33 13592 1
33 17435 1
33 12188 1
33 15774 1
33 4639 1
33 20384 2
33 2416 1
33 10530 1
33 16547 1
33 9380 1
33 12453 1
33 21617 1
33 15273 1
33 9261 1
33 2351 1
33 15432 1
33 1074 2
33 6068 1
33 15541 1
33 11963 1
33 14016 1
33 21949 1
33 22464 2
33 7392 2
33 20470 1
33 18120 1
33 11850 2
33 17229 1
33 9167 1
33 720 1
33 12625 1
33 12670 1
33 3288 1
33 2394 1
33 8570 1
33 2911 1
33 21984 1
33 15585 1
33 14725 1
33 10300 1
33 18343 1
33 17262 1
33 15855 1
33 12656 1
33 7665 1
33 4723 1
33 4725 1
33 19702 1
33 11385 1
33 15610 1
33 21629 1
33 15486 1
33 22385 1
34 12288 1
34 3201 1
34 4868 1
34 13445 1
34 11398 2
34 19719 1
34 18185 1
34 7690 1
34 9483 1
34 4364 2
34 4238 1
34 22032 4
34 2834 1
34 5354 1
34 1564 1
34 22557 1
34 12532 1
34 9638 1
34 13062 1
34 11434 1
34 12089 1
34 17070 1
34 17821 1
34 14493 1
34 11569 1
34 691 1
34 19124 1
34 20277 1
34 185 1
34 19131 1
34 15036 1
34 17162 1
34 13389 1
34 11334 1
34 11335 1
34 21832 1
34 13452 1
34 11850 1
34 11511 1
34 21305 1
34 20303 1
34 7634 1
34 8180 1
34 18005 2
34 4438 1
34 4695 1
34 4441 1
34 12453 1
34 19555 1
34 4326 1
34 20494 1
34 8892 1
34 16362 1
34 4818 1
34 19133 1
34 11760 1
34 5233 1
34 13428 1
34 5246 1
34 8425 1
34 8954 1
34 17149 1
34 11902 1
34 12927 1
35 12288 1
35 13316 2
35 12805 1
35 22032 10
35 4115 1
35 22551 1
35 1564 1
35 16414 1
35 2309 1
35 3627 1
35 11309 1
35 16430 1
35 1074 1
35 10291 1
35 3638 2
35 17161 1
35 3130 1
35 15432 1
35 11850 1
35 13389 2
35 12878 1
35 592 1
35 10833 1
35 16468 1
35 3679 1
35 12816 1
35 21607 1
35 16488 1
35 12394 1
35 14448 1
35 1140 1
35 6773 1
35 6774 1
35 632 1
35 22140 1
35 14973 1
35 13445 1
35 6790 1
35 1674 1
35 13452 2
35 13459 3
35 7319 2
35 10407 1
35 17066 1
35 3954 1
35 12471 3
35 22209 1
35 13515 1
35 9947 1
35 1763 1
35 8422 1
35 8425 1
35 5869 1
35 21629 1
35 11511 1
35 15616 4
35 14082 1
35 19715 1
35 18181 1
35 18185 2
35 4364 2
35 18191 1
35 7471 1
35 8988 1
35 17696 1
35 20187 1
35 2854 1
35 22319 1
35 14135 1
35 15672 1
35 14649 1
35 10555 2
35 20292 1
35 3408 1
35 18769 1
35 2394 1
35 18267 1
35 7014 1
35 13673 1
35 15723 1
35 11632 2
35 10097 1
35 13682 1
35 389 1
35 19854 1
35 22418 1
35 3396 1
35 6554 1
35 22426 1
35 20384 1
35 15266 1
35 7110 1
35 12746 2
35 9167 1
35 18393 1
35 16347 1
35 7847 1
35 8175 2
35 11760 1
35 6652 2
36 14592 5
36 8449 1
36 19204 2
36 2309 1
36 7432 1
36 8236 2
36 15119 1
36 22032 2
36 19093 1
36 15773 1
36 8607 1
36 5536 1
36 22442 1
36 1068 1
36 7088 2
36 4019 2
36 21305 1
36 19770 2
36 21023 1
36 21308 1
36 6718 1
36 13445 1
36 8641 1
36 12354 1
36 21832 1
36 12746 1
36 12151 1
36 20429 1
36 4941 1
36 8144 1
36 7122 2
36 22229 1
36 13398 1
36 5207 1
36 14680 3
36 1753 1
36 4589 1
36 3536 1
36 15971 1
36 17637 2
36 18022 1
36 9831 3
36 20329 1
36 21613 1
36 9072 1
36 6644 1
36 8566 1
36 1568 2
36 12202 1
36 14677 1
37 14592 2
37 1280 1
37 11522 1
37 6290 1
37 13316 1
37 2309 1
37 18056 1
37 7690 1
37 14219 1
37 1833 1
37 4589 1
37 22032 1
37 14680 2
37 2834 1
37 13516 1
37 12334 1
37 10904 1
37 14618 1
37 21883 1
37 20125 1
37 5536 1
37 673 2
37 22416 1
37 11939 2
37 20900 1
37 8229 1
37 13937 2
37 6744 1
37 7977 1
37 5934 1
37 5935 4
37 4123 1
37 7432 1
37 1074 1
37 21773 1
37 11832 1
37 17360 1
37 12091 1
37 13245 1
37 9918 1
37 11969 1
37 20299 1
37 11766 1
37 14664 1
37 13388 1
37 12151 1
37 22348 1
37 9378 1
37 9167 1
37 11600 2
37 11555 1
37 17621 1
37 9046 1
37 15575 3
37 11992 1
37 12559 1
37 22418 2
37 11941 1
37 15585 1
37 1763 1
37 2918 2
37 22421 1
37 18797 1
37 2289 1
37 1141 1
37 1526 2
37 4599 1
37 13432 1
37 8569 1
37 18161 1
37 9724 1
37 7855 1
37 13950 1
37 14677 1
38 14592 3
38 12288 1
38 8064 1
38 11524 1
38 9606 1
38 17163 1
38 6413 1
38 21613 2
38 22032 1
38 22418 1
38 22295 3
38 13316 1
38 22319 1
38 5928 2
38 1280 2
38 12207 1
38 7088 1
38 4019 1
38 4404 1
38 21305 1
38 10975 1
38 8636 1
38 2243 1
38 21831 1
38 20429 1
38 5838 1
38 20817 1
38 21716 1
38 10574 1
38 14680 1
38 10206 1
38 20447 1
38 2914 1
38 2531 1
38 21094 1
38 3943 1
38 13970 1
38 13937 2
38 1163 1
38 11898 1
38 4604 1
38 13437 1
39 11008 3
39 14592 1
39 12034 1
39 13316 3
39 9558 1
39 9607 1
39 9047 1
39 19345 1
39 10515 1
39 15534 1
39 22368 1
39 15133 3
39 19487 1
39 20256 1
39 15266 4
39 3113 1
39 22442 3
39 16775 1
39 20142 1
39 7087 1
39 5425 1
39 15666 1
39 13043 1
39 8892 1
39 5567 2
39 17184 1
39 22339 1
39 7876 3
39 1099 1
39 13388 2
39 13389 1
39 21889 1
39 10194 1
39 7635 1
39 13781 1
39 13398 1
39 11479 1
39 11992 1
39 13147 1
39 8797 1
39 1760 1
39 22119 1
39 999 2
39 13937 1
39 5618 2
39 4723 2
39 2166 1
39 8605 1
39 18042 1
39 4650 1
40 11008 4
40 14592 3
40 3332 1
40 9093 1
40 6186 1
40 897 1
40 15369 1
40 22032 2
40 4881 1
40 11284 2
40 10158 1
40 13316 1
40 1818 1
40 22442 2
40 15133 1
40 16030 1
40 17183 1
40 20256 1
40 15266 1
40 20260 1
40 551 1
40 8744 1
40 8490 1
40 8878 1
40 1199 1
40 10160 1
40 10163 1
40 8375 1
40 1013 1
40 704 1
40 11714 1
40 14535 1
40 9417 1
40 7504 1
40 12625 1
40 17490 2
40 20565 1
40 13398 1
40 18267 1
40 18042 1
40 9831 1
40 5993 1
40 2407 1
40 21613 1
40 11887 1
40 4723 2
40 14708 1
40 13813 1
40 17271 1
40 11898 2
40 19114 1
41 1408 1
41 12930 1
41 19971 1
41 4868 1
41 2309 1
41 3590 1
41 904 1
41 18570 1
41 3339 1
41 10636 1
41 20482 1
41 17424 1
41 11286 1
41 15855 1
41 925 1
41 20254 2
41 17183 1
41 20384 1
41 545 1
41 15266 1
41 15523 1
41 1798 2
41 20519 1
41 8744 1
41 22442 1
41 15534 7
41 7471 1
41 7603 1
41 181 1
41 182 1
41 12343 1
41 21305 1
41 20794 1
41 19131 1
41 6718 1
41 11334 1
41 10401 1
41 20427 1
41 17612 1
41 11726 1
41 14677 1
41 13398 1
41 9047 1
41 21851 1
41 15835 1
41 15836 1
41 7392 1
41 22032 1
41 5347 1
41 15588 1
41 1895 1
41 3435 2
41 18030 1
41 15215 1
41 13937 1
41 21874 1
41 21619 1
41 8566 1
41 12471 1
42 14592 2
42 11008 2
42 7723 1
42 18436 1
42 1798 1
42 1032 1
42 14473 1
42 12183 1
42 10636 1
42 22119 1
42 7952 1
42 16275 1
42 2196 1
42 6039 1
42 15128 1
42 13316 2
42 8988 1
42 22557 1
42 12288 1
42 17183 2
42 20384 1
42 18209 1
42 11939 1
42 20900 1
42 10246 1
42 21617 2
42 5928 2
42 3113 1
42 8747 1
42 15534 1
42 12360 1
42 9269 1
42 8375 1
42 2873 1
42 1979 1
42 9662 1
42 14016 1
42 9926 1
42 22344 1
42 12471 1
42 16588 1
42 10573 1
42 12878 1
42 11471 1
42 12625 1
42 7507 1
42 13398 1
42 14680 1
42 3127 1
42 18267 1
42 16496 1
42 12279 1
42 22032 1
42 2407 1
42 18022 3
42 9831 1
42 13033 2
42 3435 1
42 21613 1
42 14703 1
42 15216 1
42 22001 1
42 7977 1
42 12343 1
42 18428 1
42 7399 1
43 3073 1
43 4867 2
43 13444 1
43 2309 1
43 8647 1
43 1032 3
43 18570 2
43 17163 1
43 10636 1
43 11790 1
43 9069 4
43 5264 1
43 11632 1
43 15122 1
43 16276 1
43 5934 1
43 22032 1
43 17435 1
43 14725 1
43 18080 2
43 5691 1
43 14677 2
43 11939 2
43 6308 1
43 8614 1
43 18993 1
43 3113 1
43 4267 1
43 3629 1
43 18862 1
43 7600 1
43 16049 1
43 17203 1
43 10036 1
43 8502 1
43 12471 2
43 15545 1
43 11835 1
43 700 1
43 12081 2
43 6718 1
43 22464 1
43 9286 1
43 13255 1
43 7768 1
43 8649 1
43 7458 1
43 18510 1
43 18255 1
43 7632 1
43 13778 1
43 11555 1
43 22024 1
43 21070 1
43 15871 1
43 14680 2
43 9177 1
43 7055 1
43 8954 1
43 7520 1
43 17424 2
43 15971 1
43 18532 1
43 19238 1
43 8422 1
43 21617 1
43 5352 1
43 20095 1
43 3562 2
43 8427 1
43 2540 1
43 21613 1
43 1917 1
43 9072 1
43 10984 1
43 14751 1
43 12350 1
43 22262 1
43 10857 1
43 4217 1
43 18042 1
43 8929 1
43 6652 1
43 13437 1
43 11007 1
44 14592 3
44 1280 1
44 11394 1
44 8641 2
44 13316 2
44 2309 1
44 9606 1
44 9607 1
44 22024 1
44 15575 1
44 6413 1
44 11790 1
44 14479 1
44 22032 1
44 14680 1
44 21305 1
44 14743 1
44 13981 1
44 4382 1
44 14751 1
44 20000 1
44 17185 1
44 20900 1
44 13733 1
44 12081 1
44 9901 1
44 12207 2
44 7432 2
44 13490 1
44 4019 2
44 6197 1
44 12471 1
44 12345 1
44 13398 1
44 19133 1
44 6718 1
44 7873 1
44 12354 1
44 16416 1
44 20297 1
44 13514 1
44 12279 1
44 20556 1
44 20429 3
44 16206 1
44 4432 1
44 11941 1
44 10452 2
44 19414 1
44 9047 1
44 11992 1
44 5207 1
44 18267 1
44 10975 1
44 10096 1
44 15971 1
44 18022 1
44 15441 1
44 21095 1
44 7400 1
44 18921 1
44 11392 1
44 4391 1
44 364 1
44 21613 1
44 14448 1
44 9201 1
44 11250 1
44 13937 1
44 673 1
44 5498 1
44 11007 1
45 11008 2
45 14592 5
45 4484 1
45 6790 1
45 8193 1
45 1800 1
45 9227 1
45 4238 1
45 8685 1
45 22032 1
45 10912 1
45 13331 1
45 5994 1
45 7451 1
45 9247 1
45 8992 1
45 6150 1
45 19238 1
45 20519 1
45 17066 1
45 22188 4
45 16301 1
45 19549 1
45 13744 1
45 8753 1
45 4019 2
45 4673 2
45 12471 1
45 19900 1
45 19775 1
45 11969 1
45 3127 1
45 13389 2
45 5838 1
45 975 1
45 21586 1
45 15402 1
45 14037 1
45 15575 1
45 11992 2
45 8797 1
45 18023 1
45 6632 1
45 10857 1
45 5866 1
45 9831 1
45 21613 3
45 18030 1
45 4723 1
45 21097 2
45 5567 1
45 4604 1
45 22442 1
46 14592 2
46 13316 1
46 2309 1
46 11398 1
46 6791 1
46 7823 1
46 13331 1
46 7062 1
46 21097 1
46 19737 1
46 14751 1
46 15119 1
46 17188 1
46 549 1
46 22442 1
46 15276 1
46 14509 1
46 1582 1
46 4399 1
46 4019 1
46 9924 1
46 13880 1
46 21305 1
46 19900 1
46 19396 1
46 8906 1
46 4941 1
46 9167 1
46 592 1
46 21586 1
46 9043 1
46 7892 1
46 13398 1
46 14680 1
46 21849 1
46 12815 1
46 10960 1
46 15971 1
46 743 1
46 744 1
46 10857 2
46 745 1
46 8556 1
46 21617 1
46 8307 1
46 4725 1
46 12663 1
46 15864 1
46 17148 1
46 20045 1
47 9729 1
47 2309 2
47 2310 1
47 11969 1
47 10120 1
47 7306 1
47 22032 1
47 20625 1
47 10515 1
47 16661 1
47 3991 3
47 13979 2
47 13981 1
47 15903 1
47 3696 1
47 19718 1
47 7463 1
47 15528 1
47 22442 2
47 12589 1
47 1076 1
47 1590 1
47 9887 1
47 15548 1
47 15808 2
47 8641 2
47 17218 1
47 20547 3
47 6348 1
47 8650 1
47 1099 1
47 588 1
47 13389 1
47 12625 1
47 9170 1
47 467 1
47 13398 1
47 22232 1
47 10972 2
47 12510 1
47 9831 1
47 16835 1
47 15216 1
47 13937 1
47 1147 1
47 13771 1
48 11008 1
48 8705 1
48 20994 1
48 16899 1
48 4868 1
48 8662 1
48 6791 1
48 17290 1
48 22551 1
48 7952 1
48 13841 1
48 9237 1
48 6935 1
48 10011 1
48 4636 1
48 8989 1
48 18847 1
48 1568 1
48 7457 1
48 180 1
48 6052 1
48 5797 1
48 7463 1
48 16169 1
48 22442 1
48 9652 1
48 21305 1
48 19770 1
48 8607 1
48 5567 1
48 5059 1
48 19397 1
48 20169 1
48 20427 1
48 13388 2
48 6477 1
48 5838 1
48 20557 1
48 8144 1
48 11941 1
48 9171 1
48 8660 5
48 14677 2
48 13398 1
48 16651 1
48 9563 1
48 8158 1
48 7903 1
48 8161 1
48 20329 1
48 18412 2
48 18817 1
48 13937 1
48 17141 1
48 8950 1
48 15735 1
48 13432 1
48 8953 1
48 4604 1
49 14592 1
49 11008 1
49 15199 1
49 13078 1
49 6150 1
49 897 1
49 18569 1
49 17162 1
49 15575 1
49 10636 1
49 15771 1
49 11791 1
49 22032 1
49 19347 1
49 16366 1
49 7318 1
49 14743 1
49 21912 1
49 17818 1
49 1947 1
49 11676 1
49 15774 1
49 4639 2
49 16416 1
49 14753 1
49 8995 1
49 5576 1
49 11941 1
49 551 1
49 1576 1
49 12585 1
49 5248 1
49 15751 1
49 12717 1
49 18793 1
49 13744 1
49 8753 1
49 4019 1
49 9398 1
49 8503 1
49 21305 1
49 13398 1
49 8607 4
49 11708 1
49 650 1
49 22464 1
49 12354 2
49 17987 1
49 8260 1
49 11719 1
49 21832 1
49 13516 1
49 846 1
49 9167 1
49 8660 2
49 12878 1
49 15574 1
49 3927 1
49 22223 1
49 10972 1
49 6652 1
49 11999 1
49 18528 1
49 4834 1
49 5347 1
49 6632 1
49 8425 1
49 7785 1
49 18030 2
49 13937 1
49 8950 1
49 12663 1
49 632 1
49 14970 1
49 17231 1
49 22140 1
50 14592 2
50 19460 1
50 2442 1
50 4364 1
50 11714 1
50 22032 1
50 22551 1
50 18200 1
50 13316 1
50 21295 1
50 17435 1
50 547 1
50 3113 1
50 22188 1
50 7087 1
50 18736 1
50 20571 1
50 19124 1
50 12345 1
50 21312 1
50 18114 1
50 7876 1
50 22369 1
50 6732 2
50 12878 2
50 18128 2
50 8532 1
50 4441 1
50 18267 1
50 19396 2
50 8797 1
50 18911 1
50 7392 1
50 12897 1
50 1140 1
50 1141 1
50 3702 1
50 12799 2
51 14081 2
51 16898 1
51 2179 1
51 13316 1
51 5638 1
51 11913 1
51 2442 1
51 8043 1
51 16268 1
51 910 1
51 17424 2
51 17688 1
51 13516 1
51 2990 1
51 16664 1
51 17818 1
51 17435 4
51 12700 1
51 7968 1
51 646 1
51 5489 1
51 8745 1
51 8747 1
51 16302 1
51 3631 1
51 18736 1
51 9777 1
51 20851 1
51 13288 1
51 10552 1
51 12916 1
51 11708 1
51 19133 1
51 8766 1
51 1141 1
51 15808 1
51 4640 1
51 12354 1
51 2243 1
51 19140 1
51 17996 1
51 12350 1
51 6732 2
51 5325 1
51 7960 1
51 6989 1
51 20816 1
51 18389 1
51 9047 2
51 16092 1
51 13388 1
51 3171 1
51 7397 1
51 9606 1
51 6760 1
51 4969 1
51 551 1
51 9069 1
51 18030 2
51 11632 1
51 13937 1
51 21619 1
51 17012 1
51 11381 1
51 18042 1
51 10365 1
52 15618 1
52 4868 1
52 11909 2
52 9351 1
52 14603 1
52 13452 1
52 15630 1
52 12589 1
52 1168 1
52 22418 3
52 20547 1
52 4884 1
52 5554 1
52 22423 1
52 13316 3
52 16828 1
52 7964 1
52 19589 1
52 15119 1
52 545 1
52 15266 1
52 12558 1
52 9894 1
52 10407 1
52 21161 1
52 8749 2
52 3758 1
52 5551 1
52 2994 1
52 7219 1
52 1076 1
52 12341 1
52 4534 1
52 3130 1
52 8764 1
52 7741 1
52 3006 1
52 22076 1
52 1475 1
52 12358 1
52 13255 1
52 15432 1
52 12746 1
52 7474 1
52 460 1
52 6989 2
52 15953 1
52 9171 1
52 9684 1
52 16981 1
52 11385 2
52 15503 1
52 22295 1
52 4831 1
52 22032 3
52 15548 2
52 12778 1
52 364 1
52 9069 3
52 15855 1
52 15216 1
52 1141 1
52 12663 3
52 15609 1
52 16252 1
52 14717 1
52 14677 1
53 12673 1
53 15618 3
53 2179 1
53 13316 1
53 6790 1
53 3209 1
53 14603 1
53 14082 1
53 19726 1
53 22032 2
53 22418 1
53 16661 1
53 11161 1
53 13978 1
53 19740 1
53 19234 1
53 22437 1
53 8749 1
53 9262 1
53 7219 2
53 1076 1
53 7220 1
53 15548 1
53 19518 1
53 22464 1
53 7392 1
53 12354 1
53 15431 1
53 13516 1
53 6989 1
53 10709 1
53 8185 1
53 21850 1
53 21984 1
53 22369 1
53 19938 1
53 1459 1
53 18022 1
53 20968 1
53 14574 1
53 7650 1
53 12663 1
53 11385 4
53 4090 1
53 1147 1
53 2990 1
53 18686 1
53 13141 1
54 8192 1
54 5248 1
54 15618 1
54 16132 1
54 13445 1
54 21126 1
54 17162 3
54 14603 1
54 2178 2
54 4589 1
54 17484 3
54 1813 1
54 7319 1
54 15000 1
54 11161 1
54 13978 1
54 4507 1
54 12188 1
54 20125 2
54 15903 1
54 16416 1
54 15856 1
54 11555 1
54 22437 1
54 19238 1
54 14119 1
54 12200 1
54 17066 2
54 8107 1
54 15660 2
54 8749 1
54 17070 1
54 19248 1
54 15855 1
54 7219 1
54 22198 1
54 21687 2
54 4818 2
54 21305 1
54 3130 1
54 7867 1
54 15548 1
54 19133 1
54 3134 1
54 17184 1
54 3398 1
54 20167 1
54 15688 1
54 13129 1
54 13516 5
54 6989 1
54 9167 1
54 13650 1
54 21987 1
54 3332 1
54 18505 1
54 2135 1
54 18267 1
54 13404 1
54 22109 1
54 18911 1
54 15948 1
54 22032 1
54 7650 2
54 17467 1
54 21733 1
54 7782 1
54 11708 1
54 6122 1
54 5867 1
54 9069 1
54 367 1
54 14448 1
54 625 1
54 21619 1
54 9461 1
54 18295 1
54 13560 1
54 8185 1
54 11887 1
54 1918 1
55 8704 1
55 7938 1
55 8043 1
55 4868 1
55 13445 1
55 646 1
55 17066 1
55 19464 1
55 13451 1
55 13452 1
55 10510 1
55 15664 1
55 1936 1
55 14994 1
55 11726 1
55 6294 1
55 1945 1
55 7960 1
55 20292 1
55 4506 1
55 2351 1
55 13978 1
55 13316 1
55 20000 1
55 9072 1
55 19718 1
55 18267 1
55 12110 1
55 15013 1
55 4941 1
55 9777 1
55 3626 1
55 9543 1
55 15660 2
55 7471 1
55 944 1
55 8753 1
55 12558 1
55 4723 1
55 3636 1
55 20280 1
55 1972 1
55 10555 1
55 19900 1
55 4029 1
55 22463 1
55 5232 1
55 12354 1
55 7236 1
55 13255 1
55 4364 1
55 1818 1
55 13389 2
55 16462 1
55 5325 1
55 15953 1
55 9172 1
55 16341 1
55 15575 1
55 9167 1
55 7645 1
55 9695 1
55 7392 1
55 5755 1
55 21604 1
55 7782 1
55 6989 1
55 6760 1
55 15266 1
55 9895 1
55 18030 1
55 18736 1
55 11632 1
55 21617 1
55 19124 2
55 15620 1
55 15609 1
55 14202 1
55 17531 1
55 15869 1
56 12288 1
56 15618 1
56 13316 2
56 8709 1
56 7432 1
56 15404 1
56 14603 1
56 7180 1
56 17069 1
56 22032 4
56 2834 1
56 20014 1
56 11161 1
56 10910 1
56 15903 1
56 15521 1
56 16547 1
56 7055 1
56 7081 1
56 20010 4
56 15660 3
56 1069 1
56 16302 1
56 5551 2
56 7219 1
56 7220 1
56 12341 2
56 14135 1
56 8892 1
56 17337 1
56 17339 1
56 15548 2
56 4541 2
56 3134 1
56 5301 1
56 9582 1
56 14019 1
56 13089 1
56 15432 1
56 4364 1
56 13516 1
56 13389 1
56 19405 1
56 3408 1
56 8885 1
56 9684 2
56 6741 1
56 12891 1
56 7645 1
56 4831 1
56 6864 1
56 11151 1
56 13412 1
56 6989 1
56 19900 1
56 16543 1
56 17262 1
56 15855 3
56 14448 1
56 2220 1
56 2166 1
56 11385 4
56 5755 1
56 10365 1
56 7039 2
57 14592 1
57 7937 1
57 13316 1
57 6790 1
57 8193 2
57 14603 3
57 22032 1
57 5394 1
57 10515 1
57 18030 1
57 22551 1
57 1818 1
57 17185 1
57 9606 1
57 11817 1
57 22442 1
57 14509 2
57 19549 2
57 12471 3
57 16314 1
57 5567 1
57 8641 1
57 21699 1
57 4037 1
57 9761 1
57 13389 2
57 5838 1
57 592 1
57 5841 1
57 6741 2
57 15575 1
57 15704 1
57 18267 1
57 14081 1
57 8797 1
57 7903 1
57 22369 1
57 22119 2
57 2025 2
57 6826 1
57 21613 1
57 6382 1
57 7633 1
57 1141 1
57 3113 1
57 17066 1
57 14677 1
58 12288 1
58 3075 1
58 3332 1
58 9351 1
58 18185 1
58 6027 3
58 4364 2
58 1375 1
58 14509 1
58 16272 1
58 22418 1
58 4884 1
58 12316 1
58 7584 1
58 6308 1
58 20000 1
58 3113 1
58 683 2
58 19373 1
58 3633 1
58 1719 1
58 21727 1
58 11708 1
58 3134 1
58 20256 1
58 19259 1
58 13514 1
58 11851 1
58 13388 1
58 20429 1
58 10190 1
58 16589 1
58 13650 1
58 9550 1
58 14677 1
58 5591 1
58 11225 1
58 4831 1
58 2747 1
58 5993 1
58 9454 1
58 14448 1
58 22262 1
58 4329 1
59 22024 1
59 16777 1
59 17163 1
59 4364 1
59 12717 1
59 22032 1
59 22421 1
59 13979 1
59 9887 2
59 20256 1
59 548 1
59 22571 1
59 15033 1
59 11438 1
59 4019 1
59 13880 1
59 21305 1
59 2747 1
59 18108 1
59 19133 1
59 12734 2
59 7584 1
59 13516 1
59 20429 1
59 9425 1
59 16468 2
59 9047 2
59 6873 1
59 8797 1
59 9831 1
59 20076 1
59 9069 1
59 8686 1
59 1140 1
59 17016 1
59 13435 1
60 9729 1
60 13316 1
60 16263 1
60 7432 1
60 4881 1
60 916 1
60 22551 2
60 7069 1
60 548 1
60 7977 1
60 1454 1
60 12471 1
60 185 1
60 9918 1
60 8260 1
60 20169 1
60 13516 1
60 9167 1
60 9170 1
60 15575 1
60 16719 1
60 8553 1
60 21613 1
60 8180 1
60 13559 1
60 13432 1
60 18042 1
61 17280 1
61 14592 1
61 13316 3
61 12288 2
61 9729 2
61 1032 1
61 22032 1
61 5920 1
61 15266 1
61 6565 1
61 7463 1
61 22442 2
61 8747 1
61 7085 1
61 3765 1
61 185 1
61 19519 1
61 12993 1
61 8260 1
61 11335 1
61 12360 1
61 12746 1
61 20427 1
61 20429 1
61 14033 2
61 11476 1
61 15704 1
61 8425 1
61 12381 1
61 10206 1
61 2273 1
61 9831 1
61 8553 1
61 2407 1
61 3315 1
61 8566 1
61 13559 1
61 10165 1
61 18042 2
61 1147 1
61 17661 1
62 21613 1
62 9038 1
62 12625 1
62 21334 1
62 13978 1
62 15292 1
62 8989 1
62 22463 1
