1 15616 1
1 12805 1
1 22273 1
1 13331 1
1 20502 1
1 22557 1
1 3106 1
1 6692 1
1 22571 1
1 12333 1
1 22574 1
1 9777 1
1 7219 1
1 12855 1
1 15432 2
1 1378 1
1 16468 1
1 6741 1
1 8797 1
1 20583 1
1 21097 1
1 12394 1
1 3175 1
1 4723 1
1 22133 1
1 13929 1
1 15994 1
1 22464 1
1 12426 1
1 1163 1
1 5267 1
1 19094 1
1 14495 1
1 9072 1
1 10915 1
1 1706 1
1 683 1
1 17069 1
1 13998 1
1 21679 1
1 19124 1
1 15032 1
1 11963 1
1 19133 2
1 21182 1
1 1141 1
1 4303 1
1 15575 1
1 7903 1
1 6372 1
1 19174 1
1 16679 1
1 9453 1
1 19707 1
1 14592 1
1 8449 2
1 1067 1
1 4868 1
1 18181 1
1 17163 1
1 4364 2
1 16661 1
1 1304 1
1 7463 1
1 21980 1
1 21295 1
1 10545 1
1 21305 2
1 10555 1
1 6464 1
1 13451 1
1 19784 1
1 4942 1
1 3408 1
1 11603 1
1 14677 2
1 9046 1
1 9047 1
1 22369 1
1 3426 1
1 1380 1
1 3946 1
1 8043 1
1 364 1
1 9069 2
1 2416 1
1 3960 1
1 17788 1
1 897 1
1 4484 1
1 16775 1
1 395 1
1 19340 1
1 17807 1
1 20803 2
1 3991 1
1 20384 2
1 18851 1
1 22437 1
1 15273 1
1 22442 1
1 19373 1
1 2990 1
1 5551 1
1 4532 1
1 7605 1
1 15800 1
1 15808 1
1 8641 1
1 16838 1
1 9167 2
1 8144 2
1 7635 1
1 9687 1
1 18393 1
1 12252 1
1 2525 1
1 7646 1
1 4576 1
1 8685 1
1 7158 1
1 10410 1
2 12288 3
2 409 1
2 7683 1
2 7684 4
2 14081 1
2 13832 1
2 12815 1
2 21520 1
2 3601 2
2 7854 1
2 22551 2
2 10264 1
2 13316 1
2 22062 1
2 15903 2
2 11850 1
2 13863 1
2 20010 5
2 20011 1
2 8236 1
2 11821 1
2 20014 1
2 7219 1
2 1076 1
2 13884 1
2 20234 1
2 19520 1
2 19524 1
2 12357 1
2 16966 1
2 16968 1
2 22090 1
2 13389 3
2 6736 1
2 6741 5
2 22119 1
2 21613 2
2 6254 1
2 11887 1
2 13937 1
2 2164 1
2 10365 1
2 10366 1
2 18197 1
2 13440 1
2 22464 2
2 18053 1
2 12948 1
2 19093 1
2 8857 1
2 21103 1
2 4764 1
2 16544 1
2 16546 1
2 16547 1
2 16548 1
2 10407 1
2 10408 2
2 10409 1
2 10410 3
2 17067 1
2 22188 1
2 20142 1
2 5301 1
2 9398 1
2 12471 1
2 11449 2
2 6687 1
2 15548 1
2 12487 1
2 17608 2
2 13516 2
2 20686 1
2 7888 1
2 4593 1
2 2265 2
2 10972 1
2 7901 1
2 4831 1
2 15584 1
2 2273 1
2 8421 1
2 10470 1
2 3313 1
2 7410 1
2 16628 1
2 11007 1
2 8449 1
2 14082 1
2 1067 1
2 16645 1
2 17162 1
2 3339 1
2 4364 1
2 14118 1
2 2835 1
2 8238 1
2 7044 1
2 13445 1
2 15648 3
2 8993 1
2 20260 1
2 20262 1
2 19247 1
2 20019 1
2 19764 3
2 2873 1
2 21818 1
2 6464 1
2 16193 3
2 4423 1
2 17225 1
2 9546 1
2 20299 1
2 17228 1
2 17810 1
2 16719 1
2 12625 1
2 19282 1
2 2899 1
2 5972 3
2 3413 1
2 9047 1
2 14682 1
2 18267 1
2 3934 1
2 16223 1
2 14689 1
2 14690 1
2 7011 1
2 3431 1
2 5996 1
2 9069 1
2 10096 1
2 5489 1
2 3954 1
2 375 1
2 592 1
2 14716 1
2 8062 1
2 1408 2
2 7041 1
2 17794 1
2 8579 1
2 4484 1
2 14725 1
2 16775 1
2 14743 1
2 7055 1
2 20882 1
2 17811 1
2 6551 1
2 18841 1
2 4511 2
2 17312 4
2 20389 2
2 7409 1
2 14492 1
2 16301 1
2 2990 3
2 17840 1
2 15432 2
2 12212 1
2 6171 1
2 11192 1
2 1466 2
2 17339 2
2 19900 1
2 5450 1
2 1471 1
2 15808 1
2 20384 3
2 11714 2
2 13255 2
2 9169 1
2 9687 1
2 6699 1
2 4263 1
2 494 1
2 15855 1
2 11760 1
2 20977 1
2 14324 1
2 18421 1
2 5625 1
2 4602 1
2 5119 1
2 8188 1
2 5973 1
3 12288 1
3 8320 1
3 6786 1
3 3203 1
3 11524 1
3 21381 1
3 16646 1
3 8449 1
3 18185 2
3 7178 1
3 14743 1
3 13452 1
3 4238 1
3 2063 1
3 22032 2
3 14994 1
3 17811 1
3 18964 1
3 7684 1
3 11926 1
3 22551 3
3 10265 1
3 12445 1
3 15903 2
3 16544 1
3 673 1
3 21794 1
3 20260 1
3 7686 1
3 10407 1
3 10408 1
3 988 1
3 11946 1
3 12615 1
3 15660 1
3 20398 1
3 8753 1
3 7220 1
3 5301 2
3 12471 2
3 2873 1
3 671 1
3 8892 1
3 15754 1
3 1589 1
3 21613 1
3 11714 1
3 1163 1
3 168 1
3 11307 1
3 12103 1
3 13961 1
3 13516 1
3 17996 1
3 13389 1
3 1166 1
3 3636 1
3 10360 1
3 11858 1
3 7011 1
3 17806 1
3 4665 1
3 9434 1
3 10972 1
3 7521 1
3 19555 1
3 16775 1
3 22119 1
3 11708 1
3 2915 1
3 4647 1
3 22252 1
3 9069 2
3 17262 2
3 21103 1
3 3652 1
3 4081 1
3 8771 1
3 14579 1
3 12053 1
3 17485 1
3 8187 1
3 22442 1
3 17790 1
3 4821 1
4 9600 1
4 8449 1
4 4230 1
4 16775 1
4 14985 1
4 1163 1
4 11714 1
4 18574 1
4 12816 1
4 9617 1
4 22551 1
4 4636 1
4 797 1
4 14495 1
4 13477 1
4 5928 1
4 12288 1
4 11181 1
4 20398 1
4 12719 1
4 15666 2
4 20851 1
4 14686 1
4 22327 1
4 17153 1
4 19133 1
4 4670 1
4 6464 1
4 18483 2
4 4290 2
4 6853 1
4 10206 2
4 5321 1
4 13516 1
4 14592 1
4 719 1
4 464 1
4 20690 1
4 11477 1
4 13398 3
4 11008 2
4 11999 1
4 1504 3
4 13537 1
4 2407 1
4 21097 1
4 7658 1
4 9323 1
4 15980 1
4 9069 1
4 4723 1
4 22082 1
4 1141 1
4 12663 1
4 17149 1
5 13316 1
5 11275 1
5 22032 1
5 2578 1
5 22041 1
5 22557 1
5 14881 1
5 6694 1
5 1578 1
5 3629 1
5 2094 1
5 4145 1
5 1076 1
5 11832 1
5 1092 1
5 16968 1
5 13389 1
5 7250 1
5 18005 1
5 15448 2
5 6235 1
5 19553 1
5 19556 1
5 3857 1
5 8892 1
5 18023 1
5 13937 1
5 4723 1
5 10358 1
5 3197 1
5 11394 1
5 14475 3
5 17203 1
5 14489 1
5 18080 1
5 17064 1
5 6826 4
5 5808 1
5 8889 1
5 5905 1
5 19133 1
5 3277 1
5 12495 1
5 19204 1
5 11992 1
5 7897 1
5 18140 1
5 10975 1
5 13537 2
5 8425 1
5 16629 1
5 14592 1
5 2817 1
5 14595 1
5 4868 3
5 16088 1
5 16659 1
5 15128 1
5 19240 1
5 2859 1
5 4403 1
5 21305 1
5 19771 1
5 8512 1
5 12089 1
5 12642 1
5 11627 1
5 5996 1
5 9069 2
5 9074 1
5 7540 1
5 12151 1
5 22421 1
5 9600 2
5 8579 1
5 1415 1
5 906 2
5 9621 1
5 9626 1
5 13213 1
5 1440 1
5 8614 1
5 4008 1
5 12360 1
5 9142 1
5 8636 1
5 12733 1
5 15808 1
5 7620 1
5 15817 1
5 11724 1
5 11726 1
5 17359 1
5 4570 1
5 19939 1
5 2556 1
6 1541 1
6 16775 1
6 6282 1
6 12825 1
6 19098 1
6 19589 1
6 673 1
6 13478 1
6 5928 2
6 4146 1
6 20168 1
6 3529 1
6 17231 1
6 19920 1
6 1115 1
6 15581 1
6 22499 1
6 5988 1
6 9834 1
6 14827 1
6 8180 1
6 12151 1
6 7550 1
7 7040 1
7 897 1
7 2179 1
7 4868 1
7 16775 1
7 13392 1
7 13193 1
7 16417 1
7 17163 1
7 9069 2
7 4115 1
7 2834 1
7 4867 1
7 19993 1
7 15128 1
7 12825 1
7 17435 1
7 14032 1
7 6234 1
7 16030 1
7 20384 1
7 673 1
7 13475 1
7 13478 1
7 6143 1
7 16544 1
7 22186 1
7 15660 1
7 15666 1
7 18862 1
7 9263 1
7 13488 1
7 4146 1
7 4019 1
7 16054 1
7 12471 2
7 9145 1
7 15199 1
7 11708 1
7 3629 1
7 6732 1
7 1261 1
7 7397 1
7 17206 1
7 13255 1
7 13516 1
7 18569 1
7 20300 1
7 17359 1
7 3536 3
7 14677 1
7 20695 1
7 15704 1
7 1114 1
7 4303 1
7 15709 1
7 10975 1
7 18528 1
7 21473 1
7 20547 1
7 8421 1
7 8614 1
7 13161 1
7 7530 1
7 8683 1
7 364 1
7 20882 1
7 15727 1
7 11760 1
7 13041 1
7 3058 1
7 13331 1
7 8180 1
7 8425 1
7 633 1
7 10928 1
7 1939 1
7 10410 1
7 17790 1
7 17151 1
8 14592 1
8 18050 1
8 4867 2
8 4868 1
8 4364 2
8 2179 1
8 20384 1
8 18209 2
8 9122 1
8 16804 1
8 16431 1
8 17840 1
8 1074 1
8 1076 1
8 5301 3
8 5304 1
8 14649 1
8 831 2
8 22464 1
8 20547 1
8 1991 1
8 16652 1
8 16714 1
8 13388 1
8 8913 1
8 20695 1
8 4056 1
8 9177 2
8 4831 1
8 7777 1
8 2278 1
8 748 1
8 21102 1
8 21999 1
8 10096 1
8 1906 2
8 1907 2
8 12151 1
8 14584 1
8 13180 1
8 18686 1
9 14592 4
9 5635 1
9 12805 1
9 7938 1
9 22032 2
9 8451 1
9 16921 1
9 17435 1
9 16414 1
9 1578 1
9 8236 1
9 3629 2
9 9777 1
9 18483 1
9 12852 1
9 3641 1
9 11835 1
9 4895 1
9 12354 1
9 10308 1
9 12360 1
9 13389 3
9 18510 1
9 15439 1
9 592 2
9 15441 1
9 21586 1
9 13398 6
9 14427 1
9 17424 1
9 14093 1
9 2666 1
9 21613 1
9 21103 1
9 13937 1
9 13428 1
9 20095 1
9 15491 1
9 648 1
9 650 1
9 1163 3
9 13969 1
9 19094 1
9 673 1
9 13475 1
9 11946 1
9 20142 1
9 10939 1
9 18108 1
9 19133 1
9 14016 3
9 13516 1
9 6860 1
9 20690 1
9 5331 1
9 20695 1
9 11999 1
9 19682 1
9 5347 1
9 8422 1
9 5352 1
9 4867 1
9 11008 2
9 15216 1
9 17154 1
9 14595 1
9 1580 1
9 16138 1
9 1239 1
9 4364 1
9 13069 1
9 15119 1
9 19737 1
9 7451 1
9 7455 1
9 7463 3
9 5928 1
9 5929 1
9 2860 1
9 21305 1
9 10890 1
9 22340 1
9 21330 1
9 18773 1
9 5433 2
9 15706 1
9 22368 1
9 15202 1
9 742 1
9 9873 1
9 9069 2
9 9072 1
9 19314 1
9 12663 1
9 905 1
9 906 1
9 395 1
9 11662 1
9 10646 1
9 10659 1
9 4006 1
9 22442 3
9 18862 2
9 10206 1
9 13793 1
9 11760 1
9 16374 1
9 7160 1
9 6652 3
9 14677 1
10 12288 1
10 19435 1
10 13316 1
10 13445 2
10 14088 1
10 18185 1
10 2442 1
10 13452 2
10 11714 1
10 12007 1
10 5635 1
10 13912 1
10 16914 1
10 13459 2
10 18197 1
10 21782 1
10 22551 1
10 19096 1
10 16984 2
10 12716 1
10 13723 1
10 22557 1
10 14495 1
10 16544 1
10 9895 1
10 10408 2
10 1578 2
10 7409 1
10 15660 2
10 14509 1
10 20398 1
10 13213 1
10 3120 1
10 13727 1
10 1972 1
10 16951 1
10 7481 1
10 12602 1
10 2747 1
10 18108 1
10 5437 2
10 20384 1
10 8898 1
10 10939 1
10 11307 1
10 13255 1
10 5449 1
10 12746 1
10 12471 1
10 13516 2
10 13389 1
10 464 1
10 4818 1
10 4364 1
10 6868 1
10 14037 1
10 20281 1
10 4056 1
10 10407 1
10 5433 2
10 7683 1
10 4831 1
10 16224 1
10 2914 1
10 5051 1
10 2918 1
10 22119 1
10 15976 1
10 17191 1
10 8579 1
10 21586 1
10 15971 1
10 15856 1
10 3688 1
10 6770 1
10 4868 1
10 13428 2
10 502 1
10 4089 1
10 15994 1
10 170 1
10 7678 1
11 18688 1
11 8449 3
11 4867 3
11 4868 1
11 4486 2
11 22024 1
11 15532 1
11 16650 1
11 395 1
11 3340 1
11 19725 1
11 17166 1
11 9069 1
11 13388 1
11 18865 2
11 20519 1
11 5869 1
11 5721 1
11 5144 1
11 2841 1
11 1562 1
11 7451 1
11 17191 1
11 19102 1
11 8607 1
11 20384 1
11 9122 1
11 19718 1
11 17229 1
11 20391 1
11 17066 1
11 21794 1
11 2348 1
11 9777 1
11 1074 1
11 13493 1
11 12471 1
11 1336 1
11 10636 1
11 15199 1
11 1340 1
11 650 1
11 16778 1
11 10165 2
11 22464 2
11 12354 1
11 7236 1
11 16966 1
11 22344 1
11 17225 1
11 12874 2
11 18023 1
11 15820 1
11 10573 1
11 5069 1
11 1744 2
11 10452 1
11 14677 1
11 9432 1
11 3417 1
11 18781 2
11 2279 1
11 10975 4
11 7776 1
11 22188 1
11 19812 1
11 22373 1
11 6976 1
11 12008 1
11 15432 1
11 11303 1
11 21613 2
11 6511 1
11 5748 1
11 13941 1
11 4364 1
11 11604 1
11 11711 1
11 8062 1
12 12288 2
12 8193 1
12 7683 1
12 5636 1
12 8449 1
12 685 1
12 22032 4
12 19478 1
12 22551 3
12 7684 2
12 22557 2
12 15903 1
12 20000 1
12 1578 1
12 22571 1
12 8236 1
12 16430 1
12 16432 1
12 7217 1
12 17971 1
12 22071 1
12 12354 1
12 11845 1
12 15432 3
12 7241 1
12 11850 3
12 21267 1
12 18514 1
12 9816 1
12 18528 1
12 17936 1
12 3171 1
12 18022 1
12 3175 1
12 15976 1
12 13933 1
12 7471 1
12 1139 1
12 1141 3
12 4214 1
12 633 1
12 4219 1
12 17532 2
12 21632 1
12 14016 2
12 18051 1
12 5764 1
12 13445 2
12 646 1
12 10889 1
12 19596 1
12 19598 1
12 4461 1
12 5264 1
12 5267 3
12 13979 1
12 11932 1
12 1369 1
12 6816 1
12 10407 1
12 10410 1
12 683 2
12 9901 1
12 12317 1
12 19126 1
12 8376 1
12 7867 1
12 19133 1
12 10357 1
12 9920 1
12 6853 1
12 5840 1
12 8914 1
12 8562 1
12 7380 1
12 11992 1
12 11482 1
12 19460 2
12 21727 1
12 1763 1
12 21733 1
12 748 1
12 10706 1
12 1266 1
12 14035 1
12 6014 2
12 13937 1
12 7933 1
12 14081 1
12 18185 1
12 4364 4
12 14605 1
12 17678 1
12 7952 1
12 22232 1
12 2835 1
12 7451 1
12 19740 1
12 21794 6
12 5934 1
12 2351 1
12 9865 1
12 21305 1
12 12604 1
12 3395 1
12 10565 1
12 8518 1
12 16714 1
12 14668 3
12 17229 1
12 12625 2
12 19796 1
12 4438 1
12 857 1
12 16224 1
12 22369 1
12 16226 1
12 3943 1
12 7016 1
12 9069 3
12 4464 1
12 13681 1
12 6514 1
12 18814 1
12 1408 1
12 12673 1
12 15751 1
12 7564 1
12 9108 1
12 15771 1
12 20384 2
12 9122 1
12 16804 5
12 19782 1
12 22442 3
12 4013 1
12 5760 1
12 19900 4
12 1473 1
12 18882 1
12 11724 1
12 9167 1
12 9169 1
12 15314 1
12 7637 3
12 14985 1
12 16366 2
12 15855 1
12 11760 3
12 4081 1
12 5621 1
12 5623 1
12 4601 1
12 16890 1
12 11771 2
13 18688 1
13 9223 1
13 9229 1
13 20494 1
13 2063 1
13 22551 6
13 10264 1
13 22557 1
13 1076 1
13 19520 1
13 1092 1
13 5190 1
13 15432 1
13 15953 1
13 6232 1
13 8797 1
13 18023 1
13 14448 1
13 5993 1
13 10365 1
13 10366 1
13 6786 1
13 14473 1
13 15508 3
13 3221 1
13 21146 1
13 160 1
13 165 1
13 166 1
13 167 1
13 10408 1
13 22188 1
13 14509 1
13 12471 1
13 8892 1
13 4799 1
13 13514 1
13 2251 1
13 4303 1
13 12503 1
13 4826 2
13 15069 1
13 21733 1
13 10473 1
13 15610 1
13 15612 1
13 15616 2
13 6402 1
13 15621 1
13 3339 1
13 21264 2
13 2834 1
13 7960 2
13 7964 1
13 1827 1
13 19238 1
13 9518 1
13 15666 2
13 12090 1
13 10555 2
13 20284 1
13 17225 1
13 8013 1
13 18766 1
13 17293 2
13 2394 1
13 20794 1
13 741 1
13 14177 1
13 2407 1
13 13673 1
13 14191 1
13 12663 1
13 4473 1
13 18810 2
13 9901 1
13 15243 2
13 9101 1
13 910 5
13 15256 1
13 5017 1
13 5019 1
13 12188 1
13 20384 1
13 15266 1
13 584 1
13 12212 1
13 15800 1
13 21945 2
13 21435 1
13 11710 2
13 15807 1
13 22464 1
13 11714 3
13 20424 1
13 17229 1
13 9169 1
13 9691 1
13 8164 1
13 10407 1
13 16372 1
14 11779 1
14 13316 1
14 7694 2
14 7697 1
14 8195 1
14 14870 1
14 10263 1
14 10264 1
14 22557 2
14 15903 1
14 19718 1
14 16939 1
14 8771 1
14 1092 1
14 15432 1
14 11850 1
14 588 2
14 11868 1
14 15965 1
14 18528 1
14 7780 1
14 15976 1
14 4725 1
14 6774 1
14 632 1
14 633 1
14 13440 1
14 6786 1
14 6790 1
14 10890 1
14 22551 1
14 13452 1
14 18063 1
14 6801 1
14 13459 1
14 161 3
14 19619 1
14 10407 1
14 10408 1
14 14509 1
14 19124 2
14 19133 1
14 7870 1
14 14016 1
14 17093 4
14 19145 2
14 719 1
14 1744 1
14 5841 1
14 19154 1
14 1747 1
14 1754 1
14 12508 1
14 1266 1
14 1269 1
14 14584 1
14 11525 1
14 18182 1
14 15660 1
14 15119 1
14 7964 1
14 2852 1
14 13532 1
14 2348 1
14 7471 1
14 22340 1
14 22341 1
14 16710 1
14 12625 2
14 2392 1
14 1167 1
14 5993 1
14 8043 1
14 9069 1
14 15216 1
14 1919 1
14 7040 1
14 897 1
14 14725 1
14 3978 1
14 4492 1
14 909 1
14 910 6
14 22418 3
14 19355 1
14 4511 1
14 2990 1
14 3144 1
14 1460 2
14 6732 1
14 19401 1
14 8144 2
14 9169 2
14 9171 1
14 7645 1
14 1002 1
14 16371 1
14 14324 1
14 5623 4
14 3064 1
14 4601 1
14 4602 1
15 12288 2
15 7683 1
15 10763 1
15 17936 1
15 10264 1
15 15903 3
15 20012 1
15 1074 1
15 17971 1
15 8766 2
15 8771 1
15 584 1
15 18505 1
15 9293 3
15 592 1
15 15441 1
15 10851 1
15 21609 1
15 622 1
15 633 1
15 15994 1
15 21627 1
15 3711 1
15 6790 3
15 13453 2
15 15512 1
15 19610 1
15 6307 1
15 9901 1
15 7854 1
15 7352 1
15 7353 1
15 15548 1
15 6337 1
15 17093 2
15 13516 1
15 17109 1
15 15574 2
15 12508 1
15 1757 1
15 16614 1
15 5869 1
15 15610 1
15 15616 2
15 19716 1
15 15119 1
15 2834 1
15 8468 2
15 7964 1
15 17184 1
15 4385 1
15 16163 1
15 7471 1
15 16177 1
15 19764 3
15 15669 1
15 1844 1
15 6970 1
15 831 1
15 16705 2
15 18759 1
15 13650 1
15 2394 1
15 12090 1
15 9069 2
15 14192 1
15 14197 1
15 12151 1
15 7040 2
15 9606 1
15 15751 1
15 909 1
15 910 1
15 7055 1
15 10644 2
15 11672 4
15 5017 1
15 5019 1
15 16798 1
15 11684 1
15 20389 1
15 15276 1
15 5551 1
15 5554 1
15 20382 1
15 15801 1
15 11714 1
15 15817 2
15 9165 1
15 21454 1
15 6622 1
15 5089 1
15 15855 1
15 12799 1
16 8192 2
16 7686 1
16 7691 1
16 2578 1
16 15903 2
16 1059 1
16 551 1
16 19505 1
16 12852 1
16 3127 1
16 10555 1
16 17979 1
16 8765 1
16 19523 1
16 8264 1
16 6732 1
16 6733 1
16 592 1
16 10857 1
16 19051 1
16 18028 1
16 4725 1
16 15997 1
16 18046 1
16 3711 1
16 3201 1
16 22147 1
16 13445 2
16 6790 1
16 18796 1
16 13963 1
16 13453 1
16 15128 1
16 15508 1
16 4774 1
16 4267 1
16 9392 1
16 9394 1
16 15548 1
16 11969 1
16 14019 1
16 20686 1
16 14033 1
16 15574 1
16 1754 1
16 20095 1
16 12508 1
16 2273 1
16 7399 1
16 5864 1
16 2289 1
16 9458 1
16 3321 1
16 15611 1
16 15612 1
16 15615 1
16 14082 1
16 774 1
16 16135 1
16 20234 1
16 13078 1
16 7960 1
16 10972 1
16 19764 2
16 19765 2
16 13113 1
16 16699 1
16 20284 1
16 21311 1
16 12100 1
16 325 1
16 12103 1
16 13129 1
16 4942 1
16 4493 1
16 6995 1
16 857 2
16 15706 1
16 18267 1
16 4960 1
16 15713 1
16 2914 1
16 867 1
16 4453 1
16 1384 1
16 8043 1
16 364 1
16 9069 2
16 6000 1
16 12663 2
16 18809 1
16 1918 1
16 917 2
16 7041 1
16 9093 1
16 2442 1
16 11660 1
16 17293 1
16 910 1
16 22417 1
16 9621 1
16 14744 1
16 12716 1
16 2990 1
16 5554 2
16 1979 1
16 13244 1
16 12746 1
16 10709 1
16 17369 1
16 6622 1
16 12769 1
16 15856 1
16 7665 1
16 502 1
16 12791 1
16 18175 1
17 2944 1
17 12288 1
17 16771 1
17 11917 1
17 910 1
17 15119 1
17 13459 1
17 18965 1
17 14870 1
17 3991 1
17 7964 1
17 6686 1
17 15903 1
17 17184 1
17 15216 1
17 16548 1
17 16807 1
17 20014 2
17 19124 1
17 20277 1
17 11960 1
17 13113 1
17 19133 3
17 19424 1
17 2243 1
17 13389 1
17 12110 1
17 21841 1
17 15574 1
17 10206 1
17 22368 1
17 19559 1
17 5993 1
17 8043 1
17 9069 1
17 11709 1
17 10096 1
17 18174 1
17 4782 1
18 15874 1
18 14509 1
18 2990 2
18 22551 1
18 4636 1
18 20519 1
18 20013 1
18 1076 1
18 22585 1
18 3130 1
18 10814 1
18 12354 1
18 20547 1
18 15278 1
18 15432 1
18 11850 1
18 22091 1
18 588 1
18 14931 1
18 4180 1
18 598 1
18 11954 1
18 22119 1
18 4723 1
18 1141 1
18 6774 1
18 5760 1
18 13445 1
18 6790 1
18 10889 1
18 16011 1
18 7319 1
18 16543 1
18 10408 1
18 17069 1
18 11952 2
18 18610 1
18 11955 2
18 19124 1
18 15567 1
18 1744 1
18 7392 1
18 6372 1
18 5867 1
18 15601 1
18 1269 1
18 11008 1
18 8449 1
18 10499 1
18 18185 1
18 17681 1
18 21267 1
18 792 1
18 793 1
18 11049 1
18 15666 2
18 13961 1
18 3636 1
18 10555 1
18 1852 1
18 6464 1
18 16705 1
18 16706 1
18 17229 1
18 12110 1
18 12625 1
18 14682 1
18 15199 1
18 16224 1
18 15208 1
18 1340 1
18 8043 2
18 5996 1
18 9069 2
18 22385 1
18 17790 1
18 1410 2
18 1412 1
18 9608 1
18 917 1
18 3991 5
18 3992 1
18 18841 1
18 14752 1
18 931 2
18 3313 1
18 13225 1
18 942 1
18 943 1
18 5554 1
18 1972 1
18 9145 1
18 11709 1
18 7110 1
18 6732 1
18 12746 2
18 14806 1
18 10206 1
18 5623 3
18 4601 1
18 4602 2
19 12288 1
19 22442 1
19 5867 1
19 7300 1
19 18182 1
19 7303 1
19 3991 1
19 18185 1
19 13963 1
19 20877 1
19 13388 1
19 2328 1
19 4960 1
19 4868 1
19 22551 1
19 3992 1
19 7876 1
19 7322 1
19 9247 1
19 14496 2
19 16035 1
19 548 1
19 12325 1
19 17577 1
19 13960 1
19 3627 1
19 8236 1
19 941 1
19 8238 1
19 16175 1
19 19555 1
19 19505 1
19 22489 1
19 948 1
19 10206 1
19 7223 1
19 7867 1
19 19900 1
19 931 1
19 17854 1
19 8544 1
19 5186 1
19 12868 1
19 2245 1
19 12870 4
19 22369 1
19 12360 1
19 13516 1
19 8311 1
19 11980 1
19 13389 1
19 5070 1
19 20303 1
19 11987 1
19 7764 1
19 14677 1
19 13398 1
19 8153 1
19 14682 1
19 13532 1
19 3293 1
19 11870 1
19 16224 1
19 12713 1
19 19939 1
19 1255 1
19 16106 1
19 7531 1
19 14414 1
19 13549 1
19 9071 1
19 13680 1
19 15218 1
19 14067 1
19 20649 1
19 8312 1
19 14969 1
19 15869 1
19 5246 1
19 5119 1
20 12288 1
20 5764 1
20 13445 1
20 15033 1
20 20234 1
20 14743 1
20 4364 2
20 18114 1
20 15432 1
20 14735 1
20 21605 1
20 12739 2
20 5806 1
20 3991 1
20 18200 1
20 4868 1
20 7343 1
20 2204 2
20 6685 1
20 7326 1
20 14367 1
20 1440 1
20 14974 1
20 14677 1
20 9050 1
20 12334 2
20 16431 1
20 1841 1
20 9583 1
20 13881 1
20 9887 1
20 7868 1
20 12746 1
20 18421 1
20 14272 1
20 11708 1
20 12354 1
20 20547 1
20 16966 1
20 12743 1
20 4290 1
20 11850 1
20 5069 3
20 14414 2
20 19151 1
20 12112 1
20 465 1
20 8914 1
20 5070 2
20 18390 1
20 21305 1
20 15448 1
20 12121 1
20 3674 1
20 20187 1
20 5852 1
20 14047 1
20 22369 1
20 15855 1
20 1766 1
20 7014 1
20 9069 1
20 4668 1
20 19405 1
20 9323 1
20 8685 1
20 19133 1
20 11760 1
20 13937 1
20 15218 2
20 22245 1
20 1141 2
20 19305 1
20 12479 1
20 12670 1
20 12799 1
21 12800 1
21 12288 2
21 6786 1
21 4438 1
21 646 1
21 15532 1
21 2442 1
21 15499 1
21 19596 1
21 15874 1
21 12816 1
21 7016 1
21 17170 1
21 13459 1
21 17172 1
21 18197 1
21 3991 3
21 8988 1
21 15903 2
21 21792 1
21 11760 2
21 18222 1
21 16432 1
21 20649 1
21 10410 1
21 12716 1
21 4013 1
21 8568 1
21 5424 1
21 8753 1
21 1139 1
21 1467 1
21 7690 1
21 5232 1
21 3393 1
21 11714 1
21 11723 1
21 15432 1
21 4364 3
21 11850 1
21 160 1
21 588 1
21 16848 1
21 21841 1
21 4818 1
21 4000 2
21 18424 1
21 5462 1
21 15097 1
21 4441 1
21 10972 1
21 15709 2
21 11870 1
21 6687 2
21 3664 1
21 5755 1
21 21094 1
21 12625 1
21 17000 1
21 9832 1
21 7018 1
21 17004 1
21 4464 2
21 4465 1
21 1266 2
21 11891 1
21 11049 3
21 16120 1
21 16121 1
21 11771 1
21 17070 1
22 12288 2
22 8449 1
22 3203 1
22 9092 1
22 13445 2
22 13958 1
22 7041 1
22 13961 3
22 21399 1
22 4364 1
22 15119 1
22 2578 2
22 16579 1
22 12341 1
22 6263 1
22 21782 1
22 3991 1
22 1944 1
22 19332 1
22 4509 1
22 8988 1
22 22557 1
22 4617 1
22 14495 1
22 16544 1
22 11850 2
22 12325 1
22 4647 1
22 2344 1
22 14509 1
22 20142 1
22 15709 1
22 19186 1
22 1074 1
22 7219 1
22 414 1
22 12343 1
22 4818 2
22 21305 1
22 18363 3
22 15548 4
22 19133 1
22 3134 2
22 16373 1
22 20384 2
22 20547 1
22 7785 1
22 13516 2
22 13514 1
22 5623 1
22 8268 1
22 13389 1
22 18766 1
22 12495 2
22 592 1
22 12625 1
22 7634 1
22 15704 2
22 12505 1
22 4602 1
22 12666 1
22 22368 1
22 15713 1
22 12770 3
22 19555 1
22 19172 1
22 7397 1
22 742 1
22 4433 1
22 13884 1
22 13418 1
22 8300 1
22 9069 3
22 11760 1
22 15218 1
22 4723 1
22 1141 4
22 12663 1
22 12151 1
22 633 1
22 12026 5
22 8797 1
22 20607 1
23 12288 1
23 7041 1
23 15362 1
23 4867 2
23 8192 1
23 14081 1
23 7690 1
23 22551 1
23 12354 1
23 782 1
23 493 1
23 5264 1
23 9617 1
23 9111 1
23 11969 1
23 4635 1
23 10525 1
23 14367 1
23 20000 1
23 15664 1
23 7055 1
23 18853 2
23 15528 1
23 17451 1
23 1074 1
23 5934 1
23 21295 1
23 7216 1
23 433 1
23 15666 1
23 3636 1
23 6709 1
23 8378 1
23 4831 1
23 12746 1
23 10944 1
23 3393 1
23 11714 1
23 910 1
23 9033 1
23 8778 1
23 5623 1
23 7500 1
23 13901 1
23 12878 1
23 9167 1
23 21841 2
23 17490 2
23 7765 1
23 17494 1
23 9047 1
23 11865 1
23 7119 1
23 6554 1
23 9695 1
23 2914 2
23 8040 1
23 13418 1
23 21586 1
23 497 1
23 18852 1
23 1141 2
23 16374 1
23 4087 1
23 16252 1
23 15314 1
23 15102 1
23 12799 1
24 12288 2
24 3084 1
24 3088 1
24 3601 1
24 12825 1
24 12325 3
24 4647 1
24 1580 1
24 12333 1
24 1074 1
24 6715 1
24 5186 1
24 20662 1
24 14406 2
24 587 1
24 7862 1
24 21586 1
24 20750 1
24 17494 1
24 22616 1
24 7780 1
24 7782 1
24 21613 2
24 3183 1
24 13937 1
24 1140 3
24 4214 1
24 8311 1
24 633 1
24 5755 1
24 13950 1
24 9347 1
24 1163 1
24 3181 1
24 11422 1
24 17062 1
24 17576 4
24 17577 1
24 4381 2
24 13490 1
24 22198 3
24 22200 1
24 15548 1
24 12026 1
24 1744 1
24 10963 2
24 3796 3
24 16088 1
24 17626 3
24 10975 1
24 3301 1
24 7400 1
24 7380 1
24 2810 1
24 1280 2
24 4867 2
24 11528 2
24 18185 2
24 18818 1
24 782 1
24 7952 1
24 8988 1
24 8989 1
24 4385 1
24 4386 1
24 4902 1
24 3902 1
24 15681 1
24 12103 1
24 17737 1
24 8012 1
24 6479 1
24 3762 1
24 18267 1
24 13663 1
24 17772 1
24 20343 1
24 12162 1
24 16775 2
24 9617 2
24 18837 1
24 3992 1
24 15258 1
24 4509 1
24 931 4
24 18853 4
24 1959 1
24 18857 1
24 16302 1
24 8267 1
24 18885 1
24 3529 1
24 12870 1
24 5069 1
24 7118 1
24 11728 1
24 8660 1
24 14301 1
24 9695 1
24 8683 1
24 4589 1
24 15855 1
25 8320 3
25 7680 1
25 14082 1
25 22571 1
25 4868 1
25 13958 1
25 16193 1
25 16778 1
25 4364 1
25 20494 1
25 19344 1
25 22418 3
25 4116 1
25 11157 1
25 2446 1
25 22551 1
25 10265 1
25 8913 1
25 22557 1
25 13316 1
25 14495 1
25 1952 1
25 18222 1
25 11398 1
25 13478 1
25 4647 2
25 10408 1
25 1578 1
25 1067 1
25 14509 1
25 21841 1
25 2351 1
25 16695 1
25 1465 2
25 13952 1
25 906 1
25 11711 1
25 11770 1
25 12360 1
25 17225 1
25 19787 1
25 17484 3
25 17485 1
25 7120 1
25 13905 1
25 4818 1
25 2387 1
25 4366 1
25 9432 2
25 21849 1
25 14017 1
25 22107 1
25 15581 1
25 15364 1
25 22112 1
25 22113 2
25 13026 1
25 13027 1
25 7397 1
25 18022 1
25 22119 1
25 19048 1
25 20329 1
25 5866 1
25 11760 1
25 13425 1
25 500 1
25 16374 1
25 2153 1
25 592 1
25 16121 1
25 12026 1
25 11259 1
25 16252 1
25 1466 1
26 8320 1
26 641 1
26 1922 1
26 8579 1
26 7684 1
26 12805 1
26 7686 1
26 13912 1
26 18185 1
26 17162 1
26 4364 1
26 15119 1
26 15660 1
26 785 1
26 2179 1
26 18964 1
26 10269 1
26 16409 2
26 22340 1
26 4122 1
26 22557 3
26 14495 1
26 18841 1
26 12891 1
26 11684 1
26 1542 1
26 20010 1
26 4011 2
26 2348 1
26 21664 1
26 2990 1
26 18077 1
26 5936 1
26 1074 1
26 21557 1
26 12471 2
26 4818 1
26 19133 1
26 20277 1
26 22464 2
26 7968 2
26 331 1
26 8260 1
26 18759 1
26 15688 4
26 13516 1
26 11850 1
26 19787 1
26 17484 1
26 10321 1
26 4509 1
26 2387 1
26 9684 1
26 7893 1
26 9432 1
26 18212 1
26 9947 1
26 15994 1
26 6622 1
26 4831 1
26 18028 1
26 13026 1
26 22119 2
26 14725 1
26 14970 1
26 8043 2
26 22252 1
26 9069 1
26 8765 1
26 13937 1
26 6770 1
26 2003 1
26 7322 1
26 15864 1
26 18042 1
26 11259 2
26 11645 1
27 18688 1
27 8320 1
27 1922 1
27 901 1
27 15752 1
27 22188 1
27 1163 1
27 4364 1
27 17484 2
27 13452 1
27 22553 1
27 19133 1
27 16409 2
27 7471 1
27 8988 1
27 8989 1
27 15774 1
27 8764 1
27 4385 1
27 15266 1
27 17435 1
27 16804 1
27 166 1
27 4647 1
27 10408 1
27 3882 1
27 4267 1
27 22557 1
27 18222 1
27 5551 1
27 7345 1
27 7219 1
27 6836 1
27 1591 1
27 15801 1
27 20155 1
27 8892 1
27 8765 1
27 16959 1
27 15808 1
27 11850 1
27 10973 1
27 13515 2
27 22464 1
27 15688 3
27 588 1
27 3915 2
27 17227 1
27 13516 2
27 8013 1
27 6464 1
27 12625 1
27 22100 3
27 17672 1
27 4438 1
27 15432 1
27 18212 1
27 8905 1
27 3421 1
27 6622 1
27 4831 1
27 8144 1
27 10338 1
27 4603 1
27 19238 1
27 4945 1
27 15976 1
27 10985 1
27 12266 1
27 21227 1
27 5196 1
27 9069 2
27 8174 1
27 9033 1
27 15216 1
27 21618 1
27 15548 1
27 20927 1
27 5623 1
27 14584 1
27 16249 1
27 11259 2
27 8188 1
27 4441 2
28 12288 1
28 15362 1
28 12805 1
28 12815 1
28 12816 1
28 2578 1
28 22551 1
28 17435 1
28 16901 1
28 2480 1
28 11810 2
28 11817 1
28 4140 1
28 22062 1
28 3122 1
28 7219 1
28 12852 1
28 8758 1
28 8764 1
28 1076 1
28 12354 1
28 7236 2
28 12360 1
28 6732 2
28 13389 1
28 18005 1
28 17424 1
28 15971 2
28 20155 1
28 16998 1
28 11887 1
28 21617 1
28 2164 1
28 3702 1
28 6264 1
28 4217 1
28 6269 1
28 2442 1
28 18561 1
28 18052 1
28 19589 1
28 18056 1
28 10890 1
28 15499 1
28 13453 1
28 4239 2
28 14994 3
28 22032 1
28 14488 1
28 11428 2
28 19624 2
28 4267 1
28 9901 1
28 8513 1
28 6835 1
28 12471 1
28 5816 1
28 16927 1
28 15548 1
28 19133 1
28 13514 1
28 15567 1
28 4818 1
28 17110 1
28 15575 1
28 4831 1
28 7397 1
28 5867 1
28 7410 1
28 8062 1
28 13564 2
28 13565 5
28 15614 1
28 15616 2
28 1918 2
28 8971 1
28 4364 3
28 3342 1
28 7952 1
28 6418 1
28 6421 1
28 7960 1
28 13445 1
28 8996 1
28 19238 1
28 16435 1
28 5433 1
28 2271 1
28 17290 1
28 15681 1
28 22345 1
28 8013 1
28 4432 2
28 14682 1
28 1371 1
28 1375 2
28 8034 1
28 8040 1
28 9069 1
28 15216 1
28 18810 1
28 12670 1
28 1415 1
28 15754 3
28 15000 1
28 20882 1
28 15266 4
28 9124 1
28 15276 1
28 8112 1
28 6075 1
28 1468 1
28 11711 1
28 22464 3
28 18373 1
28 15817 1
28 7119 2
28 8144 1
28 2001 1
28 18393 1
28 20442 1
28 10206 1
28 18911 1
28 10408 1
28 15863 1
28 13304 1
29 1280 1
29 12288 1
29 10498 1
29 17707 1
29 4868 1
29 7686 1
29 17159 1
29 22188 1
29 15754 1
29 13967 1
29 2968 1
29 2578 1
29 21652 1
29 3992 1
29 19716 1
29 22426 1
29 21743 1
29 8861 1
29 13611 1
29 15903 1
29 20256 1
29 15266 1
29 8892 1
29 11684 1
29 20649 1
29 10205 1
29 17067 1
29 15276 1
29 8749 1
29 18005 1
29 7471 1
29 5936 1
29 1408 2
29 5684 1
29 1976 1
29 21305 1
29 15548 1
29 16957 1
29 16193 1
29 14677 1
29 4423 3
29 22344 1
29 17162 1
29 5196 2
29 11810 1
29 8144 1
29 7121 1
29 4434 1
29 13907 3
29 6741 1
29 15574 1
29 855 1
29 17240 1
29 12505 1
29 10972 1
29 8797 3
29 11359 1
29 2914 1
29 10467 1
29 6372 1
29 9069 1
29 5864 1
29 22087 1
29 4074 1
29 10985 1
29 4818 1
29 15855 1
29 12656 1
29 5489 1
29 11890 1
29 14068 1
29 12663 1
29 3064 1
29 19133 1
29 13564 1
29 15997 1
29 15487 1
30 7937 1
30 1918 1
30 15751 1
30 14473 1
30 17162 2
30 2955 1
30 7055 1
30 15632 1
30 22418 1
30 19478 1
30 20761 1
30 8988 1
30 15903 2
30 10096 1
30 15266 1
30 11684 1
30 22188 1
30 10098 1
30 13405 1
30 15794 1
30 1459 1
30 12852 1
30 12342 1
30 10552 1
30 7702 1
30 11807 1
30 15548 1
30 21696 1
30 16834 1
30 17219 1
30 15432 1
30 7410 1
30 13516 1
30 9122 1
30 4430 1
30 12625 1
30 14291 3
30 22100 1
30 18005 1
30 4058 1
30 15119 1
30 13404 1
30 8797 1
30 10206 1
30 7392 1
30 3681 1
30 21733 1
30 3815 1
30 17298 1
30 7667 1
30 11632 1
30 12914 1
30 2899 1
30 1525 2
30 10103 3
30 11771 1
30 15365 1
30 18686 1
31 512 1
31 11793 1
31 6692 2
31 22571 1
31 7217 1
31 11827 1
31 17463 1
31 3130 1
31 8765 1
31 1092 1
31 20551 1
31 6732 1
31 12892 1
31 18528 1
31 2657 1
31 5221 1
31 9831 1
31 12394 1
31 17012 1
31 22133 1
31 4214 1
31 5776 1
31 18075 1
31 13472 1
31 162 1
31 7332 1
31 10407 2
31 10408 1
31 10409 1
31 10410 3
31 13998 1
31 8892 2
31 1141 1
31 11969 1
31 2243 1
31 13516 1
31 9424 1
31 17621 1
31 4823 1
31 11992 1
31 1763 1
31 6372 1
31 6885 1
31 12007 1
31 12008 1
31 12011 1
31 3313 5
31 22270 1
31 15616 3
31 14081 1
31 15618 1
31 20227 2
31 4868 1
31 3339 1
31 10510 2
31 7451 1
31 15648 2
31 19238 1
31 7463 1
31 6441 2
31 10545 1
31 10552 1
31 12091 1
31 20285 1
31 6989 1
31 21328 1
31 14677 1
31 4836 1
31 14682 5
31 6492 1
31 11632 1
31 16758 1
31 12151 1
31 1408 1
31 16260 1
31 14725 1
31 22409 1
31 7055 1
31 22422 1
31 14743 1
31 19524 1
31 15262 1
31 13727 1
31 14761 1
31 17823 1
31 15806 1
31 15808 2
31 18379 1
31 464 1
31 9684 1
31 18389 1
31 21980 4
31 21984 3
31 8166 1
31 999 1
31 6125 1
31 11760 1
31 14840 1
32 4868 1
32 6791 1
32 7178 1
32 1547 1
32 15903 1
32 15770 1
32 12188 1
32 10269 1
32 16543 1
32 16546 1
32 2595 1
32 6693 1
32 19238 1
32 4263 1
32 11305 1
32 3629 1
32 17070 1
32 18781 1
32 10545 1
32 3258 1
32 4511 1
32 15548 1
32 13195 1
32 22086 1
32 9543 1
32 3528 1
32 9167 2
32 6864 1
32 6741 1
32 6489 1
32 21980 1
32 477 1
32 10975 1
32 10592 1
32 16225 1
32 3171 1
32 22431 1
32 2279 1
32 8043 1
32 9069 2
32 4719 1
32 22385 2
32 4601 1
32 19582 1
32 12757 1
33 12288 3
33 1280 1
33 15874 1
33 19460 1
33 2578 1
33 13844 1
33 18455 1
33 16132 1
33 22557 4
33 15903 1
33 2596 1
33 11817 1
33 3636 2
33 12360 1
33 588 3
33 21587 1
33 603 2
33 607 1
33 16998 1
33 6760 1
33 633 1
33 13440 1
33 11909 1
33 18571 1
33 6801 1
33 22167 1
33 161 1
33 21667 1
33 10407 5
33 10410 1
33 22188 2
33 14509 1
33 2734 2
33 11444 1
33 11449 1
33 2747 1
33 15548 1
33 4799 1
33 8898 1
33 15558 1
33 8913 2
33 12503 1
33 17626 1
33 17703 1
33 14574 2
33 3313 2
33 18688 1
33 5248 2
33 18180 1
33 18185 4
33 3339 1
33 4364 1
33 18197 1
33 16164 1
33 18215 1
33 17704 2
33 3392 1
33 6984 2
33 13129 1
33 6989 1
33 20303 1
33 11604 1
33 14682 2
33 15199 1
33 8549 1
33 8043 2
33 9069 1
33 17262 2
33 2416 1
33 15222 1
33 22551 1
33 1405 1
33 897 1
33 16772 1
33 2442 1
33 7463 1
33 22426 1
33 20384 1
33 9122 1
33 1959 3
33 12212 1
33 11708 1
33 11714 1
33 13255 2
33 9684 1
33 9686 2
33 167 1
33 14324 1
33 20471 1
33 5625 1
33 18426 1
34 12288 1
34 16902 1
34 12816 1
34 4116 3
34 4122 1
34 15903 3
34 20571 1
34 19130 1
34 22571 1
34 15404 1
34 10798 1
34 16432 1
34 3633 2
34 1074 2
34 2237 1
34 3130 1
34 573 1
34 3134 1
34 22082 1
34 8771 1
34 15432 1
34 13388 1
34 17997 1
34 591 1
34 12891 1
34 8797 1
34 15971 1
34 22119 2
34 6760 5
34 10857 1
34 6764 1
34 21103 1
34 1648 1
34 13937 3
34 21108 1
34 4725 1
34 6761 2
34 632 1
34 3197 1
34 6786 1
34 9069 2
34 14993 1
34 13481 2
34 22188 1
34 21692 1
34 12471 1
34 8378 1
34 2235 1
34 8892 1
34 19133 2
34 14016 1
34 5841 1
34 19154 2
34 726 1
34 1753 1
34 17626 1
34 9947 1
34 1245 1
34 1758 1
34 7392 1
34 742 1
34 6375 1
34 10985 1
34 7463 1
34 19712 1
34 4868 2
34 18182 1
34 18185 1
34 4364 1
34 18562 1
34 783 1
34 4884 1
34 2328 1
34 14621 1
34 17184 1
34 16177 1
34 15660 2
34 3889 3
34 21305 1
34 6459 1
34 21316 2
34 19782 4
34 3919 1
34 12625 1
34 14677 1
34 21647 1
34 16225 1
34 2914 2
34 2915 3
34 8043 3
34 8556 1
34 15714 1
34 15216 1
34 1922 1
34 2949 4
34 909 1
34 11662 1
34 22418 1
34 10645 1
34 11672 1
34 20891 1
34 4509 1
34 15774 1
34 9121 1
34 13730 1
34 18852 1
34 11178 1
34 20388 1
34 11708 1
34 13771 1
34 4556 1
34 19407 2
34 9170 1
34 9686 1
34 17881 1
34 20303 1
34 10206 1
34 15856 1
34 498 1
34 15548 1
34 5623 1
34 15865 1
34 22442 1
35 7040 1
35 14466 1
35 555 1
35 2949 1
35 11969 1
35 15752 1
35 18185 1
35 9483 1
35 4364 2
35 17678 1
35 7055 1
35 4115 1
35 5765 1
35 13481 1
35 22557 1
35 15903 1
35 17184 2
35 8744 1
35 10409 1
35 683 1
35 18222 1
35 797 4
35 10545 1
35 20148 1
35 1590 1
35 10936 1
35 19124 1
35 1466 1
35 13244 1
35 19133 1
35 4725 1
35 19424 1
35 8771 1
35 9543 2
35 15432 1
35 6732 1
35 11856 1
35 12625 1
35 13778 1
35 7637 1
35 13400 1
35 16092 1
35 10464 6
35 7777 1
35 7778 1
35 20384 1
35 742 1
35 2407 1
35 6760 1
35 10985 1
35 8043 1
35 364 1
35 9069 1
35 19694 2
35 15855 1
35 15856 1
35 1266 1
35 16372 1
35 1141 2
35 5623 1
35 633 1
36 12288 1
36 9729 1
36 11786 1
36 11275 1
36 22557 2
36 14881 1
36 7727 1
36 1074 1
36 12852 1
36 3641 1
36 3130 1
36 15939 1
36 11850 1
36 13388 1
36 13389 1
36 7776 1
36 7777 1
36 3171 1
36 10340 1
36 1639 1
36 6760 1
36 10857 1
36 14449 1
36 4723 1
36 22133 1
36 11969 1
36 14488 1
36 13937 1
36 10408 1
36 13481 2
36 22188 1
36 6319 1
36 8376 1
36 19133 2
36 22209 1
36 16844 1
36 19154 1
36 10453 1
36 15574 1
36 16092 1
36 1757 1
36 5867 1
36 748 1
36 4986 1
36 22256 1
36 5365 1
36 15632 1
36 15128 1
36 14618 1
36 7471 1
36 2348 1
36 21295 1
36 16177 1
36 15666 1
36 17211 1
36 21824 1
36 15170 2
36 835 1
36 329 1
36 3916 1
36 12625 1
36 14677 1
36 18783 1
36 7520 1
36 14690 1
36 360 1
36 8043 1
36 9069 2
36 6511 1
36 10096 1
36 18810 1
36 7041 1
36 14725 1
36 4486 1
36 4496 2
36 9122 1
36 18853 1
36 7081 1
36 22442 1
36 8636 1
36 11711 1
36 16838 1
36 5577 1
36 11723 1
36 15820 1
36 7635 1
36 12261 1
36 7158 1
36 11771 1
37 17282 1
37 4267 1
37 16132 1
37 17089 1
37 19849 1
37 15754 1
37 11275 3
37 4364 1
37 12162 1
37 22032 1
37 16508 1
37 13452 1
37 4115 1
37 2179 1
37 19094 1
37 15128 1
37 18162 1
37 9243 1
37 5020 1
37 12189 1
37 14881 1
37 9122 1
37 16804 1
37 19367 1
37 19240 1
37 12188 1
37 683 1
37 20012 1
37 3629 1
37 2990 2
37 8236 1
37 3632 1
37 19761 1
37 22196 1
37 11273 1
37 8892 1
37 11709 1
37 1671 1
37 22464 1
37 20161 1
37 11714 1
37 11708 1
37 7777 1
37 20424 1
37 9292 1
37 13514 1
37 5623 1
37 6732 1
37 5197 1
37 20303 1
37 1744 1
37 15187 3
37 14677 3
37 6622 1
37 4831 1
37 8720 1
37 3426 1
37 3175 1
37 745 1
37 6506 1
37 9453 1
37 9074 1
37 4723 1
37 3829 2
37 19305 1
37 19593 1
37 11156 1
37 17403 3
37 19580 2
38 5760 1
38 13445 1
38 9069 3
38 8086 1
38 6809 1
38 14725 1
38 15856 1
38 4263 1
38 4780 1
38 11058 1
38 1459 1
38 11835 2
38 8892 2
38 13887 1
38 15201 1
38 11850 2
38 4941 1
38 11471 2
38 4944 1
38 598 1
38 4461 1
38 10972 1
38 18911 1
38 592 1
38 15971 1
38 4837 1
38 9451 1
38 109 2
38 19694 2
38 11760 1
38 5623 2
38 5624 1
38 633 1
38 1855 2
39 8193 1
39 9901 1
39 17424 1
39 11811 1
39 18473 1
39 16430 1
39 13884 1
39 16961 1
39 12360 1
39 7241 1
39 11851 1
39 13389 1
39 21586 1
39 13907 1
39 16477 1
39 2747 1
39 17509 1
39 18022 1
39 18023 1
39 15548 1
39 15982 1
39 13937 1
39 1138 2
39 4723 1
39 20882 1
39 13440 2
39 15491 1
39 6790 1
39 19596 1
39 2704 1
39 7313 1
39 3730 1
39 6803 1
39 3220 2
39 14493 1
39 9375 1
39 20649 1
39 11436 1
39 12461 1
39 17225 1
39 19124 1
39 20155 1
39 8892 2
39 19133 2
39 14016 1
39 8898 1
39 17608 3
39 719 1
39 19155 1
39 7380 1
39 4837 2
39 2279 1
39 17134 1
39 4868 1
39 15113 1
39 4364 1
39 15119 1
39 785 1
39 18714 1
39 2949 1
39 13088 1
39 7471 1
39 7477 1
39 15675 1
39 15676 1
39 1855 1
39 360 1
39 13129 1
39 4944 1
39 2387 1
39 9047 1
39 1379 1
39 7016 1
39 8043 2
39 5996 1
39 9069 2
39 9072 2
39 21875 2
39 12665 1
39 4415 1
39 1408 1
39 1413 1
39 15754 1
39 1420 1
39 397 1
39 4496 1
39 22418 1
39 2451 1
39 16286 1
39 7584 1
39 15266 1
39 11684 1
39 4518 1
39 7594 1
39 16301 1
39 15790 2
39 7600 1
39 10679 1
39 11196 1
39 7104 2
39 13763 1
39 13252 1
39 13776 1
39 18911 1
39 19938 1
39 6630 1
39 19943 1
39 4074 1
39 11760 2
39 595 1
39 5623 1
39 15864 1
39 4601 2
40 13316 2
40 7691 1
40 18960 1
40 2307 1
40 11292 1
40 18978 1
40 12848 1
40 6711 1
40 4156 1
40 6718 1
40 19553 1
40 13388 1
40 593 1
40 7776 1
40 12816 1
40 7782 1
40 12390 1
40 11887 1
40 632 1
40 14973 1
40 13950 1
40 5248 1
40 22464 1
40 6790 1
40 4238 1
40 3217 1
40 13459 1
40 13979 1
40 18081 1
40 7332 1
40 10918 1
40 17067 1
40 22188 1
40 9398 1
40 19133 1
40 11969 2
40 2243 1
40 3958 1
40 14537 1
40 9932 1
40 4303 1
40 7888 1
40 20177 1
40 11476 1
40 11482 1
40 7903 1
40 8912 1
40 11511 1
40 14592 2
40 4867 1
40 4868 3
40 19718 1
40 17162 1
40 13077 1
40 7463 1
40 21305 1
40 831 1
40 9038 1
40 14677 1
40 7512 1
40 18267 2
40 15199 1
40 16224 1
40 22369 1
40 3943 1
40 5481 1
40 9069 2
40 5267 1
40 13174 1
40 12670 1
40 10636 1
40 7055 1
40 14743 1
40 12190 2
40 14753 1
40 22442 1
40 433 1
40 21433 1
40 11711 1
40 15808 3
40 20431 1
40 19938 1
40 15856 1
40 7153 1
40 8181 1
40 22006 1
40 4601 1
40 4604 1
