1 12673 1
1 13444 1
1 13445 3
1 18055 2
1 18185 1
1 4364 2
1 11714 1
1 11662 1
1 15119 1
1 4496 1
1 11832 1
1 13459 1
1 10644 1
1 18197 3
1 15279 1
1 6813 1
1 15903 3
1 20384 5
1 15216 1
1 11429 1
1 8746 1
1 19599 1
1 11821 1
1 18222 1
1 21295 1
1 16435 1
1 19124 1
1 5816 1
1 20255 1
1 12604 1
1 4031 1
1 9536 1
1 7584 1
1 12354 1
1 15432 1
1 11851 1
1 588 1
1 462 1
1 12625 1
1 21586 1
1 4309 1
1 4438 1
1 5625 1
1 18267 2
1 10972 1
1 8927 1
1 5264 1
1 16272 1
1 8035 1
1 9831 1
1 8892 1
1 17004 1
1 7664 1
1 21140 1
1 4115 1
1 12009 1
1 4601 1
1 6652 1
2 12673 1
2 21250 1
2 16121 1
2 13445 1
2 18055 1
2 8236 2
2 13834 1
2 11714 1
2 12625 1
2 1069 1
2 5264 1
2 18197 1
2 3991 1
2 4868 1
2 6686 1
2 15903 1
2 4000 2
2 18209 1
2 19238 1
2 5883 1
2 16936 1
2 11049 1
2 10155 1
2 15660 1
2 685 1
2 16430 1
2 5935 1
2 16434 1
2 12471 1
2 4280 1
2 20282 1
2 14495 1
2 18108 1
2 2442 1
2 14016 1
2 16705 1
2 16834 1
2 20931 1
2 1990 1
2 15278 1
2 15432 1
2 6090 1
2 15724 1
2 21727 1
2 9167 1
2 592 3
2 21841 1
2 7634 1
2 4438 1
2 4601 1
2 5210 1
2 20572 1
2 3758 1
2 7120 1
2 7011 1
2 12132 1
2 7633 1
2 9887 1
2 21586 1
2 10096 1
2 15216 1
2 10225 1
2 4496 1
2 7155 1
2 6917 1
2 501 1
2 16374 1
2 12663 1
2 17016 1
2 14969 1
2 12026 1
2 6651 1
2 15869 1
3 2179 1
3 7684 1
3 13445 1
3 16902 1
3 13960 1
3 8585 1
3 7690 1
3 11479 1
3 1420 1
3 12625 1
3 6801 3
3 22418 2
3 3991 1
3 9884 3
3 4000 1
3 20260 1
3 7717 1
3 10407 2
3 11049 2
3 12716 1
3 685 1
3 16249 1
3 605 1
3 8655 1
3 11835 1
3 6090 1
3 16193 1
3 7110 1
3 7880 1
3 4364 1
3 12746 2
3 6987 1
3 17996 1
3 6989 1
3 17229 1
3 6736 1
3 721 2
3 4438 1
3 633 1
3 15448 1
3 2596 1
3 603 1
3 20573 1
3 21984 1
3 1467 1
3 999 2
3 7400 1
3 13799 1
3 13894 1
3 18686 1
3 20649 2
3 16121 2
3 16123 2
3 5246 3
3 1919 1
4 12816 1
4 4116 1
4 15903 1
4 3621 1
4 4647 1
4 8749 1
4 16432 1
4 13881 1
4 11835 1
4 13891 1
4 15432 1
4 17996 1
4 590 1
4 592 1
4 21586 2
4 20569 2
4 10851 1
4 16998 1
4 15976 1
4 21617 2
4 1138 1
4 631 1
4 15185 1
4 5246 1
4 6787 1
4 13957 1
4 4230 1
4 6281 1
4 13451 1
4 13453 1
4 18574 1
4 19599 1
4 3217 2
4 13979 1
4 9884 1
4 17066 1
4 17067 1
4 685 1
4 9398 1
4 19133 1
4 7888 1
4 19155 1
4 7397 1
4 17534 1
4 16124 1
4 7637 1
4 4868 1
4 17671 1
4 18185 2
4 4364 1
4 4653 1
4 5392 1
4 2179 1
4 20260 1
4 1834 1
4 7471 1
4 21305 1
4 19263 1
4 1504 1
4 17229 1
4 12625 2
4 4438 1
4 18267 1
4 12126 1
4 6801 1
4 12136 1
4 487 1
4 10097 2
4 4981 1
4 1918 1
4 15232 1
4 12673 1
4 1922 1
4 6531 1
4 5509 1
4 8043 1
4 1420 1
4 22418 1
4 11156 1
4 12694 1
4 7584 1
4 15266 1
4 15276 1
4 19375 1
4 4000 1
4 12791 1
4 12878 4
4 8153 1
4 21984 1
4 19938 1
4 13799 1
4 15856 1
4 11763 1
4 15863 1
4 15869 1
5 12604 2
5 8193 1
5 18051 1
5 13445 2
5 15233 1
5 8585 1
5 12426 1
5 9227 1
5 4364 1
5 10545 1
5 5390 1
5 16911 2
5 22032 1
5 12433 1
5 18194 1
5 11156 1
5 16661 1
5 3991 2
5 6809 1
5 6554 1
5 15869 1
5 13957 1
5 15903 2
5 4000 3
5 9121 2
5 15266 2
5 9435 1
5 7575 1
5 10407 2
5 11049 2
5 16301 1
5 16431 2
5 16049 1
5 9152 1
5 7584 1
5 12852 1
5 10505 1
5 7256 1
5 6652 1
5 12602 1
5 7867 1
5 1724 1
5 17674 1
5 12735 1
5 22464 1
5 16193 1
5 6283 1
5 21586 2
5 11850 1
5 588 1
5 11471 1
5 16592 1
5 4647 1
5 15459 1
5 7892 1
5 11992 1
5 19599 1
5 8749 1
5 17184 1
5 592 1
5 20384 1
5 2309 1
5 21364 1
5 6695 1
5 17899 1
5 10348 1
5 21613 1
5 6511 1
5 13451 2
5 3702 1
5 6651 1
5 16124 1
5 14717 1
5 1918 1
6 8193 1
6 13316 2
6 773 1
6 4230 1
6 14081 1
6 21292 1
6 4364 1
6 10545 1
6 13388 1
6 7313 1
6 3991 1
6 4868 1
6 6511 1
6 901 1
6 4000 1
6 10096 1
6 15266 1
6 15651 1
6 22220 1
6 19238 1
6 625 1
6 11049 1
6 16121 1
6 8236 1
6 685 1
6 15278 1
6 13453 2
6 7752 1
6 4211 1
6 6711 1
6 20281 1
6 8764 1
6 4414 1
6 12735 1
6 7584 1
6 12354 1
6 633 1
6 15432 1
6 7500 1
6 12663 1
6 15436 1
6 12878 1
6 9167 1
6 14033 1
6 21333 1
6 12153 1
6 1504 1
6 19716 1
6 12625 1
6 8425 1
6 15723 2
6 6382 1
6 9583 1
6 14704 1
6 10225 1
6 10867 1
6 16831 1
6 3113 1
6 8568 1
6 14713 1
6 6651 1
6 11645 1
6 21617 1
6 22229 1
7 6786 2
7 5765 1
7 15494 1
7 15496 1
7 15532 1
7 4364 1
7 19598 1
7 15404 1
7 3217 1
7 22418 1
7 13459 1
7 16661 1
7 3991 1
7 4249 1
7 17818 1
7 14492 1
7 9887 1
7 4000 1
7 9122 1
7 10407 1
7 11049 1
7 11307 1
7 15660 1
7 685 1
7 16430 1
7 1074 1
7 18746 1
7 19131 1
7 18108 1
7 9662 2
7 22464 3
7 16705 1
7 12354 1
7 718 1
7 11464 1
7 13516 1
7 588 1
7 6989 1
7 590 1
7 592 1
7 21586 1
7 13781 1
7 8410 1
7 11100 1
7 5216 1
7 19938 1
7 1467 1
7 22431 1
7 12390 1
7 13841 1
7 12778 1
7 11760 2
7 13937 1
7 10510 1
7 16372 1
7 11817 2
7 17016 1
7 4601 1
7 1535 1
8 14978 1
8 4868 1
8 13445 1
8 4230 1
8 11969 1
8 13961 1
8 17674 1
8 17931 1
8 10128 1
8 13969 2
8 11156 1
8 16661 1
8 14743 1
8 22188 1
8 15771 1
8 11292 1
8 15773 1
8 15903 1
8 11040 1
8 14753 1
8 2594 2
8 13979 2
8 15268 1
8 10545 1
8 5929 1
8 11434 1
8 15275 1
8 15532 2
8 8749 1
8 4218 1
8 16049 1
8 562 1
8 8502 1
8 21321 1
8 18746 2
8 19131 1
8 21330 1
8 16190 1
8 20384 1
8 12354 1
8 6981 1
8 21318 1
8 15777 1
8 6985 1
8 12746 2
8 12663 1
8 13388 3
8 592 2
8 21586 2
8 14037 1
8 19286 1
8 6489 2
8 19290 1
8 18267 5
8 1500 1
8 1501 1
8 10975 2
8 1504 1
8 15585 2
8 10851 1
8 3217 1
8 22252 1
8 11474 1
8 4432 1
8 13681 2
8 2166 1
8 12791 2
8 11945 1
8 18042 1
8 16124 1
8 4223 2
9 7683 3
9 16901 1
9 7690 1
9 12815 1
9 12816 1
9 18962 1
9 3075 1
9 22557 1
9 15903 2
9 3621 2
9 11815 1
9 1074 1
9 12852 1
9 11835 1
9 3134 1
9 13888 1
9 8771 1
9 22369 1
9 15432 3
9 588 1
9 590 1
9 592 3
9 21586 1
9 15971 1
9 11354 1
9 7776 1
9 12897 2
9 11963 1
9 21606 1
9 21607 1
9 11887 1
9 1137 1
9 3702 1
9 17016 1
9 18050 1
9 18051 1
9 13445 2
9 12426 1
9 13452 1
9 14477 1
9 19093 1
9 13974 1
9 14493 1
9 9887 1
9 11632 1
9 9380 1
9 6826 2
9 6828 2
9 20155 1
9 18108 1
9 4807 1
9 7880 1
9 16586 1
9 11979 1
9 14032 1
9 721 1
9 13178 1
9 10975 1
9 18174 1
9 18175 1
9 1280 2
9 8449 1
9 770 1
9 4868 2
9 6017 1
9 19939 1
9 7451 1
9 4382 1
9 19421 1
9 5210 1
9 20277 1
9 12602 1
9 12604 1
9 16701 1
9 16705 1
9 20384 1
9 13129 2
9 20303 1
9 12625 1
9 15187 1
9 13147 1
9 3934 1
9 15713 1
9 19810 1
9 7016 1
9 7018 1
9 8043 1
9 9069 1
9 20285 2
9 10096 2
9 5498 2
9 12673 2
9 15236 1
9 5270 1
9 2442 4
9 20882 1
9 3991 1
9 15776 1
9 16806 1
9 8620 1
9 15281 1
9 4020 1
9 6815 1
9 19901 1
9 22464 3
9 8641 1
9 13763 1
9 1988 1
9 7110 1
9 9292 1
9 9169 1
9 9171 1
9 10205 1
9 10206 1
9 18911 1
9 11771 1
9 13796 1
9 8175 1
9 11760 2
9 3060 1
9 16373 1
9 17403 1
9 13822 1
10 1537 1
10 13316 1
10 11273 2
10 7690 1
10 17435 1
10 12317 1
10 21426 1
10 1074 1
10 7219 2
10 11835 1
10 7741 1
10 20547 1
10 3937 1
10 15432 2
10 15436 1
10 21586 1
10 11870 1
10 7777 1
10 21613 1
10 21103 1
10 1139 1
10 10869 1
10 3702 1
10 4219 1
10 5759 1
10 2179 1
10 13445 1
10 6790 1
10 1163 1
10 4240 1
10 21141 1
10 10436 1
10 13979 1
10 21152 1
10 9380 1
10 11952 1
10 10943 1
10 15556 1
10 15558 1
10 7370 1
10 9423 1
10 14032 1
10 721 1
10 22232 1
10 1757 1
10 1758 1
10 4831 1
10 7392 2
10 4223 1
10 2812 1
10 14088 1
10 5391 1
10 16661 1
10 7451 1
10 8988 1
10 20254 1
10 14469 1
10 8993 1
10 646 1
10 14649 1
10 12602 1
10 16704 1
10 22344 1
10 4941 1
10 4942 2
10 12625 1
10 15187 1
10 14677 2
10 6489 1
10 18267 2
10 22369 1
10 2914 1
10 19812 1
10 9068 1
10 6511 2
10 10097 1
10 6514 1
10 5498 1
10 12670 1
10 17791 1
10 21392 1
10 15774 1
10 17823 1
10 14754 1
10 15794 1
10 9662 1
10 22464 1
10 8641 1
10 8650 1
10 2003 1
10 11771 2
10 7659 1
10 11760 2
10 13809 1
10 16890 1
10 17403 1
10 1533 1
11 12604 1
11 20254 1
11 2179 1
11 4868 4
11 13445 1
11 5638 1
11 2442 1
11 4364 2
11 5005 1
11 18200 1
11 14993 1
11 20882 1
11 916 1
11 18197 1
11 10135 1
11 21912 1
11 14488 1
11 13467 1
11 19740 1
11 22557 1
11 798 1
11 14495 1
11 8568 1
11 9892 1
11 689 1
11 15400 1
11 21930 1
11 15275 1
11 14493 1
11 10545 2
11 1074 1
11 20277 1
11 14649 1
11 12602 1
11 6687 2
11 18108 1
11 6489 1
11 20286 1
11 11714 1
11 4550 1
11 1991 1
11 4290 1
11 11850 1
11 15863 1
11 6732 1
11 8013 1
11 906 1
11 9167 1
11 592 1
11 12625 1
11 21586 2
11 19939 1
11 4438 1
11 18904 1
11 22119 1
11 9887 1
11 10205 1
11 10975 1
11 15714 1
11 1467 1
11 21605 1
11 9169 1
11 6760 1
11 11708 1
11 7018 1
11 5867 1
11 22252 1
11 21613 1
11 6511 1
11 11760 1
11 10097 1
11 741 1
11 19060 1
11 22262 1
11 12151 1
11 17016 1
11 18042 1
11 4219 1
11 4221 1
11 12670 1
12 12673 1
12 4868 1
12 13958 1
12 8585 1
12 13834 1
12 4364 1
12 6338 1
12 15119 1
12 18577 1
12 17818 1
12 4122 1
12 4511 1
12 4358 1
12 18188 1
12 7183 1
12 11946 1
12 16180 1
12 12471 1
12 15033 1
12 14751 1
12 11714 1
12 15556 1
12 3784 1
12 10313 1
12 11851 1
12 15567 1
12 21586 1
12 16468 1
12 4053 1
12 1242 1
12 18267 1
12 8927 1
12 8929 1
12 19938 1
12 9831 1
12 11632 1
12 17788 1
12 637 1
