1 12288 1
1 8193 1
1 21508 1
1 22024 1
1 5643 1
1 13843 1
1 8726 1
1 22551 1
1 15903 1
1 21536 1
1 1063 1
1 22571 1
1 8236 1
1 22573 1
1 6702 1
1 12848 1
1 7220 1
1 15432 1
1 13389 1
1 21586 1
1 5717 1
1 18528 1
1 18108 1
1 8238 1
1 12910 1
1 14450 1
1 21619 1
1 22133 2
1 1641 1
1 17016 1
1 3519 1
1 18197 1
1 15808 1
1 13445 1
1 1167 1
1 17041 1
1 659 1
1 15512 1
1 2714 1
1 9887 1
1 16544 2
1 19106 1
1 11428 1
1 4263 1
1 14509 1
1 12465 1
1 12466 1
1 19124 1
1 8892 1
1 6847 2
1 2243 1
1 15045 1
1 22234 1
1 9167 2
1 10975 1
1 748 1
1 20209 1
1 9975 1
1 2812 1
1 15617 1
1 4868 1
1 13697 1
1 14088 1
1 4364 3
1 3629 1
1 16430 1
1 21295 1
1 8988 1
1 12585 1
1 2351 1
1 11568 1
1 21305 1
1 15548 1
1 395 1
1 20292 1
1 9543 1
1 13128 1
1 329 1
1 6989 1
1 9038 1
1 14677 1
1 4438 1
1 13113 1
1 19804 1
1 2399 1
1 22368 1
1 17253 1
1 15206 1
1 3943 1
1 20332 1
1 9069 1
1 5489 1
1 11637 1
1 3958 1
1 3960 1
1 12673 1
1 14725 1
1 12678 1
1 4491 1
1 5929 1
1 910 1
1 8079 1
1 4496 1
1 10644 1
1 20375 1
1 20384 2
1 13730 1
1 22437 1
1 432 1
1 434 1
1 1466 1
1 13755 1
1 11708 1
1 11709 1
1 15295 1
1 22464 1
1 17312 1
1 11714 2
1 20431 1
1 9171 1
1 9684 1
1 2522 1
1 2523 1
1 17373 1
1 6622 1
1 10214 1
1 7148 1
1 7664 1
1 17395 1
1 4601 1
1 6651 1
1 6652 1
1 5119 1
2 13316 1
2 10758 1
2 13834 1
2 8878 1
2 3844 3
2 3610 1
2 15903 1
2 3621 1
2 14386 4
2 12852 1
2 11832 1
2 2105 2
2 2108 1
2 1092 1
2 18503 2
2 15432 2
2 21586 1
2 7776 1
2 13412 1
2 19559 1
2 10857 1
2 4722 1
2 17012 1
2 16502 1
2 16504 1
2 8830 1
2 15487 1
2 15491 1
2 15494 1
2 1163 1
2 1167 1
2 20113 1
2 7827 1
2 6596 1
2 22186 1
2 17067 1
2 3758 1
2 5304 1
2 3260 1
2 19133 1
2 21696 2
2 12994 1
2 12995 1
2 7888 1
2 18645 1
2 22232 1
2 6361 1
2 10972 1
2 7901 1
2 21726 1
2 21227 1
2 19582 1
2 14583 1
2 9044 2
2 15610 1
2 1278 1
2 14081 1
2 4868 2
2 22282 1
2 4364 1
2 20237 2
2 19726 1
2 3855 2
2 18197 1
2 5400 2
2 17185 1
2 11227 1
2 15580 1
2 6956 1
2 11054 1
2 16694 1
2 21818 1
2 20284 1
2 16701 1
2 1342 1
2 8512 1
2 16194 1
2 12100 1
2 19269 1
2 3398 1
2 12103 1
2 13129 3
2 1866 1
2 19276 1
2 17229 1
2 12625 2
2 18772 1
2 14677 3
2 1369 1
2 18267 1
2 15674 1
2 4960 1
2 22369 1
2 4967 1
2 9069 2
2 7485 1
2 12151 1
2 7548 1
2 16704 1
2 7563 1
2 2446 1
2 4496 1
2 8604 1
2 15266 3
2 16804 1
2 7078 1
2 19882 1
2 4525 1
2 18862 1
2 12360 1
2 1865 1
2 19900 1
2 22464 1
2 2500 1
2 15818 1
2 7637 2
2 4058 1
2 17371 2
2 6112 1
2 15849 1
2 11760 1
2 8177 1
2 11250 1
2 6136 1
2 4601 1
2 6652 1
2 18941 1
2 5118 3
3 12288 2
3 22368 2
3 4610 1
3 17067 3
3 13316 2
3 4614 1
3 16903 1
3 7690 1
3 16998 1
3 22030 1
3 4623 1
3 2990 2
3 14359 1
3 3609 1
3 20506 1
3 9755 2
3 11292 1
3 22557 2
3 11294 2
3 15903 2
3 5665 1
3 5667 7
3 3621 1
3 1067 2
3 8236 2
3 5677 1
3 13438 1
3 13453 1
3 7432 1
3 14386 5
3 12852 1
3 9269 1
3 10808 2
3 2105 10
3 5690 1
3 5304 1
3 2108 2
3 22282 1
3 3134 3
3 2113 10
3 12891 1
3 20547 1
3 1092 1
3 4677 1
3 4678 1
3 18503 5
3 15432 1
3 3393 1
3 4433 1
3 588 1
3 8781 1
3 591 1
3 10321 1
3 21586 2
3 83 1
3 10837 1
3 87 2
3 5208 1
3 5391 1
3 14437 1
3 96 3
3 10096 3
3 15460 2
3 18022 2
3 12390 1
3 5233 1
3 21692 1
3 19559 1
3 1606 1
3 18029 2
3 622 1
3 873 2
3 13937 10
3 19571 1
3 7785 2
3 10876 1
3 15486 1
3 20607 1
3 5248 1
3 6592 1
3 6787 1
3 19588 4
3 646 1
3 7303 6
3 10890 2
3 22551 2
3 3329 1
3 8188 1
3 6718 1
3 1167 9
3 6801 1
3 7826 1
3 7827 2
3 21652 1
3 18030 2
3 19094 1
3 8343 1
3 3435 1
3 6809 2
3 11887 2
3 9884 1
3 3610 10
3 8342 1
3 18592 1
3 9072 1
3 9380 1
3 20343 1
3 4263 2
3 10408 1
3 3612 1
3 6315 1
3 22188 1
3 9901 2
3 9729 2
3 21679 2
3 18547 1
3 19124 4
3 9758 1
3 5303 1
3 22340 1
3 7540 1
3 21295 1
3 19131 1
3 15036 1
3 19133 3
3 14583 1
3 21696 1
3 603 1
3 10436 2
3 17605 2
3 3873 1
3 12663 1
3 16588 1
3 20686 1
3 1744 1
3 18215 2
3 18571 1
3 17621 1
3 10454 1
3 9945 1
3 12506 1
3 9167 1
3 10972 1
3 4434 2
3 8553 1
3 21735 1
3 17602 1
3 21737 3
3 12010 1
3 18155 1
3 21228 1
3 5586 1
3 11925 3
3 2289 1
3 10622 1
3 11511 3
3 16511 2
3 9351 2
3 18686 1
3 11007 1
3 8260 1
3 8449 2
3 22571 1
3 3844 3
3 773 1
3 13697 1
3 14088 3
3 20234 1
3 17163 1
3 3340 1
3 3855 1
3 8376 1
3 1298 1
3 10515 1
3 4884 1
3 16661 1
3 4868 3
3 2839 1
3 20100 1
3 19803 1
3 7451 1
3 22234 1
3 17185 1
3 7458 1
3 20260 2
3 7776 1
3 19238 1
3 7463 1
3 5929 1
3 18218 1
3 16519 1
3 20269 1
3 11054 1
3 7471 2
3 21305 2
3 20794 1
3 6459 1
3 20284 1
3 7485 1
3 20798 1
3 7221 1
3 16704 1
3 4417 2
3 17218 2
3 22339 1
3 16708 1
3 19269 1
3 12103 2
3 17225 1
3 1608 1
3 17293 1
3 12625 2
3 5970 1
3 9044 7
3 14677 3
3 13113 1
3 2394 1
3 18267 1
3 6458 5
3 21613 1
3 19808 1
3 22369 2
3 20027 1
3 1380 1
3 15441 1
3 4967 1
3 20329 2
3 8043 1
3 3436 1
3 9069 1
3 13679 6
3 15216 2
3 15763 6
3 6516 1
3 22389 1
3 12151 2
3 3220 1
3 19263 1
3 7548 1
3 4074 1
3 14206 1
3 14207 1
3 21888 1
3 7553 1
3 8579 2
3 19408 1
3 20357 1
3 4418 1
3 15751 1
3 5000 1
3 22252 1
3 15754 1
3 7563 1
3 5517 1
3 6125 1
3 4496 1
3 7571 1
3 18841 1
3 11334 1
3 4509 1
3 22341 1
3 20384 1
3 15266 2
3 10209 1
3 16804 1
3 20389 1
3 6054 1
3 12200 1
3 12713 1
3 4679 2
3 9050 1
3 18862 1
3 5551 2
3 4680 1
3 7603 1
3 13129 1
3 19900 1
3 16373 1
3 22464 2
3 6593 1
3 11714 3
3 1099 1
3 502 1
3 4038 1
3 12746 1
3 14283 1
3 20429 1
3 6361 1
3 19809 2
3 8144 1
3 2001 1
3 7122 2
3 9171 2
3 9687 1
3 4056 1
3 4058 2
3 20303 1
3 8830 1
3 10206 1
3 3937 3
3 4960 2
3 4603 1
3 7653 1
3 13677 1
3 18919 7
3 10728 1
3 4073 1
3 12778 1
3 4589 1
3 3055 2
3 10225 1
3 8592 1
3 15491 1
3 14838 1
3 5623 2
3 15864 1
3 505 1
3 4602 1
3 6651 1
3 6652 2
3 18941 1
3 5118 4
4 1024 1
4 1074 2
4 4614 1
4 18952 1
4 13834 1
4 5643 1
4 13837 1
4 19993 1
4 3610 2
4 3844 1
4 16474 1
4 18975 1
4 20008 1
4 1067 1
4 1979 1
4 9777 1
4 4146 1
4 22589 1
4 19808 1
4 12354 1
4 18503 1
4 15432 3
4 18505 1
4 13388 1
4 1626 1
4 1627 1
4 8797 1
4 10338 1
4 20155 1
4 20234 1
4 11708 1
4 21613 3
4 9839 1
4 6770 1
4 6771 1
4 11894 1
4 15209 1
4 16504 1
4 19583 1
4 13445 1
4 15494 1
4 16009 1
4 1167 1
4 3217 1
4 7827 2
4 15508 1
4 11925 1
4 6809 1
4 14492 1
4 15216 1
4 7451 1
4 4263 1
4 7852 1
4 9901 2
4 797 1
4 12464 1
4 12465 2
4 21619 1
4 2747 1
4 21696 1
4 13514 1
4 13516 1
4 20686 1
4 1743 1
4 5841 1
4 4818 1
4 7892 1
4 10453 1
4 12505 2
4 4826 1
4 15579 1
4 12510 1
4 4831 1
4 746 1
4 21228 1
4 7634 1
4 20209 1
4 4852 1
4 22262 1
4 14583 1
4 15610 1
4 20095 1
4 15616 1
4 8449 2
4 4867 1
4 4868 2
4 16135 1
4 12588 1
4 2826 1
4 13582 1
4 7952 1
4 5935 1
4 22234 1
4 7463 1
4 8490 1
4 10539 1
4 12076 1
4 12589 1
4 7471 1
4 15666 1
4 17206 1
4 1673 1
4 5433 1
4 20284 1
4 16702 1
4 6464 1
4 833 1
4 15170 1
4 12100 1
4 22341 1
4 13128 1
4 4942 1
4 12625 3
4 9044 1
4 14677 2
4 16215 1
4 6489 1
4 18267 4
4 19804 2
4 22368 1
4 22369 2
4 7010 1
4 4967 1
4 20329 1
4 4960 1
4 9069 3
4 573 1
4 2416 1
4 12663 1
4 21880 1
4 12665 1
4 2940 1
4 12010 1
4 15232 1
4 18818 1
4 16260 1
4 3974 1
4 15751 1
4 5000 1
4 22409 1
4 7570 1
4 917 1
4 18841 1
4 17312 1
4 15266 1
4 14386 2
4 22437 2
4 22442 1
4 15275 1
4 7085 1
4 6066 1
4 7092 1
4 12216 1
4 6075 1
4 19900 1
4 22464 2
4 6902 1
4 11719 1
4 76 1
4 15820 1
4 22571 2
4 11218 1
4 19619 1
4 9684 1
4 4601 1
4 4058 1
4 10209 1
4 7650 1
4 3044 1
4 7653 1
4 2113 2
4 10727 2
4 6652 1
4 4074 2
4 15855 1
4 4089 1
4 8188 2
4 5118 1
5 12288 2
5 9729 1
5 4610 1
5 4611 1
5 13316 3
5 4614 1
5 5129 1
5 7690 1
5 15874 1
5 3610 3
5 16828 1
5 11294 5
5 5667 1
5 3621 1
5 4647 1
5 8236 1
5 12336 1
5 14386 3
5 2105 12
5 1599 1
5 64 2
5 2113 7
5 18503 1
5 8778 1
5 8375 1
5 13389 1
5 21586 1
5 8797 2
5 7952 1
5 18022 2
5 9831 1
5 7785 1
5 10348 1
5 21613 3
5 18030 1
5 13937 2
5 6771 1
5 5993 1
5 16504 1
5 15994 1
5 15491 1
5 6790 1
5 15496 1
5 15497 1
5 10899 1
5 7317 1
5 22166 1
5 15512 1
5 16539 1
5 12446 1
5 16543 1
5 18080 1
5 16547 1
5 9380 1
5 13681 1
5 10410 1
5 9901 1
5 21679 1
5 13679 1
5 19124 3
5 1719 1
5 19131 1
5 15548 1
5 19133 4
5 13901 1
5 14016 1
5 22209 1
5 17605 2
5 8156 1
5 14545 1
5 15907 1
5 10972 2
5 4831 2
5 15584 1
5 4326 1
5 5351 1
5 11815 2
5 8062 1
5 11511 1
5 14584 1
5 1280 1
5 8449 1
5 4868 3
5 2309 1
5 1290 1
5 12046 1
5 6416 1
5 2179 1
5 16661 1
5 18919 2
5 19803 1
5 7451 1
5 11398 1
5 646 1
5 5596 1
5 17202 1
5 7471 1
5 11570 1
5 17207 2
5 824 1
5 21305 3
5 6458 1
5 10975 1
5 16701 1
5 19263 1
5 6979 1
5 16708 1
5 19269 1
5 12103 3
5 9033 2
5 8013 1
5 20303 1
5 4945 1
5 8019 1
5 8532 1
5 854 1
5 13113 1
5 5126 1
5 18267 2
5 860 1
5 7520 1
5 19809 2
5 7483 1
5 4967 1
5 20329 1
5 7018 1
5 8043 1
5 9069 1
5 7485 1
5 10096 1
5 5489 1
5 6003 2
5 8568 1
5 11708 1
5 1918 1
5 7553 1
5 16260 1
5 3974 1
5 13889 1
5 20877 1
5 7055 1
5 4497 1
5 22339 1
5 7581 1
5 831 1
5 15266 1
5 20389 1
5 11692 1
5 434 1
5 6459 2
5 19900 1
5 22464 6
5 11714 2
5 13255 1
5 13768 1
5 11723 1
5 20813 1
5 7633 1
5 7122 2
5 7635 1
5 9684 1
5 7637 1
5 7644 1
5 7645 2
5 483 1
5 7653 1
5 7655 1
5 4074 1
5 4263 1
5 8684 1
5 15854 1
5 15855 2
5 503 1
5 9044 1
5 6652 1
5 17066 1
5 5118 4
6 9733 1
6 7690 1
6 16399 1
6 18965 1
6 3610 1
6 11292 1
6 11294 1
6 18975 1
6 16430 1
6 14386 2
6 12852 2
6 2105 2
6 5690 1
6 2108 1
6 2109 1
6 2113 4
6 12354 1
6 1094 1
6 15439 1
6 15441 1
6 21586 1
6 10846 1
6 7952 1
6 7867 1
6 10857 1
6 9331 1
6 19572 1
6 11893 1
6 19582 1
6 15491 1
6 13969 1
6 7827 1
6 14492 1
6 12446 1
6 18080 1
6 8764 1
6 681 1
6 22188 1
6 15903 1
6 19133 1
6 11969 1
6 7370 1
6 12151 1
6 14032 1
6 4309 2
6 4831 1
6 16608 1
6 745 1
6 5246 1
6 14584 1
6 15609 1
6 4868 2
6 22282 1
6 4364 1
6 21264 1
6 10016 1
6 14646 1
6 3636 1
6 7483 1
6 16702 1
6 831 1
6 12103 1
6 14677 1
6 21305 1
6 18267 2
6 19808 1
6 22369 2
6 15205 1
6 20329 1
6 10727 1
6 10096 1
6 373 1
6 15849 1
6 14713 1
6 7547 1
6 1405 1
6 10631 1
6 17818 1
6 20384 1
6 15266 2
6 5276 1
6 7600 1
6 1459 1
6 22464 3
6 13255 2
6 19401 1
6 7635 2
6 6108 1
6 3041 1
6 18919 1
6 4073 1
6 7147 1
6 5660 1
6 11760 2
6 10225 1
6 11252 1
6 4602 1
6 6651 1
6 18940 1
6 5118 1
7 6148 1
7 4438 1
7 11275 1
7 4622 1
7 13839 1
7 17424 2
7 15448 1
7 17428 1
7 13846 2
7 18521 1
7 16414 1
7 18975 1
7 11815 1
7 1067 1
7 8236 1
7 8541 1
7 11832 1
7 1716 1
7 3131 1
7 4668 1
7 9072 3
7 15432 1
7 1099 1
7 9804 1
7 9807 1
7 21586 3
7 4691 2
7 4695 1
7 5208 1
7 89 1
7 1626 1
7 4589 1
7 9820 1
7 18528 1
7 18529 1
7 7778 1
7 18532 1
7 7782 1
7 3691 1
7 14448 2
7 1140 4
7 1141 1
7 14969 2
7 14970 1
7 11902 1
7 12930 1
7 5251 1
7 5764 1
7 7306 1
7 655 1
7 659 1
7 4756 1
7 6809 1
7 15673 1
7 11422 1
7 2207 1
7 17568 1
7 13985 1
7 13986 1
7 13475 1
7 13476 1
7 4263 1
7 16049 1
7 20148 1
7 13493 1
7 10938 1
7 20155 1
7 18108 1
7 19133 5
7 7870 1
7 12994 1
7 20168 1
7 13514 2
7 9423 1
7 17784 1
7 20690 1
7 3796 1
7 20695 7
7 9432 1
7 22234 3
7 10972 1
7 1757 1
7 14046 1
7 13537 1
7 21227 1
7 22252 2
7 15826 1
7 1918 1
7 3321 5
7 17659 1
7 18686 1
7 8449 2
7 4867 1
7 4868 1
7 2310 1
7 17163 2
7 4364 1
7 15119 1
7 2839 4
7 2841 3
7 572 1
7 7463 1
7 5935 1
7 17451 1
7 19253 1
7 2416 1
7 21305 5
7 11066 1
7 4415 1
7 21312 1
7 14148 1
7 20556 1
7 3910 1
7 15177 1
7 7498 1
7 15184 3
7 6483 1
7 14677 1
7 854 1
7 19257 1
7 19800 1
7 4441 1
7 20794 2
7 15199 1
7 5988 1
7 15209 1
7 15210 1
7 9069 6
7 21870 1
7 6511 1
7 6000 1
7 7537 1
7 12659 1
7 2936 1
7 17790 1
7 21887 1
7 19840 1
7 5509 1
7 16775 1
7 1420 1
7 12013 1
7 20882 2
7 4509 5
7 4510 1
7 20384 2
7 15266 1
7 6982 1
7 15273 1
7 11692 1
7 7600 1
7 1458 1
7 4020 1
7 17737 1
7 22464 3
7 11714 1
7 13255 1
7 5232 1
7 1482 1
7 20429 1
7 9167 4
7 14289 1
7 7634 1
7 9171 1
7 4056 1
7 4569 1
7 10206 1
7 8685 1
7 16367 2
7 3060 1
7 502 1
7 11263 1
8 12288 2
8 4612 2
8 6 1
8 8 1
8 11436 1
8 11275 6
8 16398 1
8 15376 1
8 19478 2
8 19460 1
8 17435 2
8 7400 1
8 16414 1
8 18975 1
8 16416 3
8 2224 1
8 18267 1
8 4132 1
8 16902 1
8 38 1
8 13863 1
8 11821 1
8 20016 1
8 18483 1
8 1076 1
8 19124 2
8 5691 2
8 4668 3
8 12349 1
8 13887 1
8 19520 1
8 17163 3
8 7236 1
8 2633 1
8 2122 1
8 11851 1
8 12878 1
8 9807 14
8 21586 2
8 10851 1
8 7765 1
8 15448 1
8 1626 1
8 8797 2
8 95 3
8 96 1
8 17424 1
8 15971 1
8 13182 1
8 3688 2
8 3691 1
8 18540 1
8 21102 1
8 11887 1
8 5232 1
8 1139 2
8 5246 1
8 16832 1
8 13334 2
8 18567 1
8 14475 2
8 21645 1
8 2704 1
8 17041 8
8 4247 1
8 6809 1
8 16030 1
8 2207 3
8 1136 2
8 20642 1
8 13478 1
8 6824 1
8 683 1
8 22188 1
8 9901 1
8 8878 1
8 10928 1
8 18632 1
8 16051 1
8 17588 2
8 8378 2
8 18108 5
8 19133 2
8 12481 1
8 13174 1
8 20168 3
8 5321 1
8 13516 1
8 2936 1
8 10452 1
8 10453 1
8 20695 6
8 22232 1
8 22234 1
8 19166 1
8 14047 3
8 5352 1
8 14448 2
8 5354 1
8 4647 1
8 12013 1
8 6900 1
8 13950 1
8 13255 1
8 3796 1
8 17688 4
8 15216 1
8 9601 1
8 3339 1
8 20236 1
8 6414 1
8 276 2
8 2839 2
8 2840 1
8 2841 2
8 7471 1
8 8993 1
8 5929 1
8 5935 1
8 8502 3
8 5433 1
8 15674 1
8 4831 1
8 16195 1
8 12659 1
8 16197 4
8 21841 1
8 14677 1
8 21305 2
8 7514 1
8 8539 1
8 19258 1
8 22368 1
8 22369 2
8 1895 2
8 5993 1
8 9069 4
8 9072 2
8 7537 1
8 12147 2
8 7540 1
8 16758 1
8 20343 1
8 8568 1
8 14714 1
8 18154 1
8 11134 1
8 14721 1
8 16773 1
8 7570 1
8 7344 1
8 10636 1
8 4493 1
8 20882 4
8 19524 1
8 11692 1
8 2464 1
8 14753 1
8 15266 1
8 9637 1
8 9638 2
8 7593 1
8 22297 1
8 18862 1
8 17840 1
8 18865 4
8 7584 1
8 10679 2
8 8636 3
8 22464 2
8 20384 3
8 13763 2
8 7109 2
8 13767 1
8 11723 1
8 15820 1
8 13986 1
8 9167 2
8 7633 2
8 18510 1
8 19254 1
8 11742 1
8 20389 1
8 12625 1
8 494 1
8 15856 1
8 8184 1
8 6652 1
8 16893 1
9 15874 2
9 19460 1
9 1545 1
9 11275 2
9 14475 1
9 16414 1
9 16416 1
9 3620 1
9 8749 1
9 7216 1
9 12852 1
9 18488 2
9 4668 4
9 12349 1
9 18505 1
9 9807 6
9 8797 1
9 95 2
9 1136 1
9 625 1
9 6770 3
9 3702 1
9 17172 1
9 13444 1
9 4235 1
9 17041 2
9 2207 1
9 4264 1
9 4267 2
9 22188 1
9 1138 2
9 16049 1
9 15539 1
9 19126 1
9 8378 1
9 18108 4
9 19133 2
9 1735 1
9 22220 1
9 13514 1
9 20343 1
9 13516 1
9 3285 1
9 20695 6
9 22232 2
9 14047 2
9 740 1
9 4884 1
9 15096 1
9 16651 2
9 276 2
9 2839 4
9 17688 1
9 2841 3
9 13088 1
9 12076 1
9 5936 1
9 10035 1
9 19257 1
9 4414 1
9 16195 1
9 16196 2
9 16197 1
9 16199 1
9 17740 1
9 12625 1
9 11603 1
9 21305 2
9 6489 1
9 18267 3
9 8549 1
9 1895 2
9 9069 3
9 6512 1
9 10097 1
9 16758 2
9 16759 1
9 7550 1
9 7552 1
9 14721 1
9 18818 1
9 905 1
9 22415 2
9 13718 1
9 15774 2
9 21408 1
9 15777 1
9 16301 1
9 18865 1
9 22464 5
9 20384 1
9 9666 1
9 4547 2
9 14286 1
9 9167 4
9 464 1
9 4577 1
9 12778 1
9 10225 1
10 12288 1
10 16387 2
10 6148 1
10 12461 1
10 7553 1
10 13331 1
10 18964 1
10 15278 1
10 13334 1
10 4635 1
10 18975 2
10 20000 1
10 11298 1
10 20519 1
10 22571 1
10 15404 1
10 12343 1
10 7225 1
10 20547 1
10 1206 2
10 1609 1
10 587 1
10 11342 1
10 16915 1
10 10833 1
10 7764 1
10 13398 3
10 1627 1
10 7263 1
10 19553 1
10 15971 2
10 7782 1
10 21094 1
10 3691 1
10 18028 1
10 13937 1
10 14475 1
10 1140 2
10 1141 2
10 6790 1
10 5768 1
10 4235 1
10 13452 1
10 11917 1
10 13969 1
10 4756 1
10 20630 1
10 10392 1
10 671 1
10 13985 1
10 17577 1
10 13255 1
10 7341 1
10 16054 1
10 9247 1
10 19133 1
10 7870 1
10 1216 1
10 13515 1
10 15567 1
10 5840 1
10 18130 1
10 10963 1
10 4310 1
10 20695 5
10 22232 1
10 22234 1
10 10972 1
10 18148 1
10 21228 1
10 20690 1
10 22262 1
10 3321 3
10 2812 1
10 5885 1
10 2327 1
10 15617 1
10 4867 1
10 4868 2
10 17671 1
10 16650 1
10 17163 1
10 11992 1
10 11027 1
10 4884 1
10 21782 1
10 2839 1
10 2841 1
10 10014 1
10 14725 1
10 19238 1
10 7463 1
10 11564 1
10 18222 1
10 5935 1
10 16694 1
10 21305 1
10 4414 1
10 7487 1
10 17218 1
10 20803 1
10 22343 1
10 17225 1
10 6711 1
10 3408 1
10 12625 1
10 9047 1
10 6489 1
10 18267 1
10 9566 1
10 15723 1
10 9069 2
10 6000 1
10 12659 1
10 7540 1
10 2936 1
10 17788 1
10 13697 1
10 3973 1
10 16775 2
10 396 1
10 20882 3
10 3992 3
10 8607 2
10 20384 1
10 11180 1
10 16302 1
10 15290 1
10 7101 1
10 14270 1
10 22464 3
10 673 1
10 8652 1
10 9167 1
10 7633 1
10 8660 1
10 15609 1
10 8683 2
10 8685 1
10 494 1
10 13807 1
10 20465 1
10 16373 1
10 16374 1
10 4601 2
10 6651 1
10 6141 1
11 12288 3
11 16387 1
11 12805 1
11 16390 2
11 8449 1
11 12296 1
11 13834 1
11 20459 1
11 22032 1
11 86 1
11 22557 1
11 4438 1
11 33 1
11 8228 1
11 12325 1
11 20519 2
11 3629 2
11 16430 1
11 16431 1
11 7216 1
11 18952 1
11 16434 1
11 17971 1
11 12852 1
11 17973 1
11 54 1
11 1591 1
11 13881 2
11 13882 1
11 3649 1
11 67 1
11 3652 2
11 7237 1
11 15432 2
11 18505 3
11 1099 1
11 588 3
11 13389 1
11 21586 2
11 13398 2
11 15448 1
11 92 1
11 94 1
11 18528 1
11 10096 1
11 15971 2
11 9831 1
11 8892 1
11 21610 1
11 21613 2
11 3182 1
11 5821 1
11 20080 1
11 1141 1
11 7287 1
11 276 1
11 11898 1
11 14649 1
11 1153 1
11 12930 3
11 5764 1
11 1670 1
11 22209 1
11 12426 1
11 1163 1
11 18114 1
11 7823 1
11 3217 1
11 659 1
11 10862 1
11 6811 1
11 4252 1
11 14495 1
11 17569 1
11 22220 1
11 13255 1
11 22188 1
11 15534 1
11 16054 1
11 5321 2
11 20155 1
11 700 1
11 19133 4
11 12481 2
11 15042 1
11 13516 1
11 13514 2
11 16588 1
11 5838 1
11 8401 1
11 20690 1
11 3796 1
11 4310 1
11 20695 1
11 11482 1
11 14046 1
11 4831 1
11 6372 1
11 17637 1
11 7889 1
11 13863 1
11 748 1
11 19183 1
11 1266 1
11 15617 2
11 14595 1
11 4868 1
11 7433 1
11 4364 4
11 17170 1
11 15216 1
11 21782 3
11 284 1
11 15135 1
11 18209 1
11 1158 1
11 7463 1
11 15666 1
11 16691 1
11 6965 1
11 16694 1
11 14136 1
11 21305 4
11 17216 1
11 1590 1
11 8013 1
11 12625 2
11 2387 1
11 14677 1
11 15190 1
11 9047 1
11 22369 1
11 6500 1
11 6695 1
11 13969 1
11 8553 1
11 9069 5
11 15339 1
11 9072 2
11 7537 2
11 13682 1
11 7540 1
11 12151 1
11 12665 1
11 897 1
11 11651 1
11 16775 2
11 20882 1
11 3992 1
11 17818 1
11 1437 1
11 15774 1
11 8607 1
11 13730 1
11 8105 1
11 4011 1
11 21425 1
11 1465 2
11 671 1
11 18876 3
11 16831 1
11 22464 1
11 18882 5
11 16835 1
11 13766 1
11 20935 1
11 8268 1
11 10449 1
11 5069 1
11 7633 1
11 9684 1
11 9691 1
11 16348 1
11 6622 1
11 18911 1
11 15338 1
11 8683 1
11 8685 1
11 8687 1
11 15856 1
11 14324 1
11 16891 1
11 12799 2
12 12288 3
12 11832 1
12 9 2
12 7690 1
12 13837 1
12 22032 1
12 6674 1
12 8724 1
12 7704 1
12 13850 1
12 13851 1
12 22557 2
12 3621 1
12 6694 1
12 3115 2
12 16430 1
12 14969 1
12 1076 1
12 13880 1
12 11444 3
12 4668 1
12 20547 1
12 17484 1
12 83 1
12 7765 1
12 13398 1
12 15448 1
12 20057 1
12 1626 1
12 95 2
12 96 2
12 15971 2
12 7780 1
12 18030 1
12 5232 1
12 1650 1
12 1141 2
12 7287 1
12 17017 1
12 4219 1
12 6269 1
12 1153 1
12 12930 2
12 13444 1
12 13445 1
12 6790 1
12 12937 1
12 139 1
12 12429 1
12 7823 1
12 3217 2
12 9875 2
12 10900 1
12 19607 1
12 13978 1
12 5793 1
12 7707 1
12 13478 1
12 6770 2
12 17072 1
12 4276 1
12 6345 1
12 11449 1
12 19133 3
12 11969 1
12 15042 2
12 5321 1
12 12663 1
12 20687 1
12 21202 1
12 4235 1
12 20695 7
12 15579 1
12 15590 1
12 19183 1
12 1304 1
12 18174 1
12 7637 2
12 1280 1
12 3627 1
12 4868 1
12 773 1
12 2310 1
12 5391 1
12 5934 1
12 2839 2
12 17688 1
12 4377 1
12 284 2
12 14725 1
12 11040 1
12 19238 1
12 2344 1
12 1415 2
12 1836 1
12 18222 1
12 12933 2
12 19254 1
12 21305 3
12 15754 1
12 6976 3
12 3395 3
12 16196 1
12 22344 1
12 17225 1
12 8013 1
12 21841 1
12 18260 1
12 19804 1
12 22368 1
12 1895 1
12 9072 2
12 19124 1
12 12151 1
12 12666 1
12 7552 1
12 4485 2
12 1414 1
12 16775 1
12 8585 1
12 20874 2
12 20877 1
12 2541 1
12 20882 1
12 3991 4
12 1945 1
12 12188 1
12 8607 2
12 4002 2
12 14664 1
12 10162 1
12 1465 1
12 17339 2
12 11714 1
12 19396 1
12 14789 1
12 9167 2
12 3536 3
12 7122 1
12 3541 1
12 14807 1
12 5085 1
12 10206 1
12 18911 1
12 12625 1
12 15849 2
12 8683 1
12 8685 1
12 16373 1
12 4603 1
13 12673 1
13 12930 1
13 4227 1
13 12933 2
13 1673 1
13 14475 1
13 4589 1
13 17424 1
13 9105 1
13 5394 1
13 14595 1
13 4756 1
13 13846 1
13 3991 1
13 3992 1
13 2841 1
13 7897 1
13 16367 1
13 12446 1
13 20384 1
13 14753 1
13 10972 1
13 9817 1
13 22186 1
13 15273 1
13 22442 1
13 3115 1
13 22188 1
13 17046 1
13 5935 1
13 7223 1
13 19258 1
13 6976 1
13 18505 1
13 13507 1
13 18209 1
13 588 1
13 16588 1
13 20303 1
13 3536 1
13 20690 1
13 6511 1
13 8660 1
13 7637 1
13 13398 1
13 20695 1
13 18393 1
13 22234 1
13 22364 1
13 15199 1
13 18528 1
13 7888 1
13 2667 1
13 1764 1
13 18022 1
13 7655 1
13 20300 1
13 2761 1
13 10859 1
13 9453 1
13 4719 1
13 9832 1
13 13516 1
13 9875 1
13 17012 1
13 8062 1
13 20569 1
13 12151 1
13 13819 1
13 4221 1
13 4222 1
13 10453 1
14 13316 1
14 8 1
14 17435 1
14 14369 3
14 11298 4
14 3621 1
14 9261 1
14 16430 2
14 9268 1
14 22071 1
14 572 1
14 1076 1
14 22368 1
14 18505 1
14 11850 1
14 587 2
14 588 1
14 21586 1
14 15444 1
14 85 1
14 13398 1
14 15448 1
14 3171 1
14 13418 1
14 2407 1
14 21613 1
14 18030 2
14 6770 1
14 1140 2
14 10360 1
14 3201 1
14 8641 1
14 13451 1
14 2704 1
14 17688 1
14 17046 1
14 6809 1
14 14492 1
14 14493 1
14 17569 1
14 7330 1
14 5795 1
14 17576 1
14 22188 1
14 19133 4
14 13508 2
14 20168 1
14 5321 1
14 13514 1
14 13516 2
14 10453 2
14 20695 3
14 10972 2
14 10973 1
14 19174 1
14 8425 1
14 21228 1
14 12013 1
14 10484 1
14 16120 1
14 3321 2
14 7220 1
14 20450 1
14 770 1
14 4868 2
14 1798 1
14 20234 1
14 4364 1
14 5400 1
14 11040 1
14 12585 1
14 15666 1
14 7992 1
14 21305 3
14 4417 1
14 6979 1
14 14306 1
14 15184 1
14 12625 1
14 14677 1
14 18267 1
14 7520 1
14 17251 1
14 15207 1
14 3217 1
14 9069 1
14 13681 1
14 21874 1
14 16762 1
14 8255 1
14 8062 1
14 11135 1
14 1924 1
14 16775 1
14 10120 1
14 15754 1
14 10636 1
14 9105 2
14 3991 1
14 11672 1
14 12190 1
14 9122 1
14 22442 1
14 18865 1
14 11708 1
14 15808 1
14 4033 1
14 1099 1
14 13255 1
14 13388 2
14 15820 1
14 14498 1
14 9167 1
14 13776 1
14 5085 1
14 9695 1
14 3408 1
14 19938 1
14 3047 1
14 8683 1
14 4589 1
14 11760 1
14 11765 1
14 7672 1
14 6652 2
15 15361 1
15 17067 1
15 19464 1
15 22032 1
15 17435 1
15 5149 1
15 15903 1
15 3626 1
15 8236 1
15 3629 1
15 6702 1
15 7176 1
15 7219 1
15 7220 1
15 1716 1
15 8255 1
15 22082 1
15 15432 1
15 13388 2
15 12878 1
15 12880 1
15 13398 1
15 15448 1
15 602 3
15 18528 1
15 17506 1
15 15971 1
15 8892 1
15 22122 1
15 14448 1
15 13937 1
15 1140 1
15 9662 1
15 13418 1
15 21634 1
15 3203 1
15 15495 2
15 9873 2
15 683 1
15 19124 2
15 5819 1
15 15548 1
15 19133 3
15 13508 1
15 11461 1
15 20167 2
15 8397 2
15 10453 1
15 11992 1
15 15579 1
15 8425 1
15 12013 1
15 3881 1
15 3321 1
15 20218 1
15 14592 1
15 7938 1
15 4868 1
15 2309 1
15 4364 1
15 7952 1
15 15064 1
15 21781 1
15 18200 1
15 18205 1
15 6950 1
15 7463 1
15 5929 1
15 12076 1
15 3886 1
15 18229 1
15 17207 1
15 21305 2
15 6979 1
15 15177 1
15 15184 1
15 12625 1
15 6995 1
15 14677 2
15 57 1
15 22368 2
15 21861 1
15 3217 1
15 364 1
15 9069 1
15 879 1
15 8054 1
15 4986 1
15 15935 1
15 8062 1
15 1922 1
15 16775 1
15 395 1
15 12354 1
15 2966 1
15 11672 1
15 15266 1
15 15268 1
15 19366 1
15 16301 1
15 12734 1
15 7103 1
15 22464 1
15 588 2
15 1482 1
15 9167 1
15 9687 1
15 22494 1
15 5600 1
15 19938 1
15 11771 1
15 13295 2
15 11760 1
15 3058 1
15 11765 1
15 7670 2
15 7672 2
15 505 1
15 6651 1
16 12288 1
16 15874 1
16 19460 1
16 16902 1
16 2057 1
16 11789 1
16 22032 1
16 11293 1
16 13858 1
16 1578 1
16 1068 1
16 3629 2
16 1074 1
16 7220 1
16 57 1
16 13887 1
16 1600 1
16 588 1
16 13389 1
16 18004 1
16 18005 1
16 10862 1
16 21617 1
16 6770 1
16 1140 1
16 6777 1
16 4218 1
16 10876 1
16 3203 1
16 15494 1
16 14475 1
16 20625 1
16 18071 1
16 11422 1
16 19619 1
16 17576 1
16 17066 1
16 22188 1
16 17071 1
16 19124 1
16 3765 1
16 13428 2
16 19133 2
16 7371 1
16 13516 1
16 17209 1
16 15566 1
16 7888 1
16 718 1
16 10972 1
16 4831 1
16 13537 1
16 6375 1
16 14060 1
16 12535 1
16 15096 1
16 3321 1
16 18174 1
16 1280 1
16 8961 1
16 14595 1
16 4868 1
16 12673 1
16 8236 1
16 2314 1
16 4364 1
16 14622 1
16 8993 1
16 6947 1
16 2344 1
16 1833 1
16 1844 1
16 21305 1
16 10975 1
16 1856 1
16 17737 1
16 21324 1
16 3408 2
16 21841 1
16 9047 1
16 21848 1
16 2394 1
16 1376 1
16 14139 1
16 19816 1
16 5994 1
16 9583 1
16 15216 1
16 13697 1
16 10631 1
16 22252 1
16 3978 1
16 20882 1
16 12189 1
16 4014 1
16 1459 1
16 7608 1
16 6076 1
16 22464 1
16 13255 1
16 15310 1
16 18391 1
16 9691 1
16 10727 1
16 15849 1
16 16373 1
16 7670 3
16 6652 1
17 12288 1
17 8449 1
17 22032 2
17 19478 1
17 8216 1
17 3621 1
17 13863 1
17 555 1
17 13357 1
17 18481 1
17 7219 2
17 1076 1
17 13877 1
17 2105 1
17 8253 1
17 14398 2
17 14408 1
17 17484 3
17 17485 1
17 21586 3
17 22100 3
17 15448 2
17 92 2
17 93 1
17 94 1
17 17424 1
17 15971 1
17 19556 1
17 1648 1
17 13425 1
17 15481 1
17 5755 1
17 3197 1
17 21781 1
17 13952 1
17 13760 1
17 10883 1
17 8214 1
17 17260 1
17 13963 1
17 18068 1
17 4761 1
17 15002 1
17 16539 1
17 12446 1
17 13424 1
17 13937 1
17 9901 1
17 17070 1
17 10928 1
17 19124 3
17 4795 1
17 18108 1
17 19133 4
17 4287 1
17 8898 1
17 1733 1
17 5321 1
17 20689 1
17 20695 1
17 22234 1
17 18140 1
17 8421 1
17 4326 1
17 745 1
17 19180 1
17 19183 3
17 20725 1
17 5368 2
17 18686 2
17 5760 1
17 14082 1
17 14595 1
17 16649 1
17 16651 1
17 4364 1
17 3629 1
17 18197 1
17 21782 1
17 2327 1
17 1818 2
17 20270 1
17 16691 1
17 21305 3
17 15675 1
17 16199 1
17 1136 1
17 4432 1
17 22353 3
17 8531 1
17 1375 1
17 8041 1
17 11628 1
17 9069 2
17 14397 4
17 17788 1
17 1917 1
17 15752 1
17 15754 1
17 17291 1
17 10641 1
17 4502 1
17 3992 1
17 21319 1
17 9645 1
17 2990 1
17 15794 1
17 16308 1
17 22464 1
17 7397 1
17 7110 1
17 21968 1
17 14289 1
17 12760 1
17 18907 1
17 1501 1
17 19939 1
17 17892 1
17 7655 1
17 15338 1
17 3061 1
17 1532 1
17 12799 1
18 12288 1
18 5504 1
18 15874 1
18 4231 1
18 16649 1
18 14475 1
18 16012 1
18 5005 1
18 3636 1
18 22032 1
18 9873 1
18 11449 1
18 21295 1
18 11496 2
18 8606 1
18 7455 1
18 7584 1
18 9122 1
18 20260 1
18 8229 1
18 4263 1
18 6826 1
18 16811 1
18 12716 1
18 18162 1
18 5551 1
18 6833 1
18 16434 1
18 19124 1
18 16684 1
18 16694 1
18 5815 1
18 11832 1
18 1593 1
18 11855 1
18 18975 1
18 4668 1
18 4496 1
18 20384 1
18 962 1
18 15499 1
18 20165 1
18 21958 1
18 13127 2
18 20168 1
18 8887 1
18 12663 1
18 12333 1
18 15567 1
18 10320 1
18 15864 1
18 8275 1
18 19285 1
18 8236 1
18 13113 1
18 7897 1
18 474 1
18 18267 1
18 698 1
18 22369 1
18 15971 1
18 15976 1
18 8041 1
18 14495 1
18 17135 1
18 11760 2
18 21617 1
18 9074 2
18 2387 1
18 21364 1
18 246 1
18 503 1
18 12852 1
18 13984 1
18 15402 1
18 1918 1
19 15874 1
19 19460 1
19 16367 1
19 17424 2
19 19478 1
19 19479 1
19 13316 2
19 15903 1
19 16049 2
19 11817 1
19 3629 1
19 12852 1
19 7224 1
19 4668 1
19 15425 1
19 11846 1
19 588 3
19 11855 1
19 21586 1
19 7764 1
19 7768 1
19 93 1
19 7782 1
19 22119 1
19 10857 1
19 7783 1
19 13933 1
19 10862 1
19 14448 1
19 10867 1
19 5748 1
19 5993 1
19 15994 1
19 4219 1
19 703 1
19 15486 1
19 277 1
19 13452 1
19 13969 1
19 13763 1
19 6824 1
19 6826 2
19 10927 1
19 20168 3
19 19124 3
19 10938 1
19 21962 1
19 2239 1
19 12481 1
19 20165 2
19 18632 5
19 13514 1
19 14032 1
19 14033 2
19 5331 2
19 7897 1
19 7396 1
19 8421 2
19 11496 3
19 22008 1
19 22262 1
19 18174 1
19 19718 1
19 20234 1
19 20235 1
19 4364 3
19 20237 1
19 11821 1
19 1813 1
19 17688 1
19 281 1
19 6938 1
19 11040 1
19 21295 2
19 8502 1
19 20794 2
19 16701 1
19 15166 1
19 6464 1
19 12625 2
19 14677 5
19 9047 1
19 18267 1
19 22369 1
19 20329 1
19 19943 1
19 9069 2
19 6511 1
19 12656 1
19 5352 1
19 9074 1
19 12659 1
19 14709 1
19 21878 1
19 1918 1
19 8063 1
19 5504 2
19 698 1
19 16774 1
19 7559 1
19 7564 1
19 4496 6
19 8602 1
19 8603 1
19 4509 1
19 20384 2
19 21409 1
19 420 1
19 1445 1
19 11692 1
19 7600 1
19 8626 1
19 8636 1
19 1984 1
19 11714 1
19 4547 1
19 21957 1
19 15818 1
19 17360 1
19 8184 1
19 7634 2
19 14807 1
19 21841 1
19 12779 1
19 15855 1
19 4296 1
19 11762 1
19 3060 1
19 20472 1
19 11771 1
19 6652 1
20 5632 1
20 9729 1
20 13316 1
20 15532 1
20 1546 1
20 19480 1
20 18460 2
20 11817 1
20 11821 1
20 12343 1
20 4668 1
20 12351 2
20 12352 7
20 12354 2
20 8778 1
20 1099 1
20 588 1
20 13901 1
20 21586 1
20 7767 1
20 3171 1
20 10854 1
20 3176 1
20 10857 1
20 13937 1
20 1650 1
20 1651 1
20 5993 3
20 17016 1
20 14969 1
20 5764 1
20 19589 2
20 13969 2
20 6290 1
20 6809 2
20 14492 1
20 14493 1
20 12446 1
20 6000 1
20 13986 1
20 4263 1
20 6824 1
20 6826 1
20 17067 2
20 2220 1
20 6770 1
20 21679 1
20 16049 3
20 19124 3
20 3258 1
20 10939 1
20 7870 1
20 703 1
20 10436 1
20 20165 1
20 18632 4
20 9417 1
20 17015 1
20 14032 1
20 22232 2
20 5337 1
20 22234 2
20 15579 1
20 4831 2
20 10976 1
20 7905 1
20 18148 1
20 11496 4
20 6377 3
20 18154 1
20 22252 1
20 10996 1
20 2812 1
20 18686 1
20 14081 1
20 4364 2
20 13069 2
20 6414 1
20 7952 1
20 11992 1
20 18706 1
20 13444 1
20 6940 1
20 8989 1
20 10530 1
20 5929 1
20 18222 1
20 21295 2
20 7477 1
20 2873 1
20 6464 1
20 18144 1
20 7563 1
20 22340 1
20 20813 1
20 12625 6
20 10066 1
20 2387 1
20 11604 1
20 14677 6
20 857 1
20 14176 1
20 7523 1
20 3217 2
20 11113 1
20 4330 1
20 15216 1
20 7537 1
20 16242 1
20 1909 1
20 1910 1
20 375 1
20 893 1
20 17790 1
20 5504 3
20 8512 1
20 14725 1
20 11244 1
20 4491 1
20 10638 1
20 4496 2
20 15854 1
20 7579 1
20 15266 1
20 18851 1
20 420 1
20 18862 1
20 15279 1
20 11708 1
20 22464 1
20 21957 1
20 21961 2
20 9167 1
20 7633 1
20 7637 1
20 7638 1
20 15268 1
20 10206 2
20 19938 1
20 19943 1
20 15849 1
20 20168 2
20 11858 1
20 16366 1
20 4601 2
20 11771 1
20 6652 2
20 8702 1
21 15874 2
21 19460 3
21 12805 1
21 16902 1
21 17068 1
21 13834 2
21 13838 1
21 17424 2
21 19476 3
21 8156 1
21 19478 1
21 19479 1
21 13849 1
21 6685 1
21 10783 1
21 4128 1
21 16417 1
21 18141 1
21 16419 1
21 15913 1
21 15402 1
21 8236 1
21 10797 1
21 13360 1
21 18482 1
21 4668 9
21 11837 1
21 12352 3
21 11841 2
21 19523 1
21 11817 1
21 11846 1
21 2632 1
21 18505 1
21 588 4
21 18510 1
21 591 1
21 6464 6
21 21586 2
21 10836 1
21 7765 2
21 9816 1
21 603 1
21 8797 1
21 18528 1
21 10854 2
21 22119 1
21 10857 6
21 10862 1
21 625 1
21 1650 1
21 10867 1
21 1141 1
21 3702 1
21 5993 1
21 10360 1
21 5246 1
21 13442 3
21 19588 1
21 6337 1
21 12937 1
21 16010 1
21 2704 1
21 15128 1
21 658 1
21 4756 1
21 10436 1
21 13979 1
21 16030 1
21 17569 1
21 5285 1
21 6824 1
21 6826 2
21 4779 1
21 15532 1
21 9901 2
21 15534 1
21 17071 1
21 16049 5
21 17075 1
21 19124 4
21 8376 1
21 698 1
21 20155 3
21 15036 1
21 19133 1
21 703 1
21 22209 1
21 18628 1
21 20165 1
21 20429 1
21 20167 1
21 18632 9
21 16588 2
21 13514 1
21 1227 1
21 22220 1
21 719 1
21 14032 1
21 5841 1
21 11478 1
21 5337 1
21 3290 1
21 15580 1
21 7901 2
21 7903 1
21 7392 1
21 8553 1
21 17127 1
21 11496 9
21 12010 1
21 22252 1
21 18162 1
21 20723 1
21 22262 1
21 5929 2
21 17148 1
21 18174 1
21 14081 1
21 7938 1
21 299 1
21 4868 1
21 20230 1
21 19720 1
21 16649 1
21 20235 1
21 4364 3
21 20237 1
21 3629 1
21 14978 1
21 18200 1
21 12570 1
21 798 1
21 20256 1
21 8892 2
21 5926 1
21 5927 1
21 6441 1
21 16683 1
21 12076 1
21 21295 3
21 5936 1
21 7476 2
21 16701 1
21 8502 2
21 21305 1
21 20794 2
21 4831 1
21 20284 1
21 7306 1
21 15166 1
21 821 1
21 17216 1
21 833 1
21 20803 1
21 22340 1
21 8518 1
21 13127 1
21 8012 1
21 20813 1
21 20303 1
21 15184 1
21 12625 2
21 2387 1
21 14677 10
21 22364 1
21 22416 1
21 7520 2
21 22369 2
21 500 1
21 19814 1
21 20329 1
21 7019 1
21 9069 1
21 14703 1
21 7536 1
21 7537 3
21 9074 1
21 12659 1
21 14709 1
21 16758 1
21 11708 1
21 1405 1
21 5504 2
21 21889 1
21 16772 2
21 16774 1
21 15751 1
21 13704 1
21 4491 1
21 7564 1
21 4496 8
21 20882 1
21 15763 1
21 4500 1
21 9621 1
21 3479 1
21 21912 1
21 1945 1
21 8602 2
21 13723 1
21 4509 1
21 15774 1
21 7237 1
21 21408 1
21 9122 1
21 8603 1
21 11692 1
21 7635 1
21 15279 1
21 20168 2
21 18865 1
21 1459 1
21 12446 1
21 10679 1
21 20468 1
21 1467 1
21 8636 2
21 12734 1
21 22464 4
21 16833 1
21 11714 3
21 21957 1
21 15432 1
21 8141 1
21 9167 2
21 22008 1
21 19411 1
21 16195 1
21 11855 1
21 7559 1
21 3408 1
21 8684 1
21 11760 1
21 11762 1
21 3060 1
21 16373 2
21 502 1
21 8184 2
22 12288 1
22 13316 1
22 4623 1
22 17424 1
22 11292 1
22 22557 1
22 2078 1
22 10783 1
22 2080 1
22 7718 1
22 3627 1
22 1068 1
22 1074 1
22 3636 1
22 4668 4
22 4670 1
22 12352 3
22 12354 1
22 15432 1
22 18505 1
22 15434 2
22 588 1
22 13113 1
22 12369 1
22 11858 1
22 7767 1
22 15448 2
22 1626 2
22 7771 1
22 22032 1
22 15971 1
22 8636 1
22 16592 1
22 3711 1
22 13969 1
22 20626 1
22 3227 1
22 12446 1
22 20642 2
22 15217 1
22 6826 5
22 17067 1
22 9901 1
22 16049 4
22 19124 5
22 698 2
22 19133 1
22 18628 1
22 20165 2
22 6342 1
22 18632 9
22 18633 1
22 13514 1
22 719 2
22 14032 1
22 5331 1
22 5332 1
22 22232 3
22 7897 1
22 18140 1
22 7901 1
22 14047 1
22 10977 1
22 22245 1
22 7399 1
22 11496 4
22 5353 1
22 15096 1
22 14596 1
22 16650 1
22 4364 3
22 13069 1
22 17688 1
22 21295 3
22 10525 1
22 7455 1
22 18208 1
22 17185 1
22 1827 1
22 7460 1
22 7471 1
22 8502 2
22 21305 1
22 6464 1
22 4418 1
22 16197 1
22 8012 3
22 15184 1
22 12625 2
22 14677 2
22 855 1
22 18267 10
22 16223 1
22 22369 2
22 8550 1
22 9069 1
22 7537 1
22 7241 1
22 20343 2
22 1918 2
22 9600 2
22 15754 1
22 7563 1
22 4496 9
22 20114 1
22 19363 1
22 10679 2
22 11193 1
22 11708 1
22 21949 1
22 17854 1
22 21957 4
22 7633 1
22 6106 1
22 5352 1
22 13979 3
22 16758 1
22 20168 2
22 16367 1
22 11760 1
22 503 1
22 15864 2
22 6652 1
23 15874 1
23 19460 2
23 7686 1
23 9223 1
23 18952 1
23 11436 1
23 4623 1
23 17424 1
23 15532 1
23 13844 1
23 18862 1
23 3588 2
23 17435 1
23 22557 1
23 15903 1
23 16417 1
23 3621 1
23 1063 1
23 8236 2
23 3629 1
23 20232 1
23 1074 1
23 11832 1
23 22585 2
23 572 1
23 13887 1
23 12352 2
23 7776 1
23 10818 1
23 15627 1
23 13892 1
23 588 3
23 21586 1
23 18005 1
23 15448 1
23 89 2
23 13914 1
23 11870 1
23 18528 2
23 7777 1
23 15279 1
23 12391 1
23 18108 1
23 22119 1
23 13937 1
23 6260 1
23 20329 1
23 6264 1
23 5246 1
23 20095 1
23 14978 1
23 15491 1
23 13445 1
23 11398 1
23 7306 1
23 14475 1
23 7313 1
23 6809 1
23 14492 1
23 602 1
23 19621 1
23 11431 1
23 22188 1
23 18632 4
23 16051 1
23 19124 1
23 4284 1
23 19133 4
23 9918 1
23 703 1
23 16064 1
23 22210 1
23 20165 1
23 20168 5
23 18633 3
23 13516 1
23 719 1
23 5332 1
23 19671 2
23 22232 2
23 22234 1
23 11471 1
23 19493 1
23 10464 3
23 4321 1
23 7397 1
23 6375 1
23 11496 2
23 22252 1
23 12013 1
23 12529 1
23 18162 2
23 20723 1
23 15096 1
23 17108 1
23 2812 1
23 18686 1
23 14592 1
23 770 1
23 4868 2
23 14088 1
23 2825 1
23 20234 1
23 267 1
23 4364 1
23 20237 1
23 5993 1
23 7952 2
23 4886 1
23 15128 1
23 19737 1
23 20762 1
23 797 3
23 12575 1
23 17698 1
23 7463 1
23 21295 2
23 1844 1
23 9527 1
23 2873 1
23 21642 1
23 4414 1
23 1855 1
23 320 1
23 3396 1
23 7497 1
23 20303 1
23 12625 2
23 14677 1
23 21305 2
23 18267 1
23 22368 1
23 22369 2
23 13884 1
23 5994 1
23 9069 1
23 9065 1
23 2416 1
23 9074 4
23 373 1
23 12151 1
23 1405 1
23 1918 1
23 9600 1
23 14725 2
23 1415 1
23 7560 1
23 15754 5
23 1420 2
23 4496 5
23 408 1
23 11672 1
23 13723 1
23 20384 3
23 15266 2
23 16302 1
23 5551 1
23 4019 1
23 19900 1
23 1469 1
23 12734 1
23 22464 2
23 13255 1
23 21961 1
23 13772 1
23 9169 2
23 2003 1
23 9684 1
23 9687 1
23 11737 1
23 10205 1
23 10206 1
23 19938 1
23 10728 1
23 12778 1
23 15856 2
23 3060 1
23 8184 1
23 11771 1
23 15869 1
24 9729 1
24 15874 2
24 3588 2
24 5638 1
24 14081 1
24 19464 1
24 5643 1
24 21874 1
24 13229 1
24 17424 1
24 12306 2
24 13851 1
24 22557 2
24 18975 1
24 1576 1
24 11817 1
24 1578 1
24 1067 1
24 22572 1
24 7218 1
24 3636 2
24 12341 2
24 12343 1
24 9873 1
24 22585 3
24 21330 1
24 2314 1
24 12350 2
24 13887 2
24 22369 1
24 15948 1
24 20794 1
24 12878 3
24 593 1
24 21586 2
24 19967 1
24 602 2
24 10540 1
24 22032 2
24 15971 1
24 12390 1
24 9831 2
24 10857 1
24 18540 1
24 10862 1
24 5232 1
24 6770 1
24 4030 1
24 5993 1
24 13950 1
24 16661 1
24 19588 1
24 13445 1
24 21642 5
24 13451 2
24 13452 1
24 18185 1
24 12944 1
24 3217 2
24 13970 2
24 6083 1
24 9876 2
24 13979 1
24 5790 1
24 5791 1
24 15814 1
24 4263 1
24 7850 1
24 11436 1
24 9901 1
24 15534 1
24 8989 1
24 20168 5
24 19124 1
24 13969 1
24 15903 1
24 8892 1
24 19133 5
24 10943 1
24 14016 2
24 14530 1
24 2243 1
24 11461 1
24 21702 2
24 7880 1
24 13516 1
24 5838 2
24 16333 1
24 10452 1
24 21710 1
24 19671 1
24 18140 2
24 13885 1
24 13022 1
24 4831 1
24 10464 4
24 10192 1
24 2427 1
24 18148 1
24 8421 2
24 13030 1
24 10193 1
24 5352 1
24 15593 1
24 21228 1
24 12013 1
24 20722 2
24 1918 2
24 3060 1
24 8064 1
24 14595 1
24 2309 1
24 7942 1
24 19208 1
24 2825 1
24 20234 3
24 18818 1
24 554 1
24 17681 1
24 6419 2
24 2325 1
24 19736 1
24 797 2
24 18212 1
24 20774 2
24 3880 1
24 12076 1
24 1074 1
24 18222 1
24 17202 1
24 3894 1
24 21305 5
24 10554 1
24 10976 1
24 17206 1
24 6982 2
24 17225 1
24 6988 1
24 9038 1
24 1068 1
24 22354 1
24 14677 1
24 11096 1
24 1764 1
24 18267 1
24 861 2
24 19295 1
24 22368 1
24 2704 1
24 15204 2
24 3943 1
24 9577 1
24 8043 1
24 9069 5
24 6511 1
24 7537 1
24 9074 5
24 3955 2
24 7540 1
24 13174 1
24 12151 2
24 8568 1
24 12153 1
24 3963 1
24 17266 1
24 3966 1
24 13184 1
24 13697 1
24 13186 2
24 1415 1
24 7563 1
24 1420 1
24 11662 1
24 13293 1
24 4496 2
24 20882 1
24 7571 1
24 10644 1
24 917 2
24 10646 1
24 17818 1
24 8603 1
24 17308 1
24 7582 2
24 5445 1
24 7584 2
24 15266 2
24 19364 1
24 21927 2
24 15273 1
24 4011 2
24 16301 1
24 16814 2
24 12852 1
24 500 1
24 13755 1
24 3517 1
24 12734 1
24 13759 2
24 22464 2
24 16833 2
24 16835 1
24 19398 1
24 4555 1
24 15820 1
24 17357 1
24 14800 1
24 7633 1
24 7568 1
24 7637 1
24 20303 1
24 19938 1
24 1019 1
24 4193 1
24 5097 1
24 12778 1
24 3563 1
24 11858 1
24 494 1
24 11760 1
24 3572 1
24 502 1
24 4599 1
24 7160 1
24 11771 5
24 6652 1
24 11605 1
25 8705 1
25 1538 1
25 16901 1
25 15532 1
25 7690 1
25 4433 1
25 22032 5
25 1554 2
25 20227 1
25 12825 1
25 2586 1
25 15903 2
25 1568 1
25 17840 1
25 11151 1
25 19718 3
25 6695 1
25 12329 1
25 22571 1
25 8236 1
25 3629 1
25 16430 3
25 16431 1
25 1074 1
25 12341 1
25 5687 1
25 11832 1
25 20234 1
25 6651 1
25 12354 1
25 21586 1
25 10821 1
25 18503 1
25 15432 2
25 16972 2
25 9293 1
25 12878 2
25 12880 1
25 17490 4
25 15444 1
25 12670 1
25 4694 2
25 4695 1
25 7771 1
25 6331 1
25 19556 1
25 7785 1
25 21613 1
25 12910 1
25 14448 1
25 16882 1
25 13428 1
25 3702 1
25 7481 1
25 633 1
25 15994 1
25 3197 1
25 13438 1
25 642 1
25 6787 1
25 13444 1
25 13445 4
25 6791 1
25 6792 1
25 21642 2
25 1163 2
25 13452 1
25 2704 1
25 17041 1
25 10900 1
25 12446 2
25 4293 1
25 10403 1
25 17576 1
25 10410 1
25 22188 1
25 17070 2
25 21679 1
25 4276 2
25 4744 1
25 8379 1
25 19133 6
25 14016 1
25 16075 1
25 9924 1
25 20165 1
25 20167 3
25 20168 2
25 12151 1
25 13516 1
25 4304 1
25 4818 1
25 11988 1
25 17657 1
25 22234 1
25 7089 2
25 15266 4
25 8421 1
25 5351 1
25 7400 1
25 10500 1
25 22252 1
25 7408 2
25 5416 1
25 1798 1
25 17141 1
25 15096 1
25 7380 1
25 11135 1
25 17671 1
25 8449 2
25 2310 2
25 16131 2
25 4868 1
25 20742 1
25 7943 1
25 14088 1
25 17162 1
25 4364 6
25 5390 1
25 19733 1
25 5400 1
25 19588 1
25 17185 1
25 16677 1
25 5425 1
25 10024 1
25 11134 4
25 13611 1
25 16177 1
25 17206 1
25 13113 1
25 20794 1
25 4417 1
25 8514 1
25 22340 1
25 18759 1
25 9033 1
25 12343 1
25 21305 3
25 4432 1
25 12625 5
25 2387 1
25 11604 1
25 14677 1
25 21334 1
25 12089 1
25 2394 2
25 18267 3
25 5433 1
25 22369 2
25 7010 1
25 15205 1
25 20329 1
25 15210 1
25 13293 1
25 9069 3
25 11632 1
25 13681 1
25 11122 1
25 20343 1
25 16226 1
25 8062 1
25 7039 1
25 13697 1
25 13186 1
25 8579 1
25 6020 1
25 15754 1
25 909 1
25 18831 1
25 4496 4
25 409 1
25 4506 1
25 13723 1
25 12663 2
25 4509 3
25 15774 1
25 20384 2
25 5537 1
25 9122 1
25 19364 1
25 15273 2
25 10154 2
25 12716 1
25 5618 1
25 18862 1
25 431 1
25 7088 1
25 18865 1
25 1459 1
25 13129 1
25 11192 1
25 10681 1
25 22464 3
25 11714 1
25 13763 1
25 18886 1
25 17313 1
25 15817 3
25 12746 1
25 15820 1
25 16333 1
25 9167 1
25 7634 1
25 9684 1
25 13781 1
25 7638 1
25 8663 1
25 493 1
25 10206 1
25 14306 2
25 15855 1
25 12360 1
25 15185 2
25 8684 1
25 10221 1
25 3055 2
25 7664 1
25 20648 1
25 3058 1
25 17395 1
25 502 1
25 5623 1
25 2552 1
25 8532 1
25 11771 1
25 6652 1
26 12288 1
26 1538 1
26 19460 1
26 20997 1
26 7686 1
26 13832 1
26 7690 1
26 22032 3
26 1554 1
26 2394 2
26 15903 2
26 21295 1
26 11298 1
26 12329 1
26 17451 1
26 12333 1
26 7730 1
26 12852 2
26 6713 1
26 6715 1
26 14399 1
26 21586 2
26 12870 1
26 12360 1
26 2634 1
26 587 1
26 17996 1
26 6733 1
26 12878 2
26 6925 1
26 17490 2
26 17494 1
26 1944 1
26 18528 1
26 13418 1
26 21613 1
26 21103 1
26 1140 1
26 633 1
26 13435 1
26 3711 1
26 4032 1
26 14469 1
26 3217 1
26 2706 2
26 6809 2
26 4438 1
26 17576 2
26 17577 2
26 11434 1
26 4267 1
26 7854 1
26 3759 1
26 22198 1
26 22200 1
26 6329 1
26 20155 1
26 19133 1
26 4289 1
26 20167 1
26 20343 1
26 20686 1
26 1743 1
26 22232 1
26 14046 1
26 10975 1
26 20194 1
26 22252 1
26 16120 2
26 3321 1
26 22571 1
26 4868 3
26 1798 1
26 17671 1
26 14088 2
26 20234 1
26 4364 3
26 13069 1
26 5390 1
26 15128 1
26 7451 1
26 4381 1
26 7455 1
26 11555 1
26 20774 1
26 7463 1
26 2344 1
26 20269 1
26 5935 1
26 1076 1
26 13129 2
26 3915 1
26 8012 1
26 8013 1
26 12625 2
26 11603 1
26 7508 1
26 15190 1
26 857 1
26 13658 1
26 861 1
26 15710 1
26 22368 2
26 22369 1
26 7010 1
26 7527 1
26 13293 1
26 9069 2
26 15222 1
26 12663 1
26 16175 1
26 748 1
26 3978 1
26 7055 1
26 4497 1
26 3992 2
26 22418 2
26 9111 1
26 11672 1
26 1092 1
26 4508 1
26 4509 1
26 15266 3
26 15268 1
26 9125 1
26 4011 1
26 4014 1
26 15279 1
26 16308 2
26 21430 1
26 1464 1
26 16828 1
26 8778 1
26 22464 3
26 19397 1
26 13255 1
26 9171 2
26 11733 1
26 14306 2
26 15850 1
26 8683 1
26 2541 1
26 3055 1
26 7669 1
26 20649 1
26 8184 1
26 15869 1
27 12288 1
27 1410 1
27 7684 1
27 3975 2
27 18185 3
27 1167 2
27 1168 1
27 17170 1
27 22551 7
27 281 3
27 7069 2
27 16030 1
27 15903 4
27 17312 1
27 15393 1
27 16035 1
27 18852 1
27 4263 1
27 16519 1
27 8236 1
27 11821 1
27 8238 5
27 12360 1
27 11444 2
27 5301 1
27 19126 1
27 3977 1
27 5816 1
27 11449 3
27 2747 1
27 16834 2
27 15432 3
27 8778 1
27 20686 5
27 20303 1
27 248 2
27 21586 1
27 18005 1
27 2063 2
27 10972 1
27 96 4
27 97 1
27 19131 1
27 1380 1
27 16998 2
27 873 2
27 16363 2
27 9069 1
27 16367 1
27 7409 1
27 5623 1
27 10360 1
27 5881 1
27 8187 1
28 16513 1
28 1410 1
28 7684 2
28 16519 1
28 2063 2
28 3758 1
28 22551 3
28 281 1
28 16030 1
28 15903 3
28 20384 1
28 15393 1
28 16035 1
28 3975 1
28 8236 1
28 11821 2
28 8238 3
28 21424 1
28 12360 1
28 11444 1
28 5301 3
28 11449 1
28 16834 1
28 15432 3
28 15566 1
28 20303 1
28 248 1
28 20686 1
28 603 1
28 10972 2
28 18528 1
28 97 1
28 873 1
28 1167 2
28 7409 1
28 10360 2
29 12288 1
29 7684 1
29 14725 1
29 8013 1
29 13961 1
29 20234 1
29 4364 1
29 4546 1
29 19598 1
29 1167 2
29 18004 1
29 3978 1
29 10644 1
29 16430 1
29 22551 1
29 18200 1
29 19716 1
29 21103 1
29 11292 1
29 8989 1
29 20639 1
29 20384 1
29 16035 1
29 3621 1
29 17229 1
29 11815 1
29 10408 1
29 9645 1
29 8238 1
29 14493 1
29 5448 1
29 21692 1
29 19126 1
29 8892 1
29 16661 1
29 17339 1
29 3260 1
29 1469 1
29 12481 1
29 16834 1
29 15432 2
29 15565 1
29 20686 1
29 20303 1
29 21202 1
29 8532 1
29 18005 2
29 4438 1
29 18393 1
29 19599 1
29 10206 1
29 96 1
29 22032 1
29 17312 1
29 19993 1
29 16998 2
29 10985 1
29 12010 1
29 5867 1
29 17004 1
29 13679 1
29 11760 1
29 7409 1
29 13428 1
29 12670 1
29 503 1
29 10580 1
29 15227 1
29 1918 1
29 20095 1
30 7683 1
30 18948 1
30 7690 1
30 13838 1
30 22032 2
30 10263 1
30 4868 1
30 1564 1
30 22557 1
30 22030 1
30 15903 2
30 19035 1
30 3621 1
30 1578 1
30 1067 1
30 6531 2
30 16430 1
30 16431 1
30 7216 1
30 1074 2
30 12341 1
30 11832 1
30 1092 1
30 7752 1
30 585 1
30 17485 1
30 15438 2
30 10321 1
30 15808 1
30 18005 3
30 3674 1
30 12891 2
30 8797 1
30 15459 1
30 9316 1
30 16998 2
30 22119 1
30 13418 1
30 622 1
30 13937 1
30 21619 1
30 13428 2
30 6773 1
30 6263 1
30 633 1
30 16831 1
30 9152 1
30 6786 1
30 20103 2
30 1163 1
30 21647 1
30 17041 1
30 2709 1
30 14492 1
30 10407 1
30 17066 1
30 10985 1
30 22188 1
30 12471 2
30 22200 1
30 683 1
30 2747 1
30 21692 1
30 19133 2
30 19140 1
30 20167 2
30 9247 1
30 11979 2
30 4818 2
30 3796 1
30 20694 1
30 9434 2
30 3803 1
30 10975 1
30 10467 1
30 14053 1
30 745 1
30 22252 1
30 19184 2
30 1269 1
30 11511 1
30 15097 1
30 15102 1
30 21973 1
30 14592 1
30 8449 1
30 6402 1
30 10499 2
30 19716 1
30 1798 1
30 16135 1
30 18185 1
30 4364 1
30 10515 1
30 21781 1
30 21782 3
30 18209 1
30 16677 1
30 19238 1
30 18215 1
30 20265 1
30 16434 1
30 7471 1
30 1844 1
30 13113 1
30 14653 1
30 7999 1
30 6464 2
30 8514 1
30 20291 1
30 6982 1
30 8012 1
30 20303 1
30 13649 1
30 15701 1
30 4438 1
30 5433 1
30 3215 1
30 3936 1
30 7527 1
30 11113 1
30 9069 1
30 9583 1
30 20343 1
30 21482 1
30 8579 2
30 9093 1
30 4486 1
30 16775 1
30 22421 1
30 3991 1
30 4509 3
30 4000 1
30 13730 1
30 11684 3
30 18853 1
30 15279 1
30 15432 1
30 16308 1
30 15800 1
30 19900 1
30 11710 1
30 22463 1
30 22464 4
30 20384 1
30 19396 1
30 13255 1
30 15266 1
30 9167 2
30 3536 1
30 13781 1
30 4056 1
30 10206 1
30 18911 1
30 14306 1
30 15849 1
30 7637 1
30 11760 1
30 3058 1
30 9716 1
30 18686 3
30 15868 1
30 6741 1
31 19456 1
31 19460 1
31 17424 1
31 22557 1
31 15903 8
31 21295 1
31 22571 1
31 3629 1
31 16430 1
31 12336 1
31 7217 1
31 1074 1
31 14016 1
31 1086 1
31 9791 2
31 4678 1
31 2632 1
31 585 2
31 15948 1
31 8782 1
31 15951 1
31 9809 1
31 21586 1
31 6741 1
31 603 4
31 18013 1
31 19039 1
31 18016 2
31 3169 1
31 15971 2
31 7780 1
31 18022 1
31 7785 2
31 21617 1
31 15808 1
31 7797 1
31 6265 2
31 15486 1
31 3264 1
31 20098 1
31 5764 2
31 16019 1
31 15508 1
31 15512 1
31 16030 1
31 13937 1
31 680 1
31 10410 1
31 17242 1
31 12471 1
31 15548 1
31 19133 2
31 21696 1
31 2243 1
31 20167 1
31 8908 1
31 13516 1
31 20686 1
31 17107 1
31 10453 1
31 22234 2
31 16092 1
31 15583 1
31 10464 1
31 9446 1
31 4049 2
31 9171 1
31 10996 1
31 11511 1
31 13572 1
31 14088 4
31 4364 2
31 12625 2
31 15119 2
31 7952 1
31 13073 1
31 10515 1
31 7451 1
31 8988 1
31 18209 1
31 6947 1
31 18212 3
31 7463 3
31 17706 1
31 17707 1
31 10205 2
31 2355 1
31 10553 1
31 4417 1
31 22464 1
31 18759 1
31 20809 1
31 19787 1
31 21841 1
31 14677 2
31 21334 1
31 6489 1
31 4442 1
31 18267 2
31 15709 1
31 15713 1
31 12007 1
31 9069 1
31 21870 1
31 15216 1
31 6514 1
31 20343 2
31 15225 1
31 11708 1
31 20357 1
31 15754 1
31 2394 1
31 4498 1
31 11672 2
31 22340 1
31 17312 1
31 9121 1
31 15266 3
31 18851 1
31 11684 3
31 15781 1
31 4011 1
31 9644 2
31 7600 1
31 435 1
31 13129 1
31 1464 1
31 10684 1
31 16832 2
31 20418 1
31 13255 2
31 15818 1
31 11723 1
31 13772 1
31 8141 1
31 9167 3
31 9169 2
31 2003 2
31 7637 1
31 591 1
31 5085 1
31 10206 1
31 9637 1
31 14304 1
31 7138 1
31 15185 2
31 7148 1
31 7663 1
31 5618 1
31 1525 1
31 17400 1
31 11771 1
31 18940 2
31 15359 2
32 8705 1
32 86 1
32 7688 2
32 7694 1
32 1556 1
32 18862 1
32 22551 3
32 21528 1
32 22044 1
32 22557 1
32 9247 1
32 4647 1
32 3629 1
32 3641 1
32 13884 1
32 13888 4
32 66 1
32 1094 1
32 12360 1
32 76 1
32 15438 1
32 21586 1
32 17494 1
32 15448 1
32 11870 1
32 96 1
32 7778 1
32 19131 1
32 7780 1
32 16998 1
32 1639 1
32 6760 2
32 17596 1
32 11887 1
32 13937 1
32 9331 2
32 633 1
32 19900 2
32 6269 1
32 5246 1
32 13445 1
32 18056 1
32 13963 1
32 9873 1
32 19607 1
32 5231 1
32 11461 1
32 18080 1
32 10401 1
32 10407 1
32 22188 2
32 14509 1
32 22198 1
32 12471 1
32 6331 2
32 21692 1
32 19133 2
32 13502 1
32 20165 1
32 20167 1
32 20168 1
32 12663 1
32 5324 1
32 718 1
32 20686 1
32 10467 2
32 7397 1
32 744 1
32 10985 1
32 22252 1
32 12013 2
32 15229 1
32 20722 2
32 14592 1
32 20739 1
32 2310 2
32 22282 1
32 15119 1
32 7952 1
32 18222 1
32 18200 1
32 16175 1
32 1308 1
32 18208 1
32 6946 1
32 10531 1
32 19238 1
32 10539 1
32 5934 1
32 21295 1
32 16177 1
32 17207 1
32 2873 1
32 10555 1
32 10557 1
32 15172 1
32 3910 1
32 1351 1
32 12111 1
32 15184 1
32 12625 1
32 14165 1
32 2394 1
32 22368 2
32 2407 1
32 19817 1
32 4972 1
32 9069 1
32 880 1
32 15218 5
32 6516 1
32 15849 1
32 3448 1
32 15227 1
32 4074 1
32 9621 1
32 9093 1
32 902 1
32 1415 1
32 3977 1
32 10636 1
32 15763 1
32 22421 1
32 13723 3
32 3498 1
32 4014 1
32 15279 1
32 15432 2
32 8892 1
32 3515 1
32 11708 1
32 11821 1
32 16831 1
32 18424 1
32 12878 1
32 6104 1
32 8668 1
32 10206 1
32 3552 1
32 7650 1
32 15337 1
32 15850 1
32 16366 1
32 10225 1
32 11765 1
32 5623 2
32 7672 1
32 4603 1
32 5629 1
33 12288 1
33 512 1
33 7684 3
33 86 1
33 9223 1
33 1047 1
33 15903 1
33 12325 2
33 12329 1
33 11821 1
33 8238 1
33 66 1
33 12870 5
33 588 2
33 17490 1
33 6741 1
33 17494 1
33 11870 1
33 95 2
33 96 3
33 16998 1
33 13937 2
33 6770 1
33 10360 2
33 3197 1
33 22551 4
33 1168 1
33 4249 1
33 18075 1
33 671 1
33 19619 1
33 17576 2
33 20649 1
33 11434 1
33 20651 1
33 11439 1
33 11444 1
33 11449 1
33 3258 1
33 15548 1
33 12481 1
33 4555 1
33 20686 1
33 13026 1
33 7400 1
33 1266 1
33 248 1
33 15610 1
33 19712 1
33 4364 2
33 8749 1
33 17484 1
33 281 1
33 1824 1
33 12602 1
33 17290 1
33 22340 1
33 13128 1
33 17737 1
33 12625 1
33 14677 1
33 4438 1
33 9047 1
33 2394 1
33 1883 1
33 4960 2
33 5473 1
33 1895 1
33 9069 1
33 15218 2
33 14210 1
33 16774 1
33 3978 1
33 7069 1
33 17312 1
33 9122 1
33 8611 1
33 6054 1
33 15279 1
33 1465 2
33 8636 1
33 1469 1
33 16832 1
33 76 1
33 11723 1
33 13772 1
33 16120 1
33 17370 1
33 10206 1
33 3040 1
33 3047 1
33 5623 4
33 5119 1
34 7684 1
34 17934 1
34 1048 1
34 13316 1
34 1467 2
34 15903 1
34 20012 1
34 18481 1
34 11827 1
34 12354 1
34 15432 1
34 11850 1
34 588 1
34 13389 1
34 6734 1
34 6741 1
34 15448 3
34 605 1
34 3171 1
34 3173 1
34 7785 1
34 21613 1
34 4723 1
34 17016 1
34 18045 1
34 11902 1
34 19588 1
34 13445 3
34 1167 1
34 7826 1
34 21652 1
34 9887 2
34 10408 1
34 17067 1
34 9331 1
34 12471 1
34 15035 1
34 18108 1
34 14016 1
34 2243 1
34 2244 2
34 13514 1
34 20686 1
34 11471 1
34 5329 1
34 7380 1
34 4309 1
34 14713 1
34 7905 1
34 14051 1
34 14565 1
34 21230 1
34 15434 1
34 15606 1
34 16131 1
34 4868 1
34 2309 1
34 14088 2
34 4364 3
34 10515 1
34 4884 1
34 1813 1
34 5252 1
34 7451 1
34 14469 1
34 17185 1
34 10531 2
34 5929 1
34 7471 2
34 18483 1
34 5433 1
34 20794 1
34 17290 1
34 833 1
34 12103 1
34 13129 1
34 20813 1
34 3408 1
34 12625 2
34 21330 2
34 21847 1
34 18267 5
34 7516 1
34 22366 1
34 4448 1
34 11113 1
34 8043 1
34 16238 1
34 13681 1
34 14195 1
34 12663 2
34 3220 3
34 14716 1
34 14717 1
34 1410 1
34 5000 1
34 2442 2
34 4491 1
34 4496 3
34 4497 1
34 17312 1
34 11760 1
34 9122 1
34 12716 1
34 5551 1
34 22450 1
34 4019 1
34 1466 2
34 14495 1
34 11708 1
34 1469 2
34 22464 1
34 20384 2
34 13768 1
34 13772 3
34 9684 1
34 10206 1
34 19939 1
34 13800 1
34 4074 1
34 493 1
34 15856 1
34 4086 1
34 6652 4
35 15874 1
35 19460 1
35 9733 1
35 16902 1
35 22024 2
35 7691 1
35 1044 1
35 1048 1
35 1049 1
35 22557 1
35 15903 1
35 19291 1
35 7686 1
35 6695 1
35 7516 1
35 16430 1
35 19464 1
35 17467 1
35 12352 1
35 1089 1
35 11846 1
35 15434 4
35 17290 1
35 10837 1
35 15448 5
35 14682 1
35 21608 1
35 11708 1
35 14448 1
35 13937 1
35 6770 1
35 19578 1
35 5246 1
35 16661 1
35 5248 2
35 3203 1
35 11398 1
35 20103 1
35 13451 1
35 3217 2
35 659 1
35 3220 1
35 7829 1
35 6809 3
35 10397 4
35 9886 2
35 14495 1
35 16544 1
35 9892 1
35 17067 1
35 22188 1
35 17070 1
35 9245 1
35 17078 1
35 11960 1
35 10426 1
35 8898 1
35 2243 1
35 17608 3
35 22218 1
35 13516 2
35 5922 1
35 5841 1
35 4310 1
35 13532 1
35 7397 1
35 5352 1
35 11815 1
35 17704 1
35 3060 1
35 4868 2
35 16649 1
35 20234 1
35 4364 2
35 15119 1
35 17168 1
35 10515 1
35 18197 7
35 10530 1
35 21797 1
35 1544 1
35 7463 1
35 21800 1
35 12076 1
35 13117 1
35 8513 1
35 15499 1
35 12625 1
35 2387 1
35 14677 1
35 7514 2
35 18267 4
35 19804 1
35 7517 2
35 22368 2
35 8550 1
35 9069 1
35 21870 1
35 7536 1
35 12673 1
35 4486 1
35 5511 1
35 2442 4
35 20375 1
35 2446 6
35 4496 2
35 4497 1
35 20882 2
35 4503 1
35 12188 1
35 20384 3
35 5029 1
35 2990 1
35 15279 4
35 1465 3
35 1466 1
35 1467 2
35 1468 3
35 12734 1
35 22464 2
35 11714 4
35 11723 2
35 14285 1
35 9167 3
35 9171 1
35 7637 2
35 10206 3
35 19939 1
35 18921 1
35 11760 2
35 10225 2
35 5620 1
35 4601 1
35 11771 2
35 6652 1
36 22369 2
36 6951 1
36 3652 1
36 6375 1
36 7241 1
36 4234 1
36 8327 1
36 4364 1
36 8013 1
36 3982 1
36 16301 1
36 11600 1
36 563 1
36 21586 1
36 12151 1
36 14677 1
36 4438 1
36 17015 1
36 14618 1
36 10972 1
36 16661 1
