1 12288 2
1 8193 1
1 12306 1
1 4115 1
1 20142 1
1 22551 1
1 10265 1
1 22557 1
1 16419 1
1 22571 2
1 22601 1
1 4283 1
1 6223 1
1 20585 1
1 18540 1
1 14448 1
1 14462 1
1 12427 1
1 12429 1
1 14495 1
1 6309 1
1 5489 1
1 14509 2
1 4278 1
1 6331 2
1 4284 2
1 4287 1
1 14530 1
1 2243 1
1 2245 1
1 6342 1
1 16588 1
1 21880 1
1 14546 1
1 4307 1
1 16599 1
1 8422 1
1 6380 1
1 20717 1
1 6386 1
1 14592 5
1 8449 2
1 10510 1
1 10515 1
1 6283 1
1 16661 2
1 16662 1
1 5806 1
1 10533 1
1 9265 2
1 2345 1
1 16682 1
1 20779 1
1 2351 3
1 20794 2
1 10975 2
1 12604 2
1 16702 1
1 6464 3
1 8514 1
1 10571 2
1 12625 9
1 18770 1
1 8532 1
1 14677 7
1 2394 1
1 20834 1
1 360 1
1 9832 1
1 4461 1
1 2416 2
1 370 1
1 12663 1
1 8568 2
1 8569 2
1 14716 1
1 12670 1
1 8579 1
1 4491 1
1 10636 2
1 20877 1
1 5869 1
1 4496 3
1 4509 1
1 7237 2
1 424 1
1 16814 1
1 14769 1
1 4530 1
1 18872 1
1 4537 1
1 12733 1
1 12734 1
1 8641 3
1 12746 1
1 14800 1
1 2525 1
1 12778 1
1 8683 1
1 16882 1
1 18932 1
1 12791 1
1 20986 1
1 6652 1
1 18942 1
1 6655 1
1 18946 1
1 16901 1
1 8712 1
1 5890 1
1 8722 1
1 14475 1
1 14878 1
1 18975 2
1 4647 1
1 4650 1
1 4651 1
1 8749 1
1 12852 2
1 8758 1
1 12855 1
1 17162 1
1 14910 1
1 19016 1
1 16972 1
1 596 1
1 602 1
1 12891 1
1 8797 2
1 12897 2
1 13755 1
1 10857 5
1 3517 2
1 2674 1
1 10872 1
1 14969 1
1 14970 1
1 14973 1
1 6790 1
1 650 1
1 11714 1
1 19094 1
1 6809 1
1 1477 1
1 4777 1
1 6826 5
1 6828 1
1 6831 1
1 19124 3
1 8892 2
1 19133 14
1 800 1
1 801 1
1 10972 1
1 4831 1
1 10978 1
1 740 2
1 744 1
1 19938 1
1 11007 1
1 4868 2
1 4870 1
1 2826 1
1 11019 1
1 13069 1
1 6927 1
1 787 1
1 15128 5
1 797 2
1 798 1
1 13088 1
1 8993 1
1 21284 1
1 805 1
1 21295 4
1 17207 1
1 21305 3
1 15166 2
1 15170 2
1 18571 1
1 17225 1
1 17229 1
1 21332 1
1 855 1
1 860 1
1 4961 1
1 7010 1
1 15207 1
1 9069 3
1 9072 1
1 13174 1
1 7040 1
1 11152 1
1 7057 1
1 21315 2
1 15266 2
1 15268 1
1 5034 1
1 11180 1
1 11192 2
1 9146 1
1 13398 1
1 15295 1
1 19398 1
1 13255 1
1 9167 7
1 18254 1
1 19673 1
1 5085 2
1 990 1
1 4602 1
1 13283 1
1 3047 1
1 7148 2
1 13316 2
1 7175 1
1 9047 1
1 17424 2
1 13486 1
1 17436 1
1 1054 1
1 9247 1
1 1068 1
1 17456 1
1 3121 1
1 1074 1
1 9268 1
1 7236 1
1 3141 1
1 22369 4
1 15434 1
1 1099 1
1 13388 1
1 9293 1
1 15441 1
1 21586 2
1 15444 1
1 9302 1
1 5208 1
1 11359 2
1 15456 1
1 19553 1
1 19555 1
1 13412 1
1 21606 1
1 9324 1
1 21613 4
1 1141 2
1 15479 1
1 15485 2
1 15486 1
1 15491 1
1 13445 1
1 19591 2
1 19592 1
1 1163 2
1 7313 1
1 15532 1
1 15534 1
1 11440 1
1 16407 1
1 3258 3
1 15548 1
1 17602 1
1 15556 1
1 17610 1
1 11469 1
1 9424 4
1 9425 1
1 5337 1
1 15582 1
1 21727 1
1 21733 2
1 15592 1
1 1257 1
1 9458 1
1 17657 1
1 15614 1
1 1280 1
1 11821 1
1 17681 2
1 5394 1
1 5399 1
1 19737 2
1 11555 1
1 7463 4
1 7469 1
1 7471 2
1 9522 1
1 7476 1
1 21841 2
1 15701 1
1 13881 1
1 4326 1
1 1392 1
1 13681 1
1 21878 1
1 7544 1
1 13697 1
1 1415 1
1 7563 1
1 11672 1
1 13723 1
1 7584 1
1 3492 2
1 1445 1
1 7592 1
1 7600 1
1 7601 1
1 7605 1
1 17851 1
1 15804 1
1 21949 1
1 15808 1
1 20384 6
1 7618 1
1 21957 2
1 13766 1
1 13768 1
1 15820 1
1 9684 3
1 9687 1
1 9691 1
1 13793 1
1 7650 1
1 19939 1
1 13796 1
1 7663 1
1 15857 2
1 21076 1
1 11771 5
1 12202 2
1 19966 1
1 1623 1
1 7694 1
1 13848 1
1 13849 1
1 1564 2
1 13854 1
1 3627 1
1 3629 1
1 3636 1
1 3641 1
1 13885 1
1 5701 1
1 11850 1
1 7767 1
1 18009 1
1 7777 1
1 15971 1
1 22119 1
1 15976 1
1 7785 1
1 1639 1
1 18030 1
1 11887 1
1 13937 3
1 22133 1
1 19900 4
1 9831 1
1 5764 1
1 13969 1
1 13970 2
1 9877 1
1 11926 1
1 18077 1
1 9887 1
1 5795 1
1 11946 4
1 22188 1
1 3758 1
1 20155 1
1 18108 1
1 7870 2
1 14016 1
1 11969 1
1 22494 1
1 1743 1
1 18128 1
1 17016 2
1 633 1
1 18144 1
1 16679 1
1 22252 1
1 12013 1
1 5885 1
1 22271 1
1 14081 3
1 7938 1
1 1798 1
1 20234 1
1 22283 1
1 14094 1
1 7952 3
1 5910 1
1 1816 1
1 5929 2
1 1836 2
1 15666 3
1 16175 1
1 3888 1
1 12081 4
1 5086 1
1 7996 1
1 1857 1
1 22339 1
1 993 1
1 1867 1
1 12110 2
1 18263 1
1 18267 2
1 22368 1
1 10081 1
1 22374 1
1 3943 1
1 8040 1
1 5993 1
1 8043 1
1 5996 1
1 8052 1
1 20343 2
1 12153 1
1 16252 1
1 8063 2
1 22418 1
1 8086 1
1 4000 1
1 10145 1
1 22442 1
1 12204 1
1 12205 1
1 1980 1
1 15751 1
1 4046 2
1 18391 1
1 10206 3
1 14306 1
1 6825 1
1 1706 1
2 12800 1
2 12288 2
2 4011 1
2 13316 1
2 14081 2
2 19464 1
2 13833 1
2 5207 1
2 4110 1
2 7911 1
2 13841 1
2 4115 1
2 12309 1
2 3649 1
2 7110 1
2 19460 1
2 17435 1
2 9244 1
2 602 1
2 1054 1
2 15903 1
2 16417 1
2 1371 1
2 8232 1
2 8747 2
2 8236 1
2 3629 2
2 14382 1
2 16432 1
2 7217 1
2 16946 1
2 18955 1
2 1076 2
2 16952 1
2 15931 1
2 4668 1
2 12349 2
2 22368 1
2 22082 2
2 20547 1
2 7236 1
2 20662 2
2 1094 1
2 10727 1
2 15432 1
2 11851 1
2 13388 1
2 12878 1
2 2394 1
2 592 1
2 9809 1
2 21586 7
2 4691 1
2 15444 1
2 18005 1
2 13398 2
2 1844 2
2 9816 1
2 16474 1
2 15722 1
2 18528 3
2 7777 1
2 6331 1
2 21606 1
2 9687 1
2 3175 1
2 18024 1
2 3260 1
2 19730 1
2 18030 1
2 11887 1
2 14448 1
2 6773 1
2 7287 1
2 6265 1
2 15723 1
2 14649 2
2 18197 2
2 22145 1
2 12930 1
2 18051 1
2 13445 3
2 11398 1
2 6791 1
2 14473 1
2 15499 2
2 1164 2
2 4238 1
2 7823 1
2 5400 1
2 10386 1
2 789 1
2 1174 1
2 19607 2
2 18072 1
2 18628 1
2 17007 1
2 16030 1
2 671 1
2 673 1
2 16662 1
2 13477 4
2 13681 1
2 15532 1
2 9901 2
2 3758 1
2 13031 1
2 15539 1
2 19124 3
2 14622 1
2 7862 1
2 20151 1
2 15033 1
2 3258 1
2 20155 2
2 21692 1
2 19133 4
2 1141 1
2 22209 1
2 15042 1
2 13515 1
2 10436 1
2 2245 1
2 5830 1
2 18209 3
2 20168 3
2 14028 1
2 12151 2
2 16588 1
2 3220 2
2 11471 2
2 720 1
2 9425 1
2 20690 1
2 18131 1
2 3796 1
2 20695 1
2 10972 2
2 10975 1
2 18128 1
2 5755 1
2 18148 1
2 7397 1
2 10792 1
2 7400 1
2 17788 1
2 12010 1
2 5927 1
2 1167 1
2 7918 2
2 14973 1
2 8744 1
2 1266 2
2 9777 1
2 15096 1
2 763 1
2 21841 1
2 15102 1
2 14592 2
2 8449 1
2 4867 1
2 4868 1
2 3652 1
2 12673 1
2 7432 1
2 11820 1
2 17162 1
2 17163 2
2 4364 3
2 2873 1
2 10510 1
2 15119 1
2 17681 2
2 17170 1
2 16661 1
2 5398 1
2 2839 2
2 2840 2
2 7613 1
2 1818 1
2 8989 1
2 6942 2
2 15237 2
2 6944 1
2 8993 1
2 6947 1
2 17188 1
2 19238 1
2 7463 1
2 12585 1
2 16682 1
2 10631 1
2 10540 1
2 11055 1
2 16691 1
2 7476 1
2 16694 1
2 9015 1
2 8500 1
2 20794 2
2 8507 1
2 12604 3
2 15754 1
2 831 2
2 8512 1
2 835 1
2 17225 2
2 2841 1
2 8013 1
2 846 1
2 3919 1
2 12625 1
2 10467 1
2 14677 3
2 21305 4
2 5464 1
2 1370 1
2 18267 1
2 18234 1
2 3674 1
2 16224 1
2 7010 1
2 7011 1
2 22373 1
2 5994 1
2 17129 1
2 364 1
2 9069 4
2 6511 1
2 14981 1
2 1256 1
2 21364 1
2 12663 1
2 8568 1
2 4032 1
2 5498 1
2 16252 1
2 5501 2
2 18325 1
2 1547 2
2 3392 1
2 14725 1
2 16775 1
2 18364 1
2 16778 1
2 3991 1
2 4492 1
2 12354 1
2 7055 1
2 14741 1
2 7019 1
2 11672 1
2 21819 1
2 1947 1
2 4509 1
2 12357 1
2 20384 1
2 14753 1
2 798 1
2 19364 1
2 3495 1
2 15273 1
2 22442 1
2 8107 1
2 9644 1
2 12018 2
2 19016 1
2 9141 1
2 11708 1
2 7101 1
2 4030 1
2 16831 1
2 22464 6
2 11714 3
2 4547 1
2 19396 1
2 19397 1
2 1544 1
2 13255 2
2 7112 1
2 15817 1
2 20939 1
2 15820 2
2 14798 1
2 9167 3
2 9170 2
2 7637 3
2 7638 1
2 4055 1
2 11737 2
2 4058 1
2 10206 1
2 17184 1
2 13793 2
2 16891 1
2 22500 1
2 12360 1
2 4070 1
2 13799 1
2 8683 1
2 22508 1
2 3058 1
2 11765 1
2 7160 2
2 4601 3
2 11771 2
2 15869 2
2 12799 2
3 12288 1
3 15616 1
3 7687 1
3 22024 1
3 13833 1
3 16215 1
3 18957 1
3 21499 1
3 11792 1
3 15893 1
3 4441 1
3 10264 1
3 13850 1
3 10927 1
3 22557 1
3 6687 1
3 16933 1
3 11641 1
3 22571 1
3 8749 1
3 22574 1
3 1074 1
3 4149 1
3 17975 1
3 16691 1
3 12354 2
3 8771 1
3 21586 3
3 22369 1
3 4169 1
3 588 1
3 9294 1
3 591 2
3 17490 1
3 3975 1
3 7766 1
3 22615 2
3 1627 4
3 7780 1
3 4709 1
3 18023 2
3 15464 1
3 8892 1
3 9831 1
3 10862 3
3 14448 3
3 13937 1
3 13938 1
3 1141 1
3 13435 1
3 5246 2
3 15487 1
3 1152 1
3 15808 1
3 12930 2
3 4227 1
3 11398 1
3 6791 1
3 4460 1
3 11916 2
3 2704 1
3 4547 1
3 16273 1
3 14489 2
3 14495 1
3 15984 1
3 13474 1
3 16547 3
3 9892 1
3 13477 1
3 10408 1
3 9901 2
3 3758 1
3 11439 1
3 10928 1
3 12466 1
3 12471 1
3 698 1
3 3260 1
3 19133 4
3 703 1
3 13504 1
3 22212 1
3 4030 1
3 5321 1
3 13515 1
3 719 1
3 7892 1
3 17621 1
3 20695 6
3 15577 1
3 4826 1
3 11995 1
3 10972 1
3 21726 1
3 4831 1
3 7392 1
3 2785 1
3 1764 1
3 17637 1
3 744 1
3 12010 1
3 4843 1
3 6380 1
3 4335 1
3 12018 1
3 8952 1
3 15610 1
3 11007 1
3 14592 2
3 21888 1
3 2306 1
3 9477 1
3 7432 1
3 7433 1
3 20234 1
3 17163 1
3 4364 4
3 12625 1
3 7952 2
3 6418 1
3 4884 1
3 18197 2
3 7897 1
3 1304 1
3 15615 2
3 8989 1
3 7455 1
3 8993 1
3 1415 1
3 18222 1
3 2525 1
3 13819 1
3 6965 1
3 19254 1
3 19256 1
3 21305 3
3 10555 2
3 4417 1
3 16548 1
3 22340 1
3 5958 1
3 2375 2
3 17225 1
3 22346 1
3 909 1
3 4432 1
3 6770 1
3 11604 2
3 19257 2
3 6489 1
3 13663 1
3 18108 2
3 3943 1
3 5994 1
3 10603 1
3 364 1
3 9583 1
3 9072 1
3 5489 1
3 1906 1
3 16759 1
3 16760 1
3 19833 1
3 5499 1
3 7550 2
3 8878 1
3 8064 1
3 12673 1
3 10219 1
3 4486 1
3 16775 2
3 21228 1
3 17290 1
3 22082 1
3 11662 1
3 8636 2
3 408 1
3 20882 2
3 10646 1
3 16280 1
3 16196 2
3 17818 1
3 12190 1
3 8607 1
3 4000 1
3 15266 1
3 20388 1
3 17393 1
3 15273 2
3 15275 1
3 12716 1
3 18862 1
3 7584 2
3 4020 1
3 7095 1
3 1465 1
3 11707 1
3 18876 1
3 12520 1
3 22464 1
3 20384 3
3 11714 3
3 7397 1
3 13252 1
3 748 1
3 13255 1
3 20424 2
3 19913 1
3 4002 1
3 9167 2
3 13475 1
3 590 1
3 19364 1
3 9691 1
3 5085 1
3 10206 2
3 17890 1
3 11771 1
3 3047 1
3 489 1
3 7658 1
3 8683 1
3 493 1
3 16366 1
3 11760 1
3 497 1
3 7552 1
3 17395 1
3 6646 1
3 4601 1
3 4090 1
3 6651 4
3 6652 2
3 13821 1
3 12799 1
4 8449 1
4 2306 1
4 4867 2
4 16773 1
4 16775 2
4 18952 1
4 18185 1
4 2699 1
4 7180 1
4 17154 1
4 910 1
4 7952 1
4 10641 1
4 20882 1
4 20547 3
4 3992 1
4 1160 1
4 9839 1
4 9244 1
4 11293 1
4 13957 1
4 13088 1
4 10530 1
4 8683 1
4 8231 1
4 10920 1
4 5034 1
4 22571 1
4 9644 1
4 4238 1
4 17585 1
4 9169 1
4 11444 1
4 13022 1
4 2761 1
4 21305 3
4 18363 1
4 19900 1
4 19133 3
4 3519 1
4 22464 1
4 11714 1
4 1603 1
4 2245 1
4 19398 1
4 20424 1
4 1740 1
4 8268 1
4 5086 1
4 9167 1
4 9425 1
4 9047 1
4 10963 1
4 11604 1
4 5333 1
4 2348 1
4 20695 1
4 5464 1
4 10972 2
4 10205 1
4 8286 1
4 6976 2
4 19553 1
4 5186 1
4 8401 1
4 5993 1
4 745 1
4 12930 1
4 16367 1
4 13331 1
4 15849 1
4 4601 2
4 4218 1
4 3197 1
4 12670 1
4 3541 1
5 19460 1
5 2817 1
5 21518 1
5 9232 1
5 19478 1
5 6687 1
5 38 1
5 3629 1
5 1590 1
5 4668 1
5 5182 1
5 3647 2
5 12354 1
5 1092 1
5 1094 2
5 17996 1
5 80 1
5 21586 1
5 21605 1
5 16998 1
5 9832 1
5 19561 1
5 6771 2
5 5246 1
5 12930 3
5 6791 1
5 14786 1
5 17041 3
5 11925 1
5 13467 1
5 673 3
5 20155 1
5 19133 2
5 7870 1
5 12481 1
5 13516 1
5 11471 1
5 18128 1
5 10449 1
5 7892 1
5 22252 1
5 21750 1
5 14583 2
5 15609 1
5 8449 1
5 4364 3
5 18197 1
5 796 1
5 797 1
5 7455 1
5 18209 1
5 10530 1
5 19238 1
5 5929 1
5 1844 2
5 21305 2
5 12602 1
5 14651 2
5 6982 1
5 17225 1
5 12625 1
5 5464 1
5 3417 1
5 22367 1
5 22369 1
5 15717 2
5 3217 2
5 5994 1
5 9069 1
5 15216 1
5 5499 1
5 13697 1
5 18818 1
5 13192 1
5 17291 1
5 9105 1
5 3652 2
5 7584 1
5 11180 1
5 2485 1
5 6075 1
5 4030 1
5 11714 1
5 13252 3
5 19398 1
5 11723 1
5 3532 1
5 592 2
5 19939 1
5 14827 1
5 12274 1
5 15864 1
5 13819 1
5 8700 1
5 15869 1
6 12288 3
6 13316 1
6 19461 1
6 17424 1
6 13832 1
6 11787 1
6 16911 1
6 22032 8
6 8724 1
6 13846 1
6 12823 1
6 12825 9
6 22044 1
6 22557 1
6 4587 1
6 16417 1
6 3621 1
6 20545 1
6 15401 1
6 15402 1
6 1067 1
6 8749 1
6 6702 1
6 15209 1
6 7216 1
6 11314 1
6 11827 1
6 12852 1
6 13027 1
6 11832 2
6 13888 1
6 1089 1
6 12354 2
6 9227 1
6 16452 1
6 1094 1
6 4449 1
6 592 1
6 21586 3
6 18005 1
6 13398 1
6 9816 1
6 9817 1
6 6234 1
6 18876 1
6 18528 3
6 12897 1
6 18022 1
6 7782 1
6 20585 1
6 19460 1
6 21611 1
6 21613 1
6 12018 1
6 14448 1
6 13937 1
6 6770 1
6 1141 1
6 21622 1
6 7287 1
6 632 1
6 1556 1
6 19578 1
6 16831 1
6 3197 1
6 6270 1
6 18197 1
6 6943 2
6 14978 1
6 15491 2
6 18052 1
6 13445 1
6 6791 3
6 18056 1
6 4746 1
6 6261 1
6 5775 1
6 656 1
6 13969 1
6 9875 2
6 2196 1
6 6809 1
6 5786 1
6 21871 1
6 20722 1
6 13508 1
6 13477 1
6 4263 1
6 14505 1
6 22188 3
6 9901 1
6 11293 1
6 8479 1
6 16049 1
6 19124 1
6 3629 1
6 20151 1
6 20155 2
6 19133 7
6 19881 1
6 2239 1
6 10432 1
6 800 1
6 11723 1
6 9924 2
6 20168 2
6 22220 1
6 13516 1
6 3278 1
6 20687 1
6 7888 1
6 10452 1
6 718 1
6 20695 4
6 11995 1
6 10972 2
6 15482 1
6 1246 1
6 10975 1
6 1249 1
6 10978 1
6 10467 1
6 2279 1
6 745 1
6 15594 1
6 15119 1
6 19410 1
6 11133 1
6 2289 1
6 1266 1
6 10483 1
6 10484 1
6 14462 1
6 15610 2
6 5371 1
6 18174 1
6 14592 4
6 4868 3
6 2309 2
6 2310 1
6 7433 1
6 20234 1
6 4364 1
6 1581 1
6 11024 1
6 2834 1
6 2323 2
6 4884 1
6 16661 1
6 17688 1
6 8636 3
6 20255 1
6 18208 1
6 2096 1
6 7461 1
6 10024 1
6 16682 1
6 18222 1
6 5935 1
6 1841 1
6 1844 1
6 15582 1
6 999 1
6 21305 5
6 4831 2
6 6973 1
6 4417 2
6 8514 2
6 21318 1
6 17737 1
6 20299 2
6 20194 9
6 20302 1
6 4579 1
6 11604 2
6 14677 1
6 11792 1
6 6489 1
6 2394 1
6 22368 1
6 22369 3
6 19811 1
6 6801 1
6 5993 1
6 3047 2
6 9069 6
6 10557 1
6 13681 1
6 11125 1
6 8054 1
6 12151 1
6 8568 1
6 12153 1
6 11708 1
6 15850 1
6 8063 1
6 9600 1
6 12163 1
6 3975 1
6 8684 1
6 16780 1
6 5186 1
6 12013 1
6 7057 1
6 20882 1
6 8086 2
6 5785 1
6 11672 1
6 12190 1
6 15775 1
6 20384 3
6 13730 2
6 16966 1
6 15273 2
6 22442 1
6 11179 1
6 11180 1
6 16301 1
6 10349 1
6 7090 1
6 7605 1
6 11192 1
6 10681 1
6 11196 1
6 7613 1
6 14783 1
6 22464 6
6 7584 2
6 11714 2
6 13763 1
6 19396 1
6 9424 1
6 13255 1
6 7115 1
6 5580 1
6 17357 2
6 17013 1
6 11354 1
6 7633 1
6 7634 1
6 13476 1
6 21981 1
6 6622 1
6 20448 1
6 19938 2
6 20969 1
6 10727 1
6 15337 1
6 4586 1
6 8683 1
6 492 1
6 4589 1
6 3572 1
6 503 1
6 6652 1
6 19882 1
6 12799 1
7 12288 2
7 8193 1
7 4110 2
7 19460 4
7 22557 1
7 19462 1
7 8236 1
7 10291 1
7 22585 1
7 12352 2
7 20547 1
7 16452 1
7 2129 1
7 18528 1
7 10338 1
7 20579 1
7 10351 1
7 14448 3
7 14449 1
7 4218 1
7 6270 1
7 2179 1
7 12429 2
7 8343 1
7 14488 1
7 4263 2
7 11292 1
7 14506 1
7 12465 1
7 8371 1
7 4277 1
7 12471 1
7 8376 1
7 6331 1
7 2239 1
7 8397 1
7 20687 2
7 16592 1
7 20689 1
7 6354 1
7 20691 1
7 10452 1
7 10453 4
7 12502 1
7 20695 9
7 12505 2
7 10483 1
7 14583 2
7 8445 1
7 14592 4
7 8449 1
7 14595 1
7 4364 3
7 6413 1
7 8469 1
7 16662 2
7 10530 1
7 2344 1
7 4396 1
7 8502 2
7 14649 1
7 20794 2
7 10975 2
7 12604 1
7 6461 1
7 8511 1
7 1760 1
7 4418 1
7 20803 1
7 10574 1
7 12625 4
7 18773 1
7 4438 1
7 4440 1
7 6489 1
7 2394 3
7 4448 2
7 2407 1
7 10602 1
7 4460 1
7 6511 2
7 12663 1
7 8568 1
7 12665 1
7 12670 2
7 18819 1
7 4486 1
7 16775 1
7 4491 1
7 10637 2
7 10641 2
7 20882 1
7 14743 3
7 14751 1
7 14753 1
7 8620 1
7 12717 1
7 4529 1
7 7582 1
7 8636 2
7 16831 1
7 20949 1
7 2525 1
7 4579 1
7 10321 1
7 489 1
7 12778 1
7 8683 1
7 4589 2
7 4594 1
7 4603 2
7 6652 2
7 8706 1
7 17155 1
7 8724 1
7 12825 14
7 18975 3
7 4647 2
7 4650 2
7 8749 1
7 12852 1
7 21053 1
7 578 1
7 579 1
7 16966 2
7 633 1
7 8779 1
7 588 2
7 590 1
7 592 2
7 602 1
7 8797 2
7 19900 1
7 19050 1
7 10862 1
7 21104 2
7 631 1
7 14969 1
7 7618 1
7 6801 1
7 2706 2
7 8867 1
7 6826 1
7 17067 1
7 17070 1
7 19124 1
7 2747 1
7 19133 14
7 2755 1
7 18209 1
7 719 2
7 7389 1
7 10972 3
7 10974 2
7 4831 8
7 10976 1
7 4836 1
7 743 1
7 744 1
7 15096 1
7 17154 1
7 4867 1
7 17162 1
7 17163 1
7 11021 1
7 17170 1
7 4884 1
7 15128 1
7 6947 1
7 19238 2
7 21295 3
7 2873 1
7 6973 1
7 15166 2
7 9023 1
7 833 1
7 11074 1
7 17225 1
7 21305 8
7 855 1
7 1167 2
7 15210 1
7 9069 4
7 11070 1
7 13178 1
7 11134 3
7 4587 1
7 15170 1
7 493 1
7 16195 3
7 7072 1
7 21409 2
7 15266 6
7 15273 1
7 7084 1
7 11193 1
7 13255 1
7 17355 1
7 17357 1
7 9167 3
7 9171 1
7 5085 1
7 3047 1
7 10407 1
7 7155 1
7 5119 1
7 13316 1
7 15365 1
7 1030 1
7 21511 1
7 9047 1
7 21518 1
7 17424 2
7 11281 1
7 19476 2
7 19478 2
7 17435 1
7 9244 2
7 11294 2
7 15401 1
7 13354 1
7 13355 1
7 15404 1
7 7224 1
7 9227 1
7 1084 1
7 10421 1
7 7236 1
7 15434 2
7 13388 2
7 21586 11
7 11792 1
7 21606 1
7 3176 1
7 21613 2
7 1141 2
7 15478 1
7 5246 1
7 3203 1
7 19588 1
7 1160 1
7 19599 1
7 7313 1
7 15514 1
7 4540 1
7 6000 1
7 13474 1
7 13475 1
7 13477 2
7 11434 1
7 15532 1
7 13490 1
7 5304 1
7 17605 1
7 17608 1
7 13516 1
7 9424 1
7 9425 1
7 5331 1
7 5332 1
7 5335 2
7 5337 4
7 5341 1
7 1246 11
7 15583 1
7 1248 1
7 5347 1
7 15588 1
7 5352 2
7 7406 1
7 13681 3
7 13558 1
7 3321 1
7 17659 1
7 15617 1
7 7432 1
7 17681 1
7 3352 1
7 7455 2
7 17229 1
7 17707 1
7 7471 4
7 1067 1
7 1336 1
7 5445 1
7 909 1
7 3408 1
7 21841 1
7 5464 1
7 3417 1
7 15717 1
7 7529 1
7 15723 1
7 21871 1
7 7400 1
7 15731 2
7 7540 1
7 17788 1
7 17793 1
7 19619 1
7 11095 1
7 7571 1
7 9621 1
7 17814 1
7 17818 1
7 13723 1
7 19347 3
7 15774 2
7 7584 12
7 1442 1
7 11684 2
7 1445 1
7 2705 1
7 9644 1
7 11708 2
7 3517 1
7 9662 1
7 11714 2
7 13766 1
7 11719 1
7 13768 1
7 15820 1
7 7638 1
7 9691 2
7 21981 1
7 19938 2
7 19939 2
7 7665 1
7 15866 2
7 11771 1
7 10154 1
7 5634 1
7 5646 1
7 22032 6
7 13848 1
7 13849 1
7 15903 5
7 3621 1
7 1576 2
7 17975 1
7 11832 2
7 3647 1
7 1607 1
7 1610 1
7 11856 1
7 7763 1
7 7764 1
7 9816 1
7 7780 1
7 7782 1
7 22119 1
7 9832 1
7 13937 1
7 1651 1
7 5748 1
7 18042 1
7 18045 1
7 18046 2
7 18051 1
7 5764 1
7 5766 1
7 1672 1
7 13969 2
7 9875 1
7 13979 2
7 16030 1
7 9901 1
7 3758 1
7 16049 8
7 5811 1
7 20148 1
7 20155 2
7 18108 2
7 7870 1
7 14015 2
7 22209 1
7 20168 4
7 5838 1
7 5840 1
7 7889 1
7 740 2
7 17017 1
7 22232 1
7 7897 1
7 3804 1
7 1758 1
7 7903 1
7 18144 2
7 1761 2
7 20194 15
7 5863 1
7 18154 1
7 22252 2
7 7917 1
7 5885 1
7 18174 2
7 14081 1
7 20234 1
7 7952 1
7 18197 1
7 17041 2
7 18205 1
7 18207 1
7 3873 2
7 9873 1
7 20260 1
7 5927 1
7 1833 1
7 16177 1
7 22339 1
7 16197 2
7 20297 1
7 20299 2
7 8012 1
7 8013 1
7 18267 2
7 12602 2
7 22369 2
7 5986 1
7 3943 1
7 20330 1
7 10096 1
7 10097 1
7 8052 1
7 20343 4
7 16252 2
7 1918 1
7 12163 1
7 8086 1
7 20384 3
7 10145 1
7 11931 1
7 22442 4
7 16302 1
7 1979 2
7 22464 12
7 18393 1
7 10205 1
7 16366 1
7 16367 2
7 14324 1
7 17066 1
7 14677 10
8 12288 1
8 14016 1
8 12930 1
8 4867 1
8 19460 2
8 11398 1
8 1281 1
8 904 1
8 4235 1
8 4364 2
8 4238 1
8 9069 2
8 17170 1
8 2451 1
8 4249 1
8 12825 2
8 8989 1
8 12446 1
8 9072 1
8 20642 2
8 2225 1
8 22571 1
8 9645 1
8 16430 1
8 8753 1
8 1074 1
8 1139 1
8 15774 1
8 8502 1
8 13704 1
8 21305 2
8 20155 1
8 18108 1
8 19133 2
8 22464 2
8 267 1
8 1092 1
8 12823 1
8 16588 1
8 15434 1
8 588 1
8 8013 1
8 719 1
8 592 1
8 721 1
8 82 1
8 19939 1
8 14039 1
8 11992 1
8 20239 1
8 8797 1
8 1246 1
8 18528 1
8 20194 2
8 4795 1
8 21606 1
8 12625 1
8 4668 1
8 1921 1
8 20882 2
8 14704 1
8 659 1
8 14969 1
8 17148 1
9 19460 1
9 19461 1
9 19464 1
9 22188 1
9 11181 1
9 13452 1
9 4867 1
9 3758 1
9 5142 1
9 10263 1
9 12825 1
9 9244 1
9 5149 1
9 18463 1
9 2596 1
9 3621 1
9 3626 1
9 22571 1
9 3629 2
9 16430 1
9 1074 1
9 11827 1
9 1076 1
9 1590 1
9 2105 1
9 13885 1
9 12350 1
9 12354 1
9 20547 2
9 1092 1
9 11334 1
9 21601 3
9 17484 1
9 10830 1
9 591 1
9 82 1
9 16901 1
9 7258 1
9 7773 1
9 11870 1
9 7776 1
9 17168 1
9 19131 1
9 19900 1
9 8238 1
9 14495 1
9 5232 1
9 6770 1
9 17016 1
9 16508 1
9 3201 1
9 12930 1
9 13445 1
9 7867 2
9 16519 1
9 1160 1
9 13451 1
9 1164 1
9 1167 1
9 1889 1
9 18068 1
9 10398 1
9 671 2
9 4772 1
9 4263 1
9 11292 1
9 14508 1
9 15534 1
9 5301 1
9 16054 2
9 12471 1
9 5304 1
9 4795 2
9 8892 1
9 19133 2
9 7870 1
9 14016 1
9 14020 1
9 7880 1
9 16588 1
9 20686 6
9 3278 1
9 20695 1
9 10972 2
9 20192 1
9 20194 1
9 20774 1
9 6375 1
9 8426 1
9 7915 1
9 7918 1
9 7409 1
9 18162 1
9 9171 1
9 14583 2
9 5368 1
9 18174 1
9 10453 1
9 8449 1
9 8451 1
9 17156 1
9 4359 1
9 18185 1
9 17162 1
9 3339 1
9 4364 1
9 8749 1
9 7952 1
9 16661 1
9 18205 1
9 8482 1
9 18723 1
9 8185 1
9 19238 1
9 13532 1
9 22551 1
9 3885 1
9 6446 1
9 19764 2
9 21305 2
9 16702 1
9 4417 1
9 834 1
9 835 1
9 14148 3
9 12103 2
9 17225 1
9 17227 1
9 3919 1
9 4433 1
9 4434 1
9 21845 1
9 17240 1
9 4441 1
9 9050 1
9 22368 1
9 22369 1
9 7399 1
9 9069 4
9 13679 3
9 9072 1
9 21874 1
9 3958 1
9 8568 1
9 17790 1
9 16774 1
9 16775 1
9 17290 1
9 14402 1
9 20882 2
9 3991 3
9 15903 1
9 11675 1
9 6047 1
9 7584 1
9 15273 1
9 1351 1
9 9644 1
9 12717 1
9 2889 1
9 1465 1
9 1466 1
9 9887 1
9 11708 1
9 16831 3
9 20384 1
9 16835 1
9 4550 1
9 20235 1
9 588 1
9 20939 1
9 9167 1
9 248 1
9 2003 2
9 7637 1
9 4601 1
9 6622 1
9 19939 1
9 19943 1
9 492 1
9 21586 1
9 15548 1
9 16373 1
9 505 1
9 11771 1
10 8193 1
10 19460 1
10 22358 1
10 7686 1
10 18952 1
10 4617 1
10 7178 1
10 21847 3
10 526 1
10 22032 1
10 15890 1
10 5141 1
10 13316 2
10 3610 1
10 27 1
10 6685 1
10 9758 1
10 15903 2
10 5664 2
10 3621 1
10 4647 1
10 1067 1
10 5677 2
10 4417 1
10 9777 1
10 14386 1
10 5541 1
10 12852 1
10 14389 1
10 55 1
10 7224 1
10 13881 1
10 17467 1
10 2108 2
10 8765 1
10 3134 1
10 1076 1
10 19520 1
10 4960 3
10 3138 1
10 11787 1
10 7237 1
10 1094 1
10 12897 1
10 18505 1
10 4433 1
10 15948 1
10 7570 1
10 15951 1
10 80 1
10 21586 3
10 18528 2
10 10337 1
10 3171 1
10 5732 1
10 21094 1
10 7785 2
10 18029 1
10 14448 3
10 18548 1
10 7799 1
10 14969 3
10 635 1
10 5246 2
10 15808 1
10 15491 2
10 13445 2
10 16519 1
10 13961 2
10 16834 2
10 1167 3
10 15508 1
10 18069 1
10 14488 1
10 14703 1
10 14492 1
10 15045 1
10 8352 1
10 14498 1
10 19619 1
10 4263 1
10 10408 1
10 17066 1
10 22188 1
10 20653 1
10 22557 1
10 16564 1
10 11294 1
10 9398 1
10 12471 2
10 5304 1
10 20155 1
10 19133 2
10 7870 1
10 22209 1
10 10434 1
10 2244 2
10 709 1
10 6342 1
10 4385 1
10 13516 1
10 20686 1
10 8569 1
10 22232 2
10 7897 1
10 9167 5
10 10972 2
10 4831 1
10 7035 1
10 7911 1
10 12010 1
10 2003 1
10 8437 1
10 6902 1
10 15096 1
10 12505 1
10 17148 1
10 4868 4
10 18181 1
10 897 1
10 4364 1
10 13583 1
10 6416 1
10 11992 1
10 10515 1
10 16661 1
10 16662 1
10 2839 1
10 7471 1
10 8989 1
10 798 1
10 20255 2
10 15648 1
10 13089 1
10 1827 1
10 10533 1
10 7217 1
10 5929 1
10 17706 1
10 17195 2
10 12076 1
10 22179 1
10 21295 1
10 16691 1
10 19764 2
10 19765 1
10 8502 1
10 12425 1
10 13113 1
10 12602 1
10 10555 1
10 12341 1
10 11708 2
10 16193 1
10 17605 1
10 22340 1
10 19269 1
10 12103 1
10 10206 1
10 9033 1
10 17975 1
10 19276 2
10 9550 1
10 12625 2
10 5970 1
10 8021 1
10 4438 1
10 21305 1
10 18267 2
10 9269 1
10 16223 1
10 22368 1
10 16225 1
10 1887 1
10 4453 1
10 4454 1
10 21352 1
10 11113 1
10 5638 1
10 7399 1
10 9069 7
10 21613 1
10 2416 1
10 19124 4
10 7828 1
10 19263 1
10 7548 1
10 7550 1
10 6901 1
10 9600 1
10 1921 1
10 18818 1
10 15751 1
10 395 1
10 21902 1
10 18832 1
10 15512 1
10 20882 1
10 3764 1
10 918 1
10 18841 1
10 14233 1
10 18847 1
10 17312 3
10 17313 1
10 1445 1
10 10857 1
10 9067 1
10 11692 1
10 9141 1
10 13129 1
10 11193 1
10 19900 1
10 22461 1
10 22463 1
10 22464 3
10 16544 1
10 11714 1
10 14275 1
10 588 1
10 1483 1
10 8140 1
10 17359 1
10 9170 1
10 9171 2
10 7637 1
10 7638 1
10 9687 1
10 20389 1
10 5596 1
10 18940 1
10 6622 1
10 5599 1
10 592 1
10 2113 1
10 18919 1
10 18921 1
10 12778 1
10 15442 1
10 11760 1
10 4593 1
10 7154 1
10 18942 1
10 16374 1
10 5623 1
10 21498 1
10 8188 1
10 15869 1
10 5118 3
10 14713 1
11 12288 1
11 17067 1
11 14543 1
11 16399 1
11 15890 1
11 8724 1
11 18975 1
11 20000 1
11 20012 1
11 20013 1
11 20014 1
11 4146 1
11 9270 1
11 21053 1
11 22369 1
11 22088 1
11 4364 1
11 11851 1
11 6733 1
11 11855 2
11 5210 1
11 1627 1
11 12897 1
11 22119 1
11 15976 1
11 13937 1
11 22132 1
11 15482 1
11 6269 1
11 15808 1
11 13445 1
11 22209 1
11 10890 1
11 19595 1
11 1167 1
11 7826 3
11 7827 1
11 18068 1
11 14488 1
11 18077 3
11 11820 1
11 16544 1
11 17569 1
11 7842 1
11 683 1
11 6791 1
11 15534 1
11 21679 1
11 12471 1
11 8379 1
11 8892 1
11 19133 1
11 6849 1
11 20343 1
11 718 1
11 15567 1
11 7888 1
11 10453 1
11 9167 2
11 21727 1
11 740 2
11 4326 2
11 21224 1
11 18154 1
11 21227 1
11 22252 1
11 9458 1
11 8437 1
11 15616 1
11 17155 1
11 4868 1
11 7945 1
11 22282 1
11 3340 1
11 10510 1
11 15119 1
11 4884 1
11 16661 1
11 5910 1
11 15128 1
11 16159 1
11 13090 1
11 16430 1
11 6441 1
11 10539 1
11 812 1
11 19245 1
11 21295 1
11 7988 1
11 6622 1
11 8502 1
11 19764 2
11 10043 1
11 16702 1
11 4418 1
11 22340 1
11 17223 1
11 17229 1
11 21841 1
11 2394 1
11 18267 1
11 1889 1
11 3943 1
11 9065 1
11 7531 1
11 9069 3
11 11632 1
11 2416 1
11 17214 1
11 13174 1
11 3047 1
11 8568 1
11 1918 1
11 10975 2
11 11662 1
11 4496 1
11 4497 1
11 14742 1
11 15903 2
11 18841 1
11 21914 1
11 7582 1
11 17312 1
11 9121 1
11 15266 1
11 20389 1
11 13223 1
11 12716 1
11 7600 1
11 7601 1
11 4530 1
11 1466 1
11 11195 1
11 11708 1
11 22464 2
11 7584 1
11 1099 1
11 2977 1
11 13772 1
11 20813 1
11 9169 1
11 9171 2
11 7638 1
11 2013 1
11 10206 2
11 12625 3
11 10219 1
11 7663 1
11 4592 1
11 18940 1
11 6142 1
12 12288 1
12 19461 1
12 19464 1
12 6316 1
12 22032 1
12 8211 1
12 10264 1
12 4868 2
12 22557 2
12 7710 1
12 1055 1
12 20000 1
12 20519 1
12 1578 1
12 8749 1
12 16430 1
12 15408 1
12 8753 1
12 1074 1
12 11827 1
12 1076 1
12 1589 1
12 16951 1
12 3643 1
12 14952 1
12 13885 1
12 13887 1
12 15939 1
12 16011 1
12 1094 1
12 15432 1
12 18505 1
12 13388 1
12 595 1
12 18005 3
12 13398 1
12 17496 1
12 19035 1
12 14945 1
12 15459 1
12 16998 3
12 1639 1
12 19900 1
12 4540 1
12 9831 1
12 18030 1
12 14448 1
12 625 1
12 6770 1
12 13428 1
12 7785 1
12 6687 1
12 20882 1
12 7018 1
12 14974 1
12 6786 1
12 3203 1
12 6790 1
12 6791 1
12 14473 1
12 1163 1
12 7148 1
12 19599 1
12 10384 1
12 9873 1
12 20626 1
12 16835 1
12 4247 1
12 5276 1
12 15216 1
12 7110 1
12 4263 3
12 17066 1
12 22188 3
12 5806 1
12 7344 1
12 19124 2
12 4277 1
12 12471 2
12 2745 1
12 19131 1
12 19133 2
12 6847 1
12 8384 1
12 11969 1
12 18628 1
12 11461 1
12 16586 2
12 13516 1
12 719 1
12 7888 1
12 14033 1
12 3796 1
12 16598 1
12 2394 2
12 21727 1
12 10464 1
12 7397 2
12 14054 1
12 9425 1
12 17129 1
12 12013 2
12 20722 4
12 18569 1
12 5884 1
12 3626 1
12 1280 1
12 4356 1
12 726 1
12 2310 1
12 18185 2
12 2826 1
12 3339 1
12 15119 1
12 15747 1
12 6421 1
12 1818 1
12 12575 1
12 17229 1
12 20775 1
12 2344 1
12 18222 1
12 5597 1
12 1841 1
12 15666 1
12 1844 1
12 9526 1
12 13961 1
12 2873 1
12 12746 1
12 8514 2
12 13963 2
12 6982 1
12 9543 1
12 21305 1
12 334 1
12 12625 2
12 7509 1
12 4438 1
12 5433 1
12 21848 1
12 6489 1
12 4442 1
12 8539 1
12 10644 1
12 2955 1
12 22368 3
12 22369 1
12 7011 1
12 5994 1
12 8556 1
12 9069 1
12 2416 1
12 5489 1
12 14706 1
12 4981 1
12 3958 1
12 12663 1
12 14879 1
12 11641 1
12 5498 1
12 8579 1
12 2949 1
12 17801 1
12 7319 1
12 22418 1
12 20547 1
12 10132 1
12 918 1
12 17818 1
12 4509 1
12 7584 1
12 15784 1
12 16814 1
12 15800 1
12 18364 1
12 22463 1
12 22464 1
12 11714 1
12 13763 2
12 7620 1
12 4550 1
12 13255 1
12 10186 1
12 11723 1
12 4556 1
12 9167 3
12 846 1
12 17881 1
12 10205 1
12 6622 1
12 5089 1
12 10407 1
12 492 1
12 5623 1
12 16888 1
12 11771 1
13 13316 1
13 21847 1
13 22540 2
13 9232 1
13 6489 1
13 7684 1
13 9244 1
13 22557 1
13 15903 1
13 20519 1
13 22571 1
13 4665 1
13 13884 1
13 4277 1
13 15432 1
13 18505 1
13 15438 1
13 6741 2
13 16998 2
13 22119 1
13 6076 1
13 12394 1
13 18028 1
13 21619 1
13 13428 2
13 20329 1
13 19900 1
13 13440 1
13 2690 1
13 6787 1
13 13445 3
13 13963 1
13 20418 1
13 17551 1
13 18080 1
13 22188 1
13 1139 1
13 5301 2
13 3258 1
13 8892 1
13 7870 1
13 12481 1
13 2243 1
13 20686 1
13 16593 1
13 1081 1
13 22232 1
13 13532 1
13 4831 1
13 7400 4
13 748 1
13 9170 1
13 6901 1
13 762 1
13 18185 2
13 17162 1
13 4364 2
13 16661 1
13 5935 1
13 797 1
13 4382 1
13 4385 2
13 290 1
13 16679 1
13 11055 1
13 9527 1
13 10975 1
13 12604 1
13 4417 1
13 835 1
13 22343 1
13 3408 1
13 12625 1
13 4438 2
13 12119 1
13 1369 1
13 11100 1
13 19816 1
13 5993 1
13 364 1
13 14704 1
13 3954 1
13 8568 1
13 5498 1
13 15227 1
13 12670 1
13 18818 1
13 8579 1
13 3974 1
13 18832 1
13 9620 1
13 14753 1
13 12716 1
13 15279 1
13 9141 1
13 1465 1
13 11708 1
13 22463 1
13 11714 1
13 20420 1
13 12744 1
13 4555 2
13 20944 1
13 8636 1
13 7634 2
13 9691 1
13 10206 1
13 13793 1
13 492 1
13 5623 4
13 4602 1
13 11771 1
13 18005 1
14 12288 1
14 16897 1
14 7683 1
14 9046 1
14 518 1
14 8449 2
14 12716 1
14 1547 1
14 22032 1
14 15890 1
14 4867 1
14 18965 1
14 6489 1
14 10069 1
14 19993 1
14 1562 1
14 17436 1
14 22557 2
14 17438 1
14 15903 4
14 20000 1
14 12325 2
14 20803 1
14 12329 1
14 20010 1
14 8236 1
14 8749 1
14 16431 1
14 1074 1
14 7219 1
14 12852 1
14 1079 1
14 11832 1
14 1081 1
14 1375 1
14 13887 1
14 718 1
14 4448 1
14 2220 1
14 7691 1
14 3652 1
14 3647 1
14 21601 1
14 15432 1
14 18505 1
14 18364 2
14 16972 1
14 13389 1
14 590 1
14 16902 1
14 21586 4
14 22100 1
14 7765 1
14 13398 1
14 15033 1
14 22108 1
14 21782 2
14 3169 1
14 20384 3
14 21605 1
14 7782 1
14 15976 1
14 7785 2
14 13418 2
14 8579 1
14 13796 1
14 18030 1
14 21103 1
14 14448 1
14 15985 1
14 6770 1
14 19571 1
14 13428 2
14 12734 1
14 632 1
14 14969 1
14 14458 1
14 3197 1
14 11902 2
14 10097 1
14 5760 1
14 19133 1
14 6786 1
14 6787 2
14 5764 1
14 5765 1
14 13961 1
14 19596 1
14 12429 1
14 19598 1
14 1167 3
14 3217 1
14 3220 1
14 2841 1
14 9071 1
14 16543 1
14 6304 1
14 14704 1
14 16035 1
14 10728 1
14 3023 1
14 4263 2
14 15528 1
14 20649 3
14 683 1
14 22188 2
14 9901 1
14 1881 1
14 2224 1
14 19124 1
14 1717 1
14 12471 1
14 2745 2
14 3258 1
14 1823 1
14 8892 1
14 10429 1
14 7870 2
14 13685 1
14 14016 2
14 2244 1
14 5409 1
14 17608 1
14 9170 1
14 7370 1
14 20343 1
14 13516 1
14 20686 2
14 12495 1
14 5840 1
14 16436 1
14 3796 1
14 3278 1
14 22232 1
14 20187 3
14 4831 1
14 21523 1
14 9600 1
14 19238 1
14 16103 1
14 7400 1
14 19180 4
14 4818 1
14 7406 1
14 4221 1
14 12018 1
14 19187 2
14 14974 1
14 2003 1
14 3833 1
14 12164 1
14 18686 1
14 11904 1
14 2307 1
14 19716 1
14 8550 1
14 2310 1
14 18185 1
14 20234 1
14 17163 2
14 4364 1
14 10510 1
14 15119 3
14 11026 1
14 3203 1
14 4885 1
14 4868 3
14 13444 1
14 6938 1
14 6959 1
14 22224 1
14 797 1
14 13957 1
14 17184 1
14 18209 1
14 802 2
14 10532 1
14 3878 2
14 7463 1
14 10555 1
14 12585 1
14 13611 1
14 17313 1
14 1459 1
14 5935 1
14 3764 1
14 1844 1
14 15486 1
14 9527 1
14 2873 1
14 20794 1
14 16699 1
14 12604 1
14 1076 1
14 5745 1
14 3392 1
14 13493 1
14 16194 1
14 3395 1
14 6982 1
14 17790 1
14 17225 1
14 8012 1
14 20813 1
14 13453 1
14 12625 2
14 5970 1
14 8020 1
14 3413 1
14 15190 2
14 21305 1
14 3417 1
14 860 1
14 12602 1
14 8421 1
14 7520 1
14 22369 3
14 7010 1
14 5435 1
14 19814 1
14 1169 1
14 11113 1
14 10090 1
14 15723 1
14 9069 8
14 21613 1
14 6512 1
14 15080 1
14 16242 1
14 3987 1
14 15220 2
14 626 1
14 3958 1
14 7224 1
14 11708 2
14 12670 1
14 405 1
14 1408 1
14 17984 1
14 16770 1
14 10219 1
14 1924 1
14 9093 1
14 395 1
14 4492 2
14 8514 1
14 8079 1
14 11665 1
14 22339 1
14 6067 1
14 917 1
14 4507 1
14 861 2
14 13727 1
14 17312 2
14 6561 1
14 13730 1
14 4276 1
14 22041 1
14 15784 1
14 12188 1
14 22442 2
14 9644 1
14 11471 1
14 6064 1
14 7411 1
14 22601 1
14 16372 1
14 1467 1
14 19900 2
14 3629 1
14 11710 1
14 22463 2
14 22464 7
14 7584 1
14 11714 1
14 19396 1
14 16837 1
14 7110 1
14 20593 1
14 19401 2
14 13772 1
14 9167 2
14 7633 1
14 17362 1
14 16547 1
14 5795 1
14 4055 1
14 15268 1
14 10206 1
14 19938 1
14 2531 1
14 15332 1
14 21841 1
14 14985 1
14 489 1
14 10407 1
14 14324 1
14 18174 1
14 5623 1
14 6136 1
14 11771 1
14 13821 1
14 14677 1
15 12288 2
15 7683 1
15 7684 1
15 16901 1
15 14081 1
15 4104 1
15 7690 1
15 9227 1
15 17154 1
15 22030 1
15 10768 1
15 2392 1
15 10243 1
15 10264 1
15 10265 1
15 12425 1
15 22557 1
15 15903 6
15 20255 1
15 7003 1
15 3621 2
15 6695 1
15 11817 1
15 3626 1
15 5675 1
15 19464 1
15 1076 1
15 17975 1
15 14910 1
15 3647 1
15 7691 1
15 4960 1
15 20547 2
15 16054 2
15 22369 2
15 15434 1
15 22092 1
15 17485 1
15 11855 1
15 8376 1
15 21586 4
15 18005 1
15 14423 1
15 9816 1
15 5210 1
15 16989 1
15 19301 1
15 22032 1
15 3171 1
15 21605 1
15 16998 1
15 9831 1
15 9832 1
15 20585 1
15 8039 1
15 22124 1
15 14448 2
15 13937 1
15 1650 1
15 13428 1
15 19817 1
15 6687 1
15 20089 1
15 5755 1
15 19580 1
15 5246 1
15 20095 1
15 13440 1
15 15808 4
15 1899 1
15 19589 1
15 13449 1
15 15499 1
15 1164 1
15 5774 1
15 9069 2
15 1816 1
15 13763 1
15 19607 1
15 13466 1
15 21606 1
15 671 1
15 2160 1
15 5795 3
15 9892 1
15 17350 1
15 4263 2
15 1706 1
15 1991 1
15 9901 1
15 3758 1
15 11439 1
15 3760 1
15 12465 1
15 5811 1
15 19124 1
15 13493 2
15 22198 1
15 19401 1
15 15032 1
15 364 1
15 2747 1
15 8892 1
15 19133 1
15 7870 1
15 21696 1
15 20000 1
15 11461 1
15 9023 1
15 14024 1
15 15820 1
15 16588 1
15 20329 1
15 9424 2
15 14033 1
15 5330 1
15 14969 1
15 8996 1
15 9434 1
15 10972 1
15 10975 2
15 7904 1
15 18128 1
15 740 1
15 6375 2
15 22252 1
15 14469 1
15 20722 1
15 6901 1
15 3830 1
15 1786 1
15 18686 1
15 11007 1
15 14592 1
15 8449 2
15 13570 1
15 1067 1
15 4356 1
15 12549 1
15 12673 1
15 18185 2
15 22282 1
15 4364 7
15 21264 1
15 5394 1
15 10515 1
15 4884 2
15 16661 1
15 4868 4
15 5400 1
15 7471 2
15 797 1
15 4382 1
15 13445 1
15 18208 1
15 17188 1
15 21797 1
15 19238 1
15 2348 1
15 20281 1
15 2351 1
15 12082 1
15 17203 1
15 1844 2
15 16694 1
15 1673 1
15 2873 1
15 20794 1
15 8927 1
15 12604 1
15 19775 1
15 6464 1
15 16608 1
15 13849 1
15 19782 1
15 16012 1
15 18763 1
15 17740 1
15 8013 1
15 12110 1
15 20303 1
15 12625 2
15 18771 1
15 11604 1
15 14677 1
15 4438 2
15 9047 2
15 4440 1
15 7514 1
15 18267 3
15 861 1
15 22366 1
15 9593 1
15 22368 1
15 4496 1
15 15717 1
15 358 1
15 4497 1
15 5996 1
15 2279 1
15 11116 1
15 20882 1
15 17262 2
15 5489 2
15 20343 1
15 8568 2
15 12153 1
15 7889 1
15 21883 1
15 892 1
15 1309 1
15 3392 1
15 1412 1
15 14725 1
15 3201 1
15 17801 1
15 8401 1
15 16272 1
15 11665 1
15 7570 1
15 18324 1
15 917 1
15 4502 1
15 3991 1
15 21912 1
15 6041 1
15 7237 1
15 20384 3
15 14753 1
15 15273 1
15 9425 1
15 9067 1
15 11180 1
15 7154 1
15 5552 1
15 4019 1
15 9141 1
15 4425 1
15 9145 1
15 1466 2
15 1467 1
15 22460 1
15 22464 1
15 11714 1
15 20299 1
15 4038 1
15 7623 1
15 19519 1
15 1483 1
15 15308 1
15 9167 2
15 22571 1
15 18393 1
15 10205 3
15 10206 1
15 19939 1
15 18406 1
15 7655 1
15 18784 1
15 16366 1
15 16175 1
15 15442 1
15 494 1
15 16367 1
15 496 1
15 1521 1
15 9247 1
15 18942 1
15 6652 1
15 5118 1
