1 19073 1
1 8940 1
1 4364 1
1 7694 1
1 8079 1
1 528 1
1 17041 1
1 8214 1
1 18905 1
1 17818 2
1 28 1
1 18080 1
1 7256 1
1 5797 1
1 11946 1
1 8236 1
1 3629 1
1 21295 1
1 19124 1
1 9398 1
1 15448 2
1 12602 1
1 12734 1
1 22082 2
1 20555 1
1 13252 2
1 15393 1
1 6345 1
1 9290 1
1 20427 1
1 13388 1
1 15439 1
1 9554 1
1 9684 1
1 14677 1
1 14969 1
1 13912 1
1 2265 1
1 16858 1
1 9820 1
1 605 1
1 15456 1
1 12514 1
1 4497 1
1 8684 1
1 9069 1
1 16468 1
1 1141 1
1 8184 1
1 17657 1
1 11898 1
1 6652 1
1 637 1
1 9726 1
2 12288 2
2 8619 1
2 6661 1
2 3590 1
2 22551 1
2 18975 1
2 18976 1
2 545 1
2 18182 1
2 1576 1
2 18990 2
2 22082 2
2 13388 2
2 15949 1
2 13398 1
2 13915 1
2 16479 1
2 16998 1
2 3176 1
2 21613 1
2 9839 1
2 1140 1
2 1141 1
2 13944 1
2 11388 1
2 5246 1
2 1670 1
2 17546 1
2 17041 1
2 15508 1
2 19093 1
2 6807 1
2 7847 1
2 11946 1
2 683 1
2 22188 1
2 14509 1
2 7854 1
2 19631 1
2 19124 1
2 9924 1
2 13516 2
2 13520 1
2 7889 1
2 4831 1
2 21225 1
2 21739 1
2 15092 1
2 14592 2
2 11521 1
2 18179 1
2 4868 1
2 2309 1
2 2310 1
2 4364 1
2 15117 1
2 10510 1
2 7957 1
2 8493 1
2 3375 1
2 15666 1
2 22326 1
2 9023 1
2 3392 1
2 12354 1
2 12110 1
2 14677 1
2 10590 1
2 9069 1
2 879 1
2 9072 1
2 18804 1
2 6518 1
2 5495 1
2 8569 1
2 14485 2
2 2944 1
2 16775 1
2 5005 1
2 11662 1
2 21905 1
2 19347 1
2 15774 1
2 22442 2
2 12203 1
2 2606 1
2 8636 1
2 15808 1
2 8641 1
2 11714 1
2 3528 1
2 6732 1
2 20429 1
2 10709 1
2 16855 1
2 2525 1
2 12269 1
2 20463 1
2 8184 1
2 6652 1
3 9729 1
3 13316 1
3 18962 2
3 22551 1
3 15929 1
3 16224 1
3 12354 1
3 19019 1
3 18510 1
3 20055 1
3 12888 1
3 12891 1
3 8797 1
3 5728 1
3 15457 1
3 18022 1
3 21094 1
3 13929 1
3 1140 1
3 19062 1
3 19064 1
3 1147 1
3 19074 1
3 18056 1
3 18569 1
3 18073 1
3 10407 1
3 10408 3
3 21161 2
3 19124 1
3 5306 1
3 13517 1
3 212 1
3 9432 1
3 217 1
3 9435 1
3 10972 1
3 223 2
3 21739 1
3 1266 1
3 19192 1
3 12026 1
3 18173 1
3 18686 1
3 19716 2
3 17671 1
3 18818 1
3 3854 1
3 19219 1
3 7964 1
3 17181 1
3 5927 1
3 21295 1
3 7473 1
3 7986 1
3 5855 1
3 5948 1
3 20798 1
3 16193 1
3 22344 1
3 13129 2
3 9043 1
3 16220 1
3 7520 1
3 14689 3
3 13666 1
3 13161 1
3 6506 1
3 9069 2
3 16190 2
3 20854 1
3 10625 2
3 12162 1
3 15241 1
3 22414 1
3 1941 1
3 17818 1
3 20384 2
3 2480 1
3 2994 1
3 3512 1
3 16833 1
3 11714 3
3 3528 1
3 12235 1
3 9686 1
3 8189 1
3 21160 1
3 16379 1
3 16381 2
4 13316 1
4 14969 1
4 9901 1
4 18962 2
4 14868 1
4 4117 1
4 22551 2
4 5150 1
4 20010 1
4 21035 1
4 8236 1
4 20014 1
4 1074 3
4 8263 1
4 15432 1
4 6732 1
4 590 1
4 6741 1
4 8797 1
4 1631 1
4 11385 1
4 1147 3
4 13440 1
4 18054 1
4 9351 1
4 18571 1
4 16544 1
4 16547 2
4 10407 1
4 10408 1
4 21161 2
4 14509 1
4 11806 1
4 16055 1
4 11723 1
4 5321 1
4 13516 1
4 15575 1
4 17626 1
4 10972 3
4 7903 1
4 15584 1
4 225 1
4 5755 1
4 19172 1
4 5358 1
4 9969 1
4 1268 1
4 5417 1
4 18689 1
4 5163 1
4 15620 1
4 10625 3
4 7952 1
4 17688 1
4 20255 2
4 11555 1
4 19238 1
4 5929 2
4 19243 1
4 15660 1
4 12081 1
4 10555 1
4 16190 4
4 6464 1
4 16193 3
4 9033 1
4 4941 1
4 9555 1
4 14689 3
4 13159 1
4 17769 1
4 9069 1
4 9071 1
4 897 1
4 1927 1
4 17819 1
4 4509 1
4 20384 1
4 22450 1
4 12212 1
4 11709 1
4 22464 2
4 7072 1
4 6598 1
4 20427 1
4 9684 4
4 9686 1
4 4602 1
4 3064 1
4 14842 1
4 16379 1
5 13440 1
5 9729 1
5 3332 1
5 2309 1
5 7686 1
5 9351 1
5 16776 1
5 17162 1
5 22423 1
5 4364 3
5 16913 1
5 22418 1
5 9241 1
5 17688 1
5 15641 1
5 22557 1
5 5150 1
5 4037 1
5 15266 2
5 7332 1
5 5797 1
5 10407 1
5 20010 2
5 683 3
5 22188 1
5 20014 1
5 1076 1
5 9398 1
5 11710 1
5 2873 1
5 9677 1
5 19133 1
5 16190 1
5 11711 1
5 3392 1
5 12110 1
5 3395 1
5 15350 2
5 17292 1
5 13514 1
5 20429 3
5 19840 1
5 19405 1
5 16850 3
5 2003 2
5 16468 1
5 14677 1
5 10328 1
5 16548 1
5 10460 1
5 8797 1
5 4831 1
5 18528 1
5 2273 1
5 22500 1
5 2918 1
5 19943 1
5 9069 2
5 10625 2
5 18962 1
5 20468 1
5 1141 2
5 3702 1
5 14842 1
5 19114 1
6 13440 1
6 21739 2
6 9607 1
6 6790 1
6 9351 1
6 2443 1
6 6637 1
6 17807 1
6 2834 2
6 8964 1
6 19375 1
6 12061 1
6 5150 1
6 9247 1
6 8737 1
6 9606 1
6 15575 1
6 551 1
6 19114 1
6 16683 1
6 8626 1
6 8861 1
6 15664 1
6 3762 1
6 20019 1
6 7095 1
6 15548 1
6 21950 1
6 16706 2
6 8131 1
6 20292 1
6 22086 1
6 18017 1
6 22088 1
6 13516 2
6 12471 1
6 5708 1
6 20429 3
6 4942 1
6 4818 1
6 13907 1
6 10452 1
6 3927 1
6 9575 1
6 223 1
6 225 1
6 8421 1
6 2278 1
6 3943 1
6 13161 1
6 8043 3
6 18796 1
6 9069 2
6 18736 1
6 13063 1
6 14322 1
6 1140 1
6 6773 1
6 1147 1
6 6128 1
7 14592 1
7 12288 1
7 8641 1
7 4868 1
7 2183 1
7 22167 1
7 14509 1
7 21264 1
7 17681 1
7 3943 1
7 916 1
7 22551 1
7 15514 1
7 7206 1
7 22055 1
7 5248 1
7 22445 1
7 18222 1
7 17202 1
7 10057 1
7 3130 1
7 5309 1
7 6718 1
7 9170 1
7 22209 1
7 11714 2
7 12487 1
7 13516 1
7 10316 1
7 20429 2
7 12878 1
7 15441 1
7 21586 1
7 2003 2
7 6489 1
7 2273 1
7 13459 1
7 2278 2
7 22119 1
7 13161 1
7 21739 2
7 21613 1
7 9033 2
7 13937 1
7 15475 1
7 19578 1
7 1147 1
7 637 1
8 13316 2
8 18960 2
8 18962 1
8 19630 1
8 22551 1
8 15620 1
8 9247 2
8 20010 3
8 8236 1
8 15922 1
8 12343 1
8 8768 2
8 8263 1
8 17996 1
8 17490 1
8 15444 1
8 6741 4
8 8797 1
8 16479 3
8 16998 1
8 21094 1
8 3176 1
8 19900 1
8 21613 1
8 19056 2
8 2166 1
8 14969 2
8 21114 1
8 13435 1
8 22464 1
8 9351 1
8 14985 2
8 17548 1
8 5400 1
8 10912 1
8 16547 1
8 16548 1
8 22188 1
8 7854 1
8 16049 1
8 19124 1
8 16055 1
8 5309 1
8 9419 1
8 17107 1
8 15575 2
8 15994 1
8 21739 1
8 18681 1
8 15615 1
8 8964 1
8 2309 1
8 10510 1
8 15119 1
8 4884 1
8 17176 1
8 19226 1
8 20255 1
8 17184 1
8 19243 1
8 15660 2
8 5934 1
8 21295 1
8 13113 1
8 6458 1
8 13117 1
8 16706 1
8 13128 1
8 9550 1
8 2407 2
8 13161 1
8 3434 1
8 8043 3
8 17810 1
8 21364 1
8 15128 1
8 8579 1
8 20882 1
8 19347 1
8 916 1
8 11161 1
8 2990 1
8 4022 1
8 10684 1
8 15808 1
8 13255 1
8 6732 2
8 18891 1
8 11737 2
8 20463 1
8 4601 1
8 4602 1
8 16893 1
8 5119 1
9 1537 1
9 9729 1
9 19116 1
9 528 1
9 18962 1
9 4117 1
9 22557 1
9 5150 1
9 9247 1
9 4647 1
9 20010 2
9 20014 1
9 1074 1
9 1079 1
9 13881 1
9 13884 1
9 12350 1
9 1089 1
9 12354 2
9 13894 1
9 15432 1
9 4364 1
9 6732 2
9 8797 1
9 2064 1
9 20076 1
9 21613 3
9 11887 1
9 13937 2
9 14969 2
9 19102 1
9 14495 1
9 16546 1
9 16548 1
9 6513 1
9 3752 1
9 21161 2
9 17067 1
9 22188 1
9 8878 1
9 16050 1
9 5301 1
9 12471 1
9 17622 2
9 9945 1
9 10972 2
9 19172 1
9 5358 1
9 8437 1
9 15096 1
9 1280 1
9 16131 1
9 2309 1
9 11531 1
9 20748 1
9 15117 2
9 19741 1
9 9691 1
9 19238 1
9 15660 1
9 18222 1
9 15666 1
9 19765 1
9 6458 1
9 6459 1
9 1340 1
9 16190 1
9 3392 1
9 16193 2
9 15682 1
9 15687 1
9 5450 3
9 5451 5
9 20303 1
9 2899 1
9 16220 2
9 7520 1
9 14690 1
9 5489 1
9 20851 1
9 20854 1
9 10625 1
9 2437 1
9 17290 1
9 2443 2
9 916 1
9 20384 1
9 15344 1
9 12360 1
9 12212 1
9 20468 1
9 16543 1
9 3006 1
9 22464 2
9 14800 1
9 9684 1
9 10203 2
9 10206 1
9 2025 1
9 11760 1
9 18420 1
9 10409 1
10 9729 1
10 8193 1
10 9684 1
10 2063 2
10 18962 1
10 22551 4
10 13848 1
10 6685 1
10 7710 1
10 9247 1
10 20010 6
10 22571 1
10 20014 3
10 20019 1
10 1076 1
10 12855 1
10 5691 1
10 12354 1
10 12360 1
10 6732 1
10 6741 2
10 10329 1
10 8797 2
10 18528 1
10 19553 1
10 9831 1
10 7785 1
10 21611 1
10 11887 1
10 13937 1
10 1140 1
10 1141 3
10 15992 1
10 11385 3
10 2173 1
10 18046 1
10 15808 1
10 1669 1
10 18067 1
10 19093 1
10 13978 1
10 16543 1
10 5800 1
10 10409 1
10 2734 1
10 10939 1
10 15548 1
10 13516 1
10 7117 1
10 4818 1
10 4823 1
10 11995 1
10 10972 1
10 4831 2
10 21739 2
10 18668 1
10 10365 1
10 11511 1
10 15609 1
10 10408 2
10 18173 1
10 15616 1
10 16135 2
10 2834 2
10 16150 1
10 1305 1
10 2437 1
10 219 1
10 15660 1
10 5934 1
10 7985 1
10 2873 1
10 9677 1
10 223 2
10 12093 1
10 21824 1
10 16193 2
10 5450 1
10 5451 3
10 20817 1
10 2899 3
10 14677 3
10 15704 1
10 16220 1
10 22369 1
10 22414 1
10 7527 1
10 6507 1
10 9069 3
10 20285 1
10 12656 1
10 22386 1
10 17273 1
10 7039 1
10 10625 2
10 14725 1
10 2443 2
10 17806 2
10 11151 2
10 12183 1
10 11161 1
10 20463 1
10 20384 1
10 17313 4
10 16804 1
10 12212 1
10 12213 1
10 11711 1
10 22464 2
10 8641 1
10 11714 1
10 20429 1
10 16340 1
10 9686 2
10 12265 1
10 7659 1
10 15855 1
10 2033 1
10 4602 1
10 16379 1
11 14592 1
11 897 1
11 6787 1
11 13316 1
11 18964 1
11 12288 1
11 6791 1
11 14985 1
11 17162 1
11 9687 1
11 13452 1
11 16525 1
11 4623 1
11 16272 1
11 17681 1
11 18962 1
11 17811 1
11 19476 1
11 13723 1
11 4636 1
11 22557 1
11 5150 1
11 16543 1
11 15664 3
11 6822 1
11 17575 1
11 3113 1
11 683 1
11 13612 1
11 2990 1
11 18736 2
11 19505 1
11 20851 1
11 15540 1
11 16798 1
11 310 1
11 7095 1
11 15160 1
11 5433 1
11 10556 1
11 12093 1
11 12350 1
11 6208 1
11 9555 1
11 19396 1
11 22086 1
11 6984 1
11 8393 1
11 13516 1
11 13389 1
11 6733 1
11 8636 1
11 2899 3
11 8770 1
11 5625 1
11 1167 1
11 3421 1
11 22418 1
11 10889 1
11 2025 1
11 8421 1
11 22464 1
11 12625 1
11 6760 1
11 8041 1
11 22282 1
11 8043 1
11 9069 1
11 15472 1
11 6867 1
11 1140 3
11 13502 1
11 11511 1
11 4601 2
11 20882 1
11 6506 1
12 16384 1
12 21888 1
12 21035 1
12 7684 1
12 9606 2
12 14969 1
12 17416 1
12 18569 1
12 2443 2
12 4364 1
12 5186 1
12 19088 1
12 17681 1
12 2834 1
12 8387 1
12 13460 1
12 430 1
12 15660 1
12 12699 1
12 18973 1
12 12702 1
12 16035 1
12 20389 1
12 4647 1
12 680 1
12 17579 1
12 4012 2
12 7854 1
12 7471 1
12 15664 5
12 1067 1
12 8626 1
12 437 1
12 12471 2
12 15163 1
12 11708 1
12 13502 1
12 22463 2
12 22557 2
12 7520 1
12 12354 1
12 20427 1
12 22086 1
12 13255 1
12 15817 1
12 7242 2
12 9035 2
12 2001 1
12 12110 1
12 20303 1
12 16592 1
12 9041 1
12 2899 1
12 18389 1
12 4823 2
12 9245 1
12 19678 1
12 1141 1
12 5728 1
12 14689 1
12 19938 1
12 22373 2
12 22119 1
12 1280 1
12 8043 1
12 10408 1
12 14448 1
12 13937 1
12 5746 1
12 9555 1
12 20798 1
12 22262 1
12 16276 1
12 18042 1
12 5755 1
12 11714 1
13 12288 1
13 5634 1
13 20494 1
13 18962 1
13 22557 2
13 9247 1
13 4647 2
13 21035 1
13 16434 1
13 20019 1
13 5691 1
13 13889 1
13 12354 1
13 22086 1
13 10826 1
13 15444 1
13 3171 1
13 22119 1
13 3943 1
13 18030 1
13 13937 2
13 1141 1
13 1669 1
13 13452 1
13 13460 2
13 16543 1
13 19113 1
13 22188 1
13 10927 1
13 12471 1
13 801 1
13 9417 2
13 4810 1
13 13516 1
13 4304 1
13 20181 1
13 15575 1
13 13532 1
13 223 1
13 7392 1
13 20519 1
13 16625 1
13 18174 1
13 14081 1
13 17162 1
13 4366 1
13 18191 1
13 2835 1
13 17688 1
13 18736 1
13 20018 1
13 7471 1
13 15664 3
13 18483 1
13 10555 1
13 2442 1
13 20798 1
13 9543 1
13 9033 1
13 9043 3
13 14677 2
13 5471 1
13 22369 1
13 1895 1
13 8043 2
13 13681 1
13 12151 2
13 18808 1
13 21888 1
13 16260 1
13 9606 1
13 3466 1
13 2443 2
13 17811 2
13 11159 1
13 14745 1
13 12699 1
13 15773 1
13 12702 1
13 20384 2
13 1947 1
13 4013 2
13 8626 1
13 19900 1
13 7242 1
13 9176 1
13 18406 1
13 2025 1
13 16366 1
13 1525 1
13 12799 1
14 13316 1
14 18962 1
14 22551 1
14 5150 1
14 5155 1
14 21544 1
14 20010 2
14 2606 1
14 9779 1
14 19508 1
14 5690 1
14 3134 1
14 12354 2
14 6732 1
14 13389 1
14 6741 1
14 12888 2
14 16479 1
14 10850 1
14 19900 1
14 13937 2
14 21107 1
14 1140 1
14 14969 1
14 15994 1
14 1147 1
14 5246 1
14 12927 1
14 9351 1
14 11913 1
14 12940 1
14 8045 1
14 13459 1
14 13460 2
14 4774 1
14 10408 2
14 19113 1
14 22186 1
14 8391 1
14 17070 1
14 10927 1
14 17093 1
14 18119 1
14 1744 1
14 15061 1
14 11385 1
14 13532 1
14 4304 1
14 7395 1
14 15588 1
14 21739 1
14 14574 1
14 18182 1
14 2348 1
14 20747 1
14 19238 1
14 18215 1
14 19243 1
14 15660 3
14 7471 1
14 15664 2
14 9527 1
14 6459 1
14 2443 1
14 9543 1
14 17225 1
14 14677 1
14 8043 1
14 9069 2
14 12655 2
14 12350 1
14 12170 1
14 9611 1
14 13202 1
14 17811 1
14 19348 1
14 15774 2
14 13740 1
14 12717 1
14 2990 1
14 11708 1
14 11714 1
14 3524 1
14 13961 1
14 15817 1
14 22418 1
14 7650 1
14 6822 1
14 15855 1
14 11760 1
14 21160 1
14 10747 1
14 508 1
15 12288 1
15 4013 1
15 17424 1
15 9755 1
15 9247 2
15 4647 3
15 1576 1
15 3629 2
15 11827 1
15 20537 1
15 13884 1
15 13389 1
15 18512 1
15 17494 1
15 15448 1
15 6760 1
15 13937 1
15 15994 1
15 2173 1
15 13440 1
15 8841 1
15 22186 1
15 14509 1
15 3250 1
15 13493 1
15 11451 1
15 5309 1
15 10436 1
15 11463 1
15 200 1
15 12333 1
15 6351 1
15 4821 2
15 15575 1
15 9945 1
15 5339 1
15 7392 1
15 11815 1
15 10988 1
15 11511 1
15 1285 1
15 4364 2
15 18191 2
15 7451 3
15 18736 1
15 15144 1
15 3881 1
15 15664 3
15 11913 1
15 6459 1
15 11600 3
15 20817 1
15 20818 1
15 12633 1
15 16220 1
15 8764 1
15 8043 2
15 18796 1
15 9069 5
15 9074 1
15 20851 1
15 8062 1
15 21739 1
15 15752 1
15 2443 2
15 14222 1
15 15250 1
15 917 2
15 21912 1
15 14236 1
15 12190 1
15 9121 1
15 9125 3
15 1959 1
15 16301 1
15 22449 1
15 7095 1
15 15288 1
15 5567 1
15 1475 1
15 2500 1
15 21957 1
15 4343 1
15 17881 1
15 19942 1
15 20468 1
15 16374 1
15 508 1
16 12288 1
16 5635 1
16 22024 1
16 9244 1
16 22557 1
16 9247 1
16 8749 3
16 8238 1
16 12354 1
16 13891 1
16 18525 1
16 5731 1
16 18540 1
16 11887 1
16 14448 1
16 13937 1
16 11898 1
16 5755 1
16 13440 1
16 7303 1
16 13452 1
16 17549 1
16 20626 1
16 19092 1
16 6300 1
16 680 1
16 22186 1
16 19116 1
16 9901 1
16 3758 1
16 3762 1
16 19124 2
16 5818 1
16 19133 1
16 18114 1
16 8387 1
16 4818 1
16 4822 2
16 1757 1
16 8929 1
16 228 1
16 10983 1
16 7937 1
16 15574 1
16 18183 1
16 4364 1
16 4366 1
16 1069 1
16 2606 1
16 17184 3
16 17187 1
16 15660 2
16 15664 2
16 16177 1
16 6969 1
16 10556 1
16 12093 1
16 9033 1
16 12110 2
16 14677 1
16 21341 1
16 11111 1
16 8043 4
16 18796 1
16 9069 3
16 21364 1
16 19829 1
16 12663 1
16 917 1
16 14725 1
16 17290 1
16 2443 1
16 22416 1
16 22421 1
16 12699 1
16 12702 1
16 4000 1
16 9132 1
16 4526 1
16 1976 1
16 20924 1
16 19394 1
16 3528 1
16 20429 1
16 7637 1
16 19938 1
16 18406 1
16 14834 1
16 8185 1
16 508 1
16 8189 1
16 12799 1
17 16131 1
17 1412 1
17 11909 1
17 16262 1
17 22024 1
17 12664 1
17 3339 1
17 17549 1
17 20494 1
17 1167 1
17 20882 1
17 8771 1
17 14868 1
17 2325 1
17 22551 1
17 7556 2
17 8346 1
17 2443 1
17 22557 1
17 7204 1
17 9121 2
17 17187 1
17 7460 1
17 9125 2
17 4647 1
17 20649 1
17 683 1
17 9132 1
17 8749 1
17 20014 3
17 18973 1
17 18736 1
17 8498 1
17 12212 1
17 496 1
17 8250 1
17 7055 1
17 19133 4
17 9072 1
17 19394 1
17 20803 4
17 20854 1
17 15664 4
17 6809 1
17 13129 3
17 14492 1
17 12110 1
17 15441 1
17 6030 1
17 4823 1
17 7897 1
17 18191 1
17 13532 1
17 15976 1
17 15583 1
17 19113 1
17 5096 1
17 228 1
17 9606 1
17 12391 1
17 6760 1
17 22121 1
17 3562 1
17 8043 5
17 18540 1
17 9069 1
17 14574 2
17 8765 6
17 14448 1
17 21617 3
17 4115 1
17 16372 1
17 18293 1
17 1526 1
17 7785 1
17 16220 1
17 4601 1
17 18042 1
17 232 1
17 12414 1
17 14677 2
18 13316 1
18 7695 1
18 16606 1
18 9237 1
18 10262 1
18 22551 1
18 3588 1
18 17435 1
18 22557 1
18 20000 1
18 3626 1
18 1067 1
18 20526 1
18 3634 1
18 7219 3
18 12852 1
18 12350 1
18 1076 2
18 8569 1
18 18017 1
18 11850 2
18 588 1
18 10329 1
18 2063 1
18 7952 1
18 21604 2
18 19555 1
18 7780 1
18 8306 1
18 7284 1
18 1141 1
18 11385 1
18 1147 1
18 18049 1
18 6787 1
18 6790 1
18 17549 1
18 13459 1
18 14485 1
18 13979 1
18 10915 1
18 9380 2
18 683 1
18 22188 2
18 19124 2
18 1140 2
18 15548 1
18 19133 2
18 5323 1
18 13516 4
18 18128 1
18 5753 1
18 11992 1
18 17626 1
18 13022 1
18 7903 2
18 8421 1
18 5863 1
18 16625 1
18 1280 1
18 2309 1
18 19718 1
18 13072 1
18 2846 1
18 16159 1
18 18736 1
18 3369 1
18 15660 1
18 21295 1
18 15664 2
18 17630 1
18 22617 2
18 5684 1
18 20794 2
18 223 1
18 7999 1
18 1857 1
18 12110 3
18 12111 1
18 4947 1
18 14677 1
18 9047 1
18 16220 1
18 8043 1
18 9069 2
18 9072 2
18 12153 1
18 11133 1
18 8574 1
18 897 1
18 1412 1
18 9606 2
18 17806 2
18 4497 1
18 19348 1
18 7062 1
18 18841 1
18 17818 3
18 14751 1
18 15776 1
18 9132 1
18 2990 2
18 16287 1
18 8636 2
18 6732 1
18 4037 1
18 4038 2
18 19401 1
18 21962 1
18 20427 1
18 20429 1
18 17872 1
18 10710 1
18 18911 1
18 10737 1
18 1526 1
18 6136 1
19 6144 1
19 9729 1
19 13316 2
19 22024 1
19 17435 3
19 18975 1
19 20000 1
19 8229 1
19 20520 1
19 16220 1
19 8236 1
19 9261 1
19 1074 1
19 3636 1
19 11835 1
19 8260 1
19 13388 1
19 13901 1
19 15442 1
19 16981 1
19 20571 1
19 21613 1
19 1140 1
19 11381 1
19 4217 1
19 18042 1
19 1147 1
19 2173 1
19 18564 1
19 13445 1
19 7303 2
19 11414 1
19 15514 1
19 7326 1
19 4774 1
19 22188 1
19 19124 1
19 15548 1
19 19133 1
19 13516 1
19 14035 1
19 9945 1
19 8421 1
19 18673 1
19 14081 1
19 18185 2
19 3629 1
19 4886 1
19 15641 1
19 15664 2
19 16164 1
19 19238 1
19 1671 2
19 18736 1
19 6458 2
19 15681 1
19 20291 1
19 20292 1
19 16714 1
19 20303 1
19 9047 1
19 18267 1
19 7516 1
19 7520 1
19 9069 1
19 22383 1
19 22385 2
19 12151 1
19 14713 1
19 1002 1
19 6806 1
19 9606 3
19 19349 1
19 11672 1
19 22426 1
19 20384 1
19 18851 2
19 22437 1
19 11692 1
19 6069 1
19 21950 1
19 6606 1
19 9687 1
19 6106 1
19 8156 1
19 22499 1
19 21476 1
19 11749 1
19 3562 1
19 6128 1
19 2034 1
19 4601 1
19 11771 2
20 12288 1
20 13316 1
20 8449 1
20 11279 1
20 10262 1
20 22551 2
20 19460 1
20 17435 1
20 11820 1
20 11835 1
20 13388 1
20 8797 1
20 11874 1
20 9833 1
20 3692 1
20 4209 1
20 1140 1
20 11385 1
20 13435 1
20 637 1
20 18046 1
20 20611 1
20 5259 1
20 16017 1
20 9887 1
20 10407 1
20 14509 1
20 10927 1
20 19124 1
20 5815 1
20 18108 1
20 14016 1
20 16578 1
20 11471 1
20 20692 1
20 15574 1
20 21739 2
20 13937 1
20 18174 1
20 7040 1
20 1580 1
20 17163 1
20 15119 1
20 7952 1
20 17185 1
20 17188 1
20 3373 1
20 21295 1
20 18736 1
20 15666 2
20 10036 1
20 9015 1
20 18746 1
20 12604 1
20 21824 1
20 9035 1
20 21841 1
20 16220 1
20 22369 1
20 7018 1
20 8556 1
20 4986 2
20 4992 1
20 6464 1
20 12162 1
20 16260 1
20 14217 1
20 5514 1
20 9901 1
20 22416 1
20 916 1
20 17818 1
20 2460 1
20 20384 1
20 931 2
20 22442 1
20 1454 1
20 5554 1
20 19900 1
20 11709 1
20 588 1
20 20427 1
20 10709 1
20 15830 1
20 14808 1
20 20463 1
20 10740 1
20 4603 1
20 4604 1
21 12288 1
21 12805 2
21 1032 1
21 11790 1
21 2063 1
21 4868 1
21 3098 1
21 9247 1
21 20519 1
21 8233 1
21 18990 1
21 4957 1
21 7741 1
21 12350 1
21 20547 1
21 588 1
21 12878 1
21 10837 1
21 13398 1
21 19543 1
21 10329 1
21 8797 1
21 18022 1
21 8636 1
21 3183 2
21 15985 1
21 4723 1
21 1140 3
21 22133 1
21 18559 1
21 2176 1
21 1681 1
21 18080 1
21 13476 1
21 11950 1
21 13490 1
21 18463 1
21 11969 1
21 6732 1
21 20170 1
21 7380 1
21 22229 1
21 6876 1
21 12509 1
21 7902 1
21 7903 1
21 8421 1
21 5866 2
21 5867 1
21 757 1
21 14592 2
21 8449 1
21 14084 1
21 2309 1
21 12076 1
21 17163 1
21 15119 2
21 16659 1
21 22295 1
21 15128 1
21 5918 1
21 16679 1
21 15660 1
21 10545 1
21 15666 1
21 17206 1
21 19767 1
21 4831 1
21 1359 1
21 9047 1
21 16220 1
21 15709 1
21 15199 1
21 2407 1
21 19817 1
21 8569 1
21 19349 1
21 9606 1
21 11662 1
21 16272 1
21 19347 2
21 917 1
21 21912 1
21 11161 1
21 18853 1
21 15273 1
21 22442 1
21 19900 2
21 22464 1
21 8641 1
21 11719 1
21 19913 1
21 5069 1
21 999 1
21 8686 1
22 14592 1
22 13316 1
22 11787 1
22 13331 1
22 9237 1
22 17435 1
22 1576 1
22 1074 1
22 1076 1
22 11334 1
22 12360 1
22 13388 1
22 12878 4
22 592 1
22 598 1
22 10328 1
22 14437 1
22 21605 1
22 11392 1
22 1140 1
22 1141 1
22 11898 1
22 637 1
22 5246 2
22 3711 1
22 21632 1
22 139 1
22 5058 1
22 13474 1
22 16547 2
22 13478 1
22 13992 1
22 22188 1
22 17070 1
22 4276 1
22 8375 1
22 15548 1
22 9918 1
22 12481 1
22 5832 1
22 8919 1
22 7392 1
22 8425 3
22 2289 1
22 10996 1
22 18175 1
22 11008 1
22 5248 1
22 16131 1
22 15109 3
22 19718 1
22 7433 1
22 268 1
22 7952 1
22 281 1
22 5916 2
22 16159 1
22 16672 1
22 7457 1
22 1834 1
22 21295 1
22 21935 1
22 5435 1
22 839 1
22 17743 1
22 14677 1
22 14680 1
22 859 1
22 16220 2
22 15199 1
22 18785 1
22 16226 1
22 13677 1
22 1257 1
22 12666 1
22 12673 1
22 16260 1
22 13704 1
22 13710 1
22 19347 1
22 22426 1
22 15774 1
22 22442 1
22 2990 1
22 12207 1
22 18866 2
22 18867 1
22 15292 1
22 8641 1
22 11714 1
22 5577 1
22 20429 1
22 10705 1
22 16340 1
22 18904 1
22 19938 1
22 19939 1
22 19943 1
22 3060 2
22 19959 2
22 4601 1
23 17067 1
23 13316 1
23 1030 1
23 14595 2
23 16414 1
23 3590 1
23 13353 1
23 12842 1
23 11528 1
23 1076 1
23 6713 1
23 19519 1
23 12354 1
23 12360 1
23 10825 1
23 588 1
23 13389 3
23 12878 2
23 13398 1
23 18030 2
23 21103 1
23 1140 1
23 1664 1
23 13445 1
23 17548 1
23 14484 1
23 14488 1
23 13467 1
23 14493 1
23 18080 1
23 13476 1
23 4267 1
23 19116 1
23 17070 1
23 10927 1
23 5306 1
23 12994 1
23 1744 2
23 18140 1
23 15584 1
23 16103 1
23 8425 3
23 21739 2
23 16460 1
23 18473 1
23 15096 1
23 17150 2
23 14592 2
23 8449 3
23 4867 1
23 7432 1
23 17163 1
23 15119 1
23 13077 1
23 17181 1
23 5927 1
23 15660 2
23 22326 1
23 5433 1
23 17211 1
23 3392 1
23 20298 1
23 18252 1
23 4943 1
23 2914 1
23 5435 1
23 2917 1
23 7911 1
23 20556 1
23 21878 1
23 5268 1
23 6976 1
23 19334 1
23 16263 1
23 19336 1
23 16777 1
23 11662 1
23 19347 1
23 19348 1
23 18837 1
23 21912 2
23 18841 1
23 11162 1
23 19355 1
23 15266 2
23 5541 1
23 22442 3
23 18866 3
23 18867 2
23 21429 1
23 13243 1
23 6732 1
23 8641 1
23 11714 1
23 7110 1
23 6220 1
23 11511 2
23 15820 1
23 5863 1
23 7137 1
23 487 1
23 13800 1
23 2025 1
23 8684 1
23 16373 1
23 18428 1
24 12288 1
24 897 1
24 13865 1
24 10886 1
24 22024 1
24 18528 1
24 13453 1
24 10510 1
24 7055 3
24 13388 1
24 18200 1
24 3731 1
24 4884 1
24 2089 1
24 22551 1
24 17688 1
24 15514 1
24 10012 1
24 22557 1
24 5918 1
24 15903 1
24 20384 1
24 2850 1
24 11555 1
24 7463 1
24 22568 2
24 21161 1
24 22442 1
24 22443 1
24 12076 1
24 8621 1
24 7854 1
24 16055 1
24 1074 1
24 5389 1
24 694 1
24 17975 1
24 20794 1
24 3643 1
24 19132 1
24 15037 1
24 9023 1
24 15584 1
24 8261 1
24 12999 1
24 17608 1
24 14172 1
24 13514 1
24 11511 2
24 13516 1
24 20813 2
24 9038 1
24 9167 1
24 9041 1
24 2131 1
24 10836 1
24 14677 2
24 15575 1
24 18904 1
24 15705 1
24 16220 1
24 18042 1
24 7006 1
24 21962 1
24 1147 2
24 2278 1
24 5351 1
24 22332 1
24 21739 2
24 12908 1
24 9069 2
24 12093 1
24 11760 2
24 7921 1
24 6770 1
24 14325 1
24 17015 1
24 12538 1
24 16379 1
24 11946 1
24 20565 1
24 22015 1
25 12288 1
25 9729 1
25 3588 1
25 3073 1
25 8203 1
25 10254 1
25 1564 1
25 18975 2
25 14882 1
25 18467 1
25 8236 1
25 12848 1
25 9777 2
25 3634 1
25 20024 1
25 22585 1
25 8268 1
25 13901 1
25 22100 1
25 3670 1
25 3769 1
25 2648 1
25 12891 1
25 22108 1
25 11360 1
25 11880 1
25 20075 1
25 20076 1
25 16146 1
25 13937 2
25 10003 1
25 1140 2
25 1141 3
25 11898 1
25 13951 1
25 5248 1
25 7299 1
25 18564 1
25 11969 1
25 18056 1
25 14986 2
25 1163 1
25 21613 3
25 13460 1
25 22167 1
25 5797 1
25 18603 1
25 3257 1
25 20159 1
25 16064 1
25 17089 1
25 21505 1
25 21714 1
25 9435 1
25 8425 1
25 21739 3
25 20204 1
25 13549 1
25 2289 1
25 12018 1
25 17659 1
25 6396 1
25 5375 1
25 4866 1
25 1580 1
25 2314 1
25 17681 1
25 2834 1
25 2835 2
25 17688 1
25 20762 1
25 7463 2
25 8490 1
25 7473 1
25 17721 1
25 1340 1
25 21824 1
25 4929 1
25 6984 1
25 9038 1
25 11600 1
25 12625 1
25 11604 1
25 19286 1
25 12089 1
25 2394 1
25 16220 1
25 6494 1
25 2407 1
25 16746 1
25 9069 1
25 22383 1
25 20851 1
25 12151 1
25 8056 1
25 12154 1
25 897 1
25 9602 1
25 9606 1
25 10631 1
25 6537 1
25 12183 1
25 7055 1
25 16273 1
25 17810 1
25 15251 1
25 17814 3
25 22423 1
25 11675 1
25 15263 1
25 13733 1
25 6571 2
25 18674 1
25 9651 3
25 9654 4
25 17849 1
25 21953 1
25 3528 2
25 13388 2
25 12746 1
25 8144 1
25 2522 1
25 18911 1
25 21994 1
25 5612 1
25 20463 1
25 20564 1
25 9212 1
26 1280 2
26 897 1
26 3331 1
26 388 1
26 12805 1
26 9831 1
26 9729 1
26 4364 3
26 20877 1
26 21613 4
26 15448 2
26 2834 1
26 22421 1
26 17688 1
26 5529 1
26 15514 1
26 3375 2
26 14492 1
26 22557 1
26 17819 1
26 15442 2
26 18981 1
26 22055 1
26 3113 1
26 11946 1
26 683 1
26 22188 1
26 12717 2
26 5934 1
26 21295 2
26 22148 1
26 19124 1
26 20203 1
26 4276 1
26 6702 1
26 8906 1
26 11714 2
26 18904 1
26 7370 1
26 11979 1
26 17996 1
26 20429 2
26 9038 1
26 7888 2
26 11729 1
26 9170 1
26 16851 1
26 14677 1
26 9816 1
26 9945 1
26 2394 1
26 15451 1
26 20389 1
26 2522 1
26 12390 1
26 20177 1
26 8274 1
26 19305 1
26 6183 1
26 20717 1
26 12016 1
26 1140 1
26 1141 1
26 17657 1
26 11898 2
26 20882 1
26 5246 1
26 12799 1
27 2847 1
27 20075 1
27 3141 1
27 11101 1
27 12081 1
27 12265 1
27 16106 1
27 13399 1
27 13677 1
27 18990 1
27 3375 1
27 11421 1
27 17016 1
27 13492 1
27 18905 1
27 15448 1
27 13741 1
27 20271 1
27 637 1
27 14301 2
27 9887 2
