1 8449 1
1 14082 1
1 18819 1
1 4868 1
1 15239 1
1 20232 1
1 2839 1
1 4364 1
1 22573 1
1 8079 1
1 7952 1
1 2322 1
1 16661 1
1 3991 2
1 19133 1
1 21871 1
1 797 1
1 9887 1
1 20384 1
1 6561 1
1 10531 1
1 20519 1
1 15273 1
1 17067 1
1 3629 1
1 13389 1
1 7797 1
1 12673 1
1 15432 1
1 12852 1
1 21304 1
1 21305 1
1 18108 1
1 9069 1
1 9791 1
1 22464 2
1 16961 1
1 11714 1
1 13507 1
1 14020 1
1 8264 1
1 20429 1
1 15565 1
1 16888 1
1 8660 1
1 7637 1
1 4440 1
1 12717 1
1 15119 1
1 4316 1
1 3758 1
1 1921 1
1 4834 1
1 4836 1
1 9167 1
1 19559 1
1 9832 1
1 5869 1
1 15982 1
1 18159 1
1 3061 1
1 17016 1
1 13817 1
1 5371 1
1 18197 1
2 12288 1
2 9732 1
2 5637 1
2 6150 1
2 18442 1
2 11787 1
2 17435 1
2 18975 1
2 7200 1
2 17441 1
2 3803 1
2 20519 1
2 8749 1
2 12852 1
2 16961 4
2 13890 1
2 20547 2
2 1607 1
2 588 1
2 13389 1
2 10837 2
2 13398 1
2 5722 1
2 603 1
2 6750 1
2 17851 1
2 21094 1
2 21613 1
2 623 1
2 5232 1
2 6773 1
2 7287 1
2 14969 1
2 15994 1
2 11887 1
2 22464 3
2 12930 1
2 4755 1
2 5273 1
2 10436 1
2 16539 1
2 20638 1
2 20642 1
2 4263 1
2 12465 1
2 8376 1
2 700 1
2 19133 1
2 14016 1
2 15042 1
2 13507 1
2 14020 3
2 13512 1
2 8401 1
2 6094 1
2 22234 1
2 3023 1
2 12510 1
2 1764 1
2 10449 1
2 16252 1
2 11815 1
2 22252 1
2 21234 1
2 17790 1
2 5371 1
2 15617 1
2 10499 1
2 19204 1
2 4884 1
2 2839 1
2 2841 6
2 8989 1
2 15579 1
2 21801 1
2 17203 1
2 7477 1
2 13622 1
2 16695 1
2 13113 1
2 11070 1
2 3392 2
2 11604 1
2 21845 1
2 4438 1
2 21305 1
2 2394 1
2 22363 1
2 17248 1
2 1378 1
2 1380 1
2 22374 1
2 9069 2
2 12656 2
2 15736 1
2 17788 1
2 8574 1
2 12673 2
2 22508 1
2 20882 1
2 3991 1
2 7582 1
2 8607 1
2 20384 2
2 9434 1
2 12716 1
2 4525 1
2 16302 1
2 7089 1
2 13240 1
2 14751 1
2 16828 1
2 4030 1
2 4032 2
2 17352 1
2 6090 1
2 11726 1
2 9167 1
2 14288 1
2 8660 1
2 5591 1
2 8669 1
2 19939 1
2 7660 1
2 8685 1
2 16366 1
2 16367 1
2 4599 1
2 4602 1
2 6652 1
3 12288 1
3 19460 1
3 19461 1
3 16902 1
3 10763 1
3 22032 1
3 8214 1
3 13850 1
3 13851 1
3 17441 1
3 20519 1
3 22571 1
3 1068 1
3 17424 1
3 16946 1
3 564 1
3 12343 1
3 16952 1
3 19124 1
3 12349 1
3 12354 1
3 20547 1
3 3652 1
3 8268 1
3 3151 2
3 18005 1
3 9816 1
3 6750 1
3 18528 1
3 15632 1
3 10939 1
3 14448 2
3 13937 1
3 626 1
3 17523 2
3 1141 3
3 7287 1
3 632 1
3 1152 1
3 5910 1
3 14473 1
3 1163 1
3 8333 1
3 1167 1
3 21187 1
3 18068 1
3 1174 1
3 14495 1
3 6304 1
3 4257 1
3 17063 1
3 9898 1
3 22188 1
3 9901 1
3 15534 1
3 4276 1
3 16054 1
3 8376 1
3 3258 1
3 4795 2
3 4796 1
3 19133 6
3 4799 1
3 13507 1
3 14020 1
3 13515 1
3 11471 1
3 3803 1
3 15581 1
3 7902 1
3 4834 1
3 8571 1
3 11815 1
3 21228 1
3 22262 1
3 15610 1
3 5371 1
3 14081 1
3 14088 1
3 20234 2
3 4364 1
3 11024 1
3 2323 1
3 4886 1
3 2839 1
3 2840 1
3 2841 2
3 8989 1
3 801 1
3 15751 1
3 7218 1
3 18222 1
3 17202 1
3 15582 1
3 21305 6
3 20284 1
3 20285 1
3 7487 1
3 8512 1
3 17218 2
3 21318 1
3 6484 1
3 6489 1
3 3418 1
3 22369 1
3 15717 1
3 9069 2
3 15735 1
3 3960 1
3 3961 1
3 7035 1
3 12670 1
3 1922 1
3 16773 2
3 3974 1
3 18311 1
3 15754 1
3 8607 2
3 19364 1
3 16301 1
3 16302 1
3 5554 1
3 18364 1
3 4030 1
3 22464 1
3 13255 1
3 17352 1
3 13388 1
3 20429 1
3 9167 2
3 8660 1
3 6104 1
3 11737 1
3 6622 1
3 10209 1
3 16775 1
3 7658 1
3 20971 1
3 22508 1
3 8687 1
3 2552 1
3 17066 1
4 12288 1
4 8705 1
4 19464 1
4 22032 1
4 18191 1
4 15736 1
4 4122 1
4 17435 1
4 2589 1
4 20519 3
4 9308 1
4 3629 1
4 1076 1
4 9269 1
4 13388 1
4 599 1
4 14427 1
4 5212 1
4 7783 1
4 616 1
4 21692 1
4 18030 1
4 19133 2
4 21617 1
4 626 1
4 1651 1
4 13941 1
4 13929 1
4 6776 1
4 3519 1
4 3197 1
4 6270 1
4 12930 2
4 13445 1
4 14473 1
4 10862 1
4 19610 1
4 4723 1
4 8892 1
4 11821 1
4 2239 1
4 14017 1
4 15042 1
4 632 1
4 8401 1
4 21202 1
4 3796 1
4 12501 1
4 9434 1
4 18140 1
4 13022 1
4 4836 1
4 17637 1
4 10473 1
4 6269 1
4 22262 1
4 8449 1
4 15119 1
4 6937 1
4 14469 1
4 12076 1
4 1841 1
4 1844 1
4 21305 2
4 20285 1
4 833 1
4 3395 1
4 6982 1
4 17225 1
4 15184 1
4 15190 1
4 5433 1
4 15704 1
4 2394 1
4 22369 1
4 7010 1
4 9069 1
4 21871 1
4 12663 1
4 3960 1
4 19837 1
4 16775 1
4 15754 1
4 7057 1
4 10644 1
4 3991 1
4 11672 1
4 8607 1
4 7584 1
4 18340 1
4 22437 1
4 4011 1
4 15791 1
4 20913 1
4 1459 1
4 7604 1
4 5051 1
4 18364 1
4 5053 1
4 4030 1
4 16831 1
4 4000 1
4 8268 1
4 5623 1
4 11724 1
4 8425 1
4 8660 1
4 5593 1
4 10206 2
4 18911 1
4 8683 1
4 8685 1
4 8687 1
4 503 1
4 15864 1
4 6652 1
5 12288 1
5 8705 1
5 15874 1
5 13316 1
5 17931 1
5 525 1
5 22032 1
5 13331 1
5 17435 2
5 7941 1
5 5552 1
5 1572 1
5 3621 1
5 20519 2
5 15401 1
5 9777 1
5 5682 1
5 3934 1
5 12343 1
5 9272 1
5 19523 1
5 3652 1
5 1607 1
5 11851 1
5 13388 1
5 13389 2
5 12880 1
5 5210 1
5 20581 1
5 21613 1
5 14448 1
5 625 1
5 6770 1
5 15987 1
5 10358 1
5 6269 1
5 6270 1
5 21632 1
5 6791 1
5 18056 1
5 1673 1
5 9873 1
5 1174 1
5 22188 1
5 17072 1
5 18975 1
5 19133 2
5 4799 1
5 16577 1
5 12482 1
5 20168 2
5 11471 1
5 7380 1
5 10453 1
5 4303 1
5 10464 1
5 10465 1
5 10467 1
5 8421 1
5 748 1
5 15997 1
5 20721 1
5 20722 1
5 8062 1
5 14592 1
5 14593 1
5 4867 1
5 6917 1
5 12673 1
5 4364 1
5 13077 1
5 2841 1
5 18222 1
5 7477 1
5 21305 2
5 16700 1
5 3408 1
5 20305 1
5 2873 1
5 17241 1
5 22366 1
5 13667 1
5 4453 1
5 1852 1
5 5996 1
5 12151 1
5 7544 1
5 12670 1
5 13697 1
5 18306 1
5 10627 1
5 14725 1
5 5000 1
5 10636 1
5 20882 1
5 3991 1
5 7582 1
5 12198 1
5 4011 1
5 16816 1
5 19900 1
5 13301 1
5 14785 1
5 12750 1
5 3023 1
5 16848 1
5 7637 1
5 21977 1
5 13276 1
5 15841 1
5 7659 1
5 22508 1
5 8685 1
5 11762 1
5 3061 1
5 6652 1
6 12288 1
6 9901 1
6 15874 2
6 19460 1
6 1576 1
6 646 2
6 1921 1
6 22025 1
6 13834 1
6 4364 2
6 14466 1
6 18191 2
6 15763 1
6 4884 1
6 20142 1
6 4886 1
6 15400 1
6 1944 1
6 6937 1
6 1918 1
6 8717 1
6 7400 1
6 7455 1
6 6561 1
6 2596 1
6 20774 1
6 4776 1
6 16169 1
6 17067 1
6 12461 1
6 16430 1
6 7471 1
6 2394 1
6 7155 1
6 1844 1
6 18101 1
6 5814 1
6 16695 1
6 3129 1
6 21692 1
6 17162 1
6 21950 1
6 19263 2
6 13445 1
6 1886 1
6 8502 1
6 7110 1
6 19553 1
6 19476 1
6 12878 2
6 463 1
6 12880 1
6 12625 5
6 15698 1
6 3112 1
6 12589 1
6 16854 1
6 17977 1
6 11098 1
6 14543 1
6 15580 1
6 10205 1
6 6622 1
6 1825 1
6 7888 1
6 13412 1
6 8421 2
6 9167 1
6 15185 1
6 21608 1
6 12010 1
6 13293 1
6 622 1
6 10173 1
6 14448 1
6 8177 1
6 1523 1
6 21621 1
6 22262 1
6 503 1
6 10580 1
6 1076 1
6 13418 1
6 18686 1
6 7167 1
7 12288 2
7 16385 1
7 15903 1
7 13846 1
7 14879 1
7 19497 1
7 13866 1
7 3629 2
7 14387 1
7 1076 1
7 9275 1
7 15936 1
7 20547 2
7 3652 1
7 8268 1
7 13389 1
7 9809 1
7 9299 1
7 7776 1
7 8803 1
7 18022 1
7 15986 1
7 1141 1
7 7300 1
7 22209 1
7 1673 1
7 12426 1
7 1163 1
7 20621 1
7 21652 1
7 4247 1
7 5796 1
7 22188 1
7 13486 1
7 11954 1
7 19124 1
7 6687 1
7 14016 1
7 20673 1
7 6344 1
7 1231 1
7 10969 1
7 10972 1
7 10975 1
7 18148 1
7 7397 1
7 5866 1
7 4903 1
7 7920 1
7 7411 1
7 8437 1
7 759 1
7 10490 1
7 1280 1
7 8449 2
7 4868 1
7 17163 1
7 4364 1
7 10510 1
7 15119 1
7 5394 1
7 16661 1
7 7448 1
7 18714 1
7 20255 1
7 7457 1
7 1831 1
7 7471 1
7 10032 1
7 15666 1
7 1844 2
7 12766 1
7 18569 1
7 7476 1
7 13116 1
7 16695 1
7 21325 1
7 15184 1
7 12625 1
7 9047 2
7 4836 1
7 7011 1
7 9072 2
7 4989 1
7 21891 1
7 14214 1
7 18832 1
7 9617 1
7 21396 1
7 3992 1
7 10652 1
7 3917 1
7 3492 1
7 18857 1
7 4011 1
7 15279 1
7 8626 1
7 20915 1
7 17851 1
7 8636 1
7 4037 1
7 460 1
7 4557 1
7 9167 1
7 13776 1
7 9169 1
7 14473 1
7 2521 1
7 6622 1
7 19938 1
7 10221 1
7 7663 1
7 7664 1
7 10225 1
7 7154 1
7 4087 1
7 7160 1
7 11771 3
8 5632 1
8 13316 1
8 21618 1
8 19464 1
8 22030 1
8 19715 1
8 9244 1
8 2596 1
8 3621 1
8 11815 1
8 10280 1
8 3629 1
8 12852 1
8 11832 1
8 20547 2
8 1092 1
8 15432 1
8 4684 1
8 13389 1
8 5207 1
8 20570 1
8 1627 1
8 15456 1
8 19553 1
8 7785 1
8 18028 1
8 13425 3
8 6770 1
8 13843 1
8 11893 1
8 14969 1
8 2325 1
8 14469 2
8 648 1
8 7306 1
8 7313 1
8 15522 1
8 10097 1
8 22188 1
8 7794 1
8 17070 1
8 21168 1
8 12465 2
8 11954 1
8 698 1
8 3260 1
8 19133 2
8 12497 1
8 10453 1
8 7897 1
8 22234 1
8 10972 1
8 12510 1
8 10975 1
8 13031 1
8 748 1
8 17661 1
8 18175 1
8 8449 4
8 4867 1
8 4868 1
8 15621 1
8 18185 1
8 15119 1
8 2834 1
8 16661 1
8 21782 1
8 1827 1
8 1828 1
8 19238 1
8 21305 2
8 15676 1
8 3392 1
8 16706 1
8 15184 1
8 5970 1
8 2387 1
8 15190 4
8 5433 1
8 2399 1
8 9072 2
8 5489 1
8 21364 1
8 1922 1
8 391 1
8 5514 1
8 17810 1
8 15763 1
8 8086 1
8 14743 1
8 18841 1
8 20389 1
8 16303 1
8 18363 1
8 463 1
8 7637 1
8 18911 1
8 19942 1
8 7148 1
8 3060 1
8 6142 1
8 6143 1
9 15874 1
9 13316 1
9 16726 1
9 7687 3
9 1547 1
9 22551 3
9 17435 1
9 15903 2
9 7203 1
9 11815 1
9 16430 1
9 49 1
9 1076 1
9 5473 2
9 12360 1
9 22601 1
9 588 1
9 7767 1
9 9817 1
9 12891 2
9 21613 1
9 21864 1
9 4722 1
9 10358 1
9 10360 2
9 16506 1
9 5246 1
9 20095 1
9 19587 1
9 13445 1
9 18569 1
9 7823 1
9 10898 1
9 2329 1
9 22186 1
9 15528 1
9 1706 1
9 3758 1
9 5301 2
9 2243 1
9 14024 1
9 13516 1
9 20686 1
9 4303 1
9 18128 1
9 10972 2
9 7904 1
9 1764 1
9 744 1
9 14574 1
9 1266 1
9 5364 1
9 4868 1
9 5394 1
9 18197 1
9 281 1
9 22340 1
9 6982 1
9 12103 1
9 17225 1
9 12625 3
9 16725 1
9 4438 1
9 1167 1
9 22369 2
9 7011 1
9 7528 1
9 9577 1
9 9069 1
9 12663 1
9 1922 2
9 5000 1
9 5514 1
9 7055 1
9 3984 1
9 3991 1
9 12100 2
9 7069 1
9 17312 2
9 15784 1
9 18162 1
9 11189 1
9 6076 1
9 4032 1
9 20384 1
9 11714 2
9 11737 1
9 2524 1
9 19939 1
9 21841 1
9 16363 1
9 6651 1
9 13821 1
9 5119 1
