1 13952 1
1 14592 1
1 4356 1
1 11398 1
1 21889 1
1 1673 1
1 17162 1
1 7544 1
1 910 1
1 8079 1
1 6419 1
1 18197 1
1 10963 1
1 2329 1
1 4868 1
1 8636 1
1 3047 1
1 9887 1
1 8992 1
1 7776 2
1 4263 1
1 5034 1
1 16775 1
1 8449 1
1 3629 2
1 15534 1
1 7471 1
1 19784 1
1 7219 1
1 12341 1
1 15033 1
1 8287 1
1 18108 1
1 5514 1
1 15809 1
1 11714 1
1 6979 1
1 9543 1
1 15432 1
1 8013 1
1 8015 1
1 8145 1
1 21586 1
1 12625 1
1 19553 1
1 13398 1
1 2745 1
1 15704 1
1 5085 1
1 21727 1
1 17376 1
1 17849 1
1 22188 1
1 18022 1
1 15441 1
1 8892 1
1 20803 1
1 2667 1
1 748 1
1 21613 2
1 16701 1
1 11632 1
1 15857 1
1 1266 1
1 17395 1
1 10857 1
1 17016 1
1 4601 1
1 11898 1
1 6652 1
1 14717 1
1 12799 1
2 12288 1
2 16385 1
2 15874 1
2 2179 1
2 13445 1
2 3991 1
2 2314 1
2 20695 1
2 11662 1
2 3629 1
2 2706 1
2 4884 1
2 15893 1
2 8086 1
2 2839 1
2 24 1
2 11931 1
2 14448 1
2 669 1
2 7582 1
2 18463 1
2 4668 1
2 15777 2
2 11850 1
2 19238 1
2 9767 1
2 16041 1
2 22571 1
2 10540 1
2 1906 1
2 7471 1
2 12848 1
2 16049 2
2 8563 1
2 14772 1
2 1547 1
2 6713 1
2 58 1
2 11835 1
2 18108 1
2 4669 1
2 5935 1
2 14475 1
2 3652 1
2 16197 1
2 4746 1
2 15818 1
2 14583 1
2 17740 1
2 9167 1
2 464 1
2 12625 2
2 9047 1
2 5716 1
2 7638 1
2 14649 1
2 5593 1
2 13658 1
2 18876 1
2 2394 1
2 10973 2
2 18528 1
2 7010 1
2 17637 1
2 9831 1
2 7400 1
2 17788 1
2 9069 1
2 19837 1
2 9072 1
2 12018 1
2 6771 1
2 500 1
2 502 1
2 21097 1
2 8568 1
2 2351 1
2 17148 1
2 6269 1
2 11007 1
3 16902 1
3 1031 1
3 12296 1
3 16812 1
3 7690 1
3 2063 1
3 15376 1
3 13846 1
3 3621 1
3 22571 2
3 3629 1
3 15918 1
3 15408 1
3 6195 1
3 9268 1
3 7224 1
3 11835 1
3 12354 1
3 7236 1
3 15432 1
3 588 1
3 21586 1
3 19027 1
3 596 1
3 8797 1
3 3175 1
3 20585 1
3 22119 1
3 21102 1
3 3652 1
3 13425 1
3 6770 1
3 21619 1
3 10868 1
3 14970 1
3 14649 1
3 18197 1
3 12930 1
3 2179 1
3 6791 1
3 14475 1
3 11916 1
3 14489 1
3 11931 1
3 20642 1
3 4263 1
3 10920 1
3 16041 1
3 21618 1
3 1201 1
3 19124 2
3 16054 1
3 19133 4
3 19139 1
3 14020 1
3 13516 1
3 9423 1
3 10963 1
3 18140 1
3 10975 2
3 8421 1
3 4843 1
3 9458 1
3 6355 1
3 14583 1
3 4861 1
3 17151 1
3 4868 2
3 15624 1
3 4364 1
3 5391 1
3 22574 1
3 4886 1
3 19737 1
3 13819 1
3 9506 1
3 17200 1
3 17203 1
3 1844 1
3 6622 1
3 21305 4
3 20794 1
3 11007 1
3 835 1
3 22340 1
3 8332 1
3 17231 1
3 15185 1
3 6484 1
3 19285 1
3 9047 1
3 15192 1
3 7514 1
3 860 1
3 15199 1
3 16224 1
3 19515 1
3 5988 1
3 15717 1
3 9069 3
3 6511 1
3 9072 1
3 21361 1
3 12151 1
3 12153 1
3 17788 1
3 15233 1
3 18818 1
3 16775 1
3 17290 1
3 22082 1
3 9617 1
3 22418 1
3 16366 1
3 8086 1
3 5529 1
3 14752 1
3 15266 2
3 18075 1
3 11692 1
3 4019 1
3 4030 1
3 14784 1
3 20384 1
3 7397 1
3 19398 1
3 5069 1
3 9167 1
3 18904 1
3 10206 1
3 6651 1
3 12625 1
3 16362 1
3 20971 1
3 8685 1
3 1518 1
3 7154 1
3 8180 1
3 16373 1
3 5623 1
3 8184 1
3 17403 1
3 6141 1
3 4603 1
4 12288 3
4 16385 1
4 15874 1
4 7511 1
4 19468 1
4 16911 2
4 13331 1
4 18453 2
4 25 1
4 7707 1
4 22557 1
4 3621 1
4 16423 1
4 8744 1
4 8745 1
4 554 1
4 22571 1
4 8236 2
4 3629 1
4 13880 3
4 4668 2
4 9227 1
4 3652 1
4 7237 1
4 15432 1
4 17932 1
4 10830 1
4 2130 1
4 19726 1
4 13398 1
4 9817 1
4 7771 1
4 8892 1
4 10862 2
4 11887 1
4 6257 1
4 21619 1
4 7798 1
4 17015 1
4 14969 1
4 20094 1
4 12930 2
4 1160 1
4 6057 1
4 10392 1
4 17051 1
4 673 1
4 13475 1
4 7844 1
4 13478 1
4 7537 1
4 15534 1
4 8989 2
4 14024 1
4 20147 1
4 19124 1
4 13493 1
4 16054 1
4 18108 1
4 19133 2
4 21187 2
4 20168 1
4 10444 1
4 11471 1
4 7888 1
4 10449 1
4 10963 1
4 12501 1
4 13526 1
4 20695 3
4 7903 1
4 13937 1
4 17123 1
4 7397 1
4 745 1
4 12010 1
4 4331 1
4 22252 1
4 14574 1
4 1266 1
4 14583 2
4 2304 2
4 8449 1
4 2306 2
4 1067 1
4 6917 1
4 17163 1
4 2873 1
4 10510 1
4 15128 1
4 797 1
4 10531 1
4 17702 1
4 7471 1
4 11569 1
4 10206 1
4 8502 1
4 1335 1
4 21305 2
4 19258 2
4 14047 1
4 6965 1
4 3392 1
4 12609 1
4 2882 1
4 16196 1
4 6472 1
4 17225 1
4 15180 1
4 17741 1
4 3408 1
4 9047 1
4 15704 1
4 18267 1
4 22368 1
4 22369 1
4 15717 1
4 11111 1
4 15209 1
4 22418 1
4 9069 3
4 21361 1
4 13682 1
4 14709 1
4 12151 1
4 5498 1
4 8511 1
4 17788 1
4 17790 2
4 7552 1
4 12673 1
4 1922 1
4 14725 1
4 13190 1
4 16775 1
4 5513 1
4 15754 1
4 7570 1
4 19523 1
4 405 1
4 3991 2
4 8607 1
4 11760 1
4 15266 1
4 11931 3
4 4520 1
4 15273 4
4 6058 1
4 20882 2
4 16831 1
4 22464 1
4 11714 1
4 19493 1
4 13768 1
4 460 1
4 9122 1
4 14286 1
4 8143 1
4 464 1
4 9169 1
4 984 1
4 9691 1
4 8156 1
4 6622 1
4 4432 1
4 19938 1
4 6630 1
4 10728 1
4 16367 1
4 15856 1
4 16375 1
4 8184 1
4 4603 2
4 4522 1
4 12799 1
5 12288 1
5 14422 1
5 1545 1
5 11790 2
5 14595 1
5 22551 1
5 19480 1
5 13849 2
5 8229 1
5 1576 1
5 3629 1
5 560 1
5 7224 2
5 3130 1
5 21563 1
5 15432 2
5 592 1
5 15953 1
5 21586 2
5 4110 1
5 13398 2
5 5207 1
5 9816 1
5 13412 1
5 9831 1
5 21097 1
5 1639 1
5 17005 1
5 14448 1
5 3260 1
5 17014 1
5 20100 1
5 646 1
5 7361 1
5 14478 1
5 3220 1
5 16539 1
5 16030 1
5 9072 3
5 6309 1
5 11946 1
5 6345 1
5 8376 1
5 12476 1
5 19133 1
5 9918 1
5 21696 1
5 11969 1
5 1730 1
5 21187 1
5 4295 1
5 2761 1
5 11471 1
5 4306 1
5 10452 1
5 12501 1
5 7397 1
5 6378 1
5 18155 1
5 6354 1
5 15610 1
5 5888 1
5 4867 1
5 4868 1
5 8976 1
5 10006 1
5 15128 1
5 797 1
5 11039 1
5 8992 1
5 16682 2
5 7988 1
5 8503 1
5 11064 1
5 13113 1
5 3395 1
5 8015 1
5 12625 1
5 8018 1
5 14677 1
5 21305 1
5 18267 1
5 15199 1
5 2400 1
5 16273 1
5 12656 1
5 12153 1
5 1917 1
5 18818 1
5 16775 1
5 7660 1
5 14743 1
5 4493 1
5 9617 1
5 16878 1
5 3991 1
5 20384 1
5 15266 1
5 20389 2
5 1446 1
5 12202 1
5 4019 1
5 18876 1
5 15808 1
5 8641 1
5 12249 1
5 8666 1
5 8668 1
5 11232 1
5 5089 1
5 4006 1
5 7655 1
5 8683 1
5 8684 1
5 7150 1
5 11250 1
5 18208 1
6 12288 1
6 4611 1
6 12805 1
6 16903 1
6 1547 1
6 22032 2
6 10259 1
6 19476 1
6 12823 1
6 12825 2
6 6687 1
6 555 1
6 8236 1
6 3629 1
6 3636 2
6 1590 1
6 5182 1
6 3652 1
6 11334 1
6 72 1
6 21586 1
6 1626 2
6 18528 1
6 10256 1
6 10859 1
6 10861 1
6 21102 1
6 14448 2
6 13937 1
6 633 2
6 5246 2
6 15489 1
6 13445 1
6 7302 2
6 18055 1
6 11714 1
6 17041 1
6 2706 1
6 4377 1
6 13474 1
6 13476 1
6 11434 1
6 19133 3
6 2239 1
6 2243 1
6 20167 1
6 5321 1
6 13516 2
6 17621 1
6 19204 1
6 20695 3
6 12018 1
6 21750 2
6 4868 2
6 2310 1
6 4364 1
6 6421 2
6 1305 1
6 7451 1
6 796 1
6 15494 1
6 7471 1
6 5936 1
6 19254 1
6 21305 3
6 3900 2
6 16195 1
6 8502 1
6 19785 1
6 19786 1
6 20303 1
6 11604 1
6 3417 1
6 860 1
6 22368 1
6 5988 1
6 9069 3
6 12153 1
6 5498 2
6 18818 1
6 15751 1
6 1420 3
6 17295 1
6 20882 1
6 8515 1
6 10644 1
6 3991 1
6 7576 1
6 15773 1
6 20384 1
6 4002 1
6 4003 3
6 16308 1
6 11708 1
6 15298 1
6 13763 1
6 20642 1
6 13778 1
6 1443 1
6 7637 1
6 10205 1
6 9192 1
6 16366 1
6 16367 1
6 497 1
6 13821 1
7 12288 1
7 13834 1
7 9227 1
7 9229 1
7 18975 1
7 1062 1
7 16426 1
7 3629 1
7 14910 1
7 12354 1
7 3652 1
7 1607 1
7 13388 1
7 21586 1
7 4691 1
7 5716 1
7 9817 1
7 18530 1
7 22119 1
7 13930 2
7 4199 1
7 21613 1
7 14448 2
7 1140 1
7 10357 1
7 17016 1
7 18042 1
7 6269 1
7 20095 1
7 12930 2
7 4229 1
7 4231 1
7 5768 1
7 17041 1
7 6809 1
7 22188 2
7 2224 1
7 16051 1
7 1206 1
7 19133 2
7 2244 1
7 2761 1
7 13516 1
7 11471 1
7 10963 1
7 10452 1
7 1751 1
7 4831 2
7 8571 1
7 1765 1
7 22252 1
7 22262 1
7 3321 1
7 1280 1
7 8449 1
7 4867 1
7 20234 2
7 15119 1
7 17170 1
7 4884 1
7 13077 1
7 5399 1
7 7451 1
7 19740 1
7 11042 1
7 7463 1
7 16691 2
7 21305 2
7 20794 1
7 4418 1
7 21388 1
7 1868 1
7 2018 1
7 12625 1
7 9555 1
7 11604 1
7 14677 2
7 2905 1
7 22369 1
7 868 1
7 364 1
7 9069 5
7 15216 1
7 13681 1
7 20851 1
7 4469 1
7 12151 1
7 12153 1
7 5499 1
7 17788 1
7 17793 1
7 14827 1
7 15237 1
7 16775 2
7 1420 1
7 10641 1
7 20882 1
7 8607 1
7 20384 1
7 4520 1
7 16302 1
7 9139 1
7 17225 1
7 9145 1
7 14782 1
7 22464 1
7 4000 1
7 588 1
7 19408 1
7 9171 1
7 8660 1
7 16854 1
7 9687 1
7 9691 1
7 14306 1
7 19939 1
7 8679 1
7 1532 1
7 8683 2
7 7660 1
7 10225 1
7 5627 1
7 6652 1
7 3413 1
8 12288 3
8 9729 1
8 19460 1
8 16902 1
8 15369 1
8 523 1
8 4184 1
8 1454 1
8 22551 2
8 7704 1
8 16410 1
8 22557 2
8 5150 1
8 7600 1
8 6150 1
8 19494 1
8 39 1
8 11817 1
8 22571 1
8 8236 2
8 3629 2
8 18483 1
8 1076 1
8 56 1
8 11444 1
8 4668 2
8 11837 1
8 12354 1
8 9227 1
8 3652 2
8 9398 1
8 70 1
8 22087 1
8 15432 2
8 7241 1
8 10830 1
8 10831 3
8 16978 1
8 13398 1
8 3159 1
8 9816 1
8 14427 2
8 8378 1
8 19553 1
8 15971 1
8 18022 1
8 19559 1
8 7785 1
8 18540 1
8 3182 1
8 14448 1
8 13937 3
8 7113 1
8 6771 1
8 6776 1
8 14969 1
8 13435 1
8 13437 1
8 5246 1
8 5760 1
8 19588 1
8 13445 1
8 6790 1
8 1163 2
8 1167 1
8 15128 1
8 18571 1
8 18072 1
8 6809 1
8 10394 1
8 11931 3
8 16030 1
8 9072 3
8 11938 1
8 19619 1
8 13477 3
8 13478 1
8 683 1
8 22188 1
8 6367 1
8 15534 1
8 19124 1
8 21686 1
8 12471 1
8 3258 1
8 7455 1
8 19133 3
8 703 1
8 14016 1
8 16075 1
8 17612 1
8 11471 1
8 5840 1
8 10449 1
8 10963 1
8 18133 1
8 20695 1
8 13532 1
8 10975 1
8 1147 1
8 22252 2
8 14574 1
8 1266 1
8 7550 2
8 18167 1
8 7933 1
8 17688 2
8 1280 1
8 14081 1
8 3332 1
8 19729 1
8 20242 1
8 16662 1
8 5400 1
8 20255 1
8 18209 2
8 290 1
8 10972 2
8 21381 1
8 11054 1
8 20277 1
8 19254 2
8 17719 1
8 21305 3
8 4831 1
8 10557 1
8 21782 1
8 4235 1
8 16196 1
8 17225 1
8 17228 1
8 17231 1
8 3408 2
8 4433 1
8 4323 1
8 7514 1
8 18267 5
8 3319 1
8 9069 6
8 6511 1
8 880 1
8 626 1
8 1918 1
8 17793 1
8 1922 1
8 5509 1
8 3974 1
8 15754 1
8 10636 1
8 20882 2
8 20373 1
8 3991 1
8 21405 1
8 8607 3
8 5806 1
8 8613 3
8 13223 1
8 4011 1
8 16302 1
8 15791 1
8 17840 1
8 12446 1
8 22464 1
8 16834 1
8 16837 1
8 13255 1
8 21324 1
8 11723 1
8 14798 1
8 17359 1
8 9171 1
8 8660 3
8 7637 1
8 14807 1
8 13276 1
8 6622 1
8 19939 1
8 22500 1
8 10725 1
8 8683 1
8 21586 4
8 16366 1
8 14324 3
8 18421 1
8 502 1
8 14328 1
8 6651 1
9 12288 1
9 16385 1
9 20237 1
9 9047 1
9 4117 1
9 16197 1
9 19993 2
9 16410 2
9 22557 1
9 20230 1
9 3629 2
9 4417 1
9 3633 1
9 1076 2
9 12342 1
9 4276 1
9 4668 1
9 4670 1
9 15426 1
9 68 1
9 11334 1
9 71 1
9 15432 4
9 15434 1
9 1099 1
9 13388 1
9 10831 1
9 10641 1
9 13398 1
9 4184 1
9 1626 2
9 15971 1
9 18023 3
9 21692 1
9 20803 1
9 14448 3
9 7471 1
9 21618 1
9 8822 1
9 21097 1
9 632 1
9 14970 1
9 16508 1
9 5246 1
9 5248 1
9 3201 2
9 13445 2
9 20103 2
9 13961 1
9 5443 1
9 18571 2
9 3217 1
9 3224 2
9 6809 1
9 12446 2
9 16544 1
9 19105 2
9 19619 1
9 6770 1
9 19634 1
9 22196 1
9 8378 2
9 8892 2
9 19133 11
9 703 1
9 15558 1
9 12151 3
9 13516 1
9 4303 1
9 14031 1
9 10449 1
9 20695 4
9 11992 1
9 7897 1
9 4826 1
9 4827 1
9 10972 1
9 7903 1
9 7396 1
9 22245 1
9 2279 1
9 748 1
9 4845 1
9 14574 1
9 1266 2
9 13182 1
9 14583 1
9 248 1
9 20218 1
9 15102 1
9 3329 3
9 4867 2
9 3652 1
9 5382 1
9 4364 1
9 2873 1
9 12046 1
9 8749 2
9 20242 1
9 17172 1
9 21782 2
9 279 1
9 3353 1
9 2351 2
9 20254 1
9 11039 1
9 20256 1
9 22311 6
9 15580 1
9 2695 1
9 21295 1
9 16691 1
9 310 1
9 18569 1
9 21305 10
9 19258 1
9 8511 1
9 16193 3
9 16195 1
9 16196 3
9 19254 1
9 8143 2
9 332 1
9 8013 1
9 22352 1
9 5969 1
9 15036 1
9 3413 1
9 4438 1
9 19257 2
9 18776 1
9 6489 1
9 18267 5
9 7014 1
9 7527 1
9 20300 1
9 8041 1
9 15722 2
9 9069 4
9 9423 1
9 14703 1
9 6000 1
9 2451 1
9 20343 3
9 6036 1
9 7550 3
9 7552 1
9 14725 1
9 16774 1
9 15751 1
9 904 1
9 22082 1
9 11662 1
9 4497 1
9 20882 1
9 18835 1
9 4500 1
9 3991 1
9 3992 2
9 8260 1
9 15770 1
9 7582 2
9 8607 9
9 15266 1
9 21923 1
9 8613 1
9 12200 1
9 22258 1
9 16302 1
9 20914 1
9 7303 1
9 4541 1
9 11851 1
9 21446 1
9 673 1
9 7113 1
9 9167 1
9 7634 1
9 11939 1
9 8660 5
9 7637 1
9 18393 1
9 10206 1
9 11771 1
9 16775 1
9 6630 1
9 7658 1
9 7150 1
9 14324 2
9 505 1
9 6651 3
9 15869 1
10 12288 3
10 19460 1
10 7 1
10 22026 1
10 22551 1
10 3621 1
10 6694 1
10 6184 1
10 11817 1
10 8236 1
10 4654 1
10 7217 1
10 5699 1
10 8260 1
10 71 3
10 72 6
10 268 1
10 10830 3
10 592 1
10 21586 1
10 1465 2
10 14427 1
10 8797 1
10 13930 1
10 13931 1
10 21613 1
10 14448 1
10 13937 2
10 13161 1
10 14969 1
10 13440 1
10 12930 1
10 18051 1
10 18565 1
10 17067 1
10 3758 1
10 15539 1
10 11449 2
10 19133 4
10 13516 1
10 16592 1
10 10449 1
10 20695 1
10 13532 2
10 14574 1
10 14575 1
10 17790 1
10 246 1
10 13559 1
10 5248 1
10 770 1
10 20232 1
10 12503 1
10 3340 1
10 274 1
10 275 2
10 18197 5
10 279 1
10 13445 1
10 293 1
10 3375 1
10 3376 4
10 310 1
10 7479 1
10 21305 4
10 19258 1
10 4417 1
10 16196 2
10 18776 1
10 6489 1
10 11101 1
10 16224 1
10 22369 1
10 22371 1
10 8041 1
10 9069 2
10 16238 1
10 13681 1
10 20343 1
10 14714 2
10 7550 2
10 1408 1
10 6531 1
10 14725 1
10 3974 2
10 13704 1
10 2442 3
10 11662 1
10 1092 1
10 7578 1
10 4012 1
10 12717 1
10 12360 1
10 11193 1
10 1466 1
10 22464 1
10 16774 1
10 13255 1
10 1482 5
10 8660 2
10 10206 1
10 19938 1
10 16877 1
10 8185 1
10 4602 3
11 12288 1
11 15037 2
11 19460 2
11 16901 1
11 9223 1
11 12 1
11 9232 1
11 9816 2
11 10263 1
11 1048 1
11 22557 1
11 6687 2
11 1092 1
11 14427 1
11 2596 1
11 18140 1
11 15915 1
11 3629 1
11 16431 1
11 18481 1
11 12852 2
11 568 1
11 12354 1
11 17163 1
11 3652 3
11 1607 1
11 15432 1
11 73 2
11 11851 1
11 13389 2
11 4686 1
11 5199 1
11 592 2
11 7608 1
11 21586 6
11 1465 3
11 13912 1
11 6234 1
11 603 1
11 8797 1
11 15705 2
11 18529 1
11 18022 1
11 12906 1
11 10862 2
11 11887 1
11 6770 1
11 4030 1
11 10875 1
11 18197 2
11 13440 1
11 3201 1
11 12930 3
11 18051 1
11 19588 1
11 13445 3
11 1844 1
11 1167 2
11 21653 1
11 1174 1
11 14488 1
11 14493 1
11 16661 1
11 5288 1
11 17066 1
11 17067 1
11 22188 1
11 14509 1
11 16049 1
11 2747 1
11 8892 1
11 19133 1
11 5829 1
11 6826 1
11 7880 1
11 6345 1
11 13514 1
11 13516 1
11 5838 1
11 15567 1
11 4304 1
11 10449 1
11 7715 1
11 11477 1
11 10454 1
11 20695 5
11 13528 2
11 11471 1
11 10972 2
11 7903 1
11 5347 1
11 1764 1
11 3435 1
11 7918 1
11 6386 1
11 22262 1
11 17657 1
11 17659 2
11 3060 1
11 4867 1
11 4032 1
11 12673 1
11 20232 1
11 16649 3
11 3339 1
11 4364 4
11 5390 1
11 7952 1
11 21781 2
11 5764 1
11 8988 1
11 8989 1
11 18209 1
11 5929 1
11 3975 1
11 3376 3
11 11569 3
11 16692 1
11 3894 1
11 21305 1
11 19258 1
11 22464 4
11 17225 1
11 17227 1
11 20303 1
11 3408 1
11 12625 1
11 11604 2
11 8536 1
11 4441 1
11 8043 1
11 9069 2
11 10096 1
11 6515 1
11 16758 1
11 12151 1
11 8568 1
11 16362 1
11 17793 1
11 18818 1
11 16775 1
11 2442 2
11 11662 1
11 4497 1
11 20882 1
11 3479 1
11 409 1
11 7578 1
11 7582 1
11 14751 1
11 20384 1
11 15777 1
11 4003 1
11 555 1
11 15273 1
11 20914 1
11 20915 1
11 7605 1
11 1976 1
11 11193 1
11 1466 1
11 8607 1
11 16829 1
11 12734 1
11 1984 1
11 11714 1
11 13763 1
11 21957 1
11 19398 1
11 7180 1
11 1482 1
11 20429 1
11 3023 2
11 9169 1
11 8660 5
11 18393 1
11 13797 1
11 7658 1
11 493 1
11 16367 1
11 3058 1
11 8180 2
11 18424 1
11 13821 1
12 12288 3
12 18946 1
12 19460 3
12 12805 1
12 16301 1
12 6685 1
12 1054 1
12 6687 1
12 7203 1
12 8746 1
12 8236 1
12 7218 1
12 15539 1
12 12852 3
12 7224 1
12 571 1
12 1092 2
12 15432 1
12 73 2
12 11851 1
12 15202 1
12 21586 3
12 10837 1
12 4698 1
12 14427 1
12 15456 1
12 19553 1
12 21606 1
12 13930 1
12 19133 1
12 14448 1
12 5246 2
12 16513 1
12 12930 3
12 19588 1
12 10006 1
12 3217 1
12 19093 1
12 13477 1
12 9901 2
12 16049 1
12 6323 1
12 11444 1
12 2745 2
12 10939 1
12 15037 1
12 14024 1
12 5321 1
12 13516 1
12 4304 1
12 20690 1
12 20695 1
12 5337 1
12 4831 1
12 1763 1
12 1764 2
12 15600 1
12 2345 1
12 15096 1
12 2309 1
12 3201 1
12 16649 2
12 4364 2
12 18197 1
12 278 1
12 282 1
12 8989 3
12 1833 1
12 3376 5
12 11569 1
12 16691 1
12 21305 1
12 12604 1
12 6982 1
12 17225 1
12 11604 1
12 13113 1
12 4441 1
12 22369 1
12 20322 1
12 4451 1
12 7313 1
12 9069 3
12 5498 1
12 8571 1
12 1918 1
12 21889 1
12 12163 1
12 14725 1
12 15751 1
12 5514 1
12 11152 1
12 4497 1
12 17818 1
12 7578 1
12 7582 1
12 8607 2
12 7584 2
12 15786 1
12 12716 1
12 12717 2
12 2990 1
12 17840 1
12 16308 1
12 1976 1
12 1465 2
12 7611 1
12 4030 1
12 16837 1
12 19401 1
12 11723 1
12 3023 1
12 8660 1
12 489 1
12 7659 1
12 13808 1
12 3060 1
13 12288 1
13 19460 3
13 19461 1
13 13834 1
13 13838 1
13 17435 1
13 12465 1
13 3629 1
13 12852 1
13 1546 1
13 20547 1
13 8260 1
13 15432 1
13 8270 1
13 592 1
13 13398 1
13 4702 1
13 12897 1
13 2747 1
13 18023 1
13 10857 1
13 13930 1
13 6770 1
13 10360 1
13 6265 1
13 3201 1
13 5764 1
13 1670 1
13 1671 1
13 4240 1
13 3220 1
13 21142 1
13 22167 1
13 9583 1
13 14493 1
13 17067 1
13 22188 1
13 16049 1
13 12466 1
13 9398 1
13 15033 1
13 10939 1
13 19133 1
13 7870 1
13 719 1
13 10449 1
13 20690 1
13 10963 2
13 20695 1
13 22232 1
13 15567 1
13 10972 1
13 15581 1
13 14047 1
13 7394 1
13 1764 1
13 22252 1
13 18175 1
13 14592 1
13 15621 1
13 16649 1
13 4364 4
13 13069 1
13 5391 1
13 2834 1
13 18197 4
13 18200 1
13 1668 1
13 798 1
13 20256 1
13 15494 1
13 5929 1
13 3376 4
13 21305 1
13 10975 1
13 19772 1
13 909 1
13 12625 3
13 11604 1
13 14677 1
13 4438 1
13 18267 2
13 19804 1
13 9069 2
13 6511 1
13 5498 2
13 8062 1
13 12673 2
13 16773 1
13 397 1
13 3992 1
13 4502 1
13 14744 1
13 8607 1
13 9121 1
13 14754 1
13 15268 1
13 12717 2
13 1465 2
13 4032 1
13 11714 2
13 1988 1
13 13255 1
13 13768 1
13 13772 1
13 15266 1
13 8660 2
13 10206 1
13 14306 1
13 6651 1
13 22500 1
13 8683 1
13 20465 1
13 3058 1
13 15190 1
13 11771 1
13 18773 1
14 11008 1
14 13316 3
14 16902 1
14 19464 1
14 15532 1
14 3812 1
14 13838 1
14 17424 1
14 19993 1
14 17435 1
14 11292 1
14 5150 1
14 3621 1
14 5158 1
14 20519 1
14 555 1
14 8748 1
14 3629 2
14 10798 2
14 559 1
14 11832 1
14 3643 1
14 12354 1
14 20547 2
14 3652 1
14 9398 1
14 22087 1
14 16652 1
14 11850 1
14 13388 2
14 13389 1
14 21586 2
14 4691 1
14 13398 2
14 9816 1
14 6160 1
14 22123 1
14 21613 2
14 11887 1
14 14448 2
14 13937 3
14 20343 1
14 15476 1
14 3702 1
14 15994 1
14 2686 1
14 5909 1
14 18051 1
14 19588 1
14 1163 1
14 13969 1
14 18067 1
14 22032 1
14 22041 1
14 12441 1
14 16026 1
14 16539 1
14 13469 1
14 16030 2
14 7331 1
14 13476 1
14 22188 1
14 16049 2
14 21171 1
14 5301 2
14 16054 1
14 3258 1
14 19133 2
14 8993 1
14 17611 1
14 11471 1
14 18646 1
14 20695 3
14 719 1
14 5340 1
14 4831 1
14 18144 1
14 4836 1
14 3332 2
14 7911 1
14 12010 1
14 22252 1
14 14574 3
14 6897 1
14 6386 1
14 6900 1
14 14583 2
14 15096 1
14 1280 2
14 17154 1
14 17155 1
14 11524 1
14 19718 2
14 14088 1
14 16649 1
14 16651 1
14 12044 1
14 12625 1
14 15119 1
14 4884 1
14 4654 2
14 2327 1
14 7451 1
14 8989 1
14 18208 1
14 801 1
14 10530 1
14 17188 1
14 7471 2
14 13790 1
14 21305 3
14 20794 1
14 10975 1
14 20284 1
14 13129 1
14 21841 1
14 2387 1
14 14677 3
14 15192 1
14 22500 1
14 18267 1
14 11100 1
14 19258 1
14 22369 2
14 15717 1
14 3217 1
14 14696 1
14 1852 1
14 9069 2
14 5489 1
14 15730 2
14 886 1
14 12663 1
14 12153 1
14 5498 1
14 5499 1
14 12670 1
14 12673 1
14 16774 1
14 10120 1
14 15754 1
14 7055 1
14 14489 1
14 7582 1
14 8607 8
14 20384 1
14 21409 1
14 22442 1
14 5551 1
14 16969 1
14 22464 2
14 14791 1
14 588 1
14 14285 1
14 16848 2
14 19619 1
14 6622 1
14 20448 1
14 19938 1
14 11771 1
14 10724 1
14 10727 1
14 14830 1
14 15855 1
14 10225 1
14 8180 1
14 16374 2
14 6651 1
15 12288 2
15 13834 1
15 4115 1
15 17435 1
15 555 3
15 3629 3
15 16430 1
15 3643 1
15 12354 1
15 22369 1
15 588 1
15 13389 2
15 592 1
15 21586 4
15 13398 2
15 9816 1
15 9817 1
15 18528 1
15 21613 1
15 19133 3
15 14448 3
15 625 1
15 6770 1
15 21107 1
15 14453 1
15 19069 1
15 5246 1
15 12930 1
15 17029 2
15 4235 1
15 3217 1
15 6290 1
15 9875 1
15 18071 1
15 15514 1
15 16539 3
15 14495 1
15 11435 1
15 22188 2
15 10928 1
15 5301 2
15 9398 1
15 10798 1
15 15037 1
15 1141 1
15 5838 1
15 15567 1
15 7888 1
15 5841 1
15 5332 1
15 5337 1
15 11482 1
15 11471 2
15 13532 1
15 4831 1
15 5347 1
15 3309 1
15 14574 1
15 18166 1
15 14583 1
15 15096 1
15 17154 1
15 17281 1
15 14088 1
15 16649 1
15 16650 2
15 4364 2
15 13069 1
15 18197 2
15 10628 1
15 8989 1
15 20254 1
15 7455 1
15 7471 1
15 3376 2
15 7477 1
15 21305 3
15 11074 1
15 13451 2
15 3408 2
15 12625 1
15 11604 2
15 18773 1
15 2394 1
15 18267 3
15 17248 1
15 8033 1
15 15717 1
15 9577 1
15 19943 1
15 364 1
15 9069 2
15 13681 1
15 21874 2
15 21878 1
15 12151 2
15 5498 1
15 5499 1
15 12673 1
15 12162 1
15 1924 1
15 15754 2
15 17806 1
15 8607 3
15 20384 2
15 15266 1
15 7751 1
15 7085 1
15 1457 1
15 1465 1
15 4030 1
15 22464 1
15 18886 1
15 8660 4
15 5590 1
15 10721 1
15 15331 1
15 7655 1
15 10728 1
15 11760 2
15 8180 1
15 8184 1
15 4601 1
15 15869 1
16 7683 1
16 521 1
16 20494 1
16 2063 3
16 13845 1
16 19478 1
16 22551 2
16 17435 2
16 15903 1
16 11817 1
16 12341 1
16 12343 1
16 11334 2
16 15432 1
16 73 1
16 74 1
16 13389 1
16 592 1
16 9816 2
16 17000 1
16 10857 1
16 21613 1
16 622 1
16 6773 1
16 10358 1
16 10360 1
16 14969 1
16 3711 1
16 13445 1
16 1167 1
16 3217 1
16 11931 2
16 22188 1
16 9901 1
16 15534 1
16 5301 1
16 12481 1
16 718 1
16 5331 1
16 20686 3
16 22232 1
16 5337 1
16 7905 1
16 7408 1
16 7409 1
16 248 2
16 15613 1
16 4868 1
16 7432 1
16 4364 1
16 5390 1
16 7952 1
16 2328 1
16 17184 1
16 17188 1
16 19238 1
16 7463 1
16 7471 1
16 3376 1
16 3894 2
16 9527 1
16 16694 1
16 17225 1
16 12625 2
16 4440 1
16 2394 1
16 18267 1
16 15199 1
16 873 1
16 9072 1
16 12673 1
16 1922 1
16 16774 1
16 8607 2
16 17312 1
16 18852 1
16 9644 1
16 10143 1
16 7103 1
16 7584 1
16 16834 1
16 1988 1
16 15817 1
16 13772 1
16 8660 1
16 19939 1
16 22500 1
16 999 1
16 502 1
16 5623 2
16 505 1
16 15871 1
17 9729 1
17 683 1
17 13316 3
17 6150 1
17 16903 1
17 13832 1
17 7690 1
17 2063 1
17 14509 1
17 15890 1
17 3758 1
17 22551 1
17 19993 1
17 17435 1
17 9244 1
17 15903 3
17 21295 1
17 4130 1
17 11305 1
17 555 1
17 20012 1
17 3629 1
17 16430 1
17 20016 1
17 7219 1
17 12345 1
17 8766 1
17 578 1
17 11334 1
17 15432 2
17 74 1
17 9293 1
17 6464 1
17 18513 1
17 15444 1
17 6741 1
17 5391 1
17 8797 1
17 8287 1
17 18022 1
17 19050 1
17 21613 1
17 9839 1
17 16882 1
17 6770 1
17 22133 1
17 7801 1
17 9343 1
17 7300 1
17 19589 1
17 1673 1
17 1163 1
17 1167 1
17 20112 1
17 17041 1
17 10780 1
17 19619 1
17 10407 1
17 10408 1
17 17436 1
17 17067 1
17 9901 1
17 15534 2
17 5301 4
17 16054 1
17 12471 1
17 10428 1
17 6773 1
17 21189 2
17 20686 1
17 10963 1
17 20180 1
17 18133 1
17 10975 1
17 7409 1
17 6386 1
17 5843 1
17 248 1
17 15609 1
17 15614 1
17 14592 1
17 8449 1
17 17162 1
17 17163 1
17 15119 1
17 16662 1
17 7471 1
17 8988 1
17 13445 1
17 18209 1
17 7463 1
17 5935 1
17 15666 1
17 7988 1
17 20794 1
17 10555 1
17 3392 1
17 16193 1
17 15170 1
17 13451 1
17 8013 1
17 3408 2
17 12625 1
17 6489 1
17 2394 1
17 18267 1
17 860 1
17 15185 1
17 22369 1
17 1380 1
17 8043 1
17 1900 1
17 9069 2
17 6512 1
17 20343 1
17 8512 1
17 17794 1
17 2947 1
17 9092 1
17 16773 1
17 3479 1
17 17312 1
17 15266 1
17 15273 1
17 22442 1
17 4525 1
17 7635 1
17 7600 1
17 1466 3
17 8636 1
17 6078 1
17 16831 2
17 15808 1
17 8641 1
17 11714 1
17 1988 1
17 13772 1
17 13389 1
17 13778 1
17 16547 1
17 17657 1
17 9691 1
17 2525 1
17 15328 1
17 5089 1
17 3047 2
17 9194 1
17 493 1
17 10226 1
17 11945 1
17 8187 1
17 5119 1
18 12288 1
18 7684 1
18 4613 1
18 5129 2
18 1547 1
18 22030 1
18 9231 1
18 9232 1
18 2648 1
18 17436 1
18 15903 4
18 5667 1
18 3621 1
18 20012 1
18 3629 1
18 560 1
18 7219 1
18 12852 1
18 4663 1
18 2105 4
18 3647 1
18 1758 1
18 12354 1
18 8771 1
18 7236 1
18 72 1
18 73 1
18 11850 1
18 11851 1
18 8781 1
18 5199 1
18 592 2
18 21586 3
18 6741 1
18 15448 2
18 7776 1
18 15971 1
18 7780 1
18 18022 1
18 10854 1
18 7785 1
18 620 1
18 21613 1
18 21617 1
18 6770 1
18 13161 1
18 7801 1
18 11898 1
18 3197 1
18 3711 1
18 20100 1
18 13445 1
18 18571 1
18 19596 1
18 14477 1
18 7823 1
18 1168 1
18 15128 1
18 13458 1
18 18077 1
18 10408 1
18 8988 1
18 3758 1
18 15537 1
18 16243 1
18 19124 1
18 5301 2
18 11449 1
18 4284 1
18 19133 1
18 2243 1
18 4293 1
18 4807 1
18 4299 1
18 13516 3
18 11042 1
18 14543 1
18 9425 1
18 4313 1
18 6363 1
18 15582 1
18 21727 1
18 10978 1
18 1257 1
18 15603 1
18 14583 1
18 248 1
18 15610 1
18 19583 1
18 1276 1
18 4868 2
18 19718 2
18 20234 1
18 4364 4
18 10510 1
18 15119 2
18 17681 1
18 10515 1
18 18197 1
18 16662 1
18 1816 1
18 281 1
18 19740 1
18 12779 1
18 8992 1
18 801 1
18 802 1
18 21383 1
18 7471 1
18 1844 1
18 22494 1
18 21305 1
18 16778 1
18 6464 1
18 4417 1
18 3398 1
18 12103 1
18 328 1
18 13129 2
18 10530 1
18 14668 1
18 4942 1
18 12623 1
18 3408 1
18 21841 1
18 11603 1
18 5973 1
18 21334 1
18 17241 1
18 861 1
18 22368 1
18 4451 1
18 1895 1
18 360 1
18 17257 1
18 3435 1
18 9069 4
18 9583 1
18 10097 1
18 6003 1
18 8568 1
18 1918 2
18 15231 1
18 7553 1
18 2947 1
18 16260 1
18 8071 1
18 15752 1
18 2442 1
18 10636 1
18 11662 1
18 8079 1
18 7568 1
18 4497 1
18 19348 1
18 18841 1
18 19520 1
18 7582 1
18 17312 1
18 6561 1
18 15266 1
18 423 1
18 15273 1
18 7085 1
18 15280 1
18 1460 1
18 19900 1
18 15293 1
18 12734 1
18 15809 1
18 11714 1
18 12739 1
18 4038 2
18 9121 1
18 14792 1
18 13772 1
18 13389 2
18 16888 1
18 8660 1
18 15317 1
18 15831 1
18 6801 1
18 10206 2
18 15184 1
18 4579 1
18 7143 1
18 488 2
18 13223 1
18 3058 1
18 5620 1
18 17910 1
18 9720 1
18 20474 1
18 8187 1
18 6652 1
18 7678 1
18 14677 2
19 12288 1
19 8193 1
19 19460 1
19 12808 1
19 15532 1
19 22027 1
19 22032 1
19 22551 1
19 5149 1
19 15903 4
19 4647 1
19 8233 1
19 1578 1
19 1067 1
19 3629 1
19 1074 1
19 2105 3
19 2107 1
19 3134 1
19 3647 2
19 13888 1
19 20547 1
19 3652 1
19 73 2
19 15434 1
19 13389 1
19 5199 1
19 21586 2
19 6227 1
19 18528 1
19 12391 1
19 15976 1
19 15978 1
19 14448 1
19 13937 1
19 626 1
19 15476 1
19 15477 2
19 2166 1
19 1460 1
19 13950 1
19 6790 1
19 9351 1
19 7823 1
19 13457 1
19 18067 2
19 3220 1
19 18071 1
19 6809 1
19 19619 1
19 21617 1
19 11684 1
19 2220 1
19 3758 1
19 1199 1
19 9398 1
19 13428 1
19 11807 1
19 15548 1
19 19133 2
19 8898 1
19 10436 1
19 5750 1
19 13516 1
19 20686 1
19 1744 1
19 4818 1
19 22229 1
19 11992 2
19 6363 1
19 10972 1
19 20701 1
19 1763 1
19 21733 1
19 21737 1
19 13863 1
19 14574 2
19 7409 1
19 14579 1
19 12670 1
19 22262 1
19 11817 1
19 248 1
19 8449 1
19 17155 2
19 4868 3
19 4359 1
19 4364 3
19 1410 1
19 6416 2
19 18197 1
19 18200 2
19 797 1
19 12575 1
19 16223 1
19 17706 1
19 3886 1
19 7471 1
19 19764 1
19 2873 1
19 15754 1
19 19263 1
19 12100 1
19 13129 1
19 13131 2
19 15184 1
19 12625 2
19 14677 1
19 21305 2
19 17242 1
19 1167 1
19 5433 1
19 7397 1
19 22369 3
19 364 1
19 9069 1
19 21878 1
19 12663 1
19 8568 3
19 12153 1
19 1918 1
19 1547 1
19 21889 1
19 18818 2
19 1412 1
19 10633 1
19 2442 1
19 4493 1
19 21398 1
19 1943 1
19 11672 2
19 17312 1
19 17313 1
19 13219 1
19 16804 1
19 15271 1
19 22442 1
19 7092 1
19 1465 1
19 1466 1
19 16831 1
19 22464 4
19 20384 1
19 11714 1
19 4038 1
19 17360 1
19 8660 1
19 20900 1
19 15322 1
19 15835 1
19 12255 1
19 10209 1
19 8421 1
19 3563 1
19 7660 1
19 8174 1
19 11760 2
19 16369 1
19 18932 1
20 12288 1
20 7680 1
20 7683 1
20 8193 1
20 15532 1
20 17424 1
20 14359 1
20 15903 3
20 18267 3
20 2105 4
20 3647 1
20 4960 1
20 3652 1
20 12357 1
20 20041 1
20 11851 1
20 588 2
20 18005 1
20 15448 2
20 15971 1
20 16998 1
20 15976 1
20 15982 1
20 17016 1
20 14970 1
20 14978 1
20 15491 1
20 1670 1
20 13970 1
20 6809 1
20 14495 1
20 9892 1
20 1706 1
20 11436 1
20 11438 2
20 10928 1
20 798 1
20 4795 1
20 8892 1
20 19133 1
20 13514 2
20 20686 5
20 7397 1
20 5354 1
20 14574 1
20 1266 1
20 14583 2
20 248 1
20 12076 1
20 4364 3
20 4884 1
20 21790 1
20 5414 1
20 7463 1
20 1836 1
20 1855 1
20 4417 1
20 13129 5
20 17740 2
20 14677 1
20 7514 1
20 1371 1
20 22368 1
20 22369 4
20 9069 1
20 4496 2
20 1918 2
20 7568 1
20 4497 3
20 7584 2
20 6561 1
20 15266 1
20 11182 1
20 1459 1
20 1465 4
20 1466 1
20 1469 2
20 13763 1
20 1990 1
20 2003 1
20 19938 1
20 492 1
20 11760 3
20 14324 2
20 502 1
20 5623 1
20 5625 1
20 13819 1
20 15869 4
20 7678 1
20 10837 1
21 11771 2
21 10 1
21 17424 1
21 17429 1
21 10244 1
21 12317 1
21 15903 7
21 5667 1
21 16049 1
21 19804 1
21 15404 1
21 16430 1
21 9777 1
21 1076 1
21 4663 1
21 11832 1
21 2105 6
21 9274 1
21 13887 1
21 12354 1
21 8771 1
21 7237 1
21 11334 1
21 73 1
21 13388 1
21 13389 1
21 15439 1
21 5712 1
21 21586 1
21 7765 1
21 9816 2
21 18013 1
21 6416 1
21 1979 1
21 3173 1
21 10854 4
21 4199 1
21 19900 1
21 10348 1
21 14448 1
21 1141 1
21 3702 1
21 18041 1
21 13950 1
21 3711 1
21 20608 1
21 22464 1
21 6786 1
21 18055 1
21 20332 1
21 16664 1
21 17042 1
21 8341 1
21 6295 1
21 14489 1
21 14495 1
21 6000 1
21 6308 1
21 4773 1
21 9383 1
21 5800 1
21 10098 1
21 17071 1
21 12977 1
21 9398 1
21 19133 1
21 14018 1
21 20686 1
21 4303 1
21 18128 1
21 9425 1
21 17108 1
21 6361 1
21 11471 1
21 7903 1
21 7907 1
21 7911 1
21 18154 1
21 6901 1
21 14583 2
21 248 1
21 4564 1
21 20095 1
21 17706 1
21 10495 1
21 14082 1
21 14595 1
21 4868 1
21 17162 1
21 4364 1
21 7952 1
21 17681 1
21 2834 2
21 17172 1
21 18200 1
21 797 1
21 4384 1
21 4385 1
21 11555 1
21 5414 1
21 1834 1
21 18221 1
21 21305 1
21 7483 1
21 15166 1
21 19263 1
21 20803 1
21 5445 1
21 14668 1
21 3408 1
21 12625 2
21 14677 3
21 4438 1
21 8761 1
21 18776 1
21 6489 1
21 18267 1
21 7516 1
21 861 2
21 22369 1
21 3473 1
21 11113 1
21 22363 1
21 3435 2
21 5484 1
21 9069 5
21 13679 1
21 9072 1
21 21874 1
21 16243 1
21 12663 1
21 20856 1
21 5400 1
21 12390 1
21 1918 3
21 12673 1
21 12162 1
21 1924 1
21 16775 1
21 1418 1
21 395 1
21 10637 1
21 4496 1
21 4497 1
21 16963 1
21 7584 1
21 15266 4
21 9637 1
21 13223 1
21 10154 1
21 2990 1
21 7605 1
21 1976 1
21 6075 1
21 11196 1
21 15808 1
21 16834 1
21 8062 1
21 9158 1
21 13255 1
21 9684 1
21 6102 1
21 6622 1
21 6623 2
21 19939 1
21 6652 1
21 16362 2
21 10220 1
21 14589 1
21 11760 1
21 11762 1
21 500 1
21 4601 1
21 6651 2
21 18428 1
21 15869 1
21 21845 1
22 12288 1
22 8193 1
22 683 1
22 13834 1
22 22028 1
22 2063 1
22 5141 1
22 22557 1
22 15903 1
22 7600 1
22 15395 1
22 4647 1
22 3626 1
22 22571 1
22 8238 1
22 8753 1
22 1074 1
22 11827 1
22 12342 1
22 11832 1
22 2105 7
22 13887 1
22 2113 2
22 19523 1
22 1092 1
22 21601 1
22 15432 3
22 13389 2
22 21586 1
22 18005 1
22 5719 1
22 15448 1
22 5210 1
22 12897 1
22 4706 1
22 10854 2
22 9832 1
22 12905 1
22 4204 1
22 4208 1
22 13937 2
22 1141 2
22 10857 1
22 7601 1
22 13950 1
22 5760 1
22 20098 1
22 13445 1
22 6790 1
22 13963 3
22 17041 1
22 8342 1
22 10397 1
22 17067 1
22 6828 1
22 12976 1
22 19124 2
22 13493 1
22 10426 1
22 8892 1
22 19133 3
22 14016 1
22 17184 1
22 20683 1
22 708 1
22 13514 1
22 16075 1
22 3277 1
22 20686 2
22 9423 1
22 5667 1
22 11992 1
22 6363 1
22 14046 1
22 10533 1
22 10976 1
22 7633 1
22 7400 3
22 4329 1
22 6695 1
22 22252 1
22 14973 1
22 11511 1
22 15610 1
22 7932 1
22 1280 1
22 4868 2
22 14088 1
22 20234 1
22 4364 2
22 18191 1
22 7952 1
22 17681 1
22 21268 1
22 2606 1
22 4887 1
22 15128 1
22 7471 1
22 20256 1
22 7457 1
22 10531 1
22 646 1
22 19238 1
22 7463 1
22 12076 1
22 5935 1
22 1844 1
22 8502 1
22 9527 1
22 7992 1
22 21305 3
22 7482 1
22 16702 1
22 16705 2
22 17218 2
22 17223 1
22 328 1
22 13130 1
22 13131 1
22 8015 1
22 12625 1
22 10066 1
22 14677 2
22 21334 1
22 19800 1
22 858 1
22 18267 2
22 861 1
22 2279 1
22 22369 1
22 2407 1
22 360 1
22 5993 2
22 15723 1
22 9069 3
22 3438 1
22 15216 2
22 21878 1
22 20343 2
22 8568 1
22 889 1
22 14714 1
22 1917 1
22 1918 1
22 17791 1
22 16774 1
22 3463 1
22 748 1
22 10636 1
22 16194 1
22 12687 1
22 20882 1
22 7584 3
22 5537 1
22 15266 4
22 15268 1
22 9644 1
22 11181 1
22 14767 1
22 16304 1
22 7089 2
22 4019 1
22 8116 1
22 7605 1
22 6076 1
22 8638 1
22 22464 2
22 1991 1
22 8144 1
22 9169 1
22 13793 1
22 6114 1
22 10218 1
22 7660 1
22 11760 3
22 5623 1
22 16888 1
22 6651 1
23 12288 1
23 8705 1
23 8706 1
23 22022 1
23 16903 1
23 22024 1
23 9047 1
23 22030 1
23 10767 1
23 22032 2
23 12823 1
23 13849 1
23 18458 1
23 11292 1
23 22557 1
23 19493 1
23 8233 1
23 1578 1
23 11819 1
23 3629 1
23 1074 1
23 6446 1
23 1590 1
23 4663 1
23 7224 1
23 2105 2
23 5691 1
23 2108 1
23 13885 1
23 13887 1
23 2113 1
23 20547 1
23 22369 1
23 7241 1
23 8778 2
23 15948 1
23 8782 1
23 21586 3
23 10323 1
23 18005 1
23 18528 1
23 2661 1
23 16998 1
23 9832 1
23 10857 1
23 21613 1
23 8815 1
23 6771 1
23 9332 1
23 15489 1
23 13445 2
23 7303 1
23 18569 1
23 12942 1
23 655 1
23 2706 1
23 13763 1
23 9876 1
23 11927 1
23 6511 1
23 10397 1
23 16030 1
23 8352 1
23 15530 1
23 683 1
23 22188 1
23 21692 1
23 19124 1
23 22200 1
23 20665 1
23 7455 1
23 8892 2
23 19133 4
23 2239 1
23 11723 1
23 9924 1
23 20168 1
23 15820 1
23 9425 1
23 3468 1
23 21727 1
23 10467 3
23 1765 1
23 16616 1
23 7915 1
23 12089 1
23 7406 1
23 20722 3
23 18686 1
23 19712 1
23 4868 4
23 3845 1
23 18191 1
23 18197 1
23 9093 1
23 16673 1
23 10531 1
23 20774 1
23 12076 1
23 14386 1
23 18222 2
23 6447 1
23 15666 1
23 16694 1
23 14473 1
23 15673 1
23 12091 1
23 3903 1
23 6464 1
23 16193 1
23 6540 1
23 15178 1
23 5969 1
23 9044 1
23 21305 3
23 15706 1
23 18267 2
23 4961 1
23 15723 1
23 13679 1
23 7540 1
23 3958 1
23 21823 1
23 7550 2
23 14725 2
23 3462 1
23 16775 1
23 2956 1
23 10641 1
23 14743 1
23 3992 1
23 18841 2
23 13723 1
23 4000 1
23 4276 1
23 4011 1
23 9644 2
23 16302 1
23 22601 1
23 7608 1
23 10681 1
23 6075 1
23 13245 1
23 7617 1
23 11714 1
23 19907 1
23 13255 1
23 588 1
23 4087 1
23 13772 1
23 20429 1
23 14592 1
23 590 1
23 18393 2
23 1823 1
23 14306 1
23 488 1
23 15337 1
23 492 1
23 7670 1
23 5623 1
23 18424 1
23 11604 2
23 6652 1
23 5118 3
24 8705 1
24 19460 1
24 12805 1
24 9729 1
24 7690 2
24 523 1
24 22551 1
24 10265 1
24 15903 3
24 1968 1
24 1578 1
24 22571 2
24 1068 1
24 16430 1
24 1076 1
24 12342 1
24 17975 1
24 20024 1
24 6713 1
24 6651 1
24 15432 1
24 4364 1
24 12471 1
24 12878 2
24 15441 1
24 21586 1
24 4691 1
24 15444 1
24 5207 1
24 3176 1
24 7868 1
24 21613 2
24 14448 1
24 15976 1
24 15987 1
24 17012 1
24 11895 1
24 14969 1
24 641 1
24 13443 1
24 19588 1
24 13445 1
24 18055 1
24 1164 1
24 20112 1
24 8855 1
24 1179 1
24 4263 3
24 5801 1
24 16901 1
24 9901 1
24 5806 1
24 19124 1
24 4217 1
24 18104 1
24 2747 1
24 3260 2
24 3262 1
24 6847 1
24 11969 1
24 5684 1
24 7888 1
24 14033 2
24 20695 1
24 10972 1
24 21727 1
24 14800 1
24 13026 1
24 10467 2
24 8421 1
24 5841 1
24 15601 1
24 20722 2
24 5880 1
24 11514 1
24 11007 1
24 4868 1
24 18185 1
24 3339 1
24 6924 1
24 7952 1
24 2834 1
24 4373 1
24 13078 1
24 6942 1
24 13957 1
24 6947 1
24 17945 1
24 5929 1
24 19243 1
24 7471 1
24 1841 1
24 15666 1
24 16691 1
24 6760 1
24 5433 1
24 19258 1
24 12091 1
24 7485 1
24 3392 1
24 1591 1
24 10573 1
24 11603 1
24 11604 1
24 4438 1
24 9047 1
24 2394 1
24 1375 1
24 10555 1
24 17253 1
24 4972 1
24 13174 1
24 12151 1
24 5498 1
24 12670 1
24 18818 1
24 21388 1
24 909 1
24 917 1
24 14743 1
24 3498 1
24 9644 2
24 5552 1
24 12360 1
24 20915 1
24 7608 1
24 20927 1
24 6080 1
24 4038 1
24 13772 1
24 7118 1
24 7120 1
24 15864 2
24 9684 1
24 7638 1
24 17372 1
24 10206 2
24 14304 1
24 19939 1
24 16870 1
24 10407 1
24 11858 1
24 4598 1
24 5623 1
24 16888 3
24 4601 1
24 16890 1
24 20475 1
25 8705 1
25 19460 1
25 7687 1
25 13832 1
25 11436 1
25 10763 1
25 4433 1
25 17424 1
25 10259 1
25 7684 1
25 11293 1
25 15903 1
25 3621 2
25 11815 1
25 2089 1
25 15404 1
25 8753 1
25 14387 1
25 16223 1
25 13884 1
25 13887 1
25 13888 1
25 3652 1
25 15432 2
25 435 1
25 13389 1
25 11021 1
25 10832 1
25 22200 1
25 21586 1
25 7782 1
25 22119 1
25 10862 1
25 13937 1
25 6770 1
25 21621 1
25 14969 1
25 14970 1
25 3197 1
25 19583 1
25 6786 1
25 15491 1
25 13445 1
25 18056 1
25 13961 1
25 1167 1
25 2715 1
25 14495 1
25 16547 1
25 7849 2
25 683 4
25 16543 1
25 9901 2
25 11439 1
25 16052 1
25 5816 1
25 2745 1
25 698 1
25 17951 1
25 19133 1
25 13901 1
25 5825 1
25 20686 1
25 721 1
25 10454 1
25 11479 1
25 15581 1
25 6878 1
25 21727 2
25 10464 1
25 10467 1
25 5864 1
25 7408 1
25 7410 1
25 4868 1
25 2309 1
25 18185 1
25 4364 1
25 13069 1
25 18191 2
25 3344 2
25 18197 2
25 4886 1
25 7451 1
25 8989 1
25 19238 1
25 6446 1
25 7471 1
25 5936 1
25 18483 1
25 17719 1
25 1849 1
25 18234 1
25 4417 1
25 10973 1
25 3909 1
25 14668 2
25 15184 1
25 12625 2
25 6489 1
25 7514 1
25 16220 1
25 15709 1
25 7519 1
25 22368 1
25 22369 1
25 20343 1
25 17791 1
25 1408 1
25 797 1
25 901 1
25 15751 1
25 3468 1
25 12173 1
25 3473 2
25 20882 1
25 10644 1
25 1650 1
25 20384 3
25 9122 1
25 9124 1
25 20389 2
25 15276 1
25 16301 1
25 8627 2
25 8628 1
25 8629 1
25 9147 1
25 19900 2
25 4030 1
25 4000 1
25 11714 1
25 2505 1
25 5623 1
25 15308 1
25 20429 1
25 14798 1
25 9167 1
25 17360 2
25 7635 1
25 14807 1
25 19938 1
25 19939 1
25 16870 1
25 14673 1
25 4079 1
25 11760 1
25 10225 1
25 5619 1
25 12053 1
25 16374 1
25 18423 1
25 11771 3
25 13821 1
26 12288 2
26 9729 1
26 7684 1
26 10762 1
26 22032 2
26 16915 1
26 22551 3
26 8026 1
26 15903 2
26 1569 1
26 3621 1
26 16430 2
26 7224 1
26 3641 1
26 10814 2
26 3648 2
26 3649 1
26 3652 2
26 71 1
26 12360 1
26 4364 1
26 74 1
26 1099 1
26 588 1
26 12878 1
26 12880 1
26 9809 1
26 21586 2
26 18005 1
26 603 2
26 17936 1
26 2747 1
26 3260 2
26 17004 2
26 1648 1
26 5823 1
26 20095 1
26 13445 3
26 13958 1
26 18056 1
26 14985 1
26 19598 2
26 1167 2
26 1168 1
26 13969 1
26 3220 1
26 7322 1
26 13957 1
26 20642 1
26 19619 2
26 15528 1
26 683 1
26 8370 1
26 19124 1
26 5816 1
26 11449 1
26 5818 1
26 19131 1
26 8892 1
26 4831 1
26 3263 1
26 20686 1
26 719 1
26 22232 1
26 11471 1
26 13532 1
26 14047 2
26 1248 1
26 17360 1
26 17123 1
26 4335 1
26 7410 3
26 1269 1
26 14583 1
26 14584 1
26 15609 1
26 14081 1
26 15618 1
26 2309 1
26 18185 2
26 20234 2
26 11020 1
26 18191 1
26 7952 3
26 4884 1
26 18197 1
26 4382 1
26 5765 1
26 20256 1
26 21793 1
26 5927 2
26 2345 1
26 299 1
26 6446 2
26 7471 1
26 1841 1
26 13961 1
26 21817 1
26 12091 1
26 16702 1
26 16706 1
26 14668 1
26 17229 1
26 14672 1
26 12625 1
26 10467 1
26 4438 1
26 6489 1
26 19802 1
26 19804 1
26 7517 1
26 22369 1
26 13681 1
26 7514 1
26 12670 1
26 12162 1
26 2948 1
26 15751 1
26 7567 1
26 3473 1
26 20882 1
26 11156 1
26 20373 1
26 918 1
26 14743 2
26 6559 1
26 20384 1
26 16807 1
26 9644 1
26 16301 1
26 8628 1
26 73 1
26 1465 3
26 1466 4
26 9147 1
26 19900 1
26 11714 1
26 13763 1
26 19915 1
26 13772 1
26 14798 1
26 9167 1
26 14800 1
26 9169 1
26 475 1
26 16367 1
26 3060 1
26 5623 1
26 18424 1
26 4601 1
26 5119 1
27 7682 1
27 19460 1
27 9644 1
27 7180 1
27 526 1
27 22032 1
27 22551 1
27 1560 1
27 13316 3
27 17435 1
27 15903 1
27 15404 1
27 8749 1
27 16946 1
27 17973 1
27 15432 1
27 22601 1
27 16972 1
27 13389 1
27 17998 1
27 21586 1
27 6741 1
27 13398 1
27 3171 1
27 7780 1
27 16998 1
27 21613 2
27 14448 1
27 1163 1
27 13941 1
27 15994 1
27 6786 1
27 15491 1
27 19588 1
27 13445 2
27 18056 1
27 13451 1
27 1685 1
27 11932 1
27 880 1
27 10407 1
27 17067 2
27 17070 1
27 17072 1
27 6706 1
27 19124 1
27 2745 1
27 6844 1
27 4799 1
27 16586 1
27 13516 1
27 4302 1
27 16605 1
27 8421 2
27 4329 1
27 18154 1
27 20212 1
27 22266 1
27 10499 1
27 4868 1
27 18185 2
27 20234 1
27 4364 1
27 15119 1
27 21782 1
27 17688 1
27 4484 1
27 7455 1
27 12585 1
27 12589 1
27 6446 1
27 16175 1
27 1844 1
27 5433 1
27 9269 1
27 13428 3
27 13963 1
27 22341 1
27 6989 1
27 21841 1
27 21330 1
27 1369 1
27 22366 1
27 15199 1
27 15205 2
27 5994 1
27 20332 1
27 9069 1
27 9072 1
27 12663 1
27 12162 1
27 9092 1
27 14725 1
27 16774 1
27 7055 1
27 22339 1
27 3991 1
27 4506 1
27 925 1
27 7582 1
27 4000 1
27 15266 1
27 3492 1
27 12716 1
27 7089 1
27 11708 1
27 22093 1
27 3519 1
27 22464 1
27 13255 2
27 15820 1
27 7629 1
27 8143 1
27 18393 1
27 10206 1
27 6651 1
27 12625 2
27 492 1
27 15856 1
27 11771 1
27 18005 1
28 7684 1
28 22358 1
28 519 1
28 13832 1
28 522 1
28 2065 1
28 19478 1
28 22551 6
28 13316 1
28 9244 2
28 6685 1
28 17438 1
28 12325 1
28 9223 2
28 8236 1
28 16430 1
28 6706 1
28 1076 2
28 13884 1
28 8765 1
28 13888 1
28 8771 1
28 7236 1
28 7777 1
28 15432 1
28 74 1
28 75 1
28 588 1
28 18005 1
28 7776 1
28 5729 1
28 15971 1
28 7780 1
28 16998 1
28 15804 1
28 7101 1
28 21617 1
28 13428 1
28 2166 1
28 633 1
28 6784 1
28 22464 1
28 19588 1
28 13957 1
28 9351 1
28 13963 1
28 1167 4
28 2194 1
28 14495 1
28 16544 1
28 4263 2
28 10408 1
28 17066 1
28 15218 2
28 7345 1
28 11444 1
28 7867 1
28 8892 1
28 12481 1
28 15556 2
28 16592 1
28 10454 1
28 14969 1
28 20188 1
28 7915 1
28 19180 1
28 7410 1
28 22267 1
28 11904 1
28 22571 1
28 19716 1
28 2310 1
28 4364 1
28 6925 1
28 15119 1
28 4868 2
28 12570 1
28 8636 1
28 6432 1
28 18210 1
28 2345 1
28 6443 1
28 17202 1
28 19764 1
28 15671 1
28 5433 1
28 20284 1
28 8512 1
28 17218 1
28 17225 1
28 5450 2
28 12625 3
28 4438 1
28 22368 1
28 22369 1
28 1380 2
28 7013 1
28 7527 1
28 20329 1
28 7019 1
28 14703 1
28 2416 1
28 13800 1
28 3954 1
28 15221 3
28 12663 1
28 7546 1
28 17278 1
28 9092 1
28 14725 2
28 3975 1
28 22252 1
28 16778 1
28 7055 1
28 1943 1
28 1947 1
28 4509 1
28 17312 1
28 17313 2
28 9122 2
28 13723 1
28 20389 1
28 8618 2
28 9645 1
28 72 1
28 19378 1
28 435 1
28 17339 1
28 19900 1
28 1866 1
28 12734 1
28 14784 1
28 7584 1
28 11714 1
28 7623 1
28 9167 1
28 7637 1
28 6615 1
28 18393 1
28 3048 1
28 10407 4
28 7660 1
28 5489 1
28 500 1
28 5623 5
28 11771 1
28 5119 1
29 9733 1
29 15532 1
29 3603 1
29 17435 1
29 12317 1
29 1883 1
29 6695 2
29 16936 1
29 11817 1
29 4651 1
29 16430 1
29 16434 1
29 11832 1
29 13884 1
29 13885 1
29 7237 1
29 15448 1
29 602 1
29 21264 1
29 4198 1
29 13937 1
29 5760 1
29 6786 1
29 18051 1
29 1669 1
29 7303 1
29 13961 1
29 13963 1
29 19098 1
29 16030 1
29 11436 2
29 11438 1
29 9245 1
29 2747 1
29 18108 1
29 19133 3
29 15558 1
29 20683 1
29 20686 1
29 8401 1
29 4302 1
29 8421 1
29 4647 1
29 748 1
29 18174 1
29 14037 1
29 14081 1
29 20234 1
29 4364 1
29 10510 1
29 17168 1
29 22295 1
29 21295 1
29 4894 1
29 1827 1
29 5419 1
29 12076 1
29 18222 1
29 2351 1
29 1844 2
29 21305 1
29 17228 1
29 18267 1
29 22369 1
29 20329 1
29 8043 1
29 9069 2
29 13681 1
29 15218 1
29 12670 1
29 16774 1
29 1415 1
29 22252 1
29 4491 1
29 7570 1
29 18841 1
29 7584 2
29 17313 1
29 11181 1
29 5551 1
29 6066 1
29 19900 1
29 12734 1
29 13763 1
29 7638 1
29 10205 1
29 10206 1
29 4070 1
29 16363 1
29 11760 1
29 5623 3
29 6136 2
29 11771 1
30 19460 1
30 7180 1
30 13844 1
30 17424 1
30 16916 1
30 3605 1
30 19478 1
30 1048 1
30 5661 1
30 22557 1
30 15903 4
30 4647 1
30 16431 1
30 1074 1
30 1076 1
30 14033 1
30 13887 2
30 15432 1
30 13901 1
30 14418 1
30 4691 1
30 15448 2
30 18022 3
30 9832 1
30 18540 1
30 10357 1
30 1385 1
30 14969 1
30 6778 1
30 18197 1
30 6786 1
30 8214 1
30 13961 1
30 18571 1
30 17070 1
30 10264 1
30 21142 1
30 14488 1
30 6809 2
30 22171 1
30 3233 1
30 10407 1
30 6825 1
30 11436 1
30 5806 1
30 7343 1
30 20155 1
30 19133 3
30 1733 1
30 13516 1
30 20686 1
30 8401 1
30 1750 1
30 633 2
30 10972 1
30 4831 1
30 16608 1
30 721 1
30 12010 1
30 20723 1
30 15613 1
30 1280 1
30 17978 1
30 4868 1
30 17672 1
30 17163 1
30 4364 2
30 13069 1
30 21267 1
30 16661 1
30 19737 1
30 20256 1
30 1827 1
30 7463 1
30 15751 1
30 12076 1
30 6446 1
30 21295 1
30 5936 1
30 1844 2
30 21814 1
30 14985 2
30 21305 1
30 10975 1
30 20803 1
30 11945 1
30 4945 1
30 14677 1
30 2394 1
30 2397 1
30 15710 1
30 2914 3
30 15205 1
30 5993 1
30 364 1
30 15216 1
30 12663 1
30 5498 1
30 1921 1
30 8579 1
30 14725 1
30 1415 1
30 7051 1
30 13723 1
30 20384 1
30 15856 1
30 18865 1
30 1976 1
30 19900 2
30 1174 1
30 22464 2
30 11714 1
30 5623 1
30 9167 1
30 10206 1
30 483 1
30 12625 2
30 10728 1
30 11431 2
30 21586 1
30 4592 1
30 7155 2
30 3060 1
30 10409 1
30 6652 1
31 17793 1
31 16772 1
31 5270 1
31 15751 1
31 14088 1
31 22188 1
31 2442 1
31 4364 1
31 4496 1
31 15890 1
31 17428 1
31 18197 1
31 10262 1
31 10265 1
31 19460 2
31 14492 1
31 797 1
31 4382 1
31 15903 2
31 17312 1
31 5934 1
31 2596 1
31 16661 1
31 10408 1
31 20234 1
31 683 1
31 9644 1
31 6386 1
31 3758 1
31 21295 1
31 2224 1
31 16049 1
31 12345 1
31 7241 1
31 17228 1
31 10682 1
31 1467 1
31 18108 1
31 17290 1
31 4030 1
31 11714 1
31 505 1
31 8647 1
31 17484 1
31 11850 1
31 588 1
31 592 1
31 6770 1
31 21586 4
31 4691 1
31 7767 1
31 21977 1
31 14081 1
31 22363 1
31 18140 1
31 10205 1
31 10206 1
31 14051 1
31 9458 1
31 12394 1
31 8043 1
31 364 1
31 9069 1
31 7829 1
31 13425 1
31 626 1
31 16628 1
31 6902 1
31 4884 1
31 4219 1
31 764 1
31 17789 1
31 1918 1
31 11007 1
32 12288 1
32 13316 1
32 1545 1
32 17424 2
32 18776 1
32 19460 2
32 17435 1
32 10268 1
32 602 3
32 15903 3
32 11815 2
32 21032 1
32 632 2
32 3627 1
32 8236 1
32 22574 1
32 13871 1
32 12852 2
32 7224 1
32 17170 1
32 3647 1
32 12354 1
32 1092 1
32 16054 1
32 14407 1
32 12360 1
32 17485 1
32 19022 1
32 8461 1
32 9809 1
32 21586 5
32 10837 1
32 5207 1
32 20569 1
32 5210 3
32 1118 1
32 7263 1
32 18528 1
32 10851 1
32 13412 1
32 4199 1
32 9832 1
32 12905 1
32 7783 1
32 620 1
32 13421 1
32 2159 1
32 13937 2
32 18546 1
32 1141 1
32 15479 1
32 6776 2
32 3197 2
32 20095 1
32 21632 1
32 11461 3
32 18051 1
32 19588 1
32 14469 2
32 13969 1
32 10265 2
32 4255 1
32 18081 1
32 9892 1
32 4263 1
32 2216 1
32 13255 2
32 9901 1
32 1053 1
32 21168 1
32 4273 1
32 15731 1
32 19124 4
32 19126 2
32 16049 1
32 8892 2
32 19133 2
32 19648 1
32 7361 1
32 20165 1
32 11463 1
32 11979 1
32 15566 1
32 721 1
32 4046 1
32 14552 1
32 9434 1
32 10972 2
32 18141 1
32 4831 1
32 13776 1
32 11482 1
32 7397 1
32 7911 1
32 4328 1
32 7914 1
32 748 1
32 12013 1
32 8232 1
32 1918 2
32 21752 1
32 15102 1
32 11007 1
32 1280 1
32 3674 1
32 6405 1
32 17671 1
32 20234 1
32 3340 1
32 19725 1
32 17678 1
32 2834 1
32 787 1
32 15636 1
32 16662 1
32 5399 1
32 1304 1
32 13444 1
32 7451 1
32 19769 1
32 21889 1
32 7463 1
32 2344 1
32 5929 1
32 8490 2
32 2348 1
32 12589 1
32 19248 1
32 17719 1
32 1076 1
32 12602 1
32 19772 1
32 20285 1
32 4414 1
32 4417 1
32 7785 2
32 13129 1
32 13131 1
32 12110 1
32 3408 1
32 12625 1
32 17747 1
32 14677 2
32 9047 1
32 4440 1
32 8026 1
32 1374 1
32 2279 1
32 22368 1
32 355 1
32 8043 4
32 9069 7
32 7684 1
32 6511 1
32 9072 1
32 21875 1
32 626 1
32 12151 1
32 8571 1
32 12670 1
32 2943 1
32 8064 1
32 14721 1
32 16771 1
32 14725 1
32 14214 1
32 15751 1
32 7050 1
32 4496 4
32 917 1
32 17815 1
32 3652 1
32 15976 1
32 9121 1
32 15266 4
32 21923 1
32 18852 1
32 20389 1
32 15784 1
32 15273 1
32 17322 1
32 14919 1
32 9644 1
32 16301 1
32 15432 1
32 4019 1
32 1464 1
32 1465 1
32 833 1
32 22464 1
32 962 1
32 10145 1
32 1481 1
32 1483 1
32 12750 1
32 9167 1
32 14800 2
32 9169 1
32 9170 1
32 4053 1
32 7638 1
32 14456 1
32 15439 1
32 10205 1
32 22437 1
32 21617 1
32 15849 1
32 18922 1
32 11252 1
32 16888 1
32 4601 1
33 11265 1
33 13316 2
33 7686 1
33 1544 1
33 4013 3
33 9816 1
33 10264 1
33 10265 2
33 19486 1
33 18975 1
33 19491 1
33 7601 1
33 22571 1
33 8236 2
33 16431 1
33 12852 2
33 13887 1
33 7752 1
33 18505 1
33 14922 1
33 19019 1
33 11343 1
33 17490 1
33 18005 1
33 17494 1
33 5208 1
33 5210 2
33 17000 1
33 8892 2
33 2154 1
33 22124 1
33 14448 1
33 13937 1
33 10358 1
33 7785 1
33 632 1
33 4464 1
33 4221 1
33 15486 1
33 9152 1
33 20099 1
33 10372 1
33 18569 1
33 15432 1
33 1167 2
33 20112 1
33 2705 1
33 11922 1
33 15434 2
33 13978 1
33 14495 1
33 9072 1
33 9892 3
33 10408 1
33 15530 1
33 19124 4
33 4284 1
33 19133 2
33 11463 1
33 7370 1
33 11979 1
33 20686 1
33 16592 1
33 9434 1
33 15581 1
33 12512 1
33 1761 2
33 14053 1
33 4049 1
33 7400 1
33 4329 1
33 20519 1
33 748 1
33 12013 1
33 7409 1
33 9458 1
33 17140 1
33 6389 1
33 6441 1
33 11007 3
33 17671 1
33 3339 1
33 4364 2
33 3342 1
33 17170 3
33 18197 1
33 16662 1
33 5764 1
33 11040 1
33 10530 1
33 19238 1
33 7463 1
33 8668 1
33 5935 1
33 16176 1
33 820 1
33 3895 1
33 21305 1
33 19263 2
33 4419 1
33 2273 1
33 15688 2
33 17740 1
33 12110 1
33 11600 1
33 14649 1
33 12632 1
33 6489 1
33 1370 1
33 8028 1
33 861 1
33 12741 1
33 19810 1
33 22371 1
33 7528 1
33 5993 1
33 8043 3
33 9069 5
33 6512 1
33 5489 1
33 20851 1
33 1917 1
33 1918 1
33 18818 1
33 1924 1
33 14214 1
33 17132 1
33 2442 1
33 5929 2
33 2446 1
33 6893 1
33 4497 1
33 20882 2
33 405 1
33 4509 1
33 20384 1
33 15266 1
33 419 1
33 22437 2
33 15273 1
33 12716 1
33 10994 1
33 18865 1
33 20915 1
33 1466 1
33 19900 1
33 12733 1
33 22464 9
33 1099 2
33 4548 1
33 10362 1
33 13768 1
33 7115 1
33 13772 1
33 10190 1
33 9167 1
33 7633 1
33 9171 2
33 4053 1
33 9687 1
33 13276 1
33 4573 1
33 3408 1
33 10725 1
33 5095 1
33 20972 1
33 13821 1
33 10225 1
33 8180 1
33 6136 1
33 15869 1
34 12288 1
34 19460 4
34 13833 1
34 13834 1
34 9227 1
34 7180 1
34 3090 2
34 22557 1
34 6687 1
34 19491 1
34 11815 2
34 16425 1
34 22571 1
34 8236 1
34 2096 1
34 8753 1
34 7218 1
34 12852 2
34 568 1
34 20234 1
34 13889 1
34 18955 1
34 1092 1
34 14922 1
34 17483 1
34 592 1
34 21586 6
34 4691 1
34 5716 1
34 17494 2
34 12897 1
34 16315 1
34 18023 2
34 19900 1
34 22122 1
34 21102 1
34 9839 1
34 15478 1
34 6778 1
34 13440 1
34 705 1
34 22155 1
34 9069 2
34 13969 1
34 11922 1
34 14493 1
34 6816 1
34 9892 1
34 22188 1
34 9901 1
34 19124 1
34 7863 1
34 2745 1
34 15903 2
34 8892 1
34 4289 1
34 2243 2
34 20257 1
34 14024 1
34 4304 1
34 5332 1
34 18133 1
34 7952 1
34 4831 1
34 18144 1
34 12008 1
34 22252 2
34 12013 1
34 18199 1
34 6900 1
34 1785 1
34 1409 1
34 16649 1
34 2314 1
34 17163 1
34 4364 4
34 6925 1
34 5391 1
34 17168 1
34 16661 2
34 16663 1
34 16665 1
34 18209 1
34 10530 1
34 5927 1
34 1833 1
34 18222 2
34 21295 1
34 11056 1
34 1336 1
34 12602 1
34 19263 1
34 8513 1
34 9033 1
34 17740 1
34 12110 1
34 3408 1
34 21845 1
34 9047 1
34 12632 1
34 2394 1
34 22364 1
34 22368 2
34 10602 1
34 8043 1
34 13276 1
34 13970 1
34 20851 1
34 20343 1
34 12153 2
34 17788 1
34 1918 1
34 1921 1
34 18818 1
34 8579 1
34 1924 1
34 2442 3
34 4491 1
34 9453 1
34 4496 1
34 16273 1
34 22418 1
34 8086 1
34 21912 1
34 17818 1
34 4509 2
34 7584 2
34 15266 3
34 10154 1
34 1452 1
34 16301 1
34 20882 1
34 7600 1
34 20915 1
34 13129 1
34 1465 1
34 1467 1
34 1468 1
34 15434 1
34 22464 3
34 19396 1
34 13255 1
34 13772 1
34 9170 1
34 9171 1
34 4053 1
34 4572 1
34 10205 1
34 10206 1
34 6113 1
34 8169 1
34 7658 1
34 16366 1
34 5625 1
34 5119 1
34 6652 2
34 14677 1
35 12288 2
35 19460 1
35 518 1
35 14081 1
35 1544 1
35 4617 1
35 9047 1
35 12 1
35 17424 1
35 19715 1
35 10261 1
35 10264 1
35 7684 1
35 27 1
35 1053 1
35 13316 1
35 15903 3
35 7687 1
35 1074 1
35 1076 1
35 16951 1
35 12345 1
35 6718 1
35 3650 1
35 8771 1
35 15428 1
35 69 1
35 14919 2
35 12360 1
35 11850 1
35 1099 1
35 588 1
35 13389 3
35 8782 1
35 17490 1
35 18005 1
35 4695 1
35 15448 1
35 3674 1
35 9232 2
35 18023 1
35 7868 1
35 18028 1
35 13421 1
35 18030 1
35 625 1
35 1138 1
35 6776 1
35 14970 1
35 1760 1
35 5246 1
35 17023 1
35 5764 1
35 13445 2
35 15495 1
35 7306 1
35 19607 1
35 19098 1
35 14493 1
35 2207 1
35 9892 2
35 13425 1
35 2216 2
35 7343 1
35 21168 1
35 19124 1
35 19126 2
35 19642 1
35 18975 1
35 4284 1
35 19133 4
35 2325 1
35 17608 1
35 6345 1
35 4298 1
35 11979 2
35 20684 1
35 20686 3
35 16592 1
35 14456 1
35 20180 1
35 9432 1
35 9434 1
35 4491 1
35 4831 1
35 7392 1
35 6372 1
35 16903 1
35 1266 1
35 8021 1
35 15096 1
35 16341 1
35 20095 1
35 11007 1
35 1280 1
35 8449 1
35 17155 1
35 4868 1
35 19718 1
35 17671 1
35 14088 1
35 4364 5
35 20237 1
35 10265 1
35 16661 2
35 16662 1
35 8993 1
35 5929 1
35 1836 1
35 16946 1
35 18222 1
35 2351 1
35 17719 1
35 21305 3
35 10975 1
35 1342 1
35 16705 1
35 4418 1
35 20803 1
35 15177 1
35 17740 1
35 12110 1
35 3408 4
35 12625 2
35 14677 1
35 20281 1
35 12632 1
35 18267 1
35 22368 1
35 22369 1
35 5474 1
35 1895 1
35 9069 1
35 12663 1
35 1918 1
35 2943 2
35 2442 2
35 4247 1
35 4496 2
35 4497 1
35 13516 1
35 18197 1
35 21399 1
35 15855 1
35 7584 1
35 11760 1
35 1442 1
35 14755 1
35 22437 3
35 15275 1
35 15790 1
35 15791 1
35 1458 1
35 1459 1
35 1465 1
35 1466 4
35 12733 1
35 6078 1
35 22464 1
35 13763 1
35 4548 2
35 13768 1
35 13772 1
35 3991 1
35 17485 1
35 248 1
35 9170 1
35 6099 1
35 10574 1
35 9687 1
35 11514 1
35 4432 1
35 999 1
35 10732 1
35 21586 3
35 7663 1
35 15856 1
35 3060 1
35 16888 1
35 13817 1
35 12799 1
35 6652 2
35 15869 1
35 17918 1
35 21845 1
36 7684 3
36 4438 1
36 7690 1
36 9227 1
36 2578 2
36 10262 1
36 17943 2
36 19460 2
36 3627 1
36 8751 1
36 11827 1
36 4663 1
36 7225 1
36 15426 1
36 1092 1
36 14919 1
36 15432 1
36 18505 1
36 588 1
36 17485 2
36 21586 6
36 5716 1
36 5717 1
36 7258 2
36 13404 1
36 18530 1
36 7780 2
36 13421 2
36 21102 1
36 13425 1
36 18548 1
36 14456 1
36 13950 1
36 14973 1
36 14974 1
36 20095 1
36 6275 1
36 5764 1
36 5765 1
36 6281 1
36 13970 1
36 7827 1
36 14999 1
36 9892 1
36 10407 1
36 2216 1
36 22188 2
36 9901 1
36 1711 2
36 7345 1
36 4276 1
36 13493 1
36 8375 1
36 3259 1
36 17608 1
36 11979 1
36 8397 1
36 18133 2
36 4310 1
36 11991 1
36 9434 1
36 4831 4
36 7904 1
36 16609 1
36 7397 2
36 12008 1
36 10985 1
36 748 1
36 17790 1
36 19712 1
36 8449 1
36 4868 1
36 19208 1
36 16650 1
36 17163 1
36 4364 3
36 17681 1
36 1412 1
36 8988 1
36 11042 1
36 4572 1
36 16691 1
36 17216 1
36 4417 1
36 3408 1
36 12625 2
36 15190 2
36 9047 1
36 6489 1
36 2394 1
36 18267 1
36 22369 3
36 2407 1
36 20331 1
36 9069 1
36 7582 1
36 8571 1
36 1918 1
36 2943 1
36 1408 1
36 9092 1
36 15752 1
36 2442 1
36 2446 1
36 11665 2
36 8086 1
36 3991 2
36 5534 2
36 20384 1
36 18852 1
36 1445 1
36 9644 1
36 1453 1
36 7600 1
36 7752 1
36 437 2
36 7241 1
36 7608 1
36 1466 2
36 6901 1
36 7584 1
36 4548 1
36 21446 1
36 13255 1
36 17484 1
36 13772 2
36 9167 2
36 4601 1
36 21977 1
36 13276 1
36 20389 1
36 19939 1
36 13796 1
36 16361 1
36 15339 1
36 11760 1
36 16882 1
36 5623 1
36 16888 1
36 13817 1
36 4602 1
36 6652 1
36 7765 1
37 14081 1
37 14082 1
37 6389 1
37 7684 1
37 4310 1
37 3974 1
37 15751 2
37 13838 1
37 8079 1
37 3473 1
37 10259 1
37 4884 1
37 10541 1
37 4868 1
37 10265 1
37 11931 1
37 10837 1
37 12446 1
37 15903 1
37 1440 1
37 3106 1
37 14811 1
37 19718 1
37 13223 2
37 10920 1
37 1833 1
37 4779 1
37 12716 1
37 3629 1
37 7471 1
37 16304 1
37 16049 1
37 1074 1
37 12852 1
37 4277 1
37 2640 1
37 16828 1
37 11709 1
37 17141 1
37 8898 1
37 21032 1
37 22344 1
37 20681 1
37 11850 1
37 13772 1
37 17742 1
37 15794 1
37 4432 1
37 21586 1
37 867 1
37 8753 1
37 18646 1
37 7777 1
37 6489 1
37 11023 1
37 13278 1
37 22369 1
37 19555 1
37 19350 1
37 9873 1
37 4284 1
37 4199 1
37 7660 1
37 16366 1
37 14448 1
37 5489 1
37 3260 1
37 3061 1
37 22262 1
37 17428 1
37 18042 1
37 11007 1
37 1918 1
37 14463 1
