1 18434 1
1 13834 1
1 1547 1
1 9816 1
1 12306 1
1 9755 1
1 3629 1
1 12848 1
1 6193 1
1 20915 1
1 12354 1
1 1092 1
1 10311 1
1 11855 1
1 13398 2
1 7768 1
1 5391 1
1 6242 1
1 13412 1
1 8892 2
1 12394 1
1 15982 1
1 7101 1
1 14448 1
1 10515 1
1 19572 1
1 17016 1
1 16661 1
1 18052 1
1 13445 1
1 7303 1
1 13970 1
1 19140 1
1 13979 1
1 12446 1
1 9887 1
1 17435 3
1 17066 2
1 683 1
1 15534 1
1 19124 1
1 13493 1
1 18108 1
1 9918 1
1 21188 1
1 10963 1
1 10453 1
1 11479 1
1 11992 1
1 13178 1
1 18148 1
1 1258 1
1 20723 1
1 21748 1
1 11007 1
1 8449 1
1 4868 1
1 14088 1
1 20234 1
1 3339 2
1 4364 2
1 15119 1
1 6419 1
1 18197 1
1 15128 1
1 797 1
1 17185 1
1 19238 1
1 4399 1
1 13113 1
1 14654 1
1 20803 1
1 12625 1
1 11604 1
1 1371 1
1 9569 1
1 1378 1
1 15208 1
1 9065 1
1 9069 1
1 12441 1
1 14714 1
1 1918 1
1 16775 1
1 8079 1
1 2451 1
1 14489 1
1 1945 1
1 19866 1
1 12188 1
1 20384 1
1 4019 1
1 13236 1
1 16312 1
1 6075 1
1 3517 1
1 22464 1
1 4033 1
1 11714 1
1 15817 1
1 7629 1
1 14286 1
1 1499 1
1 4572 1
1 10721 1
1 20971 1
1 9198 1
1 15857 1
1 3060 2
1 14327 1
1 6651 4
1 11434 1
2 15874 2
2 16387 1
2 13398 3
2 8449 2
2 11436 1
2 17932 1
2 2063 1
2 17424 1
2 11779 1
2 1044 1
2 17435 2
2 15903 1
2 3621 1
2 20519 2
2 4138 1
2 555 1
2 8236 1
2 3629 2
2 9293 1
2 861 1
2 12852 1
2 12341 2
2 22071 2
2 569 1
2 15933 1
2 3647 1
2 12354 1
2 1092 1
2 18773 1
2 7240 1
2 11851 1
2 588 3
2 13389 1
2 12878 1
2 7761 1
2 21586 2
2 4691 1
2 10510 1
2 10838 1
2 603 1
2 4198 1
2 19558 1
2 20803 1
2 21613 2
2 12399 1
2 14448 1
2 625 1
2 6770 1
2 11027 1
2 15476 1
2 3702 1
2 17016 1
2 19578 1
2 3711 1
2 3201 1
2 15491 1
2 5764 1
2 1163 1
2 21647 1
2 9873 1
2 7438 1
2 14488 1
2 13508 1
2 21615 1
2 11479 1
2 18080 1
2 9072 1
2 7451 1
2 13989 1
2 17066 1
2 22188 1
2 17069 1
2 15534 1
2 17608 1
2 4275 1
2 4276 1
2 16054 1
2 16049 1
2 19133 4
2 9918 1
2 2244 1
2 4293 1
2 20168 1
2 11471 2
2 9424 1
2 8913 1
2 10867 1
2 20692 1
2 20695 1
2 11992 1
2 5339 1
2 10972 1
2 8415 1
2 10976 1
2 13776 1
2 7396 1
2 7397 1
2 7399 1
2 21227 1
2 7765 2
2 20723 1
2 17657 1
2 11007 2
2 14081 1
2 13570 1
2 20227 1
2 4868 2
2 14088 1
2 16651 1
2 5390 2
2 15119 2
2 19731 1
2 16661 1
2 7471 3
2 797 1
2 17185 1
2 2348 1
2 18222 1
2 4399 2
2 7476 1
2 8502 4
2 21305 2
2 6464 1
2 22339 1
2 3396 1
2 22341 1
2 1761 1
2 22344 1
2 17741 1
2 12625 3
2 14677 3
2 9047 1
2 6372 1
2 2394 1
2 18267 2
2 15709 1
2 865 1
2 7010 1
2 20323 1
2 15207 1
2 3217 1
2 4583 1
2 9069 5
2 6511 1
2 11120 1
2 16242 1
2 3047 1
2 13176 1
2 14713 1
2 14714 1
2 8255 1
2 1917 1
2 3966 1
2 1408 1
2 12162 1
2 8683 2
2 16775 1
2 4491 1
2 4493 1
2 8079 1
2 4496 1
2 2451 1
2 10644 1
2 9621 1
2 13719 1
2 9809 1
2 20384 2
2 7664 1
2 15266 5
2 19364 1
2 15273 1
2 19882 1
2 11692 1
2 10159 1
2 7601 1
2 4019 1
2 6075 1
2 7101 1
2 15808 1
2 8641 1
2 13388 1
2 14283 1
2 9122 2
2 9167 1
2 14800 1
2 19410 1
2 9684 1
2 17366 1
2 5881 1
2 5085 1
2 19943 1
2 7313 1
2 12778 1
2 3563 1
2 11760 1
2 502 1
2 7672 1
2 5625 1
2 15866 1
2 6651 1
2 6652 3
2 10154 1
2 10837 1
3 11264 1
3 12288 1
3 15874 1
3 13316 2
3 12293 1
3 16903 1
3 19464 2
3 15276 1
3 22232 1
3 7570 1
3 11792 1
3 15448 1
3 15378 1
3 13331 1
3 20288 1
3 17435 1
3 16422 1
3 4647 2
3 8232 1
3 8233 1
3 13866 1
3 3627 2
3 1544 1
3 1076 1
3 9269 1
3 11832 1
3 13884 1
3 8927 1
3 12352 1
3 16963 1
3 11850 2
3 11851 1
3 588 1
3 12878 1
3 11855 1
3 592 1
3 21586 3
3 20579 1
3 7765 1
3 9816 1
3 7771 1
3 10130 1
3 12897 1
3 3171 2
3 7782 1
3 15889 1
3 1980 1
3 22122 1
3 2237 1
3 14448 1
3 13937 2
3 6770 1
3 21622 1
3 7785 1
3 17016 2
3 14973 1
3 16695 1
3 3203 1
3 13445 1
3 5766 1
3 1163 1
3 21784 1
3 13970 1
3 10387 1
3 21652 1
3 20118 1
3 5274 1
3 14492 1
3 14495 1
3 9892 1
3 14504 1
3 11946 1
3 22188 1
3 2674 1
3 12716 1
3 21173 1
3 14008 1
3 19133 3
3 6337 1
3 7457 1
3 15820 2
3 17612 1
3 8397 1
3 719 1
3 18128 1
3 3281 1
3 7379 1
3 4310 1
3 11992 1
3 11995 1
3 15582 1
3 10975 1
3 7905 3
3 10978 1
3 1766 1
3 21224 1
3 12010 1
3 21032 1
3 17140 3
3 15609 1
3 17147 1
3 1280 2
3 14081 1
3 4868 4
3 17163 1
3 4364 2
3 9487 1
3 17681 1
3 6787 1
3 6075 1
3 18393 1
3 1304 1
3 19737 1
3 21295 1
3 19740 1
3 797 1
3 17184 2
3 2337 1
3 10531 1
3 17030 1
3 1833 1
3 13611 2
3 18222 1
3 7471 2
3 990 1
3 8502 1
3 17207 1
3 21305 1
3 17211 1
3 14730 1
3 20798 1
3 6464 1
3 4418 1
3 17292 1
3 3895 1
3 12110 1
3 15184 1
3 12625 5
3 14677 1
3 4438 1
3 18776 1
3 18267 3
3 10077 1
3 1375 2
3 4448 1
3 22369 1
3 13007 1
3 1380 1
3 4454 1
3 5672 1
3 360 1
3 11113 1
3 9069 4
3 2416 1
3 15166 1
3 21878 1
3 8568 1
3 14714 1
3 16252 1
3 18154 1
3 1918 3
3 4993 1
3 18818 1
3 16260 1
3 7049 1
3 7050 1
3 10636 1
3 4496 4
3 4497 1
3 20882 1
3 7062 1
3 6042 1
3 7579 2
3 7582 1
3 13727 1
3 11760 5
3 15266 2
3 10659 1
3 20900 1
3 20389 2
3 15784 1
3 15273 3
3 8620 1
3 12206 1
3 7600 1
3 16308 1
3 13749 1
3 5791 1
3 19900 1
3 12734 1
3 22464 1
3 19396 1
3 13772 1
3 9122 1
3 9167 1
3 13778 1
3 7635 1
3 14807 1
3 17369 1
3 13787 1
3 2525 1
3 6622 1
3 19938 2
3 10725 2
3 18428 2
3 10219 1
3 3568 1
3 680 1
3 6643 1
3 4599 1
3 6136 1
3 5625 1
3 11771 5
3 6652 4
3 21333 1
4 12288 2
4 4612 2
4 14081 1
4 3088 2
4 17435 1
4 9244 1
4 7400 1
4 9247 1
4 13858 1
4 8236 1
4 13884 2
4 8255 1
4 13889 1
4 15432 1
4 13389 1
4 13398 2
4 12375 1
4 3258 1
4 18528 2
4 3171 1
4 7782 1
4 15976 1
4 13937 1
4 10867 1
4 632 1
4 14969 1
4 14973 1
4 18197 1
4 1152 1
4 6790 1
4 14475 1
4 1167 1
4 3220 1
4 19094 1
4 13466 1
4 18076 1
4 18080 1
4 10915 1
4 6771 1
4 7865 1
4 13952 1
4 19133 2
4 21182 1
4 6848 1
4 1733 1
4 9417 1
4 11471 1
4 9424 1
4 9425 1
4 21202 1
4 10963 1
4 5753 1
4 1765 1
4 744 1
4 13033 1
4 21227 1
4 17657 1
4 14592 2
4 8449 1
4 4868 2
4 1798 1
4 17163 2
4 4364 1
4 20237 1
4 10515 2
4 16661 2
4 2839 1
4 6950 1
4 16775 1
4 10205 1
4 21305 1
4 19258 1
4 15593 1
4 3392 1
4 15170 2
4 20803 1
4 20804 1
4 16197 1
4 8518 1
4 15177 1
4 6989 1
4 1421 1
4 3408 1
4 21841 1
4 18771 1
4 11604 2
4 14677 1
4 18267 1
4 4668 2
4 364 1
4 5489 1
4 16242 1
4 12663 1
4 18809 1
4 7550 1
4 13697 1
4 21890 1
4 15237 1
4 1415 3
4 15752 1
4 1418 2
4 3479 1
4 5517 1
4 7055 1
4 11152 1
4 20882 1
4 3991 1
4 16196 1
4 17818 1
4 13772 1
4 4509 1
4 7584 1
4 15266 3
4 15273 1
4 18352 1
4 7601 2
4 8636 1
4 1174 1
4 16831 1
4 15808 1
4 15809 1
4 11714 2
4 4547 1
4 1482 1
4 15819 1
4 15820 1
4 9167 2
4 9170 1
4 13475 1
4 14807 1
4 2525 1
4 20448 1
4 14306 1
4 19939 1
4 6630 1
4 12625 1
4 7147 1
4 20972 1
4 494 1
4 19952 1
4 14324 1
4 16888 1
4 6652 1
4 12799 1
5 12288 1
5 13832 1
5 1547 1
5 3088 1
5 15384 1
5 13849 1
5 4122 1
5 13858 1
5 3629 1
5 9265 1
5 1591 1
5 13883 1
5 573 1
5 7691 1
5 22082 1
5 18955 1
5 3652 1
5 8264 1
5 17996 1
5 15971 2
5 19555 1
5 18022 1
5 9832 2
5 21097 1
5 2834 1
5 14448 1
5 7287 1
5 3197 1
5 12930 1
5 19588 1
5 13961 1
5 13963 1
5 7823 1
5 16030 1
5 20592 1
5 13478 1
5 10920 1
5 3758 1
5 17072 1
5 19124 2
5 4277 1
5 6329 2
5 3258 1
5 19133 2
5 15042 1
5 15556 1
5 20168 2
5 10442 1
5 719 1
5 16592 1
5 10963 1
5 12501 1
5 20695 1
5 13537 2
5 4328 1
5 9457 1
5 246 1
5 15102 1
5 14595 1
5 2322 1
5 2839 1
5 12076 1
5 5936 1
5 15666 1
5 21305 2
5 4421 1
5 17121 1
5 17225 1
5 12625 2
5 18267 1
5 22368 1
5 15717 1
5 3943 1
5 9069 3
5 6511 1
5 9072 2
5 5498 1
5 15232 1
5 12673 1
5 18818 1
5 906 1
5 1420 1
5 20882 3
5 7062 1
5 1604 1
5 4508 1
5 10145 1
5 15275 1
5 2990 1
5 18352 1
5 22464 1
5 11714 1
5 22262 1
5 1482 1
5 9167 1
5 4053 1
5 18390 1
5 22418 1
5 20971 1
5 7660 1
5 16367 1
5 7670 1
6 19460 1
6 17424 1
6 12823 1
6 12825 4
6 11806 1
6 13858 1
6 15793 1
6 15400 1
6 3627 1
6 3629 1
6 7219 1
6 7224 1
6 16442 1
6 7227 1
6 10862 1
6 587 1
6 5716 1
6 20059 1
6 9831 1
6 9832 1
6 18030 2
6 21104 1
6 4218 1
6 4032 1
6 12930 1
6 13445 2
6 5766 1
6 14475 1
6 9069 6
6 17041 1
6 21102 1
6 13478 1
6 9901 1
6 20155 1
6 19133 4
6 2243 1
6 11298 2
6 7888 1
6 4306 1
6 7380 1
6 18133 1
6 16592 1
6 748 1
6 6893 1
6 16120 2
6 771 1
6 4868 1
6 17163 1
6 5390 1
6 4884 1
6 21276 1
6 8989 1
6 13088 1
6 4385 1
6 5928 1
6 7471 1
6 20277 1
6 21305 4
6 19258 3
6 4415 1
6 15681 1
6 19782 1
6 12625 3
6 4438 1
6 14649 1
6 18267 3
6 1375 1
6 360 1
6 15722 1
6 7655 1
6 22418 1
6 9072 1
6 12663 1
6 8063 1
6 904 1
6 15754 1
6 10126 1
6 20882 2
6 9125 1
6 16301 1
6 15791 1
6 18865 1
6 7095 1
6 956 1
6 16831 1
6 22464 1
6 11714 1
6 13763 1
6 19396 1
6 13768 1
6 15820 1
6 22571 1
6 7637 1
6 8669 1
6 6630 1
6 3409 1
6 497 1
6 16374 1
7 12288 1
7 15874 1
7 13331 1
7 4116 1
7 10280 1
7 22571 3
7 3629 1
7 7217 1
7 4668 4
7 18528 1
7 578 1
7 15427 1
7 1092 1
7 11334 1
7 8778 1
7 1099 1
7 588 3
7 591 1
7 21586 3
7 88 1
7 1626 2
7 7776 1
7 9832 2
7 15465 1
7 3690 1
7 15980 1
7 10862 1
7 14448 2
7 6770 2
7 6269 1
7 3203 2
7 13445 1
7 14475 1
7 3182 1
7 673 1
7 13475 1
7 13477 1
7 13478 1
7 4779 1
7 9901 1
7 15033 1
7 19133 5
7 2243 1
7 2761 1
7 7380 1
7 20695 1
7 7392 1
7 745 1
7 12010 1
7 14583 2
7 4867 1
7 4364 3
7 273 1
7 276 1
7 21782 1
7 8992 1
7 20260 1
7 3881 1
7 6446 2
7 19254 1
7 16695 1
7 21305 5
7 19255 1
7 12625 3
7 15190 1
7 15192 2
7 19804 1
7 22368 2
7 1889 1
7 360 1
7 11113 1
7 9069 6
7 9072 1
7 10097 1
7 14714 1
7 12670 1
7 8503 1
7 14725 1
7 1415 1
7 8585 1
7 906 1
7 1420 1
7 10126 1
7 20882 2
7 67 1
7 3991 1
7 3652 3
7 17818 1
7 3055 1
7 4000 1
7 15777 1
7 4002 1
7 10162 1
7 8180 1
7 6076 1
7 20384 1
7 17227 1
7 13252 1
7 16374 1
7 13255 1
7 11723 1
7 3532 1
7 464 1
7 19619 1
7 8669 1
7 10219 1
7 7660 1
7 16367 2
7 14324 1
7 6646 1
7 6136 1
7 6651 4
7 6141 1
8 12288 1
8 16901 1
8 18952 1
8 11273 3
8 11275 1
8 15887 1
8 22032 1
8 6479 1
8 15903 1
8 20519 2
8 9259 1
8 4654 1
8 1076 1
8 12349 1
8 13888 1
8 20560 1
8 21586 1
8 1626 2
8 15971 1
8 18022 1
8 19048 1
8 13933 1
8 19133 4
8 14448 1
8 9832 1
8 6770 2
8 15994 1
8 6269 1
8 5760 3
8 14985 1
8 15508 1
8 14488 2
8 12446 1
8 671 1
8 4263 1
8 5808 1
8 16054 1
8 8892 2
8 3261 1
8 2243 1
8 9924 1
8 12663 1
8 7888 1
8 20695 1
8 11995 1
8 10972 1
8 10975 2
8 18144 1
8 16112 1
8 5876 1
8 14592 1
8 4867 1
8 4868 2
8 2310 1
8 17171 1
8 8988 1
8 19238 1
8 2344 1
8 5929 1
8 9514 1
8 15751 1
8 2351 1
8 11569 1
8 21305 4
8 17212 1
8 831 1
8 8513 1
8 6979 1
8 5517 1
8 12625 1
8 2394 1
8 15709 1
8 9069 3
8 9072 1
8 13681 1
8 15735 1
8 11071 1
8 17788 1
8 18818 1
8 16775 2
8 15752 1
8 909 1
8 7055 2
8 20882 1
8 3907 1
8 3991 2
8 14744 1
8 1437 1
8 8607 1
8 15266 2
8 16302 1
8 5551 1
8 7600 1
8 11193 1
8 18876 1
8 13763 1
8 7637 1
8 14811 1
8 21473 1
8 10210 1
8 6630 1
8 8683 2
8 14829 2
8 16367 1
8 496 1
8 16374 1
8 6652 1
8 16893 1
9 13440 1
9 22368 1
9 7684 2
9 14725 1
9 2310 1
9 12076 1
9 20234 1
9 14743 1
9 4364 1
9 20494 2
9 1167 1
9 1169 1
9 19716 1
9 277 1
9 17156 1
9 22551 1
9 2712 1
9 281 1
9 9733 1
9 7069 1
9 12878 1
9 15903 5
9 16544 1
9 8238 1
9 9122 1
9 18851 1
9 11684 2
9 19494 1
9 15528 1
9 13532 1
9 17707 1
9 22557 2
9 5554 1
9 18222 1
9 5551 1
9 1668 1
9 13316 1
9 16799 1
9 5301 3
9 521 1
9 5816 1
9 11449 1
9 5760 1
9 19131 1
9 15036 1
9 11709 1
9 17312 1
9 11714 2
9 11334 1
9 12103 1
9 13516 1
9 16586 1
9 588 1
9 20686 3
9 9167 1
9 15184 1
9 18005 1
9 86 1
9 10972 1
9 18013 1
9 15583 1
9 18528 1
9 22369 1
9 16998 2
9 3943 1
9 20882 1
9 12805 1
9 16363 1
9 8722 1
9 15856 1
9 10408 1
9 1266 2
9 5623 1
9 13560 1
9 14970 1
9 8187 1
9 13444 1
10 11777 1
10 16904 1
10 7690 1
10 22030 1
10 4623 1
10 22032 1
10 19993 4
10 16845 1
10 2394 1
10 3629 1
10 16430 1
10 9777 2
10 1076 1
10 7222 1
10 20023 1
10 13880 2
10 1084 1
10 3134 2
10 2111 1
10 12354 1
10 15432 2
10 1634 1
10 21586 8
10 13412 1
10 1626 11
10 16988 1
10 21690 1
10 10338 1
10 8804 1
10 613 1
10 11771 1
10 21613 2
10 14448 1
10 13937 1
10 6770 1
10 19571 1
10 2836 1
10 641 1
10 20099 1
10 19588 1
10 13445 3
10 7303 1
10 10605 1
10 16017 1
10 15508 2
10 11161 1
10 8349 2
10 16543 1
10 18592 2
10 15815 1
10 22188 1
10 12462 1
10 12463 1
10 17072 1
10 12465 3
10 15987 1
10 19401 1
10 3258 1
10 700 1
10 11969 1
10 17602 1
10 17603 1
10 2244 1
10 13514 1
10 20686 1
10 13007 1
10 4818 1
10 10453 1
10 12505 2
10 4303 1
10 4831 1
10 15584 1
10 7907 1
10 745 2
10 21227 1
10 22252 1
10 15601 1
10 22258 1
10 3829 1
10 15609 4
10 15610 2
10 15611 2
10 14589 1
10 22229 1
10 14592 1
10 8449 3
10 16131 1
10 4868 4
10 19718 1
10 16135 1
10 20232 3
10 20234 1
10 15119 1
10 21264 2
10 2834 1
10 21267 1
10 4884 1
10 6361 1
10 3460 1
10 13088 1
10 10532 1
10 12585 1
10 19245 1
10 2350 1
10 7471 1
10 10545 1
10 2873 2
10 10555 2
10 6464 1
10 4417 1
10 22339 1
10 8012 1
10 18766 1
10 4943 1
10 15184 1
10 12625 3
10 7566 1
10 15190 1
10 16215 1
10 9050 1
10 7567 1
10 22369 1
10 7010 1
10 360 1
10 20331 1
10 9069 1
10 20343 1
10 7546 1
10 16252 1
10 8062 1
10 7039 1
10 7553 1
10 7044 1
10 3393 2
10 395 1
10 11662 2
10 911 1
10 14738 1
10 835 1
10 14742 1
10 14743 2
10 1945 1
10 17312 2
10 21409 1
10 15266 1
10 20389 1
10 11182 2
10 12360 1
10 8626 1
10 4533 2
10 6303 1
10 11708 1
10 3517 1
10 3519 1
10 15809 1
10 13763 1
10 19396 2
10 13255 2
10 5577 1
10 15820 1
10 20429 1
10 9684 1
10 9686 1
10 10206 2
10 10210 1
10 10211 2
10 18921 3
10 4074 1
10 10219 1
10 10220 1
10 15616 1
10 14324 1
10 4599 1
10 8184 1
10 4090 3
10 6651 6
10 6652 7
10 15869 1
10 6143 1
11 14389 1
11 12288 1
11 11184 2
11 19460 1
11 4438 1
11 12806 2
11 16367 1
11 4107 1
11 16998 1
11 15379 1
11 19476 1
11 15869 1
11 17432 1
11 6686 1
11 5390 1
11 6180 1
11 6694 1
11 11817 2
11 20010 2
11 6699 1
11 21841 1
11 9777 1
11 1074 1
11 14387 1
11 21557 1
11 13884 1
11 5186 1
11 8771 1
11 20549 1
11 18505 1
11 12471 2
11 9809 2
11 21586 5
11 18005 1
11 16131 1
11 1626 2
11 12891 1
11 18528 1
11 7952 1
11 19556 1
11 613 1
11 18022 1
11 11708 2
11 4204 1
11 12916 1
11 14456 1
11 6777 1
11 19578 1
11 5823 1
11 20330 1
11 22464 3
11 14978 1
11 1669 1
11 6790 1
11 7815 1
11 17544 1
11 11916 1
11 4238 1
11 1167 2
11 20112 1
11 13969 1
11 3220 1
11 4247 1
11 16806 2
11 14703 1
11 12446 1
11 15216 1
11 1701 1
11 1702 1
11 11434 1
11 683 1
11 4787 1
11 19124 1
11 9398 1
11 10150 1
11 2745 1
11 21690 1
11 21694 1
11 10943 1
11 21696 3
11 2243 1
11 20686 2
11 6264 1
11 4818 1
11 5843 1
11 11479 1
11 2264 1
11 9435 1
11 21726 1
11 8421 1
11 7400 1
11 21458 1
11 5874 1
11 1947 1
11 13046 1
11 6265 1
11 8449 2
11 10499 1
11 20232 1
11 21769 1
11 20234 1
11 4364 4
11 7438 1
11 15119 1
11 17168 2
11 21267 1
11 18197 1
11 16664 1
11 1924 1
11 8988 1
11 20255 1
11 5415 1
11 1833 1
11 1834 1
11 18222 1
11 7471 2
11 1844 1
11 7483 1
11 7485 1
11 16702 1
11 831 1
11 3393 1
11 3395 1
11 21318 1
11 6989 1
11 10837 1
11 12625 1
11 9044 2
11 12942 2
11 15190 1
11 21847 1
11 11919 1
11 7397 1
11 6459 1
11 1380 1
11 19089 1
11 7018 1
11 16430 1
11 9069 2
11 6511 2
11 11632 1
11 2932 2
11 11637 2
11 12663 2
11 12665 1
11 2944 1
11 1410 1
11 9583 2
11 14725 1
11 19943 1
11 395 1
11 10636 1
11 17806 1
11 1428 1
11 10646 2
11 3991 1
11 1432 1
11 3055 1
11 12188 1
11 4677 1
11 17312 2
11 18921 1
11 6982 1
11 13222 1
11 15784 1
11 15275 1
11 2990 1
11 19126 1
11 15280 1
11 8627 1
11 8628 1
11 13749 1
11 19900 2
11 6592 1
11 2862 1
11 7110 1
11 6089 1
11 12746 1
11 14583 1
11 15820 1
11 16846 1
11 9167 2
11 16848 2
11 13778 1
11 15322 2
11 6108 2
11 10206 2
11 6623 1
11 13793 1
11 6651 3
11 10213 1
11 999 1
11 6121 1
11 4074 1
11 492 1
11 10223 1
11 11760 5
11 10225 2
11 14324 1
11 6648 1
11 11771 1
11 6652 1
11 17066 1
11 7765 1
12 12288 3
12 15874 1
12 5635 1
12 16901 1
12 7686 1
12 11792 1
12 7699 1
12 10262 2
12 6687 1
12 4128 1
12 7715 1
12 1798 1
12 11817 1
12 15916 1
12 8749 1
12 16430 1
12 16432 1
12 1074 1
12 1076 3
12 17162 1
12 3647 1
12 12354 1
12 16966 1
12 11850 2
12 13388 1
12 13389 1
12 21586 1
12 1844 1
12 89 1
12 5391 1
12 7777 1
12 3171 1
12 13412 1
12 16998 1
12 3175 1
12 15976 1
12 7785 1
12 620 1
12 12910 1
12 22133 1
12 12912 1
12 5745 1
12 12914 1
12 21619 1
12 1141 1
12 18044 1
12 5246 1
12 13952 1
12 18051 1
12 19588 1
12 13445 2
12 1266 1
12 10890 1
12 1163 1
12 16016 1
12 10862 1
12 19607 1
12 15000 1
12 14495 1
12 1648 1
12 1189 1
12 10407 1
12 17293 1
12 17066 1
12 17067 2
12 22188 1
12 13682 1
12 12466 1
12 12468 1
12 21687 1
12 2745 1
12 15903 1
12 700 1
12 19133 1
12 6847 1
12 3058 1
12 20167 2
12 14024 1
12 13424 1
12 719 1
12 15907 1
12 19671 1
12 2264 1
12 10972 2
12 21727 1
12 7904 1
12 13026 1
12 6372 1
12 19238 1
12 7400 1
12 22252 1
12 3311 1
12 12018 1
12 10963 1
12 12670 1
12 3881 1
12 15619 1
12 4868 3
12 2310 1
12 12673 1
12 20234 1
12 4364 1
12 12625 4
12 271 1
12 7952 1
12 17170 1
12 16661 1
12 13085 1
12 20255 1
12 8993 1
12 3877 1
12 17229 1
12 5929 1
12 18218 1
12 15751 1
12 18736 1
12 16180 1
12 9527 1
12 2873 1
12 10555 1
12 15170 2
12 4419 1
12 18759 1
12 18760 1
12 8012 1
12 6989 1
12 20303 1
12 21841 1
12 6489 2
12 2394 3
12 3419 1
12 7516 1
12 15709 1
12 8421 1
12 5473 1
12 4452 1
12 15717 1
12 19943 1
12 5996 1
12 9069 2
12 10098 1
12 8564 1
12 12663 1
12 14714 1
12 10975 2
12 7041 1
12 21392 1
12 2949 2
12 1415 1
12 15753 1
12 8587 1
12 909 2
12 4496 1
12 4497 1
12 22418 1
12 3992 2
12 21617 1
12 3486 1
12 15266 1
12 4081 1
12 429 1
12 16308 1
12 1465 1
12 19900 1
12 15434 1
12 4032 1
12 7110 1
12 13255 1
12 588 1
12 12535 1
12 15820 1
12 9167 2
12 7633 1
12 10205 1
12 10206 1
12 5089 2
12 14306 2
12 16775 1
12 3047 1
12 15338 1
12 11760 1
12 18929 1
12 9247 1
12 4087 1
12 15864 1
12 7673 1
12 6652 3
12 15869 2
12 17168 1
12 12799 1
13 12288 2
13 8705 1
13 19460 1
13 16902 1
13 20999 1
13 7690 1
13 11787 1
13 13836 1
13 12816 1
13 12823 2
13 10264 1
13 12825 4
13 22368 1
13 6687 3
13 1092 1
13 2594 1
13 16931 1
13 3138 1
13 11814 2
13 4647 1
13 11817 1
13 1578 1
13 1067 1
13 8236 1
13 3629 1
13 16430 3
13 2096 1
13 1076 1
13 9269 1
13 10300 1
13 1600 1
13 9072 1
13 3650 1
13 3652 1
13 5302 1
13 7752 1
13 4364 1
13 1099 1
13 9635 1
13 12878 1
13 14415 1
13 21586 1
13 3155 1
13 10837 1
13 17494 1
13 5208 1
13 1626 1
13 20666 1
13 12897 1
13 7778 1
13 2661 1
13 19900 3
13 12910 2
13 10351 1
13 10608 1
13 12916 1
13 17017 1
13 6778 1
13 6268 1
13 5246 1
13 3203 1
13 18052 1
13 13445 1
13 21642 1
13 19596 1
13 4238 1
13 2704 1
13 2705 1
13 16020 1
13 18030 1
13 7830 1
13 6596 1
13 673 1
13 19142 1
13 18087 1
13 10408 1
13 3255 1
13 5804 1
13 11437 1
13 12977 1
13 19124 2
13 21686 1
13 12471 2
13 11792 1
13 8892 1
13 10432 1
13 3266 1
13 11461 1
13 6854 1
13 20167 1
13 20169 1
13 17243 1
13 13516 3
13 719 1
13 20695 2
13 2264 1
13 22223 1
13 1246 1
13 21727 2
13 16608 1
13 20194 2
13 10467 2
13 5860 1
13 8421 1
13 9255 1
13 22252 1
13 18158 1
13 1263 1
13 7409 1
13 20722 2
13 13937 1
13 18686 2
13 14081 1
13 8747 1
13 4868 4
13 2310 1
13 16135 1
13 20234 2
13 6924 1
13 6414 1
13 17168 1
13 4884 1
13 16661 1
13 17688 1
13 8989 1
13 7968 1
13 18209 1
13 16677 1
13 3880 1
13 5936 1
13 1841 1
13 1844 1
13 8502 1
13 2873 2
13 19258 1
13 10890 1
13 831 1
13 10464 1
13 4418 1
13 8515 1
13 5448 1
13 8012 1
13 18766 1
13 21841 1
13 13141 2
13 4438 1
13 15704 1
13 2394 2
13 18267 1
13 7516 1
13 3935 1
13 4960 1
13 17251 1
13 4965 1
13 7313 1
13 9069 3
13 14704 1
13 7540 1
13 10103 1
13 15508 1
13 19775 1
13 13089 1
13 1918 1
13 15817 1
13 4484 1
13 14725 1
13 16774 1
13 16775 1
13 1420 1
13 17218 1
13 11154 1
13 15763 1
13 14743 1
13 11672 3
13 14233 1
13 5019 1
13 15170 1
13 7237 2
13 17312 1
13 4003 1
13 11684 3
13 9125 1
13 15784 1
13 15275 1
13 13232 2
13 5554 1
13 8628 1
13 10679 2
13 7156 1
13 11708 2
13 11711 1
13 22464 2
13 20384 1
13 18882 1
13 20420 1
13 17353 1
13 12746 1
13 9676 1
13 9167 2
13 18851 1
13 578 1
13 7638 1
13 15268 1
13 15820 1
13 10205 1
13 13819 1
13 12625 2
13 15337 1
13 3055 4
13 11760 1
13 15528 1
13 3058 1
13 13299 1
13 8180 1
13 15855 1
13 4601 1
13 11771 1
13 15869 1
14 14081 1
14 19460 2
14 2134 1
14 8705 1
14 7540 1
14 3978 1
14 18571 1
14 19598 1
14 19599 1
14 22032 1
14 11665 1
14 4754 1
14 13763 1
14 21782 1
14 3991 1
14 17818 1
14 8988 1
14 4382 1
14 4000 1
14 16035 1
14 16804 1
14 5798 1
14 19881 1
14 13389 1
14 1458 1
14 1076 1
14 15774 1
14 9015 1
14 5433 1
14 13663 1
14 8892 1
14 3517 1
14 16778 1
14 6464 1
14 11714 1
14 4547 1
14 22464 1
14 19401 1
14 16586 1
14 15820 1
14 8013 1
14 19661 1
14 18769 1
14 7764 1
14 18005 2
14 4438 1
14 12760 1
14 19036 1
14 1374 1
14 10975 2
14 6368 1
14 16998 1
14 7400 1
14 10985 1
14 17004 1
14 19183 1
14 18540 1
14 1342 1
14 13428 1
14 6014 1
14 5929 2
14 1786 1
14 4603 1
14 11902 1
15 12288 1
15 12805 1
15 13832 1
15 22551 1
15 10264 1
15 20997 1
15 4128 1
15 3627 1
15 15404 1
15 16434 1
15 7219 1
15 17973 1
15 6713 1
15 6715 1
15 13885 1
15 20547 1
15 15432 1
15 20236 1
15 15434 1
15 588 1
15 18005 1
15 15119 1
15 19036 1
15 19553 1
15 7780 1
15 16998 2
15 15976 1
15 13418 2
15 18030 1
15 13428 2
15 18554 1
15 11388 1
15 6270 1
15 1664 1
15 14466 1
15 19599 1
15 9873 1
15 6291 1
15 22188 1
15 14509 1
15 16048 1
15 7867 1
15 9919 1
15 13516 1
15 8913 1
15 3796 1
15 15579 1
15 14970 1
15 7400 1
15 22581 1
15 13570 1
15 14595 1
15 2824 1
15 17162 1
15 17163 1
15 4364 1
15 18191 1
15 21782 1
15 2841 1
15 6938 1
15 4891 1
15 18210 1
15 18222 1
15 7476 1
15 9527 1
15 1844 1
15 14654 1
15 5951 1
15 6982 1
15 21841 1
15 9555 1
15 13663 1
15 9069 1
15 3958 1
15 12663 1
15 3961 1
15 4486 1
15 14215 1
15 20882 1
15 3991 1
15 18851 1
15 8619 1
15 11180 1
15 9141 1
15 1469 1
15 11710 1
15 7617 1
15 11714 2
15 13388 1
15 15820 1
15 20429 1
15 464 1
15 22571 1
15 4051 1
15 9684 1
15 11733 1
15 18391 1
15 6622 1
15 14306 2
15 12625 1
15 1520 1
15 16373 1
15 5623 1
16 7683 1
16 2578 1
16 19478 1
16 22551 1
16 6687 2
16 7203 1
16 6695 1
16 1578 2
16 555 1
16 16430 1
16 1076 1
16 12341 1
16 19124 1
16 13887 3
16 12354 1
16 15432 2
16 15434 1
16 595 1
16 9816 1
16 3171 1
16 16998 2
16 11887 1
16 8817 1
16 15987 1
16 13428 3
16 17016 1
16 5246 1
16 6786 1
16 13445 1
16 10375 1
16 14473 1
16 6339 1
16 19607 1
16 9887 1
16 4276 1
16 16054 1
16 2745 1
16 2747 1
16 2243 1
16 17260 1
16 3796 1
16 10976 1
16 7905 1
16 7410 1
16 5885 1
16 4868 2
16 18182 1
16 18185 5
16 3339 1
16 4364 1
16 18197 2
16 6432 1
16 16166 2
16 12625 3
16 9047 1
16 4441 1
16 21850 1
16 17243 1
16 7018 1
16 364 1
16 7539 1
16 4472 1
16 3966 1
16 1924 1
16 16774 1
16 16778 1
16 7568 1
16 20882 1
16 4509 1
16 7584 1
16 14753 1
16 15778 1
16 1459 1
16 9142 1
16 1465 1
16 11714 1
16 1999 1
16 13776 2
16 18911 1
16 14306 1
16 19943 1
16 7660 2
16 17149 1
16 11760 1
16 1524 1
16 6651 1
16 15869 1
17 19460 1
17 22542 1
17 3758 1
17 22551 3
17 12325 1
17 8238 1
17 11832 1
17 11444 1
17 13888 1
17 19523 1
17 15940 1
17 8262 1
17 8266 1
17 21068 1
17 13901 1
17 15438 1
17 20649 3
17 11870 1
17 3171 1
17 16998 2
17 13418 2
17 13428 2
17 14969 1
17 5246 1
17 18197 1
17 6080 1
17 14469 1
17 18055 1
17 13963 1
17 19598 1
17 7823 1
17 4771 1
17 4263 1
17 17577 1
17 17066 1
17 9901 1
17 4782 1
17 19124 1
17 8892 1
17 19133 2
17 9919 1
17 14028 1
17 4818 2
17 6777 1
17 11483 1
17 10407 3
17 7394 1
17 3812 1
17 7397 1
17 18155 1
17 22252 1
17 1266 3
17 248 1
17 15097 1
17 3332 1
17 18185 3
17 20234 1
17 4364 1
17 20238 1
17 6927 1
17 1813 1
17 6436 1
17 9351 1
17 5422 1
17 5424 1
17 7481 1
17 20284 1
17 3392 1
17 21841 1
17 4438 1
17 21305 2
17 18267 1
17 22369 2
17 2914 1
17 15717 1
17 16430 1
17 9069 1
17 366 1
17 10096 1
17 15218 1
17 377 1
17 5498 1
17 15227 1
17 4988 1
17 17790 1
17 15751 1
17 15939 1
17 14743 1
17 13723 1
17 12870 3
17 17337 1
17 1466 1
17 17339 1
17 19900 2
17 7104 1
17 11714 3
17 13772 2
17 15864 1
17 15317 2
17 10206 1
17 18920 1
17 10731 1
17 492 1
17 3055 1
17 20468 1
17 5623 2
17 3064 1
18 11904 1
18 8449 1
18 10731 1
18 7684 3
18 14725 1
18 12288 1
18 9223 1
18 14729 1
18 11479 1
18 3329 3
18 20238 1
18 7567 1
18 1168 1
18 20882 1
18 22551 1
18 2841 1
18 3055 1
18 7069 1
18 13854 1
18 16436 1
18 17312 1
18 17313 2
18 15399 3
18 16547 3
18 8193 1
18 3878 1
18 8615 1
18 11821 1
18 8238 2
18 22557 1
18 15536 1
18 16435 1
18 1076 1
18 14366 1
18 13530 1
18 1465 1
18 12602 2
18 8892 1
18 16190 1
18 16193 1
18 16544 2
18 13255 1
18 22220 1
18 13090 1
18 9425 1
18 21586 1
18 11449 1
18 89 1
18 14682 1
18 2063 1
18 18140 1
18 7527 1
18 4412 1
18 18267 4
18 4263 1
18 18540 1
18 9069 1
18 14575 1
18 19184 1
18 3313 1
18 1266 1
18 15220 3
18 15221 1
18 5623 3
18 10360 1
18 5625 1
18 15227 1
18 11902 2
19 12288 1
19 15363 1
19 13316 1
19 12805 1
19 16902 1
19 22024 1
19 2220 2
19 523 1
19 7180 1
19 7570 1
19 11792 1
19 11779 1
19 16302 1
19 5142 1
19 10263 1
19 10264 1
19 12825 2
19 2588 1
19 13854 4
19 15903 1
19 18352 3
19 18467 1
19 7686 1
19 12329 1
19 8746 1
19 1067 1
19 20012 1
19 1069 1
19 1074 1
19 9169 1
19 1076 1
19 15177 1
19 12342 1
19 7223 1
19 13421 1
19 5691 1
19 13884 1
19 5694 1
19 12354 4
19 12867 1
19 7237 1
19 12870 1
19 14919 1
19 15432 1
19 18505 1
19 4433 1
19 17484 2
19 17485 1
19 19725 1
19 592 1
19 15971 1
19 22100 1
19 5717 2
19 13398 1
19 9305 2
19 3674 1
19 22108 1
19 11870 1
19 3088 1
19 18363 1
19 7782 1
19 2663 1
19 15976 1
19 8636 1
19 19460 1
19 18029 1
19 3182 1
19 11887 3
19 14448 3
19 13425 3
19 6770 1
19 21622 1
19 3689 1
19 3705 2
19 3197 1
19 3711 1
19 13440 1
19 21633 1
19 3203 1
19 13444 1
19 13445 2
19 20103 1
19 19048 1
19 1163 2
19 21647 2
19 12312 1
19 10386 1
19 2707 1
19 15273 1
19 21305 1
19 19607 1
19 6809 3
19 11931 1
19 2207 1
19 7329 1
19 5512 1
19 19619 1
19 16548 2
19 625 1
19 2216 1
19 22188 2
19 13389 1
19 7343 2
19 11440 1
19 3629 1
19 14455 1
19 19642 1
19 7867 1
19 21692 1
19 19133 7
19 22208 1
19 11969 1
19 18116 1
19 4293 1
19 15558 2
19 15820 1
19 11979 2
19 20685 1
19 20686 1
19 16592 1
19 721 1
19 13663 1
19 3796 1
19 22229 1
19 11991 1
19 12548 1
19 2777 1
19 9434 3
19 11995 1
19 3804 1
19 14046 1
19 12897 1
19 9442 1
19 7397 1
19 13030 1
19 7911 1
19 17943 1
19 22252 3
19 19181 1
19 7918 1
19 8317 1
19 2344 1
19 22258 1
19 14579 1
19 20725 1
19 13937 3
19 11482 1
19 10492 1
19 15102 1
19 11007 2
19 8449 2
19 15199 1
19 16131 1
19 19716 1
19 2310 1
19 8175 1
19 1580 1
19 20234 1
19 4364 3
19 13069 1
19 19726 1
19 13357 1
19 17681 1
19 16661 2
19 4868 1
19 2327 1
19 19588 1
19 17690 1
19 7451 1
19 2778 1
19 14469 1
19 801 1
19 11555 1
19 3878 1
19 5927 1
19 3880 2
19 4497 1
19 13611 1
19 2348 2
19 20269 1
19 18222 2
19 2351 1
19 7248 1
19 19764 1
19 6622 1
19 8502 1
19 4438 1
19 12602 1
19 20284 1
19 16704 1
19 3397 1
19 7785 2
19 5448 2
19 13129 1
19 13026 2
19 12110 3
19 4432 1
19 12625 4
19 1375 1
19 15190 2
19 7481 1
19 13658 1
19 18267 1
19 14686 1
19 21733 1
19 22368 1
19 13666 1
19 1380 1
19 6801 1
19 5993 1
19 9069 1
19 7684 2
19 6511 1
19 6512 1
19 15218 1
19 15220 1
19 375 1
19 8568 1
19 18810 1
19 11708 1
19 1918 2
19 2943 1
19 11651 1
19 4486 1
19 16775 1
19 15752 1
19 15754 1
19 8079 1
19 4496 4
19 11665 3
19 22418 1
19 3991 5
19 3992 1
19 4507 1
19 4509 3
19 15774 2
19 17313 2
19 15266 6
19 22437 3
19 18857 1
19 2119 1
19 1454 1
19 7600 1
19 4168 1
19 12190 1
19 13238 1
19 9033 1
19 8892 1
19 1465 1
19 1466 3
19 7611 1
19 18364 1
19 21948 1
19 3519 1
19 22464 2
19 11714 1
19 16838 1
19 15817 1
19 5496 1
19 13772 4
19 3084 1
19 9167 2
19 22571 1
19 7637 1
19 18390 1
19 13817 1
19 9892 3
19 591 1
19 10205 1
19 10206 1
19 20560 1
19 5969 1
19 7660 1
19 494 2
19 16367 1
19 13808 1
19 10227 3
19 3060 1
19 5623 2
19 13816 1
19 505 1
19 16890 1
19 6651 2
19 6652 1
19 22015 1
20 12288 2
20 15874 1
20 13316 3
20 16901 1
20 2220 1
20 526 1
20 21933 1
20 19478 1
20 4121 1
20 4635 1
20 9244 1
20 15903 6
20 21295 1
20 20238 1
20 11817 1
20 555 1
20 20012 1
20 8749 1
20 16430 4
20 3633 2
20 1074 1
20 1076 2
20 15415 1
20 4665 1
20 3647 1
20 3648 1
20 3649 1
20 22082 1
20 3652 5
20 3141 1
20 1862 1
20 12897 1
20 12360 1
20 15434 1
20 13388 1
20 906 1
20 15439 1
20 592 1
20 21586 3
20 2915 2
20 22100 1
20 22030 1
20 16470 2
20 15432 1
20 20239 1
20 10337 1
20 13889 1
20 13412 1
20 17041 1
20 8892 3
20 13159 1
20 18030 1
20 20592 1
20 21617 1
20 2674 1
20 21619 1
20 17012 1
20 14454 1
20 14969 1
20 1147 1
20 5246 1
20 18051 1
20 12825 1
20 1669 1
20 18568 1
20 3948 1
20 6282 1
20 1167 1
20 5776 1
20 3217 1
20 2706 1
20 3220 3
20 662 1
20 10265 1
20 6809 1
20 15514 1
20 11931 1
20 11932 1
20 14493 1
20 14495 1
20 20642 1
20 11428 1
20 10097 1
20 22188 1
20 9901 1
20 1710 2
20 19124 1
20 13493 1
20 12471 3
20 20155 1
20 15548 3
20 19133 1
20 17603 1
20 20168 1
20 13514 1
20 13516 1
20 4303 1
20 11471 2
20 14033 1
20 5331 2
20 22232 1
20 5339 1
20 4831 1
20 20194 2
20 2278 1
20 6375 1
20 7400 1
20 21227 1
20 22252 1
20 17681 1
20 5501 1
20 20723 1
20 22262 1
20 588 1
20 14081 1
20 6915 1
20 19716 1
20 17671 1
20 20232 1
20 8236 1
20 20234 3
20 3339 1
20 4364 4
20 5390 1
20 13357 1
20 17168 2
20 2264 1
20 18197 1
20 18780 1
20 7660 1
20 5935 1
20 8988 1
20 18207 1
20 18209 1
20 18214 1
20 7463 1
20 7471 1
20 1844 1
20 21305 1
20 7483 1
20 10044 1
20 3978 1
20 13445 2
20 22339 2
20 12354 1
20 16362 1
20 21318 1
20 9543 1
20 7497 1
20 8013 1
20 3408 1
20 12625 6
20 9555 1
20 9556 2
20 14677 1
20 4438 1
20 12119 1
20 18267 1
20 7516 1
20 14686 1
20 4411 1
20 4966 1
20 2407 1
20 364 1
20 9069 5
20 6512 1
20 13681 1
20 9074 1
20 12778 1
20 18818 1
20 2947 1
20 12165 1
20 15751 1
20 15752 1
20 3977 1
20 5514 1
20 1420 2
20 4493 1
20 11662 2
20 15763 1
20 10644 1
20 917 1
20 665 1
20 19870 1
20 4000 2
20 1442 1
20 22437 1
20 7592 1
20 12716 1
20 16301 1
20 2990 2
20 433 1
20 8628 1
20 1466 1
20 12733 1
20 11714 1
20 21957 2
20 13255 2
20 15817 1
20 15820 1
20 15778 2
20 21454 1
20 9167 1
20 16848 1
20 22571 1
20 9172 1
20 590 1
20 5590 1
20 8668 1
20 10205 1
20 4581 1
20 6630 1
20 10728 1
20 4074 1
20 20972 1
20 15954 1
20 16367 1
20 11760 1
20 10225 2
20 12791 1
20 7764 1
20 13819 1
20 6652 1
20 15869 1
20 13822 1
21 12288 1
21 5632 1
21 13316 1
21 6149 1
21 19464 2
21 15532 1
21 7690 1
21 15377 1
21 13331 2
21 19460 1
21 1054 1
21 18975 2
21 3621 1
21 22571 1
21 15404 1
21 4653 1
21 4654 1
21 435 1
21 9269 1
21 19516 1
21 12352 2
21 7236 1
21 14407 1
21 4169 2
21 11850 2
21 4171 1
21 20559 1
21 19027 1
21 5208 1
21 18013 1
21 18014 2
21 18016 1
21 7999 1
21 15971 3
21 13412 1
21 18022 1
21 15465 1
21 13937 1
21 1141 1
21 2166 1
21 17016 1
21 6265 1
21 19900 1
21 16661 1
21 4225 1
21 4227 1
21 13444 1
21 13445 1
21 4230 2
21 4231 1
21 18056 1
21 650 1
21 13451 1
21 1676 1
21 2704 1
21 17041 1
21 13970 2
21 7829 1
21 4249 1
21 14495 1
21 2416 1
21 13986 1
21 10915 1
21 4263 1
21 17067 2
21 5804 1
21 16054 1
21 12471 1
21 19133 1
21 10436 1
21 20165 1
21 4385 1
21 18632 1
21 12333 1
21 719 1
21 1239 1
21 4831 2
21 9442 1
21 18148 1
21 7397 1
21 4328 1
21 7036 1
21 6380 1
21 17140 1
21 18173 2
21 1280 1
21 4868 3
21 2309 3
21 19723 1
21 4364 1
21 6925 1
21 21549 1
21 7016 1
21 17172 1
21 18197 1
21 16662 1
21 7447 1
21 8636 1
21 18209 2
21 19238 1
21 2343 1
21 5928 1
21 1833 1
21 13611 1
21 11566 1
21 21295 1
21 16177 1
21 10975 1
21 20284 1
21 8511 2
21 9541 1
21 8012 1
21 3408 1
21 21841 1
21 14677 2
21 2394 1
21 18267 1
21 16223 1
21 22369 1
21 9573 1
21 19814 1
21 19816 1
21 13161 1
21 7019 1
21 21870 1
21 6511 1
21 10096 1
21 19323 1
21 16252 1
21 1918 1
21 12673 5
21 5513 1
21 7563 2
21 8079 1
21 4496 2
21 16273 1
21 14744 1
21 20384 1
21 3492 1
21 19882 1
21 2475 1
21 16301 1
21 8623 1
21 10160 1
21 1458 1
21 4019 1
21 1468 1
21 3629 1
21 22464 1
21 11714 1
21 19398 1
21 673 1
21 5576 1
21 16430 1
21 12746 1
21 20429 1
21 9167 1
21 16343 1
21 992 1
21 12625 1
21 7660 1
21 1006 1
21 16367 1
21 8180 2
21 11253 1
21 2552 1
21 11771 1
21 13821 1
22 8449 1
22 13834 1
22 9227 2
22 11524 1
22 18267 1
22 8229 1
22 3629 1
22 9293 1
22 3636 1
22 12341 1
22 12342 1
22 12343 1
22 11835 1
22 19016 1
22 13388 1
22 13901 1
22 15439 1
22 21586 3
22 13398 1
22 9831 1
22 18028 1
22 21613 4
22 631 1
22 11898 1
22 13950 1
22 11392 1
22 17090 1
22 2709 1
22 673 1
22 10915 1
22 9380 1
22 11945 1
22 14509 1
22 3758 1
22 16064 1
22 6337 1
22 8898 1
22 15045 1
22 9928 1
22 17610 1
22 13516 1
22 9424 1
22 11479 1
22 19163 1
22 7915 1
22 6382 1
22 20209 1
22 22266 1
22 22267 1
22 14592 2
22 5889 1
22 4868 2
22 4870 1
22 16138 1
22 2834 1
22 5400 1
22 8993 1
22 17188 1
22 21295 1
22 12081 1
22 17206 1
22 21305 1
22 14654 1
22 19775 1
22 6464 1
22 20803 1
22 22340 1
22 17225 1
22 22071 1
22 11603 1
22 2394 1
22 17807 1
22 2399 1
22 22369 1
22 20329 1
22 9069 1
22 12663 2
22 9083 1
22 17788 1
22 893 1
22 8578 1
22 4843 1
22 21896 1
22 4491 1
22 8079 1
22 19347 1
22 11672 1
22 12191 1
22 11176 1
22 16813 1
22 11189 1
22 17846 1
22 9146 1
22 4032 1
22 7626 1
22 9167 1
22 9169 1
22 13276 1
22 2525 1
22 7148 1
22 15857 1
22 14846 1
