1 6001 1
1 5635 1
1 6148 1
1 8449 2
1 3393 1
1 16911 1
1 15889 1
1 17435 2
1 18460 1
1 21536 1
1 3106 1
1 18267 1
1 16903 1
1 8236 1
1 3629 2
1 22574 1
1 1074 1
1 7219 1
1 12341 1
1 17464 1
1 572 1
1 1600 1
1 18108 1
1 4469 1
1 11850 1
1 1099 1
1 9292 1
1 13389 1
1 15438 1
1 15439 1
1 13398 2
1 599 1
1 7768 1
1 13404 1
1 18528 1
1 18532 1
1 3173 1
1 7785 1
1 14448 1
1 20585 1
1 17016 1
1 21632 1
1 15489 1
1 6791 1
1 4284 1
1 3220 1
1 8341 1
1 9887 1
1 4263 1
1 15534 1
1 11439 1
1 14622 1
1 15548 2
1 19133 1
1 6847 1
1 11969 1
1 15558 1
1 13514 1
1 15479 1
1 9423 1
1 10963 1
1 11471 1
1 7905 1
1 8421 1
1 744 1
1 12010 1
1 1266 1
1 6902 1
1 14592 1
1 5889 1
1 7938 1
1 4868 3
1 18049 1
1 17162 1
1 15119 1
1 15642 1
1 7471 1
1 8990 1
1 11040 1
1 8892 1
1 15448 1
1 1671 1
1 12588 1
1 21295 1
1 7988 1
1 2357 1
1 7479 1
1 21305 1
1 10555 1
1 1342 1
1 6464 1
1 833 1
1 3907 1
1 22340 1
1 3398 1
1 9543 1
1 8012 1
1 17231 1
1 15185 2
1 14677 1
1 9047 1
1 8079 1
1 1373 1
1 15199 1
1 4451 1
1 19816 1
1 1899 1
1 5489 1
1 11635 1
1 11125 1
1 8054 1
1 2709 1
1 16704 1
1 9093 2
1 16775 1
1 9816 1
1 7055 1
1 917 1
1 20384 1
1 15268 1
1 20389 1
1 10857 1
1 15273 1
1 16810 1
1 16301 2
1 7600 1
1 5553 1
1 7303 2
1 9146 1
1 1469 1
1 16831 1
1 15808 1
1 15809 1
1 11714 1
1 22262 1
1 18887 1
1 15820 1
1 9167 1
1 19093 1
1 20388 1
1 2523 1
1 14081 1
1 3409 1
1 15338 1
1 20468 1
1 502 1
1 4602 1
1 14846 1
1 12799 1
2 12288 1
2 10155 1
2 13316 3
2 6149 1
2 16902 1
2 1281 1
2 19464 2
2 1545 1
2 13834 1
2 1547 1
2 4867 1
2 24 1
2 3332 1
2 17436 1
2 15903 1
2 21295 1
2 6694 1
2 16049 3
2 22571 1
2 3629 2
2 12334 1
2 1076 2
2 12341 1
2 7433 1
2 11832 1
2 19124 2
2 18491 1
2 4669 2
2 3647 1
2 17163 1
2 1092 1
2 1206 1
2 19527 1
2 15432 2
2 13388 2
2 13901 1
2 15439 1
2 21586 6
2 4691 2
2 7765 1
2 9816 1
2 5732 1
2 602 1
2 12891 1
2 8797 1
2 719 1
2 18529 1
2 19555 1
2 13412 1
2 16997 1
2 21097 1
2 2666 1
2 14448 1
2 13937 1
2 1651 1
2 21609 1
2 6687 1
2 6265 1
2 19578 1
2 4219 1
2 6269 2
2 16388 1
2 13950 1
2 14464 1
2 5764 3
2 13445 1
2 6791 1
2 1673 1
2 650 1
2 15499 1
2 13969 1
2 2706 1
2 4547 1
2 4756 1
2 6809 1
2 673 3
2 19398 1
2 13478 1
2 4263 1
2 17066 1
2 683 1
2 22188 2
2 9901 2
2 8878 1
2 13488 1
2 20168 1
2 20147 2
2 20148 1
2 16054 1
2 12471 2
2 6175 1
2 8892 2
2 19133 7
2 11787 1
2 2243 1
2 4293 1
2 14024 1
2 15735 1
2 13516 1
2 11471 1
2 5840 1
2 8401 1
2 21202 1
2 21204 1
2 10454 1
2 20695 2
2 4303 1
2 10972 1
2 15994 1
2 19460 2
2 10975 1
2 7904 1
2 4304 1
2 16610 1
2 17789 1
2 12018 3
2 1918 1
2 13255 2
2 11514 1
2 17791 1
2 14592 2
2 8449 1
2 10499 1
2 4868 1
2 18185 1
2 6411 1
2 2873 1
2 3342 1
2 15119 1
2 7952 1
2 6417 1
2 5394 1
2 18197 1
2 2839 2
2 2841 2
2 7471 1
2 797 2
2 20255 1
2 18209 1
2 18210 1
2 17188 1
2 7463 1
2 9351 1
2 2351 1
2 5936 1
2 16691 1
2 1844 1
2 12766 1
2 17206 1
2 6281 2
2 21305 6
2 20794 3
2 4831 1
2 20285 1
2 4414 1
2 880 1
2 10973 1
2 5443 1
2 17225 2
2 17975 1
2 3408 1
2 9047 1
2 18771 1
2 14677 3
2 14649 2
2 1370 1
2 13661 1
2 18783 1
2 4960 1
2 22369 2
2 1380 1
2 15210 1
2 8043 1
2 9069 8
2 9072 2
2 12151 2
2 12153 2
2 14714 1
2 5499 1
2 22506 1
2 17790 2
2 383 1
2 14721 1
2 12162 1
2 14725 2
2 3393 1
2 4418 1
2 11662 1
2 15776 1
2 20882 1
2 20803 1
2 5085 1
2 17818 1
2 7584 1
2 15777 1
2 15273 2
2 4011 1
2 11181 1
2 4033 1
2 17840 2
2 4019 1
2 14772 2
2 16831 1
2 20384 2
2 11714 1
2 13763 1
2 22262 1
2 4038 1
2 17569 1
2 4172 1
2 9167 4
2 7122 1
2 7638 1
2 3853 1
2 8749 1
2 14811 1
2 4573 1
2 10206 1
2 1504 1
2 15184 1
2 10723 1
2 16775 1
2 10725 1
2 2025 1
2 15338 2
2 8683 1
2 10221 1
2 494 1
2 16367 1
2 10224 1
2 8180 1
2 16373 1
2 502 1
2 6651 1
2 13821 1
2 11263 2
3 12288 1
3 16386 1
3 515 1
3 12805 1
3 19464 1
3 13833 1
3 9227 1
3 13334 1
3 10265 1
3 18463 1
3 11817 1
3 16426 1
3 1591 1
3 7224 1
3 7236 1
3 15432 1
3 588 1
3 15439 1
3 595 1
3 8797 2
3 19550 1
3 4795 1
3 8809 1
3 21613 4
3 14448 1
3 6770 1
3 6687 1
3 6269 3
3 20095 1
3 1152 1
3 12930 1
3 17544 1
3 13969 1
3 4754 1
3 4755 1
3 21142 1
3 11931 1
3 671 1
3 4779 2
3 22188 1
3 16054 1
3 18975 1
3 19133 2
3 9423 1
3 4306 1
3 10963 1
3 5337 1
3 10975 1
3 18148 1
3 17637 1
3 1766 1
3 7400 1
3 9453 1
3 4335 1
3 15610 1
3 13951 1
3 4867 2
3 4868 1
3 17163 1
3 4364 1
3 3197 1
3 18197 1
3 4886 1
3 1305 1
3 21279 1
3 18208 1
3 11042 1
3 2344 1
3 15751 1
3 21293 1
3 5936 1
3 7479 1
3 21305 2
3 8512 1
3 22346 1
3 8012 1
3 9047 1
3 19800 1
3 19172 1
3 18267 1
3 6149 1
3 10469 1
3 22369 1
3 5988 1
3 9069 2
3 6511 2
3 1906 1
3 12151 1
3 17788 1
3 8064 1
3 16775 4
3 20882 2
3 15971 1
3 3992 1
3 8607 2
3 1440 1
3 20389 1
3 8621 1
3 1465 1
3 16831 1
3 13763 1
3 76 1
3 9167 1
3 7634 1
3 7637 2
3 4056 1
3 5085 1
3 6622 1
3 3493 1
3 6630 1
3 8685 1
3 16367 1
3 497 1
3 16374 1
3 4601 1
4 7 1
4 22032 1
4 15377 1
4 11795 1
4 15893 1
4 11293 1
4 4128 1
4 13863 1
4 22571 1
4 3629 1
4 3636 1
4 4149 1
4 22071 1
4 4668 1
4 3652 1
4 71 1
4 18505 1
4 588 2
4 10830 1
4 21586 3
4 13398 1
4 7778 1
4 7612 1
4 7801 1
4 5246 1
4 11916 1
4 10397 1
4 17350 1
4 4263 1
4 16041 1
4 10932 1
4 5301 2
4 19133 3
4 7870 1
4 9417 1
4 20686 1
4 10963 1
4 7893 1
4 22234 1
4 10972 1
4 15593 1
4 5354 1
4 16113 1
4 19582 1
4 8950 1
4 5885 1
4 15614 1
4 11007 1
4 8449 2
4 4868 1
4 17162 1
4 21782 2
4 15128 1
4 2348 1
4 11570 1
4 16691 1
4 7477 1
4 21305 2
4 6976 1
4 4417 1
4 15500 1
4 10573 1
4 3408 1
4 12625 2
4 14677 1
4 15190 1
4 15192 1
4 15193 1
4 3419 1
4 1906 1
4 12151 1
4 17790 1
4 9093 1
4 16775 1
4 3992 2
4 20384 1
4 14493 1
4 18876 2
4 11714 2
4 7110 1
4 11737 1
4 6622 1
4 15184 1
4 8683 1
4 7660 1
4 16367 1
4 20465 2
4 14324 1
4 503 1
4 4602 1
4 6651 2
4 6141 1
5 12288 1
5 5633 1
5 19460 1
5 9227 1
5 4623 1
5 15376 1
5 4867 1
5 15193 2
5 9767 1
5 12342 1
5 7223 1
5 17976 1
5 19124 2
5 5182 1
5 13888 1
5 18505 1
5 11850 1
5 75 1
5 588 2
5 21586 4
5 17424 1
5 16997 1
5 9831 1
5 3176 1
5 3182 3
5 14448 1
5 1141 1
5 17015 1
5 13445 1
5 14495 1
5 4263 1
5 11444 1
5 6329 1
5 19133 2
5 2243 1
5 16592 1
5 721 1
5 10963 1
5 20692 1
5 331 1
5 5840 1
5 9458 1
5 15609 1
5 4863 1
5 14592 1
5 2306 1
5 2307 1
5 4868 4
5 14086 1
5 4364 1
5 12051 1
5 21782 4
5 796 1
5 8989 1
5 21790 1
5 801 1
5 12076 1
5 21293 1
5 16691 1
5 21305 2
5 833 1
5 13367 1
5 15180 1
5 21330 1
5 3796 1
5 15190 1
5 9047 2
5 15192 3
5 3417 1
5 19805 1
5 13159 1
5 9069 4
5 13682 1
5 8563 1
5 19837 1
5 1408 1
5 12673 1
5 8683 1
5 16778 1
5 7663 1
5 14751 1
5 7584 1
5 12712 1
5 18162 1
5 19900 1
5 22464 2
5 11714 1
5 7499 1
5 6136 1
5 7634 1
5 6104 1
5 5593 1
5 5086 1
5 10210 1
5 7659 1
5 16877 1
5 16367 1
5 5623 1
5 18424 1
5 6651 2
5 6141 1
5 6142 1
5 6143 1
6 12288 1
6 12673 1
6 16386 1
6 4867 1
6 4356 1
6 4741 1
6 7686 1
6 9583 1
6 650 1
6 4235 1
6 4364 1
6 12162 1
6 4433 1
6 18447 1
6 6770 1
6 3992 1
6 20882 1
6 10644 1
6 18197 1
6 21782 1
6 3991 2
6 14744 1
6 5764 1
6 11931 1
6 12446 1
6 15903 1
6 19616 1
6 9072 2
6 20642 1
6 19238 1
6 20519 1
6 2344 1
6 17066 1
6 2348 2
6 16301 2
6 3758 1
6 13425 1
6 560 1
6 1074 1
6 9139 1
6 7477 1
6 15800 1
6 21305 1
6 2399 1
6 18876 1
6 19133 1
6 16691 1
6 19378 1
6 11714 1
6 11275 1
6 16196 1
6 4599 1
6 5069 1
6 721 1
6 20690 2
6 2387 1
6 9174 1
6 602 1
6 8064 1
6 17218 1
6 5085 1
6 19460 1
6 10975 1
6 18528 1
6 17403 1
6 15717 1
6 7783 1
6 14448 1
6 746 1
6 8683 1
6 8556 1
6 16367 2
6 13424 1
6 13937 1
6 1266 1
6 15187 1
6 13303 2
6 11641 1
6 11771 1
6 3197 1
7 12288 2
7 13398 2
7 13832 1
7 7691 1
7 22030 1
7 22032 1
7 15448 1
7 12823 1
7 12825 2
7 22557 1
7 19493 1
7 6695 1
7 10503 1
7 3629 3
7 16431 2
7 16434 1
7 11827 1
7 2612 1
7 4668 1
7 1076 1
7 12354 2
7 18955 1
7 1092 1
7 15434 1
7 17996 1
7 13901 1
7 11855 1
7 21586 5
7 6742 1
7 9816 1
7 18528 1
7 15971 1
7 9832 1
7 10857 1
7 15982 1
7 21618 1
7 1651 1
7 12852 1
7 5764 1
7 17029 1
7 4235 1
7 17041 3
7 17046 1
7 20505 1
7 6809 1
7 7834 1
7 11931 1
7 672 1
7 10915 1
7 13477 1
7 4263 1
7 7341 1
7 21679 1
7 13488 1
7 19124 1
7 12471 1
7 2747 1
7 19133 1
7 4287 1
7 14016 1
7 7457 1
7 2761 1
7 15735 1
7 13516 1
7 21203 1
7 10453 1
7 20695 1
7 11995 1
7 21726 1
7 3621 1
7 5499 1
7 743 1
7 7400 1
7 746 1
7 21228 1
7 20718 1
7 11475 1
7 17790 1
7 21750 1
7 15609 1
7 18175 1
7 1280 1
7 2310 1
7 3847 1
7 4364 3
7 13069 1
7 8749 1
7 4884 1
7 18197 1
7 6935 1
7 15128 1
7 8988 1
7 4382 1
7 7455 1
7 800 1
7 18209 2
7 11044 1
7 19238 1
7 7463 1
7 15666 2
7 18227 1
7 15582 1
7 14649 1
7 3900 2
7 8511 2
7 3905 1
7 834 1
7 16195 1
7 21473 1
7 11604 1
7 21305 1
7 7514 1
7 21783 1
7 1378 1
7 870 1
7 13969 1
7 9069 4
7 9072 1
7 12151 1
7 5498 1
7 21055 1
7 17788 1
7 5501 1
7 1918 2
7 10631 1
7 14743 1
7 20877 1
7 9105 1
7 3991 1
7 3652 4
7 7584 3
7 15266 2
7 16539 3
7 15273 2
7 22442 1
7 21420 1
7 5551 3
7 5554 1
7 1976 1
7 15808 1
7 11714 1
7 3532 2
7 4107 1
7 5591 1
7 18911 1
7 10721 1
7 19938 1
7 10723 2
7 15338 1
7 14827 3
7 4589 1
7 16366 1
7 11760 1
7 4081 1
7 4594 1
7 8180 2
7 16374 1
7 6137 1
7 13819 1
7 1532 2
8 12288 2
8 12801 1
8 15874 1
8 515 1
8 16385 1
8 19464 1
8 18955 2
8 4110 2
8 4111 2
8 12823 6
8 12825 1
8 13851 1
8 22557 1
8 15903 2
8 13881 1
8 7717 1
8 6695 1
8 13831 1
8 15404 1
8 7218 1
8 12852 1
8 13877 1
8 11832 1
8 11444 1
8 13884 1
8 12354 1
8 11787 2
8 1092 1
8 15457 1
8 15434 2
8 1099 2
8 13389 1
8 9294 1
8 21586 2
8 18005 1
8 13398 1
8 15887 1
8 8797 1
8 5733 1
8 18528 1
8 18529 2
8 19555 1
8 16996 1
8 16997 1
8 16998 1
8 9831 2
8 12906 1
8 13159 1
8 14448 1
8 13937 2
8 10868 1
8 11710 1
8 7287 1
8 5760 1
8 4032 1
8 12930 3
8 5764 3
8 13445 1
8 6791 1
8 18056 1
8 7823 1
8 17041 2
8 21140 1
8 17046 1
8 16539 1
8 12446 1
8 5232 1
8 17067 1
8 22188 1
8 14509 1
8 15534 1
8 2226 1
8 20148 1
8 12471 1
8 3260 1
8 19133 1
8 703 1
8 15042 1
8 6345 1
8 5838 1
8 20690 1
8 10963 2
8 5332 1
8 20695 1
8 18140 1
8 13022 1
8 14800 2
8 1764 3
8 1281 2
8 22571 1
8 9645 1
8 2311 1
8 12076 1
8 20234 1
8 267 1
8 15119 1
8 17169 1
8 278 1
8 5400 1
8 13444 1
8 8988 1
8 8989 1
8 14469 1
8 5928 1
8 8449 1
8 6446 3
8 5935 1
8 16691 1
8 8705 1
8 17206 1
8 2873 1
8 8507 1
8 22339 1
8 21305 1
8 8014 1
8 3408 2
8 7224 1
8 11604 1
8 14649 1
8 4441 1
8 7514 2
8 22368 1
8 868 1
8 15717 1
8 3217 1
8 17163 1
8 13161 1
8 9067 1
8 18510 1
8 9069 6
8 9072 1
8 13681 1
8 19124 1
8 8568 1
8 3220 3
8 17788 1
8 17790 3
8 897 1
8 18818 1
8 8579 1
8 5509 1
8 492 1
8 20882 2
8 8260 1
8 13723 1
8 20384 1
8 7323 1
8 11931 1
8 5248 1
8 10096 1
8 16301 1
8 5551 3
8 5554 1
8 4030 1
8 22464 4
8 4033 1
8 11714 2
8 4550 1
8 673 2
8 13772 1
8 13776 1
8 7637 2
8 18911 1
8 14306 1
8 22500 1
8 18921 1
8 8683 1
8 22508 1
8 16367 2
8 11760 1
8 497 1
8 8180 2
8 16373 1
8 6651 1
9 12288 3
9 7680 1
9 19460 3
9 19461 1
9 8193 1
9 19464 1
9 18055 1
9 2063 2
9 15376 1
9 19726 1
9 10219 1
9 22551 4
9 13849 1
9 5660 1
9 11293 2
9 9145 1
9 18975 1
9 3621 1
9 15403 1
9 1068 1
9 4654 1
9 7055 1
9 17162 1
9 11931 1
9 4448 1
9 8771 1
9 11334 2
9 7777 1
9 15432 3
9 76 1
9 6733 1
9 11855 1
9 21586 3
9 18005 1
9 4183 1
9 12891 1
9 3342 1
9 19553 1
9 77 1
9 16998 1
9 3175 1
9 15976 1
9 21102 1
9 13937 1
9 21620 1
9 873 1
9 10360 1
9 3711 1
9 16513 1
9 18052 1
9 13445 1
9 9351 1
9 12823 2
9 12429 1
9 1167 3
9 1169 1
9 21187 1
9 1174 1
9 16539 1
9 12446 1
9 8352 1
9 19619 1
9 4263 1
9 10408 1
9 11292 1
9 5661 1
9 19634 1
9 20151 1
9 5818 1
9 15903 2
9 19133 1
9 13901 1
9 22209 1
9 2243 1
9 9417 1
9 20686 7
9 11471 1
9 16592 1
9 9425 1
9 5331 1
9 2261 1
9 5337 1
9 11995 1
9 13532 1
9 4831 1
9 7905 1
9 7394 1
9 17312 1
9 4836 1
9 17788 1
9 21227 1
9 4304 1
9 7409 1
9 1266 1
9 17790 1
9 6902 2
9 248 2
9 1304 1
9 1280 1
9 17154 1
9 4868 2
9 13697 1
9 20234 1
9 4364 3
9 13069 1
9 13582 1
9 11024 1
9 2835 1
9 13077 1
9 2328 1
9 8989 1
9 5765 1
9 5925 1
9 15751 1
9 10541 1
9 6446 1
9 5936 1
9 8503 1
9 8512 1
9 4417 1
9 20803 1
9 6982 1
9 12103 1
9 22346 1
9 12625 1
9 3413 1
9 4441 1
9 4442 1
9 18267 1
9 3421 1
9 14688 1
9 22369 2
9 5475 2
9 7527 2
9 9065 1
9 15722 1
9 364 2
9 9069 2
9 13679 3
9 15216 1
9 10097 1
9 8568 1
9 7514 1
9 1405 1
9 12670 1
9 12673 1
9 8579 1
9 797 1
9 5509 1
9 9094 1
9 2113 2
9 17132 1
9 17290 1
9 4495 1
9 1309 1
9 3992 1
9 7579 1
9 17823 1
9 7584 1
9 1947 1
9 18852 1
9 15273 1
9 15275 1
9 7410 3
9 5551 1
9 12209 1
9 19102 1
9 18420 1
9 1466 2
9 4030 1
9 3519 1
9 20384 2
9 13255 1
9 7687 1
9 503 1
9 9167 4
9 5625 1
9 20014 1
9 6622 1
9 4577 1
9 12773 1
9 15185 1
9 20968 2
9 15849 1
9 15338 1
9 16363 2
9 8143 1
9 500 1
9 3061 1
9 16374 1
9 14327 1
9 505 1
9 6652 1
9 5119 1
10 9729 1
10 15874 2
10 19460 1
10 13834 1
10 22551 1
10 5660 1
10 5661 1
10 15903 5
10 8236 1
10 1076 1
10 2105 1
10 13887 1
10 2113 1
10 11851 1
10 7237 1
10 15434 1
10 7755 1
10 588 1
10 13389 1
10 18005 1
10 11449 1
10 18528 1
10 16998 1
10 15976 1
10 10857 1
10 21617 2
10 16502 1
10 21097 1
10 633 1
10 20604 1
10 13961 1
10 13451 1
10 1167 1
10 12944 1
10 13970 2
10 659 1
10 21652 1
10 13462 1
10 19607 1
10 14488 1
10 13979 1
10 9892 1
10 683 1
10 22188 1
10 10928 1
10 2745 1
10 19133 1
10 2244 1
10 20686 1
10 16592 1
10 20177 1
10 15582 1
10 7397 1
10 7765 1
10 11514 1
10 17671 1
10 18185 1
10 17163 2
10 4364 2
10 271 1
10 2834 1
10 18197 1
10 16662 1
10 4442 1
10 13085 1
10 4382 1
10 13089 1
10 19238 1
10 7463 1
10 3881 1
10 5935 1
10 1844 1
10 12604 1
10 831 1
10 12610 1
10 13129 1
10 22346 1
10 13131 2
10 20303 1
10 4945 1
10 14677 1
10 4438 1
10 858 1
10 8421 1
10 14176 1
10 13682 1
10 21364 1
10 5439 1
10 7036 1
10 14717 1
10 12670 1
10 14725 1
10 14401 1
10 4247 1
10 20882 1
10 18837 1
10 14754 1
10 15276 1
10 11181 1
10 6064 1
10 19900 1
10 11714 2
10 75 1
10 17348 1
10 15778 1
10 6102 1
10 6119 1
10 8188 1
10 7663 1
10 11760 1
10 497 1
10 8180 1
10 4602 1
10 8187 1
10 6652 1
10 5119 1
11 5632 1
11 8193 1
11 6146 1
11 5635 1
11 19460 3
11 19464 2
11 22188 1
11 13834 1
11 1453 1
11 17424 1
11 14509 1
11 10259 1
11 19478 1
11 17435 1
11 10268 1
11 15903 4
11 603 1
11 3620 1
11 774 1
11 16049 2
11 4649 1
11 10725 1
11 22572 1
11 8238 3
11 3119 1
11 14088 1
11 1074 1
11 12852 1
11 2105 1
11 5691 1
11 3134 1
11 13887 1
11 2113 3
11 12354 2
11 20547 1
11 6326 1
11 1606 1
11 19016 1
11 21577 1
11 11850 1
11 11851 1
11 588 1
11 13389 2
11 11856 1
11 5268 1
11 21586 3
11 4180 1
11 5717 1
11 11250 1
11 4695 1
11 7768 1
11 5210 1
11 12891 1
11 8797 1
11 18528 1
11 16913 1
11 15976 1
11 7785 2
11 19050 2
11 12398 1
11 11887 3
11 14448 1
11 13937 2
11 21619 1
11 21621 1
11 10857 2
11 6776 1
11 14969 2
11 19900 1
11 720 1
11 4221 1
11 5246 2
11 2325 1
11 4032 1
11 14466 1
11 10798 1
11 16662 1
11 5767 1
11 17032 1
11 14985 1
11 15499 1
11 18577 1
11 17042 1
11 9876 1
11 18030 1
11 7046 1
11 7370 1
11 6809 1
11 18075 1
11 4772 2
11 16661 1
11 4774 2
11 4263 2
11 8988 1
11 6826 1
11 683 1
11 6828 3
11 9901 2
11 15128 3
11 20971 1
11 2225 2
11 19124 4
11 13493 1
11 16054 2
11 13969 3
11 6687 1
11 8892 3
11 19133 4
11 7870 1
11 10436 1
11 15558 1
11 4277 1
11 12151 2
11 11992 1
11 3621 1
11 20686 2
11 4301 1
11 4304 1
11 14200 1
11 5331 1
11 15566 1
11 22232 1
11 9945 1
11 10972 4
11 4831 1
11 7392 1
11 7905 1
11 10978 1
11 21627 1
11 21733 1
11 4326 1
11 1917 1
11 745 1
11 12010 1
11 20519 2
11 12013 1
11 893 1
11 13129 2
11 16631 1
11 20593 1
11 15610 1
11 19208 1
11 8064 1
11 14082 2
11 18179 1
11 4868 1
11 6102 1
11 19718 1
11 17671 2
11 17672 1
11 20234 1
11 17163 2
11 19726 1
11 16143 1
11 7952 3
11 17681 1
11 10515 3
11 17172 1
11 10542 1
11 5398 1
11 17041 1
11 19737 1
11 14618 1
11 8636 1
11 19740 1
11 797 2
11 14622 1
11 17183 1
11 4385 6
11 11555 1
11 8484 1
11 10533 2
11 7463 1
11 2344 1
11 3881 1
11 2348 2
11 18222 1
11 7471 1
11 10120 1
11 10206 1
11 18569 1
11 14649 1
11 18746 1
11 10975 1
11 3392 1
11 17218 1
11 22464 2
11 21318 1
11 17225 2
11 13131 1
11 4329 1
11 20813 1
11 12110 2
11 21841 1
11 22354 1
11 21845 1
11 4438 3
11 18267 1
11 22364 1
11 861 1
11 7397 1
11 22368 1
11 13883 1
11 4452 1
11 15441 1
11 14993 1
11 7752 1
11 5993 1
11 20604 1
11 8043 2
11 9069 8
11 21870 1
11 10096 1
11 15217 1
11 7633 1
11 6516 1
11 14709 1
11 3047 1
11 8568 2
11 8569 1
11 14716 1
11 16301 1
11 12670 4
11 17791 1
11 9600 2
11 12673 1
11 7147 1
11 8342 1
11 14214 1
11 15752 1
11 5934 1
11 4491 1
11 10636 2
11 4496 1
11 4497 1
11 4499 1
11 19348 1
11 18975 1
11 21617 2
11 15774 2
11 15775 1
11 7584 1
11 3568 1
11 419 1
11 13222 1
11 10663 1
11 15273 1
11 21933 1
11 2990 1
11 7600 2
11 7601 1
11 19378 1
11 11849 1
11 1976 1
11 11193 1
11 11708 3
11 13760 1
11 20384 2
11 13763 1
11 19396 1
11 4038 1
11 13255 1
11 10555 1
11 17229 1
11 14800 1
11 9169 2
11 16850 1
11 7635 1
11 4942 1
11 7638 1
11 11428 1
11 10262 1
11 9691 1
11 11514 1
11 6622 1
11 18911 2
11 4330 1
11 16806 1
11 19942 1
11 15185 2
11 13800 1
11 10407 1
11 7148 1
11 7663 2
11 11760 2
11 16882 1
11 15548 1
11 20468 1
11 15102 1
11 4599 1
11 20984 1
11 4601 1
11 11771 1
11 6652 2
11 22186 1
11 14677 1
12 12288 1
12 5632 1
12 6146 1
12 19460 3
12 13833 1
12 13452 1
12 19478 1
12 1048 1
12 11524 1
12 5660 2
12 13316 2
12 15903 5
12 3106 1
12 4647 1
12 4451 1
12 8238 2
12 8751 1
12 16434 1
12 12852 1
12 1589 2
12 1591 1
12 2105 1
12 7471 1
12 12352 1
12 2113 4
12 12354 2
12 19523 1
12 1092 1
12 1606 1
12 15432 2
12 1099 1
12 588 1
12 13389 1
12 21586 1
12 20343 1
12 4180 1
12 5390 1
12 6233 1
12 13412 1
12 18022 1
12 3175 1
12 9832 1
12 7785 2
12 19050 1
12 22119 1
12 15981 1
12 14448 1
12 13937 4
12 4723 1
12 12279 1
12 18042 1
12 19900 1
12 14973 1
12 18197 1
12 5760 1
12 15491 1
12 5764 2
12 14469 1
12 14985 3
12 13963 1
12 19596 1
12 4238 1
12 13969 1
12 13970 1
12 21142 1
12 9840 1
12 9380 1
12 4774 1
12 21617 2
12 22186 1
12 4275 1
12 19124 2
12 2745 1
12 8892 2
12 703 1
12 16064 1
12 22209 1
12 11979 1
12 20686 1
12 719 1
12 18128 1
12 4306 2
12 21204 1
12 8921 1
12 11995 1
12 10972 1
12 10974 1
12 10975 2
12 16608 2
12 16592 1
12 9442 1
12 4328 1
12 22252 2
12 18159 1
12 8771 1
12 17790 1
12 7380 1
12 11514 2
12 20095 1
12 18174 1
12 14081 1
12 4868 1
12 6406 2
12 17671 1
12 18185 1
12 4364 3
12 1410 1
12 10510 1
12 17681 1
12 10515 2
12 13077 1
12 1304 1
12 7451 1
12 8988 2
12 797 1
12 7455 1
12 18208 1
12 4385 2
12 5929 1
12 2348 1
12 1837 1
12 5935 1
12 12558 1
12 13961 1
12 12602 1
12 4831 1
12 16701 1
12 16702 1
12 5439 1
12 22339 1
12 13129 2
12 22346 1
12 12110 1
12 12076 1
12 12625 3
12 2387 1
12 14677 1
12 9047 1
12 18267 2
12 15709 1
12 15185 1
12 16224 1
12 22369 1
12 9571 1
12 14993 1
12 9269 1
12 16430 1
12 9069 5
12 15216 1
12 7537 2
12 12151 3
12 8511 1
12 12670 1
12 17791 1
12 14721 2
12 12162 1
12 5514 1
12 4491 1
12 10636 1
12 4496 1
12 3395 1
12 7236 1
12 15774 2
12 14751 1
12 17312 1
12 15266 2
12 8262 1
12 10857 1
12 2990 1
12 15279 1
12 4221 1
12 16828 1
12 21949 1
12 22464 3
12 11723 1
12 13772 1
12 462 1
12 9167 2
12 2001 1
12 7635 1
12 11001 1
12 10206 3
12 18911 1
12 13797 1
12 10727 1
12 493 1
12 5489 1
12 11760 1
12 500 1
12 15614 1
12 5623 1
12 6137 1
12 4602 1
12 6652 1
12 11434 1
12 21845 3
13 12288 2
13 20992 1
13 17067 1
13 19460 2
13 4438 1
13 16367 1
13 13832 1
13 22188 1
13 13834 1
13 10763 1
13 17424 1
13 3092 1
13 3093 1
13 13848 1
13 3610 2
13 7707 1
13 22557 3
13 15903 1
13 12891 1
13 1060 1
13 3621 2
13 19494 1
13 13863 1
13 3627 1
13 1068 1
13 13357 2
13 8797 1
13 19124 3
13 3130 1
13 2108 3
13 20593 1
13 1599 1
13 13889 1
13 12354 1
13 8771 1
13 15432 1
13 18505 1
13 4170 1
13 75 2
13 588 1
13 13389 1
13 21586 3
13 4451 1
13 6926 1
13 13912 4
13 602 2
13 603 1
13 605 1
13 18528 1
13 21601 1
13 15458 1
13 15971 3
13 10854 4
13 9831 1
13 3688 1
13 11708 1
13 18540 1
13 5742 1
13 21104 1
13 21617 1
13 21107 1
13 5993 1
13 6776 1
13 15994 2
13 6269 1
13 20607 1
13 13440 1
13 16513 1
13 13445 1
13 6790 1
13 16519 1
13 15496 1
13 7106 1
13 1167 2
13 1048 1
13 4546 1
13 21102 1
13 11926 1
13 20631 1
13 13468 1
13 12446 2
13 10401 1
13 4772 2
13 4773 1
13 13937 1
13 22186 1
13 13255 1
13 2220 1
13 9901 1
13 8989 2
13 16049 1
13 18214 1
13 20148 1
13 3765 1
13 10261 1
13 5304 1
13 19131 1
13 8892 1
13 19133 4
13 21696 1
13 12481 2
13 22210 1
13 21188 1
13 15558 3
13 13516 1
13 3278 1
13 10449 1
13 5331 1
13 16086 1
13 16749 1
13 22232 1
13 15577 1
13 10972 1
13 18042 1
13 7952 1
13 10975 2
13 13776 1
13 21733 2
13 14448 2
13 7402 1
13 4647 1
13 21228 1
13 4221 1
13 8062 1
13 22262 1
13 13559 1
13 248 1
13 9351 1
13 13053 1
13 22571 1
13 11524 1
13 4364 1
13 12046 1
13 11024 1
13 10515 1
13 4884 1
13 5400 1
13 1305 1
13 284 1
13 797 4
13 4382 2
13 22304 1
13 18209 2
13 290 1
13 19238 2
13 18140 1
13 17706 1
13 20103 1
13 15581 1
13 16752 1
13 1844 1
13 14646 1
13 21305 4
13 4831 2
13 19263 2
13 8512 1
13 20803 2
13 14148 2
13 20805 6
13 7785 1
13 17225 1
13 6989 1
13 4942 1
13 3408 1
13 12625 2
13 9047 1
13 18771 1
13 8532 2
13 22358 1
13 2105 9
13 857 1
13 1370 1
13 7823 1
13 8250 1
13 4960 1
13 22369 3
13 8502 1
13 22373 1
13 4966 1
13 3217 1
13 13161 1
13 3435 5
13 9069 4
13 16750 1
13 13679 8
13 6000 1
13 13681 1
13 13682 1
13 20343 1
13 15679 1
13 1918 5
13 16260 1
13 11927 1
13 2446 1
13 7055 1
13 20882 3
13 7576 1
13 7579 1
13 12188 1
13 7903 1
13 15266 1
13 9124 1
13 19612 1
13 16301 1
13 6075 1
13 11196 1
13 22464 2
13 11714 1
13 502 1
13 7704 2
13 673 1
13 11723 3
13 9167 1
13 14800 1
13 13778 1
13 18911 1
13 21841 1
13 489 1
13 19439 1
13 11760 1
13 8180 1
13 16374 1
13 18423 1
13 4601 2
13 4602 1
13 6652 2
13 15869 1
14 12288 1
14 9729 2
14 15874 1
14 5635 1
14 13316 1
14 8197 1
14 21601 2
14 13832 1
14 22188 1
14 7690 1
14 13835 2
14 526 2
14 4623 2
14 17424 2
14 15890 1
14 15534 1
14 22551 1
14 10264 2
14 10265 1
14 15903 7
14 4130 1
14 17243 1
14 2596 1
14 3621 1
14 4647 1
14 7208 1
14 15976 1
14 4650 1
14 22571 1
14 20012 1
14 3629 2
14 13129 1
14 8751 1
14 7216 1
14 20232 2
14 1074 1
14 10981 1
14 4149 1
14 17463 1
14 569 1
14 13884 2
14 7471 1
14 4942 1
14 437 1
14 718 1
14 20545 2
14 12891 1
14 18108 1
14 1092 1
14 69 1
14 15713 1
14 7241 1
14 1099 1
14 15948 1
14 15949 1
14 13069 1
14 592 1
14 21586 2
14 18005 1
14 15583 1
14 17016 2
14 13912 2
14 15119 4
14 8797 3
14 18528 1
14 11792 1
14 13411 2
14 16998 1
14 7782 2
14 4199 1
14 19900 3
14 8892 4
14 12394 1
14 530 1
14 19726 1
14 11887 1
14 5391 1
14 13937 6
14 8153 1
14 6687 1
14 6265 1
14 18042 1
14 5755 1
14 18044 1
14 3197 1
14 15486 1
14 7451 1
14 3201 1
14 15491 1
14 19588 1
14 13958 1
14 705 1
14 5768 1
14 20107 1
14 18574 1
14 1167 1
14 635 1
14 14993 1
14 13763 3
14 3221 1
14 15512 1
14 12441 1
14 11931 1
14 16030 1
14 9887 1
14 15216 1
14 19619 1
14 4779 1
14 18086 1
14 18087 1
14 10408 1
14 10410 1
14 13255 2
14 15532 1
14 14509 2
14 17225 1
14 8989 1
14 16049 1
14 6323 1
14 19124 1
14 4277 1
14 9398 2
14 12471 2
14 698 2
14 20155 1
14 4284 1
14 19133 15
14 4831 1
14 16064 2
14 19137 1
14 8898 1
14 2243 1
14 6340 1
14 19050 1
14 20167 3
14 9247 1
14 5580 1
14 13514 1
14 13516 8
14 4302 1
14 9423 1
14 8401 1
14 20686 2
14 1763 1
14 22232 1
14 6264 1
14 22234 1
14 719 1
14 10407 1
14 1758 1
14 14047 3
14 3707 1
14 21733 1
14 2279 1
14 14448 1
14 3818 1
14 39 1
14 22252 3
14 6269 4
14 7409 1
14 6386 1
14 5876 1
14 13558 1
14 12897 1
14 15610 2
14 9351 1
14 8993 1
14 18175 1
14 17671 1
14 17707 1
14 16132 1
14 7638 1
14 2310 2
14 14721 1
14 14088 1
14 4364 1
14 20237 1
14 12558 1
14 6927 2
14 7952 1
14 13073 1
14 2834 1
14 787 1
14 7323 1
14 16661 1
14 12505 1
14 2351 1
14 10372 1
14 1839 1
14 797 1
14 7019 1
14 14725 1
14 20256 1
14 18209 3
14 13444 1
14 20260 1
14 6778 1
14 21889 1
14 2344 1
14 17706 1
14 15495 2
14 2348 1
14 21295 3
14 16176 1
14 7985 1
14 11099 1
14 21305 3
14 19770 1
14 10975 3
14 7485 1
14 6462 1
14 585 1
14 15170 2
14 3395 2
14 20804 1
14 22341 1
14 22343 1
14 329 1
14 8012 1
14 17229 1
14 18766 2
14 20303 1
14 15184 1
14 12625 2
14 17678 2
14 10453 2
14 5972 1
14 14677 4
14 8766 1
14 9047 1
14 4440 1
14 21169 1
14 7514 1
14 8027 1
14 12602 1
14 15710 1
14 15199 1
14 22369 3
14 17251 1
14 1380 1
14 7013 1
14 8040 1
14 6506 1
14 8043 2
14 21647 1
14 9069 7
14 616 1
14 8765 1
14 6512 1
14 5489 1
14 1342 1
14 16702 1
14 20343 3
14 8511 1
14 12010 1
14 13089 2
14 8064 1
14 13697 1
14 1412 1
14 901 1
14 16774 1
14 13451 1
14 5356 1
14 15754 1
14 7563 1
14 4492 2
14 12354 1
14 11662 1
14 4495 1
14 8636 1
14 18840 2
14 16175 1
14 1081 1
14 11672 1
14 11674 1
14 13723 1
14 17608 1
14 10433 1
14 7582 1
14 20384 4
14 4002 1
14 18851 1
14 11684 9
14 1446 2
14 15274 1
14 18759 2
14 15276 1
14 21933 1
14 16304 1
14 4019 3
14 12446 1
14 20809 1
14 10636 1
14 11708 3
14 11821 1
14 5621 1
14 22464 1
14 20418 1
14 16835 1
14 22025 1
14 673 1
14 603 1
14 9733 1
14 13730 1
14 9167 3
14 4048 1
14 9169 2
14 9170 1
14 7637 1
14 9686 1
14 11737 1
14 6106 1
14 15951 1
14 6109 1
14 10206 2
14 18911 1
14 5089 1
14 3047 1
14 16103 1
14 12778 1
14 16363 1
14 7660 1
14 494 1
14 496 1
14 8177 1
14 15548 1
14 18420 1
14 6461 1
14 2040 1
14 11604 1
14 4090 1
14 7163 1
14 10553 1
14 5717 1
15 15363 1
15 19460 2
15 9733 3
15 16998 1
15 17680 1
15 11792 1
15 13844 1
15 10264 1
15 10265 1
15 22557 1
15 15903 5
15 3675 1
15 3621 1
15 1067 1
15 20012 1
15 8749 1
15 17707 1
15 12852 1
15 2179 1
15 13881 1
15 4666 1
15 13887 1
15 20545 2
15 12354 2
15 8262 1
15 22369 3
15 7752 1
15 4169 1
15 8778 1
15 1099 1
15 15949 1
15 15952 1
15 21586 4
15 7254 1
15 13912 1
15 603 2
15 3677 1
15 11870 2
15 15457 1
15 15971 1
15 19556 1
15 4198 1
15 21606 3
15 22119 1
15 19900 1
15 2407 1
15 5391 1
15 13937 1
15 1650 1
15 1651 1
15 6265 1
15 12927 1
15 5760 1
15 15491 1
15 6789 1
15 5766 1
15 13959 1
15 14473 1
15 1167 1
15 13970 1
15 16019 1
15 15508 8
15 15512 5
15 12010 1
15 671 1
15 16547 3
15 15532 1
15 14509 1
15 17071 1
15 16049 1
15 12471 1
15 11960 2
15 2745 1
15 3258 1
15 15548 1
15 19133 4
15 21694 1
15 21696 8
15 22209 1
15 8898 1
15 17608 1
15 16588 1
15 13514 1
15 13516 1
15 15565 1
15 15567 1
15 16592 1
15 4818 1
15 22232 1
15 12505 2
15 11471 1
15 10972 1
15 7952 1
15 4831 1
15 7397 1
15 4328 1
15 6377 2
15 18267 1
15 5867 1
15 22252 1
15 7037 1
15 17790 1
15 15231 1
15 14082 1
15 16131 1
15 19204 1
15 18185 1
15 3339 1
15 4364 2
15 13069 2
15 3342 1
15 15119 1
15 21264 2
15 17791 1
15 18200 1
15 7451 2
15 8479 1
15 13088 1
15 18210 1
15 5414 1
15 17188 1
15 19238 1
15 5927 1
15 17129 1
15 5929 1
15 17706 2
15 18055 1
15 21804 1
15 18222 1
15 7471 2
15 5936 1
15 719 1
15 14985 1
15 21305 1
15 12602 1
15 16778 3
15 16190 1
15 17216 1
15 16193 2
15 22340 1
15 6982 1
15 19783 1
15 8012 1
15 18766 1
15 3408 1
15 12625 3
15 4438 1
15 21817 1
15 4440 2
15 6489 1
15 11098 1
15 655 1
15 20794 1
15 3937 1
15 17251 1
15 3943 1
15 10727 1
15 9069 2
15 3954 1
15 7540 1
15 12151 3
15 3220 2
15 8571 1
15 9084 1
15 17789 1
15 12670 1
15 6527 1
15 14721 2
15 18819 1
15 14725 1
15 9098 3
15 5003 1
15 8636 1
15 20882 1
15 18051 1
15 1430 1
15 14743 1
15 11672 2
15 15769 1
15 13772 1
15 1949 1
15 15774 1
15 20384 6
15 7664 1
15 13730 1
15 11684 10
15 9637 1
15 424 1
15 15275 1
15 9644 1
15 16302 2
15 1455 1
15 15432 2
15 12212 1
15 18505 1
15 1979 1
15 11708 2
15 22463 1
15 22464 7
15 16834 1
15 14787 1
15 5622 1
15 13255 1
15 13768 2
15 21452 1
15 4047 1
15 16848 1
15 14807 1
15 11232 1
15 15185 1
15 13800 1
15 15849 1
15 494 2
15 11760 1
15 502 2
15 13821 1
16 12288 2
16 8705 1
16 19460 3
16 17424 1
16 8193 1
16 7690 1
16 10763 1
16 13839 1
16 13840 1
16 13844 2
16 9237 1
16 13846 2
16 13316 1
16 4635 1
16 22557 1
16 15903 10
16 2310 1
16 4161 1
16 11815 1
16 1067 1
16 8749 1
16 21841 1
16 7216 2
16 9777 1
16 1076 2
16 7485 1
16 11835 1
16 11839 1
16 13888 1
16 20545 2
16 19011 1
16 1094 1
16 15432 2
16 4681 1
16 11850 2
16 8779 1
16 15948 1
16 15438 1
16 15951 1
16 15953 1
16 21586 2
16 7011 1
16 2745 1
16 15508 3
16 603 1
16 18016 1
16 18529 1
16 10939 1
16 4454 1
16 7783 1
16 19900 2
16 3943 1
16 7147 1
16 13937 1
16 15986 1
16 3006 1
16 633 1
16 16831 1
16 20604 1
16 6269 2
16 13950 3
16 6271 1
16 16695 1
16 18051 1
16 13445 1
16 646 1
16 7303 1
16 5768 1
16 1280 1
16 15161 1
16 6377 1
16 19599 1
16 16020 2
16 21305 1
16 20119 1
16 15512 3
16 10436 1
16 14493 1
16 14495 2
16 16544 1
16 7329 1
16 17435 1
16 9380 1
16 4263 1
16 15023 1
16 10928 1
16 16049 1
16 1813 1
16 22198 2
16 12471 5
16 4461 1
16 6329 1
16 6687 1
16 8892 1
16 19133 4
16 7870 1
16 21696 2
16 7968 1
16 18116 1
16 15558 1
16 2990 1
16 20168 1
16 20343 1
16 13516 2
16 10453 1
16 10833 2
16 6265 1
16 22232 1
16 18212 2
16 10972 2
16 10464 1
16 15556 1
16 10981 1
16 743 1
16 13088 1
16 17129 1
16 4330 1
16 748 1
16 14574 1
16 4221 1
16 2289 1
16 20722 1
16 10999 1
16 12927 1
16 11007 1
16 18688 1
16 15216 1
16 14082 1
16 4868 2
16 2309 1
16 13574 1
16 10540 1
16 16650 1
16 17163 2
16 4364 4
16 12162 1
16 15119 3
16 11992 1
16 2834 1
16 15491 1
16 4884 2
16 16661 1
16 8988 1
16 18207 2
16 6944 1
16 8993 1
16 13090 1
16 6947 1
16 7972 1
16 22463 1
16 20332 1
16 12076 2
16 16686 1
16 7471 1
16 10120 1
16 10206 2
16 13449 1
16 2873 2
16 20794 2
16 12091 1
16 6461 2
16 831 2
16 12110 1
16 15170 1
16 6982 1
16 17225 2
16 9831 1
16 8013 1
16 18766 2
16 20109 1
16 12625 2
16 4434 1
16 11603 1
16 10580 1
16 4438 1
16 21817 2
16 4440 1
16 4441 1
16 2394 3
16 18267 1
16 5433 1
16 15710 1
16 16223 1
16 22368 2
16 22369 1
16 4451 1
16 11109 1
16 15206 1
16 2407 1
16 360 1
16 4960 1
16 8043 2
16 8556 1
16 9069 4
16 7534 1
16 15727 1
16 2416 1
16 5489 1
16 10098 1
16 7258 1
16 12663 5
16 8568 2
16 3220 1
16 17788 1
16 12670 1
16 22091 1
16 7659 1
16 7044 1
16 16774 1
16 577 2
16 17288 1
16 7049 1
16 10636 1
16 16194 1
16 19344 1
16 20882 1
16 16963 1
16 10646 1
16 7575 1
16 11672 3
16 13723 2
16 20384 5
16 7579 1
16 11684 13
16 22086 1
16 16369 1
16 372 1
16 6386 1
16 16302 2
16 12852 1
16 12360 1
16 22450 1
16 20915 1
16 16308 1
16 18505 1
16 22175 1
16 11708 1
16 11821 1
16 11710 2
16 20927 1
16 22464 8
16 7755 1
16 13255 1
16 13961 1
16 14583 1
16 15820 1
16 4046 2
16 9167 1
16 14288 1
16 9169 2
16 9170 1
16 7637 2
16 14807 3
16 4571 1
16 5086 1
16 5089 1
16 19938 1
16 5607 1
16 21482 1
16 5031 1
16 22354 1
16 6809 1
16 11760 1
16 497 1
16 8180 1
16 10238 1
16 7158 1
16 12279 1
16 4090 1
16 11771 8
16 8702 1
16 15359 2
17 12288 2
17 15874 1
17 19460 1
17 7686 1
17 14081 1
17 522 1
17 9227 1
17 9232 1
17 13844 1
17 13846 1
17 6489 1
17 15903 5
17 3621 2
17 20519 1
17 11817 1
17 15402 1
17 3627 1
17 3629 1
17 22574 1
17 9777 1
17 1074 1
17 9269 1
17 7225 1
17 59 1
17 17985 1
17 3652 1
17 583 1
17 16969 1
17 11850 1
17 13901 1
17 21586 3
17 6741 1
17 3674 1
17 8797 4
17 18528 2
17 15971 1
17 3175 1
17 18540 1
17 14448 2
17 21618 1
17 6773 1
17 6777 1
17 6269 1
17 12927 2
17 6592 1
17 12930 1
17 18051 1
17 13444 1
17 1669 2
17 646 1
17 13960 1
17 19596 1
17 13969 1
17 15508 4
17 3221 1
17 15512 1
17 14493 2
17 15012 2
17 11429 1
17 17062 1
17 18087 1
17 13992 1
17 14509 2
17 11439 1
17 18975 1
17 3260 1
17 13502 1
17 4289 1
17 17608 1
17 12009 1
17 20686 1
17 720 1
17 10837 1
17 10972 1
17 10975 1
17 9449 1
17 8317 1
17 12670 1
17 14583 1
17 14584 1
17 15609 1
17 15610 1
17 4441 1
17 1280 1
17 3329 1
17 15618 1
17 4868 1
17 19208 2
17 2348 1
17 20234 2
17 4364 1
17 19725 1
17 15119 1
17 7952 1
17 6787 2
17 16430 1
17 14622 1
17 18208 1
17 4385 1
17 10530 1
17 18212 1
17 18214 1
17 17707 2
17 12076 1
17 10541 1
17 5934 1
17 1844 1
17 10553 1
17 15162 1
17 10555 1
17 1857 1
17 17218 1
17 22339 1
17 15491 3
17 8012 2
17 18766 1
17 15184 1
17 1361 1
17 21845 1
17 14677 1
17 17241 1
17 7514 1
17 11104 1
17 22369 3
17 7010 2
17 1380 1
17 11110 4
17 7018 1
17 9069 4
17 16242 1
17 18282 1
17 6516 1
17 21878 1
17 12663 2
17 8568 1
17 1918 1
17 1921 1
17 14725 1
17 9098 2
17 18852 1
17 5005 1
17 7576 1
17 18841 1
17 7579 1
17 7582 1
17 17312 1
17 7664 1
17 9122 1
17 11684 8
17 9637 3
17 1959 1
17 15275 1
17 9644 1
17 16301 1
17 19886 1
17 8626 1
17 12212 1
17 437 1
17 11708 1
17 3006 1
17 22464 7
17 20384 1
17 11714 1
17 15694 1
17 18393 1
17 19938 1
17 7163 1
17 12625 1
17 7659 1
17 5103 1
17 11760 3
17 12790 1
17 16890 1
17 11771 1
17 16893 2
17 15359 3
18 8706 2
18 13316 1
18 16901 1
18 7686 1
18 19464 1
18 11180 1
18 18955 1
18 1709 1
18 22032 4
18 19478 1
18 19460 1
18 16936 1
18 1578 4
18 8236 1
18 16430 1
18 8753 1
18 16434 1
18 6787 2
18 12341 1
18 1590 3
18 13885 1
18 13887 1
18 718 1
18 22082 1
18 7236 1
18 15438 1
18 12880 4
18 21586 1
18 6741 1
18 5207 1
18 3677 1
18 18528 1
18 15971 1
18 5732 2
18 21605 1
18 16998 2
18 19900 1
18 10861 1
18 11887 1
18 14448 1
18 13937 1
18 19058 1
18 22464 1
18 6786 1
18 18051 1
18 13445 1
18 646 1
18 14985 1
18 13451 2
18 8332 1
18 7313 1
18 10899 1
18 8855 1
18 19133 2
18 21606 1
18 4209 1
18 15528 1
18 15530 1
18 22188 3
18 9901 1
18 3758 1
18 19124 1
18 8892 3
18 14026 1
18 20168 1
18 16586 1
18 4302 1
18 14033 2
18 19668 1
18 14037 1
18 19675 1
18 10975 1
18 10468 1
18 8421 2
18 8425 1
18 746 1
18 22252 1
18 7782 1
18 12501 1
18 14592 1
18 16904 1
18 4364 1
18 21264 1
18 2834 1
18 2835 1
18 10531 1
18 20774 1
18 1844 1
18 16695 2
18 1336 1
18 5433 1
18 21727 1
18 21305 2
18 21841 2
18 5970 1
18 14677 1
18 2873 1
18 18783 1
18 20329 1
18 10096 1
18 13682 1
18 12151 1
18 15338 1
18 12670 1
18 15237 1
18 14730 1
18 4247 1
18 4496 1
18 15869 1
18 15774 1
18 20384 1
18 15275 1
18 9644 1
18 16308 1
18 19387 1
18 16828 1
18 21950 1
18 960 1
18 19401 1
18 12746 1
18 8144 1
18 9171 1
18 18510 1
18 8668 1
18 10205 1
18 4070 1
18 7658 1
18 10731 1
18 492 1
18 7663 1
18 13808 1
18 4776 2
18 7155 1
18 16374 1
18 10410 1
18 18005 3
19 7686 1
19 12460 2
19 22030 1
19 22032 1
19 19715 1
19 4116 1
19 22551 1
19 10265 1
19 4635 1
19 22557 2
19 15903 1
19 4647 1
19 3112 1
19 15976 1
19 1578 3
19 3629 1
19 16430 2
19 16431 1
19 16434 2
19 3636 1
19 9272 1
19 13884 1
19 13887 1
19 8260 1
19 16966 1
19 15432 1
19 18505 1
19 8781 1
19 12878 4
19 21586 2
19 4691 1
19 18005 1
19 14426 1
19 1627 1
19 7776 1
19 7777 1
19 9315 1
19 5732 1
19 6758 2
19 6760 1
19 13937 1
19 21267 1
19 13428 1
19 14969 1
19 7103 1
19 19588 1
19 7303 1
19 14985 1
19 10890 1
19 13451 1
19 20109 1
19 2704 1
19 16017 1
19 1561 1
19 15512 1
19 10407 1
19 4776 1
19 17067 2
19 22188 2
19 13389 1
19 7345 1
19 22198 1
19 22200 1
19 2745 1
19 20155 1
19 19133 2
19 14016 2
19 14026 2
19 8401 1
19 14713 1
19 21727 1
19 6372 1
19 10534 1
19 7400 2
19 7401 1
19 1576 1
19 13255 1
19 18686 1
19 1281 1
19 4867 1
19 4868 1
19 1798 1
19 18183 1
19 14088 1
19 18185 4
19 12558 1
19 18191 1
19 13073 1
19 10515 1
19 10530 1
19 1830 1
19 18215 1
19 21295 1
19 5939 1
19 21305 1
19 16701 1
19 4414 1
19 7500 1
19 15184 1
19 4945 1
19 21330 1
19 11603 1
19 6733 1
19 1375 1
19 7010 2
19 1380 1
19 15206 1
19 20329 2
19 5996 1
19 9069 2
19 3958 1
19 20343 1
19 12153 1
19 12670 1
19 8575 1
19 18819 1
19 14725 2
19 9094 1
19 17818 1
19 15774 1
19 20384 1
19 19367 1
19 15784 1
19 9644 1
19 13229 1
19 4019 1
19 16308 1
19 6076 1
19 446 1
19 16831 1
19 7111 1
19 7119 1
19 7120 1
19 7633 1
19 3030 1
19 10206 1
19 6651 1
19 17892 1
19 15338 1
19 10219 1
19 1016 1
19 20475 1
19 7166 2
19 4603 1
20 12288 3
20 15874 1
20 19460 1
20 1545 1
20 4116 1
20 19478 1
20 4441 1
20 10264 2
20 13316 1
20 14876 1
20 12830 1
20 10783 1
20 16816 1
20 21026 1
20 43 1
20 8236 2
20 2096 1
20 22581 1
20 1591 1
20 6713 2
20 8255 1
20 578 1
20 8771 1
20 15432 2
20 18510 1
20 15953 1
20 21586 1
20 11348 1
20 13398 1
20 10839 1
20 15448 1
20 8797 1
20 19551 1
20 13960 1
20 21605 1
20 16998 1
20 15976 1
20 14448 1
20 6770 1
20 6776 1
20 8831 1
20 3520 1
20 18056 1
20 18571 1
20 15512 1
20 11931 1
20 13981 1
20 7451 1
20 4263 1
20 22186 1
20 22188 1
20 5806 1
20 8989 1
20 19124 1
20 22198 2
20 3260 1
20 2243 1
20 13516 1
20 9422 1
20 719 1
20 16593 1
20 20690 2
20 4310 1
20 10973 1
20 21727 1
20 10464 2
20 10465 1
20 13026 5
20 10467 2
20 740 1
20 9959 1
20 748 1
20 20722 4
20 17141 2
20 1270 1
20 17662 1
20 1408 1
20 4868 1
20 2310 1
20 3339 1
20 4364 1
20 15119 3
20 7952 1
20 19172 1
20 16175 1
20 797 1
20 10833 1
20 18208 1
20 6945 1
20 6947 1
20 10533 1
20 2344 1
20 5931 1
20 7471 1
20 1841 1
20 1844 1
20 8502 1
20 19258 1
20 10975 1
20 19265 1
20 22338 1
20 18759 1
20 329 1
20 330 1
20 17740 1
20 17229 1
20 5456 1
20 12625 1
20 3641 1
20 1369 1
20 2394 1
20 15709 1
20 15711 1
20 14176 1
20 22369 1
20 17762 1
20 9069 2
20 22551 1
20 2416 2
20 7537 1
20 20343 1
20 8568 1
20 7550 1
20 9600 1
20 12673 1
20 7147 1
20 3974 1
20 7660 1
20 10636 1
20 16273 1
20 20547 1
20 7582 1
20 4002 1
20 11684 1
20 3498 1
20 432 1
20 19900 3
20 14784 1
20 16834 1
20 13252 1
20 19401 1
20 14800 1
20 9169 1
20 12755 2
20 14807 1
20 10206 2
20 3552 1
20 5090 1
20 3047 1
20 7659 1
20 8684 1
20 13294 1
20 16367 2
20 13809 1
20 22515 1
20 7160 1
20 16888 2
20 16890 1
20 16893 1
21 12288 3
21 8705 1
21 8706 1
21 19460 1
21 22542 1
21 9645 1
21 22032 2
21 13841 1
21 4115 1
21 10263 1
21 1560 1
21 7400 1
21 6687 1
21 20008 1
21 1578 1
21 1069 1
21 7219 1
21 1076 1
21 9269 1
21 3127 1
21 2525 1
21 572 1
21 13887 1
21 578 1
21 10820 1
21 22198 1
21 12870 1
21 15431 1
21 15432 3
21 11850 1
21 18364 1
21 8546 1
21 15439 1
21 7608 1
21 4691 1
21 596 1
21 18005 2
21 13398 1
21 22030 1
21 19035 1
21 19036 1
21 15035 1
21 7780 1
21 2661 1
21 16998 1
21 18023 1
21 18686 1
21 12905 1
21 13418 1
21 21613 1
21 3261 1
21 13425 1
21 6770 1
21 13428 2
21 632 1
21 6777 1
21 635 1
21 5246 1
21 16511 1
21 1152 1
21 3201 1
21 3203 1
21 6788 1
21 646 2
21 15495 1
21 3363 1
21 1163 1
21 8332 1
21 11632 2
21 9876 1
21 19607 1
21 17943 1
21 673 1
21 5796 1
21 10408 2
21 1706 1
21 4722 1
21 13389 1
21 5808 1
21 7345 1
21 19124 2
21 15030 1
21 10425 1
21 3259 1
21 8892 2
21 19133 3
21 16951 1
21 21696 1
21 22210 1
21 19140 2
21 20167 1
21 18633 1
21 2762 1
21 13516 1
21 20429 1
21 11043 1
21 10452 1
21 18133 1
21 20695 1
21 1754 1
21 10975 1
21 10464 1
21 10467 5
21 17124 1
21 22245 1
21 4328 1
21 748 1
21 12013 1
21 6382 1
21 8744 1
21 20722 2
21 5331 1
21 5364 1
21 15102 1
21 14592 1
21 15400 1
21 4868 2
21 17162 1
21 17165 1
21 12625 1
21 3629 1
21 21264 1
21 5192 1
21 16175 1
21 8988 1
21 4382 1
21 15648 1
21 18210 1
21 10531 1
21 7463 1
21 5929 1
21 21295 1
21 10206 1
21 13905 1
21 17719 1
21 21305 1
21 19258 1
21 7483 1
21 11068 1
21 831 1
21 15170 1
21 8515 1
21 6982 1
21 14664 1
21 16695 1
21 17229 1
21 4433 1
21 3922 1
21 11603 1
21 18773 1
21 9047 1
21 7515 1
21 5433 3
21 15710 1
21 8421 3
21 22368 1
21 7010 1
21 10555 1
21 1380 1
21 7313 1
21 15209 1
21 5996 1
21 9069 4
21 10463 1
21 22551 1
21 9072 2
21 5864 1
21 18292 1
21 13685 1
21 20343 1
21 5496 1
21 11708 1
21 17790 1
21 8063 1
21 12673 1
21 1922 1
21 15237 1
21 16775 2
21 22252 1
21 15754 2
21 3991 3
21 10636 1
21 917 1
21 14743 2
21 1092 1
21 13727 1
21 15266 1
21 14755 1
21 11684 1
21 22437 1
21 12712 1
21 12018 3
21 18352 1
21 15281 1
21 4018 1
21 7604 1
21 21432 1
21 6900 1
21 8636 2
21 15434 1
21 4030 1
21 22464 1
21 20420 1
21 8646 1
21 13255 1
21 15817 1
21 15818 2
21 15819 1
21 15820 3
21 19362 1
21 14798 1
21 6989 1
21 13776 2
21 9171 1
21 14807 2
21 10205 1
21 5086 1
21 10208 1
21 14306 1
21 16891 1
21 11750 1
21 21841 1
21 14985 1
21 15850 1
21 8683 1
21 7149 1
21 16367 1
21 4597 1
21 12360 1
21 11771 1
21 17066 1
22 12288 1
22 831 1
22 635 2
22 13316 1
22 16901 1
22 16902 2
22 17671 1
22 18185 2
22 395 1
22 9733 1
22 4433 1
22 1167 1
22 529 1
22 4116 1
22 21782 1
22 3991 2
22 3992 1
22 5208 1
22 13723 2
22 14492 1
22 18373 1
22 4000 1
22 1281 1
22 1745 1
22 19782 2
22 4263 1
22 4056 1
22 9244 1
22 17067 1
22 11820 1
22 7628 1
22 9777 1
22 625 1
22 22581 1
22 4666 1
22 10408 1
22 8892 1
22 13887 1
22 21696 1
22 19140 1
22 3397 1
22 7110 1
22 15994 1
22 3152 1
22 13516 2
22 6263 1
22 15820 1
22 77 1
22 13445 1
22 12559 1
22 15864 1
22 21586 2
22 9171 1
22 3796 3
22 5207 1
22 9432 2
22 4441 1
22 19035 2
22 11724 1
22 1466 1
22 10206 2
22 22369 1
22 8941 1
22 8421 1
22 7782 1
22 12625 1
22 18364 1
22 13418 4
22 19751 2
22 748 1
22 6125 1
22 22551 1
22 13425 2
22 7410 1
22 13428 1
22 12663 1
22 8568 1
22 3962 1
22 11711 1
22 11968 1
22 17790 1
23 13888 1
23 11449 1
23 14725 1
23 17671 1
23 4616 1
23 18185 2
23 13963 1
23 4492 1
23 5186 1
23 19599 1
23 17168 1
23 20882 1
23 22163 1
23 11925 1
23 22551 2
23 10264 1
23 281 1
23 13723 1
23 22557 1
23 14469 1
23 17312 2
23 4899 1
23 12325 3
23 4263 1
23 10408 3
23 17577 2
23 11181 2
23 1842 1
23 1266 1
23 15666 1
23 14387 1
23 1844 2
23 4277 1
23 12329 1
23 521 1
23 9145 1
23 5818 1
23 13884 1
23 19133 1
23 6847 1
23 15808 1
23 20384 1
23 11714 2
23 3979 1
23 487 1
23 4665 1
23 12870 4
23 7623 1
23 7069 1
23 22601 1
23 16586 1
23 12471 1
23 13389 1
23 8143 1
23 15184 1
23 20649 1
23 595 1
23 18005 1
23 21305 1
23 21849 1
23 10407 1
23 10974 1
23 21727 1
23 22368 4
23 2914 1
23 6651 1
23 16998 2
23 13799 1
23 1076 1
23 8892 3
23 13418 1
23 7785 1
23 492 1
23 16366 1
23 11887 1
23 13937 1
23 15218 2
23 11708 1
23 13451 1
23 5623 3
23 15864 1
23 17017 1
23 15227 2
23 15229 1
23 15317 1
24 12288 1
24 11777 1
24 15874 1
24 7683 1
24 7690 1
24 16915 1
24 19478 2
24 22551 1
24 7704 1
24 22557 2
24 15903 4
24 13863 1
24 1578 1
24 16430 1
24 19744 1
24 16432 1
24 16434 1
24 14387 1
24 12852 1
24 13887 3
24 13888 1
24 12354 1
24 11850 1
24 11851 1
24 2640 2
24 21586 1
24 18022 1
24 15979 1
24 17004 1
24 18030 1
24 625 1
24 21619 1
24 13428 1
24 632 1
24 5760 1
24 15491 1
24 19588 1
24 4741 1
24 19599 2
24 7313 1
24 6809 1
24 12957 1
24 10407 1
24 13457 1
24 20137 1
24 17067 2
24 20142 1
24 20150 1
24 20155 1
24 8892 1
24 22209 1
24 8898 1
24 13516 2
24 719 1
24 7904 1
24 12010 1
24 747 1
24 2344 1
24 22262 1
24 14583 1
24 248 2
24 6908 1
24 18185 2
24 20234 1
24 17675 1
24 4364 1
24 17681 1
24 8238 1
24 8988 1
24 20256 1
24 3880 1
24 3881 1
24 12076 1
24 7471 1
24 3636 2
24 9536 2
24 5956 1
24 13129 2
24 13131 1
24 12625 3
24 21334 1
24 9047 1
24 15709 1
24 22368 1
24 7010 1
24 1380 1
24 8039 1
24 11113 3
24 9069 1
24 6511 1
24 12153 1
24 1408 2
24 3392 1
24 8579 2
24 14725 2
24 12189 1
24 20384 1
24 15266 1
24 7081 1
24 16285 1
24 6065 2
24 6067 1
24 1460 1
24 15434 1
24 22464 1
24 13255 1
24 1482 1
24 13772 1
24 8668 1
24 10205 1
24 10206 1
24 16362 1
24 492 1
24 11760 2
24 10408 1
24 3058 1
24 15864 1
24 5625 4
24 15869 1
25 5632 1
25 15874 2
25 19460 1
25 19461 1
25 19464 1
25 19478 1
25 22551 1
25 5147 1
25 12317 1
25 6687 1
25 5666 1
25 3621 1
25 22571 1
25 8749 1
25 14387 1
25 3636 1
25 6711 1
25 11832 1
25 3647 1
25 19008 1
25 4161 1
25 7236 1
25 15432 1
25 11850 1
25 11855 1
25 21586 1
25 18005 1
25 6752 1
25 15459 1
25 16998 1
25 3175 2
25 7785 1
25 12394 1
25 13937 1
25 633 1
25 15485 1
25 18561 1
25 18051 2
25 1669 1
25 13451 1
25 1170 1
25 14488 1
25 18075 1
25 10399 1
25 3233 1
25 17066 1
25 22188 1
25 9901 1
25 14621 1
25 5818 1
25 15903 3
25 8892 1
25 19133 1
25 21702 1
25 20168 1
25 9418 1
25 20686 1
25 719 1
25 8913 1
25 11471 1
25 10972 1
25 6365 1
25 21727 1
25 17123 1
25 3813 1
25 6375 3
25 12010 1
25 18155 1
25 21228 1
25 19182 1
25 2289 1
25 1266 1
25 12028 1
25 18686 1
25 2309 1
25 4364 3
25 21264 1
25 15491 1
25 18197 1
25 7451 1
25 8988 1
25 797 1
25 4382 1
25 17188 2
25 5929 1
25 1835 1
25 5421 1
25 21295 2
25 18227 1
25 1844 3
25 20277 1
25 12852 1
25 10975 1
25 7486 1
25 8511 1
25 22340 1
25 12110 2
25 3919 2
25 15185 1
25 15456 1
25 4438 2
25 13514 1
25 1374 1
25 1380 1
25 11113 1
25 9069 3
25 10096 1
25 13682 1
25 11708 1
25 6516 1
25 13685 1
25 12663 1
25 13887 1
25 4989 1
25 17984 1
25 4484 1
25 15754 1
25 2957 1
25 4496 1
25 20882 1
25 1518 1
25 918 1
25 1092 1
25 16367 1
25 9169 1
25 11931 1
25 9644 1
25 2990 1
25 5551 1
25 6132 1
25 17339 1
25 19900 1
25 22464 1
25 11714 1
25 2001 1
25 8668 2
25 10205 1
25 18911 1
25 6000 1
25 12265 1
25 16366 1
25 13807 1
25 3060 1
25 11771 1
