1 9729 1
1 10245 1
1 19464 1
1 20227 1
1 22557 1
1 21536 1
1 7600 1
1 20008 1
1 18473 1
1 8236 1
1 3629 1
1 6702 1
1 7432 1
1 3643 1
1 17983 1
1 18108 1
1 7777 1
1 21586 2
1 13398 2
1 12897 1
1 12390 1
1 10854 1
1 7783 1
1 19560 1
1 20585 2
1 2666 1
1 11887 1
1 13936 1
1 1653 1
1 7785 1
1 14456 1
1 6266 1
1 4221 1
1 15486 1
1 20103 1
1 1163 2
1 2712 1
1 9887 1
1 9380 1
1 4263 1
1 18090 1
1 8892 2
1 10436 1
1 4295 1
1 16588 1
1 9424 1
1 17016 1
1 7380 1
1 11477 1
1 12503 1
1 10974 1
1 18144 1
1 14592 4
1 21251 1
1 4868 1
1 14088 1
1 2329 1
1 7463 1
1 15657 1
1 16181 1
1 21821 1
1 9023 1
1 19782 1
1 9543 1
1 12625 1
1 14677 1
1 9047 1
1 7055 1
1 22368 1
1 9072 1
1 7544 1
1 8062 1
1 14725 1
1 8079 1
1 4500 1
1 11672 1
1 14753 1
1 15266 1
1 432 1
1 4019 1
1 17846 1
1 9146 1
1 15808 1
1 12746 1
1 2525 2
1 19943 1
1 7147 1
1 7148 1
1 15857 1
1 3574 1
1 4599 1
1 22186 1
2 12288 3
2 11777 1
2 11779 1
2 19460 1
2 4438 1
2 15366 1
2 1544 1
2 7690 1
2 22032 1
2 16913 1
2 13331 2
2 15893 1
2 18174 1
2 13849 1
2 21721 1
2 18463 1
2 16390 1
2 3626 1
2 22571 1
2 8236 1
2 20014 1
2 8753 1
2 1074 2
2 1076 1
2 54 1
2 13880 1
2 13881 1
2 4668 1
2 63 2
2 20547 1
2 7749 1
2 1094 1
2 18505 1
2 11850 1
2 1099 1
2 588 3
2 20560 1
2 18360 1
2 21586 3
2 13398 6
2 13913 1
2 602 1
2 1627 3
2 18528 1
2 7777 1
2 14437 1
2 19560 1
2 21613 1
2 5742 1
2 13937 3
2 6770 2
2 6771 1
2 10357 1
2 14969 1
2 14459 1
2 13950 1
2 21781 1
2 21633 1
2 1668 1
2 7303 1
2 14473 1
2 7306 1
2 14475 1
2 9069 1
2 20113 1
2 4755 1
2 11931 1
2 673 2
2 10407 1
2 12461 2
2 3758 2
2 285 1
2 19124 1
2 12471 1
2 15035 1
2 8892 2
2 19133 1
2 13504 1
2 12481 1
2 15558 1
2 9415 1
2 9247 1
2 6345 1
2 13516 1
2 15566 1
2 4303 1
2 8401 1
2 10963 2
2 12501 2
2 20695 1
2 22232 3
2 10969 1
2 719 1
2 7901 1
2 10975 1
2 13025 1
2 1764 1
2 17637 1
2 13425 1
2 5864 1
2 12010 1
2 5927 1
2 748 1
2 15778 1
2 17790 1
2 248 1
2 15609 2
2 21841 1
2 4861 1
2 15102 1
2 15617 1
2 4868 2
2 7433 1
2 17163 1
2 4364 3
2 17678 1
2 15119 1
2 17170 1
2 18197 1
2 2839 2
2 2328 1
2 7451 1
2 8989 1
2 19743 1
2 13089 1
2 4315 1
2 19238 2
2 7463 2
2 16430 1
2 12585 1
2 310 1
2 21305 1
2 15674 1
2 15677 1
2 17216 2
2 16705 1
2 17218 1
2 3395 1
2 22295 1
2 329 1
2 17741 1
2 8015 1
2 3408 1
2 12625 4
2 8021 1
2 15190 2
2 17247 1
2 355 1
2 5988 1
2 7019 1
2 7570 1
2 9072 1
2 10097 1
2 17782 1
2 19837 1
2 7550 1
2 6017 1
2 14725 1
2 12629 1
2 16775 1
2 16706 1
2 7569 2
2 20882 1
2 835 1
2 3992 3
2 15771 1
2 11334 2
2 8607 1
2 15266 1
2 420 1
2 9637 1
2 20914 1
2 4019 1
2 3339 1
2 18363 3
2 19900 2
2 16831 1
2 22464 1
2 449 1
2 11714 2
2 7397 2
2 7110 1
2 11723 1
2 9122 1
2 4046 1
2 9167 2
2 464 1
2 470 1
2 10206 2
2 18911 1
2 12768 1
2 6625 1
2 14306 1
2 6651 2
2 16870 1
2 13287 2
2 8683 1
2 16367 2
2 20465 2
2 10226 2
2 16373 1
2 16374 1
2 4599 1
2 16888 1
2 4090 1
2 4603 1
2 6141 1
2 14677 1
3 12288 1
3 15875 1
3 9732 1
3 6 1
3 19464 1
3 13834 1
3 7570 1
3 19800 1
3 12309 1
3 13334 1
3 22557 2
3 3621 2
3 6694 2
3 665 1
3 22571 2
3 8236 1
3 3629 2
3 1590 1
3 13367 2
3 11832 1
3 58 1
3 4668 1
3 61 2
3 3649 1
3 3652 3
3 11334 1
3 16968 1
3 18505 1
3 15434 1
3 15435 1
3 11855 1
3 10832 1
3 21586 6
3 13398 1
3 868 1
3 18876 1
3 18528 1
3 7777 1
3 15459 1
3 21606 1
3 21607 1
3 9832 1
3 21097 1
3 9831 1
3 13425 1
3 6770 1
3 17014 1
3 20095 1
3 12930 1
3 646 1
3 13961 1
3 14475 2
3 4238 1
3 1167 1
3 1170 1
3 6809 1
3 13979 1
3 7326 1
3 18080 1
3 9072 1
3 568 1
3 5801 1
3 17066 1
3 22188 1
3 7854 1
3 15539 1
3 20148 1
3 12471 1
3 11449 1
3 10938 1
3 8892 1
3 19133 2
3 13504 1
3 11724 1
3 16586 1
3 12663 2
3 13516 1
3 11471 3
3 10449 3
3 4235 1
3 20695 1
3 10972 1
3 18141 1
3 4831 1
3 740 1
3 8421 2
3 2279 1
3 12010 1
3 19837 1
3 20723 1
3 15102 1
3 1281 1
3 4867 1
3 17156 1
3 16855 1
3 12558 1
3 7952 1
3 273 1
3 4886 1
3 7451 1
3 18208 1
3 18209 1
3 19238 1
3 5927 1
3 8412 1
3 10540 1
3 18222 1
3 8500 1
3 14473 1
3 21305 2
3 14138 1
3 4414 1
3 833 1
3 18571 1
3 8013 1
3 3408 1
3 4433 1
3 21330 1
3 4438 1
3 5464 1
3 1374 1
3 22368 2
3 22369 3
3 20322 1
3 1380 1
3 13161 1
3 9069 2
3 10096 1
3 13682 1
3 12151 2
3 14538 1
3 746 1
3 14725 1
3 15754 1
3 10128 1
3 4497 1
3 20882 1
3 20373 1
3 3991 2
3 8607 4
3 7584 1
3 15266 1
3 16539 1
3 18862 1
3 5554 1
3 4019 1
3 11708 1
3 4170 1
3 16831 1
3 22464 3
3 20384 1
3 4086 1
3 20939 1
3 13772 1
3 9167 1
3 7637 1
3 470 1
3 5591 1
3 5593 2
3 19939 1
3 12625 2
3 15548 1
3 4597 1
3 16374 1
3 4601 1
3 4603 1
3 13821 2
3 13822 1
4 12288 1
4 4267 1
4 1415 1
4 16390 1
4 2220 1
4 11181 1
4 13331 1
4 4116 1
4 3992 1
4 12825 1
4 4635 1
4 16414 1
4 18975 1
4 14369 1
4 11298 1
4 7203 1
4 22571 1
4 560 1
4 1074 1
4 12852 1
4 12342 1
4 1076 1
4 5698 1
4 3652 1
4 17017 2
4 18505 2
4 3395 1
4 13388 3
4 11855 1
4 21586 2
4 4000 1
4 1626 1
4 18528 1
4 16998 1
4 14448 3
4 13937 2
4 1140 1
4 1141 4
4 14969 1
4 6778 1
4 13440 1
4 2179 1
4 5764 2
4 12933 2
4 1163 2
4 19596 1
4 17041 2
4 17046 2
4 14488 1
4 13508 1
4 11931 1
4 13981 1
4 13477 1
4 13425 1
4 22186 1
4 3755 1
4 22188 1
4 1709 1
4 15534 2
4 3759 1
4 13493 1
4 10939 1
4 19133 8
4 9918 1
4 15041 1
4 10436 1
4 15558 1
4 6345 1
4 20695 2
4 13516 1
4 8401 1
4 20690 1
4 10452 2
4 10453 2
4 6777 1
4 13532 1
4 464 2
4 7397 1
4 6887 1
4 5352 1
4 18155 1
4 17141 1
4 3321 1
4 1280 1
4 14081 1
4 10499 1
4 2310 1
4 12673 1
4 7432 1
4 7433 1
4 3339 1
4 4364 2
4 13582 2
4 7952 1
4 4227 1
4 18197 1
4 10372 1
4 797 1
4 7455 1
4 19238 1
4 299 1
4 1837 1
4 6446 1
4 16177 1
4 15666 1
4 1336 1
4 21305 4
4 3900 2
4 14475 1
4 16196 1
4 20294 1
4 3912 1
4 17228 1
4 8015 1
4 3408 1
4 12625 3
4 13141 1
4 860 1
4 7011 1
4 22373 1
4 7569 1
4 7570 1
4 22551 1
4 11641 1
4 17788 2
4 16301 1
4 7552 1
4 6017 1
4 2948 1
4 5509 1
4 16775 1
4 5514 1
4 11662 1
4 9617 1
4 20882 1
4 16275 1
4 3991 1
4 14744 1
4 7236 1
4 15774 1
4 21408 1
4 4001 1
4 9122 1
4 4003 1
4 18853 1
4 18857 1
4 11178 1
4 12717 1
4 1524 1
4 4030 1
4 22464 1
4 20384 1
4 11714 1
4 4555 1
4 13772 1
4 9167 1
4 13776 1
4 2001 1
4 10206 1
4 19938 1
4 4070 1
4 7655 1
4 4263 1
4 493 1
4 494 1
4 16367 1
4 8967 1
4 16882 1
4 5620 1
4 16373 1
4 16374 1
4 16377 1
4 13819 1
5 12288 1
5 14592 1
5 5635 1
5 19460 2
5 12805 1
5 7686 1
5 18689 1
5 19464 1
5 4617 1
5 10763 1
5 22032 1
5 10499 1
5 13844 1
5 20681 1
5 1564 1
5 12317 1
5 4127 1
5 1569 2
5 2596 2
5 8746 1
5 3627 1
5 13357 1
5 14382 1
5 6199 1
5 2110 1
5 3647 1
5 15426 1
5 19523 1
5 15431 1
5 7241 1
5 11850 1
5 13388 1
5 13901 1
5 12880 5
5 21586 1
5 595 1
5 14422 1
5 3676 1
5 10854 1
5 9832 1
5 17005 1
5 14448 1
5 6773 2
5 3197 1
5 4228 1
5 13445 1
5 1163 2
5 20109 1
5 18797 1
5 19907 1
5 19098 1
5 1648 1
5 5288 1
5 11945 1
5 11946 1
5 3758 1
5 17071 1
5 12471 1
5 13398 1
5 15548 1
5 19133 4
5 7870 1
5 11969 1
5 18633 1
5 16588 1
5 10448 1
5 14033 2
5 1235 1
5 14038 1
5 5337 1
5 10972 1
5 10975 1
5 14800 1
5 7394 1
5 2427 1
5 7399 2
5 22252 1
5 7635 1
5 5876 1
5 9973 1
5 15574 1
5 8449 1
5 22571 2
5 4868 1
5 18181 1
5 9483 1
5 4364 3
5 10510 1
5 18191 1
5 21264 2
5 21267 1
5 6702 1
5 5399 1
5 2841 1
5 2351 1
5 8988 1
5 800 1
5 801 1
5 12076 1
5 5934 1
5 21295 1
5 5936 1
5 15666 1
5 1844 1
5 10206 1
5 21305 5
5 18746 1
5 21311 1
5 18240 1
5 12354 1
5 5445 1
5 6982 1
5 12625 3
5 13283 1
5 855 1
5 19800 1
5 21849 1
5 858 1
5 5433 2
5 22369 1
5 20329 2
5 18282 1
5 9068 1
5 9069 1
5 879 1
5 15216 2
5 13682 1
5 12151 1
5 5499 1
5 17788 1
5 1415 1
5 5514 1
5 9611 1
5 4493 1
5 7055 1
5 4496 1
5 2111 1
5 1947 1
5 7322 1
5 4000 1
5 9122 1
5 4003 1
5 9125 1
5 10663 1
5 15273 1
5 13738 1
5 7095 1
5 8636 1
5 12734 1
5 22464 1
5 20384 1
5 14786 1
5 6083 1
5 4038 1
5 11723 1
5 13772 1
5 15266 2
5 13776 1
5 2003 1
5 14807 1
5 15322 1
5 15820 1
5 6622 1
5 11771 2
5 18404 1
5 18922 1
5 7147 1
5 7660 1
5 7150 1
5 11760 1
5 14761 1
5 15864 1
5 505 1
5 6651 1
6 7684 3
6 7686 1
6 13835 1
6 2063 1
6 22551 5
6 10264 1
6 15903 3
6 518 1
6 15401 1
6 8236 3
6 22070 1
6 19124 1
6 63 1
6 578 1
6 7236 1
6 11334 3
6 15432 1
6 11851 1
6 588 1
6 13389 2
6 12878 1
6 15952 1
6 21586 1
6 602 1
6 18528 1
6 21601 1
6 18023 1
6 13418 1
6 11887 1
6 625 1
6 13428 1
6 7529 1
6 10360 1
6 13440 3
6 7303 2
6 1163 1
6 16834 1
6 1167 2
6 8341 1
6 16030 2
6 19619 5
6 10407 1
6 15528 2
6 683 1
6 11438 1
6 21172 1
6 5301 4
6 20168 1
6 14026 1
6 20686 2
6 10453 1
6 10972 1
6 10467 1
6 10473 1
6 22252 2
6 7409 3
6 18162 1
6 3828 1
6 1270 1
6 14583 2
6 5885 1
6 11007 1
6 19718 1
6 5385 1
6 4364 1
6 275 1
6 281 1
6 1309 1
6 13532 1
6 13099 2
6 12076 1
6 21295 1
6 5433 1
6 8515 1
6 12100 3
6 12625 1
6 8539 1
6 5474 1
6 7527 4
6 873 1
6 9069 2
6 7401 1
6 1922 2
6 9092 1
6 3975 1
6 4492 1
6 7570 2
6 14743 1
6 6554 1
6 4509 1
6 7584 1
6 17313 1
6 18852 1
6 9146 1
6 6076 1
6 15808 1
6 17312 1
6 11714 3
6 16835 1
6 13772 1
6 17359 1
6 18393 2
6 6622 1
6 18911 1
6 12768 1
6 10210 1
6 6651 1
6 16363 2
6 7660 1
6 4592 1
6 2033 1
6 5625 1
6 8187 1
6 5119 2
7 512 1
7 6 1
7 3088 1
7 16915 1
7 22551 3
7 7707 1
7 19486 1
7 15903 3
7 19491 1
7 8747 1
7 8236 1
7 13357 1
7 60 1
7 8765 1
7 3134 1
7 63 1
7 65 1
7 15432 2
7 18505 1
7 588 5
7 15950 1
7 15951 1
7 18005 2
7 603 2
7 18528 1
7 21601 1
7 19555 1
7 21617 1
7 6770 2
7 21107 1
7 7800 1
7 7801 1
7 14459 1
7 10365 1
7 5246 1
7 16512 1
7 7303 1
7 13961 2
7 139 1
7 1167 3
7 7313 1
7 16030 1
7 16543 1
7 16544 1
7 16035 1
7 8988 1
7 17070 1
7 2224 1
7 15539 1
7 5301 4
7 3770 1
7 6687 1
7 19133 2
7 10943 1
7 12481 3
7 20686 3
7 719 1
7 22232 1
7 10972 1
7 15583 1
7 12010 1
7 7915 1
7 7409 2
7 14584 1
7 9351 1
7 15618 1
7 2307 1
7 1921 1
7 4364 4
7 17678 1
7 18197 1
7 279 1
7 284 2
7 13089 1
7 17707 1
7 12076 1
7 15666 1
7 6622 1
7 21305 2
7 19263 3
7 12100 1
7 16804 2
7 4941 1
7 21841 1
7 4438 1
7 5995 1
7 13885 1
7 18293 1
7 5496 1
7 7550 1
7 12673 2
7 1922 1
7 7660 1
7 11662 1
7 7055 1
7 20882 1
7 7579 1
7 7584 1
7 15266 1
7 18851 1
7 11684 2
7 3501 1
7 11714 3
7 13763 1
7 17996 1
7 1482 1
7 11729 1
7 19619 1
7 4053 1
7 18393 1
7 10206 1
7 19939 1
7 12625 2
7 16363 1
7 18924 1
7 494 1
7 16367 1
7 15855 1
7 505 1
7 11771 1
8 12288 1
8 4611 1
8 7690 1
8 22032 3
8 22551 2
8 10264 1
8 13854 1
8 15903 5
8 16817 1
8 1578 1
8 1068 1
8 3629 1
8 16430 1
8 21551 1
8 9269 1
8 22026 1
8 63 1
8 7236 1
8 1094 1
8 588 1
8 13389 1
8 15950 1
8 15951 1
8 15441 1
8 21586 1
8 1619 1
8 18005 1
8 9857 1
8 16988 1
8 18528 1
8 7777 1
8 2747 1
8 16998 1
8 19900 2
8 5739 1
8 18540 1
8 21613 1
8 622 1
8 13937 1
8 21619 1
8 22133 1
8 7799 1
8 5760 1
8 16513 1
8 13445 2
8 139 1
8 15500 1
8 6773 1
8 3221 1
8 15281 1
8 4263 1
8 4776 1
8 683 1
8 19571 1
8 5301 2
8 7862 1
8 17081 1
8 15035 1
8 4831 1
8 7797 1
8 3266 1
8 2243 2
8 7364 1
8 21194 1
8 20686 1
8 7888 1
8 14033 1
8 11482 1
8 9167 1
8 21727 1
8 16611 1
8 746 1
8 14574 1
8 4851 1
8 18686 1
8 17156 1
8 1798 1
8 15489 1
8 18185 1
8 4364 1
8 14725 1
8 13088 1
8 20774 1
8 17707 3
8 10541 1
8 6446 1
8 10975 1
8 12341 1
8 12610 1
8 1163 3
8 19596 1
8 19938 1
8 15184 1
8 12625 3
8 18267 1
8 22364 1
8 11101 1
8 4960 2
8 1380 1
8 4965 1
8 13160 1
8 7530 1
8 15216 1
8 8568 1
8 13887 1
8 17790 1
8 20357 1
8 19847 1
8 8079 1
8 19344 1
8 11672 1
8 21404 1
8 17312 1
8 18851 1
8 11684 2
8 20389 1
8 9645 1
8 17840 1
8 433 1
8 4019 1
8 8628 1
8 6075 2
8 4540 1
8 4030 1
8 6080 1
8 7618 1
8 17348 1
8 13255 1
8 12746 1
8 7628 1
8 15949 1
8 14306 1
8 999 1
8 492 1
8 7664 1
8 5623 1
8 4601 1
8 5119 1
8 15871 1
9 12288 2
9 8705 1
9 5635 1
9 7687 2
9 22551 1
9 10265 1
9 15903 2
9 1578 1
9 22571 1
9 8236 1
9 15584 1
9 16436 1
9 13027 1
9 19514 1
9 13887 3
9 64 1
9 9759 1
9 20547 1
9 4165 1
9 5473 1
9 15432 1
9 11851 1
9 13388 1
9 8781 1
9 12878 2
9 21586 1
9 13401 1
9 602 1
9 18528 1
9 1633 1
9 15971 2
9 7782 1
9 10854 1
9 18108 1
9 17004 1
9 274 1
9 622 1
9 14448 1
9 21108 1
9 18553 1
9 4235 1
9 13452 1
9 2705 2
9 12825 1
9 19610 1
9 16032 1
9 5232 1
9 9379 1
9 8988 1
9 22188 1
9 685 1
9 21692 1
9 22198 1
9 2747 1
9 3772 1
9 15037 1
9 14528 1
9 12481 1
9 1730 1
9 20168 1
9 12151 1
9 13516 1
9 20690 4
9 19668 1
9 14552 1
9 10974 1
9 21727 1
9 7904 1
9 13026 1
9 379 1
9 7397 1
9 7399 1
9 4332 1
9 14574 1
9 20722 5
9 18022 1
9 15096 1
9 7418 1
9 1280 1
9 4868 1
9 18185 2
9 4364 2
9 17170 1
9 18197 1
9 17688 1
9 7451 1
9 284 1
9 14621 1
9 4382 1
9 17996 1
9 19746 1
9 21987 1
9 18222 2
9 7471 1
9 18227 1
9 9527 1
9 4414 1
9 10464 1
9 17218 1
9 8518 1
9 9543 1
9 22071 1
9 15713 1
9 12625 2
9 10467 1
9 11662 1
9 4438 1
9 21847 1
9 13148 1
9 11102 1
9 8545 1
9 5475 1
9 63 1
9 2416 1
9 11708 1
9 12663 1
9 575 1
9 14714 1
9 21883 1
9 1922 1
9 16775 1
9 17800 1
9 8590 1
9 7055 1
9 4496 1
9 579 1
9 917 1
9 14743 1
9 7582 1
9 13727 1
9 13730 1
9 15279 1
9 12360 2
9 17846 1
9 1465 1
9 19900 1
9 446 1
9 7617 1
9 11714 2
9 17490 1
9 673 1
9 588 3
9 13772 1
9 15266 1
9 14592 2
9 17872 1
9 12754 1
9 7635 1
9 3546 1
9 9691 1
9 13279 1
9 507 1
9 8685 1
9 494 1
9 14831 1
9 15856 1
9 12790 1
9 6651 1
9 2556 1
9 15869 1
10 12288 3
10 7680 1
10 19460 3
10 21510 1
10 8 1
10 13844 1
10 3088 1
10 2578 2
10 4116 3
10 10264 3
10 15903 1
10 10246 1
10 8749 1
10 16431 2
10 15408 1
10 22024 1
10 16434 1
10 18483 1
10 19512 1
10 573 1
10 13887 2
10 17984 1
10 10821 1
10 15432 1
10 8778 1
10 13388 1
10 13389 2
10 12878 2
10 19023 1
10 13905 1
10 21586 2
10 596 1
10 17494 1
10 15448 1
10 22108 1
10 18528 1
10 16998 2
10 21607 1
10 15976 1
10 3090 1
10 14448 1
10 20593 1
10 6770 1
10 1651 1
10 633 1
10 16661 1
10 5248 1
10 3520 1
10 3203 2
10 13445 2
10 16012 1
10 14993 1
10 19607 1
10 2207 1
10 13475 1
10 10407 1
10 4776 1
10 683 1
10 22188 2
10 3758 2
10 22198 1
10 12745 1
10 6687 1
10 18108 2
10 19133 2
10 12481 2
10 13516 1
10 4303 1
10 20695 2
10 19673 1
10 19493 1
10 10464 1
10 7905 1
10 10467 1
10 8421 1
10 13425 1
10 18154 1
10 14060 1
10 15600 1
10 7410 1
10 15096 1
10 11007 2
10 13440 1
10 770 1
10 18185 1
10 3339 1
10 4364 6
10 63 1
10 7952 1
10 10515 1
10 18197 4
10 281 1
10 5499 1
10 284 1
10 8989 1
10 4383 1
10 3633 1
10 13359 1
10 299 1
10 15666 1
10 8502 1
10 21305 2
10 7903 1
10 21309 1
10 4414 1
10 16195 1
10 16197 1
10 19787 3
10 12625 1
10 9047 1
10 8539 1
10 17484 3
10 8041 1
10 4971 1
10 9069 1
10 8571 1
10 12670 1
10 1410 1
10 14725 1
10 16774 1
10 1415 2
10 11662 1
10 11664 1
10 20882 1
10 4509 1
10 7582 1
10 20384 1
10 4003 1
10 22437 1
10 15274 2
10 3501 1
10 16308 1
10 1466 1
10 446 1
10 4032 1
10 11714 4
10 7110 1
10 588 1
10 1482 1
10 11723 2
10 13772 1
10 7120 2
10 3031 1
10 10205 1
10 13796 1
10 15338 1
10 7660 1
10 17490 1
10 16366 1
10 16367 1
10 497 1
10 20475 1
11 12288 1
11 11779 1
11 13316 2
11 9046 1
11 1031 1
11 22024 3
11 11275 1
11 3501 1
11 3088 1
11 19800 1
11 2578 1
11 16915 1
11 1556 1
11 4121 1
11 17440 1
11 12835 1
11 19492 1
11 11815 1
11 3629 1
11 21841 1
11 8753 1
11 10265 1
11 57 1
11 7759 1
11 59 2
11 10300 1
11 5969 1
11 13887 1
11 12897 1
11 8264 1
11 8778 1
11 588 4
11 15439 1
11 13905 1
11 17490 3
11 10607 1
11 17494 1
11 2648 1
11 7402 1
11 602 1
11 17338 1
11 22032 1
11 13412 1
11 16998 1
11 18030 1
11 14448 2
11 5732 1
11 5746 1
11 16848 1
11 19476 1
11 9432 1
11 4222 1
11 13951 1
11 13952 1
11 2690 1
11 13445 1
11 13961 1
11 139 1
11 8332 1
11 10386 1
11 3220 1
11 5742 1
11 5270 1
11 12825 1
11 15707 1
11 11931 1
11 10403 1
11 9892 1
11 10407 1
11 4776 1
11 17067 1
11 14962 1
11 12053 1
11 17073 1
11 5301 1
11 12471 3
11 19133 2
11 9918 1
11 10452 1
11 12481 1
11 5314 1
11 20167 1
11 11979 1
11 11471 1
11 12497 1
11 4818 1
11 19668 1
11 10833 1
11 11992 1
11 2596 1
11 7663 1
11 4318 1
11 15584 1
11 17360 1
11 13027 1
11 745 1
11 15082 1
11 10616 1
11 21748 1
11 10485 1
11 13046 1
11 10487 1
11 248 2
11 19156 1
11 14081 1
11 12549 1
11 18182 1
11 18185 1
11 14807 1
11 4364 3
11 13069 1
11 10510 1
11 7952 1
11 17681 1
11 17171 1
11 4884 1
11 18197 1
11 5400 1
11 5499 1
11 8988 1
11 16547 1
11 11143 1
11 10541 1
11 19759 1
11 5936 1
11 1844 1
11 13449 1
11 21305 1
11 12512 1
11 1163 1
11 10223 1
11 19784 1
11 17225 1
11 7499 1
11 8012 1
11 20303 1
11 14672 1
11 12625 5
11 4438 1
11 855 1
11 5464 1
11 17242 1
11 8539 1
11 6494 1
11 2399 1
11 3937 1
11 3426 1
11 7018 1
11 1899 1
11 5996 1
11 13167 1
11 15953 1
11 15736 1
11 13204 1
11 21883 1
11 19363 1
11 15232 1
11 21890 1
11 16773 2
11 3974 1
11 1415 2
11 3977 1
11 16778 1
11 5516 1
11 7569 1
11 22418 1
11 16276 1
11 3991 1
11 408 1
11 7579 1
11 4509 1
11 7582 1
11 13727 1
11 13730 1
11 13723 1
11 16804 1
11 22437 2
11 5248 1
11 12717 1
11 5551 1
11 17840 1
11 4019 1
11 437 1
11 22457 1
11 16826 1
11 6075 1
11 20927 1
11 11714 2
11 1988 1
11 18887 1
11 13772 1
11 16802 1
11 9167 1
11 7120 2
11 15864 1
11 4003 3
11 4053 1
11 4055 1
11 2212 1
11 19791 1
11 10206 1
11 18911 1
11 15184 1
11 5095 2
11 15850 1
11 21586 1
11 16367 1
11 16372 1
11 16373 1
11 12790 1
11 4600 2
11 11771 2
11 15869 1
12 9729 1
12 8013 1
12 13835 1
12 9232 1
12 17943 1
12 10264 1
12 13849 1
12 1564 1
12 13854 1
12 22048 1
12 19035 1
12 8236 1
12 1069 2
12 6193 1
12 5682 1
12 12342 1
12 8248 1
12 12345 1
12 6715 1
12 22590 1
12 1089 1
12 19523 1
12 19553 1
12 3147 1
12 13388 1
12 20560 1
12 10833 1
12 2130 1
12 5207 1
12 13400 1
12 9817 1
12 603 1
12 5050 1
12 10337 1
12 5885 1
12 2663 1
12 14952 1
12 13418 1
12 18030 1
12 14448 1
12 13937 1
12 1140 1
12 633 1
12 22143 1
12 17537 1
12 13445 1
12 2706 1
12 22032 1
12 8343 1
12 2207 1
12 13425 1
12 11945 1
12 3759 1
12 10932 1
12 9909 1
12 22198 1
12 18633 1
12 15032 1
12 3258 1
12 8892 1
12 19133 1
12 9918 1
12 15551 1
12 11969 1
12 13507 1
12 19142 2
12 801 1
12 20681 1
12 13516 1
12 9935 1
12 3796 2
12 12501 1
12 20185 1
12 1242 1
12 3803 1
12 18140 1
12 12512 1
12 8421 2
12 22252 1
12 10482 1
12 14579 1
12 22262 2
12 20727 2
12 10452 1
12 8993 1
12 17661 1
12 18686 1
12 14592 1
12 4868 2
12 18185 2
12 17165 1
12 18191 1
12 21781 1
12 21782 1
12 1816 1
12 4484 1
12 7471 1
12 16159 1
12 21793 1
12 11555 1
12 804 1
12 15141 1
12 5681 1
12 10972 1
12 21295 3
12 18736 1
12 3380 1
12 17206 1
12 14136 1
12 21821 1
12 6464 1
12 8502 1
12 6982 1
12 18759 1
12 759 1
12 12770 1
12 20303 1
12 15184 1
12 14677 1
12 22369 1
12 9069 1
12 21871 1
12 20849 1
12 8568 1
12 11642 1
12 14716 1
12 1918 1
12 8579 1
12 16260 2
12 3974 1
12 11657 1
12 17290 1
12 11927 1
12 18477 1
12 21902 1
12 8079 1
12 3991 1
12 8687 1
12 21407 1
12 20384 1
12 18853 1
12 13222 1
12 12712 2
12 19881 1
12 16114 1
12 9650 1
12 9652 1
12 5048 1
12 9146 1
12 8636 1
12 3519 1
12 1099 1
12 7110 1
12 8647 1
12 8268 1
12 12746 2
12 15307 1
12 9167 1
12 19410 1
12 9173 1
12 18391 1
12 9177 1
12 9178 2
12 847 1
12 11514 1
12 4602 1
12 14306 1
12 18173 1
12 999 1
12 12777 1
12 19145 1
12 21586 1
12 7151 1
12 2552 1
12 3578 1
12 20988 1
13 12288 2
13 16902 1
13 14952 1
13 11275 1
13 4110 1
13 4111 1
13 22032 2
13 4115 1
13 22551 1
13 22041 1
13 22557 1
13 13854 2
13 2224 1
13 19035 1
13 6694 1
13 4647 1
13 8233 1
13 555 1
13 3629 1
13 10287 1
13 9924 1
13 17973 1
13 8246 1
13 1086 1
13 13887 3
13 20547 3
13 2116 1
13 7777 1
13 15432 1
13 18505 1
13 1099 1
13 8268 3
13 20560 1
13 21586 5
13 595 1
13 20494 1
13 13398 1
13 9231 1
13 19553 1
13 7778 1
13 13412 1
13 4710 1
13 9832 1
13 14953 1
13 13418 1
13 8815 1
13 14448 1
13 13937 1
13 13428 1
13 6773 1
13 6778 1
13 7359 1
13 13950 1
13 3201 1
13 21782 1
13 14475 1
13 14786 1
13 7313 1
13 8341 1
13 14489 1
13 11887 1
13 21786 1
13 6308 1
13 6257 1
13 17066 1
13 22188 2
13 15534 1
13 7797 1
13 17584 1
13 21172 1
13 22198 1
13 12471 1
13 3258 3
13 1141 1
13 8898 1
13 18628 2
13 20168 1
13 13772 2
13 12151 1
13 14542 1
13 14546 1
13 3796 1
13 11992 1
13 3803 1
13 378 1
13 10463 1
13 8421 2
13 15590 1
13 8425 2
13 11514 1
13 11008 1
13 11524 1
13 2322 1
13 19734 1
13 3351 1
13 18200 1
13 19737 1
13 20762 1
13 19238 1
13 21295 2
13 20284 3
13 8512 1
13 8515 1
13 5445 1
13 21319 1
13 847 2
13 3408 2
13 745 1
13 9072 1
13 5490 1
13 4868 1
13 3958 1
13 4329 1
13 3962 1
13 3963 1
13 1917 1
13 14725 1
13 7565 1
13 18326 1
13 3991 4
13 11672 1
13 7582 1
13 7664 1
13 15266 1
13 4005 1
13 13223 1
13 6058 1
13 6809 1
13 18882 1
13 3529 1
13 15819 1
13 15820 4
13 3536 1
13 11733 1
13 18391 1
13 11232 1
13 21473 1
13 14306 2
13 11771 2
13 21617 1
13 14827 1
13 494 1
13 2543 1
13 11760 1
13 4602 1
13 16891 1
14 19464 1
14 7690 1
14 17339 1
14 22032 1
14 9816 1
14 13844 1
14 1560 1
14 1564 1
14 22557 1
14 9247 1
14 6695 1
14 18473 1
14 22571 1
14 8236 1
14 13357 1
14 11714 1
14 9777 1
14 1074 1
14 871 1
14 22068 1
14 17973 1
14 17162 1
14 13887 2
14 5186 1
14 8260 1
14 4449 1
14 15432 3
14 7241 1
14 13388 1
14 12878 3
14 3151 1
14 21586 1
14 595 1
14 13398 1
14 5208 2
14 3173 1
14 18528 1
14 19553 1
14 5885 1
14 7782 1
14 14950 1
14 4284 1
14 13418 2
14 619 1
14 10861 1
14 18030 1
14 13937 1
14 13428 2
14 9854 1
14 20095 1
14 13440 1
14 4737 1
14 646 1
14 1163 1
14 13422 1
14 17038 1
14 15982 1
14 19140 1
14 19098 1
14 4263 2
14 11945 1
14 10410 1
14 15532 1
14 3758 1
14 21679 1
14 21168 1
14 22198 1
14 6687 1
14 21692 1
14 9918 1
14 4799 1
14 1729 1
14 10436 1
14 21193 1
14 13514 1
14 17612 1
14 15566 1
14 12495 1
14 14033 2
14 12501 1
14 15567 1
14 4831 2
14 8421 3
14 19174 1
14 7400 1
14 4329 1
14 7409 1
14 10485 1
14 15096 1
14 622 1
14 18174 1
14 14592 1
14 8449 1
14 4868 2
14 2309 1
14 19718 1
14 7432 1
14 18185 1
14 20234 1
14 4364 1
14 17681 1
14 8466 1
14 8979 1
14 15128 1
14 7451 2
14 10341 1
14 4901 1
14 10540 1
14 4146 1
14 18746 1
14 8508 1
14 9023 1
14 16706 1
14 10061 1
14 12076 1
14 20818 1
14 17244 1
14 10591 1
14 19808 1
14 22369 3
14 742 1
14 3943 1
14 19816 1
14 9067 1
14 744 1
14 10099 1
14 3958 1
14 8568 1
14 14723 1
14 14725 2
14 3974 1
14 5514 1
14 3991 2
14 17806 1
14 16783 1
14 3984 1
14 19347 1
14 8086 2
14 14743 1
14 5742 2
14 17823 1
14 15266 1
14 22024 1
14 15273 2
14 5034 1
14 17837 1
14 1458 1
14 7092 1
14 7095 1
14 21432 1
14 13727 1
14 18364 1
14 446 1
14 14786 1
14 12746 1
14 11723 1
14 15820 1
14 17872 1
14 7633 1
14 470 1
14 4055 1
14 17892 1
14 2130 1
14 494 1
14 13295 1
14 8688 1
14 3058 1
14 17395 1
14 4597 1
14 4599 1
14 18424 1
15 7684 1
15 7687 1
15 13834 1
15 22540 1
15 22032 1
15 3090 1
15 19478 1
15 22551 1
15 10264 5
15 12825 1
15 3610 1
15 22557 2
15 22369 2
15 5668 1
15 12325 2
15 9820 1
15 8236 3
15 8753 1
15 16435 1
15 1076 1
15 10266 1
15 62 1
15 63 1
15 13888 1
15 12870 1
15 5473 1
15 15432 1
15 15435 1
15 588 1
15 11855 1
15 20560 1
15 21586 1
15 18005 1
15 17494 2
15 9305 1
15 1094 1
15 15456 1
15 6331 1
15 10854 2
15 16998 2
15 19048 1
15 8892 2
15 12394 1
15 11887 1
15 15976 2
15 21619 1
15 13428 2
15 3190 1
15 7785 1
15 10365 1
15 13951 1
15 640 1
15 4032 1
15 646 1
15 20103 1
15 14474 1
15 14475 1
15 8332 2
15 14786 1
15 1167 1
15 7313 1
15 13763 1
15 8341 1
15 4765 1
15 8683 1
15 10918 1
15 4263 3
15 20649 1
15 683 1
15 15532 1
15 3758 1
15 11439 1
15 6771 1
15 11444 2
15 14622 1
15 12471 1
15 7865 1
15 4795 1
15 700 1
15 12481 1
15 1733 1
15 7880 1
15 16586 1
15 13516 1
15 20686 1
15 4818 1
15 10963 1
15 3796 2
15 11991 1
15 9432 1
15 6368 1
15 18658 1
15 7397 2
15 7400 2
15 8943 1
15 1269 1
15 11511 1
15 248 1
15 11007 2
15 14081 1
15 4868 1
15 12550 1
15 12673 1
15 4364 1
15 10510 2
15 7952 2
15 275 1
15 4884 1
15 15128 1
15 12570 1
15 284 1
15 797 1
15 4382 1
15 7463 1
15 16682 1
15 11053 1
15 21295 2
15 18736 2
15 8502 1
15 3636 1
15 6458 1
15 15170 1
15 1163 1
15 19782 1
15 17741 1
15 15713 1
15 3408 1
15 12625 3
15 4438 1
15 3417 1
15 7514 1
15 18267 2
15 4961 1
15 2914 1
15 3428 1
15 14694 1
15 7528 2
15 9069 2
15 3953 1
15 15218 3
15 13174 1
15 12663 1
15 1912 1
15 12390 1
15 20373 1
15 7553 1
15 16363 1
15 1924 3
15 14725 1
15 14727 1
15 4493 1
15 16273 1
15 20882 1
15 15763 1
15 9621 1
15 21398 1
15 15903 1
15 7579 1
15 7069 1
15 7582 2
15 20384 1
15 16803 1
15 18853 1
15 7081 1
15 9645 1
15 17840 1
15 19016 1
15 1465 1
15 4030 1
15 22464 1
15 4033 1
15 11714 2
15 7619 1
15 12746 1
15 13772 1
15 4046 1
15 9167 1
15 11762 1
15 7635 1
15 6102 1
15 10206 1
15 13279 1
15 14304 1
15 13283 1
15 21841 1
15 1380 1
15 10407 1
15 493 1
15 7154 1
15 16886 1
15 5623 3
15 3065 1
15 6651 1
16 9729 1
16 4611 1
16 7686 2
16 22030 1
16 22032 1
16 10264 5
16 3332 1
16 4635 2
16 15903 2
16 11808 2
16 10758 1
16 6694 1
16 6695 1
16 13866 1
16 8747 1
16 8236 5
16 13357 1
16 6702 2
16 3633 1
16 16434 1
16 7111 1
16 3643 1
16 13884 1
16 19008 1
16 578 2
16 15432 1
16 7607 1
16 13389 1
16 12878 1
16 21586 1
16 2133 1
16 13398 3
16 4695 1
16 9817 1
16 9820 1
16 18528 1
16 12897 1
16 2150 1
16 10854 1
16 10857 1
16 21613 1
16 622 1
16 4720 1
16 21617 1
16 10867 1
16 5246 1
16 639 1
16 18561 1
16 21635 1
16 9351 1
16 18056 1
16 14473 1
16 1163 2
16 2704 1
16 14488 1
16 16538 1
16 11632 1
16 5795 1
16 7844 1
16 4263 2
16 10920 1
16 12743 1
16 18101 2
16 22198 1
16 10423 1
16 11960 1
16 2747 1
16 9918 2
16 11969 1
16 19140 1
16 20684 1
16 8913 1
16 10452 1
16 22232 1
16 8921 1
16 7392 1
16 5347 1
16 17637 1
16 8935 1
16 7400 1
16 15403 1
16 1781 1
16 15096 1
16 17657 1
16 5885 1
16 14592 1
16 10499 1
16 4868 3
16 18185 1
16 17163 1
16 4365 1
16 10510 1
16 17170 1
16 18051 1
16 4884 1
16 2839 1
16 6937 1
16 1829 1
16 19238 1
16 2348 1
16 12082 1
16 15671 1
16 2416 1
16 12091 1
16 19263 1
16 2368 1
16 1760 1
16 21317 2
16 19784 1
16 22346 1
16 3408 1
16 11603 4
16 16223 1
16 7008 1
16 9569 1
16 9067 1
16 18287 1
16 9072 2
16 3953 1
16 20856 1
16 9023 1
16 4989 1
16 5503 1
16 14721 1
16 13803 1
16 12164 1
16 7055 1
16 11152 1
16 8607 1
16 20384 1
16 15266 1
16 15273 2
16 15791 1
16 7600 1
16 4019 2
16 9141 1
16 7095 1
16 446 1
16 22464 3
16 13255 1
16 12746 2
16 9122 1
16 9167 1
16 21969 1
16 13778 1
16 9684 1
16 11737 1
16 15184 1
16 17890 2
16 18920 1
16 2025 1
16 15339 1
16 7148 1
16 6125 1
16 7151 1
16 6651 1
16 6652 1
17 12288 2
17 22368 1
17 3075 1
17 7684 1
17 9733 1
17 7688 1
17 10761 1
17 10763 1
17 22032 1
17 7699 2
17 13844 1
17 8508 1
17 10264 1
17 19460 2
17 4122 1
17 1564 1
17 3614 1
17 3615 1
17 18976 1
17 17840 1
17 15907 1
17 10867 1
17 22571 2
17 8236 1
17 1069 1
17 16430 1
17 9777 1
17 16434 1
17 10265 1
17 7733 1
17 4151 1
17 21563 1
17 15651 1
17 8257 1
17 3652 1
17 8261 1
17 17996 1
17 13389 1
17 12878 1
17 18000 1
17 21586 2
17 7764 1
17 2134 1
17 9817 1
17 22108 1
17 11870 1
17 18528 1
17 21264 1
17 20155 1
17 3173 1
17 12390 2
17 4711 1
17 15976 1
17 22121 1
17 11733 1
17 18540 1
17 15981 1
17 13423 1
17 13937 4
17 14451 1
17 21108 1
17 13437 1
17 3629 1
17 5764 1
17 7303 1
17 3180 1
17 19595 1
17 14482 1
17 7316 1
17 19094 2
17 7319 3
17 22178 1
17 17095 2
17 15218 1
17 2224 1
17 17890 1
17 2226 1
17 21619 1
17 5301 1
17 22198 2
17 12471 1
17 8164 1
17 3258 4
17 15903 2
17 4555 1
17 17093 1
17 20167 1
17 15820 1
17 12663 1
17 3278 1
17 8913 1
17 4818 2
17 803 1
17 3796 2
17 14652 1
17 11992 1
17 9945 1
17 3803 1
17 9691 1
17 21727 1
17 15948 1
17 1644 1
17 7400 2
17 10985 1
17 22252 1
17 13357 1
17 4847 1
17 7409 1
17 18163 1
17 15096 1
17 17657 1
17 11639 1
17 11007 1
17 4867 1
17 4868 3
17 11734 1
17 15112 1
17 4055 1
17 4364 3
17 18191 1
17 7220 1
17 14552 1
17 6702 1
17 14103 1
17 4384 1
17 11555 1
17 2341 1
17 19238 2
17 8753 1
17 2345 1
17 1074 1
17 18222 1
17 3889 1
17 9522 1
17 1844 1
17 10974 1
17 9015 1
17 12089 2
17 13854 1
17 20284 1
17 20285 1
17 15584 1
17 12610 1
17 17227 1
17 14306 1
17 21841 1
17 2839 2
17 4441 1
17 13658 1
17 18267 1
17 3421 1
17 7520 1
17 17484 1
17 5475 1
17 7013 1
17 10089 1
17 11628 1
17 9069 1
17 9072 1
17 15848 1
17 5490 1
17 20343 1
17 14714 1
17 15338 1
17 5503 1
17 2944 1
17 12673 1
17 1410 1
17 7555 1
17 5514 1
17 8079 1
17 4496 2
17 21905 1
17 11156 1
17 15765 1
17 3992 1
17 8607 2
17 18921 1
17 22437 1
17 15273 1
17 11183 1
17 18352 2
17 10161 1
17 4019 1
17 9652 1
17 13238 1
17 7607 1
17 9146 1
17 18364 1
17 13427 1
17 22464 4
17 11714 1
17 16374 1
17 13255 2
17 13388 2
17 12746 1
17 14283 1
17 13772 2
17 9167 2
17 7635 1
17 16853 1
17 7729 1
17 18391 2
17 8667 1
17 7645 1
17 21812 1
17 19938 2
17 17892 1
17 12625 1
17 18920 1
17 6121 1
17 12778 1
17 4589 1
17 7663 1
17 8268 1
17 4081 1
17 7154 1
17 7670 1
17 7672 2
17 505 1
17 18941 1
17 22015 1
18 12288 2
18 13316 1
18 4037 1
18 22030 1
18 4116 1
18 11438 1
18 22551 1
18 9244 1
18 29 1
18 9247 1
18 2594 1
18 15907 1
18 5158 1
18 13863 1
18 22571 1
18 8236 2
18 6702 1
18 14895 1
18 12852 1
18 8260 1
18 7265 2
18 15434 1
18 11851 1
18 17996 1
18 21586 4
18 15448 1
18 18528 2
18 21601 2
18 9380 1
18 2662 1
18 2663 1
18 5224 1
18 7785 1
18 22133 1
18 21104 1
18 13937 1
18 1141 2
18 4799 1
18 13440 1
18 8043 1
18 646 1
18 9351 1
18 14871 1
18 9245 1
18 15514 1
18 18591 1
18 14498 1
18 9892 2
18 4263 1
18 10408 1
18 8878 1
18 22557 2
18 7345 1
18 21172 1
18 13493 1
18 15032 1
18 6329 1
18 18108 1
18 19133 3
18 9918 1
18 21621 1
18 20165 1
18 19142 1
18 20167 1
18 11979 4
18 13516 1
18 6507 1
18 9425 1
18 10453 1
18 7894 1
18 1751 1
18 21608 1
18 9167 1
18 16605 1
18 1763 1
18 14033 1
18 7400 1
18 1257 1
18 18154 1
18 22252 1
18 1779 1
18 1781 2
18 18686 1
18 3331 1
18 4310 1
18 19718 1
18 7432 2
18 1068 1
18 4364 2
18 17368 1
18 274 1
18 2835 1
18 21295 2
18 4382 1
18 19746 1
18 15524 1
18 19238 2
18 1838 1
18 7471 1
18 16176 1
18 7477 1
18 9015 1
18 13113 1
18 18746 1
18 9536 1
18 15170 3
18 21315 1
18 21317 1
18 17223 1
18 17225 1
18 12625 1
18 14677 1
18 21305 2
18 18267 1
18 22369 1
18 2915 1
18 20329 1
18 9579 1
18 6511 1
18 10472 1
18 12663 2
18 6122 1
18 12670 1
18 8063 1
18 14721 1
18 8579 1
18 4484 1
18 14727 1
18 4490 1
18 17292 1
18 17293 1
18 4496 1
18 9617 1
18 20882 1
18 10646 1
18 3991 1
18 15770 1
18 13723 1
18 13727 1
18 20384 2
18 14761 1
18 17840 1
18 7584 1
18 10679 1
18 9887 1
18 12734 2
18 15808 1
18 15809 1
18 11714 2
18 16837 1
18 4038 1
18 13388 1
18 5580 1
18 17013 1
18 21460 1
18 7637 1
18 14807 1
18 4056 1
18 7844 1
18 13794 1
18 13796 1
18 13798 2
18 13801 1
18 13802 1
18 10407 1
18 6125 1
18 16366 1
18 4449 2
18 5625 1
18 15869 1
19 9121 1
19 19460 1
19 16470 1
19 14081 1
19 1545 1
19 7690 1
19 10763 1
19 7695 1
19 17424 2
19 13841 1
19 20142 1
19 10264 1
19 22553 1
19 1562 1
19 4636 1
19 22557 2
19 6687 2
19 17840 1
19 22571 1
19 6702 1
19 6122 2
19 16434 1
19 11827 1
19 12852 1
19 13884 3
19 15432 1
19 8778 1
19 13389 1
19 10300 1
19 592 1
19 9809 1
19 21586 2
19 595 1
19 4692 1
19 13398 2
19 13912 1
19 18528 1
19 1639 1
19 21609 1
19 13418 1
19 18028 1
19 13937 1
19 626 1
19 6771 1
19 13428 1
19 21621 1
19 6774 1
19 633 1
19 637 1
19 20103 1
19 13449 1
19 1163 1
19 21143 1
19 15514 1
19 22175 1
19 6816 1
19 7841 1
19 5795 1
19 683 2
19 5746 1
19 11438 2
19 21681 1
19 21619 1
19 14522 1
19 15903 3
19 9918 1
19 20597 1
19 19800 1
19 11969 1
19 13516 1
19 11471 1
19 9425 1
19 10963 1
19 22232 1
19 1242 1
19 5852 1
19 16608 1
19 8422 1
19 7400 3
19 10985 1
19 12010 2
19 1918 1
19 13558 1
19 7637 1
19 8449 1
19 7938 1
19 3627 1
19 11524 1
19 18185 2
19 4364 2
19 17170 1
19 15128 1
19 7451 2
19 797 1
19 16773 1
19 10540 1
19 1074 1
19 21295 2
19 15666 1
19 16435 1
19 21305 2
19 8508 2
19 16701 1
19 15170 1
19 10891 1
19 5447 1
19 12616 1
19 11148 2
19 4438 1
19 10553 1
19 4440 1
19 15709 1
19 10591 1
19 22368 1
19 20329 1
19 9069 2
19 17262 1
19 9072 1
19 10097 1
19 12663 1
19 8568 1
19 5098 1
19 12670 1
19 14721 2
19 18818 1
19 14725 1
19 16775 1
19 11144 1
19 5514 1
19 10636 1
19 7055 1
19 4496 3
19 9617 1
19 7570 2
19 917 1
19 3991 1
19 3992 1
19 20384 1
19 21409 1
19 15266 1
19 20389 1
19 22442 1
19 10667 1
19 10158 1
19 7600 1
19 10679 1
19 17339 1
19 15434 1
19 22464 2
19 7584 1
19 11714 2
19 13255 1
19 7628 1
19 9684 1
19 15317 1
19 4601 1
19 1925 1
19 13274 1
19 17372 1
19 14815 1
19 14304 1
19 22497 1
19 17890 1
19 15338 1
19 20971 1
19 18924 1
19 1007 1
19 5623 3
19 5625 1
19 11771 2
19 13821 1
20 11777 1
20 17494 1
20 14081 1
20 22032 1
20 3417 1
20 10264 1
20 4122 1
20 5661 2
20 15754 1
20 18975 1
20 1568 1
20 2596 1
20 37 1
20 22571 1
20 8749 1
20 20014 1
20 3633 2
20 16434 1
20 7603 1
20 12341 1
20 19008 1
20 22082 2
20 3141 2
20 15713 1
20 11850 1
20 13388 1
20 12878 1
20 592 1
20 21586 1
20 13398 1
20 8797 1
20 7263 1
20 21606 1
20 17169 1
20 1639 1
20 10867 1
20 6772 1
20 17016 1
20 11898 1
20 5755 1
20 5760 1
20 3203 1
20 5765 1
20 1163 1
20 20109 1
20 4238 1
20 2704 1
20 3220 1
20 19094 1
20 22178 1
20 17063 2
20 1706 1
20 9899 1
20 9901 1
20 7343 2
20 12465 1
20 5321 1
20 5304 1
20 20596 1
20 6843 1
20 8892 2
20 19133 4
20 12479 1
20 11969 1
20 20675 1
20 910 1
20 20168 1
20 6345 1
20 17612 1
20 14542 1
20 18128 1
20 6264 1
20 15651 1
20 17108 1
20 726 1
20 17359 1
20 1757 1
20 6778 1
20 10464 1
20 7396 1
20 742 1
20 6375 1
20 12010 1
20 14574 1
20 14063 1
20 20722 1
20 21748 1
20 22262 1
20 17657 1
20 17148 2
20 17151 1
20 1280 1
20 8449 1
20 7938 2
20 16131 1
20 4868 1
20 19718 2
20 7041 1
20 4364 2
20 2873 1
20 273 1
20 6702 1
20 2327 1
20 15128 1
20 12059 1
20 8261 1
20 13445 1
20 7457 1
20 10530 1
20 12067 1
20 3877 1
20 7463 1
20 12677 1
20 10539 1
20 2348 2
20 18222 1
20 7471 1
20 15666 1
20 1844 1
20 13888 1
20 21305 3
20 16701 1
20 4414 1
20 13428 1
20 16706 1
20 20809 1
20 3919 1
20 12625 2
20 17891 1
20 18773 1
20 4438 1
20 7511 1
20 22186 1
20 18267 2
20 5433 1
20 863 1
20 22368 1
20 22369 1
20 3943 1
20 7018 1
20 3435 1
20 13164 4
20 15218 2
20 3967 1
20 12673 1
20 7557 1
20 15751 1
20 5512 1
20 5513 1
20 13194 1
20 12354 2
20 5518 1
20 4496 2
20 7570 1
20 13454 1
20 3991 2
20 7582 2
20 14751 1
20 9122 1
20 22437 1
20 15273 5
20 4011 2
20 7600 2
20 1457 1
20 4019 1
20 16628 1
20 5351 1
20 22464 3
20 16835 3
20 14677 2
20 588 1
20 16842 1
20 4555 1
20 13772 1
20 15266 3
20 9678 1
20 9167 1
20 16858 1
20 5089 1
20 6651 1
20 11244 1
20 19950 1
20 15855 2
20 10227 1
20 16374 1
20 11771 3
20 6652 1
20 13821 1
20 22015 1
21 14592 1
21 6658 1
21 13316 1
21 7686 1
21 10262 1
21 22551 1
21 10264 3
21 14361 1
21 22557 1
21 13854 1
21 18975 1
21 1576 1
21 1068 1
21 3629 2
21 6702 2
21 17970 1
21 7219 1
21 22369 1
21 13388 2
21 22200 1
21 21586 6
21 13398 2
21 22108 1
21 3173 1
21 12390 1
21 9831 1
21 15976 1
21 10857 1
21 20803 1
21 18540 1
21 21613 2
21 11887 1
21 13937 2
21 4723 1
21 21108 1
21 12917 1
21 17015 1
21 11898 1
21 18046 1
21 6784 1
21 15273 1
21 646 1
21 18056 1
21 10520 1
21 2712 1
21 3227 1
21 22173 1
21 7844 1
21 4263 2
21 20137 1
21 11946 2
21 3758 1
21 8370 1
21 19124 3
21 13493 1
21 15032 1
21 15903 1
21 19133 1
21 9918 1
21 4287 1
21 11979 1
21 7881 1
21 17611 1
21 13516 1
21 18128 1
21 17108 1
21 9759 1
21 19675 1
21 7904 1
21 15588 1
21 21221 1
21 1766 1
21 7911 1
21 744 1
21 22252 2
21 2287 1
21 2289 1
21 18022 1
21 18679 1
21 1280 1
21 8449 1
21 18180 1
21 7432 1
21 17162 1
21 11992 1
21 17170 1
21 8979 1
21 4884 1
21 4868 2
21 15128 1
21 8988 1
21 17183 1
21 2342 1
21 2348 1
21 19245 1
21 21295 2
21 6622 1
21 4491 1
21 21317 1
21 17225 1
21 15179 1
21 15184 1
21 12625 1
21 14677 1
21 4950 1
21 9047 1
21 22186 1
21 18267 2
21 6492 1
21 15709 1
21 9569 2
21 21351 1
21 1899 1
21 7533 1
21 10606 1
21 13174 1
21 12663 1
21 18299 1
21 17788 1
21 1917 2
21 1918 2
21 18817 1
21 7048 1
21 5514 1
21 395 1
21 8079 4
21 11665 1
21 15763 1
21 3481 1
21 13727 1
21 15266 3
21 15268 1
21 22437 1
21 497 1
21 14761 1
21 22442 1
21 4011 2
21 19372 1
21 18862 1
21 7600 1
21 7601 1
21 4019 2
21 7608 1
21 6559 1
21 15805 1
21 12734 1
21 11711 1
21 22464 1
21 8641 1
21 14786 1
21 1988 1
21 3528 1
21 12746 2
21 8184 1
21 13778 1
21 2003 1
21 9684 1
21 9687 1
21 2523 2
21 2525 1
21 10206 1
21 4064 1
21 17890 1
21 494 1
21 15857 1
21 7081 1
21 7160 1
21 20477 1
22 11388 1
22 16069 1
22 615 1
