1 8449 1
1 9479 1
1 8079 1
1 21392 1
1 15128 1
1 14618 1
1 797 1
1 11806 1
1 9887 1
1 21536 1
1 15651 1
1 20389 1
1 1841 1
1 3629 1
1 20782 1
1 12848 1
1 433 1
1 19767 1
1 3258 1
1 18108 1
1 3519 1
1 6464 1
1 9543 1
1 7628 1
1 9038 1
1 9167 1
1 20856 1
1 21586 1
1 10963 1
1 13398 1
1 9047 1
1 9146 1
1 18783 1
1 17016 1
2 12288 1
2 1537 1
2 18955 1
2 22551 1
2 4843 1
2 18073 1
2 22571 1
2 3629 1
2 6711 1
2 13881 1
2 6203 2
2 578 1
2 1092 1
2 7752 1
2 1099 1
2 588 1
2 19725 1
2 13398 4
2 1118 1
2 5216 1
2 609 1
2 22119 1
2 11887 1
2 13937 1
2 1141 1
2 10360 1
2 3711 1
2 20100 1
2 18053 1
2 18056 1
2 3948 1
2 17602 1
2 10897 1
2 6296 1
2 14489 1
2 18082 1
2 5800 1
2 15532 1
2 5806 1
2 19133 1
2 7874 1
2 8993 1
2 16075 1
2 719 1
2 7888 1
2 7380 1
2 20695 1
2 14552 1
2 4826 1
2 15567 1
2 1757 1
2 4831 2
2 10976 1
2 720 1
2 21227 1
2 22252 1
2 17140 1
2 21240 1
2 8449 3
2 4868 1
2 2309 1
2 12673 1
2 6413 1
2 6421 1
2 18052 1
2 19740 2
2 18736 1
2 16223 1
2 1833 1
2 21295 2
2 17200 1
2 11059 1
2 21305 1
2 6464 1
2 15184 1
2 18772 1
2 14677 1
2 1375 1
2 3217 1
2 364 1
2 6000 1
2 16242 1
2 13174 1
2 20343 1
2 7041 2
2 18819 1
2 17290 1
2 395 2
2 10638 1
2 917 1
2 3991 1
2 18841 1
2 7663 1
2 925 1
2 7086 1
2 11186 1
2 11187 1
2 6070 1
2 22464 1
2 5058 1
2 13763 1
2 7110 1
2 13388 1
2 16333 1
2 11726 1
2 13778 1
2 919 1
2 9686 1
2 15439 1
2 10725 1
2 7660 1
2 16367 1
2 18420 1
3 12288 1
3 8449 4
3 15280 1
3 4868 1
3 4795 1
3 6790 1
3 2860 1
3 8236 1
3 11914 1
3 7563 1
3 11264 1
3 9069 1
3 10257 1
3 9876 1
3 17814 1
3 3991 3
3 8600 1
3 20519 1
3 17435 1
3 1375 1
3 16798 1
3 14545 1
3 5936 1
3 16803 1
3 6150 1
3 12336 1
3 15528 1
3 17106 1
3 21632 1
3 22188 1
3 9901 1
3 21295 1
3 17840 1
3 1969 1
3 1074 1
3 17331 1
3 12852 1
3 21757 1
3 12343 1
3 9873 1
3 11067 1
3 21692 1
3 19133 1
3 6389 1
3 6464 1
3 22209 1
3 10920 1
3 19396 1
3 22346 1
3 13388 2
3 14592 1
3 21889 1
3 7889 1
3 21586 1
3 10915 1
3 15889 1
3 7637 1
3 13398 2
3 9816 1
3 15706 1
3 14686 1
3 1141 1
3 15971 1
3 7782 1
3 10897 1
3 12220 1
3 19050 1
3 9831 1
3 11932 1
3 21613 1
3 5629 1
3 13937 1
3 3260 1
3 6644 1
3 6901 1
3 15273 1
3 9645 1
3 19478 1
3 8233 1
3 15613 1
3 6270 1
3 14677 1
4 19460 1
4 18952 1
4 22032 2
4 4116 1
4 19478 1
4 6489 1
4 10264 1
4 10265 1
4 13850 1
4 17947 1
4 18460 1
4 13853 1
4 13316 1
4 15903 1
4 17440 1
4 18267 1
4 5669 1
4 1576 1
4 16430 2
4 16431 1
4 1076 2
4 12343 1
4 6713 1
4 5935 1
4 12354 1
4 18108 1
4 1092 1
4 15432 1
4 17485 1
4 12878 1
4 15439 1
4 21586 2
4 7765 1
4 5210 1
4 8797 1
4 18528 1
4 12897 1
4 16998 1
4 22119 1
4 21692 1
4 4719 1
4 13425 1
4 4722 1
4 21621 1
4 3190 1
4 5755 1
4 20095 1
4 5760 1
4 9152 1
4 13444 1
4 1669 2
4 646 1
4 11922 1
4 1174 1
4 14488 1
4 18075 1
4 20125 2
4 13475 1
4 17576 1
4 22188 1
4 9901 1
4 13389 1
4 11439 1
4 19124 1
4 22200 1
4 20154 1
4 8892 3
4 9919 1
4 718 1
4 719 1
4 5841 1
4 4818 1
4 12501 1
4 9432 1
4 10975 1
4 7904 1
4 21733 1
4 13543 1
4 16616 1
4 20690 1
4 12018 4
4 16120 2
4 11823 1
4 15102 1
4 8449 1
4 11522 3
4 2310 1
4 20234 1
4 4364 2
4 5390 1
4 22232 1
4 15128 1
4 21295 1
4 4381 1
4 4382 1
4 8837 1
4 4385 1
4 10530 1
4 475 1
4 19238 1
4 5929 1
4 16682 1
4 1837 1
4 7471 2
4 1844 2
4 5431 1
4 5433 1
4 5435 1
4 6464 1
4 6711 1
4 21845 1
4 4438 1
4 11607 1
4 1369 1
4 13658 1
4 8539 1
4 13663 1
4 5996 1
4 9069 1
4 6511 1
4 15216 1
4 7537 1
4 16242 1
4 7889 1
4 12670 1
4 12673 1
4 3991 1
4 11665 1
4 22418 1
4 14743 1
4 3992 1
4 4509 1
4 20384 1
4 15273 1
4 18077 1
4 12728 1
4 22457 1
4 12218 1
4 3519 1
4 22464 1
4 17490 1
4 9167 2
4 7637 1
4 18393 1
4 11855 1
4 10205 3
4 5095 1
4 12779 1
4 13293 1
4 15855 1
4 13817 1
4 16891 1
4 15869 1
4 18005 1
5 12288 1
5 515 1
5 13832 1
5 13837 1
5 17424 1
5 15903 1
5 3629 2
5 16430 1
5 16431 2
5 1544 1
5 1076 1
5 17973 1
5 6715 2
5 12349 1
5 12354 1
5 20547 1
5 3652 2
5 16966 1
5 588 3
5 10832 1
5 18005 1
5 15448 1
5 5391 1
5 3157 1
5 98 1
5 7782 2
5 14952 2
5 10858 1
5 15980 1
5 18029 1
5 3182 1
5 6770 1
5 1141 1
5 6777 1
5 6269 1
5 21781 1
5 3201 1
5 12930 1
5 18055 1
5 18540 1
5 19595 1
5 3220 1
5 21305 2
5 19607 1
5 12961 1
5 15528 1
5 17692 1
5 9901 1
5 17070 1
5 19124 1
5 11449 1
5 4795 1
5 21692 1
5 19133 2
5 12481 1
5 5829 3
5 7880 1
5 5321 1
5 15562 1
5 2763 1
5 11471 1
5 16592 1
5 7380 1
5 15567 1
5 15583 1
5 3536 2
5 7397 1
5 19183 1
5 1266 1
5 4867 1
5 773 2
5 1921 1
5 4364 2
5 1922 1
5 19726 1
5 12559 1
5 2322 1
5 4884 1
5 16661 1
5 21782 3
5 2840 1
5 2841 1
5 284 1
5 8989 1
5 4894 1
5 7455 1
5 292 1
5 5425 1
5 19764 2
5 1844 1
5 6976 1
5 17741 1
5 12110 1
5 21841 1
5 21333 1
5 9047 1
5 1895 1
5 9069 1
5 3962 2
5 17788 1
5 1917 1
5 1918 2
5 17793 1
5 17794 1
5 662 1
5 16778 1
5 3991 1
5 11160 1
5 4003 1
5 19364 1
5 9637 1
5 4006 1
5 4521 1
5 11180 1
5 16302 1
5 5551 1
5 18352 1
5 7601 1
5 1465 1
5 16831 1
5 22464 2
5 11714 3
5 13764 1
5 17569 1
5 15820 1
5 2000 1
5 14290 1
5 16354 1
5 14822 1
5 12625 1
5 15338 1
5 2541 1
5 11760 2
5 12799 1
6 7684 1
6 7687 1
6 2063 3
6 19476 1
6 22551 2
6 4635 1
6 16414 1
6 15903 2
6 6065 1
6 18473 1
6 8236 1
6 3629 1
6 21552 1
6 12852 1
6 14783 1
6 12343 1
6 5182 1
6 5301 1
6 579 1
6 15432 1
6 22601 1
6 7095 1
6 13389 1
6 592 1
6 6741 1
6 3676 1
6 18528 1
6 19553 1
6 100 3
6 18023 1
6 6263 1
6 10360 3
6 14970 1
6 13435 1
6 13963 1
6 659 1
6 16030 1
6 6816 1
6 11942 1
6 9901 1
6 11444 2
6 4277 1
6 11449 1
6 700 1
6 19133 1
6 7870 1
6 13516 1
6 20686 2
6 4303 1
6 14545 1
6 20690 1
6 10452 1
6 7903 1
6 12010 1
6 13863 1
6 22252 1
6 18162 1
6 22262 1
6 14584 1
6 4868 2
6 19718 1
6 4364 1
6 15119 1
6 16661 1
6 281 2
6 14618 1
6 796 1
6 10531 1
6 9520 1
6 10545 1
6 12100 1
6 12103 1
6 8013 1
6 14677 1
6 4438 1
6 9047 1
6 3417 1
6 22366 1
6 22369 1
6 9069 2
6 6511 1
6 12663 1
6 12153 1
6 14722 1
6 14725 2
6 13702 1
6 748 1
6 3992 1
6 5528 1
6 7069 2
6 17312 1
6 18852 2
6 16301 1
6 5552 1
6 18865 1
6 1458 1
6 6071 1
6 1465 1
6 11708 1
6 11821 2
6 20927 1
6 13255 1
6 7628 1
6 10317 1
6 248 3
6 13778 1
6 7638 1
6 10206 1
6 19939 1
6 16363 1
6 10220 1
6 7663 1
6 505 1
6 8188 2
7 12288 1
7 7684 1
7 13834 1
7 22032 1
7 19478 1
7 22551 2
7 1060 1
7 1578 2
7 16432 1
7 1074 1
7 12354 1
7 7236 1
7 18005 2
7 17168 1
7 3171 1
7 102 1
7 16998 2
7 22121 1
7 6786 1
7 13445 1
7 7303 1
7 20114 1
7 2416 1
7 16035 1
7 4263 1
7 22188 1
7 15033 1
7 2747 1
7 16586 2
7 12663 1
7 20686 1
7 20429 1
7 14545 2
7 21727 1
7 8421 1
7 7410 1
7 14592 1
7 2309 1
7 18185 1
7 17162 1
7 4364 2
7 7952 1
7 17169 1
7 1827 1
7 20774 2
7 21295 1
7 20303 1
7 11600 2
7 15185 1
7 14677 2
7 18267 1
7 4961 1
7 17763 1
7 19814 1
7 19816 1
7 11113 1
7 7531 1
7 9069 1
7 7536 1
7 5489 1
7 20343 1
7 1922 1
7 19347 1
7 10644 1
7 20375 1
7 11672 1
7 13723 1
7 13728 1
7 12717 1
7 5554 1
7 9145 2
7 12218 1
7 6080 1
7 16834 1
7 4555 1
7 16333 1
7 8144 1
7 9171 1
7 2522 1
7 21841 1
7 15850 1
7 10407 1
7 3058 1
7 4601 1
7 8188 1
7 21845 1
8 2179 1
8 19460 2
8 14807 1
8 15752 1
8 4746 1
8 9867 1
8 4364 2
8 3981 1
8 9645 1
8 21264 1
8 17681 1
8 17171 1
8 13844 1
8 5529 1
8 21912 1
8 4868 1
8 14618 1
8 13723 1
8 6554 1
8 8992 1
8 4385 1
8 20642 1
8 10531 1
8 13930 1
8 4776 1
8 638 1
8 1578 1
8 5420 1
8 5234 1
8 13358 1
8 16431 2
8 1844 1
8 8502 2
8 16695 1
8 2873 1
8 3130 1
8 11708 1
8 1076 1
8 446 1
8 13887 1
8 9170 1
8 21953 1
8 12503 1
8 4548 1
8 19126 1
8 3405 1
8 12878 1
8 12880 1
8 14033 1
8 21586 1
8 18005 1
8 3031 1
8 5970 1
8 10205 2
8 7889 1
8 15464 1
8 12778 1
8 4434 1
8 15855 1
8 13937 1
8 13682 1
8 11902 2
8 17854 1
8 632 1
8 10410 1
8 18174 1
8 8797 1
9 12288 1
9 12673 1
9 6786 1
9 1067 1
9 13963 1
9 18181 1
9 3974 1
9 18185 2
9 20234 1
9 19595 1
9 20236 1
9 16998 1
9 17171 1
9 17688 1
9 16923 1
9 4509 1
9 11710 1
9 15266 1
9 20389 1
9 7463 2
9 10408 1
9 1578 1
9 683 1
9 22188 1
9 16430 1
9 5935 1
9 7217 1
9 5389 1
9 2387 1
9 19126 1
9 5815 1
9 2745 1
9 8892 1
9 16190 1
9 9867 1
9 4942 1
9 1706 1
9 8268 1
9 7095 1
9 15948 1
9 3405 2
9 15438 1
9 17229 1
9 12625 1
9 21586 1
9 2873 1
9 3796 1
9 18005 1
9 599 1
9 19036 1
9 8927 1
9 18528 2
9 7905 1
9 635 1
9 16677 1
9 21094 1
9 841 1
9 13418 1
9 10407 1
9 7782 1
9 4079 1
9 2544 1
9 11635 1
9 13428 2
9 17854 1
9 5750 1
9 15994 1
9 6651 1
9 14716 1
9 15869 1
9 3413 1
10 13828 1
10 3078 1
10 9644 1
10 3605 1
10 19478 1
10 1054 1
10 15567 1
10 16431 1
10 21552 1
10 1092 1
10 12360 1
10 21586 2
10 18005 1
10 5211 1
10 19562 1
10 13937 2
10 13428 2
10 633 1
10 20604 1
10 6786 1
10 19599 1
10 21662 2
10 10407 1
10 14108 1
10 19124 1
10 12471 1
10 19133 1
10 5315 1
10 20168 1
10 16588 1
10 11471 2
10 11472 1
10 14033 2
10 719 1
10 4831 1
10 17122 1
10 8420 1
10 17135 1
10 9458 1
10 14592 1
10 18181 2
10 2310 1
10 18185 1
10 7952 1
10 13589 1
10 4886 1
10 19737 2
10 7451 1
10 2332 2
10 5421 1
10 5935 1
10 9522 1
10 1844 1
10 15170 1
10 21318 1
10 12111 1
10 12625 1
10 13658 1
10 15709 1
10 11103 1
10 22368 1
10 13665 1
10 12647 1
10 20330 1
10 14703 1
10 20343 1
10 6016 1
10 9090 1
10 1415 1
10 17290 1
10 1421 1
10 20882 2
10 14233 1
10 18853 2
10 5623 1
10 11180 1
10 15432 1
10 16308 1
10 22464 3
10 16837 1
10 12746 1
10 17355 1
10 21454 1
10 14800 1
10 465 1
10 20303 1
10 18911 1
10 19938 1
10 11431 1
10 8174 1
10 4087 1
11 11436 4
11 7180 1
11 3603 8
11 3605 2
11 13848 1
11 2596 1
11 8236 1
11 11821 1
11 4665 2
11 17466 1
11 8764 1
11 69 1
11 1094 3
11 15432 2
11 17999 1
11 21586 1
11 6414 1
11 99 1
11 6244 1
11 3173 1
11 19900 4
11 3943 1
11 13937 2
11 21619 4
11 631 1
11 11898 4
11 12937 1
11 8332 1
11 10264 1
11 18579 1
11 14488 1
11 6809 1
11 11428 2
11 11431 6
11 22188 1
11 17070 1
11 10928 1
11 19124 2
11 14110 1
11 19133 2
11 7870 1
11 4799 1
11 8898 1
11 14028 1
11 13514 1
11 13516 1
11 10453 2
11 20194 1
11 6375 1
11 11496 1
11 22252 1
11 22258 1
11 4868 3
11 18181 1
11 20236 1
11 13582 1
11 2832 1
11 21267 1
11 4886 4
11 19737 6
11 7471 1
11 8988 1
11 4894 7
11 7455 1
11 20256 1
11 13089 1
11 17188 1
11 20261 1
11 1838 1
11 21295 1
11 1841 1
11 7483 1
11 3392 1
11 15170 1
11 4941 1
11 20303 1
11 2387 1
11 18267 1
11 22369 1
11 12647 1
11 373 1
11 12151 1
11 6976 1
11 22338 1
11 18832 1
11 13723 3
11 13730 1
11 16807 1
11 11708 1
11 22464 2
11 11201 1
11 16845 1
11 5591 1
11 484 1
11 487 1
11 9194 1
11 10407 1
11 3055 1
11 15856 3
11 6651 1
12 12288 1
12 8193 1
12 15874 1
12 19460 1
12 16901 1
12 15276 1
12 3760 1
12 11815 1
12 16430 2
12 8752 1
12 12852 1
12 4665 1
12 6718 1
12 15432 1
12 13901 1
12 11855 1
12 21945 1
12 602 3
12 18528 1
12 13412 1
12 9831 1
12 1648 1
12 13937 1
12 4217 1
12 14974 1
12 14978 1
12 18051 1
12 19588 1
12 11398 1
12 18055 1
12 14985 1
12 19598 1
12 13970 1
12 18579 1
12 10398 1
12 16544 1
12 4263 1
12 683 2
12 10924 2
12 15536 1
12 7862 1
12 12471 3
12 8892 1
12 3262 1
12 14024 1
12 1743 1
12 14033 1
12 19155 3
12 10975 1
12 22188 1
12 8421 1
12 4326 1
12 6897 1
12 5875 1
12 22262 2
12 17149 1
12 18686 1
12 9482 1
12 17163 1
12 4364 5
12 6925 1
12 17168 2
12 5400 1
12 7451 1
12 20256 1
12 1829 1
12 2348 1
12 5934 1
12 8502 1
12 7485 1
12 22339 1
12 4432 1
12 12625 1
12 17379 1
12 14677 1
12 4438 1
12 6489 1
12 2394 1
12 18267 1
12 4448 1
12 22369 1
12 7016 1
12 364 1
12 9069 1
12 15216 1
12 6514 1
12 11641 1
12 4486 1
12 15751 1
12 7055 1
12 20882 1
12 16276 1
12 10646 2
12 14743 1
12 15774 1
12 6561 1
12 11692 1
12 17846 1
12 17337 1
12 21946 2
12 1469 1
12 22464 2
12 7110 1
12 11719 1
12 16848 1
12 9171 1
12 469 1
12 14807 1
12 14809 1
12 13789 1
12 10206 1
12 4064 1
12 15329 1
12 15330 1
12 6651 1
12 8174 1
12 11760 1
12 14322 1
12 11771 4
12 6652 1
13 11435 1
13 16901 1
13 22024 1
13 13834 1
13 17424 1
13 4945 1
13 1568 1
13 3621 1
13 4647 1
13 1576 1
13 3629 4
13 21552 1
13 3636 1
13 4665 1
13 13887 2
13 12354 1
13 19523 1
13 3652 5
13 15432 1
13 13389 1
13 12878 1
13 21586 1
13 13412 1
13 22032 1
13 15460 1
13 10854 1
13 9831 1
13 21609 1
13 3943 1
13 14448 2
13 13937 1
13 6770 1
13 6773 1
13 14973 1
13 13950 1
13 20095 1
13 21633 1
13 4886 2
13 7303 1
13 14985 1
13 13451 1
13 9358 1
13 1167 1
13 10896 3
13 3217 1
13 3220 1
13 14488 2
13 665 1
13 15216 1
13 679 2
13 19624 1
13 681 1
13 16577 1
13 683 1
13 11436 1
13 9901 1
13 10928 1
13 21692 1
13 5301 1
13 16054 1
13 12471 1
13 5304 1
13 2745 1
13 15548 1
13 19133 5
13 14016 1
13 21536 1
13 2244 1
13 20167 1
13 14024 2
13 16586 1
13 12663 3
13 3277 1
13 14543 1
13 14033 1
13 7891 1
13 7380 1
13 740 1
13 22232 1
13 11471 4
13 7396 1
13 21733 1
13 5356 1
13 7409 1
13 5876 1
13 13255 1
13 17661 1
13 14592 1
13 19718 1
13 20234 1
13 4364 4
13 19725 1
13 7952 1
13 10515 1
13 2325 1
13 19734 1
13 7451 1
13 4894 3
13 12336 1
13 3881 1
13 1844 1
13 10206 1
13 12602 1
13 7483 1
13 4418 1
13 8518 1
13 9033 1
13 8012 1
13 12625 3
13 2387 1
13 4495 1
13 1369 2
13 18779 1
13 15717 1
13 10897 1
13 15209 1
13 9069 4
13 6511 1
13 2416 1
13 5489 1
13 20343 1
13 10900 1
13 18818 1
13 1412 1
13 22252 2
13 17290 1
13 7055 1
13 11156 2
13 14743 1
13 7236 1
13 13723 1
13 15774 1
13 20384 1
13 15856 1
13 15266 4
13 15273 1
13 15276 1
13 16301 1
13 2990 1
13 7600 1
13 12360 1
13 12218 1
13 6075 1
13 11708 1
13 21949 1
13 7104 1
13 13763 1
13 7110 1
13 673 1
13 16333 1
13 9167 3
13 9684 1
13 7637 1
13 6622 1
13 19938 1
13 21841 1
13 15850 1
13 20971 1
13 1277 1
13 11760 1
13 10408 1
13 11762 1
13 8180 1
13 5623 1
13 16890 1
13 1019 1
13 6652 2
14 15874 1
14 19460 1
14 4438 1
14 15752 1
14 3978 1
14 14743 1
14 5516 1
14 12625 2
14 17424 1
14 4886 2
14 22551 1
14 19737 1
14 17818 1
14 8989 1
14 13445 1
14 17312 2
14 15266 1
14 18852 1
14 12325 1
14 4263 1
14 19624 1
14 20649 1
14 11435 1
14 8238 1
14 7069 1
14 8753 1
14 1844 1
14 16054 1
14 11449 1
14 8378 1
14 19131 1
14 8892 1
14 7690 1
14 12360 1
14 1669 1
14 2001 1
14 17110 1
14 5207 1
14 22232 1
14 10360 1
14 14682 1
14 1371 1
14 12602 1
14 1465 1
14 99 1
14 100 1
14 16998 1
14 3175 1
14 8636 1
14 11887 1
14 11760 1
14 3313 1
14 1266 1
14 8180 1
14 5623 1
14 18424 1
14 15227 1
15 19712 1
15 7683 1
15 7684 2
15 9223 1
15 15499 1
15 20494 1
15 4058 1
15 3203 1
15 22551 3
15 7069 1
15 17312 2
15 21923 1
15 10407 1
15 7409 3
15 11821 2
15 8238 1
15 14743 1
15 5448 1
15 11449 1
15 12602 1
15 8636 1
15 11714 1
15 12360 2
15 5623 1
15 20686 1
15 1465 1
15 14682 2
15 6699 1
15 100 1
15 102 2
15 3313 2
15 626 1
15 5364 1
15 18423 1
15 632 1
15 7546 1
16 7687 1
16 19476 1
16 22551 1
16 6404 1
16 15903 2
16 16903 1
16 21557 1
16 5686 1
16 13884 1
16 3134 1
16 13888 1
16 12354 1
16 7237 1
16 15432 1
16 587 1
16 17484 1
16 12878 1
16 18005 1
16 5208 1
16 2747 1
16 7780 1
16 16998 1
16 11708 2
16 14448 1
16 19817 1
16 13445 1
16 13963 1
16 2705 1
16 10900 2
16 3221 1
16 18080 1
16 16547 1
16 13478 1
16 4263 1
16 14509 1
16 19124 2
16 14522 2
16 11963 1
16 8892 1
16 19133 2
16 20167 1
16 13516 1
16 14047 1
16 8421 1
16 6375 2
16 10985 1
16 5356 1
16 13558 1
16 4868 1
16 18185 1
16 20237 1
16 16659 1
16 6446 1
16 20256 1
16 18210 1
16 11043 1
16 6951 1
16 17707 2
16 18222 1
16 17200 1
16 22340 1
16 4421 1
16 6982 1
16 15184 1
16 4438 1
16 19804 1
16 22368 1
16 13666 1
16 7528 1
16 13161 1
16 7399 1
16 11632 1
16 21883 2
16 10638 1
16 15251 1
16 8086 1
16 11672 2
16 13727 1
16 20384 1
16 11684 1
16 18857 1
16 2990 2
16 16819 1
16 19900 1
16 7623 1
16 12746 1
16 14820 1
16 18917 1
16 16363 2
16 492 1
16 7663 1
16 13814 1
16 5623 1
16 18426 1
17 12288 1
17 19460 1
17 22032 1
17 1556 1
17 12825 1
17 15903 1
17 5552 1
17 1578 2
17 16430 1
17 13360 1
17 1074 1
17 13884 2
17 13885 1
17 15456 1
17 1092 1
17 15431 1
17 13388 1
17 12878 1
17 21586 6
17 18005 1
17 7767 1
17 8425 1
17 18528 1
17 13412 1
17 21948 1
17 17010 1
17 2166 1
17 11711 1
17 7806 1
17 17535 2
17 11904 1
17 1669 1
17 3724 1
17 10896 1
17 10897 2
17 10900 2
17 10901 1
17 10903 1
17 2715 1
17 3233 1
17 10408 1
17 8989 1
17 19126 1
17 12471 1
17 3258 2
17 8892 1
17 19133 2
17 12481 1
17 1733 1
17 4298 1
17 13516 1
17 3277 1
17 5581 1
17 7380 1
17 14037 1
17 19670 2
17 7384 1
17 9167 1
17 10972 2
17 1757 1
17 10464 3
17 20194 1
17 10467 2
17 8421 1
17 11496 1
17 10985 1
17 6383 1
17 20722 1
17 14583 1
17 10453 1
17 4868 2
17 2309 1
17 2310 1
17 1921 1
17 4364 2
17 17168 1
17 22232 1
17 1813 1
17 745 1
17 797 1
17 2949 1
17 8993 2
17 290 1
17 20774 1
17 16169 1
17 16775 2
17 18222 1
17 21305 2
17 8512 1
17 22344 1
17 14668 3
17 17230 1
17 15184 1
17 14673 2
17 1763 1
17 15701 1
17 13889 1
17 861 2
17 16223 1
17 19808 1
17 8549 1
17 9873 1
17 15209 1
17 5994 1
17 8043 2
17 3948 1
17 9069 6
17 16242 1
17 15735 1
17 18808 1
17 1409 1
17 15237 1
17 1415 1
17 910 1
17 10644 1
17 917 1
17 20384 1
17 13730 1
17 19363 1
17 18853 1
17 15273 1
17 16301 1
17 7600 1
17 5554 1
17 12220 1
17 11709 1
17 20927 1
17 3520 1
17 15817 1
17 5623 1
17 4002 1
17 6204 1
17 21889 1
17 9171 1
17 7637 1
17 14807 2
17 4005 1
17 4432 1
17 22499 1
17 16362 1
17 18857 1
18 12288 1
18 19460 1
18 19461 1
18 8198 1
18 10254 1
18 2578 1
18 21536 1
18 11818 1
18 13875 1
18 12852 1
18 8765 1
18 8255 1
18 12354 1
18 20547 3
18 8260 1
18 5191 1
18 15432 1
18 20236 1
18 10318 1
18 3151 1
18 20560 1
18 4689 2
18 19553 1
18 17004 1
18 3181 1
18 13937 2
18 8043 1
18 21782 2
18 6791 1
18 19598 1
18 13969 1
18 18068 1
18 7322 1
18 5276 1
18 4257 1
18 10694 1
18 4263 1
18 683 1
18 12465 1
18 5818 1
18 21696 1
18 18628 2
18 18630 1
18 20167 1
18 13513 1
18 19147 1
18 13516 1
18 4302 1
18 20678 1
18 7380 1
18 14037 2
18 10985 1
18 1266 1
18 21757 1
18 4867 1
18 4868 1
18 4364 1
18 21781 2
18 19734 2
18 15643 1
18 1841 1
18 12593 1
18 14646 1
18 3636 1
18 3915 1
18 4942 1
18 847 1
18 849 1
18 4441 1
18 1899 1
18 8568 1
18 13887 1
18 9086 1
18 2949 1
18 909 1
18 910 1
18 20882 1
18 15939 1
18 10644 1
18 3991 1
18 7582 1
18 1607 1
18 15276 1
18 9145 1
18 9151 1
18 22464 1
18 11714 1
18 7619 1
18 7110 1
18 14798 1
18 9167 1
18 7637 1
18 9687 1
18 19939 1
18 16374 1
18 5623 1
18 11771 2
19 19460 2
19 19476 1
19 22551 1
19 539 1
19 9756 1
19 18975 1
19 2596 1
19 16430 1
19 3652 1
19 21577 1
19 11855 1
19 21586 1
19 18004 1
19 13398 1
19 15448 1
19 13404 1
19 8797 1
19 3171 1
19 101 1
19 7783 1
19 9832 1
19 19900 1
19 18030 1
19 17013 1
19 17015 1
19 19582 1
19 11398 1
19 14985 1
19 14482 1
19 10900 1
19 19124 1
19 7865 1
19 3258 1
19 19133 2
19 20167 2
19 20168 1
19 14543 1
19 8913 1
19 14037 1
19 719 1
19 10974 1
19 10975 3
19 6375 1
19 10985 1
19 5876 1
19 17659 1
19 17148 1
19 17149 1
19 14592 1
19 4868 1
19 17162 1
19 4364 3
19 7952 1
19 18197 1
19 8988 1
19 4382 1
19 12585 1
19 10545 1
19 17202 1
19 16691 1
19 1844 1
19 7477 1
19 21305 2
19 10555 1
19 11068 1
19 833 1
19 12610 1
19 3398 1
19 3915 1
19 8013 1
19 3919 1
19 14677 1
19 4438 1
19 5433 1
19 18267 1
19 9069 2
19 12147 1
19 6516 1
19 10103 1
19 1918 1
19 12673 1
19 1924 1
19 14214 1
19 15751 1
19 3978 1
19 11662 1
19 17818 1
19 22442 1
19 11180 1
19 2990 1
19 433 1
19 10679 1
19 11708 1
19 20927 1
19 15808 1
19 7620 1
19 13255 1
19 11723 1
19 15820 1
19 14800 1
19 19938 1
19 7160 1
20 7680 1
20 5635 1
20 13316 1
20 19975 1
20 17930 1
20 9232 1
20 22557 1
20 8236 2
20 22573 1
20 16430 1
20 1074 2
20 12852 1
20 11835 1
20 1076 1
20 577 2
20 578 3
20 3652 1
20 18505 1
20 8778 1
20 588 2
20 21586 2
20 11348 2
20 3674 1
20 3676 1
20 100 1
20 22119 1
20 15976 1
20 11964 1
20 21613 1
20 13937 2
20 21618 1
20 17171 2
20 10358 1
20 6263 1
20 6776 1
20 14969 1
20 14970 1
20 18577 1
20 14973 1
20 13950 1
20 13440 1
20 3201 1
20 5764 1
20 17544 2
20 14985 2
20 13451 1
20 1167 1
20 3217 1
20 3731 1
20 10901 1
20 14492 1
20 11820 1
20 2416 1
20 11939 1
20 22188 1
20 9901 2
20 15128 1
20 15023 1
20 16049 1
20 16051 1
20 8892 1
20 19133 5
20 21694 1
20 2243 1
20 20165 1
20 20168 4
20 15563 1
20 10360 1
20 633 1
20 22232 1
20 9167 1
20 4831 1
20 4320 1
20 22245 2
20 22252 1
20 15603 1
20 4349 1
20 19208 1
20 18185 1
20 3339 2
20 4364 2
20 13069 1
20 5391 1
20 7952 1
20 10515 1
20 20014 1
20 17688 1
20 7455 1
20 8482 1
20 6947 1
20 2348 1
20 13961 1
20 21305 2
20 15170 1
20 3909 2
20 3912 1
20 13129 2
20 3916 2
20 4432 1
20 12625 2
20 2387 1
20 14677 1
20 2873 1
20 18267 1
20 22369 1
20 1895 1
20 5993 1
20 7019 1
20 20332 1
20 9069 2
20 11632 1
20 3954 1
20 20343 1
20 12153 1
20 9791 1
20 12670 1
20 21889 1
20 904 1
20 15754 1
20 4497 1
20 3992 1
20 7663 2
20 13727 1
20 15777 1
20 15266 2
20 12200 2
20 14764 1
20 15280 1
20 7241 1
20 11192 1
20 1465 2
20 8636 2
20 1469 1
20 16834 1
20 13763 2
20 13252 2
20 15948 1
20 12746 3
20 463 1
20 465 1
20 7635 1
20 14807 5
20 12760 1
20 11737 1
20 10205 1
20 408 1
20 19939 1
20 11858 1
20 15855 1
20 15856 1
20 10225 1
20 502 1
20 15864 1
21 19460 1
21 22032 1
21 15889 1
21 13316 2
21 4442 1
21 14367 1
21 11821 1
21 1076 1
21 6203 1
21 9482 1
21 588 1
21 12878 1
21 11855 1
21 592 1
21 15442 1
21 10837 2
21 15971 1
21 3175 1
21 15976 1
21 21618 1
21 20599 1
21 15997 1
21 18197 1
21 649 2
21 3217 1
21 10900 1
21 10901 1
21 15522 1
21 10915 1
21 22188 2
21 3765 1
21 16054 1
21 13516 1
21 719 1
21 5840 1
21 4320 1
21 19408 1
21 8421 1
21 4326 1
21 16103 1
21 15593 1
21 11511 1
21 10499 2
21 20234 1
21 4364 2
21 15119 1
21 19733 1
21 5911 1
21 7471 1
21 21295 2
21 1336 1
21 20285 1
21 6982 1
21 10573 1
21 12625 1
21 15701 1
21 15190 2
21 4441 1
21 2394 1
21 18267 2
21 16223 1
21 10897 1
21 7016 1
21 5481 1
21 12663 1
21 21880 1
21 7829 1
21 9600 1
21 12673 1
21 5509 1
21 15751 1
21 15754 1
21 2541 1
21 9621 1
21 21912 1
21 15774 1
21 16880 1
21 15784 1
21 7600 1
21 12218 1
21 13761 1
21 13763 1
21 11723 1
21 17360 1
21 13778 1
21 10205 1
21 4579 1
21 6630 1
21 21586 1
21 11760 3
21 6136 1
21 4603 1
22 12288 1
22 20482 1
22 20997 1
22 21002 1
22 13570 1
22 17424 3
22 15704 1
22 16915 1
22 8878 1
22 13849 1
22 7707 1
22 18460 2
22 13853 1
22 2309 1
22 1576 2
22 8236 2
22 3629 1
22 4654 1
22 12336 1
22 1074 1
22 11827 1
22 6713 1
22 6715 1
22 3134 1
22 20256 1
22 12352 1
22 3650 1
22 3340 1
22 10316 1
22 19534 1
22 21586 1
22 19027 1
22 15444 1
22 7765 1
22 13912 1
22 18528 1
22 22032 1
22 9831 1
22 15976 1
22 18540 2
22 21613 1
22 11887 1
22 625 1
22 464 1
22 13161 2
22 637 1
22 13950 1
22 5248 1
22 18051 1
22 14981 1
22 10896 1
22 10897 1
22 10900 1
22 10902 1
22 10903 1
22 14488 1
22 11820 1
22 1696 1
22 1697 1
22 13937 1
22 1564 1
22 6826 1
22 683 1
22 9901 1
22 15534 1
22 3101 1
22 16049 1
22 19635 1
22 13493 1
22 19126 1
22 12471 1
22 22200 1
22 3258 1
22 8892 2
22 19133 1
22 16064 1
22 6337 1
22 19408 1
22 16673 1
22 22221 1
22 4306 1
22 5333 1
22 8992 1
22 2273 1
22 13027 2
22 8421 1
22 7463 1
22 12013 1
22 12018 2
22 15096 1
22 16121 2
22 2810 2
22 5885 1
22 4864 1
22 14594 1
22 4868 1
22 12549 3
22 19718 1
22 12553 1
22 4364 1
22 11821 1
22 2834 1
22 18197 1
22 6430 1
22 12575 1
22 18208 1
22 7457 1
22 20260 1
22 16677 1
22 18215 1
22 13611 1
22 12076 1
22 6446 1
22 21295 8
22 15666 1
22 16947 1
22 16679 1
22 16695 1
22 19816 1
22 18911 1
22 6464 1
22 14658 1
22 4419 1
22 18759 1
22 22327 1
22 6476 1
22 20303 1
22 5456 1
22 12625 1
22 8531 1
22 5460 1
22 14677 3
22 16216 1
22 13658 2
22 13659 1
22 22368 1
22 22369 1
22 2407 1
22 360 1
22 873 2
22 5996 1
22 9069 1
22 6511 1
22 13681 1
22 6514 2
22 3763 1
22 5496 1
22 18810 1
22 21883 2
22 13376 1
22 18818 1
22 21399 1
22 11662 1
22 4495 1
22 15251 1
22 2967 1
22 14233 1
22 13723 1
22 20384 2
22 1445 1
22 11522 2
22 3501 1
22 7089 1
22 17331 1
22 8636 1
22 11710 2
22 16160 1
22 22464 1
22 11714 1
22 19396 1
22 21957 1
22 13255 1
22 8268 1
22 11723 1
22 15820 1
22 20429 1
22 8144 1
22 7635 1
22 18390 1
22 4056 1
22 18767 1
22 18853 1
22 482 1
22 18769 1
22 4587 1
22 8684 1
22 14328 1
22 11604 1
22 1019 1
22 2556 1
22 12799 1
23 512 1
23 9729 1
23 4868 1
23 12502 1
23 18182 1
23 11273 2
23 20234 1
23 3340 1
23 17805 1
23 7952 1
23 11281 1
23 659 1
23 19476 1
23 20887 1
23 9499 1
23 20125 1
23 16414 1
23 20255 1
23 20384 1
23 17584 1
23 1578 1
23 19238 1
23 18857 1
23 18858 1
23 22571 1
23 21295 2
23 18352 1
23 9139 1
23 1076 1
23 9527 1
23 3258 1
23 12091 1
23 8892 2
23 13245 1
23 15166 1
23 11967 1
23 11969 1
23 11714 1
23 4598 1
23 7905 1
23 5576 1
23 15177 1
23 5303 1
23 13388 1
23 20256 1
23 8401 1
23 3796 1
23 14677 1
23 4438 1
23 13658 1
23 2833 1
23 6622 1
23 11999 1
23 18528 1
23 12897 1
23 19172 1
23 2279 1
23 744 1
23 2025 1
23 21351 1
23 17260 1
23 366 1
23 2673 1
23 12787 1
23 17908 1
23 3061 1
23 3190 1
23 12151 1
23 13435 1
23 20220 1
23 13821 1
23 15102 1
24 3073 1
24 2578 1
24 17943 1
24 1048 1
24 3620 1
24 4647 1
24 1578 2
24 22571 1
24 8749 1
24 12639 2
24 16969 1
24 13388 1
24 7765 1
24 12897 2
24 9831 1
24 15976 1
24 18540 2
24 13937 2
24 18547 1
24 13941 2
24 5993 1
24 5753 1
24 6786 1
24 18052 1
24 11398 1
24 13963 1
24 13969 1
24 4754 1
24 4249 1
24 18075 1
24 18077 1
24 17265 1
24 11434 1
24 22188 1
24 13493 1
24 12471 1
24 8892 5
24 20343 1
24 4303 1
24 22224 1
24 10190 1
24 21720 1
24 7897 1
24 19675 1
24 19166 1
24 4834 1
24 21232 1
24 4868 3
24 18181 1
24 19718 1
24 20234 1
24 7952 1
24 17688 1
24 8988 1
24 8989 1
24 5925 1
24 5927 1
24 13611 1
24 20794 2
24 20284 1
24 22344 1
24 9033 1
24 8012 1
24 11600 1
24 21841 1
24 9047 1
24 15705 1
24 15199 1
24 22369 1
24 8549 1
24 2407 3
24 19305 1
24 5994 1
24 10605 1
24 17262 1
24 12656 1
24 5489 1
24 12663 1
24 15751 1
24 1418 1
24 7055 1
24 20882 2
24 9621 1
24 17819 1
24 5020 1
24 7584 2
24 16301 1
24 18352 1
24 4019 1
24 3517 2
24 7110 1
24 20429 1
24 14798 1
24 20953 1
24 3553 1
24 19939 1
24 4433 1
24 17908 1
24 2040 1
24 6652 1
25 12288 1
25 8193 1
25 1538 1
25 1537 1
25 22188 1
25 17424 2
25 11969 1
25 17435 1
25 4263 1
25 15903 2
25 4647 1
25 22057 1
25 8236 1
25 2608 1
25 3134 4
25 13887 1
25 8257 1
25 8262 1
25 15432 1
25 11851 1
25 21586 1
25 22032 1
25 13411 1
25 10857 1
25 13932 1
25 13937 1
25 14969 1
25 14462 1
25 6592 1
25 1669 1
25 6790 1
25 19591 1
25 4235 1
25 13453 1
25 4240 1
25 10897 1
25 10900 1
25 6809 1
25 18077 1
25 5791 1
25 15216 1
25 21617 1
25 15532 1
25 18803 1
25 14293 1
25 8892 2
25 11637 3
25 3058 1
25 18633 1
25 10530 1
25 8401 1
25 11477 1
25 9337 1
25 22232 1
25 6875 1
25 13532 1
25 1758 3
25 4831 1
25 5863 1
25 22251 1
25 15096 1
25 2812 1
25 16639 1
25 14081 1
25 13574 1
25 16135 1
25 7952 1
25 786 1
25 15128 1
25 4385 1
25 4386 1
25 10534 1
25 15580 1
25 7303 1
25 6446 2
25 1844 1
25 7477 1
25 7483 1
25 15166 2
25 12611 1
25 13125 1
25 8012 1
25 21330 1
25 14677 4
25 4441 2
25 2394 1
25 18267 1
25 15199 1
25 22369 1
25 9069 3
25 11632 3
25 7537 1
25 11635 1
25 11636 1
25 18805 1
25 20343 1
25 8568 1
25 18809 1
25 394 1
25 17292 1
25 22418 1
25 7571 1
25 1947 1
25 11641 1
25 15266 1
25 18851 1
25 21933 1
25 1454 1
25 17840 1
25 11708 1
25 11709 1
25 3006 1
25 9152 1
25 19405 1
25 4414 2
25 7637 1
25 5590 1
25 15849 1
25 20459 1
25 9714 1
25 9716 1
25 9717 2
25 4603 1
26 14081 3
26 9231 1
26 8720 1
26 15890 1
26 13331 1
26 20502 1
26 10264 1
26 11969 2
26 17435 2
26 22557 1
26 6691 1
26 8236 1
26 1074 2
26 1076 1
26 3134 10
26 12352 3
26 19126 1
26 8262 2
26 1099 1
26 9810 1
26 3674 3
26 11870 1
26 8992 1
26 12390 1
26 22119 1
26 11708 2
26 9831 1
26 11887 1
26 5745 1
26 21618 1
26 12917 1
26 11898 1
26 19900 1
26 13956 1
26 1671 1
26 13451 1
26 15128 1
26 10351 1
26 9892 1
26 4263 3
26 11946 1
26 15532 1
26 3758 1
26 15539 1
26 13493 4
26 9398 1
26 12471 1
26 19133 2
26 5237 1
26 7361 1
26 18633 2
26 13514 1
26 13516 2
26 15567 1
26 8913 1
26 10453 2
26 19675 1
26 1758 1
26 4831 1
26 1760 1
26 1762 1
26 742 1
26 22252 3
26 6383 1
26 7920 1
26 13937 1
26 13053 2
26 15614 1
26 15615 1
26 1280 3
26 7937 1
26 9686 1
26 5591 1
26 2325 1
26 17688 1
26 6337 1
26 19741 1
26 20254 2
26 12575 1
26 7968 1
26 9606 1
26 13611 1
26 2351 1
26 15666 1
26 8500 1
26 7476 1
26 12091 1
26 19772 1
26 2272 2
26 4419 1
26 20804 1
26 14663 1
26 3917 1
26 4433 1
26 8021 1
26 4438 1
26 12089 1
26 18267 1
26 1885 1
26 6494 1
26 13663 1
26 22368 1
26 19771 1
26 15205 1
26 22378 1
26 10604 1
26 2413 1
26 11632 12
26 11636 2
26 11637 2
26 11641 2
26 6011 1
26 18817 1
26 2947 1
26 16774 3
26 17809 1
26 22418 2
26 19764 1
26 20375 1
26 11672 1
26 22426 1
26 13723 1
26 15262 1
26 8261 1
26 15266 1
26 18857 1
26 22442 1
26 12190 1
26 7095 1
26 1976 1
26 8636 2
26 3006 3
26 22463 2
26 15809 1
26 20470 1
26 4038 1
26 13255 1
26 12746 4
26 15820 1
26 20431 1
26 7634 2
26 7635 1
26 18389 1
26 7638 1
26 14807 1
26 2008 1
26 9380 1
26 21984 1
26 19938 1
26 19943 1
26 2025 1
26 21586 1
26 9716 2
26 9717 5
26 9718 1
26 9719 1
26 505 1
26 14677 1
27 5760 1
27 8193 1
27 1410 1
27 8989 1
27 14725 1
27 18220 1
27 1163 1
27 15170 1
27 5390 1
27 7055 1
27 6801 1
27 15532 1
27 7451 1
27 22557 1
27 20255 1
27 20384 1
27 7457 1
27 20389 1
27 6694 1
27 10407 1
27 8232 1
27 18042 1
27 8236 1
27 21841 1
27 21295 2
27 12081 1
27 1074 1
27 15857 1
27 1076 2
27 12342 1
27 20000 1
27 16799 1
27 19133 1
27 15166 1
27 21613 3
27 11714 1
27 19408 1
27 11898 1
27 1094 1
27 12746 1
27 12279 1
27 13389 1
27 9167 2
27 4546 1
27 9169 1
27 15442 1
27 15706 1
27 15579 1
27 8797 2
27 8229 1
27 2273 1
27 21733 1
27 19943 1
27 21586 1
27 9069 1
27 3311 1
27 13937 1
27 20343 1
27 5881 1
27 15610 1
27 5246 2
