1 15488 1
1 14592 1
1 14722 1
1 4356 1
1 9477 1
1 6406 1
1 7486 1
1 10121 1
1 17290 1
1 395 1
1 4492 1
1 20366 1
1 8079 1
1 16273 1
1 3731 1
1 797 1
1 14742 1
1 2713 1
1 2712 1
1 4868 1
1 9139 1
1 21295 1
1 9884 1
1 1309 1
1 9887 1
1 8892 1
1 9380 1
1 3621 1
1 2342 1
1 4263 1
1 22571 1
1 7571 1
1 3629 1
1 2990 1
1 8623 1
1 433 1
1 2399 1
1 7219 1
1 7476 1
1 16309 1
1 21820 1
1 11887 1
1 9268 1
1 2525 1
1 10555 1
1 20284 1
1 7471 1
1 1342 1
1 8511 1
1 6464 1
1 13889 1
1 15811 1
1 3398 1
1 9543 1
1 3058 1
1 16301 1
1 4599 1
1 9733 1
1 8013 1
1 20301 1
1 9425 1
1 9818 1
1 5889 1
1 17373 1
1 8115 1
1 21727 1
1 19553 1
1 3171 1
1 21733 1
1 19816 1
1 18108 1
1 13291 1
1 22252 1
1 9146 1
1 13681 1
1 7794 1
1 19347 1
1 13389 1
1 9777 1
1 9975 1
1 17016 1
1 11641 1
1 14714 1
1 6651 1
1 15857 1
2 12288 1
2 9729 1
2 5635 1
2 19460 1
2 1029 1
2 17424 1
2 8449 1
2 1544 1
2 16812 1
2 7690 2
2 22032 1
2 15889 1
2 4867 2
2 3758 1
2 22551 1
2 10264 1
2 11524 1
2 21530 1
2 21531 1
2 4636 1
2 15903 2
2 7600 1
2 22571 3
2 8236 3
2 3629 1
2 7215 1
2 8753 1
2 1074 1
2 7219 1
2 8720 1
2 9270 1
2 10300 1
2 7471 1
2 15457 1
2 19591 1
2 17476 1
2 7237 1
2 1889 1
2 15432 1
2 2634 1
2 13388 2
2 2640 1
2 21586 4
2 19027 1
2 15444 1
2 12558 1
2 13398 1
2 5208 1
2 15119 1
2 7776 1
2 10337 1
2 19556 1
2 15279 1
2 19559 1
2 15976 1
2 10857 3
2 21613 1
2 11887 1
2 19056 1
2 6760 1
2 626 1
2 20499 1
2 22133 1
2 5993 1
2 4287 1
2 15486 1
2 12930 1
2 20099 1
2 19588 1
2 9351 1
2 13961 1
2 22096 1
2 20111 1
2 16067 1
2 9582 1
2 1179 1
2 17569 1
2 17435 1
2 4263 2
2 10408 1
2 2220 1
2 15534 1
2 13488 1
2 12465 1
2 3763 1
2 5301 1
2 16054 1
2 5815 1
2 17594 1
2 15548 1
2 19133 1
2 1141 1
2 17184 1
2 2243 1
2 910 1
2 13516 1
2 20343 1
2 22220 1
2 9424 1
2 20177 1
2 10963 1
2 20180 1
2 11989 1
2 1751 1
2 20227 1
2 6876 1
2 21727 1
2 10976 1
2 21733 1
2 14545 1
2 7548 1
2 748 1
2 20718 1
2 9458 1
2 5876 1
2 17142 1
2 13937 1
2 17108 1
2 8443 1
2 11007 2
2 14592 1
2 14081 1
2 555 1
2 3332 1
2 17376 1
2 7476 1
2 3991 1
2 20012 1
2 22283 1
2 10510 3
2 5391 1
2 7952 1
2 18136 1
2 14654 1
2 17172 1
2 4868 1
2 5399 1
2 15128 1
2 6937 1
2 8636 1
2 8989 2
2 21279 1
2 18208 2
2 8892 1
2 2343 1
2 8412 1
2 1323 1
2 5932 1
2 21295 1
2 18736 2
2 5939 1
2 5940 1
2 8502 1
2 3895 1
2 11064 1
2 21305 2
2 10975 1
2 12604 1
2 15166 1
2 3392 2
2 18144 1
2 8514 2
2 22339 2
2 8518 1
2 20585 1
2 12110 1
2 22369 1
2 16720 1
2 14920 1
2 14677 3
2 21334 1
2 15713 1
2 3426 1
2 10555 1
2 7036 1
2 20284 1
2 8043 1
2 9069 3
2 13331 1
2 7537 1
2 6514 1
2 8563 1
2 17214 1
2 22390 1
2 12151 1
2 15561 1
2 892 1
2 6464 3
2 2947 1
2 14725 1
2 14730 1
2 13707 1
2 10636 1
2 10638 1
2 4496 1
2 4419 1
2 409 1
2 7236 1
2 8605 1
2 20384 2
2 13730 1
2 15273 1
2 15276 1
2 754 1
2 4509 1
2 18864 1
2 18865 1
2 7607 1
2 18872 1
2 4026 1
2 19900 2
2 11709 1
2 15808 2
2 8641 1
2 17166 1
2 16835 1
2 4037 1
2 4038 1
2 17352 1
2 21449 1
2 15819 1
2 15820 1
2 9167 1
2 9169 1
2 20949 1
2 4055 1
2 4056 1
2 8669 1
2 14304 1
2 10832 1
2 22267 1
2 15850 1
2 8685 1
2 10920 2
2 15858 1
2 4597 1
2 12036 1
2 18424 1
2 11604 1
2 16378 1
2 10837 1
3 8449 2
3 10243 1
3 3332 1
3 18181 1
3 9351 1
3 15752 1
3 13961 1
3 4484 1
3 1163 1
3 9069 1
3 5929 1
3 10510 1
3 5993 1
3 2834 1
3 10644 1
3 19694 1
3 19478 1
3 13849 1
3 1816 1
3 3481 1
3 7471 1
3 797 1
3 18975 1
3 20384 1
3 7841 1
3 7219 1
3 19364 1
3 5390 1
3 423 1
3 10408 1
3 7603 1
3 17066 1
3 15276 1
3 8749 1
3 15534 1
3 21679 1
3 15273 1
3 13682 1
3 17331 1
3 19124 2
3 11832 1
3 7481 1
3 15903 1
3 6282 1
3 15166 1
3 6464 1
3 1696 1
3 16706 1
3 7563 1
3 7621 1
3 7457 1
3 4364 1
3 14283 1
3 17229 1
3 13445 1
3 9167 1
3 13838 1
3 21586 1
3 19027 1
3 14677 1
3 1844 1
3 2394 2
3 8412 1
3 10205 1
3 18144 1
3 22369 1
3 10978 1
3 19555 1
3 19494 1
3 3943 1
3 10857 2
3 3264 1
3 21613 1
3 18030 1
3 14469 1
3 14448 1
3 6514 1
3 16374 1
3 15849 1
3 4221 1
3 12670 1
3 2325 1
4 12288 1
4 12805 1
4 19464 1
4 5144 1
4 12825 1
4 9244 1
4 18975 1
4 20519 3
4 3629 1
4 4654 2
4 7729 1
4 1076 1
4 1590 1
4 13880 1
4 4668 1
4 12349 1
4 13889 1
4 15432 1
4 13388 1
4 13398 2
4 5936 1
4 18528 1
4 19555 1
4 9832 1
4 21613 1
4 10862 2
4 5232 1
4 6771 1
4 9332 1
4 10358 1
4 18557 1
4 6270 1
4 1152 1
4 12930 1
4 11398 1
4 4231 2
4 6282 1
4 7618 1
4 4238 1
4 17041 2
4 2706 1
4 7323 1
4 14495 1
4 673 2
4 13474 1
4 13477 1
4 13478 1
4 9901 1
4 3758 1
4 4795 1
4 19133 2
4 16586 1
4 16588 1
4 9425 1
4 10963 2
4 20695 1
4 4831 1
4 740 1
4 1766 1
4 1266 1
4 15102 1
4 8449 1
4 19204 1
4 2309 1
4 17163 1
4 4364 1
4 10515 1
4 18197 1
4 2839 1
4 2841 1
4 18209 1
4 1827 1
4 5928 1
4 17200 1
4 21305 2
4 4234 1
4 3392 1
4 16197 1
4 19782 1
4 17227 1
4 3408 1
4 17234 1
4 9047 1
4 13661 1
4 22369 2
4 7010 1
4 5988 1
4 13457 1
4 364 1
4 9069 3
4 9072 1
4 21364 1
4 20343 1
4 5498 2
4 17790 1
4 8063 1
4 1921 1
4 16775 1
4 1420 1
4 10641 1
4 20882 2
4 4000 1
4 15266 1
4 11931 1
4 16301 1
4 9145 1
4 8636 1
4 4030 1
4 11714 2
4 20642 1
4 9167 1
4 1499 1
4 10206 2
4 10723 1
4 15849 1
4 8683 2
4 7660 1
4 8180 1
4 4601 1
4 12799 1
5 12288 4
5 8705 2
5 9733 1
5 9729 1
5 11787 1
5 3084 4
5 3086 1
5 3087 1
5 17424 1
5 7768 1
5 10499 1
5 5746 1
5 18144 1
5 22368 1
5 11292 1
5 21850 1
5 18463 1
5 13488 1
5 16418 1
5 12558 1
5 19718 1
5 19494 1
5 20519 1
5 8236 1
5 3629 14
5 4417 1
5 10287 1
5 10289 1
5 5682 1
5 13876 1
5 12341 1
5 12342 1
5 12343 1
5 11832 1
5 12345 1
5 18783 1
5 13889 1
5 12354 1
5 15939 1
5 7236 1
5 19553 1
5 7752 1
5 18505 1
5 14545 1
5 11851 1
5 16972 1
5 13389 1
5 12878 3
5 15439 1
5 12880 1
5 21586 3
5 5717 1
5 13398 1
5 9816 5
5 12151 1
5 602 2
5 603 1
5 13404 1
5 605 2
5 18529 1
5 9831 1
5 9832 1
5 10857 1
5 20803 2
5 5742 1
5 14448 5
5 6770 1
5 1141 1
5 7785 1
5 6687 1
5 15481 1
5 15994 1
5 17020 1
5 21629 1
5 13950 1
5 17070 1
5 1152 1
5 14016 5
5 8641 1
5 19588 1
5 15494 1
5 22209 1
5 5768 1
5 21130 1
5 13963 2
5 20112 1
5 9873 2
5 6290 1
5 10900 3
5 22032 2
5 18071 1
5 14489 1
5 18128 1
5 14495 1
5 21104 1
5 15488 1
5 1699 1
5 17060 1
5 10920 1
5 5831 1
5 22188 1
5 9901 1
5 15534 2
5 10781 1
5 5808 1
5 16049 1
5 19124 2
5 13493 1
5 12471 1
5 13969 1
5 15903 1
5 4865 1
5 19133 10
5 10432 2
5 16577 1
5 13508 1
5 12998 1
5 4030 1
5 20168 3
5 9170 1
5 20343 1
5 15309 1
5 4304 1
5 632 1
5 5331 2
5 10452 1
5 1751 2
5 22232 2
5 5337 2
5 11482 1
5 10972 2
5 4317 1
5 1758 1
5 7903 2
5 7904 1
5 19408 1
5 10978 1
5 7397 1
5 2279 1
5 5352 1
5 15593 1
5 8426 1
5 6695 1
5 6380 1
5 7634 1
5 1917 2
5 6897 1
5 6270 1
5 22262 1
5 4990 1
5 15610 1
5 1304 1
5 7220 1
5 14592 6
5 14081 1
5 4867 1
5 4868 8
5 6917 2
5 2310 1
5 3201 1
5 15625 1
5 17163 2
5 4364 2
5 20237 3
5 17166 1
5 8749 1
5 3408 2
5 16661 3
5 16662 2
5 2839 1
5 5400 1
5 4377 1
5 7471 1
5 8989 1
5 20255 1
5 14640 1
5 8892 1
5 6790 1
5 19238 1
5 7463 1
5 3975 1
5 1836 1
5 1074 1
5 21981 1
5 18736 1
5 18568 1
5 6269 1
5 16691 1
5 7991 1
5 21305 10
5 1852 1
5 7485 1
5 3392 1
5 10976 1
5 1163 1
5 22341 1
5 11708 1
5 7905 1
5 17207 1
5 17229 1
5 1068 1
5 15184 1
5 14677 4
5 9047 4
5 346 1
5 8079 1
5 15709 1
5 11008 1
5 3935 1
5 352 1
5 8449 1
5 7104 2
5 15717 1
5 15722 1
5 3217 1
5 7016 1
5 5993 1
5 9600 1
5 7019 1
5 9069 6
5 15727 1
5 4746 1
5 21874 1
5 21875 2
5 15128 1
5 21878 1
5 12663 1
5 13031 1
5 5780 1
5 4986 1
5 11131 1
5 4989 3
5 11134 2
5 8063 1
5 1408 1
5 12673 1
5 14725 1
5 16775 1
5 15754 1
5 5005 1
5 6381 1
5 4496 1
5 10641 1
5 3907 1
5 10644 2
5 917 1
5 8086 2
5 4249 1
5 6554 1
5 7579 1
5 4000 1
5 5537 1
5 15266 1
5 18852 1
5 20389 1
5 14759 1
5 22442 1
5 7751 1
5 12716 1
5 9645 1
5 4014 1
5 19016 1
5 15794 2
5 4754 1
5 10573 1
5 8636 1
5 13245 1
5 12734 1
5 12665 1
5 22464 3
5 20384 1
5 1099 1
5 8062 1
5 7110 3
5 13255 1
5 6345 1
5 12746 1
5 20429 1
5 9167 2
5 13776 1
5 13778 1
5 19411 1
5 578 1
5 13781 2
5 9686 1
5 14807 2
5 4056 1
5 19364 2
5 9691 2
5 13276 1
5 17658 1
5 3493 1
5 13793 1
5 19938 1
5 11771 7
5 10725 2
5 20967 1
5 7313 1
5 489 1
5 7637 1
5 8683 1
5 7660 1
5 16367 1
5 11760 1
5 10928 1
5 3060 1
5 8184 1
5 4601 2
5 6651 1
5 6652 3
5 12202 1
5 3413 1
6 12288 2
6 16386 1
6 19460 1
6 15190 2
6 19464 2
6 11275 1
6 15874 2
6 16911 1
6 9232 1
6 16913 2
6 4867 1
6 13418 1
6 19478 1
6 8215 1
6 19716 1
6 22557 2
6 4945 1
6 18463 1
6 18980 1
6 22571 1
6 3629 6
6 18481 1
6 17973 1
6 8248 1
6 6715 1
6 4668 3
6 12349 2
6 3134 1
6 63 3
6 13889 1
6 20547 4
6 21228 1
6 15432 1
6 20554 1
6 8779 1
6 20560 1
6 21586 4
6 10851 1
6 13398 2
6 13401 2
6 9306 1
6 4111 1
6 17424 3
6 15971 1
6 3175 1
6 9832 1
6 11964 1
6 18026 1
6 5742 1
6 14448 1
6 21617 1
6 13938 1
6 13331 1
6 1140 2
6 1141 1
6 7799 1
6 6687 1
6 14973 1
6 13950 1
6 12825 2
6 20103 1
6 1161 1
6 655 1
6 17041 2
6 10386 1
6 11927 1
6 14489 1
6 12446 1
6 21664 1
6 13425 1
6 15528 1
6 16901 1
6 9901 2
6 20142 1
6 16049 1
6 19124 1
6 1720 1
6 4795 2
6 8892 1
6 19133 7
6 703 1
6 16576 1
6 22209 1
6 13507 1
6 1626 7
6 1733 1
6 15558 2
6 16592 2
6 3796 6
6 10453 1
6 20695 1
6 9434 1
6 3803 1
6 10972 1
6 10975 1
6 10467 1
6 17637 2
6 17638 5
6 7400 1
6 10985 1
6 1167 1
6 5357 1
6 5358 1
6 6269 1
6 6900 1
6 12670 1
6 15609 1
6 764 1
6 2814 1
6 15317 1
6 4865 1
6 19715 1
6 4868 1
6 2310 1
6 4364 1
6 20237 1
6 5391 1
6 12049 1
6 17170 1
6 17171 1
6 17172 1
6 2325 1
6 21782 1
6 17688 1
6 19132 1
6 5935 1
6 18209 1
6 20258 1
6 20260 1
6 19238 1
6 5928 1
6 13611 1
6 12076 1
6 7471 1
6 16691 1
6 1844 1
6 13961 1
6 21305 6
6 8511 2
6 1857 1
6 6982 1
6 12625 3
6 4438 1
6 13658 2
6 18267 2
6 1375 1
6 22369 1
6 13666 3
6 19515 1
6 4972 1
6 9069 4
6 8513 1
6 9072 1
6 5489 1
6 7401 2
6 14399 1
6 21373 1
6 1918 2
6 14721 1
6 18818 1
6 16775 1
6 4417 1
6 904 2
6 8585 3
6 7565 1
6 9453 1
6 20882 1
6 21998 1
6 9305 1
6 3991 2
6 11672 1
6 8607 2
6 20384 1
6 15777 1
6 9637 1
6 15273 1
6 15275 1
6 9645 2
6 10162 2
6 4019 1
6 16308 1
6 1561 1
6 13444 1
6 18364 1
6 4030 1
6 7103 1
6 448 1
6 11714 3
6 13255 1
6 1482 1
6 464 1
6 7633 1
6 8660 2
6 11733 2
6 5591 1
6 12760 2
6 8666 1
6 18853 1
6 4568 1
6 10725 1
6 3047 1
6 8683 1
6 2541 1
6 9710 1
6 20465 1
6 18420 1
6 15102 1
6 4087 1
6 4603 1
7 1408 1
7 12673 1
7 12930 1
7 491 1
7 4741 1
7 12288 2
7 3201 1
7 492 1
7 4746 1
7 4235 2
7 4364 1
7 15042 1
7 13677 1
7 17041 2
7 274 1
7 15434 1
7 7664 1
7 3992 1
7 6809 1
7 7019 1
7 13445 1
7 9072 1
7 16774 1
7 9174 1
7 11569 1
7 8568 1
7 21295 1
7 3633 1
7 1074 1
7 18483 1
7 16308 1
7 13238 1
7 18505 1
7 17976 1
7 21305 2
7 698 1
7 8507 1
7 4668 3
7 19133 2
7 4287 1
7 18528 1
7 11714 1
7 11851 1
7 16196 2
7 16197 1
7 76 1
7 1482 1
7 7552 1
7 17484 1
7 12625 1
7 19939 1
7 11604 1
7 18005 1
7 22358 1
7 20695 2
7 12760 1
7 1375 1
7 12512 1
7 20194 3
7 7779 1
7 1895 1
7 14448 2
7 14827 1
7 5356 1
7 2706 1
7 2612 1
7 17648 1
7 6770 1
7 19124 1
7 16374 1
7 13834 1
7 10644 1
7 16508 1
7 7550 1
7 12799 1
8 12288 2
8 515 1
8 7690 1
8 2063 3
8 13331 1
8 18453 1
8 22551 4
8 17435 1
8 11292 1
8 5149 1
8 11817 1
8 3629 1
8 8238 1
8 9269 1
8 2105 1
8 11334 2
8 7755 1
8 22093 1
8 2640 1
8 18005 1
8 12891 1
8 18528 1
8 7777 1
8 8562 1
8 11887 1
8 13937 1
8 1141 1
8 17016 1
8 13951 1
8 21632 1
8 20097 1
8 12930 1
8 16519 1
8 7823 1
8 6801 1
8 3738 1
8 9380 1
8 4263 1
8 10408 1
8 10410 1
8 14509 1
8 3758 1
8 18197 1
8 19126 1
8 15033 1
8 6331 1
8 19133 3
8 4287 1
8 20167 1
8 2761 1
8 13516 1
8 20686 5
8 15567 1
8 10360 2
8 10963 1
8 9422 1
8 13532 1
8 10975 1
8 17121 1
8 7396 1
8 17637 1
8 1256 1
8 22252 1
8 7409 1
8 14583 1
8 248 2
8 22267 1
8 11008 1
8 8449 1
8 2306 1
8 4868 1
8 17163 1
8 4364 1
8 5391 1
8 17170 2
8 13589 1
8 797 1
8 4386 1
8 10972 1
8 19238 1
8 2344 1
8 5929 1
8 17706 1
8 21305 2
8 14148 1
8 13025 1
8 7683 1
8 12625 1
8 9047 1
8 18148 1
8 1167 1
8 22368 1
8 7011 1
8 5988 1
8 13669 1
8 873 2
8 1899 1
8 9069 3
8 13679 2
8 1906 1
8 12663 1
8 19837 1
8 1410 1
8 9093 1
8 16775 1
8 1420 1
8 4494 1
8 7055 1
8 20882 1
8 3991 1
8 1947 1
8 20384 3
8 11684 1
8 13223 1
8 2990 1
8 9142 1
8 1466 1
8 17312 1
8 11714 2
8 18852 2
8 5085 1
8 15850 1
8 16363 1
8 16367 1
8 7664 1
8 15528 1
8 505 1
8 1532 1
9 12288 2
9 8193 1
9 7684 1
9 16902 1
9 7687 1
9 5129 1
9 1547 1
9 22030 1
9 14509 1
9 11771 1
9 22551 1
9 19993 1
9 13851 1
9 17436 1
9 5661 1
9 11294 2
9 15903 4
9 5664 1
9 21537 1
9 8013 1
9 8744 1
9 8747 1
9 11821 1
9 18013 1
9 9777 1
9 14386 2
9 3991 1
9 2105 1
9 9839 1
9 3134 2
9 2113 4
9 20547 1
9 7236 1
9 5703 1
9 15432 2
9 4433 1
9 7010 1
9 10830 2
9 11343 1
9 2640 1
9 21586 1
9 15723 1
9 6741 1
9 9145 1
9 9817 1
9 12891 2
9 8797 1
9 6687 1
9 18016 1
9 12897 1
9 15459 1
9 22374 1
9 12390 2
9 18023 1
9 15976 1
9 8892 2
9 21613 1
9 19133 4
9 14448 1
9 13937 1
9 6771 1
9 11895 1
9 17016 1
9 633 1
9 11887 1
9 16511 1
9 13440 1
9 6787 2
9 19588 1
9 13445 1
9 1163 2
9 8332 1
9 1167 1
9 7829 1
9 21142 1
9 9583 1
9 2416 2
9 16546 1
9 16547 1
9 10408 1
9 5660 1
9 15530 1
9 17067 2
9 9901 1
9 11292 1
9 22557 1
9 12465 1
9 4723 1
9 19124 1
9 8376 1
9 18975 1
9 10428 1
9 3261 1
9 3262 1
9 3446 1
9 14024 2
9 12151 1
9 20686 4
9 4303 2
9 632 1
9 1235 1
9 11995 1
9 13178 1
9 10975 1
9 10464 1
9 6372 1
9 7867 1
9 1768 1
9 20722 1
9 12011 1
9 5358 1
9 7410 2
9 756 1
9 6902 1
9 14583 1
9 14584 1
9 15610 1
9 15614 1
9 8449 1
9 10499 1
9 4868 2
9 773 1
9 19718 2
9 18185 2
9 17162 2
9 16651 1
9 4364 2
9 10542 1
9 17313 1
9 18199 1
9 5400 1
9 6938 1
9 7471 1
9 800 1
9 19172 1
9 17229 1
9 2344 1
9 16775 1
9 6706 1
9 18222 1
9 16175 1
9 18736 1
9 1067 1
9 1408 1
9 17203 1
9 19764 2
9 7477 1
9 999 1
9 21305 1
9 7482 1
9 6459 1
9 5108 1
9 15184 1
9 7392 1
9 4418 1
9 13963 2
9 5448 1
9 17225 1
9 17719 1
9 10573 1
9 4432 1
9 21841 1
9 17234 1
9 22355 1
9 14677 1
9 21848 1
9 21849 1
9 858 1
9 20794 1
9 3421 1
9 22366 1
9 22369 1
9 17762 1
9 868 1
9 19814 1
9 4967 1
9 17163 1
9 18919 2
9 9069 3
9 13679 3
9 10096 1
9 10097 2
9 3954 1
9 7868 1
9 17351 1
9 12663 3
9 7546 1
9 7548 1
9 7550 1
9 15232 1
9 12673 1
9 8579 1
9 15236 2
9 7559 1
9 8585 1
9 395 1
9 834 1
9 910 1
9 20882 1
9 6979 1
9 918 1
9 919 1
9 3992 2
9 8260 1
9 1947 1
9 17312 2
9 14753 1
9 20389 1
9 15273 1
9 12716 1
9 1266 2
9 2990 1
9 7600 1
9 433 1
9 19378 1
9 15801 1
9 1466 5
9 11708 2
9 20384 2
9 11714 2
9 4037 1
9 4038 2
9 13255 3
9 13772 2
9 21224 1
9 9167 2
9 7633 1
9 13778 2
9 12878 1
9 592 1
9 16866 1
9 6651 1
9 7655 1
9 16366 1
9 497 1
9 3058 1
9 14324 1
9 16373 1
9 16888 1
9 505 1
9 8187 1
9 18940 1
10 10754 1
10 19460 2
10 10246 1
10 11180 1
10 7690 3
10 15874 1
10 4624 1
10 15889 1
10 19478 3
10 13316 1
10 5660 1
10 5661 1
10 15903 1
10 7600 1
10 4614 1
10 6065 1
10 14379 1
10 8236 1
10 8749 1
10 10386 1
10 8753 1
10 14386 1
10 7219 1
10 1076 3
10 53 1
10 521 1
10 2105 3
10 11835 1
10 3134 1
10 2113 2
10 22266 1
10 5703 1
10 11851 1
10 76 2
10 13389 3
10 21586 3
10 4691 2
10 10837 1
10 5208 1
10 5210 1
10 17167 1
10 6652 1
10 18528 1
10 10854 2
10 9831 1
10 15548 1
10 622 1
10 11887 2
10 19571 1
10 1141 1
10 10857 1
10 6776 1
10 18045 1
10 5758 1
10 15273 1
10 13445 1
10 646 1
10 18055 1
10 650 1
10 15499 1
10 1167 1
10 20112 1
10 13969 2
10 1170 1
10 18068 1
10 19094 1
10 6809 1
10 19102 1
10 14495 1
10 10407 1
10 17066 1
10 5717 1
10 12673 1
10 12465 1
10 19634 1
10 21692 1
10 21696 1
10 4293 1
10 7457 1
10 13514 1
10 20683 1
10 20686 1
10 9935 1
10 7888 1
10 19668 1
10 18922 1
10 18005 1
10 6363 1
10 4317 2
10 10978 1
10 7397 1
10 4328 1
10 12010 2
10 748 1
10 14677 1
10 6269 1
10 6386 1
10 6901 1
10 14584 3
10 11514 1
10 15102 1
10 14081 1
10 4868 3
10 17671 1
10 20232 1
10 4364 2
10 15119 1
10 7952 1
10 10515 2
10 17172 1
10 16661 2
10 11737 1
10 6937 1
10 2351 1
10 15133 1
10 17185 1
10 8892 2
10 20260 1
10 19238 3
10 12076 1
10 1074 2
10 7983 1
10 17200 1
10 16177 1
10 17203 1
10 1844 1
10 7481 1
10 20794 1
10 7483 1
10 831 1
10 16704 1
10 13963 1
10 6982 1
10 13131 1
10 17228 1
10 4941 1
10 17742 1
10 17231 1
10 12625 1
10 17234 1
10 21845 2
10 9047 1
10 1369 1
10 2394 1
10 11101 1
10 7653 1
10 19808 3
10 22369 1
10 15714 1
10 15717 1
10 4241 1
10 9069 4
10 7540 1
10 7544 1
10 5439 1
10 893 1
10 8062 1
10 19349 1
10 7553 2
10 20971 1
10 5000 1
10 10636 1
10 910 1
10 17807 1
10 4497 1
10 20803 1
10 13204 1
10 917 1
10 3991 1
10 20384 2
10 15266 3
10 11684 1
10 9637 1
10 16807 1
10 15784 2
10 7081 1
10 9644 1
10 2990 2
10 6064 1
10 1969 1
10 19378 1
10 7584 1
10 437 1
10 17851 1
10 11708 1
10 17899 1
10 1839 1
10 75 1
10 4038 1
10 5576 1
10 588 1
10 13772 1
10 9169 1
10 7634 1
10 12110 1
10 18393 1
10 11227 1
10 4061 1
10 1445 1
10 4602 1
10 6651 1
10 10725 1
10 11524 1
10 18919 4
10 15849 1
10 16362 1
10 4075 1
10 5458 1
10 16367 1
10 11760 1
10 497 1
10 13451 1
10 16373 1
10 6646 1
10 18423 1
10 6136 1
10 16890 1
10 8187 1
10 18940 1
10 10069 1
11 12288 1
11 10155 1
11 13316 2
11 7690 1
11 4868 1
11 5660 1
11 5661 1
11 15903 8
11 775 1
11 1074 1
11 1076 1
11 9269 1
11 2105 2
11 13884 2
11 13885 2
11 13887 3
11 19520 1
11 15939 1
11 3652 1
11 18505 1
11 15434 1
11 1099 1
11 11340 1
11 8781 1
11 22096 1
11 18005 1
11 18528 1
11 4194 1
11 3171 1
11 18022 1
11 16998 2
11 22119 1
11 12394 1
11 13937 2
11 6770 1
11 11113 2
11 6265 1
11 21627 1
11 20098 1
11 18055 1
11 18056 1
11 14474 1
11 20620 1
11 4237 1
11 12942 1
11 1167 1
11 3217 1
11 22166 1
11 14492 1
11 12446 1
11 9158 1
11 15528 1
11 10410 1
11 683 1
11 22188 2
11 9901 1
11 20142 1
11 22557 1
11 19124 1
11 9398 1
11 6687 1
11 15548 1
11 19133 2
11 703 1
11 22209 2
11 9924 1
11 4011 1
11 11979 1
11 20686 1
11 719 1
11 7889 1
11 10446 1
11 10975 1
11 7904 1
11 7400 1
11 22252 1
11 10997 1
11 14584 1
11 11514 1
11 7039 1
11 10453 1
11 15618 1
11 4867 1
11 11524 1
11 17671 1
11 19208 1
11 20234 1
11 17163 2
11 4364 2
11 6927 1
11 7952 1
11 797 1
11 5406 2
11 7457 1
11 5412 1
11 18215 1
11 3881 1
11 3975 1
11 3885 1
11 6446 1
11 7471 2
11 10032 1
11 18227 2
11 1844 1
11 17719 1
11 15672 1
11 2873 1
11 3392 1
11 4417 1
11 22340 1
11 13129 2
11 13131 4
11 17229 1
11 3408 2
11 20878 1
11 15190 1
11 21305 2
11 1370 1
11 18267 1
11 19808 1
11 4451 1
11 1380 1
11 8549 1
11 20329 1
11 7018 2
11 9069 3
11 17262 1
11 12151 1
11 12670 1
11 15735 1
11 1408 1
11 14725 1
11 3974 1
11 15751 1
11 1418 1
11 1420 1
11 17293 1
11 11662 1
11 21905 1
11 8085 1
11 12188 1
11 15266 1
11 4276 1
11 20389 2
11 13222 1
11 426 1
11 15275 1
11 9644 1
11 16301 1
11 6065 2
11 20914 1
11 18078 1
11 6075 1
11 19900 4
11 22464 1
11 7618 1
11 19398 1
11 13255 1
11 14285 1
11 7634 1
11 4056 1
11 18911 1
11 15184 1
11 19939 1
11 18406 1
11 18919 1
11 492 1
11 15855 1
11 11760 1
11 18424 1
11 4602 1
11 6652 2
12 12288 3
12 512 1
12 19460 3
12 19461 1
12 19463 1
12 13844 1
12 17424 1
12 19476 1
12 5141 3
12 22557 1
12 15903 7
12 5666 1
12 5934 1
12 2596 1
12 7888 1
12 11815 1
12 8236 1
12 15209 1
12 19504 1
12 8753 1
12 1074 1
12 1076 2
12 17463 1
12 11832 1
12 4276 1
12 10811 1
12 2108 2
12 10813 1
12 13887 4
12 12352 1
12 15939 1
12 11850 1
12 1099 1
12 18510 1
12 22096 1
12 21586 5
12 15971 1
12 3975 1
12 18005 1
12 2745 1
12 2648 1
12 3674 1
12 18528 1
12 19553 1
12 3171 1
12 16998 2
12 15976 1
12 10857 1
12 19050 1
12 14448 1
12 13937 2
12 4723 1
12 11113 2
12 6777 1
12 14970 1
12 4221 1
12 10261 1
12 5760 1
12 8989 1
12 13445 1
12 4231 1
12 14985 2
12 15499 1
12 1164 1
12 656 1
12 13969 2
12 4754 1
12 6937 1
12 1375 1
12 18080 1
12 10401 1
12 1308 1
12 10644 1
12 11439 1
12 16049 1
12 19634 1
12 19124 1
12 4382 1
12 12471 1
12 15033 2
12 5818 1
12 6687 1
12 8892 1
12 19133 2
12 13884 1
12 22209 1
12 14022 1
12 18209 1
12 6858 1
12 2763 1
12 13516 1
12 20686 1
12 1743 1
12 5840 1
12 17108 1
12 633 1
12 22232 1
12 719 1
12 15582 2
12 10975 1
12 720 1
12 18148 1
12 742 1
12 7400 2
12 5927 1
12 19694 3
12 6898 1
12 22262 1
12 15096 2
12 11514 1
12 14081 1
12 6406 1
12 17671 1
12 6409 1
12 17163 2
12 4364 5
12 19725 1
12 19726 1
12 5391 2
12 4884 2
12 18197 1
12 8636 1
12 16772 1
12 15643 1
12 8988 1
12 797 1
12 19742 1
12 5407 1
12 5409 1
12 19718 1
12 16166 1
12 7463 2
12 2344 1
12 3881 1
12 15751 1
12 16803 1
12 11054 1
12 7471 1
12 1844 1
12 10974 1
12 19766 1
12 13961 1
12 21305 1
12 4831 1
12 17290 1
12 22339 1
12 6982 1
12 13129 2
12 1866 1
12 13131 4
12 8014 1
12 12625 1
12 21330 1
12 11604 1
12 14677 1
12 4438 1
12 2105 2
12 7514 1
12 7515 2
12 6149 1
12 2399 1
12 15717 1
12 16273 1
12 5993 1
12 9069 1
12 13682 1
12 8568 1
12 8569 1
12 14714 1
12 11708 2
12 17789 1
12 17790 1
12 1408 1
12 12673 1
12 4484 1
12 1415 1
12 14730 1
12 4491 1
12 4496 1
12 4497 1
12 20803 1
12 11777 1
12 8085 1
12 918 1
12 16366 1
12 7582 1
12 7584 2
12 4003 1
12 15784 1
12 4012 4
12 16301 1
12 12852 5
12 15794 1
12 5619 1
12 15774 1
12 17225 1
12 19900 2
12 22464 1
12 20384 1
12 13763 1
12 4548 1
12 13255 1
12 11723 1
12 9167 2
12 1669 1
12 7633 1
12 13779 1
12 8666 1
12 10206 1
12 21841 2
12 6652 1
12 18975 1
12 494 1
12 15548 2
12 16888 1
12 6137 1
12 8188 1
12 510 1
12 3413 1
13 7684 1
13 7686 1
13 5127 1
13 7690 1
13 523 1
13 16399 1
13 13843 1
13 17428 1
13 5141 1
13 1048 1
13 17435 1
13 18460 1
13 1889 1
13 15903 4
13 10273 1
13 8747 1
13 20014 1
13 1076 1
13 11832 1
13 2105 1
13 1594 1
13 17162 2
13 2113 1
13 12354 1
13 20547 1
13 3652 1
13 5702 1
13 20551 1
13 5704 1
13 19017 1
13 11850 2
13 8779 1
13 591 1
13 11856 1
13 21586 1
13 595 1
13 5207 1
13 3674 1
13 4623 1
13 13404 2
13 18645 1
13 18528 1
13 16194 1
13 13412 1
13 4709 1
13 9831 1
13 15548 1
13 13131 1
13 18540 1
13 21617 1
13 18546 1
13 21619 1
13 633 1
13 20098 1
13 6787 1
13 20100 1
13 20101 1
13 13963 1
13 13763 1
13 6347 1
13 19396 1
13 15216 1
13 13986 1
13 10407 1
13 680 1
13 13994 1
13 22188 1
13 14509 1
13 11952 1
13 18035 1
13 19124 2
13 1718 1
13 8892 2
13 19133 1
13 11787 1
13 800 1
13 2243 1
13 21878 1
13 5318 1
13 8993 1
13 13772 1
13 20343 2
13 13516 1
13 10963 1
13 4309 1
13 18134 1
13 7897 1
13 1754 1
13 10972 2
13 10975 2
13 10977 1
13 10978 1
13 740 1
13 745 1
13 7634 1
13 751 1
13 21232 1
13 6898 1
13 22262 1
13 22266 1
13 18686 1
13 18175 1
13 14379 1
13 4868 1
13 4310 1
13 19721 1
13 22282 1
13 4364 1
13 19725 1
13 12558 1
13 11946 1
13 15632 1
13 10515 1
13 4884 1
13 15128 1
13 13444 1
13 2351 1
13 797 2
13 15648 1
13 4385 2
13 7776 1
13 7463 1
13 7471 1
13 18736 1
13 5942 1
13 17719 1
13 10555 1
13 12604 1
13 17214 1
13 8511 1
13 8513 1
13 4418 1
13 7307 1
13 14049 1
13 17225 1
13 16695 1
13 15184 1
13 3409 1
13 20307 1
13 14677 1
13 9047 1
13 860 1
13 15709 1
13 3935 2
13 22368 1
13 22369 1
13 868 1
13 4967 1
13 5993 1
13 5996 1
13 9069 3
13 11632 1
13 8562 1
13 20851 1
13 3958 1
13 12663 1
13 8568 1
13 13379 1
13 2947 1
13 16772 1
13 7561 1
13 10636 5
13 16269 1
13 12013 1
13 7570 1
13 8771 1
13 6038 1
13 3992 1
13 7582 1
13 10143 1
13 17313 1
13 15266 1
13 15268 1
13 6053 1
13 7081 1
13 20234 1
13 1099 1
13 432 1
13 22229 1
13 13129 2
13 1466 1
13 1979 1
13 11708 4
13 11851 1
13 21956 1
13 17142 1
13 4038 3
13 4209 1
13 18081 1
13 14800 1
13 13778 1
13 578 1
13 4056 1
13 13276 1
13 15610 1
13 10206 1
13 7650 1
13 2555 1
13 10725 1
13 10726 1
13 18920 1
13 20988 1
13 4592 1
13 16882 1
13 18424 1
13 11771 2
13 18940 1
13 18941 1
14 18191 1
14 5635 1
14 19460 2
14 15365 1
14 13835 1
14 13838 1
14 12306 1
14 13331 1
14 9817 1
14 17435 1
14 1370 1
14 11294 1
14 15903 3
14 5664 1
14 8232 1
14 22571 1
14 3629 1
14 14386 2
14 7224 1
14 2106 1
14 13887 1
14 3136 1
14 13889 1
14 12354 1
14 20547 1
14 16966 1
14 22369 1
14 15432 2
14 11850 2
14 1099 1
14 591 1
14 21586 3
14 7764 1
14 7765 1
14 19545 1
14 3674 1
14 5391 1
14 7776 1
14 19555 1
14 13412 1
14 18022 1
14 9831 1
14 10857 4
14 10348 1
14 21618 1
14 12393 1
14 14969 1
14 18042 1
14 18046 1
14 15808 1
14 21634 1
14 18051 1
14 13445 1
14 13961 1
14 13963 1
14 21647 1
14 13969 1
14 13970 1
14 9876 3
14 19094 1
14 13981 1
14 16030 1
14 11104 1
14 13986 3
14 7451 1
14 4294 1
14 5489 1
14 17066 1
14 683 2
14 15532 1
14 11851 1
14 19124 6
14 4278 1
14 10426 1
14 20155 1
14 8892 4
14 19133 1
14 21696 1
14 4293 2
14 15558 1
14 8993 1
14 13514 1
14 719 1
14 13009 1
14 10963 2
14 11992 1
14 11482 1
14 10972 1
14 10975 3
14 14050 1
14 5347 1
14 7397 1
14 7401 1
14 10474 1
14 10535 1
14 22252 1
14 1262 1
14 6897 1
14 17141 2
14 4884 2
14 14584 1
14 3627 1
14 4868 1
14 18181 1
14 17671 1
14 15119 2
14 20099 1
14 21268 1
14 18197 1
14 6938 1
14 2351 1
14 19740 1
14 797 2
14 7019 1
14 20255 1
14 4385 2
14 7463 3
14 1833 3
14 21295 1
14 17200 1
14 8502 2
14 16695 1
14 21305 1
14 12602 2
14 20284 2
14 16702 1
14 16703 1
14 4418 1
14 20803 1
14 3397 1
14 17223 1
14 22345 1
14 1866 1
14 6988 1
14 12625 4
14 5459 1
14 21845 1
14 4438 1
14 2394 1
14 860 1
14 19808 1
14 15713 1
14 2407 1
14 19816 1
14 18919 1
14 9069 8
14 6512 1
14 7537 1
14 3220 1
14 22396 1
14 12670 1
14 15751 2
14 15752 1
14 4496 2
14 7570 1
14 8771 1
14 917 2
14 918 1
14 19398 1
14 18841 1
14 17818 1
14 927 1
14 18955 1
14 18851 1
14 4516 1
14 13222 1
14 15273 1
14 11181 1
14 2990 2
14 7600 1
14 1459 1
14 13755 1
14 22464 1
14 19019 1
14 16837 1
14 4038 2
14 15818 1
14 11723 1
14 13772 1
14 9167 1
14 14800 1
14 7633 2
14 11227 1
14 17142 1
14 2113 4
14 4945 2
14 6652 1
14 12779 1
14 493 1
14 11760 1
14 15548 3
14 5620 1
14 12713 1
14 11771 1
14 8188 1
14 11946 1
14 5118 1
15 12288 2
15 15874 1
15 683 1
15 10246 1
15 7690 1
15 15890 1
15 18965 2
15 19478 1
15 11803 1
15 15903 2
15 4647 1
15 8233 1
15 22571 2
15 16432 1
15 4665 1
15 2113 1
15 20547 1
15 1092 1
15 11850 3
15 588 1
15 590 1
15 21586 2
15 5716 1
15 7765 1
15 1626 1
15 6687 1
15 19553 1
15 18022 1
15 9831 1
15 15976 1
15 7868 1
15 21613 1
15 11887 1
15 20084 1
15 17016 1
15 19900 1
15 6784 1
15 3201 2
15 14469 1
15 7303 1
15 13961 1
15 13963 1
15 15508 1
15 11931 2
15 14495 1
15 17435 1
15 17063 1
15 7851 1
15 9901 1
15 5717 2
15 14792 1
15 19124 1
15 12471 1
15 2747 1
15 8892 1
15 19133 2
15 4303 1
15 7460 1
15 10978 1
15 10469 1
15 7401 1
15 12010 1
15 5929 1
15 17149 1
15 1280 1
15 8449 1
15 4867 1
15 4868 1
15 17671 1
15 17163 2
15 4364 1
15 15119 2
15 17168 1
15 17681 1
15 4884 1
15 18197 1
15 1304 1
15 7471 1
15 18212 1
15 1833 1
15 17706 1
15 6791 1
15 18222 1
15 2351 1
15 1844 2
15 20794 1
15 3392 2
15 8513 1
15 20803 1
15 22340 1
15 22346 1
15 8013 2
15 12625 1
15 21845 1
15 9047 1
15 2394 1
15 15199 1
15 2401 1
15 7010 1
15 19816 1
15 5994 1
15 9069 4
15 6511 1
15 15730 1
15 8568 1
15 16774 1
15 15751 1
15 9098 1
15 20882 1
15 16276 1
15 13141 2
15 12183 1
15 17312 2
15 9121 1
15 11684 2
15 5034 1
15 16301 2
15 1459 1
15 7607 1
15 1976 1
15 9887 1
15 11708 1
15 16831 1
15 11714 1
15 7397 1
15 20424 1
15 15820 1
15 17229 1
15 4571 1
15 10725 1
15 10726 1
15 11858 1
15 14837 1
15 8184 1
15 4601 1
15 4602 1
15 15359 1
15 13821 1
15 14677 3
16 13440 1
16 19133 2
16 15874 1
16 13444 1
16 13445 1
16 18185 1
16 7783 1
16 4364 2
16 17293 1
16 19598 1
16 3197 1
16 22032 1
16 18197 1
16 15903 1
16 800 1
16 17975 1
16 1578 2
16 14509 1
16 18222 1
16 4302 1
16 16435 1
16 12852 1
16 10679 1
16 21305 2
16 2747 1
16 12878 1
16 3261 1
16 6982 1
16 7777 1
16 6924 1
16 11850 1
16 19147 1
16 15438 2
16 9167 1
16 721 1
16 19668 1
16 18005 1
16 14038 1
16 22232 1
16 17790 1
16 13532 1
16 13885 1
16 10975 1
16 7265 1
16 18917 1
16 16998 1
16 19943 1
16 7400 1
16 11113 1
16 17899 1
16 492 1
16 3311 1
16 11760 1
16 6770 1
16 19124 1
16 21620 2
16 1909 1
16 505 1
16 10410 1
16 12670 1
17 8705 1
17 8706 1
17 19460 1
17 16901 1
17 19464 1
17 12460 1
17 13834 1
17 22032 2
17 4115 1
17 19478 1
17 22044 1
17 1576 1
17 1578 1
17 12089 1
17 8238 1
17 22024 2
17 12852 1
17 4361 1
17 12345 1
17 13885 1
17 9791 1
17 7236 2
17 12360 1
17 8778 1
17 13388 1
17 13389 1
17 12878 1
17 15439 1
17 12880 2
17 15441 1
17 21586 4
17 6741 1
17 18529 1
17 9315 1
17 2661 2
17 21606 1
17 20585 1
17 17632 1
17 13937 1
17 6773 1
17 6776 1
17 14969 1
17 22464 1
17 2179 1
17 19588 1
17 18568 1
17 14985 2
17 4235 1
17 19098 1
17 1696 1
17 17066 1
17 683 1
17 22188 2
17 5806 1
17 7345 1
17 19124 1
17 3629 1
17 22198 2
17 22200 1
17 15033 1
17 8892 2
17 19133 2
17 9924 1
17 1733 1
17 13516 1
17 9422 1
17 14033 2
17 12501 1
17 11999 1
17 7392 1
17 13026 1
17 10467 1
17 6372 1
17 8421 1
17 721 1
17 8425 1
17 15400 1
17 20722 1
17 3520 1
17 15096 1
17 21841 2
17 18686 1
17 14592 2
17 4868 5
17 2310 1
17 18185 1
17 4364 1
17 19726 1
17 5391 1
17 18051 1
17 18197 2
17 20100 1
17 1818 1
17 4382 1
17 18208 1
17 6945 1
17 18210 1
17 20774 1
17 1844 1
17 8502 1
17 16695 1
17 16696 1
17 21305 2
17 5435 1
17 906 1
17 10464 1
17 15170 1
17 835 1
17 12625 1
17 5433 2
17 1369 1
17 15709 1
17 1375 1
17 22369 2
17 16430 1
17 364 1
17 13682 1
17 12151 1
17 5498 1
17 3963 1
17 14716 1
17 12670 1
17 8575 1
17 12673 1
17 1922 2
17 15754 1
17 3979 1
17 8079 1
17 22245 1
17 917 1
17 1947 1
17 15774 1
17 20384 2
17 13730 1
17 4276 1
17 3497 1
17 1452 1
17 13229 1
17 7095 1
17 16825 1
17 19900 1
17 15434 1
17 21950 1
17 6080 1
17 11714 2
17 7635 1
17 590 2
17 11737 1
17 10205 1
17 10206 2
17 6651 1
17 3047 1
17 10731 1
17 1009 1
17 3058 1
17 5623 1
17 16888 2
17 4654 1
17 15530 1
17 18005 1
18 12288 3
18 22551 3
18 10264 1
18 10265 1
18 4122 1
18 18460 2
18 22557 1
18 20519 1
18 8236 1
18 10287 1
18 6193 1
18 68 1
18 14407 1
18 18505 1
18 8270 1
18 18528 4
18 18529 1
18 20155 2
18 12390 1
18 2154 1
18 18540 1
18 14448 1
18 20593 1
18 18553 1
18 16508 1
18 10372 1
18 14469 1
18 18568 1
18 14475 1
18 8332 1
18 12446 1
18 6309 1
18 4263 2
18 20168 3
18 10428 1
18 2239 1
18 12481 1
18 2243 1
18 16588 1
18 20686 1
18 16592 1
18 20690 2
18 4235 1
18 10453 1
18 4315 1
18 8412 1
18 10464 12
18 2273 1
18 10467 6
18 4329 2
18 14574 1
18 20722 2
18 18686 2
18 14593 1
18 2309 1
18 4364 1
18 10510 2
18 14618 1
18 8479 2
18 290 1
18 2344 1
18 16092 2
18 15751 1
18 8502 1
18 9268 1
18 20794 1
18 6489 1
18 8512 1
18 9271 1
18 17122 1
18 12625 1
18 4438 1
18 4441 1
18 2394 1
18 4454 1
18 2407 2
18 6506 1
18 6511 2
18 8568 1
18 14721 1
18 4484 1
18 12678 1
18 16775 1
18 8590 1
18 14743 1
18 18851 1
18 14761 1
18 2475 1
18 16817 1
18 8626 1
18 8627 1
18 4540 2
18 8062 1
18 17484 1
18 12746 2
18 16844 1
18 18904 1
18 12768 1
18 10723 1
18 8679 2
18 8683 1
18 4589 1
18 497 2
18 16888 4
18 505 1
18 20987 1
18 4611 1
18 16902 1
18 4615 1
18 18955 3
18 1454 1
18 8726 1
18 539 1
18 12830 1
18 6687 1
18 8742 1
18 14895 1
18 8753 1
18 6770 1
18 6713 1
18 573 1
18 3127 1
18 585 4
18 6925 1
18 10833 1
18 8797 1
18 12897 1
18 16998 1
18 8636 1
18 622 1
18 2674 1
18 632 1
18 14969 1
18 21119 1
18 17030 1
18 6791 1
18 6809 1
18 13316 1
18 683 1
18 684 2
18 797 1
18 19124 1
18 8892 1
18 19133 11
18 6862 1
18 17106 1
18 13012 1
18 10972 2
18 13026 2
18 21268 1
18 742 1
18 1833 2
18 15096 1
18 2812 1
18 13053 1
18 11007 1
18 4868 5
18 17163 2
18 11021 1
18 15119 7
18 17172 1
18 5934 1
18 13078 1
18 8989 2
18 19238 1
18 818 1
18 19254 1
18 21305 9
18 15499 2
18 21318 1
18 17225 1
18 15184 1
18 13148 1
18 15199 1
18 14139 1
18 11110 1
18 7313 1
18 15209 2
18 15210 1
18 4971 1
18 9069 6
18 9072 1
18 13174 1
18 15508 1
18 897 1
18 909 1
18 15253 1
18 9122 2
18 15784 1
18 15268 1
18 9141 1
18 21321 1
18 21433 1
18 13252 2
18 13255 3
18 21452 1
18 9170 1
18 8449 1
18 999 1
18 7160 1
18 3065 1
18 19460 1
18 17435 1
18 19494 1
18 9261 1
18 1074 1
18 1076 2
18 17463 1
18 19514 2
18 7690 2
18 14176 1
18 7236 2
18 7237 1
18 15432 1
18 13388 3
18 21586 5
18 11348 1
18 5208 1
18 19550 1
18 19553 1
18 19555 2
18 13412 2
18 19557 1
18 19559 1
18 5993 1
18 13435 1
18 3201 2
18 13444 1
18 13445 1
18 17544 1
18 13451 1
18 1164 1
18 3217 1
18 5268 2
18 1174 1
18 19607 1
18 19610 1
18 3227 1
18 13477 1
18 13478 1
18 15534 1
18 11439 1
18 1206 1
18 21696 1
18 7370 1
18 12151 2
18 3278 1
18 11471 2
18 9424 1
18 9425 2
18 11477 1
18 11482 1
18 9442 1
18 7397 1
18 7401 1
18 11509 1
18 4884 1
18 17664 1
18 3339 3
18 5391 1
18 17681 1
18 5399 1
18 3369 1
18 7471 2
18 15666 1
18 16608 1
18 17740 1
18 9550 1
18 3408 2
18 21841 1
18 11603 1
18 3413 1
18 3419 1
18 15709 1
18 13663 1
18 5475 1
18 9582 1
18 9583 1
18 5490 1
18 11635 1
18 7540 2
18 21878 1
18 7550 1
18 7559 1
18 17801 1
18 7570 2
18 11672 1
18 13723 1
18 7582 1
18 1439 1
18 7584 1
18 11684 6
18 7592 1
18 3498 1
18 9644 1
18 19886 1
18 1466 2
18 3515 1
18 11708 1
18 15808 1
18 11714 1
18 13763 1
18 1270 1
18 5577 1
18 15819 2
18 15266 1
18 7633 1
18 7634 1
18 9687 1
18 7640 1
18 3545 2
18 3552 1
18 7660 2
18 13817 1
18 15874 1
18 15877 1
18 7687 4
18 1545 1
18 13834 1
18 13839 1
18 22032 1
18 13844 1
18 13847 1
18 13849 1
18 11806 1
18 3620 1
18 3621 1
18 11815 1
18 11817 1
18 3627 1
18 13876 1
18 11832 1
18 3641 2
18 3643 3
18 11855 1
18 15952 3
18 22097 1
18 18005 1
18 11870 1
18 7780 1
18 7782 4
18 22119 1
18 15976 1
18 7785 1
18 15979 1
18 15981 1
18 18030 1
18 13937 3
18 7794 1
18 7797 2
18 7799 1
18 22136 1
18 15997 1
18 5764 1
18 13969 2
18 3731 1
18 16020 1
18 1689 1
18 18086 1
18 13992 1
18 22186 1
18 22188 1
18 9901 2
18 5806 1
18 22198 2
18 1719 1
18 18104 1
18 5818 1
18 7867 1
18 18108 1
18 9919 1
18 9924 2
18 20167 2
18 7880 1
18 18133 1
18 7897 2
18 5852 1
18 22245 2
18 18154 1
18 12013 2
18 22262 1
18 14081 1
18 14085 1
18 20232 1
18 20234 2
18 18208 1
18 18209 1
18 5927 1
18 5929 1
18 21127 1
18 22316 1
18 20269 1
18 18222 1
18 5935 1
18 5936 1
18 1844 1
18 10043 1
18 22339 1
18 22340 1
18 16197 2
18 8013 1
18 18267 1
18 22368 4
18 22371 1
18 20329 1
18 5994 1
18 8043 3
18 20332 1
18 18287 1
18 8053 1
18 20343 1
18 1918 1
18 8064 1
18 6464 1
18 20384 4
18 20389 1
18 22442 2
18 16301 2
18 16304 1
18 14324 2
18 22464 2
18 20418 3
18 20420 1
18 4037 1
18 10186 1
18 14286 1
18 4058 1
18 4061 1
18 10206 2
18 16367 1
18 8180 1
18 10237 1
18 10238 1
19 19456 1
19 8705 1
19 5435 1
19 19460 1
19 22024 1
19 7690 2
19 855 1
19 16998 2
19 13838 1
19 18773 1
19 22032 4
19 5208 1
19 19726 1
19 20499 1
19 13846 1
19 22551 1
19 10264 1
19 13316 1
19 22368 1
19 22044 3
19 7400 1
19 6686 1
19 6687 1
19 1568 1
19 1712 1
19 20519 2
19 15400 1
19 11817 1
19 12481 1
19 1580 2
19 11821 1
19 9262 1
19 10799 2
19 9777 1
19 16434 2
19 7486 1
19 10292 1
19 12341 2
19 12342 1
19 568 1
19 3641 1
19 3134 1
19 9791 1
19 1089 1
19 578 1
19 1092 1
19 20550 1
19 15432 2
19 75 1
19 76 1
19 77 1
19 12878 2
19 2127 1
19 10832 1
19 10833 1
19 21586 4
19 7779 1
19 596 1
19 18005 4
19 10328 1
19 9305 1
19 8797 1
19 11870 1
19 21605 1
19 19555 1
19 8804 1
19 2661 1
19 18022 1
19 9831 1
19 9832 1
19 7785 1
19 13418 1
19 2663 1
19 18540 1
19 18029 1
19 10350 1
19 14448 3
19 15976 1
19 6770 1
19 9331 2
19 13428 1
19 22133 1
19 6262 1
19 6776 1
19 6777 1
19 19583 1
19 5760 1
19 6080 1
19 6787 1
19 19478 1
19 6791 1
19 14985 1
19 1163 3
19 8332 2
19 4011 1
19 15981 1
19 21136 1
19 3217 1
19 10386 1
19 16835 1
19 9876 1
19 14998 1
19 22041 1
19 6809 1
19 16030 1
19 18080 1
19 14497 1
19 20642 1
19 9892 1
19 5797 1
19 4263 1
19 16554 1
19 22188 1
19 14509 1
19 20971 1
19 17608 1
19 15987 2
19 19124 2
19 6331 1
19 22198 2
19 9093 1
19 19828 1
19 15035 1
19 3260 1
19 19133 5
19 4981 1
19 20673 1
19 6338 1
19 11979 1
19 1733 1
19 20168 3
19 11724 1
19 22119 1
19 16592 1
19 16817 1
19 10963 1
19 3796 1
19 20695 1
19 11992 1
19 9945 1
19 4826 1
19 13841 1
19 10972 1
19 7903 1
19 10464 1
19 13026 1
19 10467 4
19 7397 1
19 9959 1
19 22248 1
19 17642 1
19 22252 1
19 20721 1
19 20722 7
19 3315 1
19 8745 1
19 12536 1
19 15609 1
19 16511 1
19 9901 1
19 18686 1
19 14592 1
19 7937 1
19 14595 1
19 4868 4
19 2309 1
19 20234 1
19 11531 1
19 4364 1
19 10510 1
19 15119 1
19 7952 1
19 17681 1
19 8579 1
19 4884 1
19 16430 1
19 21782 1
19 7988 1
19 18200 1
19 8988 1
19 8989 1
19 4382 1
19 6943 1
19 7968 1
19 6945 1
19 6946 1
19 1069 1
19 18212 2
19 11045 1
19 19238 1
19 16679 1
19 1834 1
19 12076 1
19 1074 1
19 7471 1
19 1844 3
19 8502 1
19 17719 1
19 14136 1
19 21305 4
19 19258 1
19 10555 3
19 11068 1
19 19774 1
19 16437 1
19 18240 1
19 13963 1
19 5445 1
19 6982 1
19 1351 1
19 329 2
19 22327 1
19 10820 1
19 5969 1
19 9047 1
19 4494 1
19 9558 1
19 10553 1
19 8421 1
19 18779 1
19 1375 1
19 7520 1
19 22369 2
19 1823 1
19 12091 1
19 11110 1
19 7752 1
19 15209 1
19 4602 1
19 3948 1
19 9069 9
19 3953 1
19 16242 1
19 9875 1
19 7540 1
19 15271 1
19 20854 1
19 12151 1
19 8568 1
19 9645 1
19 14714 1
19 11708 1
19 7039 1
19 8064 1
19 12673 1
19 7043 1
19 15749 1
19 17801 1
19 15754 1
19 3991 1
19 15184 2
19 909 1
19 910 1
19 7055 1
19 912 1
19 10644 1
19 14743 2
19 7748 1
19 13723 1
19 21405 1
19 16782 1
19 20384 1
19 13730 1
19 4276 1
19 13223 2
19 8107 1
19 16301 1
19 432 1
19 12360 1
19 3731 1
19 2999 1
19 7608 1
19 16827 1
19 8636 1
19 492 1
19 8638 1
19 13301 1
19 22464 2
19 15809 1
19 13763 1
19 3203 1
19 10694 1
19 13255 1
19 7112 1
19 8268 1
19 21781 1
19 18104 3
19 15820 5
19 22478 1
19 3408 1
19 9169 1
19 13778 1
19 7483 1
19 8666 2
19 9691 1
19 21980 1
19 10205 1
19 13278 1
19 17376 1
19 13793 1
19 11771 2
19 8683 1
19 4483 1
19 15855 1
19 13296 1
19 16373 1
19 16213 1
19 18424 1
19 4601 2
19 16890 1
19 16891 1
19 7676 1
19 14677 2
20 7041 1
20 12289 1
20 16904 1
20 11273 1
20 7690 1
20 16301 1
20 12770 1
20 17429 1
20 9817 1
20 1560 1
20 12825 1
20 17435 1
20 13854 1
20 18975 1
20 16425 1
20 7728 1
20 8243 1
20 1076 1
20 17973 1
20 7735 1
20 13887 2
20 20547 1
20 1604 1
20 11851 1
20 13388 1
20 13389 2
20 15438 1
20 595 1
20 9816 1
20 9305 1
20 19035 1
20 8797 1
20 7780 1
20 16998 1
20 529 1
20 13418 1
20 19133 1
20 19571 1
20 1140 1
20 633 1
20 5246 1
20 18049 1
20 18051 1
20 6791 1
20 18056 1
20 13451 1
20 19599 1
20 13763 1
20 13979 1
20 751 1
20 16030 1
20 16547 1
20 22220 1
20 10407 2
20 10410 1
20 14509 1
20 19124 1
20 16568 1
20 13428 1
20 22205 1
20 13833 1
20 19145 1
20 13516 1
20 1236 1
20 6361 1
20 10975 1
20 10464 1
20 21733 1
20 745 1
20 6895 1
20 246 1
20 15096 1
20 3796 1
20 22266 1
20 18686 1
20 18688 1
20 10499 1
20 1798 1
20 17671 1
20 18185 1
20 4364 1
20 17168 1
20 17681 1
20 6787 1
20 16661 1
20 21782 2
20 1304 1
20 15642 1
20 17691 1
20 1308 1
20 20766 1
20 2344 1
20 5929 1
20 7303 1
20 7471 2
20 16435 1
20 1844 2
20 21305 1
20 8512 1
20 834 1
20 6982 1
20 15329 1
20 17229 1
20 15184 2
20 12625 2
20 11603 1
20 15190 1
20 5433 1
20 2394 1
20 8421 2
20 1895 1
20 7650 1
20 4981 1
20 16175 1
20 15751 1
20 3991 3
20 21906 1
20 10644 1
20 919 1
20 408 1
20 13723 2
20 4000 1
20 18853 1
20 12717 1
20 5489 1
20 5554 1
20 11714 1
20 4547 1
20 10539 1
20 4555 1
20 15820 2
20 9167 1
20 3536 1
20 9687 1
20 6443 1
20 10205 1
20 6622 1
20 1957 1
20 21473 1
20 14306 1
20 13649 1
20 16366 1
20 16367 1
20 3060 1
20 7670 1
20 17066 1
21 12288 1
21 7684 3
21 9223 1
21 4617 1
21 13844 1
21 22551 3
21 10264 1
21 19460 1
21 10269 1
21 15903 1
21 12325 2
21 6695 1
21 12329 1
21 1067 1
21 14387 1
21 5129 1
21 13884 1
21 13888 1
21 12870 2
21 7752 1
21 76 1
21 77 1
21 592 1
21 21586 3
21 17494 1
21 5207 2
21 2648 1
21 15717 1
21 16998 2
21 18022 2
21 7785 1
21 6771 1
21 13947 1
21 5246 1
21 18051 1
21 13445 1
21 646 1
21 18056 1
21 13451 1
21 15500 1
21 8899 1
21 3221 1
21 9380 2
21 17062 1
21 4263 1
21 10408 1
21 20649 2
21 10410 1
21 22188 1
21 5806 1
21 19126 1
21 11449 3
21 8892 1
21 19133 1
21 2239 1
21 12481 1
21 2243 1
21 16588 1
21 10975 1
21 7392 1
21 1266 1
21 6901 1
21 248 1
21 16121 1
21 14081 1
21 18185 2
21 13073 1
21 4884 1
21 281 1
21 1308 1
21 14469 1
21 521 1
21 4901 1
21 16177 1
21 15666 1
21 19764 1
21 1844 2
21 4421 1
21 17230 1
21 3408 1
21 21305 1
21 21817 1
21 3935 1
21 2914 2
21 3941 1
21 15218 3
21 7546 1
21 15227 2
21 18818 1
21 16772 1
21 9095 1
21 13723 1
21 7069 3
21 17312 4
21 18341 1
21 12198 1
21 21419 1
21 5554 1
21 11709 1
21 20384 1
21 11714 1
21 13255 1
21 15817 1
21 3064 1
21 9691 1
21 10206 1
21 17063 1
21 10834 1
21 4598 1
21 5623 5
21 15864 1
21 11771 1
22 12804 1
22 9232 1
22 3603 1
22 19478 1
22 19460 1
22 11293 1
22 6695 1
22 8236 1
22 13357 1
22 16432 1
22 8753 1
22 1076 1
22 17163 1
22 3652 1
22 15432 1
22 7755 1
22 13389 1
22 4178 1
22 18528 1
22 16998 1
22 2834 1
22 12407 1
22 6265 1
22 4218 1
22 5764 1
22 14469 1
22 19599 1
22 3217 3
22 19102 1
22 11436 1
22 19124 1
22 19126 1
22 8892 1
22 19133 1
22 7880 1
22 20686 1
22 633 1
22 5337 1
22 15582 2
22 10978 1
22 15227 1
22 6375 3
22 7400 1
22 22252 1
22 14583 1
22 19712 1
22 12549 1
22 3339 1
22 7952 1
22 19730 1
22 18197 1
22 16662 1
22 13445 1
22 4886 1
22 1844 1
22 21305 1
22 20285 1
22 13129 2
22 17227 1
22 19277 1
22 3919 1
22 12625 2
22 4438 1
22 9069 1
22 13682 1
22 8568 1
22 1915 1
22 8062 1
22 17791 1
22 16774 1
22 15751 1
22 10644 1
22 20384 1
22 19279 1
22 11181 1
22 15791 1
22 7601 1
22 4019 1
22 15797 1
22 11714 1
22 4555 1
22 22491 1
22 11760 3
22 14324 1
22 16374 1
22 5623 1
22 8184 1
22 6652 1
23 12288 1
23 6146 1
23 19460 2
23 16902 1
23 14081 1
23 13832 1
23 9 2
23 9227 1
23 17424 2
23 8576 1
23 3603 13
23 17070 1
23 22551 1
23 11292 2
23 15903 1
23 4647 1
23 40 4
23 22571 1
23 1068 1
23 8749 1
23 16904 1
23 4019 3
23 3636 1
23 12341 1
23 11832 1
23 4665 1
23 13884 2
23 13885 1
23 13493 1
23 12352 1
23 13889 2
23 3650 2
23 3652 1
23 15432 1
23 11850 1
23 11851 2
23 588 6
23 21586 4
23 7771 1
23 18528 1
23 10337 1
23 13412 2
23 9687 1
23 4199 1
23 7897 1
23 15207 1
23 14495 2
23 14448 2
23 13937 3
23 6770 1
23 12307 1
23 10358 1
23 12407 4
23 14969 1
23 3197 1
23 15486 1
23 3201 1
23 12931 3
23 13444 1
23 4886 20
23 705 1
23 6281 1
23 10605 1
23 13969 1
23 8041 3
23 3220 3
23 3353 1
23 11461 2
23 17569 1
23 9122 1
23 4774 1
23 11431 2
23 11434 2
23 683 1
23 11438 1
23 13357 1
23 16049 4
23 19124 1
23 1717 1
23 16054 2
23 2745 1
23 3770 1
23 11295 1
23 8892 7
23 19133 8
23 7361 1
23 10436 1
23 4293 2
23 11463 1
23 13514 1
23 20686 1
23 11471 2
23 16592 1
23 14033 1
23 5332 2
23 3285 1
23 17785 1
23 20227 1
23 5337 2
23 13532 1
23 10975 1
23 10976 2
23 14049 1
23 3963 2
23 8421 1
23 6375 10
23 5353 1
23 5356 1
23 7122 1
23 20723 2
23 20724 1
23 5246 1
23 2003 1
23 17688 1
23 17151 1
23 1280 1
23 9600 4
23 10499 1
23 12549 2
23 8236 1
23 20234 2
23 3339 1
23 4364 3
23 20237 1
23 5391 1
23 17170 1
23 276 1
23 16662 1
23 2327 2
23 21784 3
23 19737 3
23 2332 1
23 4894 6
23 13445 1
23 18209 2
23 19238 2
23 7303 1
23 18222 1
23 11569 2
23 21305 7
23 14047 1
23 1076 1
23 8512 1
23 15584 1
23 20384 1
23 17225 1
23 7565 1
23 21841 1
23 19939 1
23 4441 1
23 18780 1
23 7397 1
23 22368 1
23 15205 1
23 3217 2
23 5993 2
23 7399 2
23 5996 1
23 9069 1
23 18016 2
23 15218 1
23 12151 1
23 14713 1
23 15227 5
23 4989 1
23 1918 2
23 1408 1
23 10219 3
23 16961 2
23 15752 1
23 16781 1
23 4496 3
23 4497 2
23 10375 1
23 7578 1
23 4509 2
23 7584 4
23 6561 1
23 15266 8
23 18921 1
23 15273 5
23 18862 1
23 7600 1
23 16307 1
23 6075 1
23 9152 1
23 16833 1
23 13763 1
23 502 1
23 9121 1
23 1997 2
23 10190 1
23 16848 1
23 7634 1
23 16803 1
23 9684 2
23 5591 1
23 12760 1
23 11737 1
23 22491 5
23 10206 1
23 18911 1
23 11771 1
23 14798 1
23 4073 1
23 12779 2
23 16366 1
23 15855 1
23 11760 7
23 20468 1
23 4086 1
23 5623 2
23 18424 1
23 6410 1
23 6651 1
23 6652 5
23 15869 2
24 19460 3
24 3603 1
24 13316 1
24 11292 1
24 4647 1
24 1068 1
24 15418 1
24 13885 1
24 13887 1
24 13889 2
24 15434 1
24 6231 1
24 602 1
24 13937 3
24 20598 1
24 12407 1
24 12931 1
24 13445 1
24 22209 1
24 7819 1
24 3217 1
24 14488 1
24 6809 2
24 19142 1
24 21788 1
24 683 1
24 11436 1
24 11438 1
24 4276 1
24 19133 6
24 705 1
24 21702 1
24 4295 1
24 17608 1
24 11471 1
24 721 1
24 11992 1
24 6375 3
24 2957 1
24 19694 1
24 1280 1
24 12549 1
24 14088 1
24 17163 2
24 4364 2
24 20237 1
24 4886 3
24 2332 1
24 5927 1
24 5929 4
24 11569 1
24 21305 4
24 8512 1
24 4418 1
24 17225 1
24 3919 1
24 15184 2
24 12625 1
24 4438 1
24 13969 1
24 9069 1
24 4073 1
24 14713 1
24 14714 1
24 1923 1
24 901 1
24 4493 1
24 15855 1
24 14753 1
24 15266 1
24 7592 1
24 15273 1
24 19900 1
24 10190 1
24 16848 1
24 7633 1
24 7122 1
24 22491 1
24 11771 2
24 12265 1
24 20972 1
24 7663 1
24 11760 1
24 6132 1
24 4601 1
24 6651 1
24 6652 1
