1 4364 2
1 8079 1
1 15760 1
1 18577 1
1 14743 1
1 8636 1
1 8476 1
1 22557 1
1 20638 1
1 9887 1
1 6816 1
1 11641 1
1 21276 1
1 22442 1
1 1707 1
1 3629 1
1 6702 1
1 12345 1
1 17225 1
1 21305 2
1 7483 1
1 18108 1
1 19133 2
1 6976 1
1 8513 1
1 11846 1
1 15432 1
1 8649 1
1 5713 1
1 21586 1
1 16851 1
1 9046 1
1 13113 1
1 15225 1
1 8797 1
1 18528 1
1 7400 1
1 10857 1
1 6951 1
1 9069 3
1 21613 1
1 19056 1
1 15473 1
1 1140 1
1 15350 1
1 17016 1
1 6521 1
1 19900 1
1 5629 1
2 15616 1
2 12461 1
2 4867 1
2 8726 1
2 22551 1
2 10777 1
2 7258 1
2 9247 1
2 20519 1
2 5673 1
2 555 1
2 6702 1
2 7218 1
2 12341 2
2 1590 1
2 22071 1
2 1080 1
2 1092 1
2 11334 1
2 4364 1
2 11851 1
2 588 2
2 13398 3
2 602 1
2 11870 1
2 14437 1
2 7782 1
2 9832 1
2 3182 2
2 14448 1
2 13425 1
2 5246 1
2 1152 1
2 1155 1
2 12481 1
2 1160 1
2 56 1
2 16035 1
2 9380 1
2 5804 1
2 14509 1
2 20155 3
2 8892 1
2 19133 1
2 703 2
2 14016 1
2 1217 1
2 13507 1
2 20168 1
2 17612 1
2 10963 1
2 10453 1
2 6358 1
2 19162 1
2 13532 1
2 4834 1
2 1063 1
2 748 1
2 20210 1
2 15486 1
2 248 2
2 18046 1
2 10197 1
2 14592 1
2 8449 2
2 15618 1
2 22571 1
2 20236 1
2 2322 1
2 21782 4
2 2839 2
2 2841 6
2 11555 1
2 15751 1
2 2348 1
2 2351 1
2 17202 1
2 21305 1
2 11723 1
2 4417 1
2 9543 1
2 10571 1
2 3408 1
2 15185 1
2 16213 1
2 15190 3
2 2873 1
2 3421 1
2 15199 1
2 22368 1
2 4583 1
2 364 1
2 5491 1
2 16775 2
2 6380 1
2 21905 1
2 15774 1
2 20384 1
2 15266 1
2 3493 1
2 15273 1
2 22442 3
2 432 1
2 22475 1
2 15820 1
2 9167 2
2 20216 1
2 7637 1
2 5796 1
2 2523 1
2 2524 1
2 6565 1
2 6651 1
2 12775 1
2 8683 1
2 7149 1
2 15857 1
2 10227 1
2 16373 1
2 11771 1
2 14846 1
2 14677 1
3 15874 1
3 515 2
3 19460 1
3 16902 2
3 1544 1
3 9645 1
3 22032 2
3 15893 2
3 19478 1
3 13849 1
3 7201 1
3 1571 1
3 3621 1
3 22571 1
3 9772 1
3 12333 1
3 564 1
3 7217 1
3 11827 1
3 12852 2
3 22581 1
3 12342 1
3 57 1
3 13884 1
3 13885 1
3 13887 1
3 10453 1
3 11843 2
3 1604 1
3 18505 1
3 588 2
3 21586 1
3 1895 1
3 7764 1
3 18005 2
3 13398 1
3 87 1
3 9816 1
3 11870 1
3 18529 1
3 13418 1
3 10859 1
3 15981 1
3 11887 1
3 14448 2
3 13937 1
3 4723 1
3 13428 2
3 1141 1
3 7287 1
3 18557 1
3 20607 1
3 22464 1
3 12930 7
3 13445 1
3 16833 1
3 1160 1
3 6283 1
3 13452 1
3 7823 1
3 2704 1
3 17041 1
3 2243 1
3 19398 1
3 22188 2
3 20148 1
3 13969 1
3 17012 1
3 4795 2
3 10428 1
3 19133 4
3 15042 1
3 13507 2
3 16586 1
3 17015 1
3 13516 1
3 5838 1
3 719 1
3 7888 1
3 9425 1
3 20690 1
3 10963 1
3 18645 1
3 20695 2
3 9432 1
3 10972 1
3 10973 1
3 13022 1
3 7903 1
3 8617 4
3 7397 1
3 14033 1
3 4328 1
3 19183 1
3 8950 6
3 17657 1
3 8954 2
3 14037 1
3 1280 1
3 8449 1
3 4868 1
3 2310 1
3 20234 2
3 267 1
3 4364 1
3 5391 1
3 2322 1
3 4884 2
3 18222 1
3 16662 1
3 2327 1
3 7455 1
3 4385 1
3 11042 2
3 19238 1
3 16775 2
3 1838 1
3 21295 3
3 11570 2
3 11059 1
3 8502 2
3 21305 2
3 12602 1
3 8508 1
3 12341 1
3 6976 7
3 13451 1
3 2375 2
3 328 1
3 21842 1
3 11662 1
3 5465 1
3 6490 2
3 18267 3
3 860 1
3 14686 1
3 22369 1
3 5988 2
3 3217 2
3 13161 1
3 5994 2
3 9069 4
3 9072 1
3 21874 1
3 19124 2
3 21364 1
3 12151 2
3 8255 1
3 17788 1
3 7658 1
3 1415 2
3 15752 1
3 4493 1
3 20366 1
3 4496 2
3 917 2
3 14744 1
3 1092 2
3 17818 1
3 14748 2
3 7578 1
3 7582 1
3 8607 1
3 7584 1
3 9122 1
3 1447 1
3 4599 1
3 15273 1
3 1452 1
3 1453 1
3 13749 1
3 6075 1
3 16831 2
3 1984 1
3 20384 1
3 13252 2
3 7110 1
3 17863 1
3 13388 1
3 1482 1
3 11723 1
3 15266 1
3 13778 2
3 7637 1
3 7638 1
3 3321 1
3 5593 2
3 16348 1
3 6622 1
3 22181 1
3 13793 1
3 18406 1
3 19943 1
3 15338 1
3 19367 1
3 22354 1
3 1518 1
3 16367 2
3 11760 2
3 5623 1
3 6651 1
3 6652 1
4 12288 1
4 8064 1
4 19883 1
4 19460 1
4 11273 2
4 17932 1
4 7938 1
4 9645 1
4 17424 1
4 9816 2
4 19478 1
4 9755 1
4 11293 1
4 12319 1
4 16416 1
4 3419 1
4 3621 1
4 13866 1
4 15404 1
4 7895 1
4 7432 2
4 16434 1
4 3636 1
4 22071 1
4 57 1
4 20234 1
4 13887 1
4 8257 1
4 3650 1
4 15939 1
4 1092 1
4 21066 1
4 588 2
4 3661 1
4 12878 2
4 21586 2
4 15971 1
4 13398 3
4 2648 1
4 15119 1
4 21499 1
4 20384 2
4 8636 1
4 7164 1
4 9839 1
4 21617 1
4 1141 2
4 4579 2
4 7799 1
4 12852 1
4 13759 1
4 3197 1
4 21781 1
4 18049 1
4 18052 1
4 13445 1
4 6790 1
4 15495 1
4 4746 1
4 19595 1
4 3217 3
4 13970 1
4 2755 1
4 19093 1
4 4574 1
4 8815 1
4 5795 1
4 22181 1
4 4779 1
4 11436 1
4 9901 1
4 19401 1
4 3258 1
4 3259 1
4 8892 1
4 19133 5
4 12320 1
4 2243 1
4 12151 1
4 13516 1
4 5069 2
4 14546 1
4 19155 1
4 10452 1
4 10453 2
4 20695 1
4 4831 1
4 18144 1
4 7905 1
4 10978 1
4 3812 1
4 17637 1
4 4326 2
4 5351 1
4 7400 1
4 15593 2
4 8427 1
4 14060 1
4 753 1
4 20723 1
4 1918 1
4 7663 1
4 1786 1
4 19583 1
4 8449 1
4 8450 1
4 4868 2
4 19717 1
4 19208 1
4 8236 1
4 2314 1
4 267 1
4 4364 2
4 19726 1
4 5391 1
4 17168 1
4 19732 1
4 19733 1
4 5400 1
4 22297 1
4 19411 1
4 7455 1
4 5419 1
4 7471 1
4 15666 1
4 17203 1
4 6622 1
4 21305 5
4 15676 1
4 20285 2
4 10976 1
4 15849 1
4 18759 1
4 4433 1
4 19939 1
4 14677 2
4 4438 1
4 343 1
4 11059 1
4 2394 1
4 18267 1
4 860 1
4 22368 2
4 1378 1
4 21861 1
4 19814 1
4 360 1
4 20284 1
4 15723 2
4 9069 2
4 11120 1
4 10097 1
4 1906 1
4 12663 1
4 11156 1
4 4986 1
4 4989 1
4 11134 1
4 9600 1
4 6355 1
4 16775 1
4 22082 1
4 7055 1
4 11152 1
4 20882 1
4 10644 2
4 10646 1
4 14743 1
4 13723 1
4 7584 1
4 15856 1
4 15266 2
4 15268 1
4 4011 1
4 1453 1
4 9953 2
4 18865 1
4 7604 1
4 15800 2
4 1979 1
4 18876 1
4 16831 1
4 22464 1
4 8641 1
4 16374 1
4 7110 1
4 13388 2
4 1482 1
4 11723 1
4 15820 2
4 14285 1
4 14798 2
4 13389 1
4 14800 1
4 7635 1
4 7637 1
4 11737 1
4 10718 1
4 13819 1
4 7145 1
4 8683 1
4 16367 1
4 11760 1
4 4593 1
4 11762 2
4 500 1
4 1013 1
4 7670 4
4 11771 2
4 6652 2
5 12288 1
5 13316 1
5 19464 1
5 4110 1
5 11792 1
5 529 1
5 16915 1
5 15893 1
5 22551 1
5 19460 2
5 539 1
5 4955 1
5 11301 1
5 22571 1
5 3629 1
5 4654 1
5 14385 1
5 1076 1
5 12341 1
5 5182 3
5 3649 1
5 12354 1
5 3652 3
5 15432 2
5 22601 1
5 9802 1
5 15435 2
5 21068 1
5 592 1
5 21586 1
5 6329 1
5 9817 1
5 3417 3
5 18528 1
5 5988 1
5 13930 1
5 10859 1
5 274 1
5 10862 1
5 19056 1
5 9841 1
5 1141 1
5 17017 1
5 19582 1
5 1152 1
5 17539 2
5 19589 2
5 6790 1
5 6791 1
5 19595 1
5 21613 1
5 14020 1
5 673 1
5 4263 2
5 8988 1
5 11434 1
5 683 1
5 14509 2
5 19124 1
5 11449 1
5 20255 2
5 3260 1
5 19133 3
5 13504 1
5 10436 1
5 15794 1
5 14545 1
5 6355 1
5 11479 1
5 10447 1
5 1758 1
5 17637 1
5 10449 1
5 7400 1
5 8940 1
5 15600 1
5 10963 1
5 11902 2
5 13937 1
5 18174 1
5 1280 1
5 13952 1
5 2306 1
5 4364 1
5 5391 1
5 2834 1
5 12051 1
5 4886 1
5 796 3
5 18207 1
5 18208 1
5 7457 1
5 15651 1
5 19238 1
5 5929 1
5 7471 1
5 16691 1
5 12602 1
5 12604 1
5 4417 1
5 22339 1
5 7498 1
5 3408 1
5 12625 1
5 15192 3
5 21849 1
5 4954 1
5 18267 1
5 22364 1
5 5986 1
5 356 1
5 360 1
5 5994 1
5 364 1
5 9069 2
5 20914 1
5 1906 1
5 5498 1
5 19837 1
5 14725 1
5 16775 1
5 21388 1
5 6979 1
5 10644 1
5 14743 1
5 17818 1
5 20389 1
5 22024 1
5 11471 1
5 15791 1
5 7600 1
5 7090 1
5 20927 1
5 9152 1
5 11714 1
5 13763 1
5 1988 1
5 11723 2
5 17359 1
5 17360 1
5 7637 1
5 17366 1
5 21976 1
5 5593 1
5 18911 1
5 21473 1
5 8779 1
5 21499 1
5 18406 1
5 21841 1
5 15338 1
5 22508 1
5 16366 1
5 7664 1
5 16373 1
5 6136 1
5 13819 1
5 12799 1
6 12288 2
6 8705 1
6 515 1
6 19460 3
6 16901 1
6 8013 1
6 7687 1
6 10499 1
6 19478 1
6 12823 1
6 12825 3
6 17435 1
6 13316 1
6 6687 1
6 4128 1
6 2596 1
6 9255 1
6 1069 1
6 8238 2
6 7537 1
6 7217 1
6 14386 1
6 18483 1
6 1076 1
6 8765 1
6 3652 1
6 1607 1
6 15432 1
6 4684 1
6 21586 1
6 15971 1
6 87 1
6 90 1
6 11870 1
6 18528 1
6 18529 1
6 7779 1
6 13412 1
6 18022 1
6 14448 3
6 1141 1
6 7287 1
6 17016 1
6 14969 1
6 20602 1
6 13435 1
6 12930 2
6 13445 2
6 4746 1
6 13963 1
6 7823 1
6 17041 3
6 2706 2
6 2243 1
6 17046 1
6 13849 1
6 11931 1
6 16030 1
6 9887 1
6 16544 1
6 5232 1
6 19619 1
6 10337 1
6 10920 1
6 17067 1
6 16047 1
6 19124 1
6 11449 1
6 4795 2
6 10428 1
6 19133 3
6 15042 1
6 11723 1
6 20168 1
6 4303 1
6 7888 1
6 14033 1
6 1748 1
6 20695 4
6 2271 1
6 12512 1
6 4837 1
6 21224 1
6 6380 1
6 12018 1
6 13255 1
6 15096 1
6 673 1
6 17148 1
6 18174 1
6 8449 1
6 19715 1
6 17163 1
6 4364 2
6 11394 1
6 15119 1
6 16430 2
6 281 2
6 797 1
6 5921 1
6 4899 1
6 5936 1
6 15666 1
6 1844 1
6 10206 1
6 310 1
6 21305 3
6 20794 1
6 10975 1
6 20284 1
6 7904 1
6 16195 1
6 19782 1
6 17737 1
6 6989 1
6 3408 1
6 12625 2
6 4438 1
6 655 1
6 3421 2
6 22368 1
6 16226 1
6 8041 1
6 9069 3
6 13681 1
6 22551 2
6 5499 1
6 14725 1
6 16775 1
6 7831 1
6 20882 1
6 7069 1
6 20384 1
6 4002 2
6 4003 2
6 12716 1
6 9645 1
6 1460 1
6 3629 1
6 15819 1
6 4031 1
6 4000 1
6 11714 1
6 11719 1
6 503 1
6 9676 1
6 9167 1
6 11729 1
6 18393 1
6 5085 1
6 15838 1
6 13793 1
6 15338 1
6 8683 1
6 8685 1
6 15856 1
6 13809 1
6 3060 1
6 5623 1
6 6651 1
6 15869 1
6 13822 1
6 12799 1
7 12288 1
7 9733 1
7 11787 1
7 4110 1
7 4111 1
7 22032 1
7 14509 1
7 13331 1
7 13334 1
7 17435 1
7 13854 1
7 18975 1
7 14369 1
7 11298 1
7 12325 1
7 2600 1
7 3629 1
7 3636 1
7 4668 1
7 5182 1
7 12354 1
7 20554 1
7 587 1
7 21586 2
7 83 1
7 3162 1
7 7780 1
7 2661 1
7 21606 1
7 9832 1
7 15980 1
7 21613 1
7 22133 1
7 17014 1
7 17016 1
7 15210 1
7 5760 1
7 1160 1
7 14473 1
7 17041 3
7 4754 1
7 19098 1
7 13979 1
7 16030 1
7 10407 1
7 10410 1
7 20653 1
7 3758 1
7 3258 1
7 19133 3
7 21182 1
7 14016 1
7 12481 1
7 2243 1
7 20167 1
7 14028 1
7 13516 3
7 15566 1
7 10963 1
7 7380 1
7 17125 1
7 746 1
7 7782 1
7 21750 1
7 21751 1
7 3796 1
7 14081 1
7 4867 2
7 20234 1
7 16661 1
7 796 1
7 17200 1
7 293 1
7 16176 1
7 15666 1
7 7475 1
7 1844 1
7 21305 2
7 10558 1
7 831 1
7 10560 1
7 4417 1
7 15170 1
7 16212 1
7 2873 1
7 3417 1
7 18267 1
7 7516 1
7 17761 1
7 15717 1
7 5994 1
7 9069 5
7 21871 1
7 8562 1
7 15222 1
7 12663 1
7 12153 1
7 16775 2
7 10127 1
7 9105 2
7 15763 1
7 19348 1
7 13727 1
7 20384 1
7 15266 1
7 16539 1
7 10679 1
7 22262 1
7 3532 1
7 14306 1
7 3055 2
7 15856 1
7 9201 1
7 16888 1
8 13316 1
8 12815 1
8 19478 1
8 17943 2
8 5144 1
8 19460 1
8 1062 1
8 20519 1
8 17451 1
8 8236 1
8 4653 1
8 16430 1
8 7215 1
8 9777 1
8 14387 1
8 12852 1
8 22071 1
8 1080 1
8 4668 1
8 20547 2
8 3652 1
8 633 1
8 4364 2
8 1099 1
8 13388 1
8 13901 1
8 20560 1
8 2129 1
8 21586 1
8 10837 1
8 15119 2
8 13404 1
8 18528 1
8 15971 1
8 21097 1
8 3182 1
8 13423 1
8 14448 1
8 13425 1
8 1138 1
8 1141 4
8 7287 1
8 6777 1
8 11904 2
8 17019 1
8 20604 1
8 3197 1
8 21781 1
8 1152 1
8 12930 2
8 5251 1
8 13444 1
8 21782 4
8 15494 1
8 7823 1
8 20112 1
8 19093 1
8 14488 1
8 18116 1
8 22339 1
8 10397 1
8 12446 1
8 17569 1
8 20642 1
8 13475 1
8 17066 1
8 22188 1
8 19124 2
8 18633 1
8 4795 1
8 18108 1
8 19133 6
8 3265 1
8 15042 1
8 18628 1
8 2761 2
8 22220 1
8 1744 1
8 20690 1
8 3796 1
8 6265 1
8 15579 2
8 7903 1
8 21968 1
8 10978 1
8 10469 1
8 2279 1
8 6695 1
8 5873 1
8 5875 1
8 8449 2
8 16683 2
8 4868 1
8 7433 1
8 17163 1
8 11020 1
8 7438 1
8 3629 2
8 4884 1
8 18197 1
8 19734 1
8 7455 1
8 8892 1
8 19238 1
8 5929 1
8 11563 1
8 1844 1
8 14645 1
8 3894 1
8 21305 5
8 6976 1
8 20803 1
8 846 1
8 6982 1
8 18766 1
8 847 1
8 3408 1
8 21841 1
8 15952 1
8 4441 2
8 18267 1
8 22369 1
8 2918 2
8 8679 1
8 9069 1
8 21364 1
8 12663 3
8 10644 1
8 17788 1
8 3627 1
8 12162 1
8 16773 1
8 16775 1
8 15754 1
8 17292 1
8 11662 1
8 12691 1
8 13516 2
8 12694 1
8 3991 1
8 11332 1
8 10142 1
8 20384 3
8 15266 1
8 4520 2
8 22442 1
8 11181 1
8 435 1
8 8636 2
8 11714 1
8 13255 1
8 8268 1
8 14754 1
8 9167 1
8 14288 1
8 7637 1
8 5591 1
8 13793 1
8 12625 3
8 15442 1
8 16367 1
8 15856 1
8 11762 1
8 16374 1
8 5623 2
8 15864 1
8 11771 4
8 13822 1
9 4610 1
9 19460 1
9 18952 1
9 19373 1
9 3088 4
9 4115 1
9 13846 1
9 7600 1
9 13858 1
9 4650 1
9 13357 1
9 6702 1
9 7216 1
9 9265 1
9 4146 2
9 7219 2
9 12852 1
9 1590 2
9 7223 1
9 7519 1
9 8260 1
9 19553 1
9 16301 2
9 2634 1
9 13389 1
9 10837 1
9 13398 3
9 7777 1
9 9817 1
9 603 1
9 17424 1
9 15971 2
9 22252 1
9 15548 1
9 4719 1
9 1650 1
9 21107 1
9 1140 1
9 1141 1
9 21627 1
9 18046 1
9 13951 1
9 22464 2
9 5764 1
9 13445 1
9 7303 1
9 1160 1
9 4235 1
9 18797 1
9 17041 1
9 12441 1
9 6511 2
9 13981 1
9 2416 1
9 13475 1
9 13477 1
9 17576 1
9 14088 2
9 19124 4
9 13493 1
9 18108 1
9 19133 3
9 15038 1
9 2243 1
9 20168 2
9 22220 1
9 20686 1
9 1744 1
9 20690 1
9 12501 2
9 20695 3
9 7897 1
9 15624 1
9 4831 1
9 13537 4
9 748 1
9 15601 1
9 12018 1
9 14583 1
9 3321 1
9 18174 1
9 5375 1
9 14592 1
9 8449 1
9 15199 1
9 2309 1
9 1798 1
9 11015 1
9 7432 1
9 19725 1
9 3629 1
9 16430 1
9 4381 1
9 7729 1
9 2348 1
9 7218 1
9 2351 1
9 7477 1
9 19258 1
9 4414 1
9 8513 1
9 14475 1
9 12625 1
9 14677 1
9 13144 1
9 18267 2
9 7517 1
9 1375 1
9 15713 1
9 7010 1
9 8035 1
9 5994 1
9 3435 1
9 9069 1
9 14703 1
9 9072 1
9 3958 1
9 16252 1
9 3973 1
9 15752 1
9 18156 1
9 10636 1
9 11662 1
9 17295 1
9 22418 4
9 3991 2
9 3652 1
9 4507 2
9 4508 2
9 4509 1
9 15774 1
9 15777 1
9 15266 3
9 9637 1
9 15274 1
9 11181 1
9 14493 1
9 18352 1
9 4019 2
9 7092 1
9 15800 1
9 1465 2
9 8638 1
9 4032 3
9 7109 1
9 15817 1
9 15818 1
9 15820 4
9 9167 3
9 4053 1
9 4573 1
9 9695 1
9 14306 1
9 20452 1
9 15849 1
9 7147 1
9 7664 1
9 13813 2
9 22442 1
9 5717 1
10 12288 1
10 4611 1
10 16901 1
10 6 1
10 11275 5
10 22030 1
10 16911 1
10 17424 3
10 16947 1
10 4115 1
10 13401 1
10 12823 1
10 10264 2
10 12825 3
10 4122 1
10 17435 1
10 10780 1
10 13658 1
10 13854 3
10 20000 1
10 14369 2
10 11298 5
10 9255 1
10 22572 1
10 3629 2
10 9264 1
10 9265 2
10 1074 1
10 7219 1
10 1076 1
10 12341 1
10 16951 1
10 13880 1
10 13881 1
10 3130 1
10 9277 1
10 5935 1
10 12354 1
10 7236 1
10 15528 1
10 19553 1
10 587 4
10 15948 2
10 21586 1
10 13398 2
10 87 1
10 9305 1
10 20059 3
10 3088 1
10 19556 1
10 8805 1
10 18022 1
10 18023 1
10 9832 1
10 15465 1
10 22119 1
10 21613 2
10 13779 1
10 22205 1
10 21617 1
10 1140 1
10 19900 1
10 14973 1
10 5246 1
10 13952 1
10 4032 2
10 10859 1
10 5764 1
10 10262 1
10 6791 1
10 13451 1
10 20625 2
10 448 1
10 4247 1
10 6809 1
10 19610 1
10 14493 1
10 12446 1
10 19619 1
10 14500 1
10 5797 1
10 13479 1
10 17576 1
10 17577 1
10 22188 1
10 17754 1
10 11449 1
10 15548 1
10 19133 3
10 6848 1
10 3992 1
10 13508 1
10 10679 1
10 20168 3
10 15820 1
10 13516 2
10 718 2
10 15567 1
10 7888 1
10 20690 1
10 10963 1
10 7380 1
10 12501 1
10 20695 3
10 1047 1
10 9434 1
10 10972 1
10 10974 1
10 4831 2
10 18144 1
10 13937 1
10 18154 1
10 9170 1
10 6898 1
10 7635 1
10 10484 1
10 14583 1
10 16120 2
10 10452 2
10 16634 1
10 18174 1
10 17154 1
10 14088 1
10 11020 1
10 15119 2
10 17484 1
10 10515 1
10 15128 1
10 8636 1
10 14621 1
10 7455 1
10 11040 1
10 10530 1
10 4387 1
10 10535 1
10 1833 1
10 7471 1
10 2355 1
10 1844 1
10 21305 1
10 10975 1
10 4417 1
10 16197 1
10 13129 2
10 9831 1
10 4432 1
10 21841 1
10 6483 1
10 7865 1
10 4438 2
10 2394 1
10 18267 1
10 15199 1
10 3936 1
10 7313 1
10 15210 1
10 9069 2
10 14703 1
10 6516 1
10 13174 1
10 1917 1
10 7039 2
10 7552 1
10 18364 1
10 15754 1
10 9105 2
10 22418 1
10 2451 1
10 917 1
10 408 1
10 4506 1
10 4507 1
10 4509 1
10 15774 2
10 15777 2
10 13730 1
10 18853 1
10 13809 1
10 22442 1
10 15275 1
10 16301 1
10 16302 3
10 18865 1
10 4019 1
10 16030 1
10 7095 1
10 11708 1
10 9662 1
10 22463 1
10 22464 4
10 14786 1
10 7109 1
10 15817 1
10 11723 1
10 9676 1
10 15266 1
10 14290 1
10 13475 1
10 4572 1
10 10206 1
10 14306 3
10 20451 1
10 12625 3
10 15338 2
10 4263 1
10 493 1
10 4081 1
10 16882 1
10 16588 1
10 3577 1
10 11771 1
10 6652 1
10 13822 1
11 512 1
11 12288 1
11 7683 1
11 7684 1
11 7687 2
11 7180 1
11 13837 1
11 17424 1
11 19478 1
11 12823 1
11 12825 2
11 15903 1
11 16430 4
11 9777 1
11 17162 1
11 19519 1
11 8769 2
11 12360 3
11 15948 1
11 13389 1
11 18005 1
11 90 1
11 22032 2
11 7780 1
11 16998 1
11 19050 1
11 622 1
11 2676 1
11 22133 1
11 14969 1
11 5246 2
11 2179 1
11 19588 1
11 13445 2
11 15496 1
11 10890 1
11 22551 1
11 7823 1
11 3221 2
11 19993 1
11 13679 2
11 671 1
11 673 1
11 19619 1
11 10408 1
11 8988 1
11 22188 2
11 12465 1
11 11444 2
11 11449 1
11 13516 2
11 20686 4
11 15567 1
11 14545 1
11 15566 1
11 20695 1
11 13532 1
11 21733 1
11 721 2
11 5867 1
11 22252 1
11 7410 1
11 248 2
11 20234 1
11 4364 4
11 10510 1
11 8238 1
11 281 1
11 19740 1
11 8989 1
11 4899 1
11 1829 1
11 7463 1
11 19248 1
11 10555 2
11 831 1
11 6464 1
11 16193 1
11 22339 1
11 12103 1
11 13129 1
11 5450 4
11 12625 3
11 2394 1
11 1167 1
11 15709 1
11 1886 1
11 1887 1
11 7527 1
11 873 2
11 6511 1
11 11632 1
11 2314 1
11 1918 1
11 7039 1
11 7041 2
11 12162 1
11 8401 1
11 3991 1
11 910 1
11 14743 1
11 7069 1
11 20384 2
11 18851 1
11 19364 1
11 7081 1
11 9644 1
11 8264 1
11 8627 1
11 1465 1
11 17339 1
11 19900 3
11 15808 1
11 17312 2
11 11714 2
11 19401 1
11 13772 1
11 20429 1
11 9167 1
11 9684 1
11 7637 1
11 6622 1
11 13793 1
11 18921 1
11 16363 1
11 3055 1
11 15856 1
11 18420 1
11 6651 2
11 6652 1
11 6741 1
12 7041 1
12 11853 1
12 10499 1
12 4868 1
12 2949 1
12 8988 1
12 4364 1
12 909 2
12 910 1
12 5993 1
12 17168 2
12 13969 1
12 7683 1
12 10644 1
12 917 2
12 19478 1
12 3991 1
12 10264 1
12 3484 1
12 8989 1
12 4382 2
12 17312 1
12 13089 1
12 15522 1
12 8892 1
12 1188 1
12 13763 1
12 5623 1
12 3881 1
12 10985 1
12 16430 1
12 7471 2
12 12791 1
12 16049 1
12 19634 1
12 2745 1
12 5818 1
12 10555 1
12 12604 1
12 8765 1
12 19134 1
12 21621 1
12 6848 1
12 19424 1
12 12663 1
12 22339 1
12 13279 1
12 16586 1
12 20343 1
12 19149 1
12 20686 1
12 10300 1
12 19537 1
12 15907 1
12 15808 1
12 21845 1
12 11792 1
12 18852 1
12 911 1
12 10407 1
12 14522 1
12 10206 1
12 1375 1
12 7776 1
12 7952 1
12 16998 1
12 7400 1
12 19900 1
12 4263 1
12 9069 1
12 18736 1
12 7537 1
12 22258 1
12 14324 1
12 1141 1
12 4599 1
12 4602 1
12 8187 1
12 18686 1
12 18005 1
13 12288 1
13 7680 1
13 11779 1
13 12805 1
13 9227 1
13 12717 1
13 5142 1
13 1047 1
13 10264 1
13 12825 2
13 5149 1
13 6686 1
13 15903 1
13 22057 1
13 15402 1
13 22571 1
13 8236 1
13 16430 1
13 3636 1
13 12343 1
13 11832 1
13 8250 1
13 4668 1
13 13887 1
13 22368 1
13 12354 1
13 18955 1
13 1604 1
13 16966 1
13 15432 1
13 588 2
13 17485 1
13 8782 1
13 591 1
13 592 1
13 15442 1
13 15971 2
13 6235 1
13 18014 1
13 12897 1
13 7778 1
13 10851 1
13 20585 1
13 21102 1
13 6770 1
13 21609 1
13 14970 1
13 18562 2
13 18051 1
13 13449 1
13 14475 1
13 5997 1
13 3217 1
13 17042 1
13 5272 1
13 14489 1
13 21152 1
13 3415 1
13 9892 3
13 7110 1
13 4263 1
13 10410 1
13 683 1
13 15534 1
13 8989 1
13 7345 1
13 17075 1
13 19124 2
13 698 3
13 6331 1
13 3260 1
13 19133 1
13 20168 2
13 14028 2
13 11979 2
13 13516 2
13 20686 1
13 4303 1
13 9424 1
13 14036 1
13 14038 1
13 4314 1
13 11995 1
13 15580 1
13 5498 1
13 5840 1
13 8935 1
13 4331 1
13 9458 1
13 3796 3
13 15610 1
13 2943 1
13 15102 1
13 771 3
13 2310 2
13 1921 1
13 4364 4
13 19725 1
13 17681 1
13 15128 1
13 8988 1
13 9434 1
13 20256 2
13 11555 1
13 3878 1
13 3882 1
13 3885 2
13 21295 2
13 16177 1
13 8502 2
13 1076 1
13 8262 1
13 8515 1
13 19782 1
13 17737 2
13 8013 1
13 3408 1
13 12625 2
13 19939 1
13 14677 3
13 4438 1
13 21305 1
13 10072 1
13 18267 2
13 7516 1
13 11104 1
13 22369 1
13 5993 1
13 9069 3
13 20343 1
13 1922 1
13 8569 1
13 12666 1
13 1918 1
13 8063 1
13 1408 1
13 12673 1
13 14210 1
13 1412 1
13 14725 2
13 1415 1
13 7563 1
13 16449 1
13 18818 1
13 4496 3
13 20882 1
13 15579 1
13 3991 1
13 16367 1
13 1950 1
13 17312 1
13 7664 1
13 419 1
13 10148 1
13 11334 1
13 1446 1
13 15273 1
13 15275 1
13 16301 1
13 18862 1
13 5552 1
13 4507 1
13 14324 1
13 1466 1
13 1979 1
13 11714 1
13 7380 1
13 502 1
13 1990 1
13 9733 1
13 11729 2
13 8611 2
13 12878 1
13 12760 1
13 4602 1
13 10206 1
13 11771 1
13 18406 1
13 21841 1
13 15338 1
13 15339 1
13 494 1
13 3055 6
13 15856 1
13 15190 1
13 16374 1
13 14327 1
13 20474 1
13 6143 1
13 18773 1
14 12288 1
14 12929 1
14 15874 1
14 19555 1
14 13445 1
14 1415 1
14 14088 1
14 2571 1
14 4364 1
14 20155 1
14 12942 1
14 11664 1
14 13969 1
14 2835 1
14 8980 1
14 5934 1
14 12505 1
14 11672 1
14 12825 2
14 15869 1
14 15903 1
14 11931 1
14 11684 3
14 4005 1
14 19238 1
14 22188 1
14 16430 2
14 19784 1
14 14037 1
14 17715 1
14 1076 1
14 6943 1
14 21686 1
14 19785 1
14 21688 1
14 2745 1
14 11835 1
14 19900 1
14 6773 1
14 13888 1
14 14028 1
14 20420 1
14 7110 1
14 20167 2
14 15432 1
14 17737 1
14 13516 3
14 17485 1
14 467 1
14 8013 1
14 19515 1
14 21586 1
14 21587 1
14 7380 1
14 3259 1
14 8024 1
14 857 1
14 7516 1
14 10206 1
14 15199 1
14 10464 2
14 4834 1
14 13027 1
14 7780 1
14 7867 1
14 5331 1
14 7400 2
14 8892 1
14 17770 1
14 9069 1
14 12910 1
14 3055 3
14 16882 1
14 10963 1
14 11380 1
14 19445 1
14 17656 1
14 6265 1
14 831 1
14 6269 1
14 6687 1
14 20607 1
15 13316 2
15 7686 1
15 1544 1
15 11275 1
15 22030 1
15 17424 1
15 10264 1
15 12825 1
15 22557 1
15 11810 1
15 5667 1
15 19718 1
15 3629 1
15 16430 2
15 7729 1
15 7219 1
15 1076 1
15 11832 1
15 6715 1
15 4670 1
15 1089 1
15 12354 1
15 7777 1
15 12360 1
15 13389 2
15 17490 1
15 7765 1
15 9305 1
15 22108 1
15 19553 1
15 19555 1
15 13412 1
15 16998 2
15 3175 1
15 19048 1
15 22464 3
15 13421 1
15 12910 3
15 12911 1
15 21104 1
15 13937 1
15 1650 1
15 15987 1
15 22133 1
15 6265 1
15 13951 1
15 1664 1
15 12929 2
15 18051 1
15 18569 1
15 9069 1
15 13969 1
15 19607 1
15 10436 1
15 13979 1
15 14492 1
15 11428 1
15 21617 1
15 15528 1
15 17577 1
15 1706 1
15 12317 1
15 21107 1
15 15384 1
15 12471 1
15 22200 1
15 700 1
15 19133 1
15 14016 1
15 2244 1
15 10510 1
15 20168 1
15 6857 1
15 16586 1
15 14028 1
15 13858 1
15 4818 1
15 3796 1
15 22232 2
15 9434 1
15 10464 1
15 21733 1
15 10985 1
15 8938 1
15 748 1
15 7408 2
15 12018 1
15 15603 1
15 12020 1
15 16120 1
15 7380 1
15 16682 1
15 18686 1
15 4868 4
15 1798 1
15 14088 2
15 20234 2
15 3339 1
15 4364 1
15 17165 1
15 6414 1
15 18222 1
15 16662 1
15 8988 1
15 4382 2
15 9777 1
15 17706 1
15 21696 1
15 5934 1
15 5935 1
15 13961 1
15 21305 1
15 12604 1
15 831 1
15 15172 1
15 18759 1
15 22346 1
15 19787 1
15 3408 1
15 12625 1
15 21845 1
15 15190 1
15 2394 2
15 22368 1
15 7010 1
15 8035 1
15 22418 2
15 8568 1
15 7035 1
15 12670 1
15 16449 1
15 15754 1
15 3991 1
15 909 1
15 20882 1
15 917 1
15 6038 1
15 14743 1
15 4509 2
15 15774 1
15 12192 1
15 11684 1
15 12199 1
15 15274 1
15 15275 2
15 12716 1
15 1976 1
15 11708 2
15 4032 1
15 15809 1
15 4037 1
15 12744 1
15 11724 1
15 9167 2
15 7892 1
15 11737 1
15 10205 1
15 10206 2
15 14306 2
15 17892 1
15 4263 1
15 3055 2
15 4776 1
15 15102 1
15 5623 1
15 7673 1
15 6651 1
15 18005 1
16 12288 2
16 8705 1
16 19460 1
16 16901 1
16 16902 1
16 9644 1
16 855 1
16 13837 1
16 22030 1
16 22032 4
16 22551 1
16 10265 1
16 6687 1
16 15402 1
16 8238 1
16 1074 1
16 1076 2
16 13887 1
16 7752 1
16 17484 1
16 12878 2
16 21586 1
16 18005 3
16 7777 1
16 7780 1
16 16998 2
16 21613 1
16 6770 2
16 632 1
16 3197 1
16 6786 2
16 13445 2
16 14985 1
16 12823 1
16 1167 1
16 12825 2
16 4263 1
16 4776 1
16 10410 1
16 22188 1
16 19058 1
16 17072 1
16 22200 1
16 6331 1
16 2243 1
16 20168 1
16 12663 1
16 13516 1
16 11471 1
16 7380 1
16 20695 2
16 9432 1
16 13532 1
16 7904 1
16 740 1
16 8421 1
16 2278 1
16 7400 1
16 6377 1
16 747 1
16 2798 1
16 7408 1
16 7410 2
16 6901 1
16 7680 1
16 1786 1
16 1578 3
16 14081 1
16 4868 2
16 2310 1
16 18185 2
16 20234 1
16 4364 2
16 5391 1
16 17168 1
16 17170 1
16 16430 2
16 3353 1
16 8989 1
16 15237 1
16 16166 2
16 21212 1
16 12588 1
16 16434 1
16 5934 1
16 1844 1
16 6622 1
16 2873 1
16 3393 1
16 15170 1
16 17227 1
16 8013 1
16 18767 1
16 12625 1
16 19285 1
16 4438 1
16 5433 1
16 7515 1
16 15709 1
16 22368 1
16 5996 1
16 17265 1
16 4138 1
16 10615 1
16 14713 1
16 6014 1
16 2949 1
16 3975 2
16 3991 1
16 4509 1
16 15774 2
16 18222 1
16 4005 1
16 11180 1
16 9458 1
16 9139 1
16 1466 1
16 22469 1
16 588 1
16 11723 1
16 9167 1
16 7120 1
16 13778 1
16 9171 1
16 10206 1
16 6651 1
16 8167 1
16 490 1
16 10407 1
16 492 1
16 15864 1
16 20475 1
16 4604 1
16 21845 1
17 1922 1
17 19460 1
17 18185 2
17 13963 1
17 4364 2
17 9090 1
17 13838 1
17 14509 1
17 4884 1
17 12053 1
17 21782 1
17 3991 1
17 7684 1
17 4891 1
17 16543 1
17 4000 1
17 13723 1
17 19364 1
17 6982 1
17 4263 1
17 16936 1
17 11564 1
17 8749 1
17 2351 1
17 16434 1
17 1844 1
17 3629 1
17 12670 1
17 500 1
17 11708 1
17 492 1
17 16431 1
17 13887 3
17 718 1
17 6786 1
17 11180 1
17 17163 1
17 13508 1
17 7110 1
17 15432 1
17 17260 1
17 12746 1
17 13389 1
17 15438 1
17 6285 1
17 20689 1
17 11858 1
17 595 1
17 18005 2
17 9046 1
17 697 1
17 15119 1
17 9171 1
17 21727 1
17 8421 1
17 16998 1
17 7399 1
17 13418 2
17 10407 1
17 7148 1
17 9069 1
17 15982 1
17 16367 1
17 15987 1
17 13428 4
17 6773 1
17 22551 1
17 505 1
17 17790 1
17 22229 1
18 12288 2
18 15874 1
18 19460 1
18 16901 1
18 7686 1
18 4617 1
18 22032 1
18 1048 1
18 22557 1
18 14369 1
18 16931 1
18 12325 3
18 12329 1
18 8753 1
18 1076 1
18 22581 1
18 10299 1
18 13884 3
18 588 3
18 21586 1
18 84 1
18 7765 1
18 87 1
18 7778 1
18 620 1
18 13428 1
18 10360 1
18 10365 1
18 6787 1
18 19588 1
18 1669 1
18 13961 2
18 15512 1
18 14495 1
18 16544 1
18 16546 1
18 20649 2
18 17067 1
18 19133 1
18 14028 1
18 13516 1
18 4818 1
18 9167 1
18 12010 1
18 22252 1
18 1774 1
18 19184 2
18 12026 1
18 4868 1
18 18185 2
18 4364 2
18 18191 1
18 8579 1
18 16661 1
18 2327 1
18 14469 1
18 3362 1
18 1844 1
18 18569 1
18 21305 1
18 10043 1
18 10557 1
18 17229 1
18 21845 1
18 4441 1
18 19814 1
18 1895 1
18 11632 1
18 5489 1
18 15218 3
18 15220 2
18 12663 1
18 12670 1
18 1923 1
18 15752 1
18 7578 1
18 7608 2
18 19900 1
18 15808 1
18 5623 1
18 6989 1
18 4058 1
18 15610 1
18 488 1
18 3055 2
18 11760 2
18 4081 1
18 16588 1
18 18423 1
18 11771 2
18 15869 2
19 12288 4
19 15362 1
19 15874 1
19 19478 2
19 15903 3
19 20010 1
19 8236 1
19 8749 1
19 16430 1
19 16434 1
19 1590 1
19 13884 2
19 18528 1
19 7237 1
19 15971 1
19 2745 1
19 7776 1
19 17168 1
19 19555 1
19 16998 1
19 15979 1
19 18540 1
19 11902 2
19 3201 1
19 14469 1
19 18055 1
19 14473 1
19 7313 1
19 16546 1
19 16547 4
19 4263 1
19 20653 1
19 6329 1
19 4795 1
19 8892 1
19 15556 1
19 16586 1
19 20686 3
19 4306 1
19 20180 1
19 15566 1
19 20695 2
19 22232 2
19 5337 1
19 3329 2
19 4867 1
19 2309 1
19 20232 1
19 18185 3
19 20234 1
19 4364 4
19 17678 1
19 21264 1
19 13073 1
19 18197 1
19 2839 1
19 16664 1
19 4382 1
19 1833 1
19 16775 1
19 13961 1
19 12602 1
19 12604 1
19 16190 1
19 8511 1
19 3392 1
19 22339 1
19 16197 1
19 21318 1
19 17225 2
19 12625 1
19 5973 1
19 22369 1
19 19131 1
19 15218 2
19 372 1
19 15222 1
19 15220 3
19 15227 1
19 2944 1
19 3975 1
19 4492 1
19 20882 1
19 5532 1
19 15774 1
19 8607 1
19 16807 1
19 8618 1
19 5551 1
19 329 1
19 22464 2
19 11714 1
19 9167 1
19 9169 1
19 7122 1
19 8615 1
19 10221 1
19 16367 1
19 4081 1
19 5623 1
19 5625 1
19 15869 1
20 12288 1
20 13316 2
20 5638 1
20 2578 3
20 12820 1
20 18965 1
20 22551 1
20 4635 1
20 1053 1
20 7203 1
20 15403 1
20 8236 1
20 8749 2
20 3633 1
20 4146 1
20 12852 1
20 1591 1
20 9272 1
20 1076 1
20 12354 1
20 3652 1
20 15432 1
20 588 1
20 11853 1
20 21586 1
20 19555 1
20 15808 1
20 18005 1
20 88 1
20 22082 1
20 603 1
20 18013 1
20 7265 2
20 3171 1
20 6760 2
20 11887 1
20 13937 2
20 6770 1
20 15987 1
20 12916 1
20 4728 1
20 633 1
20 22464 1
20 3203 1
20 13445 1
20 22209 1
20 1163 1
20 683 1
20 17070 1
20 15536 1
20 12465 1
20 2226 1
20 19124 1
20 3258 1
20 2747 1
20 8892 4
20 19133 2
20 14014 1
20 12481 1
20 1733 1
20 19147 1
20 4311 1
20 2264 1
20 10972 1
20 10975 2
20 8571 1
20 7397 1
20 6375 1
20 10108 1
20 12010 2
20 3311 2
20 22262 1
20 8064 1
20 4868 1
20 17162 1
20 4364 3
20 13357 1
20 284 1
20 11555 1
20 6951 1
20 3880 1
20 18218 1
20 1844 1
20 21305 2
20 10555 1
20 1855 1
20 9536 1
20 20803 1
20 8518 2
20 17223 1
20 9271 1
20 8013 1
20 12110 1
20 3919 1
20 21841 1
20 18771 1
20 14677 1
20 4438 1
20 22368 2
20 7014 1
20 1899 1
20 9069 2
20 8564 1
20 3958 1
20 20343 1
20 15227 1
20 14716 1
20 1408 1
20 15751 2
20 3978 1
20 4493 1
20 910 1
20 4496 3
20 4497 1
20 7570 1
20 19347 1
20 10644 1
20 3991 1
20 15273 1
20 4011 1
20 1459 1
20 10679 1
20 17856 2
20 7617 1
20 13763 1
20 19914 1
20 13389 1
20 13779 1
20 7163 1
20 19943 1
20 7144 1
20 11760 1
20 505 1
20 20474 1
20 6651 2
20 6652 1
20 15869 1
21 19460 1
21 7655 1
21 19464 1
21 2220 1
21 4866 1
21 10499 1
21 18965 1
21 19478 1
21 3332 1
21 17435 1
21 13316 1
21 9759 1
21 3621 1
21 4647 1
21 21032 1
21 22571 1
21 4140 1
21 8749 2
21 9262 1
21 6323 1
21 12341 1
21 9270 1
21 3647 1
21 4448 1
21 15426 1
21 7236 1
21 18040 1
21 11850 3
21 11851 2
21 7756 1
21 15439 2
21 15442 1
21 11859 1
21 7765 1
21 15448 1
21 5210 1
21 15963 1
21 5725 1
21 4555 1
21 18528 1
21 3171 1
21 11767 1
21 3688 1
21 10857 1
21 7785 1
21 14448 1
21 13937 1
21 6770 1
21 9333 1
21 17015 1
21 17016 3
21 11563 1
21 17429 1
21 22464 1
21 15491 1
21 13445 1
21 3265 1
21 16012 1
21 13763 1
21 7823 1
21 20112 1
21 17041 1
21 10387 1
21 3220 2
21 7829 1
21 9887 1
21 18080 1
21 10915 1
21 11945 1
21 11434 1
21 11436 1
21 6830 1
21 10419 1
21 694 1
21 16056 1
21 2745 1
21 18108 1
21 19133 5
21 9918 1
21 1141 3
21 6848 1
21 18113 1
21 2243 1
21 4293 1
21 4294 1
21 17608 1
21 13514 1
21 8908 1
21 18128 1
21 4728 1
21 14546 1
21 10452 1
21 14039 1
21 4313 1
21 4560 1
21 7915 1
21 13778 1
21 1918 1
21 6868 1
21 9351 1
21 1280 1
21 5629 1
21 17155 1
21 4868 1
21 17163 1
21 4364 3
21 1816 1
21 13357 1
21 9488 1
21 5909 1
21 19734 1
21 5337 2
21 21784 1
21 21295 3
21 17184 2
21 17185 1
21 802 1
21 21797 1
21 19238 1
21 7303 1
21 20639 1
21 7471 3
21 5425 2
21 7474 1
21 11571 1
21 21305 2
21 4490 1
21 20798 1
21 7999 2
21 6977 1
21 13793 1
21 20298 1
21 3408 1
21 21841 1
21 14677 3
21 9558 1
21 22209 1
21 18267 4
21 22368 1
21 3943 1
21 16430 1
21 13164 1
21 9069 3
21 7537 1
21 8563 1
21 12151 2
21 15225 1
21 8511 1
21 14716 1
21 12670 1
21 19093 1
21 12673 1
21 3041 1
21 7049 1
21 7050 1
21 4491 1
21 3468 1
21 13890 1
21 10638 1
21 4496 5
21 4497 1
21 917 1
21 14232 1
21 8604 1
21 7584 4
21 9122 1
21 19364 1
21 3493 1
21 9640 1
21 15273 2
21 7594 1
21 18862 1
21 1967 1
21 16304 1
21 7601 1
21 1467 1
21 19900 1
21 22463 1
21 9152 1
21 16835 1
21 8062 1
21 9424 1
21 12743 1
21 3528 1
21 13388 1
21 14283 1
21 15266 3
21 16848 1
21 9170 1
21 2525 1
21 10718 1
21 19424 2
21 3553 1
21 21477 1
21 15846 1
21 12625 3
21 7144 1
21 10219 1
21 21586 4
21 10749 1
21 15856 1
21 15857 1
21 16886 1
21 5623 1
21 5625 1
21 6652 1
21 12202 1
21 19285 1
22 22594 1
22 20021 1
