1 14592 1
1 4868 1
1 5509 1
1 15438 1
1 8079 1
1 3984 1
1 2709 1
1 2329 1
1 15903 1
1 7457 1
1 1063 1
1 22442 1
1 3629 1
1 18862 1
1 2358 1
1 2873 1
1 9146 1
1 9887 1
1 18108 1
1 19133 1
1 9918 1
1 15045 1
1 19468 1
1 13388 1
1 20429 1
1 9038 1
1 16719 1
1 14677 1
1 9047 1
1 1497 1
1 2525 1
1 4576 1
1 20329 1
1 2666 1
1 7147 1
1 15857 1
1 18932 1
1 13174 1
1 17016 2
2 19460 1
2 22032 1
2 4626 1
2 14595 1
2 22551 1
2 4356 1
2 17435 1
2 2078 1
2 4653 1
2 6702 1
2 17672 1
2 5683 1
2 3636 1
2 3643 1
2 12352 1
2 20547 1
2 13388 1
2 4707 1
2 7765 1
2 13398 2
2 603 1
2 19555 1
2 20582 1
2 12390 1
2 10684 1
2 11887 1
2 20329 1
2 6776 1
2 15485 1
2 13445 1
2 20112 1
2 5400 1
2 17042 1
2 15512 1
2 15514 1
2 2723 1
2 4263 2
2 15528 1
2 14509 1
2 7854 1
2 19124 1
2 3260 1
2 19133 1
2 9425 1
2 6355 1
2 10975 1
2 7396 1
2 8421 1
2 6383 1
2 6897 1
2 7412 1
2 7931 1
2 4867 2
2 4868 1
2 15621 1
2 7432 1
2 7433 1
2 15128 1
2 19740 1
2 18207 1
2 7457 1
2 19238 1
2 20781 1
2 16177 1
2 18229 1
2 11064 1
2 21305 1
2 7999 1
2 12620 1
2 8015 1
2 3408 1
2 12625 2
2 14677 3
2 740 1
2 18267 1
2 9569 1
2 9065 1
2 21878 1
2 890 1
2 13697 1
2 3468 1
2 4499 1
2 8086 1
2 3992 1
2 10857 1
2 15273 1
2 22442 1
2 19373 1
2 7600 1
2 433 1
2 17333 1
2 8636 1
2 15809 1
2 8649 1
2 9167 3
2 19411 1
2 7129 1
2 21473 1
2 7150 1
2 17395 1
2 7160 1
2 4601 1
3 9729 1
3 13316 1
3 17424 1
3 18453 1
3 13846 1
3 9817 1
3 5145 1
3 22557 1
3 16416 2
3 547 1
3 3629 1
3 15709 1
3 12848 1
3 3127 1
3 3641 1
3 8766 1
3 22368 1
3 20547 2
3 18505 1
3 12471 1
3 15441 1
3 13398 6
3 13913 1
3 603 1
3 19549 1
3 7777 1
3 13847 1
3 10857 2
3 18028 1
3 622 1
3 7147 1
3 15985 1
3 9918 1
3 19900 1
3 4221 1
3 19582 1
3 9343 1
3 13445 1
3 6791 1
3 648 1
3 4460 1
3 4235 1
3 17041 1
3 15508 1
3 11931 2
3 19102 1
3 8683 2
3 7332 1
3 4263 1
3 15528 1
3 10410 1
3 15532 1
3 15534 1
3 19124 1
3 8375 1
3 15033 1
3 3258 1
3 19133 3
3 4286 1
3 4287 1
3 9412 1
3 13516 1
3 719 1
3 9424 1
3 9425 1
3 20690 1
3 10963 1
3 10452 1
3 6361 1
3 22234 1
3 17790 1
3 7905 1
3 7394 1
3 7399 1
3 16616 1
3 746 1
3 2289 1
3 10484 1
3 9342 1
3 8950 1
3 17657 1
3 8954 2
3 14592 2
3 8449 2
3 2306 1
3 4868 1
3 2310 1
3 7432 1
3 17163 1
3 10510 1
3 15119 4
3 16785 1
3 17172 1
3 16661 1
3 2839 1
3 15128 1
3 14618 1
3 18208 1
3 7457 1
3 7463 2
3 21292 1
3 21295 1
3 15666 2
3 5911 1
3 21304 1
3 21305 1
3 13626 1
3 9023 1
3 8512 2
3 17219 1
3 22340 1
3 1866 1
3 12343 1
3 12110 1
3 14677 2
3 18267 1
3 20794 1
3 15199 3
3 7520 1
3 9105 1
3 20329 1
3 8043 1
3 3948 1
3 9069 2
3 9072 4
3 7400 1
3 22386 1
3 7230 1
3 3963 1
3 1918 1
3 6464 1
3 12162 1
3 8579 1
3 14725 2
3 16775 2
3 8401 1
3 12684 1
3 5518 1
3 4497 1
3 10641 1
3 20882 1
3 19348 1
3 9621 1
3 3991 2
3 3992 1
3 20384 1
3 15266 1
3 22442 2
3 8636 1
3 15808 1
3 11714 1
3 21446 1
3 9167 3
3 9171 1
3 8660 1
3 7637 1
3 9686 1
3 3321 1
3 10206 1
3 17889 1
3 14306 1
3 15845 1
3 14827 1
3 4589 1
3 3392 1
3 7154 1
3 502 1
3 18935 1
3 7160 2
3 4601 1
3 10236 1
3 11946 1
4 14592 2
4 1152 1
4 12930 1
4 515 2
4 4484 1
4 2244 1
4 16904 1
4 16775 3
4 18568 1
4 395 1
4 4492 1
4 7823 1
4 22032 1
4 17041 1
4 20882 2
4 4867 1
4 17046 1
4 3991 1
4 12825 3
4 17435 1
4 925 1
4 10573 1
4 15119 1
4 14761 1
4 5795 1
4 16166 1
4 4263 1
4 14595 1
4 10972 1
4 8449 1
4 19886 1
4 7471 1
4 14743 1
4 1160 1
4 5764 1
4 17203 1
4 1844 1
4 21305 1
4 20794 1
4 1979 1
4 1099 1
4 19133 1
4 6489 1
4 4868 1
4 15042 1
4 20803 1
4 16196 1
4 20167 1
4 18505 1
4 7287 1
4 13388 1
4 20429 1
4 9423 1
4 3408 1
4 9145 1
4 15442 1
4 10963 1
4 4452 1
4 13398 2
4 20695 1
4 9816 1
4 4825 1
4 4589 1
4 19804 1
4 5085 1
4 18528 1
4 5988 1
4 13222 1
4 20583 1
4 18922 1
4 8683 1
4 9069 2
4 2450 1
4 16367 2
4 3058 1
4 12151 1
4 21364 1
4 9777 1
4 17910 1
4 17015 1
4 18809 1
4 7550 1
5 12288 1
5 10247 1
5 19464 1
5 9047 1
5 4623 1
5 22032 12
5 21523 1
5 7700 1
5 10158 1
5 8215 1
5 12825 4
5 539 2
5 1564 1
5 3674 1
5 1568 1
5 12464 1
5 3419 2
5 7089 1
5 15400 1
5 1578 9
5 3627 3
5 3629 1
5 14895 1
5 9777 3
5 4146 1
5 12852 1
5 12341 2
5 18185 3
5 7224 1
5 22589 1
5 13887 6
5 17984 1
5 12354 1
5 12870 2
5 12360 1
5 7241 1
5 13388 3
5 12878 1
5 12880 1
5 21586 3
5 595 1
5 18005 1
5 6234 1
5 9821 1
5 15632 1
5 20384 1
5 19556 1
5 12390 1
5 7785 2
5 2407 1
5 4205 1
5 11887 1
5 13937 1
5 15987 1
5 1163 3
5 6773 1
5 10857 1
5 7011 1
5 14973 1
5 15486 1
5 20095 1
5 6786 2
5 6787 3
5 13444 1
5 13445 2
5 7303 2
5 13960 1
5 13963 2
5 6706 1
5 3636 1
5 20114 1
5 9875 1
5 2196 2
5 17156 1
5 13849 1
5 19098 2
5 2203 1
5 18078 1
5 18592 1
5 6257 1
5 7842 1
5 17435 1
5 17060 1
5 17061 1
5 21617 1
5 4776 1
5 17975 1
5 10922 1
5 17067 1
5 22188 3
5 13488 1
5 20168 1
5 19571 1
5 4276 2
5 1206 1
5 21193 1
5 22200 1
5 21689 1
5 2747 1
5 15548 2
5 19133 1
5 7359 2
5 11969 1
5 6338 1
5 19142 1
5 21793 1
5 19016 1
5 15820 1
5 12663 1
5 11471 1
5 14544 1
5 14033 1
5 5843 1
5 7380 2
5 13526 1
5 9947 1
5 3417 1
5 4831 1
5 21847 1
5 12516 1
5 8421 1
5 8422 1
5 5351 1
5 7400 1
5 551 1
5 19694 1
5 13681 1
5 1576 1
5 14036 1
5 4051 1
5 8437 1
5 5929 1
5 2772 1
5 1076 1
5 15102 1
5 14592 2
5 8449 2
5 10498 1
5 19715 2
5 4868 8
5 4870 1
5 7433 1
5 18191 1
5 7952 1
5 10513 1
5 17170 1
5 17172 1
5 13078 1
5 16663 1
5 1305 1
5 6938 1
5 7451 3
5 7964 1
5 9392 1
5 18208 1
5 7457 1
5 8892 1
5 20774 2
5 16169 2
5 1415 1
5 14898 1
5 18222 1
5 7471 1
5 5936 1
5 4663 1
5 6622 1
5 21953 1
5 2873 1
5 5437 1
5 9023 2
5 833 1
5 15170 1
5 15499 1
5 20292 1
5 21318 1
5 18759 1
5 21047 1
5 17229 1
5 15184 1
5 18769 4
5 21330 1
5 21332 3
5 21845 1
5 4409 1
5 4441 1
5 18267 1
5 22364 1
5 7752 1
5 2399 1
5 4960 1
5 22369 2
5 20323 1
5 15206 1
5 7527 1
5 360 3
5 5993 1
5 8043 1
5 5996 1
5 9069 2
5 13885 1
5 15216 1
5 11121 1
5 22386 1
5 15763 1
5 11637 1
5 8566 1
5 12151 1
5 8568 1
5 14716 1
5 9600 1
5 21733 1
5 14724 1
5 14725 1
5 6534 1
5 15751 3
5 12680 1
5 17290 1
5 2955 1
5 3980 1
5 8079 1
5 19347 3
5 6036 1
5 917 1
5 17814 1
5 16281 1
5 7823 1
5 13723 1
5 588 1
5 13727 1
5 7584 2
5 6561 1
5 13730 1
5 20389 1
5 15273 1
5 1351 1
5 10096 1
5 15790 1
5 7088 1
5 12209 1
5 7095 2
5 15288 1
5 11708 2
5 3517 1
5 21950 1
5 16831 1
5 22464 3
5 6081 1
5 7110 1
5 5577 2
5 12746 3
5 11723 2
5 5580 1
5 9167 1
5 8144 4
5 9169 1
5 14803 1
5 8782 1
5 18393 2
5 21980 1
5 21981 1
5 10206 1
5 3408 1
5 6651 1
5 12773 1
5 4074 1
5 13293 2
5 15855 2
5 15856 2
5 3058 1
5 13451 1
5 4723 1
5 16374 1
5 16891 2
5 6652 1
5 1174 1
5 11775 1
6 1280 1
6 19460 1
6 16902 1
6 21761 1
6 22024 1
6 1550 1
6 22032 11
6 13841 1
6 4441 1
6 1560 1
6 12825 5
6 1564 1
6 15903 1
6 433 1
6 13865 1
6 1578 5
6 3627 1
6 1068 1
6 10288 1
6 8753 1
6 51 1
6 3130 2
6 13887 1
6 4448 1
6 15201 1
6 7095 1
6 13388 1
6 13389 1
6 12878 1
6 591 1
6 7248 1
6 21586 1
6 19555 1
6 3157 1
6 1110 1
6 5207 1
6 9817 1
6 7777 2
6 15971 1
6 19556 1
6 18023 1
6 7785 1
6 8815 1
6 6256 1
6 4211 1
6 13428 5
6 6773 1
6 17015 1
6 3197 1
6 2686 1
6 14463 1
6 21632 1
6 21633 1
6 13445 2
6 7303 1
6 14473 1
6 13963 1
6 17042 1
6 2197 1
6 17046 1
6 18071 1
6 19098 1
6 2203 1
6 18592 1
6 2416 1
6 11945 1
6 5063 1
6 22188 1
6 9901 1
6 3759 1
6 20168 1
6 4723 1
6 4276 2
6 2747 1
6 6844 1
6 703 1
6 10433 1
6 8898 1
6 7880 1
6 9418 1
6 11979 1
6 3277 1
6 4818 1
6 4310 1
6 6622 1
6 11995 1
6 20774 1
6 5864 2
6 22252 1
6 12013 1
6 14592 1
6 8449 1
6 13570 1
6 19715 2
6 4868 2
6 10454 1
6 17671 1
6 18185 3
6 19726 1
6 18191 2
6 2832 1
6 2325 1
6 2839 1
6 6938 1
6 797 1
6 11040 1
6 3803 1
6 1544 1
6 12076 1
6 7471 1
6 10206 2
6 5433 1
6 12602 1
6 16700 1
6 7485 1
6 15166 2
6 21311 1
6 7488 1
6 13121 1
6 13707 1
6 21829 1
6 8518 2
6 1866 1
6 12625 1
6 21847 1
6 21849 2
6 8028 1
6 18746 1
6 22368 1
6 22369 1
6 8039 2
6 364 1
6 9069 4
6 6511 1
6 9072 1
6 8566 1
6 20343 1
6 4472 1
6 4473 1
6 14716 1
6 14717 1
6 21888 1
6 10114 1
6 18311 1
6 395 1
6 7567 1
6 19347 1
6 9305 1
6 3991 1
6 11672 1
6 1947 1
6 7582 1
6 13979 1
6 10857 1
6 12716 1
6 15790 1
6 7089 3
6 19379 1
6 4396 1
6 15288 1
6 11709 1
6 21953 1
6 13255 1
6 8649 1
6 12746 1
6 11723 1
6 9167 2
6 9687 1
6 1501 1
6 22494 1
6 14306 1
6 18769 1
6 13293 1
6 11760 1
6 3057 1
6 6652 1
7 12288 1
7 1030 1
7 13832 1
7 22542 1
7 22032 2
7 13847 1
7 12825 1
7 11293 1
7 1576 1
7 1578 2
7 7215 1
7 13887 1
7 15201 1
7 8779 1
7 592 1
7 15441 1
7 18005 1
7 13398 2
7 9305 1
7 8797 1
7 15971 1
7 19556 1
7 21613 2
7 4719 1
7 13428 3
7 635 1
7 15210 1
7 4222 1
7 21696 1
7 6786 1
7 6788 1
7 13963 1
7 20109 1
7 15981 1
7 10408 1
7 2220 1
7 2745 1
7 4800 1
7 14020 1
7 20165 1
7 19142 1
7 19145 1
7 11979 1
7 21733 1
7 5864 1
7 14592 1
7 8449 1
7 4868 1
7 18185 3
7 15119 1
7 8466 1
7 21782 1
7 8988 1
7 4382 1
7 17183 1
7 13611 1
7 21293 1
7 18222 1
7 15666 1
7 7475 1
7 3895 1
7 2873 2
7 10555 1
7 8512 1
7 1163 1
7 17229 1
7 4432 1
7 21847 1
7 15199 1
7 3937 1
7 7010 1
7 5994 1
7 5995 1
7 5996 1
7 10094 1
7 10096 1
7 12663 1
7 15225 1
7 3963 1
7 9536 1
7 14725 1
7 15751 2
7 2955 1
7 20882 1
7 7584 1
7 15266 1
7 15269 1
7 7089 1
7 7095 1
7 15288 1
7 20384 3
7 9167 2
7 7634 1
7 9684 1
7 10205 2
7 6622 1
7 3493 1
7 14306 1
7 16374 1
7 6651 1
8 11264 1
8 8705 2
8 13316 3
8 8709 1
8 21601 1
8 12808 1
8 11275 1
8 9645 1
8 10499 1
8 10963 1
8 17943 1
8 12825 6
8 17947 7
8 22557 1
8 8734 1
8 4587 1
8 4647 1
8 13404 1
8 22571 1
8 15404 1
8 12333 1
8 10799 1
8 12852 1
8 3127 1
8 6713 1
8 6715 1
8 13884 1
8 573 2
8 578 2
8 579 2
8 12870 12
8 19041 3
8 12360 2
8 585 3
8 12878 1
8 21586 1
8 21587 2
8 5207 1
8 9305 3
8 5210 1
8 22108 1
8 11870 2
8 7777 1
8 7782 1
8 16998 3
8 3176 1
8 7785 7
8 13421 1
8 622 1
8 11887 1
8 14448 2
8 17521 1
8 12916 1
8 10358 1
8 8553 1
8 10360 4
8 635 1
8 13440 4
8 9351 2
8 18568 1
8 8332 1
8 20418 1
8 2706 2
8 4284 1
8 18861 1
8 671 1
8 19105 1
8 20642 1
8 2211 1
8 13937 4
8 10098 1
8 20971 1
8 22369 2
8 21692 1
8 19124 1
8 9398 2
8 22200 1
8 8892 1
8 19133 11
8 19817 1
8 21696 1
8 11461 1
8 20167 3
8 20168 6
8 14028 6
8 13516 3
8 18210 1
8 632 4
8 20262 1
8 3796 7
8 14037 1
8 20695 1
8 12505 1
8 17626 1
8 1246 2
8 4831 1
8 20194 9
8 17637 1
8 8401 1
8 4328 1
8 10985 1
8 7915 1
8 22252 5
8 12013 3
8 7408 1
8 7409 4
8 7410 1
8 3315 1
8 10996 1
8 20725 1
8 13558 1
8 13562 1
8 18686 1
8 12501 2
8 14592 1
8 8449 3
8 15199 2
8 14595 1
8 4868 3
8 15621 1
8 1798 2
8 7432 2
8 1580 1
8 19671 2
8 6927 1
8 384 1
8 5934 1
8 14621 1
8 4384 1
8 8550 1
8 20260 1
8 19238 2
8 7303 3
8 18222 1
8 21295 1
8 1067 1
8 17203 1
8 3894 1
8 21305 6
8 10975 1
8 20284 1
8 7529 1
8 15170 1
8 12354 1
8 17718 1
8 19782 2
8 18759 1
8 10636 1
8 13026 3
8 7565 1
8 4546 1
8 6483 1
8 11604 1
8 21817 1
8 6489 1
8 13658 1
8 13663 1
8 22368 3
8 20726 1
8 15206 2
8 15209 1
8 15210 2
8 20882 1
8 3132 1
8 5489 1
8 7538 1
8 3731 1
8 1909 1
8 12151 1
8 19320 1
8 10105 1
8 9600 1
8 18818 1
8 8579 1
8 4484 1
8 748 1
8 4492 1
8 20877 1
8 4494 1
8 7567 1
8 19344 1
8 3992 2
8 7570 1
8 10644 1
8 18837 1
8 11672 2
8 15172 1
8 18848 1
8 17648 1
8 4002 1
8 18853 1
8 12200 1
8 8107 1
8 8108 1
8 13229 1
8 4016 1
8 6902 1
8 15616 1
8 4538 1
8 1979 1
8 11708 3
8 21949 1
8 16831 1
8 22464 4
8 16833 1
8 16834 1
8 19396 1
8 502 1
8 4550 2
8 13255 1
8 11723 1
8 11724 1
8 15266 2
8 9167 3
8 14288 1
8 9169 1
8 11733 1
8 18390 2
8 12018 1
8 15322 1
8 20303 1
8 14047 1
8 12255 1
8 11233 1
8 14306 5
8 3046 1
8 15339 1
8 492 1
8 20165 1
8 3055 3
8 17395 1
8 18420 1
8 1525 2
8 16374 1
8 7058 1
9 512 2
9 12288 1
9 12916 3
9 13316 3
9 16901 1
9 8198 1
9 22061 1
9 18952 1
9 11275 1
9 15618 1
9 16301 1
9 22032 1
9 529 1
9 2307 2
9 13846 1
9 12825 2
9 3610 1
9 4635 1
9 22557 1
9 13854 2
9 15903 1
9 9761 1
9 5668 3
9 1069 1
9 1544 1
9 7730 1
9 16367 1
9 14800 1
9 3633 1
9 3128 1
9 4665 1
9 2911 1
9 573 1
9 13887 2
9 19008 1
9 578 1
9 20547 1
9 17476 1
9 12870 1
9 21687 1
9 12878 1
9 21587 1
9 5717 1
9 9305 1
9 8749 1
9 18528 1
9 7778 1
9 15971 1
9 16998 1
9 7782 3
9 2663 1
9 7785 1
9 13418 1
9 13420 1
9 12910 3
9 22205 1
9 13937 1
9 1140 1
9 1141 1
9 16063 1
9 14973 1
9 5246 1
9 13440 1
9 5815 1
9 19589 1
9 12808 1
9 20103 1
9 18568 1
9 17004 3
9 1163 1
9 7823 1
9 12944 1
9 19716 1
9 3731 1
9 16020 1
9 3182 1
9 2207 1
9 7536 1
9 5795 1
9 10410 1
9 22188 1
9 7880 2
9 432 1
9 11444 1
9 12471 1
9 22200 3
9 20084 1
9 21692 1
9 19133 2
9 22133 2
9 21696 1
9 2243 2
9 20168 2
9 13516 2
9 15566 1
9 15567 1
9 3796 3
9 9432 1
9 9945 1
9 9434 1
9 16603 1
9 19460 1
9 21727 1
9 14288 1
9 13026 1
9 21733 2
9 17638 1
9 6375 3
9 5864 2
9 10985 1
9 16679 1
9 14060 2
9 7408 1
9 3315 1
9 15096 2
9 3321 1
9 1664 1
9 17154 1
9 19715 1
9 4868 2
9 2309 1
9 2310 1
9 17671 2
9 18185 1
9 17162 1
9 4364 1
9 6927 1
9 1305 1
9 7471 1
9 8892 1
9 17188 1
9 8753 1
9 3880 1
9 1074 1
9 21295 1
9 16177 1
9 2873 1
9 4319 1
9 20284 1
9 1076 1
9 13428 1
9 6982 1
9 17737 1
9 6992 1
9 12625 1
9 4803 1
9 11604 1
9 21305 1
9 8421 1
9 7514 1
9 18267 1
9 21817 1
9 15199 1
9 4960 1
9 1889 1
9 1380 1
9 8553 1
9 15210 1
9 9069 1
9 13885 1
9 15216 1
9 5490 1
9 11708 1
9 6516 1
9 1909 1
9 3958 2
9 8425 1
9 8568 2
9 3961 1
9 3963 1
9 897 1
9 18818 1
9 16774 2
9 22252 1
9 11662 1
9 21905 3
9 10644 2
9 22421 1
9 3991 3
9 8260 1
9 13723 1
9 20382 1
9 8607 1
9 20384 1
9 11248 1
9 13730 1
9 8611 1
9 11684 1
9 18853 1
9 12200 1
9 22442 2
9 8107 1
9 9645 1
9 4015 1
9 17840 2
9 18355 1
9 17225 1
9 16826 1
9 18364 1
9 11709 1
9 22464 2
9 11714 1
9 7110 1
9 12495 1
9 9167 3
9 3536 1
9 7633 1
9 7634 1
9 11733 1
9 14807 2
9 18852 1
9 15322 1
9 10205 2
9 3408 1
9 14306 3
9 13819 1
9 13796 1
9 4433 1
9 6122 1
9 3055 4
9 3056 1
9 17395 1
9 16373 1
9 16374 1
9 5623 1
9 9044 5
9 11771 1
9 13821 1
9 13822 1
10 15190 1
10 12808 1
10 17373 1
10 7691 1
10 4867 2
10 11524 1
10 3610 1
10 4635 1
10 15903 1
10 5667 1
10 5668 1
10 16421 2
10 18473 1
10 3626 1
10 22024 1
10 1074 1
10 17971 1
10 16436 1
10 14389 2
10 17463 1
10 2105 1
10 7227 1
10 13885 1
10 1076 1
10 4677 1
10 15432 1
10 1609 1
10 20554 1
10 13389 1
10 12369 1
10 21586 1
10 5717 1
10 12891 1
10 19553 1
10 11708 1
10 5740 1
10 12910 1
10 15986 1
10 15987 1
10 12916 3
10 22133 1
10 5737 1
10 6776 1
10 3197 1
10 13440 1
10 20098 1
10 13443 1
10 21126 1
10 7642 1
10 1163 1
10 12942 3
10 655 1
10 15508 2
10 8342 1
10 12825 2
10 14492 1
10 10397 1
10 1167 3
10 11632 1
10 10407 2
10 10408 1
10 22188 1
10 21618 1
10 19124 1
10 22198 4
10 12471 1
10 22200 1
10 2745 3
10 3259 1
10 19133 2
10 7870 1
10 21696 3
10 11969 1
10 2243 1
10 20168 1
10 20343 1
10 13516 3
10 9777 1
10 3796 6
10 7380 1
10 7904 1
10 21733 2
10 7400 1
10 6377 1
10 22252 2
10 14574 1
10 1269 1
10 3844 1
10 15096 1
10 3321 2
10 15610 2
10 17155 1
10 4868 1
10 1798 1
10 16135 1
10 6408 1
10 18185 1
10 6924 1
10 5391 1
10 3856 1
10 2834 1
10 18197 1
10 2839 1
10 797 1
10 17696 1
10 8753 1
10 20270 1
10 7133 1
10 1841 1
10 19769 1
10 6459 1
10 22581 1
10 3392 1
10 15170 1
10 18952 1
10 329 1
10 12625 2
10 9044 4
10 9046 1
10 21305 2
10 2394 1
10 18267 1
10 19804 1
10 15710 1
10 7397 2
10 22369 1
10 22370 1
10 14060 1
10 19814 1
10 4497 1
10 360 1
10 18919 3
10 15322 1
10 2932 3
10 4981 1
10 3958 2
10 10985 1
10 11641 1
10 3963 1
10 3966 1
10 1922 1
10 748 1
10 395 1
10 21392 1
10 9105 1
10 3991 2
10 3992 2
10 1945 1
10 12188 1
10 6561 1
10 18853 1
10 1446 1
10 22442 1
10 432 1
10 17225 1
10 18364 2
10 16831 1
10 22464 6
10 1140 4
10 19396 1
10 13255 1
10 20218 1
10 3532 1
10 9167 4
10 3536 1
10 21969 1
10 9171 1
10 8666 1
10 10205 1
10 12773 1
10 18769 1
10 14827 2
10 6125 1
10 3055 3
10 17395 2
10 17400 1
10 11604 1
10 5118 1
10 5119 1
11 16896 1
11 8198 1
11 18955 1
11 12825 1
11 13854 1
11 17451 1
11 1580 1
11 3131 1
11 578 2
11 7749 1
11 13388 1
11 20050 1
11 5208 1
11 18013 1
11 18528 1
11 7777 1
11 7778 1
11 19556 1
11 7782 1
11 21613 1
11 11887 1
11 13424 1
11 13425 2
11 1140 2
11 22133 2
11 13951 2
11 21126 1
11 2706 1
11 14999 1
11 15512 1
11 14448 3
11 625 1
11 10408 1
11 12465 1
11 12466 1
11 22198 1
11 19133 3
11 13516 2
11 13514 1
11 14028 1
11 7888 1
11 721 1
11 4818 1
11 3796 1
11 10973 2
11 1246 1
11 10975 2
11 20194 1
11 21733 1
11 5867 1
11 748 1
11 14081 1
11 4868 3
11 15621 1
11 1798 1
11 7432 1
11 17162 1
11 7952 1
11 5400 1
11 15642 1
11 7471 1
11 7965 1
11 18209 1
11 2349 2
11 21295 2
11 11057 1
11 12510 1
11 21305 1
11 4417 1
11 17229 1
11 909 1
11 3937 1
11 6715 1
11 9069 1
11 6000 1
11 10097 1
11 3958 1
11 20343 1
11 9111 1
11 4493 1
11 4496 1
11 19347 1
11 3991 2
11 3992 2
11 15273 1
11 9644 1
11 16833 1
11 13255 1
11 15312 1
11 9169 1
11 9171 1
11 10205 1
11 4589 1
11 3055 3
11 7154 1
11 17395 1
11 4084 1
11 18857 1
11 15865 1
11 16891 1
12 13316 1
12 15190 1
12 22032 3
12 19476 1
12 5142 1
12 12825 6
12 17435 2
12 15907 1
12 4647 2
12 1578 1
12 17451 1
12 16434 1
12 12852 1
12 11832 1
12 19124 2
12 573 1
12 13887 1
12 11846 1
12 15432 1
12 7241 1
12 12878 3
12 592 1
12 15441 2
12 21586 1
12 5716 1
12 18005 1
12 10573 1
12 18528 1
12 15971 1
12 18022 1
12 15465 1
12 13418 1
12 1921 1
12 14448 1
12 5233 1
12 6770 1
12 633 1
12 20604 1
12 7601 1
12 20094 1
12 20095 1
12 4032 1
12 5251 1
12 16833 1
12 4746 1
12 13451 1
12 8557 1
12 658 1
12 7875 1
12 20642 1
12 9892 1
12 4263 1
12 1705 1
12 3758 1
12 1199 1
12 11444 1
12 22198 1
12 19133 2
12 14017 1
12 2243 1
12 20165 2
12 20167 1
12 13516 4
12 3278 2
12 7889 1
12 14036 1
12 14037 2
12 20695 2
12 9167 1
12 19460 2
12 4831 2
12 20194 1
12 17312 1
12 8421 2
12 7399 1
12 7400 1
12 8425 1
12 12010 1
12 13863 1
12 12013 2
12 7550 1
12 15096 1
12 18686 1
12 3285 1
12 14592 2
12 22571 1
12 4868 1
12 775 1
12 4364 5
12 18194 1
12 18197 2
12 16663 1
12 281 1
12 293 1
12 3878 1
12 299 1
12 2348 1
12 11058 1
12 16695 1
12 21305 2
12 16699 2
12 4414 1
12 4418 1
12 16196 1
12 16197 1
12 8013 1
12 12625 1
12 21845 1
12 4438 1
12 2873 1
12 17242 1
12 7397 2
12 22368 1
12 22369 3
12 15206 1
12 9069 5
12 9072 4
12 7224 1
12 3962 1
12 4330 1
12 1918 3
12 21889 1
12 14725 1
12 10975 1
12 1420 1
12 4496 1
12 9111 1
12 20384 1
12 15266 1
12 18851 1
12 9645 1
12 12360 1
12 5554 1
12 11187 1
12 10679 3
12 10172 1
12 10244 1
12 4031 1
12 22464 1
12 7584 2
12 11714 3
12 4547 1
12 15817 1
12 15820 1
12 17229 1
12 7633 1
12 13779 1
12 7637 1
12 18393 1
12 12255 1
12 3055 5
12 4602 1
12 11771 1
12 15869 1
12 12799 1
13 15874 1
13 3203 1
13 1918 1
13 1798 1
13 1415 1
13 11298 1
13 4746 1
13 12354 1
13 11152 1
13 20882 1
13 13516 1
13 3606 1
13 5527 1
13 3362 1
13 5149 1
13 4382 1
13 13445 1
13 19184 3
13 15266 1
13 8611 1
13 12325 4
13 13863 1
13 12329 1
13 299 1
13 2348 1
13 9645 1
13 3886 1
13 861 1
13 7601 1
13 6770 1
13 1591 1
13 13884 1
13 10 1
13 17737 2
13 22581 1
13 4032 1
13 11714 2
13 19938 1
13 14369 2
13 14028 1
13 17067 1
13 16695 1
13 588 1
13 20642 1
13 20686 1
13 18005 1
13 19286 1
13 12018 2
13 15580 1
13 638 1
13 7778 1
13 15227 1
13 7396 1
13 13157 1
13 1895 1
13 13160 1
13 8892 1
13 15979 1
13 1774 1
13 3055 3
13 11760 1
13 13937 1
13 15218 1
13 5921 1
13 11902 1
13 11771 1
13 5246 1
13 14677 1
14 14763 1
14 13316 1
14 13398 1
14 10248 1
14 8108 1
14 4433 1
14 1551 1
14 13331 1
14 1454 1
14 12825 2
14 5551 1
14 22557 1
14 18975 3
14 10075 1
14 11815 1
14 10792 1
14 1067 1
14 12848 1
14 1074 2
14 11187 1
14 12852 1
14 12341 1
14 9791 1
14 5935 1
14 578 1
14 15432 2
14 4169 2
14 13389 1
14 15439 1
14 21586 4
14 1110 1
14 5207 1
14 13914 1
14 8797 1
14 18014 1
14 10369 1
14 7999 1
14 19555 1
14 4198 1
14 7782 1
14 9831 1
14 19900 3
14 8380 1
14 3943 1
14 21613 5
14 12910 1
14 8381 1
14 13937 1
14 6380 1
14 10857 3
14 18042 1
14 7871 1
14 10090 1
14 5246 1
14 13952 1
14 15808 1
14 15491 1
14 5764 2
14 10886 1
14 8641 1
14 5085 1
14 13963 1
14 5400 1
14 13970 1
14 3731 1
14 19607 1
14 14488 1
14 12441 1
14 15408 1
14 18080 1
14 7841 1
14 20642 1
14 7844 1
14 10408 1
14 683 1
14 22188 1
14 18175 1
14 15534 1
14 16049 2
14 21692 1
14 13493 1
14 694 1
14 3258 1
14 6943 1
14 3260 1
14 19133 4
14 4286 1
14 6847 1
14 21696 1
14 20165 2
14 8908 1
14 13516 3
14 14542 1
14 14543 1
14 721 1
14 7892 1
14 14037 1
14 11482 1
14 15567 1
14 10975 1
14 4326 1
14 8935 2
14 748 2
14 1773 1
14 3825 1
14 9458 3
14 18046 1
14 9684 1
14 8445 1
14 11007 2
14 14176 1
14 4866 1
14 4868 3
14 4225 1
14 20234 1
14 4364 1
14 11021 1
14 12625 2
14 6317 1
14 4884 1
14 18197 2
14 6423 3
14 15128 1
14 7471 1
14 21276 1
14 20767 1
14 17185 1
14 7463 1
14 5929 2
14 16682 1
14 21295 4
14 16694 1
14 7634 1
14 10717 1
14 16699 1
14 9022 1
14 8511 1
14 6464 3
14 13121 1
14 15170 1
14 835 1
14 17718 1
14 22133 1
14 20298 1
14 20301 1
14 21841 2
14 11604 1
14 14677 1
14 9047 1
14 21849 1
14 18267 1
14 20794 1
14 7520 1
14 4496 1
14 20323 1
14 9573 1
14 18577 1
14 20329 1
14 15210 2
14 9067 1
14 364 1
14 9069 2
14 18016 1
14 9072 2
14 10099 1
14 16757 1
14 18808 1
14 15225 1
14 5498 1
14 3963 1
14 893 1
14 12162 2
14 16260 1
14 7558 1
14 5511 1
14 17041 1
14 1858 1
14 5518 1
14 7056 1
14 8082 1
14 20803 1
14 2452 1
14 3992 1
14 15855 1
14 13727 1
14 15266 1
14 18341 1
14 22442 2
14 15275 1
14 12204 1
14 12205 1
14 19374 1
14 11183 1
14 20915 1
14 10680 1
14 15804 1
14 14271 1
14 22464 5
14 15809 1
14 11714 1
14 673 1
14 14283 1
14 15820 1
14 20429 1
14 9167 3
14 8636 1
14 19410 1
14 7635 1
14 9172 1
14 11224 1
14 9380 1
14 4058 1
14 2525 2
14 13819 1
14 3046 1
14 4583 1
14 7147 1
14 3055 2
14 13809 1
14 3058 1
14 17395 1
14 15864 1
14 6651 1
14 6652 2
14 18773 2
15 1280 1
15 19460 1
15 7687 1
15 7570 1
15 22032 4
15 8726 1
15 12823 1
15 12825 1
15 17435 2
15 4636 1
15 18975 1
15 700 1
15 14001 1
15 1576 2
15 3629 2
15 4146 1
15 3636 1
15 1079 2
15 11832 2
15 6713 1
15 5690 1
15 4668 1
15 573 4
15 9791 1
15 11846 2
15 21773 1
15 7763 1
15 13912 1
15 5210 1
15 18013 2
15 18016 1
15 17424 2
15 13412 1
15 11196 1
15 9325 1
15 8815 1
15 13937 2
15 15987 1
15 10857 1
15 15994 1
15 14973 1
15 19583 1
15 4736 1
15 4225 1
15 14466 1
15 7303 2
15 7306 1
15 11600 1
15 3731 1
15 16832 1
15 6809 1
15 669 1
15 7451 1
15 1706 1
15 15532 1
15 9901 1
15 17070 1
15 16049 3
15 16051 1
15 19124 3
15 22198 1
15 12471 1
15 372 1
15 3258 1
15 4284 1
15 19133 8
15 18632 5
15 11969 1
15 18629 3
15 20167 4
15 20168 2
15 13516 1
15 13514 1
15 15564 1
15 15566 1
15 719 1
15 5840 1
15 14545 1
15 10867 1
15 14038 1
15 22232 3
15 4831 2
15 10981 1
15 10449 1
15 8425 1
15 18154 1
15 2795 1
15 22252 1
15 12013 3
15 15485 1
15 9458 1
15 5843 1
15 22262 1
15 18175 1
15 14592 1
15 15617 1
15 4868 1
15 2310 1
15 14088 1
15 18185 1
15 3339 1
15 4364 5
15 5389 1
15 5390 1
15 16661 1
15 2326 1
15 7471 1
15 19741 1
15 8943 1
15 20256 1
15 7463 1
15 15751 2
15 18222 1
15 21295 4
15 17203 1
15 8502 1
15 17207 1
15 21305 1
15 18746 1
15 20284 1
15 6464 1
15 16194 1
15 22340 1
15 13641 2
15 7018 1
15 17230 1
15 15184 2
15 12625 3
15 18771 1
15 14677 6
15 13658 2
15 18267 4
15 22368 3
15 5473 1
15 15205 3
15 15210 1
15 9069 1
15 8636 1
15 9072 2
15 18289 1
15 6291 1
15 4468 1
15 1412 1
15 21383 1
15 17290 1
15 7564 1
15 8079 1
15 4496 4
15 22418 1
15 4500 1
15 698 1
15 7066 1
15 18843 1
15 8604 1
15 15266 2
15 419 1
15 18853 2
15 424 1
15 15276 1
15 18862 1
15 12852 2
15 15793 1
15 5554 1
15 4019 4
15 7604 1
15 19900 1
15 11710 1
15 22464 6
15 7110 1
15 13255 1
15 12746 1
15 7633 3
15 20434 1
15 4051 1
15 5591 1
15 3408 1
15 19938 1
15 999 1
15 10219 1
15 8684 1
15 3567 1
15 15864 1
15 6652 1
15 13821 1
16 12288 1
16 19460 1
16 12805 1
16 22188 1
16 9227 1
16 15444 1
16 13848 1
16 12825 1
16 17435 2
16 602 1
16 13854 1
16 16417 1
16 12842 1
16 3629 1
16 10799 1
16 12852 2
16 567 1
16 569 1
16 13658 1
16 14399 1
16 12352 1
16 578 1
16 4169 5
16 21586 3
16 7764 1
16 7765 1
16 5207 1
16 5210 1
16 18013 1
16 18016 1
16 7777 2
16 13412 1
16 2666 1
16 7471 1
16 20095 1
16 13440 1
16 13445 1
16 7303 1
16 13969 1
16 7314 1
16 6291 1
16 8346 1
16 15532 3
16 9901 2
16 22557 1
16 16049 2
16 20149 1
16 22198 1
16 8375 1
16 22200 1
16 19133 3
16 703 1
16 18632 2
16 13516 1
16 15566 1
16 719 1
16 14544 1
16 4306 1
16 13970 1
16 17700 1
16 4831 1
16 10976 1
16 20194 3
16 13027 2
16 7397 1
16 12018 4
16 5929 1
16 22267 1
16 2812 1
16 14592 2
16 4868 1
16 2310 1
16 17163 1
16 4364 1
16 22573 1
16 6938 1
16 21295 6
16 20357 1
16 7972 1
16 5925 1
16 6441 1
16 20269 1
16 18222 2
16 11055 1
16 13626 1
16 14047 1
16 17216 1
16 15170 1
16 12625 3
16 14677 1
16 6489 1
16 4442 1
16 20794 1
16 8549 1
16 3217 1
16 2706 1
16 15217 1
16 18818 1
16 14725 1
16 16778 1
16 4496 1
16 405 1
16 3479 1
16 9121 1
16 15266 1
16 424 1
16 9644 2
16 9458 3
16 7241 1
16 1976 1
16 12716 1
16 11708 1
16 22464 2
16 12750 1
16 9167 1
16 7635 1
16 9691 1
16 14306 1
16 8174 1
16 3055 1
16 4601 1
17 15362 1
17 13316 1
17 1544 2
17 22188 1
17 15532 1
17 19476 1
17 11438 1
17 19460 1
17 6695 1
17 22572 1
17 11821 1
17 567 1
17 569 1
17 18491 1
17 14399 1
17 15432 1
17 4169 4
17 4172 1
17 15441 1
17 21586 1
17 10837 2
17 5208 2
17 602 1
17 7776 1
17 18529 1
17 7778 1
17 7785 1
17 13937 1
17 6771 2
17 10857 1
17 5764 1
17 19596 1
17 14488 1
17 669 1
17 14495 1
17 673 1
17 11436 1
17 3758 1
17 16049 3
17 16054 2
17 11963 1
17 18108 1
17 19133 1
17 14530 1
17 20165 1
17 20167 1
17 20168 1
17 14028 1
17 3277 1
17 16592 1
17 721 1
17 20690 1
17 5337 3
17 14047 1
17 13027 3
17 7396 1
17 22252 2
17 9458 2
17 20723 1
17 20724 1
17 4364 3
17 13069 1
17 4884 1
17 18197 3
17 16662 1
17 13085 1
17 18209 1
17 17700 1
17 21295 3
17 21305 1
17 13626 1
17 5439 1
17 6464 1
17 17740 1
17 4942 1
17 12625 5
17 14677 1
17 9046 1
17 4440 1
17 13658 1
17 18267 3
17 11835 1
17 9069 1
17 17790 1
17 8878 1
17 17216 1
17 15339 1
17 8086 1
17 2442 2
17 5517 1
17 4496 2
17 4497 1
17 4502 1
17 3479 1
17 15773 1
17 15774 1
17 18853 1
17 17322 1
17 12018 2
17 11187 1
17 10677 1
17 1471 1
17 15808 1
17 11714 2
17 13388 1
17 14306 1
17 13803 1
17 8180 1
17 4602 1
17 11771 1
18 12288 3
18 13316 1
18 7686 1
18 12808 1
18 11787 1
18 18208 1
18 22542 2
18 17424 1
18 12825 2
18 6686 1
18 15903 2
18 1798 2
18 1578 1
18 16430 2
18 16946 2
18 16947 1
18 7221 1
18 3131 1
18 573 1
18 13887 1
18 13888 1
18 14306 1
18 16451 1
18 8262 1
18 18503 1
18 12360 2
18 13389 1
18 15951 1
18 15441 1
18 21586 2
18 5390 1
18 719 1
18 15971 2
18 18022 1
18 16998 1
18 18023 1
18 13418 1
18 18030 1
18 12911 1
18 13937 1
18 1650 1
18 21619 1
18 13428 4
18 22133 1
18 9848 1
18 6268 1
18 2325 1
18 13440 1
18 18562 1
18 13445 2
18 11398 1
18 4744 1
18 18570 1
18 16019 1
18 15508 1
18 12910 2
18 19607 1
18 11931 1
18 12446 1
18 17568 1
18 10096 1
18 18594 1
18 21617 1
18 8988 1
18 7854 1
18 17071 1
18 7345 1
18 7862 1
18 12471 1
18 12916 1
18 6687 1
18 8892 1
18 19133 2
18 16063 1
18 14017 1
18 20167 1
18 12192 1
18 19145 1
18 14028 1
18 20686 1
18 12495 1
18 6264 2
18 3796 3
18 22232 1
18 12505 2
18 15579 1
18 10972 1
18 7397 1
18 7400 2
18 7401 2
18 8938 1
18 5867 1
18 22252 1
18 7380 1
18 12927 1
18 18686 1
18 2310 1
18 18185 1
18 4364 2
18 10510 1
18 5391 1
18 2835 1
18 21781 1
18 21782 2
18 1308 1
18 7965 1
18 6943 1
18 6432 1
18 6951 1
18 16682 1
18 7471 1
18 16695 1
18 21305 2
18 5435 1
18 5437 1
18 19782 1
18 19784 1
18 13129 1
18 19786 1
18 6989 1
18 18766 1
18 4432 1
18 12625 3
18 9044 1
18 2873 1
18 12121 1
18 7514 2
18 8539 1
18 22369 1
18 2918 1
18 3943 2
18 15210 1
18 9072 1
18 8568 1
18 18154 1
18 12673 1
18 1922 1
18 14725 1
18 3462 1
18 15751 3
18 12680 1
18 17290 1
18 11672 2
18 10644 1
18 3991 1
18 3992 1
18 15855 1
18 4509 1
18 4000 1
18 11684 6
18 22437 1
18 15782 1
18 15784 1
18 15275 1
18 18354 1
18 1466 1
18 11708 1
18 22464 1
18 20384 1
18 4546 1
18 13772 1
18 9167 2
18 7633 1
18 9171 1
18 15322 1
18 15820 1
18 10206 2
18 9125 1
18 18207 1
18 12770 1
18 17892 1
18 999 1
18 7660 1
18 3055 4
18 7153 1
18 13516 2
18 15869 2
18 15359 1
19 12288 1
19 7690 1
19 2307 1
19 12825 1
19 17435 1
19 6685 1
19 6687 1
19 4650 1
19 3633 1
19 1074 1
19 9268 1
19 22581 1
19 7224 2
19 7225 1
19 14915 1
19 19553 1
19 15432 2
19 13389 1
19 15439 1
19 21586 1
19 10323 1
19 7258 1
19 7776 1
19 7777 1
19 7780 1
19 13425 1
19 22130 1
19 22133 2
19 632 1
19 633 1
19 20607 1
19 6787 1
19 19588 1
19 13445 1
19 13960 1
19 20111 1
19 7831 1
19 6512 1
19 13937 1
19 22188 1
19 6319 1
19 10928 1
19 7047 1
19 19133 5
19 19137 1
19 10436 1
19 20165 2
19 20167 1
19 20168 1
19 8906 1
19 13516 3
19 719 1
19 4306 1
19 7380 1
19 4310 1
19 22232 1
19 15567 1
19 14047 1
19 7392 1
19 7397 2
19 7911 1
19 5867 1
19 12013 2
19 3315 1
19 5929 1
19 17108 1
19 3323 1
19 20227 1
19 7433 1
19 17162 1
19 12625 2
19 7952 1
19 17681 1
19 6421 1
19 21295 2
19 13957 1
19 8992 1
19 4145 1
19 20265 2
19 1834 1
19 15751 1
19 20269 1
19 3886 1
19 16175 1
19 12081 1
19 16695 1
19 8511 1
19 15170 1
19 13128 1
19 4433 1
19 19124 1
19 15190 1
19 18267 1
19 22368 1
19 22373 1
19 8043 2
19 9069 3
19 9072 1
19 12147 1
19 20343 1
19 8568 1
19 12673 1
19 14725 1
19 1415 1
19 14730 1
19 4496 1
19 19347 1
19 3991 2
19 3992 1
19 3055 3
19 8604 1
19 17312 2
19 15266 2
19 1446 2
19 22442 1
19 15278 1
19 4464 1
19 7095 2
19 19900 2
19 11709 1
19 22464 2
19 13255 1
19 11737 1
19 10206 1
19 22267 1
19 6993 1
19 16367 1
19 7155 1
19 16886 1
19 11771 1
20 12288 2
20 15874 1
20 19460 1
20 7687 1
20 12823 1
20 12825 3
20 7706 1
20 17451 1
20 3629 2
20 1074 1
20 11832 1
20 12354 1
20 3652 3
20 8261 1
20 15432 1
20 4364 2
20 588 1
20 87 2
20 88 1
20 1626 2
20 12891 1
20 15979 1
20 15177 1
20 14448 1
20 13937 1
20 14969 1
20 5760 1
20 18056 1
20 22551 1
20 1167 3
20 1169 1
20 2706 2
20 5921 2
20 16030 1
20 17067 1
20 3758 1
20 11444 1
20 19133 2
20 2759 1
20 5332 1
20 17621 1
20 12502 1
20 20695 3
20 17626 1
20 15579 1
20 10972 1
20 1757 1
20 12512 1
20 22252 1
20 12013 1
20 12018 1
20 14592 1
20 4867 1
20 12044 2
20 20238 1
20 17170 1
20 4884 1
20 18197 2
20 17688 1
20 281 2
20 18209 1
20 17704 1
20 20266 1
20 16434 1
20 19255 1
20 21305 2
20 6459 1
20 16196 1
20 19785 3
20 8013 1
20 20303 1
20 12625 2
20 4438 1
20 21335 1
20 13657 1
20 18267 1
20 22368 2
20 17041 2
20 7529 1
20 9069 1
20 9072 1
20 5493 1
20 17788 1
20 7550 1
20 14725 1
20 1414 1
20 1415 1
20 15426 1
20 20882 1
20 7581 1
20 20384 1
20 4002 3
20 12716 2
20 13238 1
20 17737 2
20 14324 3
20 16831 1
20 7584 1
20 11714 2
20 8152 1
20 1465 1
20 8685 1
20 16366 1
20 11760 1
20 4081 1
20 20468 1
20 6136 1
20 15869 2
21 12288 1
21 8705 1
21 16367 1
21 10 1
21 17421 1
21 22032 2
21 17943 1
21 12825 2
21 11293 1
21 6686 1
21 6687 2
21 13863 1
21 1576 1
21 1578 1
21 15403 1
21 3629 1
21 8753 1
21 16434 1
21 17975 1
21 11832 1
21 13887 2
21 1600 1
21 1604 1
21 15432 1
21 7241 1
21 8778 1
21 19019 1
21 17484 1
21 12878 1
21 21586 1
21 11348 1
21 6234 1
21 19035 1
21 2146 1
21 6245 1
21 22119 1
21 13418 1
21 1895 1
21 16493 1
21 14448 2
21 13937 1
21 6770 1
21 13428 1
21 5994 1
21 5246 1
21 20095 1
21 13952 1
21 13445 1
21 646 1
21 15553 1
21 1161 1
21 19140 1
21 14495 1
21 5793 1
21 20642 1
21 5799 1
21 17576 1
21 10939 1
21 12481 2
21 14020 2
21 20165 1
21 8993 1
21 20168 3
21 14028 5
21 719 1
21 1744 2
21 7377 1
21 4306 1
21 14036 1
21 15579 3
21 15580 1
21 15581 1
21 4831 5
21 10464 2
21 13027 2
21 8421 1
21 8425 1
21 6382 1
21 14973 1
21 12529 1
21 18162 1
21 741 1
21 20218 1
21 18686 1
21 16131 2
21 4868 2
21 2310 1
21 775 1
21 18185 1
21 4364 3
21 18818 2
21 18191 1
21 7952 1
21 8980 1
21 18197 1
21 21782 1
21 8988 1
21 8989 1
21 16673 3
21 13602 1
21 16166 1
21 13532 2
21 8175 1
21 2860 1
21 5434 1
21 831 1
21 12625 2
21 8024 1
21 16223 2
21 22369 1
21 13159 3
21 17770 1
21 9069 2
21 10097 1
21 9074 3
21 3961 1
21 5498 1
21 16252 1
21 1918 2
21 1408 1
21 12673 1
21 1922 1
21 14725 1
21 8079 1
21 10644 2
21 917 1
21 13723 1
21 9122 1
21 18857 1
21 15275 1
21 6060 1
21 13232 1
21 10679 1
21 6076 1
21 4030 1
21 4032 1
21 21953 1
21 11714 6
21 588 2
21 15820 1
21 9167 1
21 11737 1
21 10205 1
21 14306 1
21 18406 1
21 8167 1
21 489 1
21 4263 1
21 492 1
21 3055 1
21 20468 1
21 4599 1
21 4601 1
21 15869 3
21 10238 1
21 13311 1
22 12288 5
22 15874 1
22 19461 1
22 7687 2
22 22025 1
22 9047 2
22 22032 3
22 18191 2
22 13844 1
22 15705 1
22 12825 1
22 6685 1
22 1627 1
22 8747 1
22 3629 2
22 16430 1
22 16431 1
22 11827 1
22 13663 1
22 573 1
22 12865 1
22 3650 1
22 16966 1
22 15431 1
22 12360 2
22 18505 1
22 1099 1
22 15438 1
22 15441 1
22 21586 2
22 15444 1
22 18005 1
22 10681 1
22 17499 1
22 11870 1
22 16998 1
22 7782 1
22 10428 1
22 2666 1
22 15982 1
22 8187 1
22 13937 1
22 6773 1
22 17017 1
22 20095 1
22 13440 1
22 13445 2
22 15494 1
22 1163 1
22 1167 1
22 9876 1
22 19607 3
22 9924 1
22 16539 1
22 8683 1
22 6512 1
22 19619 1
22 4263 1
22 22557 1
22 3258 1
22 19131 1
22 21692 1
22 19133 2
22 2239 1
22 16064 1
22 10436 1
22 20165 1
22 20167 1
22 20168 1
22 13516 1
22 12663 2
22 14028 5
22 20686 1
22 719 1
22 4306 1
22 10963 1
22 15064 1
22 22234 1
22 11471 1
22 7903 1
22 10464 3
22 17121 1
22 20194 1
22 10467 4
22 7396 1
22 7397 1
22 6379 1
22 12013 1
22 20722 5
22 11511 1
22 18686 3
22 14592 2
22 16643 1
22 4868 3
22 2310 1
22 20744 1
22 4364 4
22 6368 1
22 15119 1
22 12561 1
22 16665 1
22 6943 1
22 18210 1
22 16679 1
22 5935 1
22 10544 1
22 17202 1
22 17207 1
22 2873 1
22 4831 1
22 8513 1
22 16194 1
22 20291 1
22 3468 1
22 21305 2
22 13027 1
22 1337 1
22 6489 2
22 7547 1
22 5433 1
22 8421 2
22 22368 2
22 7010 1
22 6459 1
22 15209 1
22 15210 1
22 9069 3
22 9582 1
22 10096 1
22 12151 1
22 5498 1
22 379 1
22 14716 1
22 17790 1
22 17791 1
22 15232 1
22 12673 1
22 18818 1
22 7915 1
22 14725 1
22 16775 1
22 15752 1
22 1420 1
22 8079 1
22 20882 1
22 18837 1
22 13723 1
22 861 2
22 20384 2
22 9644 1
22 1266 1
22 15432 2
22 5554 1
22 1460 1
22 12878 2
22 22464 2
22 8144 1
22 7633 1
22 7637 1
22 9691 1
22 5085 2
22 12255 1
22 19938 1
22 19939 1
22 4074 1
22 21995 1
22 4589 1
22 4078 1
22 3055 1
22 4081 3
22 16374 1
22 8184 1
22 11771 1
22 15869 2
23 15617 1
23 4868 1
23 14725 3
23 8449 1
23 16998 1
23 1167 1
23 1168 1
23 1169 1
23 7570 2
23 1454 1
23 22032 1
23 22551 3
23 281 2
23 7069 2
23 15903 2
23 17312 1
23 19619 1
23 11684 2
23 15528 1
23 17707 1
23 11821 1
23 8238 3
23 5149 3
23 1076 1
23 5301 1
23 11449 2
23 21696 2
23 7745 1
23 11714 4
23 7749 1
23 12103 1
23 17225 1
23 603 1
23 9901 1
23 20686 2
23 6464 2
23 14584 1
23 5717 1
23 18852 2
23 1627 1
23 10972 1
23 14687 1
23 12973 2
23 10338 1
23 4453 1
23 10214 1
23 10471 1
23 7528 2
23 873 1
23 16363 2
23 7684 1
23 7408 3
23 21617 1
23 1266 1
23 10360 1
23 13435 1
23 18005 1
24 14592 1
24 2310 1
24 1074 1
24 12825 3
24 14725 1
24 16902 1
24 15754 1
24 12354 1
24 2063 3
24 22032 2
24 21782 1
24 22551 4
24 281 3
24 15528 3
24 9244 1
24 5149 1
24 15903 4
24 4640 1
24 15393 1
24 19619 4
24 11684 1
24 17067 1
24 21617 1
24 1576 1
24 13532 2
24 17707 2
24 8236 1
24 12973 1
24 8238 2
24 7069 1
24 14024 1
24 21364 1
24 11444 3
24 5301 2
24 20151 1
24 11449 1
24 12878 1
24 11821 2
24 1174 1
24 13445 1
24 8769 1
24 11714 2
24 12100 1
24 12103 1
24 15432 2
24 7408 1
24 20429 1
24 20686 8
24 248 3
24 21586 1
24 13475 1
24 5717 1
24 16727 1
24 88 2
24 18852 1
24 1167 3
24 10972 4
24 6622 2
24 10338 1
24 12625 2
24 16363 2
24 9069 1
24 7684 5
24 13679 2
24 11760 1
24 7409 5
24 14324 3
24 89 1
24 14583 1
24 10360 6
24 505 2
24 10830 1
24 18005 1
25 12288 1
25 9644 2
25 20494 1
25 12462 1
25 22551 4
25 19993 4
25 15903 1
25 1067 1
25 8236 1
25 8238 2
25 8753 1
25 5683 1
25 5687 1
25 63 1
25 16961 1
25 67 1
25 14404 1
25 71 1
25 15432 1
25 18505 1
25 1099 1
25 588 4
25 13901 1
25 81 3
25 7765 1
25 13398 1
25 2745 1
25 602 1
25 3676 1
25 8187 1
25 13425 1
25 6770 1
25 15987 1
25 1141 1
25 15486 1
25 20095 1
25 15808 1
25 13958 1
25 7303 1
25 13961 1
25 13963 1
25 1167 2
25 13969 1
25 1170 1
25 8341 1
25 1305 1
25 15512 2
25 11887 2
25 16030 1
25 16543 1
25 19619 2
25 4263 1
25 10408 3
25 10410 1
25 7852 1
25 14509 1
25 3758 1
25 12466 1
25 6771 1
25 12471 1
25 11449 1
25 3260 1
25 5321 1
25 20686 1
25 22234 1
25 10975 1
25 18162 1
25 248 1
25 8449 1
25 4868 1
25 15621 1
25 21768 1
25 7952 1
25 20014 1
25 281 2
25 4314 1
25 798 1
25 800 1
25 17371 2
25 3878 2
25 7463 1
25 7471 1
25 18227 2
25 8502 1
25 10555 2
25 15679 1
25 8512 2
25 22339 1
25 8015 1
25 15184 1
25 5970 1
25 14677 1
25 13838 1
25 4960 1
25 16273 1
25 7528 1
25 13161 1
25 7018 1
25 9583 1
25 3392 1
25 14725 1
25 3975 1
25 395 1
25 20877 1
25 910 1
25 21392 1
25 2712 1
25 20882 1
25 3991 2
25 3992 1
25 7069 1
25 17312 5
25 2978 1
25 16807 1
25 12716 1
25 2990 1
25 6055 1
25 19900 1
25 11710 1
25 22464 2
25 15809 1
25 11714 4
25 14276 1
25 15814 1
25 13255 2
25 9167 1
25 15825 1
25 9691 2
25 7432 1
25 6651 2
25 10726 1
25 7658 1
25 16363 1
25 16367 1
25 5800 1
25 14324 1
25 15350 1
25 7160 1
25 11771 1
25 85 4
26 15874 2
26 7684 1
26 20997 1
26 16903 1
26 22032 2
26 5141 1
26 22551 1
26 13849 3
26 4636 1
26 5661 1
26 15903 5
26 17671 1
26 8236 1
26 16434 1
26 2105 1
26 3134 1
26 1600 1
26 14402 1
26 20547 1
26 15432 1
26 588 2
26 13389 1
26 6464 1
26 15441 1
26 21586 2
26 85 2
26 86 2
26 87 1
26 7777 1
26 19555 1
26 7782 1
26 18022 1
26 11196 1
26 10625 1
26 626 1
26 21619 1
26 22133 3
26 7785 2
26 6776 1
26 13947 1
26 3197 1
26 15808 1
26 16833 1
26 13963 2
26 20110 1
26 7823 1
26 21142 1
26 19993 1
26 8351 1
26 5660 1
26 6770 1
26 17071 1
26 13493 1
26 10935 1
26 8376 1
26 6331 1
26 13901 1
26 12481 1
26 8898 1
26 13514 2
26 20686 1
26 20329 1
26 7893 1
26 12505 1
26 22234 1
26 10975 2
26 7397 2
26 744 1
26 22252 2
26 6382 2
26 6901 1
26 15610 1
26 18174 1
26 8449 2
26 4868 6
26 2310 3
26 20609 1
26 7432 2
26 15119 1
26 13852 1
26 2839 2
26 800 2
26 293 1
26 19238 3
26 2344 2
26 13611 1
26 12076 2
26 14386 1
26 16177 1
26 11570 1
26 15671 1
26 10555 2
26 3392 1
26 15170 1
26 13451 1
26 22340 1
26 12103 2
26 13129 3
26 15184 1
26 4433 1
26 1167 1
26 4960 1
26 22369 1
26 1895 1
26 873 1
26 9069 2
26 11632 1
26 2110 1
26 11708 1
26 15850 1
26 13697 1
26 12164 1
26 14725 1
26 21392 1
26 4497 1
26 3991 3
26 3992 2
26 13723 1
26 12188 1
26 12189 1
26 414 1
26 17312 1
26 15266 1
26 15269 1
26 6054 1
26 7595 1
26 2990 4
26 5552 1
26 6065 1
26 6066 1
26 11193 1
26 19900 3
26 11709 1
26 22464 2
26 15809 2
26 9167 5
26 9172 1
26 17370 3
26 17376 1
26 10832 1
26 10725 2
26 10726 1
26 16362 1
26 4602 1
26 8187 1
26 5118 2
27 12288 1
27 13316 5
27 4438 1
27 8013 1
27 7690 1
27 22032 4
27 15790 1
27 22551 3
27 12825 1
27 13852 1
27 22557 1
27 11294 2
27 15903 3
27 5664 1
27 15393 1
27 22571 1
27 5677 1
27 8238 2
27 14386 3
27 51 1
27 3636 1
27 14389 1
27 2105 1
27 2110 2
27 2111 1
27 2113 4
27 14402 1
27 20547 1
27 1092 1
27 15432 1
27 15434 1
27 21586 3
27 18005 1
27 86 1
27 12891 2
27 5818 1
27 19551 1
27 4707 1
27 7782 1
27 15548 1
27 18029 1
27 11887 1
27 21617 1
27 6770 2
27 7785 1
27 13440 1
27 2179 1
27 13961 1
27 10263 1
27 1167 1
27 21136 1
27 3217 1
27 7827 1
27 15512 2
27 22339 1
27 13475 1
27 17067 2
27 15534 1
27 12471 1
27 8376 1
27 11449 1
27 19642 1
27 6331 1
27 3260 1
27 17602 1
27 7371 1
27 20686 3
27 15567 1
27 4306 1
27 21203 1
27 20180 1
27 12505 1
27 7392 1
27 16612 1
27 741 1
27 7911 1
27 22252 1
27 17660 1
27 15614 1
27 8449 1
27 1067 1
27 4868 3
27 15621 1
27 2310 1
27 7432 2
27 22282 1
27 3339 1
27 15119 1
27 5909 1
27 281 1
27 800 1
27 13089 1
27 13611 1
27 16434 1
27 1841 1
27 17719 1
27 17209 1
27 6458 1
27 10555 1
27 21312 1
27 4417 1
27 13963 1
27 20292 1
27 12103 3
27 13129 2
27 10573 1
27 4433 1
27 9046 1
27 6489 2
27 20111 1
27 19804 1
27 861 1
27 4960 2
27 1889 1
27 6459 1
27 11196 1
27 9069 4
27 9583 1
27 6718 1
27 18810 1
27 11708 1
27 7548 1
27 12670 1
27 10623 1
27 8579 1
27 14725 1
27 20877 1
27 17807 2
27 21392 1
27 4497 2
27 20882 1
27 16275 1
27 405 1
27 3991 1
27 18841 1
27 7069 1
27 12190 1
27 20384 1
27 13730 1
27 9644 1
27 2990 2
27 12189 1
27 19808 1
27 6066 1
27 19900 3
27 16831 1
27 22464 3
27 5675 1
27 11714 1
27 7110 1
27 13255 1
27 15816 1
27 12746 1
27 9167 1
27 17366 1
27 4056 1
27 17370 1
27 6112 1
27 10210 1
27 18919 3
27 4074 1
27 4589 1
27 18940 1
27 5118 3
28 12288 2
28 7684 1
28 7687 1
28 18955 1
28 19478 1
28 22551 1
28 12825 2
28 15903 5
28 2310 1
28 8238 1
28 16431 1
28 16434 1
28 8769 1
28 15432 1
28 15434 2
28 15948 1
28 15949 1
28 10830 1
28 18005 2
28 13398 2
28 12888 1
28 18528 1
28 16998 1
28 15976 1
28 10857 1
28 15979 1
28 21613 1
28 625 1
28 22133 1
28 10360 2
28 16180 1
28 19588 1
28 13445 2
28 9351 1
28 1163 1
28 1167 1
28 1168 1
28 1169 1
28 1174 1
28 16544 1
28 20643 1
28 11444 1
28 5301 6
28 5818 1
28 19133 1
28 10434 1
28 16586 1
28 20343 1
28 20686 4
28 721 1
28 20695 1
28 8921 1
28 13532 3
28 21733 1
28 7911 1
28 14574 1
28 7409 1
28 7410 1
28 14583 2
28 18686 1
28 14592 1
28 19718 1
28 17162 1
28 4364 2
28 1410 1
28 15119 1
28 6702 1
28 17041 1
28 281 1
28 8988 1
28 293 1
28 19238 3
28 19764 1
28 21305 1
28 20794 1
28 6459 1
28 20284 1
28 19263 2
28 4417 1
28 16197 1
28 12625 1
28 4440 1
28 18267 1
28 15199 1
28 5473 1
28 7527 1
28 15208 1
28 9069 1
28 13679 1
28 19347 1
28 16756 1
28 12663 1
28 3963 1
28 15231 1
28 12673 1
28 1922 2
28 14725 1
28 9458 1
28 22258 1
28 20384 1
28 7592 1
28 22442 1
28 1266 1
28 1466 2
28 16831 1
28 22464 1
28 11714 1
28 16547 1
28 9167 1
28 13475 1
28 7637 1
28 4058 1
28 6622 1
28 4433 1
28 11760 1
28 7154 1
28 18932 1
28 11771 1
28 12799 2
29 15232 1
29 12288 1
29 7684 1
29 13445 1
29 13881 1
29 12808 1
29 9644 1
29 9098 1
29 4364 1
29 578 1
29 12942 1
29 15119 1
29 15508 1
29 12825 1
29 409 1
29 22188 1
29 17435 1
29 6686 1
29 14725 1
29 16547 1
29 11684 2
29 10408 1
29 15273 1
29 15275 1
29 15532 1
29 16301 1
29 16431 2
29 5552 1
29 3633 1
29 5301 1
29 2745 1
29 15903 4
29 21509 1
29 19133 1
29 22581 1
29 16833 1
29 11714 1
29 1733 1
29 16966 2
29 15359 1
29 13516 2
29 12151 1
29 13772 1
29 6733 1
29 9171 1
29 7380 1
29 4310 1
29 21305 1
29 11737 1
29 15322 1
29 603 1
29 10205 1
29 19783 1
29 22368 1
29 3169 1
29 7778 1
29 18212 1
29 7397 1
29 8012 2
29 21482 1
29 3055 1
29 1266 1
29 17395 1
29 12916 1
29 14583 1
29 12505 1
29 12799 1
29 12670 1
29 3711 1
30 12288 1
30 1547 1
30 22032 3
30 2065 2
30 12825 3
30 11293 1
30 15903 1
30 4640 1
30 20519 1
30 1578 2
30 22571 1
30 8236 1
30 8765 1
30 13887 1
30 3652 2
30 9398 1
30 15432 1
30 15434 1
30 12878 2
30 18005 1
30 8425 3
30 7777 1
30 7780 1
30 16998 1
30 19588 1
30 13963 1
30 1167 2
30 21136 1
30 5793 1
30 19619 2
30 9380 1
30 4263 1
30 17067 2
30 19124 1
30 5814 1
30 2747 1
30 14020 1
30 21189 2
30 20167 1
30 13516 1
30 20686 2
30 4306 1
30 20695 1
30 21727 1
30 19238 1
30 7400 2
30 15593 1
30 12013 1
30 19694 1
30 3878 1
30 14583 2
30 14592 2
30 14595 1
30 4868 2
30 2310 1
30 1921 1
30 18185 1
30 4364 1
30 10510 1
30 18209 1
30 20774 1
30 3881 1
30 16695 1
30 13131 2
30 15184 1
30 12625 1
30 22358 1
30 18267 1
30 16224 1
30 15201 2
30 5994 1
30 12151 1
30 17789 1
30 13697 1
30 1410 1
30 16775 1
30 17290 1
30 14743 1
30 13723 1
30 18851 1
30 6061 1
30 19143 1
30 6066 1
30 6067 1
30 16884 1
30 16831 3
30 21953 1
30 7110 2
30 20939 1
30 7628 1
30 14286 1
30 10830 1
30 6622 1
30 4433 1
30 492 1
30 14324 2
30 5623 1
31 19460 1
31 14725 1
31 16775 1
31 12429 1
31 19599 1
31 22032 2
31 16195 1
31 16661 2
31 19478 1
31 10263 1
31 11672 1
31 10269 1
31 6687 1
31 4002 1
31 13475 1
31 4263 1
31 18197 1
31 16430 1
31 797 1
31 16177 1
31 19124 1
31 21305 1
31 18108 1
31 15434 1
31 22368 1
31 22338 1
31 22339 1
31 15432 1
31 585 1
31 11850 1
31 8013 2
31 14798 1
31 21841 1
31 12756 1
31 18005 2
31 4438 1
31 20695 2
31 15119 1
31 10206 1
31 10464 2
31 3285 1
31 16998 1
31 12013 1
31 19133 1
31 20722 1
31 13428 1
31 16374 1
31 5623 1
31 3711 1
32 12288 1
32 14592 1
32 6786 1
32 8579 1
32 4868 1
32 20686 1
32 7617 1
32 18185 1
32 17290 1
32 13963 1
32 20418 1
32 1167 1
32 22032 1
32 6801 1
32 19035 1
32 13844 1
32 8878 1
32 21782 1
32 19607 1
32 12825 1
32 13723 1
32 22557 1
32 15903 2
32 8992 1
32 18209 1
32 13475 1
32 11684 2
32 18214 1
32 16679 1
32 5929 1
32 11927 1
32 18222 1
32 21295 1
32 11440 1
32 7218 1
32 21692 1
32 22198 1
32 4484 1
32 17106 1
32 21305 1
32 11708 1
32 19133 2
32 10464 3
32 11714 1
32 585 1
32 5835 1
32 17485 1
32 18766 1
32 15949 1
32 13240 1
32 20690 1
32 13428 1
32 3285 1
32 2745 1
32 9305 1
32 9167 1
32 10206 1
32 22368 2
32 5089 1
32 13026 1
32 21733 1
32 16998 1
32 15976 1
32 7785 1
32 13418 1
32 4263 1
32 492 1
32 4818 1
32 6461 1
32 20722 2
32 13129 1
32 7540 1
32 17790 1
32 7799 1
32 18005 1
32 12153 1
32 14970 1
32 15869 1
32 18686 2
32 13951 1
33 12288 1
33 1280 1
33 19460 1
33 16385 1
33 4617 1
33 7690 1
33 22032 3
33 2578 1
33 10263 1
33 11298 1
33 12325 1
33 1578 1
33 8236 1
33 16430 1
33 16431 1
33 22581 1
33 12342 1
33 7604 1
33 13887 4
33 20547 1
33 8262 1
33 4680 1
33 587 1
33 13389 1
33 8685 1
33 18005 2
33 86 1
33 19036 1
33 18016 1
33 7778 1
33 18023 2
33 7785 1
33 13418 2
33 11887 1
33 14448 1
33 13425 1
33 13428 2
33 5750 1
33 17535 1
33 22464 3
33 6786 1
33 13444 1
33 646 1
33 22551 1
33 13969 1
33 17046 1
33 4247 1
33 14488 1
33 18077 1
33 16544 1
33 16546 1
33 16035 1
33 4263 1
33 4776 3
33 20649 1
33 10410 1
33 17067 1
33 12465 2
33 22198 1
33 21620 1
33 19133 2
33 4799 1
33 13516 2
33 13514 1
33 14028 2
33 12495 1
33 7888 1
33 9425 1
33 12498 1
33 10963 1
33 3796 1
33 11479 1
33 15567 1
33 10975 1
33 3302 1
33 7400 2
33 745 1
33 14060 1
33 19183 1
33 19184 2
33 2344 1
33 12018 2
33 19187 1
33 7380 1
33 8954 1
33 6214 1
33 14592 1
33 21761 1
33 4867 1
33 7432 1
33 18185 3
33 17229 1
33 9090 1
33 18191 1
33 2839 1
33 1305 1
33 4382 1
33 3362 1
33 19238 1
33 18215 1
33 18216 1
33 7409 1
33 18222 1
33 2351 2
33 18736 1
33 1844 1
33 9015 1
33 21305 2
33 8006 1
33 841 1
33 8013 1
33 20303 1
33 12624 1
33 12625 2
33 4438 1
33 15704 1
33 15706 1
33 15710 1
33 13663 1
33 22369 1
33 9069 1
33 15221 1
33 20343 1
33 12670 1
33 1922 1
33 8579 1
33 10636 1
33 7055 1
33 16272 1
33 20882 1
33 3991 2
33 3992 1
33 13723 4
33 11334 1
33 15774 1
33 17312 1
33 6982 1
33 11687 1
33 18857 1
33 11180 1
33 6216 1
33 12212 1
33 19900 1
33 6077 1
33 6080 1
33 8131 1
33 6599 1
33 12746 2
33 9167 2
33 9169 1
33 16547 2
33 9686 1
33 20218 1
33 10206 1
33 11749 1
33 4433 1
33 10407 1
33 7660 1
33 4589 1
33 3055 1
33 11760 1
33 10408 1
33 1013 1
33 5063 1
33 18424 1
33 5118 1
34 18191 1
34 8193 1
34 7684 1
34 9223 1
34 13963 1
34 4364 1
34 11714 2
34 10510 1
34 1167 2
34 1168 2
34 18197 1
34 3649 1
34 22551 4
34 1048 1
34 281 1
34 11887 1
34 284 1
34 22557 2
34 17313 1
34 19619 4
34 1959 2
34 10410 1
34 2793 1
34 14509 1
34 8238 1
34 14493 1
34 16177 1
34 22581 1
34 9145 1
34 8892 1
34 16193 1
34 12354 1
34 15499 1
34 7069 1
34 13516 1
34 588 2
34 11604 1
34 15317 1
34 86 1
34 11449 1
34 12018 1
34 7567 1
34 14324 1
34 12481 1
34 7397 1
34 16998 1
34 7529 2
34 16367 2
34 11760 1
34 10097 1
34 1266 2
34 15220 1
34 15221 1
34 13558 2
34 5623 2
34 10360 1
34 84 2
34 15227 1
34 19184 1
35 12288 1
35 4610 1
35 7686 1
35 7687 2
35 18185 2
35 15499 1
35 20882 1
35 6982 1
35 22551 4
35 587 1
35 281 1
35 3362 1
35 22557 1
35 13854 1
35 20384 1
35 14369 1
35 9506 1
35 16547 1
35 12325 2
35 10407 4
35 17577 1
35 20651 1
35 14509 1
35 18100 1
35 22581 1
35 4617 1
35 11449 1
35 13884 1
35 16190 1
35 18528 1
35 16544 1
35 11714 4
35 2793 1
35 12870 5
35 12360 2
35 5623 1
35 13516 1
35 11298 1
35 20303 1
35 12329 3
35 22234 2
35 4687 1
35 14682 2
35 22368 1
35 13937 1
35 14306 1
35 3428 1
35 13160 1
35 7785 1
35 13863 1
35 11887 1
35 19184 1
35 3313 2
35 15218 1
35 20649 3
35 14717 1
35 5246 1
36 12288 1
36 13697 1
36 11524 1
36 4486 1
36 3329 1
36 15752 1
36 18185 3
36 3339 1
36 21264 1
36 22551 1
36 7110 1
36 7684 1
36 4507 1
36 8989 1
36 13854 1
36 20384 1
36 14369 1
36 9506 1
36 16547 1
36 12325 3
36 19238 1
36 10407 2
36 10408 1
36 18140 1
36 15532 1
36 7216 1
36 12360 1
36 8585 1
36 10996 1
36 8892 1
36 19133 1
36 16190 1
36 7103 1
36 17312 2
36 11714 1
36 11334 1
36 20167 1
36 15432 1
36 588 1
36 16695 1
36 14028 1
36 3362 1
36 20303 1
36 12625 1
36 21586 1
36 84 1
36 18005 1
36 15190 1
36 21305 1
36 4440 1
36 10978 1
36 9167 1
36 13532 1
36 22369 1
36 14306 2
36 15227 1
36 19814 1
36 13160 1
36 7660 1
36 16367 1
36 19184 1
36 12018 1
36 13428 1
36 15221 1
36 5623 1
36 248 1
36 4601 1
36 13435 1
36 13089 1
36 1918 1
36 17791 1
37 9729 1
37 4611 1
37 16902 1
37 7690 1
37 7180 1
37 1549 1
37 22032 9
37 13912 1
37 7178 1
37 10264 1
37 22553 1
37 17435 1
37 6685 1
37 15903 3
37 12891 1
37 10246 1
37 4649 1
37 8236 1
37 20013 1
37 22062 1
37 6706 1
37 11827 1
37 1076 1
37 21557 1
37 54 1
37 12343 1
37 11832 1
37 13834 1
37 3646 1
37 13965 1
37 4960 1
37 15426 1
37 5702 1
37 22369 1
37 15432 1
37 18505 1
37 13389 1
37 13819 1
37 696 1
37 11858 1
37 6741 1
37 13398 3
37 9816 1
37 9817 1
37 5391 1
37 3676 2
37 361 1
37 3171 1
37 19556 1
37 7782 1
37 7783 1
37 3260 1
37 18195 1
37 21613 1
37 6256 1
37 13937 1
37 1138 1
37 787 1
37 1141 1
37 2166 1
37 12905 1
37 16504 1
37 13947 1
37 8042 1
37 15486 1
37 15491 1
37 13445 1
37 9351 1
37 18056 1
37 4209 2
37 1163 2
37 15161 1
37 19599 1
37 4205 1
37 6290 1
37 11632 1
37 4263 2
37 10920 1
37 13994 1
37 22188 1
37 14509 1
37 3758 2
37 3759 1
37 19124 1
37 5301 1
37 9398 3
37 12471 2
37 8376 1
37 2704 1
37 8892 1
37 19133 1
37 22133 2
37 19137 1
37 14020 2
37 13516 1
37 719 1
37 14200 1
37 7380 1
37 20431 1
37 1760 1
37 7889 1
37 7400 1
37 7401 2
37 22252 1
37 13681 1
37 22557 1
37 6901 1
37 6902 1
37 18985 1
37 18173 1
37 14592 1
37 8449 1
37 18046 1
37 4868 4
37 20143 1
37 22278 1
37 19719 1
37 7432 1
37 17162 1
37 13069 1
37 15119 5
37 11027 1
37 17172 1
37 16430 1
37 2839 3
37 15128 1
37 6937 1
37 10012 1
37 14622 1
37 1925 2
37 17184 1
37 7457 1
37 3364 1
37 16166 1
37 7975 1
37 5929 1
37 15751 1
37 2348 1
37 1841 1
37 15666 1
37 8499 1
37 5941 1
37 14473 1
37 21305 2
37 18746 1
37 17211 1
37 15170 1
37 17219 1
37 1590 1
37 5687 1
37 8013 1
37 8015 2
37 21842 1
37 14677 1
37 4438 1
37 5945 1
37 2394 1
37 14686 1
37 11104 1
37 3937 1
37 17251 1
37 22374 1
37 19816 1
37 21865 1
37 20330 1
37 8043 1
37 9069 3
37 9583 1
37 9072 1
37 10097 1
37 15220 1
37 11638 1
37 12663 1
37 18808 1
37 15227 1
37 3455 1
37 12673 2
37 12162 1
37 14725 1
37 17287 1
37 4493 2
37 4496 2
37 7570 1
37 19347 1
37 17814 1
37 3992 1
37 4509 2
37 15262 1
37 20384 1
37 15266 3
37 15273 1
37 22442 1
37 17836 1
37 6578 2
37 15794 1
37 21577 1
37 19900 3
37 19396 1
37 22262 1
37 13255 2
37 13772 1
37 9167 5
37 7634 1
37 7124 1
37 9686 1
37 12252 1
37 10205 1
37 19938 1
37 8187 1
37 20971 1
37 21586 3
37 4449 1
37 10408 1
37 7155 1
37 5186 1
37 5627 1
37 13821 1
37 5118 1
38 9729 1
38 5636 1
38 16902 1
38 6257 1
38 7178 2
38 18955 1
38 1549 1
38 7183 1
38 22032 1
38 15448 1
38 19204 1
38 9758 1
38 15903 7
38 16417 1
38 19493 1
38 7208 1
38 21033 1
38 4650 1
38 1067 1
38 8236 1
38 18477 1
38 20014 1
38 22280 1
38 1076 1
38 2105 6
38 17930 1
38 3134 1
38 18497 1
38 20547 2
38 19526 1
38 3937 1
38 72 1
38 18505 1
38 5303 1
38 16460 1
38 13389 4
38 10833 1
38 21586 8
38 595 1
38 4692 1
38 5208 2
38 20576 1
38 16144 1
38 10854 3
38 9832 1
38 10857 1
38 4205 1
38 14448 1
38 4209 1
38 22133 1
38 20329 1
38 17017 1
38 14970 1
38 5755 1
38 4222 1
38 13445 1
38 7361 1
38 14985 1
38 13963 1
38 11916 1
38 1167 1
38 13969 1
38 3220 1
38 10436 1
38 11632 1
38 13986 1
38 4263 1
38 10408 1
38 12969 1
38 3243 1
38 6317 1
38 21679 1
38 10928 1
38 5301 3
38 9398 1
38 12471 2
38 696 1
38 2745 1
38 2747 2
38 19133 5
38 1141 1
38 19137 1
38 2243 1
38 14020 2
38 4807 2
38 13516 3
38 20686 1
38 7117 1
38 8021 1
38 12153 1
38 4866 1
38 14543 1
38 12163 1
38 16607 1
38 7392 1
38 21733 1
38 7399 1
38 745 1
38 21227 1
38 7634 2
38 5876 1
38 1269 1
38 22262 1
38 13937 1
38 15609 1
38 588 1
38 8449 1
38 15618 1
38 4868 4
38 7432 1
38 7433 2
38 20234 1
38 8460 1
38 12558 3
38 15119 5
38 13072 1
38 10515 1
38 16661 2
38 10006 1
38 2839 3
38 15128 3
38 6938 1
38 8988 2
38 22234 1
38 14622 1
38 1925 1
38 18208 1
38 4385 1
38 10531 1
38 10972 1
38 5929 2
38 11572 1
38 5941 1
38 8502 1
38 21305 3
38 18746 2
38 10555 1
38 7485 1
38 7529 1
38 12746 1
38 17219 1
38 13128 1
38 21680 1
38 17740 1
38 4945 1
38 22354 1
38 14677 2
38 2873 1
38 12602 1
38 8031 1
38 14688 1
38 22369 1
38 2914 1
38 7483 1
38 10089 1
38 9069 2
38 15216 1
38 20343 1
38 18016 1
38 11708 1
38 6175 1
38 8063 1
38 9600 1
38 12673 1
38 18818 1
38 2947 1
38 9093 1
38 16774 1
38 15754 1
38 395 1
38 10636 2
38 4496 1
38 4419 1
38 3992 1
38 18842 1
38 13723 1
38 4509 1
38 11678 1
38 20012 1
38 15266 6
38 16804 1
38 71 1
38 2990 1
38 12852 2
38 434 1
38 7606 1
38 73 1
38 8123 1
38 19900 7
38 15808 1
38 1473 1
38 8779 1
38 20420 2
38 6902 1
38 13388 2
38 15818 1
38 14583 1
38 13730 2
38 9167 4
38 19410 1
38 2524 1
38 20448 1
38 22499 1
38 3047 1
38 1000 1
38 18940 1
38 15850 1
38 20459 1
38 22572 1
38 7664 1
38 8180 1
38 4599 1
38 8188 1
38 21845 1
39 12288 1
39 7684 4
39 7686 2
39 8449 1
39 13832 1
39 522 1
39 22030 1
39 7184 1
39 19993 4
39 15903 1
39 12891 1
39 13404 1
39 20010 5
39 12333 1
39 20014 2
39 9777 2
39 11827 1
39 12852 1
39 3127 1
39 4665 1
39 4161 1
39 3138 1
39 20547 1
39 18505 1
39 21586 2
39 1627 2
39 3676 4
39 14324 1
39 1631 1
39 15971 2
39 15976 3
39 8892 1
39 14448 1
39 6770 1
39 15987 1
39 22133 1
39 15481 2
39 15482 1
39 1984 1
39 13954 1
39 15491 1
39 19588 3
39 14469 1
39 13958 1
39 13451 1
39 11916 1
39 13763 1
39 15508 1
39 14485 1
39 19094 1
39 10265 1
39 2712 1
39 667 1
39 16544 1
39 15012 1
39 10407 2
39 10408 2
39 17067 2
39 14024 1
39 21619 1
39 12471 2
39 2745 3
39 3259 1
39 15548 1
39 19133 1
39 4831 1
39 17608 1
39 10441 1
39 13516 1
39 20686 2
39 22232 1
39 11995 1
39 13532 1
39 21726 1
39 15583 2
39 7392 1
39 6371 1
39 740 1
39 9169 1
39 22252 1
39 21745 1
39 9458 1
39 5876 1
39 1269 1
39 15609 1
39 15610 1
39 11007 1
39 1280 1
39 14081 1
39 17155 1
39 4868 2
39 2309 1
39 20232 1
39 20234 1
39 11020 1
39 12558 1
39 15119 1
39 787 1
39 4884 1
39 8988 1
39 13445 4
39 15648 1
39 17707 1
39 2348 1
39 19764 1
39 8502 1
39 10555 1
39 831 1
39 8512 1
39 16193 3
39 17218 1
39 1163 1
39 13129 1
39 7499 1
39 19938 1
39 8015 4
39 15184 1
39 5970 1
39 14677 4
39 13143 1
39 19720 1
39 13153 1
39 9069 3
39 19823 1
39 11632 1
39 3954 1
39 11636 1
39 14484 1
39 11708 1
39 12670 1
39 17793 1
39 14725 1
39 10975 1
39 8077 1
39 7055 1
39 15763 1
39 9621 1
39 3991 1
39 1944 1
39 5103 1
39 415 1
39 17312 3
39 15777 1
39 18851 1
39 11684 1
39 5543 1
39 2990 1
39 11193 1
39 19900 5
39 20013 1
39 11710 1
39 11711 1
39 22464 1
39 20384 2
39 17859 4
39 15817 1
39 15820 1
39 11726 1
39 9167 2
39 15825 5
39 9684 3
39 1925 1
39 11737 1
39 834 1
39 11514 1
39 4944 1
39 10210 1
39 10219 2
39 16367 1
39 7665 2
39 7155 1
39 16372 1
39 7158 1
39 6651 1
39 13821 1
40 12288 1
40 1538 1
40 7683 1
40 7684 4
40 16901 1
40 7686 1
40 8449 1
40 7180 1
40 1549 1
40 7182 1
40 7183 1
40 8208 1
40 10265 2
40 17435 1
40 13316 1
40 15903 6
40 21295 1
40 5666 1
40 3419 1
40 21542 1
40 4647 2
40 20010 1
40 20012 3
40 6066 1
40 8238 1
40 13360 1
40 9777 1
40 1076 2
40 12341 1
40 12343 1
40 2105 3
40 8765 1
40 20547 1
40 4678 1
40 1889 1
40 22088 1
40 8778 2
40 1099 1
40 18510 1
40 21586 1
40 22030 1
40 3676 2
40 18016 1
40 4194 1
40 12390 1
40 3176 1
40 11708 4
40 2666 1
40 625 1
40 6770 1
40 10867 1
40 5748 1
40 22133 1
40 5993 1
40 17017 1
40 4287 1
40 15485 1
40 20607 1
40 14978 1
40 19588 1
40 13445 2
40 11398 1
40 13961 3
40 12426 1
40 7308 1
40 1167 4
40 20112 1
40 14994 1
40 7827 1
40 17156 1
40 19993 3
40 15512 1
40 12446 1
40 15216 2
40 19619 2
40 15012 1
40 21617 1
40 10408 2
40 10410 1
40 683 1
40 1138 1
40 13486 1
40 1266 1
40 10928 1
40 5301 1
40 4461 1
40 2747 2
40 19133 4
40 7870 1
40 1141 1
40 21696 2
40 20014 1
40 15820 2
40 13516 1
40 20686 2
40 17108 1
40 14552 1
40 12505 1
40 10972 7
40 10407 1
40 6372 2
40 741 1
40 19174 1
40 9169 2
40 745 1
40 18983 1
40 22252 2
40 15090 1
40 15609 1
40 3455 1
40 11007 2
40 14081 1
40 10499 1
40 4868 1
40 7553 1
40 20232 1
40 22572 1
40 20013 1
40 21264 1
40 2834 1
40 12565 1
40 15128 1
40 7963 1
40 8988 1
40 797 1
40 16773 1
40 15648 1
40 3878 2
40 2346 1
40 2349 1
40 18222 2
40 7471 3
40 7476 1
40 8502 1
40 12852 1
40 6458 1
40 10555 1
40 11068 1
40 16701 1
40 15166 1
40 6976 1
40 16193 3
40 20292 1
40 13129 4
40 6989 1
40 8015 2
40 3408 1
40 14677 4
40 21305 1
40 13144 1
40 4495 1
40 860 1
40 18746 1
40 2911 1
40 22369 1
40 19816 2
40 20329 1
40 20967 1
40 9069 7
40 5693 1
40 11632 1
40 3393 1
40 7039 2
40 12673 1
40 18818 1
40 21381 1
40 19847 1
40 15754 1
40 6541 1
40 7055 1
40 4496 1
40 19349 1
40 11672 3
40 18841 1
40 8604 1
40 4509 1
40 17312 2
40 5537 1
40 15266 2
40 18851 1
40 2980 1
40 22437 1
40 16806 1
40 12716 1
40 6386 1
40 6064 1
40 20914 1
40 4019 2
40 19900 4
40 11709 1
40 11710 3
40 3519 1
40 22464 4
40 17859 1
40 13255 1
40 15817 1
40 13772 1
40 20429 2
40 15825 3
40 9684 1
40 9686 1
40 2519 1
40 17881 1
40 12111 1
40 4602 1
40 7137 1
40 19939 1
40 19943 1
40 18921 1
40 10219 1
40 7660 1
40 7154 1
40 17395 1
40 10234 1
40 6651 1
40 5118 1
41 7183 1
41 5379 1
41 13848 1
41 10265 1
41 15903 1
41 2310 1
41 22061 2
41 20014 2
41 12852 1
41 11832 1
41 2105 1
41 4449 1
41 13389 1
41 8270 1
41 21586 2
41 7764 1
41 5717 1
41 5208 1
41 10330 1
41 10337 1
41 19900 2
41 4205 1
41 13937 2
41 5748 1
41 1141 1
41 3702 1
41 18046 1
41 14978 1
41 18051 1
41 13445 1
41 4289 1
41 15498 1
41 11916 1
41 13453 1
41 11918 1
41 11919 1
41 3217 1
41 19993 1
41 10098 1
41 10928 1
41 21172 1
41 12471 1
41 2747 1
41 19133 1
41 19137 1
41 5318 1
41 19405 1
41 11479 1
41 1758 1
41 15583 1
41 6372 1
41 8422 1
41 6514 1
41 22252 3
41 14574 1
41 11902 1
41 17142 1
41 10492 1
41 1834 1
41 11007 1
41 14081 1
41 16131 1
41 4868 1
41 22278 1
41 13069 1
41 12558 1
41 15128 1
41 3878 1
41 17706 1
41 4831 1
41 13116 1
41 4234 1
41 4418 1
41 12613 1
41 14677 2
41 4438 1
41 6489 2
41 1167 1
41 14688 1
41 22369 1
41 7011 1
41 2407 1
41 5993 1
41 8043 1
41 10604 3
41 365 1
41 6512 1
41 16242 1
41 20343 1
41 8569 1
41 1918 1
41 12673 2
41 1922 1
41 1925 1
41 15751 1
41 4496 7
41 4498 1
41 10651 1
41 8604 1
41 4509 1
41 7582 1
41 17312 1
41 9121 1
41 15266 3
41 11684 1
41 9125 1
41 16294 1
41 15273 2
41 16302 1
41 4510 2
41 11196 1
41 22464 3
41 5536 1
41 13763 1
41 16838 1
41 15820 1
41 9122 1
41 10191 1
41 15825 1
41 10214 1
41 9069 1
41 18921 1
41 12778 1
41 12779 1
41 7663 1
41 6652 1
42 19460 2
42 10 2
42 7570 1
42 1048 1
42 7706 1
42 29 1
42 22573 1
42 18481 2
42 1076 1
42 7224 1
42 2105 3
42 11835 1
42 13889 2
42 22082 3
42 1607 1
42 15432 1
42 1609 1
42 15434 4
42 11703 1
42 13389 1
42 592 1
42 21586 4
42 11348 1
42 15448 5
42 21606 1
42 15209 1
42 10362 1
42 5246 5
42 5248 2
42 11398 1
42 20103 2
42 15500 1
42 4238 1
42 13969 4
42 13970 1
42 9369 3
42 13981 1
42 22175 1
42 17063 1
42 3752 1
42 17067 1
42 22188 2
42 8878 2
42 1711 1
42 2224 1
42 16049 1
42 19638 1
42 2745 1
42 8892 3
42 19133 1
42 2244 1
42 7880 1
42 13516 1
42 5337 1
42 9167 2
42 638 1
42 7392 1
42 14051 1
42 15314 1
42 12670 2
42 13562 1
42 18174 1
42 1281 1
42 3339 1
42 4364 2
42 6414 1
42 271 1
42 273 1
42 274 1
42 11027 1
42 6421 1
42 8988 1
42 16157 1
42 14725 1
42 13113 1
42 17290 1
42 15328 1
42 13127 2
42 8012 1
42 17741 1
42 11604 2
42 17241 1
42 17242 1
42 22368 1
42 3937 1
42 3217 1
42 8041 3
42 3436 1
42 13677 1
42 6517 2
42 20342 1
42 17790 1
42 9621 1
42 12673 1
42 5509 1
42 15751 1
42 2442 6
42 17291 2
42 4493 1
42 4845 1
42 4496 2
42 4498 4
42 917 1
42 5529 1
42 6041 1
42 10650 1
42 16367 1
42 4509 1
42 20384 2
42 14753 1
42 4012 1
42 13741 1
42 7241 1
42 16826 1
42 1467 1
42 19900 1
42 12734 1
42 22464 2
42 11714 1
42 13252 2
42 13768 1
42 11723 1
42 3023 2
42 7634 1
42 9887 1
42 22496 1
42 8678 2
42 10834 1
42 7663 2
42 11760 1
42 18420 1
42 4087 1
42 8184 1
43 12288 1
43 19460 1
43 19478 1
43 12292 5
43 29 2
43 15903 1
43 18472 1
43 22571 1
43 8236 1
43 14386 2
43 18483 1
43 1076 1
43 2105 2
43 22082 1
43 268 1
43 588 1
43 15949 2
43 15442 1
43 4691 1
43 15448 4
43 605 1
43 8804 1
43 3176 1
43 21617 1
43 17016 1
43 633 1
43 5246 1
43 10886 1
43 4746 2
43 1163 3
43 9069 1
43 4240 1
43 1169 1
43 9887 1
43 10403 1
43 17062 2
43 17063 1
43 11434 1
43 13389 1
43 12469 1
43 9398 1
43 9402 2
43 8379 1
43 1733 1
43 11979 1
43 719 1
43 5331 1
43 8378 1
43 18140 2
43 14047 1
43 15403 2
43 13937 1
43 18174 1
43 1280 1
43 1067 1
43 4364 2
43 274 1
43 18197 1
43 21797 1
43 5936 1
43 14387 3
43 4414 1
43 834 1
43 4438 1
43 22364 1
43 22369 1
43 1380 1
43 3217 1
43 8041 3
43 13677 1
43 6517 1
43 20343 1
43 8568 1
43 16252 1
43 15735 1
43 9600 1
43 1922 1
43 6531 3
43 18311 1
43 5513 1
43 2442 6
43 18316 1
43 4509 1
43 20384 3
43 1467 1
43 12733 1
43 11714 2
43 13252 5
43 13768 1
43 11724 1
43 9167 1
43 15312 1
43 469 1
43 22499 1
43 21586 1
43 16374 1
43 8184 1
43 6652 1
43 13821 1
43 12799 2
44 2563 1
44 7694 1
44 17429 1
44 29 1
44 15903 1
44 19493 1
44 8236 1
44 13357 1
44 1076 1
44 11318 1
44 55 1
44 2105 4
44 2111 1
44 1600 1
44 22082 1
44 16968 1
44 18505 1
44 17996 1
44 13901 1
44 21586 1
44 7764 1
44 15448 2
44 7771 1
44 15460 1
44 10854 1
44 22124 1
44 16558 1
44 20095 1
44 3217 1
44 22175 1
44 15532 1
44 3758 1
44 22557 2
44 2239 1
44 17602 1
44 7880 1
44 17612 1
44 3278 1
44 7897 1
44 10975 1
44 7392 1
44 5867 1
44 17142 1
44 5503 2
44 4868 3
44 19718 1
44 17671 1
44 14088 1
44 16651 2
44 4364 1
44 11027 1
44 14622 1
44 21797 1
44 1833 1
44 20292 1
44 17740 1
44 17229 1
44 8077 1
44 17807 1
44 8549 1
44 3435 2
44 9069 1
44 17791 2
44 17793 1
44 2442 2
44 20877 2
44 7055 1
44 4496 1
44 20890 1
44 15774 1
44 15266 2
44 20389 1
44 15273 1
44 7601 2
44 434 1
44 11187 1
44 22464 1
44 13763 1
44 12746 1
44 9167 1
44 7633 1
44 15314 1
44 9171 1
44 6646 1
44 4602 1
44 8188 1
44 16382 1
45 9600 1
45 17155 1
45 12292 1
45 9227 1
45 7634 1
45 2990 1
45 4868 1
45 29 1
45 14622 1
45 15903 1
45 7584 1
45 16804 1
45 19494 1
45 18481 2
45 21032 1
45 8236 1
45 22574 1
45 16049 1
45 17202 1
45 51 1
45 13493 1
45 55 2
45 21305 1
45 20284 1
45 19133 1
45 831 1
45 22464 2
45 4417 2
45 17163 1
45 13252 1
45 5543 1
45 5703 1
45 17996 1
45 15566 1
45 17359 1
45 21586 1
45 15315 1
45 2105 2
45 6622 1
45 14047 1
45 4960 1
45 22032 2
45 15460 1
45 9831 1
45 5352 1
45 3435 1
45 3436 1
45 9069 2
45 16367 1
45 6902 1
45 8187 1
45 5118 1
46 13316 1
46 7686 1
46 7183 1
46 22032 1
46 3332 1
46 22557 1
46 15903 4
46 12976 1
46 4647 2
46 4649 1
46 8238 1
46 20016 1
46 10265 1
46 12342 1
46 5687 1
46 2105 1
46 1086 1
46 17983 1
46 2113 1
46 12354 1
46 7241 1
46 13389 1
46 10321 1
46 21586 2
46 5717 1
46 3676 1
46 19550 1
46 9832 1
46 13425 1
46 6770 1
46 15987 1
46 22133 1
46 2166 1
46 14969 1
46 6778 1
46 19582 1
46 20095 1
46 13445 1
46 13961 1
46 17203 1
46 20112 1
46 7313 1
46 2243 1
46 19993 1
46 15512 1
46 21146 1
46 13981 1
46 16030 1
46 8351 1
46 21276 1
46 21168 1
46 19571 1
46 19124 1
46 4277 1
46 12471 1
46 8892 1
46 1141 1
46 6849 1
46 6339 1
46 4809 1
46 14037 1
46 10975 2
46 6372 1
46 7397 1
46 4843 1
46 22252 2
46 17142 1
46 18173 1
46 18174 1
46 11007 1
46 8449 1
46 4868 4
46 21256 1
46 8457 1
46 15119 1
46 329 1
46 7451 1
46 8988 1
46 14622 1
46 5929 2
46 17706 1
46 15666 1
46 18227 1
46 15160 1
46 15161 1
46 18746 1
46 15166 1
46 22340 1
46 21318 1
46 13129 3
46 8012 1
46 4941 1
46 8015 2
46 15185 1
46 18772 1
46 14677 1
46 1369 2
46 2394 1
46 861 1
46 4960 1
46 3937 1
46 22374 1
46 20329 1
46 18282 1
46 9069 4
46 11632 1
46 8563 1
46 19833 1
46 2111 1
46 17791 1
46 12673 1
46 18818 1
46 14725 1
46 3975 1
46 3469 1
46 910 1
46 21392 1
46 4497 1
46 18837 1
46 3991 1
46 3992 1
46 20292 1
46 22429 1
46 17312 1
46 15266 2
46 14755 1
46 11684 1
46 6054 1
46 15276 2
46 15347 1
46 8630 1
46 17225 1
46 14264 1
46 19900 6
46 15808 1
46 7110 1
46 12746 1
46 15820 1
46 9167 1
46 19408 1
46 15825 1
46 17371 1
46 19939 1
46 10727 1
46 17395 1
46 8180 1
46 17398 1
46 8185 1
46 6651 1
46 5118 1
47 18952 2
47 10264 1
47 19993 1
47 22557 1
47 9759 1
47 8232 2
47 4149 1
47 7223 1
47 2105 1
47 7236 1
47 22369 1
47 15432 2
47 13389 3
47 21586 1
47 4691 1
47 5207 1
47 20569 1
47 8797 1
47 18016 1
47 11196 1
47 13937 1
47 6770 2
47 1141 1
47 18038 1
47 5755 1
47 15485 1
47 15808 2
47 13444 1
47 14469 1
47 646 1
47 13763 1
47 10265 1
47 15512 1
47 14495 1
47 5795 1
47 10407 1
47 11434 1
47 17070 1
47 19124 1
47 5301 1
47 12471 1
47 2745 3
47 3258 1
47 6331 1
47 22133 1
47 16577 1
47 16579 1
47 17605 1
47 6372 1
47 7397 1
47 22252 2
47 6893 1
47 1266 1
47 17142 1
47 14583 1
47 15610 2
47 18173 1
47 11007 2
47 14081 1
47 12034 1
47 4868 2
47 12673 2
47 8458 1
47 15119 1
47 17684 1
47 19741 1
47 14622 1
47 10533 1
47 11068 1
47 7485 1
47 9269 1
47 3392 1
47 4418 2
47 13129 1
47 5687 1
47 10573 1
47 12111 1
47 3408 1
47 18773 1
47 17239 1
47 19291 1
47 2397 1
47 3937 1
47 22373 1
47 4454 1
47 20332 1
47 9069 2
47 6512 1
47 15233 1
47 20877 1
47 3992 1
47 11672 1
47 8260 1
47 6554 1
47 20384 1
47 19900 3
47 22464 1
47 11714 1
47 16835 1
47 17348 1
47 6902 1
47 17350 1
47 15825 1
47 9684 2
47 7637 1
47 17371 1
47 10205 1
47 19938 1
47 3046 1
47 2025 1
47 4602 1
47 14677 1
48 13440 1
48 15874 1
48 13445 1
48 8236 1
48 13834 1
48 4364 2
48 2446 1
48 5391 2
48 4496 3
48 4497 2
48 20882 2
48 21141 1
48 8086 1
48 10264 1
48 22557 1
48 14495 1
48 7584 1
48 5390 1
48 15266 2
48 9892 1
48 16049 1
48 15784 1
48 10154 1
48 683 1
48 15532 1
48 18175 1
48 15534 1
48 21295 1
48 7600 2
48 6561 1
48 17331 1
48 19124 1
48 3629 1
48 11703 1
48 2745 1
48 19900 1
48 15184 1
48 4032 1
48 18528 1
48 11714 1
48 20384 1
48 4293 1
48 10311 1
48 12360 1
48 15863 1
48 17740 1
48 20303 1
48 13776 1
48 721 1
48 21586 1
48 21845 1
48 15448 2
48 13838 1
48 8079 1
48 22364 1
48 4440 1
48 592 1
48 18577 1
48 4328 1
48 11196 1
48 9067 1
48 9069 1
48 1266 1
48 1141 1
48 5623 1
48 11007 1
48 6652 1
48 7765 1
49 13316 2
49 21003 1
49 13837 1
49 17424 1
49 15448 8
49 14359 1
49 19460 2
49 17435 1
49 2394 1
49 15903 2
49 18472 1
49 1068 1
49 8749 1
49 7216 1
49 18481 2
49 1080 1
49 13884 2
49 12352 1
49 12354 1
49 12357 1
49 16455 1
49 11850 1
49 588 1
49 8270 1
49 15439 1
49 21586 2
49 19555 1
49 21874 1
49 19544 1
49 1467 1
49 4440 1
49 15464 1
49 11708 1
49 14495 2
49 10862 1
49 10429 1
49 14448 1
49 13937 1
49 11890 1
49 10867 2
49 6261 1
49 17016 1
49 19578 1
49 5248 1
49 15489 1
49 20103 1
49 2704 3
49 13969 1
49 6290 1
49 11411 1
49 19093 1
49 13462 1
49 14492 1
49 9887 4
49 14498 1
49 9892 1
49 21845 1
49 13681 1
49 6824 1
49 6826 2
49 17067 2
49 22188 1
49 6770 3
49 19638 1
49 3770 2
49 18975 1
49 18108 1
49 19133 3
49 22209 1
49 2243 2
49 2244 1
49 7370 1
49 2763 1
49 7888 1
49 2770 1
49 10452 1
49 5335 1
49 5337 1
49 15579 1
49 10975 1
49 15584 1
49 16592 1
49 14051 2
49 3819 1
49 17140 1
49 1833 1
49 17150 1
49 17156 1
49 4868 1
49 3201 1
49 22572 1
49 20234 1
49 4364 6
49 9488 1
49 5393 1
49 815 1
49 7455 1
49 10530 1
49 5925 1
49 20262 1
49 5929 1
49 7471 2
49 5425 1
49 9522 1
49 21305 1
49 19770 1
49 17290 2
49 20803 1
49 22346 1
49 17740 2
49 4432 1
49 12625 4
49 11152 1
49 18773 1
49 4438 1
49 9047 1
49 7512 1
49 1370 1
49 18267 8
49 861 1
49 22366 1
49 22368 1
49 22369 3
49 7010 1
49 7014 1
49 5489 1
49 7538 1
49 10387 1
49 20343 1
49 5498 1
49 3966 1
49 15232 1
49 12673 3
49 12162 1
49 1138 1
49 5513 1
49 2442 7
49 3468 1
49 15426 1
49 4496 8
49 20882 1
49 14231 2
49 21912 1
49 6042 1
49 10651 1
49 20384 1
49 15266 2
49 13223 1
49 15273 1
49 15276 2
49 7600 1
49 13749 1
49 6075 2
49 1468 4
49 15434 3
49 16831 1
49 22464 4
49 7584 1
49 21957 1
49 13768 4
49 13778 2
49 7637 1
49 9687 1
49 4058 1
49 22500 1
49 12778 1
49 12779 1
49 15954 1
49 11760 4
49 5623 1
49 11771 1
49 6652 4
49 11434 1
49 14677 4
50 13316 1
50 1708 1
50 10259 1
50 16900 1
50 17435 2
50 15903 1
50 7600 1
50 2596 1
50 4647 1
50 17016 4
50 1580 1
50 4655 1
50 9269 1
50 9270 1
50 3130 1
50 21053 1
50 12352 1
50 12354 1
50 7751 1
50 11850 1
50 11851 1
50 13901 1
50 592 2
50 21586 1
50 15444 1
50 15448 2
50 21606 1
50 12390 1
50 18108 2
50 18540 1
50 13937 1
50 18546 1
50 7870 1
50 17014 1
50 17015 2
50 10360 1
50 20094 1
50 18110 1
50 13445 1
50 7303 1
50 22152 1
50 20429 1
50 13451 1
50 12940 1
50 4461 1
50 6776 1
50 21141 1
50 4249 1
50 1690 1
50 5790 1
50 14495 1
50 10401 1
50 18083 1
50 13988 1
50 6824 1
50 4728 1
50 15532 2
50 689 1
50 3770 1
50 8892 2
50 19133 5
50 4286 1
50 7871 1
50 7361 2
50 3784 1
50 4810 1
50 22223 2
50 721 2
50 17108 1
50 10453 1
50 13007 1
50 19460 1
50 21727 1
50 13031 1
50 12009 1
50 7914 1
50 1785 1
50 14081 1
50 7941 1
50 20234 1
50 3339 1
50 11021 1
50 5993 1
50 9488 1
50 17681 1
50 21276 1
50 21797 1
50 20262 1
50 5929 1
50 13611 1
50 18222 1
50 21295 1
50 4404 1
50 21305 2
50 20794 1
50 6976 1
50 22339 1
50 4942 1
50 3408 3
50 12625 4
50 14677 6
50 858 1
50 861 1
50 3934 1
50 22369 1
50 6791 1
50 3473 4
50 9065 3
50 8043 2
50 9069 4
50 9423 1
50 15216 1
50 10097 1
50 9075 1
50 10615 1
50 18154 1
50 17791 1
50 5505 1
50 10637 1
50 10638 1
50 4496 4
50 4497 1
50 20882 1
50 18837 1
50 12183 1
50 8602 1
50 8090 1
50 8606 1
50 7584 3
50 15266 3
50 13223 1
50 15273 1
50 18864 1
50 18865 1
50 9887 2
50 19900 2
50 13763 1
50 21445 1
50 13766 1
50 21957 1
50 13730 1
50 9169 1
50 9892 1
50 4432 1
50 2531 1
50 10219 1
50 11760 1
50 502 2
50 6136 1
50 5625 1
50 11771 1
51 1537 1
51 7690 1
51 21007 1
51 15889 1
51 10265 1
51 22557 2
51 15903 4
51 7600 1
51 8229 1
51 7209 1
51 18481 1
51 3130 2
51 1468 1
51 2113 1
51 12354 1
51 18108 2
51 18773 1
51 11850 1
51 11851 1
51 17290 1
51 10832 1
51 21586 2
51 4691 1
51 7765 1
51 15448 1
51 5721 1
51 602 1
51 18016 1
51 7785 1
51 3943 1
51 14495 3
51 13937 2
51 6770 1
51 15465 1
51 4728 1
51 3197 1
51 17023 1
51 4240 1
51 17688 2
51 13970 1
51 14492 2
51 9887 3
51 18080 2
51 14498 1
51 10915 1
51 9892 1
51 6823 1
51 14504 1
51 17066 1
51 17067 1
51 4780 1
51 19124 1
51 9398 1
51 5304 1
51 2745 1
51 2747 2
51 8892 1
51 703 1
51 14016 1
51 7361 1
51 9247 1
51 19145 1
51 719 1
51 721 1
51 11992 1
51 10972 1
51 17016 5
51 14051 1
51 12009 1
51 5371 1
51 11007 1
51 20227 1
51 18180 2
51 19718 1
51 17671 1
51 4364 3
51 11022 1
51 17170 1
51 10515 1
51 18200 2
51 8988 2
51 18207 1
51 21797 1
51 2855 1
51 5929 1
51 20269 1
51 7477 1
51 20794 1
51 2442 4
51 17214 1
51 22339 1
51 20804 1
51 11600 1
51 12625 2
51 14677 6
51 9047 1
51 2394 1
51 18267 3
51 22366 1
51 3935 1
51 22369 1
51 22374 1
51 4497 1
51 3217 1
51 9065 1
51 3436 1
51 9069 5
51 9072 1
51 15166 1
51 16758 2
51 10615 1
51 3960 2
51 1917 1
51 12673 1
51 10122 1
51 4496 5
51 3473 2
51 4499 1
51 408 1
51 3396 1
51 17818 1
51 7578 1
51 20384 1
51 15266 2
51 5541 1
51 7581 1
51 5552 1
51 7092 1
51 13749 1
51 1467 1
51 19900 1
51 11714 1
51 19907 1
51 13255 3
51 13768 1
51 12746 1
51 2003 1
51 19938 1
51 15849 1
51 10219 1
51 11760 1
51 5618 1
51 500 1
51 11605 1
52 12288 1
52 10259 1
52 9755 1
52 2078 1
52 15903 1
52 18267 1
52 16432 1
52 16436 1
52 11851 3
52 21586 6
52 13398 1
52 15448 5
52 602 1
52 3173 1
52 21613 1
52 19133 2
52 17012 1
52 17016 1
52 17019 2
52 13951 1
52 16012 1
52 13969 2
52 13970 1
52 1987 1
52 6809 1
52 9887 2
52 2723 1
52 9892 1
52 6823 1
52 22188 1
52 2745 2
52 3258 1
52 15037 1
52 18208 1
52 4807 1
52 9424 1
52 5337 1
52 5925 1
52 740 1
52 22252 1
52 1283 1
52 4868 1
52 4364 8
52 11021 1
52 17688 1
52 8992 1
52 21797 2
52 6441 1
52 13611 1
52 6622 1
52 8502 1
52 21305 1
52 15166 1
52 9023 1
52 17216 1
52 22341 1
52 22344 1
52 8012 1
52 15185 1
52 18773 1
52 4438 1
52 1371 1
52 22368 1
52 22369 1
52 7011 1
52 3473 2
52 6000 1
52 16757 1
52 8568 1
52 19326 1
52 12673 1
52 15442 1
52 15751 1
52 3468 2
52 10637 1
52 4496 2
52 4497 1
52 20384 1
52 15266 2
52 13223 1
52 7081 1
52 21933 1
52 16302 1
52 7600 1
52 14495 1
52 1468 1
52 12733 1
52 7584 4
52 13763 1
52 10206 1
52 7313 1
52 493 1
52 3568 1
52 5623 2
52 16891 1
52 14677 5
53 4104 1
53 9227 1
53 15903 1
53 16760 1
53 2596 2
53 18472 1
53 22571 4
53 15404 1
53 16430 1
53 4145 1
53 50 1
53 1076 1
53 22581 1
53 4151 1
53 2105 1
53 1468 1
53 12352 3
53 16961 1
53 11851 2
53 592 1
53 10833 1
53 21586 6
53 15448 9
53 15449 1
53 1467 1
53 15465 2
53 14495 1
53 11887 1
53 14448 1
53 13937 3
53 17012 1
53 17013 1
53 17016 7
53 17017 1
53 6778 1
53 17019 1
53 14469 1
53 7303 2
53 7306 1
53 18572 1
53 13969 2
53 13764 1
53 21147 1
53 3228 2
53 9887 5
53 6824 1
53 15532 2
53 17071 1
53 19124 1
53 2745 1
53 2747 1
53 18108 5
53 19133 12
53 18111 2
53 18113 5
53 4295 1
53 9417 1
53 13516 1
53 8568 1
53 5335 1
53 5925 1
53 14033 1
53 6377 1
53 22252 2
53 4333 1
53 8993 1
53 18688 4
53 4651 1
53 19719 1
53 4364 1
53 16653 1
53 17170 1
53 6421 1
53 8988 1
53 17185 2
53 21797 4
53 5415 1
53 13611 2
53 20269 2
53 21295 2
53 21814 4
53 21305 2
53 15166 1
53 3392 1
53 15170 2
53 17740 1
53 20303 2
53 12625 7
53 14677 3
53 3417 1
53 18267 1
53 1425 2
53 3473 1
53 373 2
53 16759 1
53 5496 1
53 20346 1
53 16252 1
53 12670 2
53 12673 1
53 4488 1
53 8585 2
53 2442 3
53 8587 2
53 4492 1
53 4496 4
53 4497 1
53 15266 6
53 19363 1
53 15278 2
53 19375 1
53 7600 4
53 7601 1
53 7602 1
53 11710 1
53 22175 1
53 11708 2
53 12734 2
53 22464 1
53 4548 2
53 21957 5
53 16757 1
53 21961 1
53 13730 1
53 7635 1
53 7637 2
53 10206 2
53 16366 1
53 5618 2
53 502 1
53 7160 1
53 505 1
53 15869 1
53 16382 1
54 13316 6
54 7690 1
54 11787 1
54 17424 1
54 1710 1
54 13850 1
54 21532 1
54 22571 1
54 21036 1
54 10799 1
54 4146 1
54 12852 5
54 12342 1
54 12351 2
54 12352 9
54 15432 1
54 588 1
54 13901 1
54 10833 1
54 21586 1
54 602 2
54 18528 1
54 12135 2
54 18540 5
54 11887 2
54 13937 4
54 17012 1
54 873 1
54 17016 4
54 17017 1
54 17018 1
54 3197 2
54 5248 1
54 13445 1
54 9351 1
54 12940 1
54 18573 2
54 4240 2
54 3217 3
54 3220 1
54 7829 2
54 14492 2
54 14493 1
54 9886 1
54 9887 7
54 9892 3
54 6824 3
54 15532 1
54 3758 1
54 20253 1
54 19124 1
54 19126 1
54 12471 3
54 2745 1
54 18108 2
54 19133 9
54 7870 2
54 18111 1
54 18113 3
54 2243 2
54 10436 1
54 17608 1
54 9417 4
54 9418 1
54 12009 1
54 721 1
54 10453 1
54 6265 1
54 11995 1
54 16605 1
54 17632 1
54 15074 1
54 6884 1
54 16081 5
54 6377 1
54 4330 1
54 22252 7
54 15096 1
54 18688 1
54 18689 1
54 2310 1
54 9482 1
54 4364 5
54 17170 1
54 787 1
54 18197 1
54 8989 1
54 6441 2
54 12076 1
54 18222 1
54 21295 1
54 7477 2
54 8502 2
54 17719 1
54 21305 4
54 1076 1
54 15166 1
54 3393 1
54 15170 1
54 13125 1
54 17225 1
54 10065 1
54 21330 1
54 2387 1
54 14677 4
54 18267 1
54 5791 1
54 4496 3
54 4453 1
54 6801 1
54 7529 1
54 8043 1
54 9069 1
54 4464 1
54 372 2
54 20798 1
54 20343 1
54 15232 1
54 4484 1
54 8583 1
54 904 1
54 8585 1
54 2442 4
54 17291 1
54 4494 1
54 11151 1
54 8592 1
54 3473 2
54 408 1
54 18841 1
54 13723 3
54 7584 1
54 3568 1
54 15266 1
54 7055 1
54 15278 1
54 19375 2
54 5790 1
54 14495 6
54 19900 2
54 12733 1
54 12734 3
54 22464 2
54 1473 1
54 11714 2
54 4548 1
54 21957 3
54 21958 3
54 15777 1
54 21960 1
54 21961 1
54 21962 1
54 4046 1
54 17362 1
54 4497 1
54 8151 1
54 10206 2
54 12625 3
54 16872 1
54 12778 1
54 15854 1
54 16367 1
54 11760 2
54 5800 1
54 4087 1
54 11771 1
55 19461 1
55 13838 1
55 4623 1
55 17424 2
55 15379 1
55 17435 1
55 18865 1
55 10798 1
55 9265 2
55 12852 2
55 1599 1
55 12352 1
55 18497 1
55 12354 1
55 19523 1
55 15432 1
55 11850 1
55 15439 1
55 21586 6
55 7764 1
55 19726 1
55 15448 5
55 18028 1
55 22127 1
55 14448 1
55 13937 1
55 6771 1
55 17013 2
55 17016 1
55 17018 1
55 3197 1
55 14469 1
55 7303 1
55 7306 1
55 12939 1
55 16012 1
55 2704 3
55 3217 1
55 13462 1
55 14495 5
55 9892 2
55 4263 2
55 13992 1
55 11434 1
55 9901 1
55 8878 1
55 1711 1
55 19124 4
55 21961 1
55 18108 2
55 19133 5
55 18113 1
55 2243 1
55 4294 1
55 13514 1
55 7888 1
55 17359 1
55 10975 2
55 1250 1
55 8571 1
55 22252 1
55 18688 2
55 20234 1
55 13067 1
55 4364 4
55 17166 1
55 17169 1
55 10006 1
55 8989 1
55 21797 2
55 20262 2
55 7217 1
55 13611 1
55 21295 1
55 8503 1
55 19770 1
55 15166 1
55 16197 1
55 17743 1
55 14677 1
55 18267 3
55 22369 1
55 5994 1
55 8043 1
55 9069 2
55 4464 1
55 21874 1
55 4414 1
55 12351 2
55 13697 1
55 15751 1
55 904 1
55 2442 1
55 4496 4
55 4497 3
55 20882 2
55 21912 1
55 13728 1
55 15266 5
55 5551 1
55 7600 4
55 5553 1
55 1467 1
55 1468 2
55 1469 1
55 11710 2
55 22464 8
55 13763 1
55 21957 2
55 13766 1
55 13768 1
55 15817 1
55 4046 1
55 9167 1
55 10205 1
55 10728 1
55 12777 1
55 12778 1
55 11760 1
55 6312 1
55 502 1
55 11771 2
56 13316 3
56 16902 2
56 13832 1
56 21007 1
56 10230 1
56 17435 1
56 15903 1
56 7200 1
56 21936 1
56 21032 1
56 555 1
56 15410 1
56 1076 1
56 12342 1
56 11832 1
56 3130 1
56 5691 2
56 12351 1
56 11851 4
56 15441 1
56 21586 1
56 15448 4
56 602 1
56 7775 2
56 15465 1
56 14495 1
56 4728 1
56 6265 1
56 20882 1
56 6275 1
56 13445 1
56 16012 1
56 7317 1
56 4249 1
56 5790 1
56 9887 1
56 16662 1
56 9892 2
56 5801 1
56 11436 3
56 11438 1
56 2745 2
56 2747 1
56 18108 1
56 19133 1
56 2243 1
56 10436 1
56 4293 1
56 6809 1
56 13514 1
56 22222 1
56 20429 1
56 17016 1
56 10452 1
56 14037 1
56 5337 1
56 7397 2
56 4326 1
56 5351 1
56 5352 1
56 9454 1
56 20723 1
56 14081 1
56 22571 1
56 4364 3
56 10515 1
56 4886 5
56 11737 1
56 19737 1
56 7451 1
56 15139 1
56 21797 3
56 20262 1
56 6441 1
56 13611 1
56 6622 1
56 21305 1
56 17210 1
56 20284 1
56 17229 1
56 12625 2
56 14677 2
56 9047 1
56 18267 1
56 4496 5
56 4497 1
56 9065 1
56 9069 1
56 4464 2
56 8568 1
56 11152 2
56 3473 1
56 13714 2
56 14231 1
56 15770 1
56 7584 5
56 15266 7
56 14755 1
56 15273 3
56 17323 1
56 16301 2
56 15278 1
56 7600 2
56 7601 1
56 19378 1
56 1459 1
56 19384 1
56 1467 1
56 19900 2
56 416 1
56 21957 1
56 13772 1
56 13986 1
56 9167 1
56 9687 1
56 20953 1
56 22418 1
56 999 1
56 497 1
56 8180 1
56 502 1
57 4779 1
57 13316 4
57 8449 1
57 22188 1
57 22028 1
57 15380 1
57 18966 1
57 13848 1
57 7087 1
57 15903 7
57 10128 1
57 4647 1
57 8236 2
57 9777 1
57 16434 1
57 5683 1
57 12341 1
57 12342 2
57 1545 1
57 12354 1
57 15432 1
57 19212 1
57 11851 3
57 588 2
57 13389 1
57 15439 1
57 10832 1
57 11858 1
57 4692 2
57 5207 2
57 15448 2
57 8797 1
57 19550 1
57 16827 1
57 19562 1
57 3943 1
57 18540 1
57 15982 1
57 1141 1
57 4728 1
57 14969 1
57 15808 2
57 5764 1
57 20110 1
57 19480 2
57 13763 1
57 3220 2
57 6809 1
57 17051 1
57 5791 1
57 18080 1
57 13986 1
57 679 1
57 680 1
57 11434 1
57 683 2
57 11436 1
57 11438 1
57 1199 1
57 13493 1
57 16054 1
57 7370 1
57 6848 1
57 2243 2
57 10436 2
57 17607 1
57 13514 1
57 22220 1
57 7888 1
57 10452 1
57 10453 1
57 18134 1
57 10975 1
57 18144 1
57 5840 1
57 740 1
57 18154 1
57 7915 1
57 22252 1
57 7408 1
57 1099 2
57 5881 1
57 7931 1
57 14081 2
57 4868 1
57 2310 1
57 2314 1
57 4364 2
57 15119 2
57 7952 2
57 17170 2
57 17688 1
57 17183 2
57 7456 1
57 21797 1
57 7463 4
57 6441 1
57 6442 1
57 12076 1
57 18222 1
57 3894 1
57 12602 1
57 9022 1
57 6464 1
57 13125 1
57 3408 1
57 12625 4
57 14677 1
57 9047 2
57 10072 1
57 2394 1
57 18267 1
57 22175 1
57 22369 1
57 17251 1
57 13969 2
57 9069 6
57 21363 2
57 16702 1
57 20343 1
57 14714 1
57 8062 1
57 12673 1
57 8579 1
57 14725 2
57 395 1
57 4494 1
57 4496 2
57 8086 1
57 14743 1
57 10651 1
57 925 1
57 7584 6
57 15266 3
57 10661 1
57 15273 1
57 15278 1
57 5551 1
57 7600 3
57 7601 1
57 436 1
57 6075 1
57 19900 1
57 5054 1
57 22464 1
57 20384 2
57 16835 1
57 9167 1
57 15312 1
57 7160 1
57 20798 1
57 9684 1
57 18393 1
57 1499 1
57 10206 1
57 20389 1
57 592 1
57 15339 1
57 21586 5
57 12782 1
57 5623 4
57 8184 1
57 5625 1
57 6651 3
57 6652 3
58 4868 1
58 5514 1
58 4244 1
58 18197 1
58 16537 1
58 2329 1
58 18975 1
58 1063 1
58 11189 1
58 15135 1
58 9023 1
58 11329 1
58 22340 1
58 15432 1
58 17229 1
58 9294 1
58 9424 1
58 12625 2
58 21586 1
58 9816 1
58 2525 1
58 10206 1
58 11487 1
58 9831 1
58 1521 1
58 9458 1
