1 12288 1
1 13316 1
1 22032 1
1 4115 1
1 1415 1
1 13849 1
1 4635 1
1 548 1
1 6694 1
1 1576 1
1 3629 1
1 22574 1
1 3636 2
1 8758 1
1 20535 1
1 4670 1
1 7236 1
1 11851 1
1 13389 2
1 592 1
1 21586 1
1 20343 1
1 599 1
1 12852 1
1 8749 1
1 10851 1
1 3173 1
1 104 1
1 10857 1
1 5226 1
1 10863 1
1 1137 1
1 16915 1
1 7797 1
1 20585 1
1 6776 1
1 4884 1
1 15994 1
1 13947 1
1 10365 1
1 13951 1
1 17312 1
1 6786 1
1 5142 1
1 1670 1
1 16577 1
1 13961 1
1 13963 1
1 10900 1
1 9887 1
1 9892 1
1 4263 1
1 6824 1
1 1706 1
1 11436 1
1 14509 1
1 18632 1
1 19124 1
1 18108 1
1 19133 6
1 14016 2
1 18113 1
1 7457 1
1 14024 1
1 5321 1
1 11895 1
1 14543 1
1 17016 2
1 10963 1
1 1239 1
1 15582 1
1 19683 1
1 8421 1
1 5352 1
1 22252 1
1 21841 1
1 3822 1
1 1266 1
1 13937 1
1 9684 1
1 2812 1
1 11007 1
1 14592 1
1 17665 1
1 4868 1
1 11013 1
1 4364 3
1 11821 1
1 19732 1
1 4894 1
1 18736 1
1 290 1
1 8892 1
1 17229 1
1 2343 1
1 11563 1
1 8492 1
1 11053 1
1 7471 1
1 17200 2
1 16177 1
1 17202 1
1 21305 4
1 8507 1
1 8512 1
1 15871 1
1 22340 1
1 22344 1
1 12343 1
1 19938 1
1 334 1
1 847 1
1 17232 1
1 15185 1
1 17742 1
1 14677 3
1 9558 1
1 350 1
1 3935 1
1 6791 1
1 20329 1
1 9069 1
1 9072 1
1 9075 2
1 15222 1
1 12151 1
1 12153 1
1 1918 2
1 8063 1
1 12673 1
1 9092 1
1 16775 1
1 10638 1
1 8079 1
1 4496 1
1 21905 1
1 10646 1
1 3992 1
1 9113 1
1 11641 1
1 7584 1
1 15268 1
1 8623 1
1 8636 2
1 21949 1
1 7104 2
1 15809 1
1 21446 1
1 7115 1
1 11858 1
1 19408 1
1 7633 1
1 16852 1
1 17230 1
1 18391 1
1 11856 1
1 3042 1
1 16891 1
1 12775 1
1 2541 1
1 494 1
1 3568 1
1 15857 1
1 3060 1
1 13814 1
1 11771 3
1 14846 1
1 12799 1
2 12288 3
2 15874 2
2 19460 2
2 6828 1
2 17424 2
2 16913 1
2 15532 1
2 4116 1
2 7903 1
2 4263 1
2 15903 1
2 10928 1
2 700 2
2 10452 1
2 20519 2
2 15976 1
2 22571 4
2 20012 1
2 3629 1
2 6804 1
2 3258 1
2 19124 5
2 5691 1
2 19591 1
2 16691 1
2 13887 1
2 13890 1
2 17987 2
2 17994 1
2 20103 1
2 13389 1
2 11855 1
2 21586 1
2 139 1
2 2745 1
2 16831 1
2 1466 1
2 7778 1
2 7269 1
2 18022 1
2 104 1
2 18108 4
2 1133 1
2 14448 2
2 13937 4
2 1138 1
2 6771 1
2 17013 4
2 1129 1
2 17016 4
2 14969 1
2 15723 1
2 5246 1
2 13440 1
2 15491 1
2 18052 1
2 13445 1
2 16833 1
2 14985 1
2 7306 1
2 16011 1
2 10900 2
2 17048 1
2 20125 2
2 9887 2
2 21664 1
2 1136 1
2 9892 1
2 11431 1
2 17066 1
2 11436 1
2 9901 2
2 3758 1
2 17072 1
2 16049 1
2 21684 1
2 5304 1
2 4468 1
2 698 3
2 8892 1
2 19133 12
2 1141 1
2 18113 3
2 2243 1
2 11461 1
2 14022 1
2 18632 1
2 5321 1
2 17015 1
2 14032 1
2 7889 1
2 7892 1
2 15580 1
2 10975 1
2 5347 1
2 5352 2
2 4330 1
2 11815 1
2 22252 1
2 13778 1
2 6099 1
2 22262 2
2 14583 1
2 5881 1
2 18174 1
2 770 1
2 4868 1
2 2310 1
2 14088 1
2 16649 1
2 13716 1
2 4364 8
2 5390 1
2 5391 1
2 7952 3
2 17170 2
2 18197 1
2 7451 1
2 20254 1
2 15473 1
2 15651 1
2 17703 1
2 16092 1
2 15751 1
2 7471 2
2 17200 2
2 15667 1
2 1844 1
2 21305 2
2 4831 1
2 4414 4
2 3392 1
2 20384 2
2 12354 1
2 16197 1
2 2220 1
2 3916 1
2 4942 1
2 20877 1
2 14677 4
2 4438 1
2 9047 1
2 6489 1
2 18267 2
2 4956 1
2 22368 2
2 22369 3
2 6791 1
2 13159 1
2 7018 1
2 8043 2
2 9069 2
2 14703 1
2 7540 1
2 15222 1
2 20343 3
2 8568 1
2 12665 1
2 1918 2
2 2944 1
2 12673 1
2 1415 1
2 8585 1
2 17293 1
2 4496 6
2 4497 1
2 22418 1
2 4500 1
2 19350 1
2 11672 1
2 13723 2
2 8604 1
2 15774 1
2 17312 1
2 15777 1
2 15275 1
2 21933 1
2 21936 1
2 7303 1
2 10679 2
2 12218 2
2 12734 3
2 9663 1
2 22464 3
2 7584 2
2 19907 1
2 7110 2
2 13255 1
2 8012 1
2 16331 1
2 15820 1
2 16333 1
2 9167 2
2 17360 1
2 7634 1
2 7635 1
2 5591 2
2 8156 1
2 10206 1
2 16891 1
2 16775 2
2 17899 1
2 15442 1
2 494 2
2 11760 1
2 11762 1
2 501 1
2 5623 2
2 7764 1
2 4602 1
2 11771 1
2 460 1
2 6826 1
3 12288 2
3 19460 1
3 22024 1
3 15532 1
3 19467 1
3 3393 1
3 4623 1
3 22032 5
3 21848 1
3 3603 1
3 4441 1
3 1048 1
3 13316 1
3 17435 2
3 11293 1
3 16414 2
3 18975 1
3 16417 1
3 1576 1
3 4956 1
3 20010 1
3 1068 1
3 1076 2
3 12341 2
3 18486 1
3 19124 1
3 9227 1
3 6203 1
3 8764 2
3 21055 1
3 17984 1
3 17987 2
3 12357 1
3 15431 1
3 15432 2
3 11850 3
3 10679 1
3 588 2
3 15438 1
3 269 1
3 592 1
3 15441 1
3 21586 6
3 4692 1
3 7765 1
3 12220 1
3 100 1
3 602 1
3 3770 1
3 7675 1
3 17424 5
3 15971 3
3 13412 1
3 101 2
3 15976 1
3 10857 1
3 15979 1
3 16831 1
3 11887 2
3 14448 1
3 20343 2
3 17013 3
3 10358 1
3 5993 1
3 17016 2
3 4884 1
3 18042 1
3 18111 1
3 14973 1
3 5246 1
3 10372 1
3 6789 1
3 20103 2
3 7306 1
3 16919 1
3 4240 1
3 15128 2
3 17042 1
3 13763 1
3 10900 2
3 5272 1
3 4249 1
3 22127 1
3 20125 2
3 9887 3
3 12625 4
3 11428 1
3 4263 2
3 13992 1
3 5801 1
3 6826 1
3 20167 1
3 11436 3
3 9901 1
3 22557 1
3 17072 1
3 16049 3
3 4787 1
3 20148 1
3 19126 1
3 698 3
3 19133 20
3 7870 2
3 703 3
3 18113 2
3 6859 1
3 2244 1
3 13174 1
3 6343 1
3 9417 1
3 17015 1
3 16588 1
3 3277 1
3 16592 1
3 11992 1
3 8143 1
3 4491 1
3 4317 1
3 1758 1
3 12481 1
3 7904 1
3 1761 1
3 4836 1
3 7397 1
3 15590 1
3 6375 1
3 5352 3
3 6377 1
3 6383 1
3 18162 1
3 1269 1
3 22262 1
3 20220 1
3 1277 1
3 6828 1
3 14807 2
3 897 1
3 14088 1
3 15625 1
3 16651 2
3 4364 5
3 20237 2
3 6414 2
3 3343 1
3 21264 2
3 20241 1
3 17170 1
3 19732 1
3 19736 1
3 19737 1
3 21276 1
3 4894 1
3 801 2
3 292 1
3 7477 1
3 20262 1
3 4392 1
3 1834 1
3 13611 1
3 4396 1
3 18222 1
3 21295 7
3 17200 1
3 5425 1
3 15582 1
3 17206 1
3 21305 3
3 20794 1
3 8507 1
3 5951 1
3 3392 1
3 16608 1
3 16011 2
3 22340 2
3 8502 1
3 17223 1
3 7564 1
3 7498 1
3 17740 1
3 15338 1
3 22354 1
3 5459 1
3 14677 2
3 18776 1
3 1369 1
3 4012 1
3 19804 2
3 7482 1
3 10981 1
3 7568 1
3 4450 1
3 11835 1
3 9572 1
3 708 1
3 1895 1
3 6774 1
3 20329 1
3 9069 6
3 13681 1
3 16758 1
3 15593 1
3 22551 1
3 19397 1
3 1405 1
3 17790 1
3 21068 1
3 10975 1
3 18818 1
3 16774 2
3 3975 1
3 17291 1
3 10636 1
3 17293 1
3 11662 1
3 1019 1
3 4496 2
3 1425 2
3 20882 1
3 11156 1
3 9621 1
3 14742 1
3 7064 1
3 21914 1
3 7584 2
3 14753 1
3 15266 1
3 9637 1
3 15273 1
3 9644 2
3 21933 1
3 15278 1
3 15791 1
3 1459 1
3 7605 1
3 14263 1
3 12733 3
3 12218 2
3 4831 1
3 19900 1
3 1469 1
3 12734 2
3 7103 1
3 20384 3
3 11851 3
3 4037 1
3 16838 1
3 13388 1
3 13772 2
3 16333 2
3 16335 1
3 7635 1
3 4497 2
3 4601 1
3 20952 1
3 9892 1
3 21981 1
3 6622 1
3 1445 1
3 8421 1
3 10833 2
3 7313 1
3 1380 1
3 18922 1
3 12779 2
3 494 1
3 7664 2
3 6824 1
3 11762 1
3 15207 1
3 16373 2
3 5623 2
3 5625 1
3 11771 2
4 12288 1
4 15616 1
4 1538 1
4 8107 1
4 22340 1
4 22358 1
4 14343 1
4 19464 1
4 22188 1
4 16333 1
4 11787 1
4 16998 1
4 22030 1
4 16911 1
4 22032 2
4 16947 1
4 5118 1
4 17612 1
4 18965 1
4 5144 1
4 17436 1
4 17435 1
4 17169 1
4 15903 2
4 20255 1
4 5552 1
4 7717 1
4 4647 1
4 20012 1
4 11821 2
4 16430 1
4 7005 1
4 6192 1
4 21043 1
4 20375 1
4 11318 1
4 20535 1
4 11832 1
4 11834 1
4 13834 1
4 3134 1
4 7520 1
4 15426 2
4 20547 1
4 12357 1
4 15432 1
4 18505 1
4 11850 1
4 1099 1
4 13388 3
4 13389 2
4 6223 1
4 592 3
4 15441 1
4 21586 5
4 11348 1
4 18005 1
4 15448 1
4 12151 1
4 18191 1
4 12218 2
4 19551 1
4 18528 1
4 7999 1
4 17851 1
4 17513 1
4 21606 1
4 22119 1
4 10857 2
4 19050 1
4 3175 1
4 3180 1
4 21613 3
4 22133 1
4 6768 1
4 13937 1
4 626 1
4 22082 1
4 1141 1
4 12905 1
4 16504 1
4 11897 1
4 11898 3
4 19900 2
4 22122 1
4 21536 1
4 13951 1
4 15808 1
4 21635 1
4 13445 2
4 7303 1
4 1900 1
4 13451 1
4 13452 1
4 20109 1
4 2705 1
4 17042 1
4 3392 1
4 13979 1
4 5791 1
4 9072 1
4 19106 1
4 11428 1
4 4263 2
4 10920 1
4 5801 1
4 11946 1
4 4780 1
4 1138 1
4 15534 2
4 3760 2
4 15539 1
4 20148 1
4 20277 1
4 1206 1
4 6741 1
4 8376 1
4 698 2
4 21948 1
4 8892 3
4 19133 8
4 16501 1
4 3264 1
4 11969 2
4 17090 1
4 16579 1
4 8908 1
4 5751 1
4 13516 1
4 20686 1
4 4303 1
4 9424 1
4 14545 1
4 11890 1
4 4310 1
4 3203 1
4 11482 1
4 11471 2
4 10972 1
4 22138 1
4 7903 1
4 18144 1
4 12799 1
4 17312 3
4 6372 1
4 7397 2
4 5862 1
4 21438 1
4 3058 1
4 7914 1
4 8427 1
4 22252 1
4 7765 1
4 9146 1
4 9458 1
4 13779 1
4 22262 1
4 11511 1
4 673 1
4 17658 1
4 11135 1
4 11007 1
4 14592 1
4 588 1
4 17154 1
4 1835 1
4 4868 3
4 4870 3
4 9483 1
4 4364 3
4 5389 1
4 15119 1
4 14008 1
4 17681 2
4 2834 1
4 10515 1
4 15216 1
4 7664 1
4 21295 3
4 14469 1
4 13088 2
4 18209 1
4 507 1
4 6947 1
4 2342 1
4 10535 1
4 5928 1
4 16682 1
4 6791 1
4 10818 1
4 20781 1
4 20782 1
4 7471 2
4 17200 1
4 11858 1
4 7219 1
4 1844 1
4 3315 1
4 17206 1
4 17719 1
4 13242 1
4 21305 1
4 20794 2
4 10555 1
4 21311 1
4 6464 1
4 3393 1
4 22339 1
4 12354 2
4 12342 1
4 3398 1
4 15671 1
4 11895 1
4 3981 1
4 11600 1
4 14677 6
4 4438 3
4 10072 1
4 21849 1
4 18267 1
4 15709 1
4 22368 2
4 22416 1
4 7010 1
4 4451 1
4 4454 1
4 13969 1
4 17163 1
4 8043 1
4 17260 1
4 9069 8
4 2450 1
4 6511 1
4 4464 1
4 6514 1
4 20851 1
4 1909 1
4 7542 1
4 20343 1
4 10644 1
4 8571 1
4 21372 1
4 17277 1
4 12670 1
4 8063 1
4 9600 2
4 12673 1
4 18818 1
4 2947 1
4 14724 1
4 15751 2
4 17290 1
4 3991 2
4 10636 1
4 7565 1
4 4494 1
4 7055 1
4 4496 6
4 4497 3
4 22418 1
4 19347 2
4 7060 1
4 917 1
4 8086 1
4 11161 1
4 408 1
4 18841 1
4 20029 1
4 6559 1
4 11680 1
4 6561 1
4 15266 2
4 18222 1
4 3492 1
4 1445 1
4 19367 1
4 15273 4
4 22442 2
4 10155 1
4 1266 1
4 4498 1
4 8623 1
4 7088 1
4 12360 1
4 1459 1
4 7604 1
4 4537 1
4 10682 1
4 18990 1
4 8636 2
4 12734 2
4 2451 1
4 22464 8
4 20384 1
4 11714 1
4 20299 1
4 19396 1
4 1990 1
4 13255 2
4 5576 1
4 9292 1
4 12746 1
4 15820 1
4 20429 1
4 16848 1
4 8145 1
4 9171 2
4 16588 1
4 7638 1
4 8669 1
4 11230 1
4 7138 1
4 11771 2
4 22500 1
4 7600 1
4 7313 1
4 7684 1
4 15442 1
4 13994 1
4 1008 1
4 10408 2
4 10226 1
4 17395 1
4 18420 1
4 16373 1
4 5623 1
4 835 1
4 6651 1
4 6652 1
4 12202 2
4 1022 1
4 21845 2
5 12288 2
5 8705 1
5 7683 1
5 7684 4
5 7687 1
5 1367 1
5 20494 1
5 16301 1
5 22032 4
5 14509 1
5 3304 1
5 22551 9
5 3332 1
5 1562 1
5 22557 1
5 8781 1
5 15903 1
5 1568 1
5 8539 1
5 13863 3
5 1576 1
5 11817 1
5 1578 1
5 22571 1
5 15404 1
5 11821 2
5 8238 5
5 1074 1
5 10265 1
5 19513 1
5 15432 1
5 8779 1
5 13388 1
5 13389 3
5 15438 1
5 11858 1
5 18005 1
5 16982 1
5 8817 1
5 9818 1
5 1631 1
5 19619 1
5 18022 1
5 16998 3
5 104 3
5 7785 1
5 13418 1
5 11887 1
5 13937 1
5 106 1
5 105 3
5 633 1
5 125 1
5 5246 1
5 3711 1
5 19588 2
5 13445 1
5 18055 1
5 13963 1
5 1167 1
5 1168 1
5 281 3
5 2712 1
5 18162 1
5 19098 1
5 6938 1
5 16030 1
5 16544 4
5 16035 1
5 16548 1
5 4263 1
5 10408 2
5 22188 2
5 9901 1
5 21692 1
5 19124 1
5 5301 4
5 15817 1
5 11449 5
5 8378 1
5 19132 1
5 22133 1
5 7799 1
5 16588 1
5 20686 2
5 15794 1
5 8401 1
5 6691 1
5 20692 1
5 14037 1
5 7397 1
5 9432 1
5 13532 1
5 4831 2
5 7906 1
5 10468 1
5 12005 1
5 743 1
5 4209 1
5 7401 1
5 6269 1
5 7408 1
5 7409 4
5 1266 2
5 14583 2
5 3796 1
5 18686 1
5 14592 1
5 3176 1
5 12331 1
5 4868 1
5 18185 1
5 17162 1
5 4364 1
5 1922 1
5 17681 1
5 4884 1
5 20014 1
5 17176 1
5 1305 1
5 282 2
5 21276 1
5 4899 1
5 20774 1
5 12585 1
5 19754 1
5 21295 1
5 16176 1
5 16177 2
5 19764 3
5 8502 1
5 16695 1
5 12097 1
5 15170 1
5 7410 1
5 19787 1
5 8012 1
5 20303 1
5 12625 2
5 5970 1
5 5973 1
5 9047 1
5 2788 1
5 17242 1
5 18267 1
5 3421 1
5 16223 1
5 22368 1
5 17762 1
5 19301 1
5 13161 1
5 15723 1
5 9069 3
5 13681 1
5 6516 1
5 7546 1
5 16252 1
5 17277 1
5 17790 1
5 897 1
5 1410 1
5 7556 1
5 14725 2
5 8583 1
5 3977 1
5 14733 1
5 11664 1
5 19347 1
5 10644 1
5 18325 1
5 18197 1
5 7321 1
5 15401 1
5 1946 1
5 1947 1
5 12700 1
5 7069 6
5 17312 1
5 15268 1
5 12716 1
5 6061 2
5 7090 1
5 8626 1
5 1466 1
5 6075 1
5 11708 2
5 16831 1
5 22464 1
5 21953 3
5 11714 3
5 16835 1
5 4548 1
5 13255 1
5 17484 1
5 5623 1
5 16706 1
5 9167 1
5 16547 1
5 12878 3
5 18767 1
5 10204 1
5 10206 1
5 21471 1
5 8187 2
5 18769 2
5 16363 5
5 17372 1
5 21586 1
5 16367 2
5 15856 1
5 15528 1
5 3058 1
5 14324 1
5 16373 1
5 18423 1
5 6651 1
5 6076 2
6 12288 1
6 11008 1
6 7684 4
6 6149 1
6 11273 2
6 7690 1
6 22540 1
6 22030 1
6 14509 1
6 17424 1
6 11795 2
6 19477 1
6 1046 1
6 22551 7
6 10264 1
6 14875 1
6 1564 1
6 14682 2
6 15903 5
6 10928 1
6 12325 6
6 6694 1
6 6695 1
6 4136 1
6 17961 1
6 22571 1
6 22557 1
6 3629 1
6 8238 2
6 3421 1
6 16432 1
6 7217 1
6 16434 1
6 1076 1
6 1589 1
6 16951 1
6 21733 1
6 13884 2
6 8765 1
6 16778 1
6 9792 2
6 2747 1
6 12870 6
6 10313 1
6 21067 1
6 17484 1
6 13389 1
6 15438 1
6 592 2
6 15953 1
6 11858 1
6 4691 1
6 18005 3
6 599 1
6 13912 1
6 20649 3
6 3674 3
6 603 1
6 19036 2
6 14941 1
6 11870 3
6 3169 1
6 19619 1
6 4795 3
6 9316 2
6 20155 2
6 16998 4
6 103 1
6 15976 1
6 105 2
6 13418 3
6 8039 1
6 8300 2
6 5742 1
6 1469 1
6 15948 1
6 6257 1
6 5746 1
6 13428 3
6 1141 1
6 20329 1
6 17016 1
6 14969 1
6 19900 1
6 4556 1
6 13950 2
6 11902 1
6 2841 1
6 5760 1
6 15808 1
6 3203 1
6 6788 1
6 12791 1
6 1266 5
6 1163 1
6 16834 1
6 1167 2
6 15384 1
6 1170 1
6 15508 1
6 21141 1
6 21305 2
6 19607 2
6 6809 1
6 19098 1
6 18075 1
6 15119 2
6 12446 1
6 9887 1
6 20642 1
6 17435 1
6 585 2
6 4263 6
6 21160 1
6 17577 3
6 15530 1
6 17067 1
6 22188 1
6 9901 1
6 20142 1
6 10269 1
6 11440 1
6 7780 1
6 11444 1
6 19126 1
6 11449 3
6 6687 2
6 8892 1
6 19133 2
6 14583 1
6 14016 1
6 4289 1
6 19140 2
6 21189 1
6 18209 1
6 20168 1
6 13516 2
6 12151 1
6 6860 1
6 719 1
6 10360 2
6 4818 1
6 9777 1
6 2429 1
6 6265 1
6 12505 1
6 5340 1
6 7952 1
6 10975 2
6 6368 1
6 14049 1
6 17312 2
6 15556 1
6 8421 1
6 19174 1
6 2279 1
6 7400 1
6 10985 1
6 12010 1
6 6951 1
6 22252 1
6 19181 1
6 19694 1
6 17943 1
6 7409 1
6 7410 1
6 18022 1
6 5364 1
6 1918 1
6 13937 1
6 16120 1
6 6947 1
6 12927 1
6 281 2
6 3759 3
6 22271 1
6 588 2
6 8449 1
6 2310 1
6 4867 1
6 4868 2
6 4870 1
6 18185 7
6 17162 1
6 4364 4
6 18191 1
6 21264 1
6 2179 1
6 18197 1
6 21782 6
6 2839 1
6 19588 1
6 6938 1
6 1308 1
6 8989 1
6 13089 1
6 4033 1
6 18211 1
6 16547 2
6 17229 1
6 18215 1
6 2344 1
6 17706 1
6 9351 1
6 19599 1
6 7392 1
6 16175 1
6 16177 1
6 11570 1
6 1844 3
6 5942 1
6 13961 1
6 21817 1
6 12602 1
6 15583 1
6 15218 2
6 16193 1
6 15170 1
6 15499 1
6 11182 1
6 5448 2
6 13129 1
6 17227 1
6 14668 1
6 8013 1
6 12429 1
6 15184 2
6 12625 2
6 17123 1
6 6234 1
6 4438 1
6 21847 1
6 12121 1
6 2394 1
6 18267 2
6 15709 1
6 15185 1
6 7397 1
6 22368 1
6 11684 2
6 10470 1
6 4454 1
6 20625 1
6 873 3
6 7019 1
6 15762 1
6 10096 1
6 3954 1
6 15220 2
6 15222 2
6 12663 1
6 5496 1
6 7546 1
6 15227 1
6 1405 1
6 17790 1
6 21375 1
6 21068 1
6 12673 1
6 5867 2
6 14743 1
6 14725 1
6 4486 1
6 15751 1
6 904 1
6 2442 1
6 395 1
6 909 1
6 11662 1
6 8079 1
6 11672 3
6 20165 1
6 3991 1
6 3992 1
6 13723 1
6 13772 1
6 7069 2
6 4668 1
6 20384 2
6 17313 2
6 9169 1
6 11931 1
6 16804 1
6 18853 1
6 16806 1
6 3313 2
6 18857 1
6 22442 1
6 4011 1
6 11181 1
6 16302 1
6 7090 1
6 20638 1
6 12329 3
6 10679 1
6 1465 2
6 14495 1
6 8636 1
6 13245 1
6 3519 1
6 22464 1
6 4000 1
6 11714 4
6 11851 1
6 7623 1
6 15817 1
6 12746 1
6 18423 1
6 9244 1
6 14286 1
6 9167 2
6 465 1
6 11219 2
6 18477 1
6 7637 1
6 9687 1
6 11737 1
6 4058 1
6 10205 3
6 10206 1
6 18911 1
6 19939 1
6 21617 1
6 15849 1
6 10218 1
6 10407 1
6 21586 3
6 16366 1
6 15856 1
6 10408 1
6 9247 1
6 7155 1
6 8180 1
6 1525 1
6 5623 4
6 15864 1
6 5029 1
6 11771 1
6 10410 1
6 15359 1
7 12288 2
7 15874 1
7 17067 2
7 19460 1
7 7687 1
7 15376 1
7 4116 2
7 22551 2
7 10264 1
7 10265 1
7 15791 1
7 15903 1
7 19493 1
7 4647 1
7 21037 1
7 8238 2
7 13360 1
7 12852 1
7 12341 1
7 8765 1
7 3647 1
7 7236 2
7 19553 1
7 8781 1
7 4686 2
7 17490 1
7 2745 1
7 10330 1
7 605 1
7 11870 1
7 17424 1
7 18022 1
7 105 1
7 4205 1
7 626 1
7 21107 1
7 7870 1
7 5750 1
7 10360 1
7 15485 1
7 17535 1
7 13957 1
7 13961 1
7 13963 1
7 11714 1
7 1167 1
7 13848 1
7 16020 1
7 14488 1
7 11931 1
7 14492 1
7 10915 1
7 4773 1
7 4774 1
7 4267 1
7 2220 1
7 11449 1
7 14522 1
7 3260 1
7 21182 1
7 4799 1
7 13514 1
7 2763 1
7 4306 1
7 12505 1
7 13532 1
7 7903 1
7 7904 1
7 21224 1
7 22252 1
7 7917 1
7 7409 1
7 759 1
7 16120 1
7 16121 1
7 12026 1
7 17661 1
7 11007 1
7 14082 1
7 18185 1
7 4364 3
7 6925 1
7 5390 1
7 15119 1
7 1305 1
7 18208 1
7 8484 1
7 18222 1
7 21295 1
7 20278 1
7 17216 1
7 15682 1
7 16203 1
7 14668 1
7 15184 1
7 12625 1
7 22354 1
7 22358 1
7 9047 1
7 21849 1
7 22368 1
7 21861 1
7 2918 1
7 8043 1
7 9069 2
7 21613 1
7 20343 1
7 5498 1
7 21482 1
7 1918 1
7 1408 1
7 14725 1
7 15751 1
7 7564 1
7 4497 1
7 22418 1
7 917 1
7 11672 1
7 7579 1
7 4509 1
7 20384 2
7 9121 1
7 13723 1
7 11684 4
7 9125 2
7 11176 1
7 12716 1
7 16302 1
7 15279 1
7 6065 1
7 19378 1
7 12725 1
7 19382 1
7 7095 1
7 16831 2
7 22464 1
7 20418 2
7 7704 1
7 7628 1
7 9167 1
7 9169 1
7 13778 1
7 9637 1
7 14672 2
7 14306 1
7 15735 1
7 15185 1
7 10218 2
7 21586 1
7 14324 1
8 15616 1
8 6786 1
8 11115 1
8 5764 1
8 13445 1
8 5638 1
8 16775 1
8 11144 1
8 4235 1
8 4364 1
8 14093 1
8 2063 1
8 16913 1
8 19478 1
8 22551 1
8 19460 1
8 1564 1
8 7069 1
8 6687 1
8 21024 1
8 13986 1
8 6694 1
8 13425 1
8 15439 1
8 17671 1
8 10098 1
8 16430 1
8 11293 1
8 5808 1
8 19208 1
8 3991 2
8 14522 1
8 8636 1
8 8765 1
8 14527 1
8 4868 1
8 7233 1
8 20547 1
8 21586 1
8 3397 1
8 11908 1
8 11850 1
8 17484 1
8 16333 1
8 20686 1
8 12429 1
8 12625 1
8 20690 1
8 19939 1
8 1167 1
8 10205 1
8 12602 1
8 4960 1
8 13026 1
8 10467 1
8 9167 1
8 105 1
8 2154 1
8 8683 1
8 9069 1
8 5232 1
8 625 1
8 18162 1
8 21619 1
8 13389 1
8 5758 1
8 16888 1
8 13817 1
8 1918 1
9 9729 1
9 19460 1
9 22030 1
9 22032 1
9 12820 1
9 22551 1
9 10264 1
9 17435 2
9 6686 1
9 6695 1
9 16936 1
9 3629 1
9 16430 1
9 9777 1
9 7219 1
9 12344 1
9 9273 1
9 3935 1
9 16446 1
9 17984 2
9 12354 1
9 7241 1
9 11850 2
9 13389 3
9 11858 1
9 13398 2
9 16998 1
9 18028 1
9 622 1
9 4723 1
9 1163 1
9 17013 1
9 17016 1
9 6777 1
9 17018 1
9 6787 1
9 18055 1
9 1672 1
9 13963 1
9 12429 1
9 1048 1
9 14493 1
9 9887 1
9 4263 1
9 10408 1
9 10410 1
9 14509 1
9 6833 1
9 19133 1
9 703 1
9 15558 1
9 20167 1
9 20168 2
9 4302 1
9 8913 1
9 10975 1
9 4836 1
9 7397 1
9 6375 4
9 17129 1
9 12013 1
9 22262 1
9 7039 1
9 14592 1
9 8449 2
9 4359 1
9 20234 1
9 4364 4
9 13069 1
9 17681 1
9 21268 1
9 14618 2
9 1834 1
9 6791 2
9 1459 1
9 18222 1
9 16175 1
9 15666 1
9 10555 1
9 8511 1
9 6464 2
9 15170 1
9 20803 1
9 12110 1
9 3919 2
9 3408 1
9 11604 1
9 4438 1
9 18148 1
9 15709 1
9 14687 1
9 22368 1
9 7013 1
9 7527 1
9 9069 1
9 20343 1
9 1917 1
9 5502 3
9 4002 1
9 14545 1
9 1924 1
9 16775 1
9 10636 1
9 910 1
9 8079 1
9 4496 1
9 7570 1
9 917 1
9 13723 1
9 20384 2
9 9122 1
9 16301 1
9 7603 1
9 17334 1
9 9145 1
9 12220 1
9 15808 1
9 7110 1
9 17911 1
9 15266 1
9 7637 1
9 9691 1
9 18911 1
9 3553 1
9 13287 1
9 3562 1
9 16366 1
9 11760 1
9 501 1
9 5623 1
9 11771 1
10 13952 1
10 8449 1
10 4868 1
10 1798 1
10 7303 1
10 4360 1
10 4364 2
10 4110 1
10 16301 1
10 9618 1
10 16915 1
10 15434 1
10 4689 1
10 7769 1
10 19460 1
10 9139 1
10 7451 1
10 3290 1
10 13854 1
10 16367 1
10 4384 1
10 14448 1
10 1693 1
10 6947 1
10 7332 1
10 4263 1
10 1834 1
10 1837 1
10 15279 1
10 15666 1
10 7219 1
10 13876 1
10 12341 1
10 8375 1
10 3641 1
10 19133 1
10 4030 1
10 6965 1
10 1440 1
10 15682 1
10 7236 1
10 7370 1
10 17229 1
10 11215 1
10 9169 1
10 21586 1
10 14419 1
10 3796 1
10 13525 1
10 14807 1
10 17610 1
10 548 1
10 11482 2
10 15836 1
10 10589 1
10 20064 2
10 19553 2
10 14306 1
10 11492 1
10 17637 1
10 17638 1
10 7655 1
10 15210 1
10 20882 1
10 4591 1
10 9072 1
10 12018 1
10 10963 1
10 1140 1
10 7160 1
10 15865 1
10 9919 1
10 17148 1
11 12288 1
11 19460 1
11 3078 1
11 13832 1
11 4115 1
11 12825 6
11 4122 1
11 7600 1
11 18140 1
11 22055 1
11 11817 1
11 1578 1
11 8236 1
11 1076 1
11 1590 1
11 12343 1
11 8764 1
11 15939 1
11 16968 1
11 2635 1
11 17996 1
11 12878 1
11 6464 1
11 21586 2
11 10973 1
11 15448 1
11 18528 1
11 8892 1
11 106 1
11 21102 1
11 14448 1
11 13937 1
11 6771 1
11 1141 1
11 5246 1
11 8640 1
11 12930 2
11 18052 1
11 13445 1
11 646 1
11 22209 1
11 15496 1
11 14985 1
11 18882 1
11 17041 3
11 17042 1
11 15982 1
11 16543 1
11 13994 1
11 14509 1
11 16049 1
11 19124 1
11 13493 1
11 5814 1
11 3258 1
11 10972 1
11 19133 7
11 11967 1
11 12481 1
11 15042 1
11 9924 1
11 16578 1
11 5840 1
11 10963 1
11 13526 1
11 22232 1
11 13532 1
11 1757 2
11 15582 1
11 1763 1
11 1764 1
11 7400 1
11 8425 1
11 753 1
11 15609 1
11 8449 1
11 4868 2
11 20234 1
11 4364 1
11 7437 2
11 4884 1
11 16661 1
11 15128 1
11 7451 1
11 8989 1
11 10530 1
11 6947 1
11 20260 1
11 1841 1
11 1833 1
11 15751 2
11 15581 1
11 17200 1
11 5000 1
11 6965 2
11 8502 1
11 21305 7
11 13627 1
11 1852 1
11 20285 1
11 320 1
11 15681 1
11 12610 1
11 20303 1
11 21841 1
11 22355 2
11 4438 1
11 21817 1
11 15705 1
11 22368 1
11 15206 1
11 13159 1
11 8556 1
11 9069 4
11 10097 1
11 20343 2
11 4986 1
11 5400 1
11 9600 1
11 7041 1
11 18819 1
11 14725 1
11 1415 1
11 13704 3
11 906 1
11 10636 1
11 10644 1
11 14743 1
11 8607 1
11 7584 1
11 12710 1
11 16807 1
11 12716 1
11 12852 1
11 16304 1
11 4538 1
11 1467 1
11 22463 1
11 22464 4
11 11714 3
11 13252 1
11 1482 1
11 4555 1
11 9167 1
11 2001 1
11 8660 2
11 12760 1
11 15835 1
11 10206 1
11 8683 1
11 7660 1
11 16367 1
11 7664 1
11 7671 1
11 11771 1
11 6652 1
11 11946 1
11 13822 1
12 12288 1
12 4011 1
12 19460 4
12 12805 1
12 19464 1
12 1547 2
12 14509 1
12 22032 1
12 16915 1
12 12825 4
12 7203 1
12 3627 1
12 22061 1
12 14387 1
12 12852 1
12 17973 1
12 22071 1
12 4665 1
12 4668 1
12 3647 1
12 13889 1
12 12354 1
12 3652 3
12 16455 1
12 19019 1
12 20558 1
12 7437 2
12 21586 1
12 15971 1
12 7769 1
12 14427 1
12 3171 1
12 9831 2
12 5391 1
12 13331 1
12 13440 1
12 17203 1
12 3636 1
12 3217 1
12 663 1
12 12446 1
12 673 1
12 6310 1
12 4263 1
12 22188 1
12 9901 1
12 5813 1
12 19133 5
12 718 1
12 10449 2
12 5332 1
12 5838 1
12 5337 1
12 5841 1
12 8425 3
12 4330 1
12 22252 1
12 8660 1
12 17148 1
12 8445 1
12 18174 1
12 4867 3
12 2310 1
12 4364 1
12 269 1
12 19598 1
12 3629 2
12 2322 1
12 16661 2
12 2328 1
12 797 1
12 18209 1
12 5928 1
12 904 1
12 18995 1
12 1844 1
12 6965 3
12 21305 5
12 11070 1
12 22354 1
12 11604 1
12 14677 1
12 18267 2
12 13159 1
12 8451 1
12 5993 1
12 9069 2
12 6511 1
12 13682 1
12 5438 1
12 21419 1
12 20343 1
12 1917 1
12 18818 1
12 16773 1
12 15751 1
12 13704 2
12 11662 1
12 4589 1
12 20882 2
12 10644 2
12 14744 1
12 8607 6
12 20384 2
12 15777 1
12 15266 1
12 15275 1
12 12716 1
12 7600 1
12 16831 1
12 22464 1
12 11714 1
12 7109 1
12 7111 2
12 11723 1
12 9684 1
12 7637 1
12 19939 1
12 7659 1
12 8685 1
12 16367 3
12 16373 1
12 502 1
12 7671 1
12 22357 1
13 12288 3
13 19460 1
13 3158 1
13 16390 1
13 8449 1
13 19464 1
13 16691 1
13 1547 1
13 3084 2
13 4111 1
13 22032 1
13 3331 1
13 13849 1
13 13316 1
13 6687 2
13 19803 1
13 3621 1
13 20519 1
13 1068 1
13 3629 4
13 8753 1
13 5682 1
13 7219 1
13 12852 2
13 21557 1
13 7224 1
13 3134 2
13 13887 1
13 16961 1
13 15939 1
13 7236 1
13 582 1
13 13388 1
13 13389 1
13 12878 2
13 4689 1
13 21586 3
13 13398 1
13 2648 1
13 13401 1
13 16831 1
13 7771 1
13 13405 1
13 10851 1
13 13412 1
13 14437 1
13 9832 1
13 8892 1
13 13418 1
13 9324 1
13 21102 1
13 14448 2
13 16848 1
13 1141 1
13 17014 1
13 18042 1
13 5755 1
13 19580 1
13 6269 1
13 5246 1
13 15487 1
13 17360 1
13 13445 2
13 9473 1
13 12935 2
13 18569 1
13 12426 1
13 10896 1
13 13969 1
13 3220 1
13 14489 1
13 16539 1
13 5276 1
13 11461 1
13 673 1
13 16661 1
13 4777 1
13 11434 2
13 13995 1
13 9901 1
13 11439 1
13 16049 1
13 12997 1
13 9398 1
13 11449 1
13 18975 1
13 3260 1
13 19133 6
13 9919 1
13 22209 1
13 2243 1
13 13508 3
13 2245 1
13 12998 1
13 20168 1
13 12151 1
13 13516 1
13 7889 2
13 19155 1
13 20695 1
13 11215 4
13 18141 1
13 15582 1
13 7903 1
13 7905 2
13 740 1
13 7397 1
13 2279 1
13 20713 1
13 22055 1
13 20717 2
13 3197 1
13 12670 1
13 1076 1
13 18686 1
13 11008 1
13 14081 2
13 14082 1
13 4867 1
13 4868 3
13 2310 1
13 12673 1
13 2314 1
13 4364 1
13 2873 1
13 5391 1
13 17170 1
13 18197 1
13 16662 1
13 2839 2
13 15128 2
13 2841 7
13 4894 1
13 13957 1
13 13088 1
13 10530 1
13 13091 1
13 293 1
13 5928 1
13 1833 1
13 1834 1
13 15751 1
13 1836 1
13 18222 1
13 5425 1
13 17203 1
13 1844 2
13 1758 1
13 3636 3
13 12602 1
13 1162 1
13 3392 1
13 15682 1
13 3907 1
13 6982 1
13 21321 1
13 22346 1
13 17227 1
13 21324 1
13 21305 6
13 3408 1
13 4433 1
13 7508 1
13 14677 1
13 9047 2
13 4441 1
13 13658 1
13 18267 1
13 18234 1
13 4837 1
13 22368 1
13 22369 1
13 19816 1
13 5994 2
13 7655 1
13 9069 5
13 9072 1
13 5489 1
13 21874 2
13 15731 1
13 15593 1
13 5498 1
13 893 1
13 13876 1
13 6464 1
13 10219 1
13 1412 1
13 14725 1
13 19943 1
13 919 1
13 4418 1
13 4589 1
13 4496 1
13 20882 2
13 917 1
13 3991 1
13 7579 2
13 7584 1
13 6055 1
13 4011 1
13 16301 1
13 19886 1
13 15279 1
13 7600 1
13 13875 1
13 19378 1
13 15795 1
13 15674 1
13 13444 1
13 20468 1
13 13755 1
13 13244 1
13 3519 1
13 7104 1
13 11714 2
13 4598 1
13 7110 4
13 12620 1
13 13772 1
13 9167 4
13 13776 1
13 13778 1
13 6102 1
13 14807 3
13 22491 1
13 10205 1
13 19938 1
13 12625 1
13 8683 1
13 8685 1
13 21487 1
13 11760 1
13 9201 1
13 3716 1
13 3060 1
13 1013 1
13 7670 6
13 14327 1
13 7160 1
13 15865 2
13 7109 1
13 11771 6
13 13822 1
14 12288 1
14 11264 1
14 19460 1
14 19464 2
14 1547 1
14 4111 1
14 17424 3
14 4115 1
14 15893 2
14 19478 1
14 535 1
14 9755 1
14 22557 1
14 15903 1
14 6694 1
14 11303 1
14 555 1
14 4654 1
14 10799 1
14 14088 1
14 12342 1
14 18185 2
14 12345 1
14 6715 1
14 3647 1
14 3650 2
14 1092 1
14 15432 1
14 4169 1
14 21067 1
14 13388 1
14 13389 1
14 12878 2
14 15439 1
14 4689 1
14 21586 3
14 13400 2
14 13405 1
14 13408 1
14 22032 1
14 19556 1
14 8636 1
14 18028 1
14 21613 1
14 4719 1
14 13937 1
14 15987 1
14 17013 1
14 10857 1
14 17016 1
14 11898 1
14 15487 1
14 18051 1
14 18055 2
14 16919 1
14 20622 1
14 7313 1
14 4756 1
14 11932 1
14 12446 1
14 14495 1
14 18080 1
14 13985 1
14 17435 1
14 20647 1
14 10408 2
14 17066 1
14 15532 2
14 14509 2
14 16049 1
14 19124 2
14 1719 1
14 6687 1
14 19133 7
14 14015 1
14 6945 1
14 13514 1
14 20343 1
14 13516 1
14 4728 1
14 7892 1
14 11992 1
14 2394 1
14 4986 1
14 8414 1
14 10975 3
14 17125 1
14 9458 1
14 14592 2
14 8449 3
14 4867 1
14 7432 2
14 7433 2
14 17163 1
14 4364 1
14 2839 1
14 15128 2
14 21295 1
14 797 1
14 18207 1
14 800 1
14 7457 1
14 8753 1
14 5928 1
14 6441 1
14 16682 1
14 16775 1
14 2351 1
14 7476 1
14 21305 4
14 14047 1
14 12604 1
14 6464 1
14 7489 1
14 4419 1
14 8013 1
14 12625 2
14 20818 1
14 21333 1
14 854 1
14 19802 1
14 16731 1
14 15710 1
14 22369 1
14 6791 1
14 5988 1
14 3943 1
14 5995 1
14 9069 5
14 5489 1
14 1906 1
14 12151 2
14 10644 1
14 14714 3
14 7081 1
14 18965 1
14 14722 1
14 10219 1
14 15751 2
14 10122 1
14 17291 1
14 4496 2
14 408 1
14 19347 1
14 21908 1
14 7062 1
14 2673 1
14 3992 1
14 15774 1
14 8607 1
14 20384 2
14 19878 1
14 15273 1
14 9644 1
14 7597 1
14 15278 1
14 8623 1
14 14769 1
14 21948 1
14 15293 1
14 7584 1
14 17348 1
14 7110 1
14 9167 2
14 464 1
14 9174 1
14 14807 1
14 13785 1
14 3553 1
14 7654 2
14 15441 1
14 6311 1
14 497 1
14 16374 1
14 5623 1
14 8184 1
14 5625 1
14 1019 1
14 6652 1
14 14677 1
