1 12034 1
1 12163 1
1 11652 1
1 11398 1
1 6791 1
1 4364 2
1 12559 1
1 13388 1
1 15448 1
1 22163 1
1 14484 1
1 10262 1
1 16217 1
1 21295 1
1 9887 1
1 20000 2
1 15266 1
1 3875 1
1 17670 1
1 14509 1
1 9647 1
1 15666 1
1 307 1
1 19124 1
1 13493 1
1 21814 1
1 17481 1
1 2271 1
1 12734 2
1 8927 1
1 1216 1
1 13252 1
1 12357 1
1 20806 1
1 22369 2
1 15432 1
1 19401 1
1 13516 1
1 14677 1
1 9046 1
1 13912 1
1 18905 1
1 8797 2
1 2911 2
1 12641 1
1 16998 1
1 12390 1
1 18154 1
1 13035 1
1 21613 2
1 4496 1
1 1141 3
1 12151 1
1 5140 1
1 17727 1
1 11388 1
2 9729 1
2 12162 1
2 13316 1
2 12422 1
2 14081 1
2 13835 1
2 3113 2
2 11969 1
2 916 1
2 14229 1
2 19350 1
2 6039 1
2 11672 1
2 6809 1
2 13978 1
2 10011 2
2 19740 1
2 9245 1
2 20000 1
2 4001 1
2 15266 1
2 11684 1
2 18981 1
2 5841 1
2 8744 2
2 18985 1
2 22442 2
2 8236 1
2 14509 1
2 9777 2
2 15874 1
2 7476 1
2 17973 1
2 20663 1
2 3258 1
2 7903 1
2 20668 1
2 11381 1
2 8641 1
2 12354 1
2 20427 2
2 3524 1
2 9543 1
2 460 1
2 587 2
2 13388 1
2 13776 1
2 8568 1
2 7892 1
2 14677 1
2 9047 3
2 13658 1
2 18853 1
2 19553 1
2 22587 1
2 7655 1
2 6760 1
2 13801 1
2 1002 1
2 3180 1
2 21613 1
2 2271 1
2 9839 1
2 22133 1
2 13161 1
2 22551 1
2 8746 1
2 15199 1
2 6741 1
3 16982 1
3 22024 1
3 18442 1
3 12888 1
3 18962 1
3 4116 1
3 22551 2
3 9247 2
3 2593 1
3 11817 1
3 8236 1
3 9777 1
3 17464 1
3 12350 1
3 22086 1
3 12471 1
3 588 1
3 17490 1
3 6741 2
3 16470 1
3 13912 1
3 20571 1
3 16479 1
3 21605 1
3 12906 1
3 11381 1
3 11385 3
3 10365 1
3 9855 1
3 22163 1
3 13978 1
3 9886 1
3 18592 1
3 12453 1
3 21160 1
3 22188 1
3 686 1
3 21687 1
3 7879 1
3 13516 3
3 2265 1
3 16095 1
3 5867 1
3 5356 1
3 22262 1
3 15616 1
3 4364 1
3 4367 1
3 13592 1
3 7968 1
3 19238 1
3 19242 1
3 11535 1
3 10545 1
3 19764 1
3 6989 1
3 20303 1
3 19286 1
3 364 1
3 11632 2
3 22385 1
3 17791 1
3 12673 1
3 12164 1
3 9606 1
3 909 1
3 1934 1
3 7055 1
3 22418 2
3 13723 1
3 1959 1
3 5551 1
3 4533 1
3 9142 1
3 13243 1
3 1469 1
3 15808 1
3 13252 1
3 12746 1
3 2003 1
3 9684 1
3 17881 1
3 7644 1
3 2525 1
3 19429 1
3 19942 1
3 12882 1
3 10408 2
3 3060 1
3 12277 1
3 1526 1
3 16379 1
4 19636 1
4 2180 1
4 9606 1
4 17543 1
4 18571 1
4 13452 1
4 20877 1
4 14991 1
4 22418 1
4 20569 1
4 11161 1
4 13978 1
4 18351 1
4 7319 1
4 13079 1
4 9247 1
4 20384 1
4 1047 1
4 20260 1
4 22053 1
4 8177 1
4 20010 1
4 5677 1
4 2173 1
4 22557 1
4 7218 1
4 15028 1
4 22585 2
4 5306 1
4 17340 1
4 22589 1
4 11714 1
4 395 1
4 3937 1
4 588 1
4 17996 1
4 6989 1
4 8838 1
4 20303 2
4 17872 1
4 12625 1
4 19028 1
4 12888 2
4 12505 1
4 15820 1
4 16479 1
4 4960 1
4 14689 1
4 1303 1
4 16379 1
4 360 1
4 21613 1
4 16381 1
4 11632 1
4 13937 1
4 16946 1
4 4084 1
4 12279 1
4 14969 1
4 11898 1
4 1147 2
4 19580 1
4 8490 1
4 13182 1
5 8193 1
5 17154 1
5 8043 1
5 19460 1
5 19350 1
5 18056 1
5 6537 1
5 4364 1
5 4366 1
5 8079 1
5 19096 1
5 16373 1
5 19093 2
5 918 1
5 14743 1
5 10264 1
5 4484 1
5 669 1
5 16159 1
5 20384 1
5 15266 1
5 20260 1
5 21797 1
5 21161 2
5 20010 1
5 3134 1
5 8236 1
5 3629 1
5 8989 1
5 15664 1
5 17971 1
5 12341 1
5 17463 1
5 12091 1
5 19900 1
5 16190 1
5 11381 1
5 16193 1
5 451 1
5 17996 1
5 6732 1
5 14800 1
5 15953 1
5 21586 1
5 684 1
5 15449 2
5 22368 1
5 22369 1
5 5355 1
5 18924 1
5 21613 1
5 8046 1
5 19709 1
5 4081 1
5 22557 1
5 18668 1
5 3113 1
5 20095 1
5 10365 1
5 1918 2
5 6527 1
6 1280 1
6 10625 2
6 15618 1
6 1067 1
6 14725 1
6 15660 1
6 18571 1
6 13452 2
6 7055 1
6 22032 1
6 15508 1
6 22551 1
6 15512 2
6 5785 1
6 5356 1
6 14448 1
6 21160 1
6 11817 1
6 22442 2
6 22571 1
6 7980 1
6 5551 1
6 7089 1
6 9600 1
6 4533 1
6 8502 1
6 10040 2
6 18746 1
6 19900 1
6 202 1
6 11714 1
6 19174 1
6 12746 1
6 14033 1
6 16468 1
6 6741 3
6 4054 1
6 2394 1
6 17466 1
6 16479 1
6 18528 1
6 8161 1
6 12390 1
6 7014 1
6 14161 1
6 8636 4
6 19050 1
6 22252 1
6 15616 1
6 22255 1
6 19056 1
6 13937 1
6 18420 1
6 21493 1
6 16379 1
7 12288 1
7 10625 2
7 21980 1
7 19204 1
7 20494 1
7 3731 1
7 15508 2
7 4868 1
7 15620 1
7 22368 1
7 8605 1
7 15903 2
7 15648 1
7 11632 1
7 10409 1
7 1412 1
7 4651 1
7 8236 1
7 2990 1
7 21295 1
7 12341 1
7 5433 1
7 18975 1
7 6718 1
7 8641 1
7 9247 3
7 19401 1
7 19147 1
7 18252 1
7 13901 1
7 9293 1
7 18128 1
7 20177 2
7 4053 1
7 9047 1
7 10972 2
7 21984 1
7 8379 1
7 21605 1
7 19050 3
7 18540 1
7 12656 1
7 20593 1
7 12018 1
7 11514 1
7 19068 1
8 11909 1
8 9607 1
8 4617 1
8 2442 1
8 7952 1
8 15508 1
8 8238 1
8 926 1
8 9759 1
8 8993 1
8 683 1
8 2990 1
8 19207 1
8 6984 1
8 10555 1
8 15548 1
8 6592 1
8 11714 1
8 198 1
8 17825 1
8 8264 1
8 5450 1
8 203 1
8 13516 1
8 467 1
8 6741 1
8 4054 1
8 13147 1
8 3679 1
8 4960 1
8 16098 1
8 16616 1
8 10428 1
8 8043 1
8 9069 1
8 14574 2
8 2899 1
8 22270 1
8 15222 1
8 11511 1
8 8184 1
8 19476 1
8 16379 1
8 4092 1
8 18686 1
9 14469 1
9 11398 1
9 4366 1
9 7055 1
9 2064 1
9 19479 1
9 17184 1
9 18852 1
9 10407 1
9 8236 1
9 8238 1
9 17071 1
9 1466 1
9 16193 1
9 5450 1
9 204 1
9 20303 1
9 2899 1
9 8043 1
9 4723 1
9 15222 2
9 10365 1
10 1410 1
10 7556 1
10 15366 1
10 13249 1
10 15500 1
10 6416 1
10 8964 1
10 1412 1
10 14493 1
10 801 1
10 20260 1
10 4773 1
10 7537 1
10 21544 1
10 20649 1
10 20010 3
10 17069 1
10 16434 1
10 10041 1
10 16193 1
10 3395 1
10 15432 1
10 17996 1
10 10972 1
10 22366 1
10 21984 1
10 7780 1
10 21606 1
10 16625 1
10 1140 1
10 12151 1
10 16890 1
10 12799 1
11 18949 1
11 5638 1
11 9738 1
11 2064 1
11 16913 1
11 9247 1
11 3626 2
11 13372 1
11 22589 1
11 19523 1
11 11850 1
11 13388 2
11 19028 1
11 6741 1
11 21604 3
11 21605 1
11 22119 1
11 18023 1
11 1140 3
11 13941 1
11 4729 1
11 22140 1
11 18559 1
11 6790 1
11 6791 1
11 9867 1
11 13452 1
11 20625 2
11 7314 1
11 16535 1
11 19396 1
11 7326 1
11 9895 2
11 20649 1
11 17066 3
11 12471 1
11 19643 1
11 5311 1
11 13516 4
11 18128 1
11 1747 1
11 14037 1
11 9435 1
11 16098 1
11 5358 1
11 11007 1
11 14081 1
11 4354 1
11 19206 1
11 12558 2
11 18191 1
11 1303 1
11 1818 1
11 797 1
11 15144 2
11 15664 2
11 15666 2
11 9023 1
11 15170 1
11 20303 1
11 2899 1
11 8022 1
11 3927 1
11 20470 1
11 18267 1
11 8541 1
11 18273 1
11 18809 1
11 4986 2
11 2949 1
11 8587 1
11 19347 1
11 5524 1
11 917 1
11 11158 1
11 17312 1
11 931 1
11 944 1
11 4019 1
11 19907 1
11 4548 1
11 19397 1
11 19913 1
11 3023 1
11 7637 1
11 8158 1
11 9697 1
11 11749 1
11 1526 1
11 5623 1
11 22100 1
12 12673 1
12 9884 1
12 3203 1
12 15620 1
12 13398 1
12 5638 1
12 4871 1
12 13960 1
12 16265 1
12 17162 2
12 2443 2
12 909 1
12 910 1
12 9360 1
12 12312 1
12 8722 1
12 22551 1
12 7960 5
12 12570 1
12 7964 3
12 15514 1
12 15262 1
12 22369 1
12 7968 2
12 18804 1
12 16546 1
12 18851 1
12 19238 1
12 19113 1
12 22571 1
12 1068 1
12 605 1
12 8753 1
12 20019 1
12 1076 1
12 19765 1
12 17463 1
12 14520 1
12 20468 1
12 6458 1
12 3274 1
12 190 1
12 5687 1
12 20000 1
12 4035 1
12 19396 1
12 19102 1
12 16968 1
12 202 1
12 14135 1
12 13516 1
12 13389 1
12 17359 1
12 7888 1
12 4818 1
12 17827 1
12 526 1
12 9558 1
12 13912 1
12 14682 1
12 13404 1
12 3421 1
12 17630 1
12 2655 1
12 18528 1
12 6699 1
12 12390 1
12 9833 1
12 6507 1
12 21613 2
12 18301 1
12 19826 1
12 20851 1
12 1140 1
12 1141 1
12 4624 1
12 7081 1
12 11771 1
12 10365 1
12 7893 1
13 19715 1
13 20234 1
13 22283 1
13 4364 1
13 18576 3
13 7960 1
13 15491 1
13 19476 1
13 11672 1
13 5017 1
13 8474 1
13 17435 1
13 20638 1
13 16159 2
13 15266 1
13 10409 1
13 12103 1
13 15660 3
13 8749 1
13 19119 1
13 15688 1
13 4019 1
13 1076 1
13 3636 1
13 8250 1
13 2367 1
13 4161 1
13 15170 1
13 19654 1
13 4423 1
13 3400 1
13 13452 1
13 8906 1
13 13516 3
13 13389 2
13 15439 1
13 18128 1
13 22100 1
13 19931 1
13 7645 1
13 16481 1
13 7650 1
13 14435 1
13 19172 1
13 16221 1
13 7402 1
13 21617 1
13 13459 1
13 1909 1
13 1526 1
13 12151 2
13 5755 1
13 9599 1
14 2 1
14 4616 1
14 17424 5
14 17427 1
14 6489 3
14 17435 4
14 11293 1
14 15903 1
14 551 1
14 3627 1
14 3629 1
14 20014 1
14 1074 1
14 4161 1
14 11334 1
14 587 1
14 6732 1
14 15448 1
14 602 1
14 18016 1
14 19553 1
14 18022 1
14 6760 1
14 9261 1
14 21617 1
14 1140 2
14 11381 1
14 10360 1
14 11898 1
14 2173 1
14 13952 1
14 16064 1
14 11909 1
14 7303 2
14 1163 1
14 14993 1
14 13978 1
14 13979 1
14 19102 1
14 14495 1
14 13477 1
14 683 1
14 22188 1
14 17070 1
14 19124 1
14 12062 1
14 20662 1
14 5815 1
14 2745 1
14 9918 1
14 14016 1
14 12481 1
14 13514 1
14 13516 1
14 18809 1
14 16092 1
14 16093 1
14 4831 1
14 1763 1
14 1255 1
14 15593 1
14 19696 1
14 5874 1
14 12026 1
14 4868 1
14 19718 1
14 4364 2
14 15630 1
14 8749 3
14 7471 2
14 797 1
14 4894 1
14 15136 1
14 12073 1
14 20189 1
14 15666 2
14 21814 1
14 14649 1
14 3914 1
14 6989 1
14 4942 1
14 15188 1
14 7511 1
14 857 1
14 7520 1
14 22369 1
14 3985 1
14 8043 1
14 9069 1
14 13532 1
14 12816 1
14 20343 1
14 12153 1
14 2446 1
14 4497 1
14 19350 1
14 7584 3
14 15273 1
14 4012 1
14 1454 1
14 19378 1
14 1459 1
14 436 1
14 8636 1
14 21949 1
14 7104 1
14 11714 1
14 19396 1
14 21957 2
14 13255 3
14 13388 1
14 12110 1
14 5591 1
14 1501 1
14 14814 1
14 9710 1
14 6887 1
14 18424 1
14 5625 1
14 11771 1
15 13737 1
15 10263 1
15 18191 1
15 1681 1
15 13460 2
15 9878 1
15 22551 1
15 1945 1
15 13466 1
15 13978 1
15 18736 1
15 5923 1
15 17700 1
15 6822 2
15 9895 1
15 3113 1
15 22186 2
15 12076 1
15 3629 1
15 8669 1
15 3888 1
15 7081 1
15 22585 1
15 15548 1
15 9791 1
15 2278 1
15 11714 1
15 19396 1
15 9543 3
15 3528 1
15 17399 1
15 13388 1
15 12239 1
15 17872 1
15 12881 1
15 14677 3
15 7645 1
15 7644 1
15 12585 1
15 3171 1
15 6502 1
15 2918 1
15 6760 1
15 5866 1
15 21613 1
15 18030 1
15 15856 1
15 21617 1
15 1140 1
15 22133 2
15 12663 1
15 8184 1
16 20190 1
16 21669 1
16 5634 1
16 10115 1
16 19718 1
16 5005 1
16 12558 1
16 18191 1
16 15121 1
16 22418 1
16 917 1
16 13078 1
16 12700 1
16 19358 1
16 15903 1
16 15776 1
16 549 1
16 16804 1
16 9606 1
16 16806 1
16 11815 1
16 22186 1
16 15660 2
16 7088 1
16 3889 1
16 16435 1
16 926 1
16 1206 1
16 12602 1
16 6438 1
16 17093 1
16 9543 1
16 3528 1
16 16714 1
16 13516 2
16 13389 1
16 17870 1
16 592 1
16 15697 1
16 6868 1
16 10837 3
16 10852 1
16 18394 1
16 20571 1
16 7644 1
16 4830 1
16 21605 1
16 5984 1
16 19938 1
16 7396 1
16 8549 1
16 745 1
16 5610 1
16 5611 1
16 21613 1
16 21619 1
16 22260 1
16 4217 1
16 21887 1
17 4484 1
17 15621 1
17 9606 1
17 15495 1
17 19900 1
17 9863 1
17 6541 1
17 2446 2
17 9362 1
17 8515 1
17 2990 1
17 19350 1
17 12604 1
17 19096 1
17 10265 1
17 12700 1
17 18030 1
17 15903 1
17 8666 1
17 21211 1
17 4900 1
17 22186 1
17 3113 1
17 17706 1
17 10055 1
17 12076 1
17 3629 1
17 16430 1
17 18736 1
17 14574 2
17 4916 1
17 4534 1
17 10889 2
17 9614 1
17 12716 1
17 22460 1
17 10814 1
17 10049 1
17 8387 1
17 9543 4
17 3528 1
17 15817 1
17 21451 1
17 13006 1
17 6609 1
17 21458 1
17 9684 1
17 6606 1
17 9686 1
17 2903 1
17 856 1
17 16804 1
17 13914 1
17 18267 1
17 10206 1
17 15457 1
17 17659 1
17 15845 1
17 21608 1
17 3177 1
17 7018 1
17 4818 1
17 9326 1
17 11631 1
17 1099 1
17 15548 1
17 9110 1
17 18046 1
17 14913 1
17 9435 1
17 12153 1
17 11771 1
17 10365 1
17 12010 1
18 9607 1
18 10889 1
18 7055 1
18 7313 1
18 19347 1
18 17262 1
18 12567 1
18 1818 1
18 5276 1
18 22369 1
18 4900 1
18 6822 1
18 22186 1
18 12716 1
18 16430 1
18 18736 1
18 16606 2
18 18185 1
18 8760 1
18 3679 1
18 16193 2
18 10052 1
18 10053 1
18 9543 1
18 6801 1
18 8164 1
18 18267 1
18 18079 1
18 4986 1
18 10206 1
18 735 2
18 7777 1
18 9444 1
18 21605 1
18 16017 1
18 6760 2
18 12888 1
18 18030 1
18 15855 1
18 6386 1
18 14993 1
18 12151 1
18 16760 1
18 5498 1
18 1147 1
18 6012 1
18 17535 1
19 13316 1
19 2578 1
19 10262 1
19 22551 2
19 9241 1
19 22557 1
19 15903 1
19 6690 1
19 3113 2
19 22571 1
19 16430 1
19 1076 1
19 12341 1
19 13881 1
19 20026 1
19 8771 1
19 1092 1
19 587 1
19 13388 2
19 12878 1
19 21605 1
19 1467 1
19 20155 1
19 1639 1
19 6760 1
19 6761 1
19 22123 1
19 11887 1
19 18042 1
19 12927 1
19 13440 1
19 11909 2
19 9351 2
19 11913 1
19 1167 1
19 16017 1
19 13459 1
19 6809 1
19 13466 1
19 13979 1
19 14493 1
19 14495 1
19 17067 1
19 18606 1
19 2739 1
19 7867 2
19 18108 1
19 6846 1
19 4818 1
19 4823 1
19 18140 1
19 2271 1
19 5863 1
19 1266 1
19 1781 1
19 7937 1
19 1067 1
19 2309 1
19 20234 1
19 4364 1
19 18197 1
19 17703 1
19 19243 1
19 1837 1
19 7471 1
19 3888 2
19 3889 1
19 831 2
19 22339 1
19 12103 1
19 12624 1
19 22354 1
19 9043 1
19 14682 1
19 18267 1
19 6506 1
19 8043 2
19 364 1
19 7533 1
19 8046 1
19 7190 1
19 11645 1
19 9094 1
19 2442 2
19 2446 1
19 4496 1
19 19347 1
19 917 2
19 15771 1
19 4509 2
19 14753 1
19 15266 1
19 1962 1
19 4012 1
19 16301 1
19 18872 1
19 9887 1
19 444 1
19 11714 1
19 17870 1
19 17872 2
19 9684 1
19 18393 1
19 19419 1
19 17899 1
19 16367 1
19 19952 1
19 15855 1
19 8186 1
20 12673 1
20 15618 1
20 683 1
20 22404 1
20 2309 1
20 8838 1
20 4364 1
20 6670 1
20 15119 1
20 16272 2
20 15704 1
20 18179 1
20 16789 1
20 17688 2
20 13979 2
20 8988 1
20 22301 1
20 15266 1
20 18851 1
20 22186 1
20 3243 1
20 15660 1
20 22317 1
20 7471 1
20 22193 1
20 15666 1
20 21427 1
20 9387 1
20 7095 1
20 13880 1
20 3641 1
20 18746 1
20 7867 1
20 5565 2
20 9918 1
20 10943 1
20 11969 2
20 12354 1
20 9543 1
20 13389 1
20 6989 1
20 5840 1
20 7568 1
20 10510 4
20 9687 1
20 11224 1
20 8749 1
20 16092 2
20 1501 1
20 14558 1
20 1141 1
20 8801 1
20 15971 1
20 19174 1
20 6760 2
20 18921 1
20 9322 1
20 15214 1
20 9839 1
20 9201 1
20 13950 1
20 20343 1
20 8569 1
20 16890 1
20 638 1
21 20481 1
21 2307 1
21 20358 1
21 6791 2
21 19849 1
21 395 2
21 6414 1
21 14509 1
21 22032 2
21 16216 1
21 18179 1
21 2990 1
21 19094 1
21 22551 1
21 12441 1
21 12570 1
21 22299 1
21 8988 1
21 18202 1
21 8992 1
21 21211 1
21 21001 2
21 2243 1
21 13681 1
21 10012 1
21 22442 1
21 3627 1
21 20780 1
21 11309 1
21 3758 1
21 7471 2
21 9777 1
21 12852 1
21 9013 1
21 9015 1
21 3339 1
21 3636 1
21 12091 1
21 9532 1
21 16831 1
21 20427 1
21 4550 1
21 6345 1
21 9035 1
21 17996 1
21 12878 1
21 19124 1
21 8404 1
21 3342 1
21 9686 1
21 5207 1
21 3672 1
21 1369 1
21 8026 1
21 859 1
21 2524 1
21 17119 1
21 18528 1
21 19554 1
21 9831 2
21 20456 1
21 8425 1
21 12778 1
21 1525 1
21 21613 1
21 13937 2
21 12659 1
21 4999 1
21 757 1
21 18044 1
21 2173 1
22 14081 1
22 14595 1
22 6406 1
22 5000 1
22 19820 1
22 7057 1
22 19347 2
22 8260 1
22 8636 2
22 6562 1
22 18852 1
22 4038 1
22 3113 1
22 22442 3
22 22571 1
22 20298 1
22 14509 1
22 14895 1
22 13880 2
22 21305 1
22 19900 1
22 19133 2
22 22464 1
22 8641 2
22 16835 1
22 4036 1
22 8518 1
22 9034 2
22 12625 1
22 10453 1
22 20389 1
22 8797 2
22 13790 1
22 22181 1
22 3553 1
22 22115 1
22 4326 1
22 22119 1
22 22121 1
22 3562 3
22 3564 1
22 21613 1
22 3822 2
22 13174 1
22 12151 1
22 18426 1
22 2173 2
22 3711 1
23 1798 1
23 4038 1
23 16775 1
23 16680 1
23 13516 1
23 5866 1
23 6791 1
23 9619 1
23 19347 3
23 13398 1
23 21305 1
23 4947 1
24 14592 1
24 14081 1
24 6146 1
24 13316 1
24 7943 1
24 19347 4
24 1560 1
24 21660 1
24 797 1
24 2865 1
24 22188 1
24 14895 1
24 9777 1
24 1074 1
24 21305 1
24 5831 1
24 12746 1
24 10359 1
24 12878 2
24 13398 1
24 8026 1
24 2275 1
24 879 1
24 13174 1
24 12151 1
24 11514 1
25 15616 1
25 19470 1
25 22032 1
25 10263 1
25 17955 1
25 11817 1
25 1578 1
25 3130 4
25 578 1
25 19523 1
25 2628 1
25 14689 2
25 12878 1
25 15439 1
25 595 1
25 4112 1
25 8300 1
25 626 1
25 10360 1
25 633 1
25 22140 1
25 13440 2
25 11913 2
25 10890 1
25 15499 1
25 14991 1
25 12944 1
25 12946 2
25 19098 1
25 12445 1
25 10408 4
25 14509 1
25 10927 1
25 12471 1
25 17271 1
25 13516 2
25 12498 1
25 17107 1
25 20180 1
25 5846 1
25 9945 1
25 13020 2
25 1303 1
25 19172 1
25 8421 1
25 8425 2
25 12010 1
25 17140 1
25 14592 1
25 9283 1
25 15111 2
25 7432 1
25 21782 1
25 6423 1
25 13592 1
25 13081 1
25 1823 1
25 20774 1
25 22314 1
25 1161 1
25 5433 2
25 16190 1
25 15329 1
25 20303 1
25 12625 1
25 2899 2
25 21334 1
25 3927 1
25 17248 1
25 3937 1
25 2918 1
25 13161 1
25 6507 3
25 13681 1
25 16758 1
25 20343 1
25 22551 1
25 16252 2
25 6528 1
25 19332 1
25 15239 2
25 13710 3
25 19347 2
25 13723 2
25 931 1
25 20389 1
25 935 1
25 10669 1
25 22464 1
25 974 1
25 19922 1
25 7645 1
25 3553 1
25 3047 1
25 7658 1
25 4604 1
26 5888 1
26 2947 2
26 11909 1
26 6791 1
26 8236 1
26 6423 2
26 4364 1
26 13453 1
26 7911 1
26 15660 1
26 20882 1
26 1467 1
26 18324 1
26 21806 1
26 21305 1
26 22551 1
26 7319 1
26 6301 1
26 15903 1
26 10018 1
26 931 1
26 8159 1
26 10409 1
26 1578 1
26 2220 1
26 15602 1
26 20142 1
26 22057 1
26 15664 1
26 689 1
26 3636 1
26 9269 2
26 10329 1
26 18505 1
26 17337 1
26 18874 1
26 2655 1
26 8043 1
26 12734 1
26 19519 1
26 12352 1
26 9867 1
26 14277 1
26 19271 1
26 13388 2
26 588 1
26 13389 1
26 10573 1
26 594 1
26 17107 2
26 16981 1
26 9686 1
26 5433 2
26 12888 1
26 6361 1
26 16223 1
26 12512 1
26 17881 1
26 21310 1
26 8421 1
26 9831 1
26 22119 1
26 4590 1
26 20556 1
26 13398 1
26 3954 1
26 16243 1
26 18327 1
26 16062 1
26 3318 1
26 12151 1
26 4509 1
26 6652 1
26 18174 1
26 21605 1
27 19971 1
27 13316 1
27 15369 1
27 7180 1
27 14595 1
27 15534 1
27 10263 1
27 10786 1
27 1576 1
27 8745 1
27 1068 1
27 8753 1
27 6197 1
27 13885 1
27 17470 1
27 12352 1
27 12360 1
27 15434 1
27 1099 1
27 592 1
27 15800 1
27 18003 1
27 10837 1
27 13398 3
27 10330 1
27 8797 1
27 18528 1
27 10854 1
27 9831 1
27 22124 1
27 21613 1
27 9839 1
27 13937 1
27 10867 2
27 1140 1
27 7285 1
27 18042 1
27 16508 1
27 20843 1
27 6790 1
27 18056 1
27 14993 1
27 6802 1
27 9371 1
27 10407 1
27 14509 1
27 1710 1
27 5816 1
27 5306 1
27 8892 1
27 19133 1
27 202 1
27 13516 3
27 14033 2
27 10453 1
27 16605 1
27 7904 1
27 5867 1
27 4340 1
27 11511 1
27 11514 2
27 14592 3
27 14081 1
27 4355 2
27 11524 1
27 897 1
27 3339 1
27 15119 1
27 14102 1
27 20770 1
27 4230 1
27 3369 1
27 12076 1
27 20782 3
27 7471 3
27 9526 1
27 21305 5
27 328 1
27 12625 1
27 21849 1
27 16733 1
27 22368 1
27 13161 1
27 8554 1
27 3435 1
27 12140 1
27 17984 1
27 2435 1
27 901 1
27 19347 1
27 10135 1
27 6045 1
27 15266 1
27 22442 4
27 10158 2
27 925 1
27 3400 1
27 15347 1
27 18872 1
27 5561 1
27 20924 2
27 12733 1
27 22464 1
27 19397 1
27 9158 1
27 13769 1
27 12746 1
27 20427 1
27 3536 1
27 10206 1
27 19939 1
27 12779 1
27 12787 1
27 1525 1
27 21962 1
27 18005 1
28 8192 2
28 8705 1
28 13398 2
28 22551 1
28 4635 1
28 11292 2
28 15903 1
28 22571 1
28 8236 5
28 3629 1
28 16944 1
28 7732 1
28 13882 1
28 12360 1
28 2634 2
28 20044 1
28 4451 1
28 598 1
28 18521 1
28 14427 1
28 9831 1
28 19900 1
28 20924 3
28 21611 1
28 19133 1
28 21104 1
28 13937 1
28 6770 1
28 4723 2
28 9065 1
28 14969 1
28 21627 1
28 3711 1
28 14466 1
28 6275 1
28 6790 2
28 14473 1
28 13963 2
28 13388 1
28 18287 4
28 12446 1
28 16543 1
28 17066 1
28 14509 1
28 2228 1
28 13769 1
28 1724 1
28 1725 3
28 14016 1
28 18114 1
28 13516 3
28 7897 1
28 6875 1
28 10972 3
28 8144 1
28 5863 2
28 14574 3
28 12017 1
28 1266 2
28 11511 1
28 18174 1
28 11008 1
28 8449 1
28 4867 1
28 4868 1
28 1800 1
28 15115 1
28 4364 3
28 16653 1
28 15119 1
28 22147 1
28 14102 1
28 22295 1
28 2328 1
28 19226 1
28 8636 1
28 13532 1
28 12076 1
28 17202 1
28 16695 1
28 21305 2
28 15166 1
28 21314 1
28 1163 2
28 5450 1
28 4942 1
28 11600 1
28 21845 1
28 17241 1
28 18267 2
28 15199 1
28 3427 1
28 13161 1
28 18799 1
28 13170 2
28 12151 1
28 17786 1
28 17787 1
28 12670 1
28 18818 2
28 16260 1
28 3991 1
28 925 3
28 931 1
28 22442 1
28 16308 1
28 18872 1
28 1467 1
28 1468 1
28 12734 2
28 4033 1
28 13255 1
28 13961 1
28 21961 2
28 21962 1
28 9167 1
28 13776 1
28 9686 1
28 18911 3
28 17890 1
28 10263 1
28 13797 1
28 11760 1
28 15864 1
29 14592 2
29 18051 1
29 16982 1
29 9606 1
29 18055 1
29 17162 1
29 14988 1
29 11662 1
29 12141 1
29 7952 1
29 20718 1
29 19737 1
29 12441 1
29 22557 1
29 7582 1
29 1571 1
29 6790 1
29 7463 1
29 6045 1
29 21852 1
29 22442 3
29 14791 1
29 5804 1
29 6702 1
29 20189 2
29 17608 1
29 7475 1
29 15543 1
29 13880 1
29 19770 1
29 13710 1
29 9918 2
29 11327 1
29 14016 1
29 11969 1
29 12354 1
29 20292 1
29 1991 1
29 15432 1
29 20298 1
29 13388 1
29 19789 1
29 19792 1
29 18872 1
29 2770 1
29 2003 1
29 11732 1
29 10837 1
29 9046 1
29 5208 1
29 10360 1
29 16092 1
29 8797 1
29 7903 1
29 7184 1
29 8421 1
29 21733 1
29 12390 1
29 13415 1
29 18023 1
29 22252 1
29 21613 2
29 18030 1
29 15485 1
29 11760 1
29 21617 1
29 7635 1
29 1140 1
29 12663 1
29 12664 1
29 22140 1
29 5885 1
29 5246 1
30 1029 3
30 18953 1
30 11281 1
30 10263 1
30 8229 1
30 20520 1
30 11714 2
30 2105 1
30 7741 1
30 20547 1
30 7752 1
30 6732 1
30 13398 1
30 8803 1
30 9831 1
30 6761 1
30 13159 1
30 21107 1
30 1140 2
30 1141 1
30 632 1
30 1148 1
30 18557 1
30 20613 1
30 6790 1
30 1163 1
30 4034 1
30 17041 1
30 17046 2
30 18080 2
30 14500 1
30 10408 1
30 5916 1
30 11946 1
30 10411 1
30 22188 1
30 20142 1
30 8370 1
30 16058 1
30 15036 2
30 20673 1
30 8387 1
30 13516 4
30 4303 1
30 16616 1
30 5866 1
30 14592 1
30 4868 1
30 19718 2
30 17162 1
30 4364 1
30 17678 1
30 4884 1
30 18197 1
30 7964 1
30 2849 1
30 15660 1
30 18736 1
30 16177 1
30 15666 3
30 5433 1
30 18911 1
30 20803 1
30 6481 1
30 14677 1
30 15704 1
30 15193 1
30 21853 1
30 3937 1
30 5991 1
30 8765 1
30 20851 2
30 12151 1
30 22551 1
30 1918 1
30 7041 1
30 9606 3
30 16775 1
30 20874 1
30 2443 2
30 2446 1
30 9617 1
30 9619 2
30 17814 1
30 22423 1
30 19353 1
30 15771 1
30 15776 1
30 11692 1
30 15800 1
30 5565 1
30 18882 1
30 4547 1
30 17348 1
30 6220 1
30 9167 1
30 11732 3
30 10204 1
30 2527 1
30 17902 1
30 15855 1
30 9726 1
31 12288 1
31 14592 2
31 13316 1
31 7939 1
31 19716 1
31 2394 1
31 3113 1
31 16943 1
31 1076 1
31 22585 1
31 5186 1
31 6732 2
31 12878 1
31 10837 2
31 13398 3
31 20570 1
31 12891 1
31 4205 1
31 4217 1
31 8320 1
31 6791 1
31 14993 1
31 13459 1
31 19093 1
31 19096 1
31 9380 1
31 4776 1
31 20142 1
31 12471 1
31 13526 3
31 8387 1
31 13516 3
31 2765 1
31 1744 1
31 15574 1
31 9955 1
31 5866 1
31 5867 3
31 12529 1
31 22262 1
31 5375 1
31 11008 1
31 8449 1
31 15618 1
31 4867 1
31 4868 1
31 19717 1
31 17162 1
31 10510 2
31 21263 1
31 8988 1
31 7968 1
31 5923 1
31 15660 1
31 22319 1
31 9009 1
31 15666 1
31 6969 1
31 18746 1
31 21824 1
31 12103 1
31 14677 1
31 19001 1
31 858 1
31 2914 1
31 2407 1
31 22385 1
31 12151 1
31 8060 1
31 9606 1
31 8583 1
31 9610 1
31 19348 1
31 917 1
31 16804 1
31 9125 1
31 12716 1
31 5551 1
31 432 1
31 13233 1
31 3517 1
31 8641 1
31 3528 1
31 12746 1
31 12239 1
31 17872 1
31 11684 1
31 7645 1
31 21984 1
31 8684 1
31 15864 1
32 9729 1
32 1030 1
32 1032 1
32 19467 1
32 22032 3
32 13841 1
32 8214 1
32 22551 1
32 4868 2
32 545 1
32 547 1
32 19206 1
32 12842 1
32 13356 2
32 10799 1
32 17672 1
32 1074 1
32 12852 1
32 20024 1
32 6713 1
32 6715 1
32 12350 1
32 2119 1
32 19016 1
32 13388 1
32 6741 1
32 13398 1
32 21606 1
32 21613 1
32 22127 1
32 5748 1
32 11894 1
32 2179 1
32 15494 1
32 6791 1
32 12110 1
32 11941 1
32 13478 1
32 10410 1
32 8364 1
32 14509 1
32 2164 1
32 19133 1
32 13507 1
32 7457 1
32 20169 1
32 13514 1
32 13516 1
32 3277 1
32 13523 1
32 10452 3
32 10453 1
32 8937 1
32 19693 1
32 16625 1
32 2515 1
32 17141 1
32 22262 1
32 14592 1
32 3332 1
32 19718 1
32 7432 1
32 15119 1
32 7952 1
32 16658 1
32 7215 1
32 18209 1
32 2851 1
32 19238 1
32 5929 1
32 1834 1
32 15664 2
32 1076 2
32 14145 1
32 8519 1
32 846 1
32 12625 1
32 14677 2
32 7520 1
32 9069 1
32 879 1
32 9072 1
32 20343 1
32 18809 1
32 11645 1
32 17790 1
32 9606 3
32 9610 1
32 22419 1
32 9108 1
32 12190 1
32 20384 1
32 15266 1
32 10150 1
32 4019 1
32 11700 2
32 11193 1
32 8636 1
32 19901 1
32 16831 1
32 22464 1
32 8641 1
32 4035 1
32 4036 2
32 17142 1
32 15311 1
32 10705 1
32 19923 1
32 21838 2
32 22492 1
32 21845 1
33 7451 1
33 12288 1
33 2309 1
33 1798 2
33 6791 1
33 1032 1
33 9227 1
33 13710 2
33 20239 1
33 20882 1
33 8339 1
33 19349 1
33 22551 1
33 13592 1
33 6809 1
33 13723 1
33 19102 1
33 13445 1
33 931 1
33 19238 1
33 4007 1
33 10408 1
33 12733 1
33 17067 1
33 15404 1
33 1459 1
33 7471 1
33 11312 1
33 3633 1
33 18227 1
33 3125 1
33 22198 1
33 21305 1
33 15431 1
33 19771 1
33 8636 3
33 12341 1
33 21310 1
33 21311 1
33 22464 1
33 8641 1
33 11714 2
33 2755 1
33 4038 2
33 2375 2
33 2376 1
33 20297 1
33 4019 1
33 13515 1
33 17435 1
33 9169 1
33 13778 1
33 467 1
33 12888 1
33 16831 1
33 13403 2
33 20189 1
33 8158 1
33 19870 1
33 15971 1
33 8421 1
33 1382 1
33 15441 1
33 13161 1
33 13418 1
33 21613 1
33 16835 1
33 10095 1
33 19347 1
33 19956 1
33 12734 1
33 3702 1
33 8184 1
33 16243 1
33 21354 1
33 12390 1
34 8193 1
34 13227 1
34 525 1
34 11790 1
34 13334 1
34 10264 1
34 9241 1
34 17435 1
34 9246 1
34 16416 1
34 20002 1
34 3113 1
34 4019 1
34 12855 1
34 7736 1
34 5186 1
34 20547 1
34 587 1
34 11618 1
34 12878 1
34 15955 1
34 599 1
34 9817 1
34 8797 1
34 13937 1
34 4723 1
34 21108 1
34 6773 1
34 4218 1
34 22140 1
34 2173 1
34 4223 1
34 6790 1
34 4751 1
34 14484 1
34 19095 1
34 21144 1
34 12441 1
34 13478 1
34 16553 1
34 10410 1
34 10411 1
34 13516 2
34 15574 1
34 11992 2
34 9947 1
34 10972 1
34 10975 1
34 5867 1
34 17148 2
34 14592 1
34 14595 1
34 11524 1
34 2309 1
34 1798 3
34 7432 1
34 4884 1
34 6936 2
34 797 1
34 12581 1
34 7463 1
34 21295 1
34 5433 1
34 12602 1
34 12103 1
34 13128 1
34 15201 1
34 5986 1
34 5988 1
34 8568 1
34 12153 1
34 16774 1
34 16775 1
34 20366 1
34 22420 1
34 917 1
34 17818 1
34 929 1
34 2375 1
34 18866 1
34 21939 1
34 11193 1
34 4038 2
34 18889 1
34 20429 1
34 462 1
34 14304 1
34 5117 1
34 15344 1
34 12797 1
35 13440 1
35 8449 1
35 7044 1
35 6791 1
35 17672 1
35 5131 1
35 15756 1
35 11714 1
35 7823 1
35 20056 1
35 8041 1
35 917 1
35 4303 1
35 8376 1
35 8988 1
35 7069 1
35 1167 1
35 20384 1
35 8348 1
35 17188 1
35 20519 1
35 12188 2
35 22442 2
35 9351 1
35 2220 1
35 20142 1
35 21938 1
35 17203 1
35 7567 1
35 15669 1
35 20260 1
35 2616 1
35 18745 1
35 6458 3
35 6459 1
35 8636 2
35 202 1
35 13502 1
35 21311 1
35 13249 1
35 6391 1
35 2443 3
35 20593 1
35 200 1
35 4364 1
35 5450 1
35 587 1
35 10573 1
35 16544 1
35 9167 1
35 17617 1
35 11218 1
35 9555 1
35 9044 1
35 15317 1
35 15574 1
35 5433 1
35 13912 1
35 18393 1
35 6106 1
35 2063 1
35 18911 1
35 22368 1
35 20547 1
35 19172 1
35 15845 1
35 16998 1
35 13161 2
35 8684 1
35 21613 1
35 19580 1
35 13937 2
35 4723 1
35 3134 1
35 22518 1
35 20343 1
35 14584 1
35 4217 1
35 8127 1
35 18044 1
35 2173 1
35 18942 1
36 22464 1
36 4651 1
36 13316 1
36 13398 2
36 1857 1
36 1032 2
36 395 1
36 4364 1
36 15117 1
36 2063 1
36 7056 1
36 20547 1
36 7317 1
36 11161 1
36 11162 1
36 9247 1
36 545 1
36 20515 1
36 20773 1
36 9510 1
36 4008 1
36 8234 1
36 14379 1
36 8449 2
36 6386 1
36 16302 1
36 12622 1
36 10549 1
36 5433 1
36 6458 1
36 4831 1
36 11708 2
36 13245 1
36 12350 1
36 1141 1
36 6464 1
36 16224 1
36 17218 1
36 5451 1
36 2990 1
36 13128 1
36 8012 1
36 9034 2
36 14795 1
36 6732 1
36 590 1
36 15952 1
36 22571 1
36 22356 1
36 12878 2
36 15574 1
36 18391 1
36 14808 1
36 1031 1
36 18267 1
36 10204 1
36 16479 1
36 5856 1
36 6113 1
36 21605 2
36 8549 2
36 3560 1
36 3134 1
36 8810 1
36 8238 1
36 18797 1
36 11887 1
36 11632 1
36 10408 2
36 15602 1
36 4723 1
36 18046 2
36 14584 1
36 4601 1
36 11771 1
36 4732 1
36 20010 2
36 7550 1
36 917 2
37 16385 1
37 13316 5
37 3077 1
37 1544 1
37 22032 1
37 22551 1
37 15620 1
37 9755 1
37 7709 1
37 9247 2
37 20010 1
37 2606 1
37 7741 3
37 20547 2
37 7749 1
37 18505 1
37 20554 1
37 587 1
37 588 1
37 19028 1
37 6741 1
37 616 1
37 8810 1
37 18540 1
37 21613 1
37 7794 1
37 10867 1
37 1141 2
37 13440 1
37 13452 1
37 13388 1
37 7314 1
37 14483 1
37 15508 1
37 19993 1
37 15512 1
37 14495 1
37 22188 1
37 22198 1
37 7457 1
37 8906 1
37 13516 4
37 5331 1
37 5337 1
37 4831 1
37 1760 1
37 14574 1
37 2289 1
37 22258 1
37 3369 1
37 12505 1
37 4868 1
37 1798 1
37 7433 1
37 15117 1
37 15119 1
37 3858 1
37 4884 1
37 13079 1
37 798 1
37 20257 1
37 21980 1
37 11570 1
37 4404 1
37 10552 1
37 21305 1
37 14559 1
37 21311 1
37 15195 1
37 4960 1
37 15714 1
37 4451 1
37 3943 1
37 395 1
37 15000 1
37 4008 1
37 12018 1
37 1454 1
37 2994 1
37 4019 1
37 15804 1
37 6732 1
37 9170 1
37 470 1
37 7644 2
37 21993 1
37 11760 1
37 4601 1
37 4092 1
38 8193 1
38 1032 1
38 11787 1
38 2063 4
38 10262 1
38 9244 1
38 22557 1
38 5150 1
38 2309 2
38 10786 1
38 6693 1
38 3113 1
38 12842 1
38 7216 1
38 9777 1
38 22451 1
38 13877 1
38 12342 1
38 17463 1
38 2106 1
38 20234 1
38 3134 2
38 7746 1
38 20547 1
38 7749 2
38 20554 1
38 14923 1
38 6732 3
38 7248 1
38 6741 1
38 12891 2
38 15461 1
38 22119 1
38 12906 1
38 21613 1
38 13937 2
38 1141 1
38 11385 5
38 18042 1
38 13440 1
38 13249 1
38 1169 1
38 4035 1
38 14485 1
38 15000 1
38 13979 1
38 9380 1
38 10407 2
38 20649 1
38 12463 1
38 22198 1
38 22200 1
38 9247 1
38 9404 1
38 19133 3
38 7877 1
38 203 1
38 12505 5
38 2394 1
38 5341 1
38 10975 1
38 6372 1
38 21733 1
38 22262 3
38 14584 3
38 17660 1
38 22271 1
38 14081 1
38 14082 1
38 15621 1
38 1798 1
38 7432 3
38 17162 1
38 4364 1
38 7960 3
38 7963 1
38 7968 1
38 8487 1
38 17706 1
38 17707 1
38 7986 1
38 19765 2
38 10552 2
38 21305 2
38 6459 1
38 16190 1
38 5439 1
38 8012 1
38 12110 1
38 20303 1
38 11600 1
38 9046 1
38 9050 1
38 15199 2
38 22369 2
38 7057 1
38 360 1
38 12350 1
38 11645 1
38 8579 1
38 16260 1
38 20878 1
38 15512 1
38 916 1
38 22423 2
38 21912 1
38 12190 1
38 20384 1
38 18853 1
38 22442 1
38 4016 1
38 4019 3
38 12212 1
38 4533 1
38 4534 2
38 13242 2
38 13244 1
38 12734 1
38 8641 1
38 8454 1
38 587 1
38 20424 1
38 13388 1
38 19405 1
38 9172 1
38 10709 1
38 7646 1
38 3553 1
38 10214 1
38 2025 1
38 21995 1
38 4084 1
38 17400 1
38 5629 1
38 22015 1
39 8193 1
39 13316 2
39 16385 1
39 9684 1
39 4623 1
39 22551 1
39 19204 1
39 19994 1
39 8744 1
39 8234 1
39 11307 3
39 4019 3
39 17470 1
39 19520 1
39 12354 2
39 20547 2
39 8260 1
39 14177 1
39 20554 1
39 20556 1
39 13389 1
39 592 1
39 21586 1
39 8803 1
39 13398 1
39 2136 2
39 5210 1
39 3171 1
39 3688 1
39 18030 1
39 1138 1
39 1140 1
39 5755 1
39 11392 1
39 4227 1
39 6790 1
39 13388 1
39 21272 1
39 18067 1
39 14485 1
39 19993 1
39 13468 1
39 672 1
39 16547 1
39 18086 1
39 15532 1
39 7854 1
39 7855 1
39 3251 1
39 22200 1
39 19133 1
39 7870 1
39 18114 1
39 7370 1
39 13516 4
39 1744 1
39 6868 1
39 12505 3
39 3369 1
39 20180 1
39 4859 2
39 15102 1
39 15618 1
39 19716 1
39 15621 1
39 7432 2
39 7433 3
39 3339 1
39 4364 1
39 15119 1
39 7952 2
39 4884 1
39 13592 1
39 20777 1
39 17706 1
39 3373 1
39 22015 1
39 2351 1
39 7476 1
39 10552 1
39 21305 1
39 17216 1
39 14145 1
39 8518 1
39 6984 1
39 330 1
39 8015 1
39 12625 1
39 21330 1
39 14677 1
39 15704 1
39 9050 1
39 18267 1
39 2911 1
39 14689 2
39 16226 1
39 360 1
39 15216 1
39 12350 2
39 12151 1
39 17675 1
39 7041 1
39 14722 1
39 9092 2
39 2442 3
39 395 1
39 909 1
39 13213 1
39 14751 2
39 14754 1
39 20393 1
39 22442 1
39 12209 1
39 1459 1
39 4534 1
39 7095 1
39 8636 3
39 14154 1
39 15808 1
39 4038 1
39 5577 1
39 12746 1
39 20429 2
39 9167 1
39 467 1
39 11732 1
39 10709 1
39 10204 2
39 10206 1
39 7650 1
39 18406 1
39 17899 1
39 8684 3
39 15855 2
39 15856 1
39 7153 1
39 4084 2
39 4090 1
39 6651 1
39 4092 1
39 5631 1
40 9729 1
40 16900 1
40 11787 1
40 22551 2
40 15447 1
40 4127 1
40 20002 1
40 6713 1
40 12354 1
40 15432 1
40 1099 1
40 13388 2
40 9293 1
40 855 1
40 13398 1
40 5207 1
40 15448 1
40 8797 1
40 15461 1
40 12390 1
40 18540 1
40 21613 1
40 18030 1
40 13937 1
40 20599 1
40 17530 1
40 18067 1
40 9884 1
40 22181 1
40 19113 1
40 7855 1
40 16048 1
40 22198 1
40 19133 1
40 6847 1
40 11969 1
40 11973 1
40 8906 1
40 8908 1
40 10453 2
40 10967 1
40 5339 1
40 21727 1
40 1760 1
40 9170 1
40 751 1
40 8449 1
40 7938 1
40 14595 1
40 3332 1
40 4364 1
40 15119 1
40 9494 1
40 7447 1
40 17688 2
40 14109 1
40 3359 1
40 7463 2
40 3369 1
40 12081 1
40 5429 1
40 7992 1
40 21309 1
40 9023 1
40 6368 1
40 9034 3
40 12624 1
40 12625 1
40 342 1
40 9047 1
40 13658 1
40 16223 2
40 8033 1
40 8551 1
40 18793 1
40 3948 1
40 18809 1
40 16252 1
40 2944 2
40 897 2
40 900 1
40 21898 1
40 9122 1
40 16804 1
40 18853 1
40 22442 2
40 8636 2
40 8641 2
40 4038 1
40 20427 1
40 9167 2
40 19408 1
40 13778 1
40 3553 1
40 3554 1
40 20456 1
40 11249 1
41 1140 1
41 22093 1
41 9038 1
41 12625 1
41 9684 1
41 7062 1
41 21305 1
41 19133 1
