7
6
12
11
9
11
9
13
8
9
5
7
11
7
7
7
9
9
8
8
6
9
9
12
13
8
10
10
15
14
16
11
17
14
24
27
22
18
19
21
28
43
19
22
23
37
29
35
25
24
26
19
14
13
15
15
29
37
45
58
22
22
40
24
26
15
36
27
36
38
23
40
27
29
19
30
14
14
19
25
23
21
27
20
37
22
39
26
23
25
39
23
33
31
38
58
87
72
16
49
47
34
41
35
33
65
54
80
53
24
28
40
40
38
48
45
48
35
101
76
8
10
14
12
14
11
11
7
20
24
34
27
40
35
35
40
52
27
33
13
11
18
18
15
25
30
23
30
24
33
28
62
180
45
45
30
28
34
40
57
55
44
43
46
27
48
43
44
51
27
41
31
25
66
50
61
57
37
44
41
39
14
30
31
40
24
38
25
20
225
27
28
27
27
12
12
17
27
30
18
38
69
40
46
48
56
48
24
19
22
26
24
19
24
